% f evaluations | g evaluations | best noise-free fitness - Fopt (-4.620900000000e+02) + sum g_i+ | measured fitness | best measured fitness or single-digit g-values | x1 | x2...
1 0 +1.853564154e+02 -2.767335846e+02 -2.767335846e+02 +5.9671e-01 -3.8264e-02 +7.4769e-01 +1.6230e+00 -1.3415e-01 -1.3414e-01 +1.6792e+00 +8.6743e-01 -3.6947e-01 +6.4256e-01
60 0 +1.798659313e+02 -2.822240687e+02 -2.822240687e+02 +1.0554e+00 -4.7399e-01 -2.5566e+00 +5.1062e-02 -1.3431e+00 +5.4882e-01 +2.0225e+00 +1.1295e+00 +7.9364e-01 +7.6389e-01
68 0 +1.562611664e+02 -3.058288336e+02 -3.058288336e+02 +4.6701e-01 +1.2618e+00 +7.4287e-01 +1.8236e-01 +1.1076e+00 +9.2186e-01 +2.2678e+00 +1.0404e+00 +9.1969e-01 -1.7316e+00
104 0 +1.299375568e+02 -3.321524432e+02 -3.321524432e+02 +1.2661e-01 -5.7087e-02 -1.5458e+00 +7.8322e-01 +7.6368e-01 +1.0829e+00 +2.4157e+00 +1.6798e+00 +1.1190e+00 -6.5944e-01
143 0 +1.146106497e+02 -3.474793503e+02 -3.474793503e+02 +1.3275e+00 +5.6828e-01 +1.0844e+00 +8.0077e-02 +1.6574e+00 +3.2039e+00 +1.5296e+00 +1.8073e+00 -9.6786e-02 -6.6313e-01
162 0 +1.135915318e+02 -3.484984682e+02 -3.484984682e+02 +5.2458e-01 +6.9251e-01 +2.5047e+00 +4.1761e-02 +2.2088e+00 +1.8622e+00 +2.3670e+00 +1.6452e+00 +7.5810e-01 -1.1317e+00
257 0 +1.001493969e+02 -3.619406031e+02 -3.619406031e+02 +4.7588e-01 +3.1397e+00 +1.1951e+00 -9.1603e-01 +3.9433e-01 +1.1552e+00 +1.9602e+00 +2.5520e+00 +7.2654e-01 +3.3777e-01
262 0 +9.794631492e+01 -3.641436851e+02 -3.641436851e+02 +6.0433e-01 +3.2988e+00 +1.5511e+00 -3.2354e-01 +9.3774e-03 +1.7532e+00 +2.0537e+00 +2.9031e+00 +1.5172e+00 -5.9650e-01
439 0 +9.477544704e+01 -3.673145530e+02 -3.673145530e+02 +3.6152e-01 -3.5832e-01 +2.0699e+00 +1.6118e+00 +1.2145e+00 +2.1463e+00 +1.4133e+00 +2.4367e+00 +1.1280e+00 +5.1608e-02
444 0 +6.469966340e+01 -3.973903366e+02 -3.973903366e+02 +3.7469e-01 +2.3627e+00 -1.3395e-01 +6.6311e-01 +5.8362e-01 +1.0958e+00 +2.5443e+00 +3.6524e+00 +1.9033e+00 -2.2020e-01
772 0 +5.712024203e+01 -4.049697580e+02 -4.049697580e+02 +5.7579e-01 +2.4528e+00 +8.3460e-01 -1.2115e+00 +2.2694e+00 +2.6442e+00 +1.9915e+00 +2.0449e+00 +1.4117e+00 +3.6155e-01
793 0 +5.379441768e+01 -4.082955823e+02 -4.082955823e+02 +1.5759e-01 +1.4090e+00 +8.7831e-01 +7.9642e-01 +1.5950e+00 +3.2359e+00 +2.4938e+00 +2.5641e+00 +9.6837e-01 +7.4058e-01
1087 0 +5.062207780e+01 -4.114679222e+02 -4.114679222e+02 +1.3865e+00 +2.0149e+00 +1.3484e+00 -3.9199e-02 +1.2473e+00 +2.2297e+00 +1.9939e+00 +2.9930e+00 +9.6614e-01 +4.0337e-02
2119 0 +4.530286051e+01 -4.167871395e+02 -4.167871395e+02 +1.4327e+00 +2.5790e+00 +1.3478e+00 +7.6479e-01 +1.8054e+00 +2.1696e+00 +2.1428e+00 +2.5557e+00 +1.0356e+00 +1.3577e-01
2357 0 +3.821110845e+01 -4.238788916e+02 -4.238788916e+02 +1.2953e+00 +2.1862e+00 +1.2746e+00 +7.7703e-01 +1.6347e+00 +1.7065e+00 +2.1386e+00 +2.2644e+00 +9.9451e-01 +3.1305e-01
2401 0 +3.017210385e+01 -4.319178962e+02 -4.319178962e+02 +1.3528e+00 +2.2847e+00 +1.4105e+00 +8.1763e-01 +1.6004e+00 +2.1366e+00 +2.0835e+00 +2.2783e+00 +1.0507e+00 -1.6130e-02
2477 0 +2.264409332e+01 -4.394459067e+02 -4.394459067e+02 +1.3043e+00 +2.3354e+00 +1.4226e+00 +8.2279e-01 +1.6204e+00 +1.6138e+00 +1.9936e+00 +2.6340e+00 +1.0080e+00 +9.0422e-02
% f evaluations | g evaluations | best noise-free fitness - Fopt (7.766000000000e+01) + sum g_i+ | measured fitness | best measured fitness or single-digit g-values | x1 | x2...
1 0 +9.660815261e+02 +1.043741526e+03 +1.043741526e+03 +5.9671e-01 -3.8264e-02 +7.4769e-01 +1.6230e+00 -1.3415e-01 -1.3414e-01 +1.6792e+00 +8.6743e-01 -3.6947e-01 +6.4256e-01
2 0 +3.267643722e+02 +4.044243722e+02 +4.044243722e+02 -3.6342e-01 -3.6573e-01 +3.4196e-01 -1.8133e+00 -1.6249e+00 -4.6229e-01 -9.1283e-01 +4.1425e-01 -8.0802e-01 -1.3123e+00
5 0 +3.023963309e+02 +3.800563309e+02 +3.800563309e+02 +8.3847e-01 +2.7137e-01 -1.5648e-02 -2.0110e-01 -1.3785e+00 -6.1984e-01 -3.6064e-01 +1.1571e+00 +4.4362e-01 -1.6630e+00
8 0 +2.159533632e+02 +2.936133632e+02 +2.936133632e+02 +4.6140e-01 +1.6380e+00 +6.4174e-02 +1.6646e+00 -2.5197e+00 +9.2190e-01 +1.8705e-01 -1.9901e-01 +1.9176e-01 -1.8876e+00
19 0 +1.949667295e+02 +2.726267295e+02 +2.726267295e+02 +7.2567e-01 -7.5716e-01 -9.7089e-01 +5.8247e-01 -1.2346e-01 +8.1400e-01 +5.7324e-01 +2.7171e-02 -7.4679e-01 -1.4148e+00
53 0 +1.680153392e+02 +2.456753392e+02 +2.456753392e+02 +3.0927e-01 -1.0321e+00 -7.6184e-01 -1.0843e+00 +9.8091e-01 -2.1404e-01 +1.5863e-01 +3.3968e-02 -2.4070e-01 -3.0746e+00
59 0 +1.663512041e+02 +2.440112041e+02 +2.440112041e+02 +5.7624e-01 -6.4180e-01 -3.5662e-01 +1.0027e+00 +3.9069e-01 +7.4092e-01 -3.8764e-01 -7.3519e-01 -6.4640e-01 -1.9397e+00
87 0 +1.662698800e+02 +2.439298800e+02 +2.439298800e+02 +2.2601e+00 +9.3886e-01 +2.6865e-01 +1.1293e-01 +7.2217e-01 +2.6475e-01 +6.0945e-02 +1.2385e+00 -6.9138e-02 -1.9793e+00
98 0 +1.430356422e+02 +2.206956422e+02 +2.206956422e+02 -3.2441e-02 +2.2121e-01 -8.7883e-01 +1.0645e+00 +1.0373e+00 +5.3273e-01 +8.3195e-02 -2.1745e-01 -4.3578e-01 -3.5983e+00
144 0 +1.389546291e+02 +2.166146291e+02 +2.166146291e+02 +1.1570e+00 -3.2151e-01 -2.2489e-01 +1.8990e+00 +1.1672e+00 +2.9339e-02 -3.3180e-01 +5.9657e-01 -1.0714e+00 -3.7464e+00
155 0 +1.381719937e+02 +2.158319937e+02 +2.158319937e+02 +6.3521e-01 +1.0284e+00 -3.8857e-01 +1.1667e+00 +8.2674e-01 -1.8336e-01 +2.9976e-01 -7.5389e-01 -5.4885e-01 -2.4479e+00
229 0 +1.211784306e+02 +1.988384306e+02 +1.988384306e+02 +4.1611e-01 -1.6152e+00 +3.9644e-01 +6.3567e-01 +1.8843e+00 -7.9776e-02 -1.5566e+00 +8.7686e-01 -1.5250e+00 -3.5524e+00
295 0 +1.202115788e+02 +1.978715788e+02 +1.978715788e+02 +2.0504e+00 -1.7095e+00 -1.0335e+00 +1.2728e+00 +1.6722e+00 -1.0642e+00 +2.1964e-01 +2.1320e+00 -1.0590e+00 -3.1825e+00
367 0 +1.097856786e+02 +1.874456786e+02 +1.874456786e+02 +3.7537e-01 -2.6523e-01 +5.1451e-01 +2.3015e+00 +8.2148e-01 -5.7832e-01 +3.0340e-01 +2.2612e-01 -7.0372e-01 -4.4776e+00
395 0 +1.056315999e+02 +1.832915999e+02 +1.832915999e+02 +3.2562e-01 -1.7917e+00 +6.9574e-01 +1.3056e+00 +2.4028e+00 +1.2924e-01 -1.7428e+00 +1.8492e+00 -1.9768e-01 -4.0737e+00
452 0 +9.758838177e+01 +1.752483818e+02 +1.752483818e+02 +3.4591e-01 -9.9076e-01 +7.5761e-01 +1.1544e+00 +1.4618e+00 -4.9674e-01 -1.0014e+00 +9.6676e-01 -6.4299e-01 -3.8653e+00
475 0 +9.278396810e+01 +1.704439681e+02 +1.704439681e+02 +6.0715e-01 -3.1451e-01 -1.0389e-01 +1.2440e+00 +7.2443e-01 -1.0527e+00 -6.5122e-01 +4.3764e-02 +1.2979e-01 -2.9821e+00
598 0 +6.773838688e+01 +1.453983869e+02 +1.453983869e+02 +8.9937e-01 -9.2867e-01 +1.2567e+00 +3.9572e+00 +2.3265e+00 -1.6758e-01 +2.5963e-02 +4.3916e-01 -6.3209e-01 -3.2894e+00
648 0 +6.064538637e+01 +1.383053864e+02 +1.383053864e+02 +2.3080e-01 -1.1609e-01 -1.7129e-01 +2.1561e+00 +2.4227e+00 -3.2795e-02 -2.8320e-01 +5.6073e-01 +8.4872e-02 -4.2315e+00
821 0 +5.029902797e+01 +1.279590280e+02 +1.279590280e+02 +6.2775e-01 +9.1527e-04 +1.1419e+00 +4.1598e+00 +1.3737e+00 -1.1057e+00 +5.3965e-01 -2.4216e-01 -8.2688e-01 -3.5304e+00
2128 0 +4.892366251e+01 +1.265836625e+02 +1.265836625e+02 +2.3311e+00 -1.0314e+00 -4.1227e-02 +3.8228e+00 +1.8505e+00 -9.7060e-01 +5.9117e-02 +1.3842e-01 -6.6047e-01 -4.1554e+00
2231 0 +3.638909292e+01 +1.140490929e+02 +1.140490929e+02 +1.3847e+00 -9.5477e-01 +5.1740e-01 +3.4304e+00 +1.7682e+00 -1.0257e+00 +1.6034e-01 +4.3364e-01 -2.3918e-01 -3.4872e+00
% f evaluations | g evaluations | best noise-free fitness - Fopt (1.156800000000e+02) + sum g_i+ | measured fitness | best measured fitness or single-digit g-values | x1 | x2...
1 0 +4.663113385e+02 +5.819913385e+02 +5.819913385e+02 +5.9671e-01 -3.8264e-02 +7.4769e-01 +1.6230e+00 -1.3415e-01 -1.3414e-01 +1.6792e+00 +8.6743e-01 -3.6947e-01 +6.4256e-01
5 0 +4.086425043e+02 +5.243225043e+02 +5.243225043e+02 +8.3847e-01 +2.7137e-01 -1.5648e-02 -2.0110e-01 -1.3785e+00 -6.1984e-01 -3.6064e-01 +1.1571e+00 +4.4362e-01 -1.6630e+00
10 0 +4.078295672e+02 +5.235095672e+02 +5.235095672e+02 +1.9708e-01 +1.0686e+00 -6.0205e-01 -2.2766e-01 -2.9211e-01 -1.3635e+00 +3.9612e-01 +3.6106e-01 +1.0511e-01 -1.3459e-01
11 0 +3.956551217e+02 +5.113351217e+02 +5.113351217e+02 -1.3154e+00 -3.2065e-01 -2.4271e-01 -7.0228e-01 -6.1286e-02 +5.0405e-01 +1.9862e+00 +2.7458e-01 +3.5755e-01 +2.5554e-02
30 0 +3.384790107e+02 +4.541590107e+02 +4.541590107e+02 -1.0812e-01 -3.9300e-01 -4.8936e-01 +9.4960e-01 +4.5702e-01 -5.9291e-01 +9.9960e-01 +4.0730e-01 +9.1286e-01 +7.2963e-01
42 0 +2.899113119e+02 +4.055913119e+02 +4.055913119e+02 +8.1161e-01 -1.0246e+00 -1.4341e+00 +1.3777e+00 +4.3231e-01 -6.4849e-01 +1.6512e+00 +2.1567e-01 +1.2793e+00 +1.6752e-01
62 0 +2.802626187e+02 +3.959426187e+02 +3.959426187e+02 -2.5878e-01 -1.3540e+00 -1.2745e+00 -2.1269e-01 -1.1269e-01 -3.5735e-01 +2.4143e+00 +1.7525e-01 +2.9058e+00 -2.9775e-01
75 0 +2.329901410e+02 +3.486701410e+02 +3.486701410e+02 +2.2612e+00 -1.0095e+00 -2.0744e+00 +1.4750e+00 +1.0752e+00 -5.0034e-01 +1.2366e+00 +2.2342e-01 +1.6606e+00 -9.1682e-01
101 0 +1.937106536e+02 +3.093906536e+02 +3.093906536e+02 +1.6738e+00 -4.1257e-01 -1.1278e+00 +3.6967e+00 +9.2932e-01 -3.0664e-01 +2.0306e+00 +9.3154e-01 +3.2385e+00 -1.6901e+00
112 0 +1.471829190e+02 +2.628629190e+02 +2.628629190e+02 +1.9341e+00 -1.1632e+00 -2.1134e+00 +1.9954e+00 +2.0891e+00 -1.5780e+00 +3.8377e+00 +2.8222e+00 +3.1386e+00 -3.0061e-01
259 0 +1.297767840e+02 +2.454567840e+02 +2.454567840e+02 -1.8479e+00 -1.0226e+00 -2.6856e+00 +2.9310e+00 +1.9514e+00 -4.5054e+00 +2.8986e+00 +1.9685e+00 +3.0538e+00 -1.8919e+00
474 0 +1.218187798e+02 +2.374987798e+02 +2.374987798e+02 +1.1147e-01 -8.0989e-01 -3.0792e+00 +1.2064e+00 +2.1334e+00 -2.1716e+00 +3.1782e+00 +1.9788e+00 +2.3148e+00 -1.3596e+00
543 0 +1.095750916e+02 +2.252550916e+02 +2.252550916e+02 +1.0784e+00 -1.9272e+00 -1.1041e+00 +2.4689e+00 +2.5106e+00 -3.2660e+00 +1.8582e+00 +1.7592e+00 +1.8556e+00 -1.8772e+00
599 0 +1.064563942e+02 +2.221363942e+02 +2.221363942e+02 +1.3297e+00 -2.3683e+00 -2.9647e+00 +3.2735e+00 +3.0039e+00 -4.5669e+00 +2.6602e+00 +2.4675e+00 +2.8954e+00 -2.0012e+00
630 0 +9.068258720e+01 +2.063625872e+02 +2.063625872e+02 +1.3292e+00 -1.7689e+00 -4.9847e-01 +3.0978e+00 +2.2980e+00 -2.7658e+00 +1.9781e+00 +2.3982e+00 +3.4433e+00 -1.9660e+00
708 0 +7.569109727e+01 +1.913710973e+02 +1.913710973e+02 +1.2572e+00 -2.5675e+00 -1.7745e+00 +2.5130e+00 +3.5877e+00 -4.2477e+00 +2.9530e+00 +1.9798e+00 +3.7529e+00 -1.9457e+00
812 0 +6.494092072e+01 +1.806209207e+02 +1.806209207e+02 +1.4312e+00 -1.6858e+00 -6.1548e-01 +1.2141e+00 +3.5843e+00 -3.6672e+00 +3.0892e+00 +2.7431e+00 +3.9080e+00 -2.5318e+00
1037 0 +5.632080332e+01 +1.720008033e+02 +1.720008033e+02 +1.1754e+00 -1.0550e+00 -2.5731e-01 +2.8917e+00 +3.4353e+00 -3.7532e+00 +3.0046e+00 +2.3797e+00 +3.8825e+00 -2.2674e+00
1241 0 +4.347335339e+01 +1.591533534e+02 +1.591533534e+02 +1.4230e+00 -2.5240e-01 -6.4168e-01 +2.4739e+00 +2.9437e+00 -3.3106e+00 +3.1278e+00 +2.3879e+00 +3.1035e+00 -1.9664e+00
2248 0 +4.062373159e+01 +1.563037316e+02 +1.563037316e+02 +2.3882e-01 -1.0937e-01 -5.9084e-01 +3.7853e+00 +2.8764e+00 -3.9181e+00 +3.1860e+00 +2.4526e+00 +3.8652e+00 -2.2578e+00
% f evaluations | g evaluations | best noise-free fitness - Fopt (-3.710000000000e+00) + sum g_i+ | measured fitness | best measured fitness or single-digit g-values | x1 | x2...
1 0 +1.283811730e+03 +1.280101730e+03 +1.280101730e+03 +5.9671e-01 -3.8264e-02 +7.4769e-01 +1.6230e+00 -1.3415e-01 -1.3414e-01 +1.6792e+00 +8.6743e-01 -3.6947e-01 +6.4256e-01
2 0 +4.597740225e+02 +4.560640225e+02 +4.560640225e+02 -3.6342e-01 -3.6573e-01 +3.4196e-01 -1.8133e+00 -1.6249e+00 -4.6229e-01 -9.1283e-01 +4.1425e-01 -8.0802e-01 -1.3123e+00
3 0 +4.038094646e+02 +4.000994646e+02 +4.000994646e+02 +1.5656e+00 -1.2578e-01 +1.6753e-01 -1.3247e+00 -4.4438e-01 +2.1092e-01 -1.0510e+00 +4.7570e-01 -5.0064e-01 -1.9169e-01
4 0 +3.738814481e+02 +3.701714481e+02 +3.701714481e+02 -5.0171e-01 +1.9523e+00 +8.6503e-02 -9.5771e-01 +9.2254e-01 -1.1208e+00 +3.0886e-01 -1.8597e+00 -1.2282e+00 +2.9686e-01
6 0 +2.289166342e+02 +2.252066342e+02 +2.252066342e+02 +4.2408e-01 -2.8508e-01 -5.7692e-01 +7.1168e-01 +1.1310e+00 +1.0313e+00 -7.3922e-01 -2.0921e-01 +4.3126e-01 +1.0755e+00
12 0 +1.945385258e+02 +1.908285258e+02 +1.908285258e+02 -1.8188e+00 +7.3486e-02 +1.6023e-01 +2.5632e+00 -9.2361e-02 +4.0155e-01 +6.5288e-02 -1.0687e+00 +1.2428e+00 +8.5193e-01
60 0 +1.872368862e+02 +1.835268862e+02 +1.835268862e+02 +7.0210e-01 +1.2741e+00 -2.2698e-01 +1.3382e+00 +2.7731e-01 +9.8766e-01 -8.1636e-02 -1.1335e+00 +1.6014e+00 +9.5457e-01
77 0 +1.817313214e+02 +1.780213214e+02 +1.780213214e+02 +5.6392e-01 -2.0782e-01 +1.4428e+00 +1.9939e+00 +2.3283e+00 +1.8923e+00 -2.8391e-01 -1.4635e+00 +1.9820e+00 -8.4229e-01
105 0 +1.783542941e+02 +1.746442941e+02 +1.746442941e+02 +1.2982e+00 +1.4987e+00 +3.8309e-01 +5.6990e-01 +1.5911e+00 +2.8071e+00 -7.0405e-01 +1.6949e-01 +1.9663e+00 +5.8088e-01
107 0 +1.522048356e+02 +1.484948356e+02 +1.484948356e+02 +1.3515e+00 +4.1286e-01 +7.1877e-01 +3.7933e-01 +2.0825e+00 +2.1785e+00 -6.3209e-01 -1.9622e+00 +2.3142e+00 -1.1703e+00
177 0 +1.094316105e+02 +1.057216105e+02 +1.057216105e+02 -6.5344e-01 +2.6439e-01 +5.6096e-01 +2.0063e+00 +2.3770e+00 +1.5078e+00 +1.8988e-01 -2.0141e+00 +2.0141e+00 +1.0450e+00
470 0 +1.004804638e+02 +9.677046376e+01 +9.677046376e+01 -1.1838e-01 -2.4928e+00 -1.9122e-01 +3.1973e+00 +2.7007e+00 +4.6513e+00 -3.8420e-01 -2.0027e+00 +1.5940e+00 +5.0544e-01
482 0 +9.490770262e+01 +9.119770262e+01 +9.119770262e+01 +1.9847e+00 +3.7543e-01 -3.3562e-01 +3.6429e+00 +1.4640e+00 +3.5839e+00 -2.8891e-01 -2.3972e+00 +1.5482e+00 -5.2934e-01
678 0 +9.458520547e+01 +9.087520547e+01 +9.087520547e+01 +1.1600e+00 -9.7416e-01 +1.1089e+00 +4.9761e+00 +2.4705e+00 +3.7974e+00 -1.0676e+00 -1.9694e+00 +1.6755e+00 +3.9058e-01
733 0 +8.585130169e+01 +8.214130169e+01 +8.214130169e+01 +2.6570e-01 -2.1991e+00 +4.4529e-01 +1.7591e+00 +1.4623e+00 +2.2213e+00 -4.3891e-01 -1.6848e+00 +1.6121e+00 -1.1981e-02
746 0 +7.724593344e+01 +7.353593344e+01 +7.353593344e+01 +3.0684e-02 +2.4501e-01 +1.6005e+00 +2.7990e+00 +2.3622e+00 +4.2012e+00 -2.4573e-01 -1.9788e+00 +2.1293e+00 +6.7608e-01
836 0 +7.692366197e+01 +7.321366197e+01 +7.321366197e+01 +8.4879e-02 -1.4553e+00 +1.7917e+00 +2.9276e+00 +2.5588e+00 +3.7457e+00 -1.9909e-01 -1.9833e+00 +1.2948e+00 +1.2883e-01
844 0 +7.116164935e+01 +6.745164935e+01 +6.745164935e+01 +1.3137e+00 -5.4131e-01 +9.0661e-01 +3.2915e+00 +1.9011e+00 +4.1878e+00 -3.5019e-01 -2.0752e+00 +1.8530e+00 -6.3877e-02
965 0 +6.957429210e+01 +6.586429210e+01 +6.586429210e+01 +1.1234e+00 -6.6774e-01 +1.7409e+00 +2.6476e+00 +2.0293e+00 +3.7670e+00 -1.1350e+00 -1.9180e+00 +1.3268e+00 -5.3792e-02
1538 0 +6.421618025e+01 +6.050618025e+01 +6.050618025e+01 +1.3302e+00 -2.2214e+00 +3.5354e-01 +4.8131e+00 +2.0176e+00 +3.6351e+00 -1.7215e-01 -1.4513e+00 +1.5760e+00 +9.7327e-01
1708 0 +6.182656505e+01 +5.811656505e+01 +5.811656505e+01 +1.5056e+00 -1.2947e+00 +5.0388e-01 +3.9598e+00 +2.4721e+00 +4.2076e+00 -2.8866e-01 -2.3176e+00 +2.1240e+00 +9.9610e-01
1971 0 +5.516360435e+01 +5.145360435e+01 +5.145360435e+01 +1.3003e+00 -1.3608e+00 +7.4585e-01 +3.1645e+00 +2.5789e+00 +3.6363e+00 -3.0800e-01 -2.4309e+00 +1.7280e+00 +6.8412e-01
% f evaluations | g evaluations | best noise-free fitness - Fopt (1.321800000000e+02) + sum g_i+ | measured fitness | best measured fitness or single-digit g-values | x1 | x2...
1 0 +1.741069028e+02 +3.062869028e+02 +3.062869028e+02 +5.9671e-01 -3.8264e-02 +7.4769e-01 +1.6230e+00 -1.3415e-01 -1.3414e-01 +1.6792e+00 +8.6743e-01 -3.6947e-01 +6.4256e-01
9 0 +1.635570621e+02 +2.957370621e+02 +2.957370621e+02 -1.1967e-01 +4.5711e-01 +1.5779e+00 -4.1827e-01 -7.0849e-01 -4.0176e-01 +1.0154e+00 +4.2875e-01 -4.2976e-01 +6.1327e-01
30 0 +1.409925261e+02 +2.731725261e+02 +2.731725261e+02 -1.0812e-01 -3.9300e-01 -4.8936e-01 +9.4960e-01 +4.5702e-01 -5.9291e-01 +9.9960e-01 +4.0730e-01 +9.1286e-01 +7.2963e-01
61 0 +1.056027012e+02 +2.377827012e+02 +2.377827012e+02 +1.8411e+00 +5.1147e-02 +1.2882e+00 -3.0810e-01 +9.8443e-01 -6.0872e-01 +9.8926e-01 +1.5388e-01 +1.9837e-01 +1.1255e+00
191 0 +1.036101703e+02 +2.357901703e+02 +2.357901703e+02 -4.1632e-01 -7.4281e-03 +1.0911e+00 -1.2334e+00 +5.2209e-02 -6.2723e-02 +1.3133e+00 -6.7151e-01 +5.3428e-01 +1.5534e+00
225 0 +9.526440435e+01 +2.274444044e+02 +2.274444044e+02 +1.7163e+00 +1.4264e+00 +3.3136e+00 -2.4596e+00 +1.9719e+00 -1.7038e+00 +2.3847e+00 -2.8612e-01 +1.0701e+00 +9.4510e-01
558 0 +7.471936239e+01 +2.068993624e+02 +2.068993624e+02 +9.7785e-01 -9.6570e-02 +3.3817e+00 -3.2849e+00 +1.8145e+00 -1.5006e+00 +1.6966e+00 +8.7876e-01 +4.7125e-01 +4.4965e-01
588 0 +7.120394083e+01 +2.033839408e+02 +2.033839408e+02 +2.9649e+00 -1.0729e-01 +2.5509e+00 -7.0285e-01 +1.0157e+00 -1.4828e+00 +2.1850e+00 +4.0459e-01 +9.6719e-01 -2.6471e-01
686 0 +5.398988894e+01 +1.861698889e+02 +1.861698889e+02 +9.2256e-01 +5.3672e-01 +1.9189e+00 -2.0148e+00 +1.8801e+00 -1.1354e+00 +2.2110e+00 +2.0320e-02 -1.0885e-01 +7.4144e-01
1413 0 +4.962940352e+01 +1.818094035e+02 +1.818094035e+02 +1.6085e+00 +1.2115e+00 +2.7699e+00 -2.0237e+00 +1.4015e+00 -1.6997e+00 +1.7058e+00 +1.3237e-01 +9.6815e-01 +3.9446e-01
2050 0 +3.492754355e+01 +1.671075436e+02 +1.671075436e+02 +1.8993e+00 +5.4988e-01 +2.5320e+00 -1.9029e+00 +1.6594e+00 -1.0613e+00 +2.2612e+00 +4.4292e-01 +5.6732e-01 +4.1536e-01
% f evaluations | g evaluations | best noise-free fitness - Fopt (-3.930000000000e+01) + sum g_i+ | measured fitness | best measured fitness or single-digit g-values | x1 | x2...
1 0 +3.455688871e+02 +3.062688871e+02 +3.062688871e+02 +5.9671e-01 -3.8264e-02 +7.4769e-01 +1.6230e+00 -1.3415e-01 -1.3414e-01 +1.6792e+00 +8.6743e-01 -3.6947e-01 +6.4256e-01
5 0 +2.715103742e+02 +2.322103742e+02 +2.322103742e+02 +8.3847e-01 +2.7137e-01 -1.5648e-02 -2.0110e-01 -1.3785e+00 -6.1984e-01 -3.6064e-01 +1.1571e+00 +4.4362e-01 -1.6630e+00
52 0 +2.141229008e+02 +1.748229008e+02 +1.748229008e+02 +1.5523e+00 -3.4479e-01 -1.8241e-02 +1.3073e+00 +7.3744e-01 -1.5060e+00 +8.2911e-01 -1.0703e+00 +1.5022e+00 -1.8907e+00
111 0 +2.138909159e+02 +1.745909159e+02 +1.745909159e+02 -4.9281e-01 +1.8464e-01 +2.7059e-02 +5.1198e-01 +1.4202e-01 -1.9174e+00 +1.8438e+00 -7.8103e-01 +3.4671e-01 -2.1862e+00
121 0 +2.128266865e+02 +1.735266865e+02 +1.735266865e+02 +1.9105e+00 -8.4753e-01 -1.7951e+00 +3.7517e-01 +4.2793e-01 -7.9808e-01 +3.1880e+00 +8.1746e-01 +7.8722e-01 -4.9644e+00
134 0 +1.949931690e+02 +1.556931690e+02 +1.556931690e+02 +7.5186e-01 +3.0739e-01 -4.6092e-01 +1.3039e+00 +1.0366e+00 -1.7398e+00 +6.6794e-01 +5.2010e-01 +7.8826e-01 -3.8150e+00
142 0 +1.473767273e+02 +1.080767273e+02 +1.080767273e+02 +2.4118e+00 -1.2232e+00 -5.7960e-02 +2.3260e+00 -5.9895e-02 -2.6984e+00 +1.0683e+00 +5.7711e-02 +7.3543e-01 -2.6691e+00
268 0 +1.354151025e+02 +9.611510255e+01 +9.611510255e+01 -6.3931e-01 +6.3360e-01 -1.3371e+00 +4.6110e+00 -1.3431e+00 -9.3892e-01 +2.3005e+00 +2.9835e+00 +8.8343e-01 -2.8008e+00
381 0 +1.316396046e+02 +9.233960459e+01 +9.233960459e+01 +2.4597e+00 +1.4441e-01 +1.0374e+00 +4.0142e+00 -9.2908e-01 -2.3561e+00 +3.0652e+00 +2.5641e+00 +3.5577e-01 -3.5541e+00
403 0 +1.259318763e+02 +8.663187631e+01 +8.663187631e+01 +2.4564e+00 +1.2903e+00 +1.0833e+00 +3.1707e+00 -5.5547e-01 -1.9708e+00 +1.3050e+00 +2.7522e+00 +1.3727e-01 -3.1176e+00
415 0 +1.168789527e+02 +7.757895275e+01 +7.757895275e+01 +6.3260e-01 +9.1545e-01 +9.1294e-01 +3.9892e+00 +2.2815e-01 -2.1295e+00 +2.0414e+00 +2.5794e+00 +1.0247e+00 -2.7004e+00
435 0 +1.146532443e+02 +7.535324432e+01 +7.535324432e+01 +1.4042e+00 -1.2950e+00 +1.0090e+00 -7.3712e-02 -8.1420e-01 -2.0608e+00 +2.6667e+00 +2.5784e+00 +4.2495e-02 -3.3525e+00
531 0 +9.212660920e+01 +5.282660920e+01 +5.282660920e+01 +1.5177e-01 -1.2828e+00 +3.1579e-02 +4.5617e+00 -6.1651e-01 -3.1893e+00 +2.3036e+00 +1.9994e+00 +1.3618e+00 -4.3374e+00
547 0 +8.740257227e+01 +4.810257227e+01 +4.810257227e+01 +3.2604e-01 -1.2380e+00 +1.5872e+00 +2.7930e+00 -4.5867e-02 -1.6643e+00 +2.6892e+00 +2.0246e+00 +1.0789e+00 -2.6431e+00
627 0 +8.651152086e+01 +4.721152086e+01 +4.721152086e+01 +1.0358e+00 -2.2246e+00 +2.1496e+00 +1.4787e+00 -1.2331e-01 -3.5289e+00 +3.0263e+00 +2.9198e+00 +1.5387e+00 -4.3745e+00
830 0 +7.324416985e+01 +3.394416985e+01 +3.394416985e+01 +7.1249e-01 -1.1587e+00 +1.6691e+00 +3.6320e+00 +4.1557e-01 -2.0832e+00 +2.9296e+00 +2.0881e+00 +1.7771e+00 -3.7682e+00
858 0 +5.147689554e+01 +1.217689554e+01 +1.217689554e+01 +9.2273e-01 -1.4165e+00 +7.2424e-01 +3.4020e+00 +4.0723e-01 -2.5390e+00 +3.1650e+00 +1.7500e+00 +1.4400e+00 -3.0757e+00
898 0 +4.279049596e+01 +3.490495960e+00 +3.490495960e+00 +1.5413e+00 -3.3158e-01 +8.1499e-01 +3.2044e+00 +9.3747e-01 -2.6089e+00 +3.1179e+00 +1.6432e+00 +1.7972e+00 -3.0043e+00
% f evaluations | g evaluations | best noise-free fitness - Fopt (4.296000000000e+01) + sum g_i+ | measured fitness | best measured fitness or single-digit g-values | x1 | x2...
1 0 +1.128380150e+03 +1.171340150e+03 +1.171340150e+03 +5.9671e-01 -3.8264e-02 +7.4769e-01 +1.6230e+00 -1.3415e-01 -1.3414e-01 +1.6792e+00 +8.6743e-01 -3.6947e-01 +6.4256e-01
2 0 +2.399413221e+02 +2.829013221e+02 +2.829013221e+02 -3.6342e-01 -3.6573e-01 +3.4196e-01 -1.8133e+00 -1.6249e+00 -4.6229e-01 -9.1283e-01 +4.1425e-01 -8.0802e-01 -1.3123e+00
4 0 +1.885418751e+02 +2.315018751e+02 +2.315018751e+02 -5.0171e-01 +1.9523e+00 +8.6503e-02 -9.5771e-01 +9.2254e-01 -1.1208e+00 +3.0886e-01 -1.8597e+00 -1.2282e+00 +2.9686e-01
10 0 +1.732621617e+02 +2.162221617e+02 +2.162221617e+02 +1.9708e-01 +1.0686e+00 -6.0205e-01 -2.2766e-01 -2.9211e-01 -1.3635e+00 +3.9612e-01 +3.6106e-01 +1.0511e-01 -1.3459e-01
25 0 +1.376321026e+02 +1.805921026e+02 +1.805921026e+02 -6.9252e-01 -1.4736e-02 +6.0499e-01 +9.6576e-01 -1.1003e+00 -2.3450e-01 -3.7495e-01 -5.5333e-01 +1.8655e+00 +5.0498e-01
63 0 +1.320598081e+02 +1.750198081e+02 +1.750198081e+02 -1.0919e+00 +9.7259e-02 -1.7411e+00 +1.9113e-01 +4.2491e-01 -1.1863e+00 -2.6477e-01 -7.5582e-01 +1.1224e+00 +1.5200e+00
64 0 +1.179868881e+02 +1.609468881e+02 +1.609468881e+02 -2.3258e-02 +1.4392e+00 +4.7909e-01 +9.5523e-01 +2.3670e-01 -1.1269e+00 -3.0704e-01 +7.3419e-02 +1.5600e-01 +5.3764e-01
152 0 +1.036441575e+02 +1.466041575e+02 +1.466041575e+02 -2.9419e-01 +1.7300e+00 -1.1211e+00 +1.7177e+00 -2.1857e-01 -4.5678e-01 -6.4320e-01 -2.4475e+00 +7.2028e-01 +8.7640e-01
164 0 +9.369406914e+01 +1.366540691e+02 +1.366540691e+02 -1.4370e+00 +8.2592e-01 -1.0191e+00 +1.4343e+00 +8.6254e-01 -3.3289e+00 +2.2202e-01 -1.9266e+00 +1.4213e+00 +7.6150e-01
443 0 +8.069316981e+01 +1.236531698e+02 +1.236531698e+02 -4.9642e-01 +2.4220e+00 +1.2373e+00 -6.2527e-01 -8.6896e-01 -2.8001e+00 -1.8608e-01 -1.5427e+00 +1.0021e+00 +6.3536e-01
593 0 +7.500621567e+01 +1.179662157e+02 +1.179662157e+02 +1.3692e+00 +1.4945e-01 +1.3168e+00 +5.1979e-01 -8.5248e-01 -2.1960e+00 -6.0495e-01 -2.0645e+00 +1.7683e+00 +1.0779e+00
1211 0 +6.467285114e+01 +1.076328511e+02 +1.076328511e+02 +8.9075e-01 +1.6065e+00 +1.8890e+00 +1.9486e+00 +2.2457e-01 -2.2241e+00 -1.7988e-01 -1.2055e+00 +8.2888e-01 +2.6660e-01
1443 0 +5.742560160e+01 +1.003856016e+02 +1.003856016e+02 +5.6019e-01 +1.6901e+00 +1.6960e+00 +2.1962e+00 +2.9644e-01 -3.3516e+00 -1.1319e-01 -1.6266e+00 +1.1960e+00 +9.0608e-01
1646 0 +5.116715827e+01 +9.412715827e+01 +9.412715827e+01 +3.1677e-01 +1.8111e+00 +1.4255e+00 +1.8342e+00 +1.6557e-01 -2.6750e+00 -2.1313e-01 -1.5292e+00 +1.1267e+00 +5.7943e-01
1704 0 +4.897629680e+01 +9.193629680e+01 +9.193629680e+01 +4.3923e-01 +7.0992e-01 +1.8876e+00 +1.6849e+00 +5.3771e-01 -2.7929e+00 -9.5442e-02 -1.5711e+00 +1.1193e+00 +2.8037e-01
% f evaluations | g evaluations | best noise-free fitness - Fopt (2.842200000000e+02) + sum g_i+ | measured fitness | best measured fitness or single-digit g-values | x1 | x2...
1 0 +2.872070476e+02 +5.714270476e+02 +5.714270476e+02 +5.9671e-01 -3.8264e-02 +7.4769e-01 +1.6230e+00 -1.3415e-01 -1.3414e-01 +1.6792e+00 +8.6743e-01 -3.6947e-01 +6.4256e-01
8 0 +2.785682463e+02 +5.627882463e+02 +5.627882463e+02 +4.6140e-01 +1.6380e+00 +6.4174e-02 +1.6646e+00 -2.5197e+00 +9.2190e-01 +1.8705e-01 -1.9901e-01 +1.9176e-01 -1.8876e+00
36 0 +2.186614458e+02 +5.028814458e+02 +5.028814458e+02 +4.1091e-01 +1.5754e+00 +9.5766e-01 -5.9939e-02 +8.0984e-02 -9.0253e-01 +8.1487e-02 -1.8866e-01 +4.2272e-01 -7.2723e-01
64 0 +2.102904255e+02 +4.945104255e+02 +4.945104255e+02 +8.7638e-01 +7.5624e-01 -3.2361e-01 +1.9989e+00 +1.0093e-01 -1.3700e+00 +5.6707e-01 -1.6103e+00 -3.8408e-01 -1.5888e+00
79 0 +1.907026018e+02 +4.749226018e+02 +4.749226018e+02 +8.3926e-01 -3.1169e-01 -4.0298e-01 -1.0816e-01 +1.1209e+00 -1.8797e+00 -2.2176e-02 -2.3892e-01 +2.7504e-01 -1.2459e+00
124 0 +1.803961964e+02 +4.646161964e+02 +4.646161964e+02 -9.0910e-01 +7.3737e-01 -1.8776e+00 -1.8675e+00 +1.0099e+00 -2.0956e+00 +2.3745e+00 -5.0147e-01 -3.7408e-02 -2.8450e+00
138 0 +1.445983750e+02 +4.288183750e+02 +4.288183750e+02 -9.2464e-01 +5.8003e-01 -1.8782e+00 +1.3757e+00 +1.7549e-01 -9.6594e-01 +2.3580e+00 -2.6659e-01 -5.8779e-02 -2.5950e+00
178 0 +1.425654760e+02 +4.267854760e+02 +4.267854760e+02 -3.8514e-01 +2.8753e+00 -2.1999e+00 +5.5723e-01 +1.0521e-01 -2.4763e+00 +2.1973e+00 +9.7868e-01 +6.3698e-01 -2.3126e+00
306 0 +1.195443420e+02 +4.037643420e+02 +4.037643420e+02 +1.4407e+00 -1.4721e+00 +8.7309e-01 +2.3587e+00 +1.7089e+00 -2.2517e+00 +2.4805e+00 -1.4897e-01 +2.2953e-01 -3.5374e+00
519 0 +1.048977441e+02 +3.891177441e+02 +3.891177441e+02 +4.7348e-01 -1.1066e+00 +4.8960e-01 +2.8051e+00 -2.4720e-02 -3.3808e+00 +1.6439e+00 +2.4490e+00 -5.5774e-02 -3.6019e+00
624 0 +8.687264877e+01 +3.710926488e+02 +3.710926488e+02 +1.3387e-01 +6.6965e-01 +2.5730e-01 +1.4799e+00 +4.4381e-01 -3.1208e+00 +2.8323e+00 +1.6962e+00 -2.3094e-01 -2.7382e+00
775 0 +8.678196560e+01 +3.710019656e+02 +3.710019656e+02 +2.6303e-01 -3.6273e-01 +3.7966e-01 +1.6499e+00 +5.8954e-01 -3.1984e+00 +1.6586e+00 +1.3692e+00 +2.3693e-01 -2.9466e+00
879 0 +7.725368431e+01 +3.614736843e+02 +3.614736843e+02 +1.2615e+00 -1.7861e+00 +9.0046e-02 +2.2723e+00 +1.6942e+00 -3.5011e+00 +1.7034e+00 +4.8054e-01 +8.9231e-02 -2.8876e+00
1032 0 +5.823572401e+01 +3.424557240e+02 +3.424557240e+02 +1.0808e+00 +5.2603e-01 +4.4539e-01 +2.8517e+00 +1.2798e+00 -3.0540e+00 +2.3689e+00 +9.0377e-01 -1.9613e-01 -3.2288e+00
1393 0 +5.589643010e+01 +3.401164301e+02 +3.401164301e+02 +1.9904e+00 -2.3790e-01 -2.3777e-01 +3.0210e+00 +5.7275e-01 -3.9406e+00 +2.4833e+00 +1.7534e+00 +2.6683e-01 -3.4797e+00
1925 0 +5.358434913e+01 +3.378043491e+02 +3.378043491e+02 +1.1488e+00 -1.1533e+00 +1.0165e+00 +3.2226e+00 +1.1913e+00 -4.1608e+00 +2.9276e+00 +9.3924e-01 +1.0336e-01 -2.8767e+00
2464 0 +5.167488034e+01 +3.358948803e+02 +3.358948803e+02 +1.1044e+00 -2.6687e-01 +9.1823e-01 +2.2515e+00 +1.2612e+00 -3.4045e+00 +3.0971e+00 +9.2354e-01 +3.7871e-01 -2.5809e+00
% f evaluations | g evaluations | best noise-free fitness - Fopt (-3.217000000000e+01) + sum g_i+ | measured fitness | best measured fitness or single-digit g-values | x1 | x2...
1 0 +1.254530934e+03 +1.222360934e+03 +1.222360934e+03 +5.9671e-01 -3.8264e-02 +7.4769e-01 +1.6230e+00 -1.3415e-01 -1.3414e-01 +1.6792e+00 +8.6743e-01 -3.6947e-01 +6.4256e-01
2 0 +2.988261007e+02 +2.666561007e+02 +2.666561007e+02 -3.6342e-01 -3.6573e-01 +3.4196e-01 -1.8133e+00 -1.6249e+00 -4.6229e-01 -9.1283e-01 +4.1425e-01 -8.0802e-01 -1.3123e+00
5 0 +2.684744231e+02 +2.363044231e+02 +2.363044231e+02 +8.3847e-01 +2.7137e-01 -1.5648e-02 -2.0110e-01 -1.3785e+00 -6.1984e-01 -3.6064e-01 +1.1571e+00 +4.4362e-01 -1.6630e+00
7 0 +2.291453874e+02 +1.969753874e+02 +1.969753874e+02 -3.7917e-01 -8.5659e-02 -1.0063e+00 -1.0962e+00 +9.1253e-01 +1.4562e+00 +2.7990e-02 +1.1035e+00 +4.6164e-01 -5.4512e-01
20 0 +2.283004189e+02 +1.961304189e+02 +1.961304189e+02 -3.4651e-01 +9.5640e-01 +3.1409e-01 -1.1457e+00 +2.7318e-01 +4.8532e-01 -7.8386e-01 +2.5373e-01 +1.5821e-01 -1.0430e+00
37 0 +2.272136698e+02 +1.950436698e+02 +1.950436698e+02 +6.1935e-01 +1.6327e+00 -8.7601e-03 +5.0171e-01 +7.9014e-01 -3.0122e-01 +3.2409e-01 +1.1259e-01 +1.9768e-01 -6.7301e-01
43 0 +2.188937530e+02 +1.867237530e+02 +1.867237530e+02 +2.1607e+00 +1.8553e+00 -1.4896e-01 +1.0716e+00 +7.4538e-01 +1.4686e+00 -8.6492e-01 +7.8605e-01 +1.1584e+00 -1.6587e+00
55 0 +2.146345012e+02 +1.824645012e+02 +1.824645012e+02 +4.3808e-01 -1.1098e+00 -1.0810e+00 +1.0597e+00 -1.3746e+00 +5.0408e-01 -1.1554e-01 +8.9756e-01 +4.9288e-01 -8.1982e-01
68 0 +1.990251470e+02 +1.668551470e+02 +1.668551470e+02 +1.0656e+00 +2.0064e+00 +5.3152e-01 +5.1619e-01 +6.0250e-01 +9.0854e-01 -6.8207e-01 -3.5183e-02 +1.9636e-02 -1.5280e+00
92 0 +1.773794968e+02 +1.452094968e+02 +1.452094968e+02 -8.5637e-01 +1.0424e+00 -8.7381e-01 +5.8484e-01 +1.6590e+00 +2.1828e+00 -7.9594e-01 +1.6161e+00 +1.2055e+00 -1.2958e+00
96 0 +1.603435212e+02 +1.281735212e+02 +1.281735212e+02 +2.7893e-01 +6.4764e-02 -5.6146e-01 -6.0819e-01 +4.1417e-01 -7.3528e-01 -6.6867e-01 +2.1348e+00 +1.0100e+00 -2.0211e+00
103 0 +1.591144980e+02 +1.269444980e+02 +1.269444980e+02 -1.3000e-01 +1.6524e+00 -2.5976e+00 +3.5418e-01 +1.4649e+00 +2.0673e+00 -5.3016e-01 +2.6268e+00 -5.8842e-01 -2.7525e+00
126 0 +1.566588887e+02 +1.244888887e+02 +1.244888887e+02 +3.6544e-01 +1.5728e-01 +5.0652e-01 -1.0048e+00 +1.4260e+00 +1.6698e+00 -1.7503e+00 +4.0412e+00 +3.5933e-01 -1.7229e+00
141 0 +1.514380755e+02 +1.192680755e+02 +1.192680755e+02 -5.0793e-01 +1.1085e+00 +3.7263e-01 +6.3243e-01 +9.0206e-01 -3.8290e-01 -1.2597e+00 +1.7234e+00 +7.2518e-01 -3.7125e+00
164 0 +1.327895507e+02 +1.006195507e+02 +1.006195507e+02 +1.4560e+00 +4.8948e-01 -1.1750e+00 -9.9510e-01 +2.2625e+00 +5.6251e-01 -7.7372e-01 +2.1498e+00 +2.8387e-01 -3.2601e+00
195 0 +1.093053541e+02 +7.713535410e+01 +7.713535410e+01 -3.1541e-01 -7.7910e-01 -1.0160e+00 -3.8390e-01 +1.2588e+00 +5.5564e-01 +3.9657e-01 +9.2500e-01 +6.5341e-02 -2.6655e+00
392 0 +1.037761292e+02 +7.160612920e+01 +7.160612920e+01 -1.5258e+00 +2.6213e+00 -2.1561e+00 -1.2823e+00 +2.9378e+00 +9.8283e-01 -1.0131e+00 +2.5234e+00 +5.7774e-01 -2.3515e+00
460 0 +1.029330132e+02 +7.076301316e+01 +7.076301316e+01 +4.2830e-01 +1.9331e+00 -3.3101e+00 -2.2521e+00 +3.6148e+00 +1.1083e+00 -1.3610e+00 +3.2498e+00 +1.3006e-01 -2.6973e+00
482 0 +9.296209768e+01 +6.079209768e+01 +6.079209768e+01 +5.4455e-01 +9.8218e-01 -3.2628e+00 +1.1795e+00 +1.9433e+00 +1.8695e+00 -7.7257e-02 +2.9815e+00 +7.2925e-01 -2.7757e+00
506 0 +9.177535917e+01 +5.960535917e+01 +5.960535917e+01 +3.5775e-01 +1.9027e+00 -1.0770e+00 +9.7973e-01 +1.6296e+00 +7.8601e-02 -9.7283e-01 +2.1882e+00 +5.6276e-01 -2.1341e+00
513 0 +9.161790673e+01 +5.944790673e+01 +5.944790673e+01 -6.3383e-01 +2.0523e+00 -9.6659e-01 +5.1255e-01 +2.4618e+00 +8.2035e-01 -6.8199e-01 +2.8371e+00 +1.0793e+00 -2.7223e+00
703 0 +8.536318086e+01 +5.319318086e+01 +5.319318086e+01 -4.3478e-01 +2.7481e+00 +4.5017e-01 +7.2516e-01 +1.8450e+00 +3.9340e-01 -5.9465e-01 +2.5935e+00 +8.0300e-01 -1.5980e+00
735 0 +8.242310805e+01 +5.025310805e+01 +5.025310805e+01 +1.1957e+00 +2.5939e+00 +3.1146e-01 +5.4068e-01 +2.5820e+00 +2.8879e-01 -7.0567e-01 +2.9959e+00 +1.1091e+00 -2.4391e+00
749 0 +8.015386086e+01 +4.798386086e+01 +4.798386086e+01 +1.5371e+00 +2.5704e+00 -6.3849e-01 +1.1414e+00 +2.9195e+00 +1.6511e+00 -4.7570e-01 +2.9734e+00 +1.4588e+00 -2.4515e+00
808 0 +6.215199196e+01 +2.998199196e+01 +2.998199196e+01 +4.5560e-01 +2.7402e+00 -2.9746e-01 +5.6398e-01 +2.5866e+00 +9.8831e-01 -4.6631e-02 +2.9471e+00 +7.1372e-01 -2.5746e+00
1092 0 +6.188790592e+01 +2.971790592e+01 +2.971790592e+01 +5.8050e-01 +2.8411e+00 -1.0447e+00 +1.5591e-01 +2.5360e+00 +6.0140e-01 +1.8221e-02 +2.9939e+00 +1.0589e+00 -2.3517e+00
1151 0 +5.832865052e+01 +2.615865052e+01 +2.615865052e+01 +1.3727e+00 +1.0263e+00 -1.0917e+00 +3.8244e-01 +3.0181e+00 +4.4466e-01 -9.6271e-02 +4.1097e+00 +5.5661e-01 -2.8000e+00
1319 0 +5.377562827e+01 +2.160562827e+01 +2.160562827e+01 +4.8925e-01 +1.8312e+00 -4.3667e-01 -1.3921e-01 +2.9014e+00 +3.7690e-01 -2.6218e-04 +3.2844e+00 +1.0622e+00 -2.7161e+00
1352 0 +4.939056807e+01 +1.722056807e+01 +1.722056807e+01 +1.1479e+00 +2.6373e+00 -2.6782e-01 -1.0927e-01 +3.6298e+00 +3.8732e-01 +3.2274e-01 +3.0977e+00 +1.0294e+00 -2.4327e+00
2313 0 +4.689436920e+01 +1.472436920e+01 +1.472436920e+01 +1.0481e+00 +1.7190e+00 +4.5427e-01 +4.4992e-01 +3.1683e+00 +6.7545e-01 -7.6874e-02 +2.9992e+00 +1.0248e+00 -2.3199e+00
% f evaluations | g evaluations | best noise-free fitness - Fopt (-5.858000000000e+01) + sum g_i+ | measured fitness | best measured fitness or single-digit g-values | x1 | x2...
1 0 +3.091167199e+02 +2.505367199e+02 +2.505367199e+02 +5.9671e-01 -3.8264e-02 +7.4769e-01 +1.6230e+00 -1.3415e-01 -1.3414e-01 +1.6792e+00 +8.6743e-01 -3.6947e-01 +6.4256e-01
10 0 +3.080712949e+02 +2.494912949e+02 +2.494912949e+02 +1.9708e-01 +1.0686e+00 -6.0205e-01 -2.2766e-01 -2.9211e-01 -1.3635e+00 +3.9612e-01 +3.6106e-01 +1.0511e-01 -1.3459e-01
30 0 +2.793727110e+02 +2.207927110e+02 +2.207927110e+02 -1.0812e-01 -3.9300e-01 -4.8936e-01 +9.4960e-01 +4.5702e-01 -5.9291e-01 +9.9960e-01 +4.0730e-01 +9.1286e-01 +7.2963e-01
42 0 +2.643067199e+02 +2.057267199e+02 +2.057267199e+02 +8.1161e-01 -1.0246e+00 -1.4341e+00 +1.3777e+00 +4.3231e-01 -6.4849e-01 +1.6512e+00 +2.1567e-01 +1.2793e+00 +1.6752e-01
52 0 +2.497197467e+02 +1.911397467e+02 +1.911397467e+02 +4.6157e-01 +9.7332e-01 -1.6179e-01 -3.0627e-01 +8.2907e-01 +3.8795e-01 +2.0506e+00 +2.1578e+00 +2.6610e+00 +3.0886e-02
59 0 +2.363248290e+02 +1.777448290e+02 +1.777448290e+02 +5.9494e-01 -6.8527e-01 -6.0071e-03 +1.4140e+00 +1.3447e+00 -1.0840e+00 +1.8656e+00 +3.0762e-01 +1.2683e+00 +1.8775e-01
77 0 +2.175446918e+02 +1.589646918e+02 +1.589646918e+02 +4.5114e-01 +1.1696e+00 -1.1148e+00 +8.6247e-02 +3.2043e-01 -1.3853e+00 +1.2542e+00 +3.8342e+00 +1.3957e+00 +1.2025e+00
102 0 +1.659829880e+02 +1.074029880e+02 +1.074029880e+02 +1.8878e+00 +6.4989e-02 -1.0263e+00 -1.3535e-01 +9.5635e-01 -1.0761e+00 +3.1674e+00 +3.2660e+00 +1.6475e+00 +1.1592e+00
135 0 +1.497584955e+02 +9.117849554e+01 +9.117849554e+01 +1.6338e+00 -9.9692e-01 +1.1301e+00 -3.3446e-01 +2.5793e+00 -6.6261e-01 +2.3244e+00 +2.7593e+00 +5.5746e-01 +1.0189e+00
218 0 +1.376417363e+02 +7.906173628e+01 +7.906173628e+01 +9.2634e-01 -1.7830e+00 -2.7796e+00 +1.3849e+00 +2.3105e+00 -3.2186e+00 +2.2472e+00 +2.4321e+00 +1.6734e+00 +1.1244e+00
412 0 +1.114712208e+02 +5.289122083e+01 +5.289122083e+01 +1.6987e+00 -1.7454e-02 +1.2820e+00 +6.2072e-01 +2.8238e+00 -2.5294e+00 +2.3319e+00 +2.7214e+00 +1.8854e+00 +1.4257e+00
455 0 +1.055606398e+02 +4.698063979e+01 +4.698063979e+01 +8.5889e-01 -5.6558e-01 +9.4861e-01 +3.2856e+00 +3.0032e+00 -1.3949e+00 +2.2676e+00 +2.4130e+00 +2.0670e+00 -1.2048e-01
459 0 +1.026520195e+02 +4.407201955e+01 +4.407201955e+01 +2.4101e+00 +8.2096e-02 -5.1083e-01 +6.3271e-01 +3.5688e+00 -4.1219e+00 +1.3737e+00 +2.8281e+00 +1.4170e+00 +1.8102e+00
710 0 +8.104114085e+01 +2.246114085e+01 +2.246114085e+01 +1.6860e+00 -2.4245e+00 -1.0228e+00 -8.1689e-01 +2.5234e+00 -3.3728e+00 +1.8554e+00 +3.1994e+00 +2.3486e+00 +1.2918e+00
937 0 +8.101190934e+01 +2.243190934e+01 +2.243190934e+01 +5.2333e-01 -3.4591e+00 -1.5706e+00 +2.7576e+00 +3.0098e+00 -4.3976e+00 +2.1269e+00 +3.6146e+00 +2.6401e+00 +1.3913e+00
980 0 +6.202131059e+01 +3.441310585e+00 +3.441310585e+00 -7.0018e-01 -2.5833e+00 +2.4771e-01 +3.0785e+00 +2.9265e+00 -3.3715e+00 +1.9549e+00 +3.6603e+00 +2.2386e+00 +9.5714e-01
1402 0 +5.954426716e+01 +9.642671583e-01 +9.642671583e-01 +9.5330e-01 -2.9028e+00 +1.8418e-01 +2.5878e+00 +2.8378e+00 -3.8018e+00 +2.2642e+00 +3.2313e+00 +1.9670e+00 +1.2878e+00
1500 0 +5.577644297e+01 -2.803557028e+00 -2.803557028e+00 +1.5782e+00 -3.8954e+00 +3.1819e-01 +2.5048e+00 +2.3878e+00 -4.3465e+00 +2.3016e+00 +3.6659e+00 +2.2850e+00 +1.0146e+00
1770 0 +5.283704700e+01 -5.742953005e+00 -5.742953005e+00 +4.4277e-01 -2.6312e+00 +2.9512e-01 +2.6742e+00 +2.4802e+00 -4.9176e+00 +2.6552e+00 +3.2656e+00 +2.0030e+00 +1.2517e+00
2100 0 +4.706706600e+01 -1.151293400e+01 -1.151293400e+01 +7.2730e-01 -2.5658e+00 +8.5557e-01 +1.7857e+00 +2.9556e+00 -4.1275e+00 +3.1503e+00 +3.2649e+00 +1.9806e+00 +1.6376e+00
2462 0 +3.719123610e+01 -2.138876390e+01 -2.138876390e+01 +5.9183e-01 -2.4189e+00 +7.8630e-02 +1.8801e+00 +2.9062e+00 -4.3971e+00 +3.0921e+00 +2.8308e+00 +2.3866e+00 +1.3781e+00
