% f evaluations | g evaluations | best noise-free fitness - Fopt (2.997000000000e+01) + sum g_i+ | measured fitness | best measured fitness or single-digit g-values | x1 | x2...
1 0 +2.090113928e+03 +2.120083928e+03 +2.120083928e+03 +5.9671e-01 -3.8264e-02 +7.4769e-01 +1.6230e+00 -1.3415e-01 -1.3414e-01 +1.6792e+00 +8.6743e-01 -3.6947e-01 +6.4256e-01
2 0 +1.734222334e+03 +1.764192334e+03 +1.764192334e+03 -3.6342e-01 -3.6573e-01 +3.4196e-01 -1.8133e+00 -1.6249e+00 -4.6229e-01 -9.1283e-01 +4.1425e-01 -8.0802e-01 -1.3123e+00
3 0 +1.679613005e+03 +1.709583005e+03 +1.709583005e+03 +1.5656e+00 -1.2578e-01 +1.6753e-01 -1.3247e+00 -4.4438e-01 +2.1092e-01 -1.0510e+00 +4.7570e-01 -5.0064e-01 -1.9169e-01
4 0 +1.649351189e+03 +1.679321189e+03 +1.679321189e+03 -5.0171e-01 +1.9523e+00 +8.6503e-02 -9.5771e-01 +9.2254e-01 -1.1208e+00 +3.0886e-01 -1.8597e+00 -1.2282e+00 +2.9686e-01
6 0 +1.411193979e+03 +1.441163979e+03 +1.441163979e+03 +4.2408e-01 -2.8508e-01 -5.7692e-01 +7.1168e-01 +1.1310e+00 +1.0313e+00 -7.3922e-01 -2.0921e-01 +4.3126e-01 +1.0755e+00
34 0 +1.375185793e+03 +1.405155793e+03 +1.405155793e+03 +8.7753e-02 -7.9725e-01 +1.7580e-01 -5.7716e-01 +1.0751e+00 -4.7057e-02 -7.2550e-01 -2.2139e-01 +5.1293e-01 -4.6372e-01
51 0 +9.606621112e+02 +9.906321112e+02 +9.906321112e+02 -5.2080e-01 -7.1698e-01 -1.7699e-01 -1.2413e+00 +2.1890e+00 +1.1339e-01 -1.2603e+00 -3.7724e+00 -1.0917e+00 +9.7255e-01
52 0 +9.244662478e+02 +9.544362478e+02 +9.544362478e+02 -4.0768e-01 +1.7744e-01 -2.7612e+00 -1.4220e+00 +1.6246e+00 +7.8211e-01 -4.9809e-01 -2.5958e+00 +3.4450e-01 +8.9552e-03
102 0 +9.056919729e+02 +9.356619729e+02 +9.356619729e+02 -6.1460e-01 -2.1115e-01 -1.4594e+00 -4.9834e-01 +3.5600e+00 +3.0270e+00 -3.6070e+00 -4.7299e+00 -5.8350e-01 -1.1150e+00
103 0 +6.760474967e+02 +7.060174967e+02 +7.060174967e+02 -2.9747e-01 -2.0518e+00 -1.0502e+00 -1.0947e+00 +4.7483e+00 +2.6460e+00 -1.6227e+00 -3.7678e+00 +2.1409e+00 -1.3899e+00
153 0 +6.457497928e+02 +6.757197928e+02 +6.757197928e+02 +9.9693e-01 -1.1562e+00 -4.3864e+00 -2.5922e-01 +2.7702e+00 +3.1255e+00 -4.2476e+00 -2.8416e+00 +3.5446e+00 +5.0540e-01
155 0 +6.342703680e+02 +6.642403680e+02 +6.642403680e+02 +5.7896e-01 -4.3721e+00 -2.8519e+00 -8.7361e-01 +2.8377e+00 +3.0313e+00 -3.9598e+00 -2.8333e+00 -9.8883e-01 -8.1821e-01
158 0 +5.956618986e+02 +6.256318986e+02 +6.256318986e+02 +6.8698e-01 -3.1531e-01 -3.7422e+00 -2.5038e+00 +1.3054e+00 +3.4822e+00 -1.7322e+00 -4.0833e+00 +2.2668e+00 +1.7638e-01
173 0 +4.193781402e+02 +4.493481402e+02 +4.493481402e+02 +6.8858e-01 -2.4815e+00 -2.4663e+00 +1.8044e-01 +4.6858e+00 +8.7136e-01 -4.0483e+00 -2.0444e+00 +2.2141e-01 -2.7524e+00
401 0 +3.704923918e+02 +4.004623918e+02 +4.004623918e+02 +1.4012e-01 -2.2186e+00 -2.6648e+00 -1.2374e+00 +2.8782e+00 +2.9168e+00 -4.6397e+00 -3.1490e+00 +3.7328e-01 +3.9322e-01
402 0 +3.620217765e+02 +3.919917765e+02 +3.919917765e+02 +9.6905e-01 -4.1711e-01 -4.4549e+00 -1.9534e+00 +3.3381e+00 +3.9045e+00 -4.7562e+00 -3.3211e+00 +1.2794e+00 +5.2039e-01
451 0 +2.913986713e+02 +3.213686713e+02 +3.213686713e+02 +3.7734e-01 -1.2403e+00 -3.7096e+00 -1.5702e+00 +3.5259e+00 +3.1578e+00 -3.7254e+00 -2.6216e+00 -2.9211e-01 -6.0982e-01
452 0 +2.817213271e+02 +3.116913271e+02 +3.116913271e+02 +7.8606e-01 -2.7235e+00 -3.3593e+00 -5.9790e-01 +3.2524e+00 +3.2877e+00 -4.3563e+00 -2.9161e+00 +1.4719e+00 -1.5323e+00
501 0 +1.701655235e+02 +2.001355235e+02 +2.001355235e+02 +1.0284e+00 -1.4066e+00 -3.2393e+00 -1.4468e+00 +4.1668e+00 +2.7456e+00 -3.8218e+00 -3.3833e+00 +7.7370e-01 -1.2106e+00
613 0 +1.655508509e+02 +1.955208509e+02 +1.955208509e+02 +1.6203e+00 -1.0696e+00 -3.0056e+00 -1.0145e+00 +4.3689e+00 +2.2522e+00 -4.3373e+00 -2.9954e+00 +1.1110e-01 -1.2825e+00
651 0 +1.246564588e+02 +1.546264588e+02 +1.546264588e+02 +1.1575e+00 -1.5494e+00 -3.5450e+00 -1.6825e+00 +3.8646e+00 +3.0948e+00 -3.6908e+00 -2.7775e+00 +1.9319e-01 -2.0397e+00
752 0 +1.233135189e+02 +1.532835189e+02 +1.532835189e+02 +9.5360e-01 -1.5591e+00 -3.5089e+00 -1.5046e+00 +3.3769e+00 +3.3888e+00 -3.5889e+00 -2.7608e+00 +4.1960e-01 -2.1219e+00
763 0 +1.146057220e+02 +1.445757220e+02 +1.445757220e+02 +8.5791e-01 -1.4852e+00 -4.1719e+00 -2.5181e+00 +2.4697e+00 +3.4890e+00 -4.0121e+00 -3.0388e+00 +1.3124e+00 -1.6843e+00
801 0 +1.048725032e+02 +1.348425032e+02 +1.348425032e+02 +8.2374e-01 -1.6305e+00 -3.6442e+00 -1.9474e+00 +3.3819e+00 +3.2060e+00 -4.4911e+00 -2.9774e+00 +7.6729e-01 -1.8578e+00
802 0 +9.530790859e+01 +1.252779086e+02 +1.252779086e+02 +1.0451e+00 -1.6458e+00 -3.5669e+00 -1.7647e+00 +3.1578e+00 +3.0867e+00 -4.3111e+00 -2.7445e+00 +7.9963e-01 -1.9043e+00
818 0 +8.025187397e+01 +1.102218740e+02 +1.102218740e+02 +9.8035e-01 -1.7471e+00 -3.4200e+00 -1.6646e+00 +3.3171e+00 +3.0294e+00 -3.7642e+00 -3.0195e+00 +5.7253e-01 -1.1146e+00
851 0 +6.441118273e+01 +9.438118273e+01 +9.438118273e+01 +1.1590e+00 -1.5351e+00 -3.3046e+00 -1.7972e+00 +3.4957e+00 +3.1195e+00 -4.0351e+00 -2.9453e+00 +8.6815e-01 -1.5073e+00
904 0 +6.305663822e+01 +9.302663822e+01 +9.302663822e+01 +7.3147e-01 -1.6629e+00 -3.8323e+00 -2.1139e+00 +3.0222e+00 +3.6475e+00 -3.7537e+00 -2.7324e+00 +7.5040e-01 -1.9724e+00
951 0 +4.816035684e+01 +7.813035684e+01 +7.813035684e+01 +1.0580e+00 -1.5332e+00 -3.6434e+00 -1.9443e+00 +3.4401e+00 +3.2325e+00 -4.0027e+00 -2.9656e+00 +7.9664e-01 -1.6356e+00
1003 0 +3.943341032e+01 +6.940341032e+01 +6.940341032e+01 +8.3962e-01 -1.6317e+00 -3.6785e+00 -2.1249e+00 +2.8571e+00 +3.4124e+00 -3.9212e+00 -3.0080e+00 +8.3442e-01 -1.9095e+00
1101 0 +2.234815564e+01 +5.231815564e+01 +5.231815564e+01 +8.9753e-01 -1.7134e+00 -3.6913e+00 -2.0404e+00 +3.0945e+00 +3.3866e+00 -3.9991e+00 -2.9150e+00 +8.5792e-01 -1.7475e+00
1201 0 +1.493784185e+01 +4.490784185e+01 +4.490784185e+01 +9.0039e-01 -1.6871e+00 -3.6935e+00 -1.9727e+00 +3.1407e+00 +3.3319e+00 -3.9825e+00 -2.9151e+00 +7.6791e-01 -1.7179e+00
1352 0 +1.464116607e+01 +4.461116607e+01 +4.461116607e+01 +8.3376e-01 -1.6676e+00 -3.6762e+00 -2.0172e+00 +3.0681e+00 +3.3635e+00 -3.9035e+00 -2.9538e+00 +8.1321e-01 -1.8029e+00
1451 0 +1.061329387e+01 +4.058329387e+01 +4.058329387e+01 +9.0238e-01 -1.7228e+00 -3.6838e+00 -1.9575e+00 +3.1131e+00 +3.3235e+00 -3.9847e+00 -2.9018e+00 +7.8733e-01 -1.8208e+00
1452 0 +1.039316160e+01 +4.036316160e+01 +4.036316160e+01 +8.5775e-01 -1.7305e+00 -3.6574e+00 -1.9296e+00 +3.1203e+00 +3.2918e+00 -3.9688e+00 -2.9075e+00 +7.8404e-01 -1.7840e+00
1454 0 +8.972335852e+00 +3.894233585e+01 +3.894233585e+01 +8.3399e-01 -1.7227e+00 -3.7236e+00 -1.9655e+00 +3.0572e+00 +3.3735e+00 -3.9624e+00 -2.8845e+00 +8.3943e-01 -1.8252e+00
1455 0 +8.110945056e+00 +3.808094506e+01 +3.808094506e+01 +8.3215e-01 -1.7086e+00 -3.7123e+00 -1.9842e+00 +3.0445e+00 +3.3767e+00 -3.9817e+00 -2.9035e+00 +8.1932e-01 -1.8406e+00
1547 0 +6.760482409e+00 +3.673048241e+01 +3.673048241e+01 +8.9545e-01 -1.6988e+00 -3.6690e+00 -1.9132e+00 +3.1289e+00 +3.3009e+00 -3.9510e+00 -2.9170e+00 +7.9119e-01 -1.7831e+00
1600 0 +5.814847005e+00 +3.578484700e+01 +3.578484700e+01 +8.2118e-01 -1.7273e+00 -3.7140e+00 -1.9760e+00 +3.0516e+00 +3.3867e+00 -3.9393e+00 -2.9149e+00 +8.5878e-01 -1.8417e+00
1604 0 +5.515880807e+00 +3.548588081e+01 +3.548588081e+01 +8.8897e-01 -1.6991e+00 -3.6418e+00 -1.9527e+00 +3.1402e+00 +3.3303e+00 -3.9503e+00 -2.9134e+00 +7.9990e-01 -1.7776e+00
1626 0 +5.009823894e+00 +3.497982389e+01 +3.497982389e+01 +8.6682e-01 -1.7076e+00 -3.6676e+00 -1.9271e+00 +3.1367e+00 +3.3318e+00 -3.9563e+00 -2.9030e+00 +8.0918e-01 -1.7956e+00
1651 0 +4.372853297e+00 +3.434285330e+01 +3.434285330e+01 +8.8290e-01 -1.7123e+00 -3.6493e+00 -1.9373e+00 +3.1283e+00 +3.3072e+00 -3.9479e+00 -2.9196e+00 +7.9905e-01 -1.7776e+00
1653 0 +4.076002713e+00 +3.404600271e+01 +3.404600271e+01 +8.5276e-01 -1.6986e+00 -3.6903e+00 -1.9551e+00 +3.0849e+00 +3.3581e+00 -3.9444e+00 -2.9025e+00 +8.1670e-01 -1.8302e+00
% f evaluations | g evaluations | best noise-free fitness - Fopt (-5.171000000000e+01) + sum g_i+ | measured fitness | best measured fitness or single-digit g-values | x1 | x2...
1 0 +2.045664963e+03 +1.993954963e+03 +1.993954963e+03 +5.9671e-01 -3.8264e-02 +7.4769e-01 +1.6230e+00 -1.3415e-01 -1.3414e-01 +1.6792e+00 +8.6743e-01 -3.6947e-01 +6.4256e-01
3 0 +1.649753470e+03 +1.598043470e+03 +1.598043470e+03 +1.5656e+00 -1.2578e-01 +1.6753e-01 -1.3247e+00 -4.4438e-01 +2.1092e-01 -1.0510e+00 +4.7570e-01 -5.0064e-01 -1.9169e-01
40 0 +1.610527463e+03 +1.558817463e+03 +1.558817463e+03 -7.9841e-01 +5.9192e-01 -1.2202e+00 +1.9315e+00 +1.2794e+00 -3.6918e-01 -1.6131e+00 +1.4539e+00 -1.4540e-02 +1.3378e+00
51 0 +9.275761897e+02 +8.758661897e+02 +8.758661897e+02 +1.4087e+00 +2.4271e+00 -3.6086e+00 -5.5343e-01 +1.3060e+00 -2.6203e-01 -1.1163e+00 +5.0892e-02 -1.1667e+00 +1.6659e-01
101 0 +8.480570493e+02 +7.963470493e+02 +7.963470493e+02 +3.2062e+00 -6.5947e-01 -4.5035e+00 -2.5974e+00 -3.9360e-01 +9.8111e-01 -2.0930e+00 +1.0032e-01 -1.4398e+00 +3.5840e+00
102 0 +5.849541673e+02 +5.332441673e+02 +5.332441673e+02 +4.2076e+00 +2.0663e+00 -3.4776e+00 -1.6633e+00 -1.1192e+00 +2.6550e-01 -3.7923e+00 +1.4189e+00 -1.8393e+00 +1.1920e+00
351 0 +4.923674192e+02 +4.406574192e+02 +4.406574192e+02 +3.7410e+00 +1.9190e+00 -2.5178e+00 -3.2371e+00 +4.6007e-01 +9.0598e-01 -3.4459e+00 +2.7699e+00 -4.9809e+00 +1.6960e+00
360 0 +4.490631193e+02 +3.973531193e+02 +3.973531193e+02 +2.2160e+00 +4.7267e+00 -2.4950e+00 -3.7762e+00 +1.0192e+00 +3.7769e+00 -2.4651e+00 +3.5154e+00 -4.5392e+00 +1.1666e+00
401 0 +3.216820056e+02 +2.699720056e+02 +2.699720056e+02 +3.3114e+00 +2.5507e+00 -3.5387e+00 -2.1633e+00 +1.4528e+00 -2.5602e-01 -3.8134e+00 +2.3805e+00 -2.4912e+00 +3.3735e-01
451 0 +2.444443435e+02 +1.927343435e+02 +1.927343435e+02 +3.0537e+00 +3.0312e+00 -2.1741e+00 -4.0848e+00 +6.6915e-01 +2.4598e+00 -3.8562e+00 +3.4984e+00 -4.8170e+00 +6.9560e-01
551 0 +1.965500416e+02 +1.448400416e+02 +1.448400416e+02 +3.2772e+00 +2.3888e+00 -3.4871e+00 -2.7825e+00 +1.0781e+00 +8.7802e-01 -3.5174e+00 +2.1278e+00 -3.1403e+00 +6.6574e-01
552 0 +1.671669941e+02 +1.154569941e+02 +1.154569941e+02 +2.2939e+00 +2.3346e+00 -3.6591e+00 -3.3681e+00 +1.6680e+00 +1.6331e+00 -2.8466e+00 +3.1597e+00 -3.4643e+00 +1.0911e-01
553 0 +1.237050976e+02 +7.199509759e+01 +7.199509759e+01 +2.5463e+00 +1.8347e+00 -4.5040e+00 -2.9882e+00 +1.6050e+00 +5.0550e-01 -3.2834e+00 +2.2658e+00 -2.7068e+00 -2.6228e-01
801 0 +1.175267619e+02 +6.581676191e+01 +6.581676191e+01 +2.4500e+00 +3.3547e+00 -3.8253e+00 -3.5490e+00 +1.0322e+00 +1.4597e+00 -3.8500e+00 +3.1205e+00 -3.6465e+00 +3.6503e-01
802 0 +1.165272510e+02 +6.481725104e+01 +6.481725104e+01 +2.9247e+00 +2.0232e+00 -3.8699e+00 -2.8176e+00 +8.4209e-01 +8.6009e-01 -3.3909e+00 +2.4343e+00 -3.2299e+00 -1.0412e-01
851 0 +7.761402870e+01 +2.590402870e+01 +2.590402870e+01 +2.6323e+00 +2.1448e+00 -4.0707e+00 -3.0348e+00 +1.3057e+00 +9.6319e-01 -3.5671e+00 +2.7384e+00 -3.2905e+00 -5.6402e-02
901 0 +3.598872213e+01 -1.572127787e+01 -1.572127787e+01 +2.6017e+00 +2.7469e+00 -3.7472e+00 -3.3808e+00 +1.0437e+00 +1.2200e+00 -3.3408e+00 +2.9585e+00 -3.4369e+00 +6.6173e-02
1228 0 +3.369922073e+01 -1.801077927e+01 -1.801077927e+01 +2.6640e+00 +2.5613e+00 -3.8573e+00 -3.3389e+00 +1.2037e+00 +1.2678e+00 -3.4165e+00 +2.8017e+00 -3.3157e+00 +9.3337e-02
1246 0 +3.333845023e+01 -1.837154977e+01 -1.837154977e+01 +2.7211e+00 +2.8236e+00 -3.5909e+00 -3.3202e+00 +1.1215e+00 +1.3947e+00 -3.5146e+00 +3.0031e+00 -3.5290e+00 +3.0979e-02
1247 0 +3.182878575e+01 -1.988121425e+01 -1.988121425e+01 +2.6895e+00 +2.6935e+00 -3.6471e+00 -3.3725e+00 +1.0917e+00 +1.3224e+00 -3.5564e+00 +2.9379e+00 -3.4863e+00 +1.1887e-01
1253 0 +3.087388207e+01 -2.083611793e+01 -2.083611793e+01 +2.6685e+00 +2.6174e+00 -3.7958e+00 -3.4000e+00 +1.1625e+00 +1.3576e+00 -3.4212e+00 +2.9524e+00 -3.5353e+00 -8.3151e-03
1254 0 +2.759441124e+01 -2.411558876e+01 -2.411558876e+01 +2.6268e+00 +2.6593e+00 -3.6193e+00 -3.4291e+00 +1.1072e+00 +1.4954e+00 -3.3663e+00 +3.0349e+00 -3.4592e+00 +1.2016e-01
1301 0 +2.032385557e+01 -3.138614443e+01 -3.138614443e+01 +2.6773e+00 +2.8065e+00 -3.6772e+00 -3.3794e+00 +1.1082e+00 +1.4492e+00 -3.4476e+00 +3.0334e+00 -3.5665e+00 +7.4337e-02
1351 0 +1.828508088e+01 -3.342491912e+01 -3.342491912e+01 +2.6346e+00 +2.6605e+00 -3.7498e+00 -3.3318e+00 +1.1100e+00 +1.3325e+00 -3.4222e+00 +2.9144e+00 -3.3830e+00 +3.6990e-02
1437 0 +1.707939993e+01 -3.463060007e+01 -3.463060007e+01 +2.6157e+00 +2.6744e+00 -3.6709e+00 -3.4193e+00 +1.1289e+00 +1.3465e+00 -3.3883e+00 +2.9942e+00 -3.4722e+00 +1.0900e-01
1453 0 +1.447752893e+01 -3.723247107e+01 -3.723247107e+01 +2.6578e+00 +2.7352e+00 -3.6902e+00 -3.4700e+00 +1.0689e+00 +1.3944e+00 -3.4445e+00 +2.9866e+00 -3.5285e+00 +6.2306e-02
1534 0 +1.351560392e+01 -3.819439608e+01 -3.819439608e+01 +2.6162e+00 +2.8097e+00 -3.6360e+00 -3.4755e+00 +1.1115e+00 +1.4640e+00 -3.3904e+00 +3.0479e+00 -3.5492e+00 +8.0545e-02
1558 0 +1.270244698e+01 -3.900755302e+01 -3.900755302e+01 +2.6339e+00 +2.7630e+00 -3.6563e+00 -3.3807e+00 +1.1048e+00 +1.4406e+00 -3.4242e+00 +3.0262e+00 -3.5156e+00 +8.0065e-02
1595 0 +1.217573001e+01 -3.953426999e+01 -3.953426999e+01 +2.6488e+00 +2.7902e+00 -3.6497e+00 -3.4179e+00 +1.1327e+00 +1.4251e+00 -3.4542e+00 +3.0274e+00 -3.5149e+00 +8.6958e-02
1601 0 +8.270055928e+00 -4.343994407e+01 -4.343994407e+01 +2.6214e+00 +2.8243e+00 -3.6194e+00 -3.4345e+00 +1.0830e+00 +1.4441e+00 -3.4510e+00 +3.0775e+00 -3.5555e+00 +9.1611e-02
1651 0 +7.838781403e+00 -4.387121860e+01 -4.387121860e+01 +2.6190e+00 +2.8267e+00 -3.6401e+00 -3.4403e+00 +1.0842e+00 +1.4441e+00 -3.4482e+00 +3.0473e+00 -3.5417e+00 +1.1718e-01
1751 0 +6.472885028e+00 -4.523711497e+01 -4.523711497e+01 +2.6546e+00 +2.7800e+00 -3.6596e+00 -3.4264e+00 +1.1005e+00 +1.4342e+00 -3.4517e+00 +3.0362e+00 -3.5271e+00 +8.8758e-02
1752 0 +5.346754369e+00 -4.636324563e+01 -4.636324563e+01 +2.6434e+00 +2.7935e+00 -3.6485e+00 -3.4562e+00 +1.0832e+00 +1.4374e+00 -3.4520e+00 +3.0436e+00 -3.5508e+00 +9.1280e-02
1901 0 +4.509168353e+00 -4.720083165e+01 -4.720083165e+01 +2.6369e+00 +2.8702e+00 -3.5711e+00 -3.5125e+00 +1.0796e+00 +1.5120e+00 -3.4575e+00 +3.1054e+00 -3.6115e+00 +1.2077e-01
1956 0 +4.047290670e+00 -4.766270933e+01 -4.766270933e+01 +2.6380e+00 +2.7879e+00 -3.6423e+00 -3.4611e+00 +1.0908e+00 +1.4532e+00 -3.4312e+00 +3.0514e+00 -3.5299e+00 +9.0860e-02
2002 0 +3.332355600e+00 -4.837764440e+01 -4.837764440e+01 +2.6262e+00 +2.8594e+00 -3.5763e+00 -3.4892e+00 +1.0792e+00 +1.4906e+00 -3.4501e+00 +3.0942e+00 -3.5866e+00 +1.1910e-01
2101 0 +2.504528054e+00 -4.920547195e+01 -4.920547195e+01 +2.6380e+00 +2.8567e+00 -3.5938e+00 -3.4810e+00 +1.0790e+00 +1.4791e+00 -3.4502e+00 +3.0854e+00 -3.5818e+00 +1.0883e-01
2159 0 +2.425461545e+00 -4.928453845e+01 -4.928453845e+01 +2.6364e+00 +2.8206e+00 -3.6103e+00 -3.4777e+00 +1.0801e+00 +1.4633e+00 -3.4382e+00 +3.0646e+00 -3.5593e+00 +1.0952e-01
2201 0 +2.213624089e+00 -4.949637591e+01 -4.949637591e+01 +2.6390e+00 +2.8502e+00 -3.5885e+00 -3.4946e+00 +1.0837e+00 +1.4909e+00 -3.4444e+00 +3.0868e+00 -3.5764e+00 +1.0837e-01
2206 0 +2.122869107e+00 -4.958713089e+01 -4.958713089e+01 +2.6357e+00 +2.8586e+00 -3.5799e+00 -3.4960e+00 +1.0775e+00 +1.4943e+00 -3.4445e+00 +3.0931e+00 -3.5822e+00 +1.1663e-01
2251 0 +1.869862206e+00 -4.984013779e+01 -4.984013779e+01 +2.6382e+00 +2.8424e+00 -3.5882e+00 -3.4897e+00 +1.0814e+00 +1.4838e+00 -3.4435e+00 +3.0838e+00 -3.5803e+00 +1.1109e-01
2253 0 +1.509689784e+00 -5.020031022e+01 -5.020031022e+01 +2.6423e+00 +2.8402e+00 -3.5973e+00 -3.4876e+00 +1.0793e+00 +1.4825e+00 -3.4470e+00 +3.0793e+00 -3.5730e+00 +1.0748e-01
2301 0 +1.486877997e+00 -5.022312200e+01 -5.022312200e+01 +2.6419e+00 +2.8403e+00 -3.5952e+00 -3.4874e+00 +1.0795e+00 +1.4829e+00 -3.4495e+00 +3.0794e+00 -3.5742e+00 +1.0783e-01
2302 0 +1.382787920e+00 -5.032721208e+01 -5.032721208e+01 +2.6364e+00 +2.8636e+00 -3.5790e+00 -3.5001e+00 +1.0767e+00 +1.5011e+00 -3.4518e+00 +3.0948e+00 -3.5873e+00 +1.1543e-01
2451 0 +1.352000538e+00 -5.035799946e+01 -5.035799946e+01 +2.6364e+00 +2.8639e+00 -3.5787e+00 -3.4955e+00 +1.0758e+00 +1.4985e+00 -3.4507e+00 +3.0925e+00 -3.5873e+00 +1.1641e-01
2452 0 +1.344985456e+00 -5.036501454e+01 -5.036501454e+01 +2.6369e+00 +2.8623e+00 -3.5800e+00 -3.4935e+00 +1.0808e+00 +1.4992e+00 -3.4486e+00 +3.0946e+00 -3.5902e+00 +1.1156e-01
2457 0 +1.331124183e+00 -5.037887582e+01 -5.037887582e+01 +2.6387e+00 +2.8510e+00 -3.5869e+00 -3.4896e+00 +1.0799e+00 +1.4878e+00 -3.4480e+00 +3.0841e+00 -3.5816e+00 +1.1177e-01
% f evaluations | g evaluations | best noise-free fitness - Fopt (-2.799500000000e+02) + sum g_i+ | measured fitness | best measured fitness or single-digit g-values | x1 | x2...
1 0 +1.402832380e+03 +1.122882380e+03 +1.122882380e+03 +5.9671e-01 -3.8264e-02 +7.4769e-01 +1.6230e+00 -1.3415e-01 -1.3414e-01 +1.6792e+00 +8.6743e-01 -3.6947e-01 +6.4256e-01
2 0 +9.650422269e+02 +6.850922269e+02 +6.850922269e+02 -3.6342e-01 -3.6573e-01 +3.4196e-01 -1.8133e+00 -1.6249e+00 -4.6229e-01 -9.1283e-01 +4.1425e-01 -8.0802e-01 -1.3123e+00
52 0 +8.542426326e+02 +5.742926326e+02 +5.742926326e+02 -1.1888e+00 +7.3712e-01 +2.1089e+00 -2.0268e+00 -1.2405e+00 -2.4455e+00 +6.9233e-01 +1.4105e-01 -2.6996e-01 -1.4554e+00
104 0 +7.976468672e+02 +5.176968672e+02 +5.176968672e+02 -2.6161e+00 -1.1802e+00 +8.9517e-01 -1.2371e+00 -3.4828e+00 -1.7654e+00 +4.0295e-02 +2.5659e+00 -3.9633e-01 -4.7649e+00
114 0 +5.671067230e+02 +2.871567230e+02 +2.871567230e+02 -3.5014e+00 -2.1341e+00 +7.6917e-01 -1.3321e+00 -2.2046e+00 -1.7162e+00 +3.0355e-01 +1.3519e+00 +1.1251e+00 -2.3240e+00
151 0 +4.492024267e+02 +1.692524267e+02 +1.692524267e+02 -4.3603e+00 -2.0698e+00 +1.5959e+00 -5.0375e-01 -3.5733e+00 -1.5501e+00 -3.1504e-01 +9.8839e-01 +1.0513e+00 -6.2724e-01
152 0 +4.117155273e+02 +1.317655273e+02 +1.317655273e+02 -2.6855e+00 -3.2424e+00 +3.2559e+00 +2.3698e-02 -4.4656e+00 -3.4804e+00 -1.6413e+00 +1.1557e-02 +2.2991e+00 -2.9063e+00
401 0 +3.058177651e+02 +2.586776507e+01 +2.586776507e+01 -3.9306e+00 -2.9213e+00 +3.4255e+00 -6.4956e-01 -3.9088e+00 -3.7276e+00 -1.9316e+00 -7.8544e-01 +2.7189e+00 -2.6521e+00
551 0 +2.388053781e+02 -4.114462194e+01 -4.114462194e+01 -3.0287e+00 -3.4448e+00 +3.4388e+00 -1.0773e+00 -4.0320e+00 -2.5644e+00 -1.5331e+00 +6.7654e-01 +1.1602e+00 -2.9362e+00
553 0 +2.307319335e+02 -4.921806653e+01 -4.921806653e+01 -3.0367e+00 -3.5605e+00 +2.9120e+00 -1.5937e+00 -3.1032e+00 -2.5970e+00 -2.2044e+00 -9.4362e-01 +1.7865e+00 -4.1490e+00
601 0 +1.722834787e+02 -1.076665213e+02 -1.076665213e+02 -2.8962e+00 -3.1941e+00 +3.7877e+00 -7.8111e-01 -3.3102e+00 -2.9990e+00 -1.3299e+00 -6.9199e-01 +2.1885e+00 -3.0668e+00
664 0 +1.398678744e+02 -1.400821256e+02 -1.400821256e+02 -3.3123e+00 -4.6457e+00 +3.9475e+00 -9.6462e-01 -3.0761e+00 -2.4778e+00 -2.4856e+00 -7.5025e-01 +1.9678e+00 -4.0108e+00
703 0 +1.339684474e+02 -1.459815526e+02 -1.459815526e+02 -3.7713e+00 -3.6828e+00 +3.4472e+00 -6.5507e-01 -3.5191e+00 -3.3450e+00 -1.5005e+00 -6.4548e-01 +1.4268e+00 -3.1695e+00
751 0 +1.150230578e+02 -1.649269422e+02 -1.649269422e+02 -3.3047e+00 -4.0207e+00 +4.0107e+00 -1.0398e+00 -3.5531e+00 -3.0457e+00 -1.7352e+00 -7.6287e-01 +2.1206e+00 -3.6415e+00
754 0 +9.925059445e+01 -1.806994055e+02 -1.806994055e+02 -3.9746e+00 -3.3733e+00 +3.1462e+00 -8.6686e-01 -3.8911e+00 -2.8271e+00 -1.5295e+00 +1.1994e-01 +1.6185e+00 -3.4511e+00
801 0 +9.125986284e+01 -1.886901372e+02 -1.886901372e+02 -3.6961e+00 -4.2526e+00 +3.0947e+00 -1.1493e+00 -3.3482e+00 -2.7583e+00 -1.7760e+00 -4.0594e-01 +1.7895e+00 -3.5210e+00
805 0 +8.311553604e+01 -1.968344640e+02 -1.968344640e+02 -3.6179e+00 -3.1891e+00 +3.1072e+00 -9.4107e-01 -3.7743e+00 -3.1892e+00 -1.0977e+00 -2.3072e-01 +1.4892e+00 -3.1524e+00
851 0 +6.893291785e+01 -2.110170821e+02 -2.110170821e+02 -3.3098e+00 -3.8479e+00 +3.5211e+00 -1.0223e+00 -3.3146e+00 -2.8234e+00 -1.5618e+00 -2.8700e-01 +1.7444e+00 -3.5140e+00
901 0 +5.622513006e+01 -2.237248699e+02 -2.237248699e+02 -3.8753e+00 -3.6766e+00 +3.0768e+00 -1.1254e+00 -3.5989e+00 -2.8387e+00 -1.4213e+00 -2.0825e-01 +1.5459e+00 -3.3775e+00
902 0 +4.857793677e+01 -2.313720632e+02 -2.313720632e+02 -3.5216e+00 -3.7531e+00 +2.9979e+00 -1.0337e+00 -3.4734e+00 -2.8178e+00 -1.4033e+00 -5.2599e-02 +1.4052e+00 -3.4978e+00
951 0 +4.136259883e+01 -2.385874012e+02 -2.385874012e+02 -3.8049e+00 -3.5159e+00 +2.9273e+00 -9.1875e-01 -3.6927e+00 -2.8441e+00 -1.4174e+00 +2.9331e-02 +1.5204e+00 -3.3422e+00
952 0 +3.962735211e+01 -2.403226479e+02 -2.403226479e+02 -3.7490e+00 -3.7146e+00 +3.2292e+00 -9.9497e-01 -3.6524e+00 -3.0073e+00 -1.5098e+00 -2.3816e-01 +1.5915e+00 -3.4029e+00
1051 0 +3.245177597e+01 -2.474982240e+02 -2.474982240e+02 -3.7461e+00 -3.9381e+00 +3.2198e+00 -9.7530e-01 -3.5073e+00 -2.6949e+00 -1.6129e+00 -3.4366e-01 +1.7677e+00 -3.5828e+00
1155 0 +3.223787070e+01 -2.477121293e+02 -2.477121293e+02 -3.6965e+00 -3.9167e+00 +3.3625e+00 -8.4668e-01 -3.4965e+00 -2.7389e+00 -1.6575e+00 -3.8424e-01 +1.7590e+00 -3.6240e+00
1156 0 +3.144700438e+01 -2.485029956e+02 -2.485029956e+02 -3.5798e+00 -4.0215e+00 +3.3926e+00 -9.2964e-01 -3.4733e+00 -2.9780e+00 -1.5936e+00 -3.8671e-01 +1.7891e+00 -3.6340e+00
1157 0 +2.394889138e+01 -2.560011086e+02 -2.560011086e+02 -3.5492e+00 -3.7891e+00 +3.2290e+00 -1.0398e+00 -3.5484e+00 -2.9076e+00 -1.5732e+00 -2.8993e-01 +1.6020e+00 -3.5751e+00
1252 0 +2.179157029e+01 -2.581584297e+02 -2.581584297e+02 -3.6113e+00 -3.8697e+00 +3.2670e+00 -9.4950e-01 -3.5242e+00 -2.7819e+00 -1.5948e+00 -1.9571e-01 +1.7078e+00 -3.6158e+00
1303 0 +2.152398662e+01 -2.584260134e+02 -2.584260134e+02 -3.5972e+00 -3.9040e+00 +3.3150e+00 -1.0402e+00 -3.5188e+00 -2.8137e+00 -1.6500e+00 -3.1688e-01 +1.7130e+00 -3.6345e+00
1315 0 +1.810198444e+01 -2.618480156e+02 -2.618480156e+02 -3.7312e+00 -3.8564e+00 +3.1231e+00 -9.3918e-01 -3.5276e+00 -2.7573e+00 -1.5102e+00 -2.3351e-01 +1.5769e+00 -3.4581e+00
1351 0 +1.135017341e+01 -2.685998266e+02 -2.685998266e+02 -3.6576e+00 -3.8583e+00 +3.2063e+00 -9.7534e-01 -3.5383e+00 -2.7866e+00 -1.6058e+00 -2.4594e-01 +1.6308e+00 -3.5596e+00
1401 0 +9.977549185e+00 -2.699724508e+02 -2.699724508e+02 -3.6834e+00 -3.8003e+00 +3.1746e+00 -9.4797e-01 -3.4895e+00 -2.7729e+00 -1.5403e+00 -2.3073e-01 +1.6252e+00 -3.4908e+00
1501 0 +9.533977110e+00 -2.704160229e+02 -2.704160229e+02 -3.6850e+00 -3.8557e+00 +3.1423e+00 -9.8399e-01 -3.5039e+00 -2.8279e+00 -1.5510e+00 -2.5146e-01 +1.5958e+00 -3.5151e+00
1552 0 +8.805958437e+00 -2.711440416e+02 -2.711440416e+02 -3.6615e+00 -3.7620e+00 +3.1392e+00 -9.5120e-01 -3.5180e+00 -2.7935e+00 -1.5110e+00 -2.2623e-01 +1.6032e+00 -3.4666e+00
1601 0 +6.565716276e+00 -2.733842837e+02 -2.733842837e+02 -3.6840e+00 -3.7567e+00 +3.1367e+00 -9.7777e-01 -3.5722e+00 -2.8295e+00 -1.4810e+00 -1.9888e-01 +1.5823e+00 -3.4516e+00
1652 0 +5.892381061e+00 -2.740576189e+02 -2.740576189e+02 -3.6434e+00 -3.8427e+00 +3.2071e+00 -9.8341e-01 -3.5165e+00 -2.8362e+00 -1.5482e+00 -2.5369e-01 +1.6421e+00 -3.5348e+00
1701 0 +5.380780335e+00 -2.745692197e+02 -2.745692197e+02 -3.6549e+00 -3.8365e+00 +3.1938e+00 -9.8612e-01 -3.5165e+00 -2.8135e+00 -1.5471e+00 -2.4769e-01 +1.6285e+00 -3.5390e+00
1702 0 +4.372708689e+00 -2.755772913e+02 -2.755772913e+02 -3.6539e+00 -3.8327e+00 +3.1948e+00 -9.5557e-01 -3.5096e+00 -2.8076e+00 -1.5607e+00 -2.6616e-01 +1.6306e+00 -3.5281e+00
1751 0 +3.985423338e+00 -2.759645767e+02 -2.759645767e+02 -3.6492e+00 -3.8374e+00 +3.2017e+00 -9.6712e-01 -3.5057e+00 -2.8132e+00 -1.5535e+00 -2.6362e-01 +1.6405e+00 -3.5210e+00
1752 0 +3.980105295e+00 -2.759698947e+02 -2.759698947e+02 -3.6608e+00 -3.8503e+00 +3.1980e+00 -9.7896e-01 -3.5106e+00 -2.8209e+00 -1.5697e+00 -2.6347e-01 +1.6443e+00 -3.5518e+00
1754 0 +3.365180003e+00 -2.765848200e+02 -2.765848200e+02 -3.6463e+00 -3.8074e+00 +3.1820e+00 -9.7243e-01 -3.5175e+00 -2.8219e+00 -1.5524e+00 -2.4356e-01 +1.6165e+00 -3.5138e+00
1851 0 +2.224889256e+00 -2.777251107e+02 -2.777251107e+02 -3.6468e+00 -3.8430e+00 +3.1981e+00 -9.7095e-01 -3.5009e+00 -2.8062e+00 -1.5648e+00 -2.5693e-01 +1.6379e+00 -3.5375e+00
1951 0 +2.023962858e+00 -2.779260371e+02 -2.779260371e+02 -3.6447e+00 -3.8633e+00 +3.2044e+00 -9.7490e-01 -3.4983e+00 -2.8094e+00 -1.5769e+00 -2.6335e-01 +1.6425e+00 -3.5495e+00
1952 0 +1.492282079e+00 -2.784577179e+02 -2.784577179e+02 -3.6553e+00 -3.8220e+00 +3.1829e+00 -9.6460e-01 -3.5162e+00 -2.8154e+00 -1.5435e+00 -2.4059e-01 +1.6122e+00 -3.5140e+00
2054 0 +1.201086416e+00 -2.787489136e+02 -2.787489136e+02 -3.6429e+00 -3.8592e+00 +3.2092e+00 -9.7082e-01 -3.4979e+00 -2.8167e+00 -1.5746e+00 -2.6354e-01 +1.6350e+00 -3.5474e+00
2101 0 +8.949808431e-01 -2.790550192e+02 -2.790550192e+02 -3.6492e+00 -3.8584e+00 +3.2046e+00 -9.6901e-01 -3.4994e+00 -2.8166e+00 -1.5699e+00 -2.6222e-01 +1.6375e+00 -3.5412e+00
2201 0 +7.943527684e-01 -2.791556472e+02 -2.791556472e+02 -3.6493e+00 -3.8512e+00 +3.2002e+00 -9.7004e-01 -3.5026e+00 -2.8122e+00 -1.5682e+00 -2.5763e-01 +1.6323e+00 -3.5406e+00
2251 0 +7.074414723e-01 -2.792425585e+02 -2.792425585e+02 -3.6424e+00 -3.8671e+00 +3.2135e+00 -9.6938e-01 -3.4924e+00 -2.8160e+00 -1.5796e+00 -2.6693e-01 +1.6460e+00 -3.5520e+00
2252 0 +5.911590007e-01 -2.793588410e+02 -2.793588410e+02 -3.6499e+00 -3.8496e+00 +3.2004e+00 -9.6836e-01 -3.5023e+00 -2.8150e+00 -1.5654e+00 -2.5711e-01 +1.6317e+00 -3.5372e+00
2301 0 +5.063606095e-01 -2.794436394e+02 -2.794436394e+02 -3.6459e+00 -3.8652e+00 +3.2117e+00 -9.7031e-01 -3.4945e+00 -2.8175e+00 -1.5768e+00 -2.6667e-01 +1.6431e+00 -3.5499e+00
2401 0 +5.052924042e-01 -2.794447076e+02 -2.794447076e+02 -3.6452e+00 -3.8661e+00 +3.2134e+00 -9.7053e-01 -3.4946e+00 -2.8139e+00 -1.5800e+00 -2.6823e-01 +1.6459e+00 -3.5545e+00
2451 0 +4.592503628e-01 -2.794907496e+02 -2.794907496e+02 -3.6445e+00 -3.8621e+00 +3.2115e+00 -9.6993e-01 -3.4962e+00 -2.8162e+00 -1.5758e+00 -2.6508e-01 +1.6431e+00 -3.5493e+00
2452 0 +3.914562571e-01 -2.795585437e+02 -2.795585437e+02 -3.6478e+00 -3.8619e+00 +3.2096e+00 -9.6958e-01 -3.4967e+00 -2.8153e+00 -1.5760e+00 -2.6559e-01 +1.6431e+00 -3.5492e+00
% f evaluations | g evaluations | best noise-free fitness - Fopt (9.319900000000e+02) + sum g_i+ | measured fitness | best measured fitness or single-digit g-values | x1 | x2...
1 0 +1.402139936e+03 +2.334129936e+03 +2.334129936e+03 +5.9671e-01 -3.8264e-02 +7.4769e-01 +1.6230e+00 -1.3415e-01 -1.3414e-01 +1.6792e+00 +8.6743e-01 -3.6947e-01 +6.4256e-01
2 0 +1.337230921e+03 +2.269220921e+03 +2.269220921e+03 -3.6342e-01 -3.6573e-01 +3.4196e-01 -1.8133e+00 -1.6249e+00 -4.6229e-01 -9.1283e-01 +4.1425e-01 -8.0802e-01 -1.3123e+00
3 0 +1.301580277e+03 +2.233570277e+03 +2.233570277e+03 +1.5656e+00 -1.2578e-01 +1.6753e-01 -1.3247e+00 -4.4438e-01 +2.1092e-01 -1.0510e+00 +4.7570e-01 -5.0064e-01 -1.9169e-01
4 0 +9.274599451e+02 +1.859449945e+03 +1.859449945e+03 -5.0171e-01 +1.9523e+00 +8.6503e-02 -9.5771e-01 +9.2254e-01 -1.1208e+00 +3.0886e-01 -1.8597e+00 -1.2282e+00 +2.9686e-01
51 0 +7.549291536e+02 +1.686919154e+03 +1.686919154e+03 -3.6632e-01 -9.8234e-02 +1.5276e+00 -8.6060e-01 +1.2129e+00 -1.7288e+00 +3.7579e-01 -3.2400e+00 -5.2790e-01 -1.6959e+00
54 0 +5.922090543e+02 +1.524199054e+03 +1.524199054e+03 +3.8257e-01 -5.4871e-02 +1.2867e+00 -1.5792e+00 +9.4988e-01 -1.8791e+00 +6.8883e-01 -2.0924e+00 -1.0187e+00 +8.0689e-01
108 0 +3.675057616e+02 +1.299495762e+03 +1.299495762e+03 -1.4055e-01 +9.6947e-01 +1.3632e+00 -1.9265e+00 +7.0117e-01 -2.6981e+00 +1.7609e+00 -3.7211e+00 -1.2620e+00 +1.2674e+00
351 0 +3.282020092e+02 +1.260192009e+03 +1.260192009e+03 -1.5581e-01 +4.5944e-01 +1.7036e+00 -2.2066e+00 +1.4404e+00 -2.6798e+00 +2.3542e+00 -3.4951e+00 -1.1321e+00 +2.9236e+00
453 0 +2.474537434e+02 +1.179443743e+03 +1.179443743e+03 +1.9437e+00 +8.6858e-01 +2.7237e+00 -6.9519e-01 +1.6809e+00 -3.4070e+00 +3.0226e+00 -3.2028e+00 -1.3527e+00 +1.6620e+00
501 0 +2.432092782e+02 +1.175199278e+03 +1.175199278e+03 +1.0888e+00 +6.6306e-01 +2.2012e+00 -4.0864e-01 +2.1019e+00 -1.7201e+00 +2.1673e+00 -3.3824e+00 -2.1078e+00 +2.5831e+00
551 0 +1.737864734e+02 +1.105776473e+03 +1.105776473e+03 +1.2517e+00 +1.1664e+00 +2.7080e+00 -1.0991e+00 +1.3155e+00 -2.7364e+00 +2.6614e+00 -4.4426e+00 -1.9071e+00 +2.5593e+00
601 0 +1.554067545e+02 +1.087396754e+03 +1.087396754e+03 +1.5943e+00 +1.0020e+00 +2.7849e+00 -3.5719e-01 +1.7275e+00 -3.1844e+00 +2.9377e+00 -3.7856e+00 -1.4250e+00 +2.7485e+00
701 0 +9.009928172e+01 +1.022089282e+03 +1.022089282e+03 +1.3004e+00 +1.1498e+00 +2.6674e+00 -8.2671e-01 +1.8122e+00 -2.8851e+00 +2.6623e+00 -3.9393e+00 -1.4537e+00 +2.1870e+00
801 0 +8.283817470e+01 +1.014828175e+03 +1.014828175e+03 +7.2413e-01 +1.1249e+00 +2.8532e+00 -7.9452e-01 +1.6100e+00 -2.3835e+00 +2.3865e+00 -3.8165e+00 -1.5412e+00 +2.6308e+00
803 0 +7.801446542e+01 +1.010004465e+03 +1.010004465e+03 +1.1828e+00 +9.9332e-01 +2.9912e+00 -9.6028e-01 +2.2864e+00 -2.6697e+00 +2.6973e+00 -3.8467e+00 -1.4399e+00 +1.7886e+00
902 0 +5.648394285e+01 +9.884739429e+02 +9.884739429e+02 +1.2091e+00 +1.0038e+00 +2.9563e+00 -7.2827e-01 +2.3390e+00 -2.9333e+00 +2.6116e+00 -3.6241e+00 -1.3882e+00 +2.3334e+00
910 0 +4.766166344e+01 +9.796516634e+02 +9.796516634e+02 +1.7341e+00 +8.5606e-01 +3.2327e+00 -4.6703e-01 +2.6750e+00 -2.8422e+00 +2.6947e+00 -3.5060e+00 -1.6025e+00 +1.9670e+00
1001 0 +4.314128512e+01 +9.751312851e+02 +9.751312851e+02 +1.3571e+00 +7.7325e-01 +2.9295e+00 -6.4961e-01 +2.5058e+00 -2.8733e+00 +2.7867e+00 -3.7777e+00 -1.4875e+00 +1.8807e+00
1051 0 +3.386354434e+01 +9.658535443e+02 +9.658535443e+02 +1.4530e+00 +8.6233e-01 +3.0649e+00 -6.1575e-01 +2.5775e+00 -2.7544e+00 +2.7754e+00 -3.5731e+00 -1.4836e+00 +2.0521e+00
1101 0 +2.848123042e+01 +9.604712304e+02 +9.604712304e+02 +1.3719e+00 +1.0061e+00 +2.9985e+00 -6.2316e-01 +2.3685e+00 -2.7414e+00 +2.7518e+00 -3.7010e+00 -1.5445e+00 +2.1706e+00
1104 0 +2.675985392e+01 +9.587498539e+02 +9.587498539e+02 +1.0498e+00 +9.0716e-01 +2.7667e+00 -7.9174e-01 +2.0852e+00 -2.7007e+00 +2.6509e+00 -3.9079e+00 -1.4961e+00 +2.2899e+00
1251 0 +1.891373173e+01 +9.509037317e+02 +9.509037317e+02 +1.3260e+00 +9.2270e-01 +2.9720e+00 -6.6087e-01 +2.3715e+00 -2.6383e+00 +2.7711e+00 -3.7701e+00 -1.6111e+00 +2.1574e+00
1305 0 +1.881124497e+01 +9.508012450e+02 +9.508012450e+02 +1.2285e+00 +8.2297e-01 +2.8738e+00 -7.1812e-01 +2.2334e+00 -2.6883e+00 +2.6936e+00 -3.7657e+00 -1.5936e+00 +2.1299e+00
1351 0 +1.506010012e+01 +9.470501001e+02 +9.470501001e+02 +1.1816e+00 +9.4961e-01 +2.8272e+00 -6.7665e-01 +2.1519e+00 -2.6261e+00 +2.6833e+00 -3.9078e+00 -1.6671e+00 +2.2576e+00
1402 0 +1.321556094e+01 +9.452055609e+02 +9.452055609e+02 +1.2492e+00 +9.3784e-01 +2.9173e+00 -7.0918e-01 +2.2306e+00 -2.6490e+00 +2.7371e+00 -3.8449e+00 -1.6285e+00 +2.1357e+00
1451 0 +1.082860185e+01 +9.428186018e+02 +9.428186018e+02 +1.2982e+00 +8.8471e-01 +2.8949e+00 -6.8923e-01 +2.2884e+00 -2.6656e+00 +2.7239e+00 -3.8231e+00 -1.6780e+00 +2.1569e+00
1501 0 +8.734761368e+00 +9.407247614e+02 +9.407247614e+02 +1.2068e+00 +9.0470e-01 +2.8830e+00 -6.7760e-01 +2.2043e+00 -2.6750e+00 +2.7341e+00 -3.8367e+00 -1.6168e+00 +2.1817e+00
1551 0 +7.028461152e+00 +9.390184612e+02 +9.390184612e+02 +1.2293e+00 +9.0094e-01 +2.8966e+00 -7.0130e-01 +2.2356e+00 -2.6596e+00 +2.7191e+00 -3.8322e+00 -1.6263e+00 +2.1896e+00
1601 0 +3.325917165e+00 +9.353159172e+02 +9.353159172e+02 +1.2533e+00 +9.0959e-01 +2.8900e+00 -7.0270e-01 +2.2531e+00 -2.6837e+00 +2.7407e+00 -3.8302e+00 -1.6282e+00 +2.1714e+00
1751 0 +2.904105436e+00 +9.348941054e+02 +9.348941054e+02 +1.2643e+00 +8.9940e-01 +2.8895e+00 -6.8466e-01 +2.2603e+00 -2.6949e+00 +2.7351e+00 -3.8321e+00 -1.6209e+00 +2.1520e+00
1851 0 +2.528877191e+00 +9.345188772e+02 +9.345188772e+02 +1.2716e+00 +8.9276e-01 +2.8978e+00 -6.8783e-01 +2.2571e+00 -2.7051e+00 +2.7370e+00 -3.8139e+00 -1.6225e+00 +2.1589e+00
1901 0 +1.996479046e+00 +9.339864790e+02 +9.339864790e+02 +1.2682e+00 +9.0583e-01 +2.8921e+00 -6.9040e-01 +2.2493e+00 -2.6902e+00 +2.7422e+00 -3.8286e+00 -1.6284e+00 +2.1656e+00
1902 0 +1.751336816e+00 +9.337413368e+02 +9.337413368e+02 +1.2490e+00 +9.0845e-01 +2.8807e+00 -6.9406e-01 +2.2398e+00 -2.6873e+00 +2.7316e+00 -3.8417e+00 -1.6225e+00 +2.1765e+00
1952 0 +1.660043744e+00 +9.336500437e+02 +9.336500437e+02 +1.2541e+00 +9.0605e-01 +2.8837e+00 -6.9458e-01 +2.2332e+00 -2.6877e+00 +2.7293e+00 -3.8291e+00 -1.6264e+00 +2.1721e+00
1954 0 +1.622125958e+00 +9.336121260e+02 +9.336121260e+02 +1.2633e+00 +9.0853e-01 +2.8897e+00 -6.9319e-01 +2.2483e+00 -2.6857e+00 +2.7349e+00 -3.8325e+00 -1.6263e+00 +2.1755e+00
2001 0 +1.349116830e+00 +9.333391168e+02 +9.333391168e+02 +1.2537e+00 +9.0527e-01 +2.8842e+00 -6.9625e-01 +2.2453e+00 -2.6885e+00 +2.7325e+00 -3.8365e+00 -1.6273e+00 +2.1693e+00
2002 0 +1.126054487e+00 +9.331160545e+02 +9.331160545e+02 +1.2559e+00 +9.0469e-01 +2.8867e+00 -6.8992e-01 +2.2460e+00 -2.6849e+00 +2.7304e+00 -3.8315e+00 -1.6243e+00 +2.1708e+00
2005 0 +1.109236582e+00 +9.330992366e+02 +9.330992366e+02 +1.2449e+00 +9.0839e-01 +2.8811e+00 -6.9927e-01 +2.2310e+00 -2.6877e+00 +2.7319e+00 -3.8414e+00 -1.6216e+00 +2.1763e+00
2056 0 +1.064435771e+00 +9.330544358e+02 +9.330544358e+02 +1.2510e+00 +9.0974e-01 +2.8820e+00 -6.9898e-01 +2.2348e+00 -2.6835e+00 +2.7318e+00 -3.8381e+00 -1.6232e+00 +2.1735e+00
2101 0 +9.102377687e-01 +9.329002378e+02 +9.329002378e+02 +1.2553e+00 +9.0465e-01 +2.8887e+00 -6.9314e-01 +2.2418e+00 -2.6860e+00 +2.7329e+00 -3.8350e+00 -1.6264e+00 +2.1693e+00
2102 0 +8.832765231e-01 +9.328732765e+02 +9.328732765e+02 +1.2532e+00 +9.0796e-01 +2.8856e+00 -6.9458e-01 +2.2454e+00 -2.6840e+00 +2.7321e+00 -3.8346e+00 -1.6241e+00 +2.1700e+00
2172 0 +7.003181023e-01 +9.326903181e+02 +9.326903181e+02 +1.2633e+00 +9.0407e-01 +2.8894e+00 -6.9148e-01 +2.2499e+00 -2.6873e+00 +2.7356e+00 -3.8296e+00 -1.6258e+00 +2.1691e+00
2246 0 +6.654900110e-01 +9.326554900e+02 +9.326554900e+02 +1.2580e+00 +9.0720e-01 +2.8891e+00 -6.9049e-01 +2.2460e+00 -2.6849e+00 +2.7329e+00 -3.8319e+00 -1.6268e+00 +2.1689e+00
2251 0 +4.882257822e-01 +9.324782258e+02 +9.324782258e+02 +1.2575e+00 +9.0627e-01 +2.8877e+00 -6.9156e-01 +2.2444e+00 -2.6873e+00 +2.7340e+00 -3.8319e+00 -1.6261e+00 +2.1697e+00
2301 0 +3.979329033e-01 +9.323879329e+02 +9.323879329e+02 +1.2589e+00 +9.0632e-01 +2.8866e+00 -6.9219e-01 +2.2448e+00 -2.6875e+00 +2.7332e+00 -3.8314e+00 -1.6259e+00 +2.1700e+00
2351 0 +3.580822770e-01 +9.323480823e+02 +9.323480823e+02 +1.2594e+00 +9.0506e-01 +2.8890e+00 -6.9187e-01 +2.2458e+00 -2.6879e+00 +2.7334e+00 -3.8302e+00 -1.6256e+00 +2.1699e+00
2352 0 +3.490624752e-01 +9.323390625e+02 +9.323390625e+02 +1.2574e+00 +9.0519e-01 +2.8872e+00 -6.9200e-01 +2.2438e+00 -2.6873e+00 +2.7327e+00 -3.8328e+00 -1.6252e+00 +2.1687e+00
2401 0 +3.001494664e-01 +9.322901495e+02 +9.322901495e+02 +1.2597e+00 +9.0591e-01 +2.8886e+00 -6.9285e-01 +2.2467e+00 -2.6886e+00 +2.7335e+00 -3.8304e+00 -1.6250e+00 +2.1695e+00
2459 0 +2.699580075e-01 +9.322599580e+02 +9.322599580e+02 +1.2569e+00 +9.0578e-01 +2.8860e+00 -6.9421e-01 +2.2431e+00 -2.6874e+00 +2.7331e+00 -3.8332e+00 -1.6256e+00 +2.1696e+00
% f evaluations | g evaluations | best noise-free fitness - Fopt (1.133100000000e+02) + sum g_i+ | measured fitness | best measured fitness or single-digit g-values | x1 | x2...
1 0 +1.086028555e+03 +1.199338555e+03 +1.199338555e+03 +5.9671e-01 -3.8264e-02 +7.4769e-01 +1.6230e+00 -1.3415e-01 -1.3414e-01 +1.6792e+00 +8.6743e-01 -3.6947e-01 +6.4256e-01
4 0 +9.591685077e+02 +1.072478508e+03 +1.072478508e+03 -5.0171e-01 +1.9523e+00 +8.6503e-02 -9.5771e-01 +9.2254e-01 -1.1208e+00 +3.0886e-01 -1.8597e+00 -1.2282e+00 +2.9686e-01
6 0 +8.516522929e+02 +9.649622929e+02 +9.649622929e+02 +4.2408e-01 -2.8508e-01 -5.7692e-01 +7.1168e-01 +1.1310e+00 +1.0313e+00 -7.3922e-01 -2.0921e-01 +4.3126e-01 +1.0755e+00
15 0 +8.405555611e+02 +9.538655611e+02 +9.538655611e+02 +3.2746e-01 +1.4071e+00 -1.5075e+00 +2.8463e-01 +3.5988e-01 +8.8182e-01 -1.1370e+00 -1.2205e+00 +6.2194e-01 +3.9698e-01
32 0 +7.024734223e+02 +8.157834223e+02 +8.157834223e+02 -1.1768e-01 +1.1988e+00 +9.2542e-01 +9.1351e-01 +1.4055e+00 +1.2100e-01 +7.8195e-01 -2.1027e-01 +4.2417e-01 -3.0143e-02
53 0 +5.965059808e+02 +7.098159808e+02 +7.098159808e+02 +1.4786e-01 +2.4385e+00 +5.2658e-01 +3.4761e-01 +1.9799e+00 +8.3740e-01 +2.6804e-01 -1.5341e+00 +4.8687e-01 +2.8499e-01
54 0 +5.370195824e+02 +6.503295824e+02 +6.503295824e+02 +2.7099e-01 +8.4564e-01 -1.3473e+00 -6.0912e-01 +2.7151e+00 +2.2480e-01 +3.8074e-01 -5.3976e-01 +2.4443e+00 -3.8582e-01
68 0 +5.348798598e+02 +6.481898598e+02 +6.481898598e+02 +1.2260e+00 +8.4824e-01 -1.7708e+00 -3.1279e-01 +1.7291e+00 -6.3249e-01 +7.4213e-01 -1.0547e+00 +1.0433e+00 -1.2056e+00
109 0 +4.342902174e+02 +5.476002174e+02 +5.476002174e+02 +1.8007e+00 +1.4543e+00 -1.9114e+00 +2.2977e+00 +2.8124e+00 +5.0982e-01 -6.1538e-01 -2.8301e-01 +3.8406e+00 +8.3610e-01
152 0 +3.194884559e+02 +4.327984559e+02 +4.327984559e+02 +2.1431e+00 +1.8744e+00 -1.8078e+00 +1.8219e+00 +2.3500e+00 -8.5546e-01 -6.8896e-02 -4.6297e-01 +2.4093e+00 +7.6638e-01
153 0 +3.121532484e+02 +4.254632484e+02 +4.254632484e+02 +1.7485e+00 +3.6622e+00 -3.3586e-01 +8.7048e-01 +2.0606e+00 -2.3165e+00 +1.5978e-01 -6.7448e-01 +2.4323e+00 -2.3190e-01
302 0 +3.089339614e+02 +4.222439614e+02 +4.222439614e+02 +2.1842e+00 +3.7008e+00 +2.3432e-01 +2.0936e+00 +1.5904e+00 -1.4209e+00 -9.1991e-01 -1.2751e+00 +2.5426e+00 -4.8081e-01
351 0 +2.715414818e+02 +3.848514818e+02 +3.848514818e+02 +1.5449e+00 +1.8664e+00 -3.0991e-01 +1.1162e+00 +1.1929e+00 -1.0988e+00 -7.7329e-01 -9.1216e-01 +3.2457e+00 -3.2498e-01
451 0 +2.532344760e+02 +3.665444760e+02 +3.665444760e+02 +2.0529e+00 +2.0425e+00 +9.6861e-02 +1.1479e+00 +2.0335e+00 -1.7013e+00 -4.2578e-01 -1.2892e+00 +3.9322e+00 -3.9413e-01
501 0 +2.119608182e+02 +3.252708182e+02 +3.252708182e+02 +2.3160e+00 +2.6388e+00 -4.9244e-02 +9.4747e-01 +2.3146e+00 -1.4512e+00 -1.0685e+00 -1.5598e+00 +3.6047e+00 -9.6360e-02
551 0 +1.778024809e+02 +2.911124809e+02 +2.911124809e+02 +1.7191e+00 +2.5679e+00 -4.9352e-01 +7.1614e-01 +1.5457e+00 -1.7702e+00 -2.9807e-01 -1.6277e+00 +3.2376e+00 -1.3131e-01
601 0 +1.437796745e+02 +2.570896745e+02 +2.570896745e+02 +2.4344e+00 +3.3976e+00 -7.3981e-02 +6.8975e-01 +1.4894e+00 -1.3687e+00 -9.6589e-01 -1.3305e+00 +2.9667e+00 -3.3402e-01
651 0 +9.677366045e+01 +2.100836605e+02 +2.100836605e+02 +2.0048e+00 +2.9255e+00 +1.2636e-01 +8.8037e-01 +1.0941e+00 -1.3672e+00 -4.1864e-01 -1.2494e+00 +3.1263e+00 -6.2678e-01
751 0 +9.363916884e+01 +2.069491688e+02 +2.069491688e+02 +2.0671e+00 +2.6483e+00 +1.9892e-01 +7.6761e-01 +1.3702e+00 -1.1172e+00 -4.1267e-01 -1.4021e+00 +3.1672e+00 -6.1357e-01
752 0 +8.007869880e+01 +1.933886988e+02 +1.933886988e+02 +2.0520e+00 +2.8398e+00 +3.1627e-01 +9.0479e-01 +1.2403e+00 -1.1162e+00 -5.7340e-01 -1.4236e+00 +2.9094e+00 -4.7373e-01
852 0 +7.641297390e+01 +1.897229739e+02 +1.897229739e+02 +1.9341e+00 +2.8990e+00 -1.8615e-01 +8.9200e-01 +1.6090e+00 -1.2572e+00 -7.3417e-01 -1.4910e+00 +3.0093e+00 -3.0943e-01
853 0 +6.994610284e+01 +1.832561028e+02 +1.832561028e+02 +1.9200e+00 +3.0902e+00 +4.7473e-02 +7.3363e-01 +1.3421e+00 -1.4129e+00 -5.0715e-01 -1.4737e+00 +2.8694e+00 -6.5895e-01
901 0 +6.220077430e+01 +1.755107743e+02 +1.755107743e+02 +1.8949e+00 +2.9529e+00 +5.0123e-02 +7.3539e-01 +1.2951e+00 -1.0159e+00 -4.6820e-01 -1.5420e+00 +2.7862e+00 -6.1266e-01
951 0 +5.073196369e+01 +1.640419637e+02 +1.640419637e+02 +1.8879e+00 +2.8157e+00 -9.8647e-02 +9.5571e-01 +1.4505e+00 -1.3860e+00 -3.7998e-01 -1.6274e+00 +3.0452e+00 -5.1901e-01
1002 0 +4.902538667e+01 +1.623353867e+02 +1.623353867e+02 +2.0186e+00 +2.6097e+00 -1.9469e-01 +8.0096e-01 +1.5265e+00 -1.3602e+00 -4.9198e-01 -1.5096e+00 +2.8826e+00 -4.9540e-01
1010 0 +3.528560610e+01 +1.485956061e+02 +1.485956061e+02 +2.0935e+00 +2.9935e+00 +2.5993e-01 +7.3750e-01 +1.1956e+00 -1.1752e+00 -5.4306e-01 -1.6055e+00 +3.0356e+00 -4.8446e-01
1114 0 +3.128625312e+01 +1.445962531e+02 +1.445962531e+02 +2.1145e+00 +2.9874e+00 +3.6878e-02 +8.7975e-01 +1.2154e+00 -9.6812e-01 -4.9108e-01 -1.5805e+00 +2.9593e+00 -4.5549e-01
1153 0 +2.825710440e+01 +1.415671044e+02 +1.415671044e+02 +2.0070e+00 +2.9409e+00 -5.2321e-02 +9.6416e-01 +1.3351e+00 -1.2229e+00 -4.2671e-01 -1.5304e+00 +3.0279e+00 -4.7747e-01
1208 0 +2.761943103e+01 +1.409294310e+02 +1.409294310e+02 +2.0653e+00 +3.0032e+00 +5.3652e-02 +8.7712e-01 +1.2021e+00 -1.1227e+00 -3.7875e-01 -1.5288e+00 +3.0731e+00 -5.0865e-01
1251 0 +2.700987196e+01 +1.403198720e+02 +1.403198720e+02 +2.1154e+00 +2.8632e+00 -7.4000e-03 +7.6085e-01 +1.2979e+00 -1.2675e+00 -4.8010e-01 -1.5829e+00 +2.9772e+00 -4.9985e-01
1254 0 +2.393197765e+01 +1.372419777e+02 +1.372419777e+02 +2.1399e+00 +2.9261e+00 +9.7643e-02 +6.9624e-01 +1.1844e+00 -1.1481e+00 -4.3958e-01 -1.5764e+00 +2.9732e+00 -5.4682e-01
1303 0 +2.143467321e+01 +1.347446732e+02 +1.347446732e+02 +2.0181e+00 +2.9081e+00 -3.7746e-02 +7.7119e-01 +1.3018e+00 -1.1061e+00 -4.7072e-01 -1.5565e+00 +3.0391e+00 -4.6372e-01
1304 0 +2.057325339e+01 +1.338832534e+02 +1.338832534e+02 +2.0825e+00 +2.9492e+00 +3.4358e-02 +7.6647e-01 +1.2646e+00 -1.0519e+00 -4.6435e-01 -1.6140e+00 +3.0112e+00 -5.4964e-01
1351 0 +1.963302368e+01 +1.329430237e+02 +1.329430237e+02 +2.0512e+00 +2.9886e+00 +7.1154e-02 +7.4911e-01 +1.2348e+00 -1.0667e+00 -4.2579e-01 -1.5565e+00 +3.0177e+00 -5.0226e-01
1353 0 +1.807516200e+01 +1.313851620e+02 +1.313851620e+02 +2.0306e+00 +2.8888e+00 -4.7300e-02 +7.8312e-01 +1.2779e+00 -1.0461e+00 -4.5303e-01 -1.5599e+00 +3.0015e+00 -4.6202e-01
1362 0 +1.700614690e+01 +1.303161469e+02 +1.303161469e+02 +2.0570e+00 +2.9118e+00 +5.6713e-02 +6.9910e-01 +1.1620e+00 -1.0024e+00 -4.6331e-01 -1.5845e+00 +2.9894e+00 -5.3855e-01
1411 0 +1.642684981e+01 +1.297368498e+02 +1.297368498e+02 +2.0855e+00 +2.9713e+00 +1.0157e-01 +7.1744e-01 +1.1494e+00 -1.0281e+00 -4.0299e-01 -1.6161e+00 +2.9972e+00 -4.9126e-01
1415 0 +1.506747996e+01 +1.283774800e+02 +1.283774800e+02 +2.0838e+00 +2.9689e+00 +1.3658e-01 +6.8027e-01 +1.1352e+00 -1.0530e+00 -4.6554e-01 -1.6523e+00 +3.0078e+00 -5.5582e-01
1451 0 +1.347196951e+01 +1.267819695e+02 +1.267819695e+02 +2.1003e+00 +2.9821e+00 +6.9818e-02 +7.8609e-01 +1.2390e+00 -1.0808e+00 -4.6141e-01 -1.5738e+00 +2.9974e+00 -4.8644e-01
1501 0 +1.024549049e+01 +1.235554905e+02 +1.235554905e+02 +2.1001e+00 +2.9538e+00 +5.3519e-02 +7.8981e-01 +1.2044e+00 -1.0752e+00 -4.7095e-01 -1.5765e+00 +3.0159e+00 -4.8681e-01
1551 0 +8.314805597e+00 +1.216248056e+02 +1.216248056e+02 +2.0774e+00 +2.9060e+00 +3.7737e-02 +7.4911e-01 +1.2341e+00 -1.0888e+00 -4.6152e-01 -1.5860e+00 +3.0072e+00 -5.2074e-01
1702 0 +8.158354181e+00 +1.214683542e+02 +1.214683542e+02 +2.0815e+00 +2.9231e+00 +7.3774e-02 +7.6777e-01 +1.2090e+00 -1.1242e+00 -4.3416e-01 -1.5988e+00 +3.0028e+00 -5.3534e-01
1751 0 +6.411908642e+00 +1.197219086e+02 +1.197219086e+02 +2.0793e+00 +2.9490e+00 +1.1621e-01 +7.4509e-01 +1.1557e+00 -1.0664e+00 -4.5275e-01 -1.6036e+00 +3.0006e+00 -5.4915e-01
1802 0 +5.853595057e+00 +1.191635951e+02 +1.191635951e+02 +2.0711e+00 +2.9500e+00 +8.4278e-02 +7.4692e-01 +1.1759e+00 -1.0780e+00 -4.4433e-01 -1.5904e+00 +3.0152e+00 -5.2135e-01
1951 0 +4.694406245e+00 +1.180044062e+02 +1.180044062e+02 +2.0766e+00 +2.9526e+00 +7.5955e-02 +7.5576e-01 +1.1894e+00 -1.0822e+00 -4.4629e-01 -1.5946e+00 +3.0000e+00 -5.3237e-01
2002 0 +4.597017883e+00 +1.179070179e+02 +1.179070179e+02 +2.0874e+00 +2.9692e+00 +1.0337e-01 +7.5214e-01 +1.1584e+00 -1.0796e+00 -4.4479e-01 -1.6026e+00 +3.0050e+00 -5.2856e-01
2020 0 +4.555147599e+00 +1.178651476e+02 +1.178651476e+02 +2.0787e+00 +2.9641e+00 +1.1827e-01 +7.4556e-01 +1.1552e+00 -1.0892e+00 -4.3303e-01 -1.5974e+00 +3.0071e+00 -5.4103e-01
2040 0 +4.441787081e+00 +1.177517871e+02 +1.177517871e+02 +2.0823e+00 +2.9562e+00 +1.1859e-01 +7.2973e-01 +1.1525e+00 -1.0711e+00 -4.5201e-01 -1.6045e+00 +3.0077e+00 -5.4794e-01
2051 0 +4.080435707e+00 +1.173904357e+02 +1.173904357e+02 +2.0854e+00 +2.9576e+00 +8.5213e-02 +7.5680e-01 +1.1796e+00 -1.0771e+00 -4.4348e-01 -1.5911e+00 +3.0079e+00 -5.2534e-01
2058 0 +4.072616324e+00 +1.173826163e+02 +1.173826163e+02 +2.0852e+00 +2.9513e+00 +8.5993e-02 +7.6950e-01 +1.1871e+00 -1.0848e+00 -4.4538e-01 -1.5922e+00 +3.0136e+00 -5.1849e-01
2102 0 +4.011511831e+00 +1.173215118e+02 +1.173215118e+02 +2.0838e+00 +2.9460e+00 +8.1662e-02 +7.6245e-01 +1.1858e+00 -1.0932e+00 -4.5041e-01 -1.5925e+00 +3.0073e+00 -5.2781e-01
2103 0 +3.623103584e+00 +1.169331036e+02 +1.169331036e+02 +2.0831e+00 +2.9455e+00 +9.1432e-02 +7.5277e-01 +1.1811e+00 -1.0790e+00 -4.5052e-01 -1.5938e+00 +3.0065e+00 -5.2997e-01
2158 0 +3.114804376e+00 +1.164248044e+02 +1.164248044e+02 +2.0822e+00 +2.9612e+00 +1.0219e-01 +7.5123e-01 +1.1669e+00 -1.0865e+00 -4.4235e-01 -1.5963e+00 +3.0086e+00 -5.3137e-01
2251 0 +2.906113471e+00 +1.162161135e+02 +1.162161135e+02 +2.0802e+00 +2.9581e+00 +1.0398e-01 +7.5338e-01 +1.1681e+00 -1.0758e+00 -4.4584e-01 -1.5984e+00 +3.0088e+00 -5.3239e-01
2321 0 +2.746968543e+00 +1.160569685e+02 +1.160569685e+02 +2.0802e+00 +2.9575e+00 +9.9105e-02 +7.5299e-01 +1.1704e+00 -1.0757e+00 -4.4613e-01 -1.5974e+00 +3.0091e+00 -5.2750e-01
2401 0 +2.625811439e+00 +1.159358114e+02 +1.159358114e+02 +2.0834e+00 +2.9552e+00 +9.9958e-02 +7.5136e-01 +1.1683e+00 -1.0792e+00 -4.4538e-01 -1.5966e+00 +3.0098e+00 -5.2963e-01
2402 0 +2.495799133e+00 +1.158057991e+02 +1.158057991e+02 +2.0830e+00 +2.9546e+00 +9.8199e-02 +7.5105e-01 +1.1743e+00 -1.0846e+00 -4.4625e-01 -1.5968e+00 +3.0083e+00 -5.3085e-01
2403 0 +2.459030695e+00 +1.157690307e+02 +1.157690307e+02 +2.0788e+00 +2.9554e+00 +9.9308e-02 +7.5247e-01 +1.1724e+00 -1.0816e+00 -4.4377e-01 -1.5975e+00 +3.0080e+00 -5.3096e-01
2451 0 +2.188454433e+00 +1.154984544e+02 +1.154984544e+02 +2.0830e+00 +2.9596e+00 +1.0580e-01 +7.4880e-01 +1.1650e+00 -1.0759e+00 -4.4510e-01 -1.5990e+00 +3.0076e+00 -5.3222e-01
% f evaluations | g evaluations | best noise-free fitness - Fopt (2.849000000000e+01) + sum g_i+ | measured fitness | best measured fitness or single-digit g-values | x1 | x2...
1 0 +1.464864804e+03 +1.493354804e+03 +1.493354804e+03 +5.9671e-01 -3.8264e-02 +7.4769e-01 +1.6230e+00 -1.3415e-01 -1.3414e-01 +1.6792e+00 +8.6743e-01 -3.6947e-01 +6.4256e-01
7 0 +1.410502043e+03 +1.438992043e+03 +1.438992043e+03 -3.7917e-01 -8.5659e-02 -1.0063e+00 -1.0962e+00 +9.1253e-01 +1.4562e+00 +2.7990e-02 +1.1035e+00 +4.6164e-01 -5.4512e-01
13 0 +1.398512816e+03 +1.427002816e+03 +1.427002816e+03 +8.9103e-01 -8.0939e-01 +1.5028e+00 -1.3019e+00 +6.8686e-01 +2.2905e+00 -8.9054e-01 -4.6630e-01 +1.9965e-01 -4.0348e-01
17 0 +1.317220082e+03 +1.345710082e+03 +1.345710082e+03 -8.7468e-01 +8.8708e-01 +1.2586e+00 -7.2068e-01 +1.0634e+00 +5.1278e-01 +9.2206e-01 +1.9968e+00 -1.4539e-01 -6.5374e-01
18 0 +1.142692054e+03 +1.171182054e+03 +1.171182054e+03 -7.8951e-01 -7.1581e-01 +2.2898e-02 +4.4115e-01 +3.7669e-01 +9.2718e-01 +1.1300e-01 +1.5535e+00 -1.6466e-01 +2.8202e+00
51 0 +9.653458895e+02 +9.938358895e+02 +9.938358895e+02 +1.0594e+00 +1.2340e+00 -1.2223e+00 -1.1855e+00 -1.1759e+00 +2.5751e+00 +2.7154e+00 +2.3579e+00 -5.2393e-01 +8.5735e-01
52 0 +8.443276545e+02 +8.728176545e+02 +8.728176545e+02 +2.6283e-01 -6.0082e-01 +2.9718e-02 -4.5046e-01 -5.3005e-01 +2.1245e+00 +3.4730e-01 +1.5717e+00 -1.9699e+00 +1.6147e+00
53 0 +7.566936914e+02 +7.851836914e+02 +7.851836914e+02 +1.2517e+00 -1.3270e+00 +1.0452e-01 -2.1123e+00 -1.0902e+00 +1.5910e+00 +2.4709e+00 +4.8329e-01 -8.6503e-01 +1.3453e+00
101 0 +7.240970896e+02 +7.525870896e+02 +7.525870896e+02 +2.1821e+00 -9.0357e-01 -8.4295e-01 -3.2166e+00 -6.9186e-01 +2.9394e+00 +2.4139e+00 +2.1110e+00 -3.5940e+00 +3.4001e+00
102 0 +7.184660163e+02 +7.469560163e+02 +7.469560163e+02 +2.5264e+00 -2.4995e-01 +7.0302e-01 -3.9260e+00 -2.0279e-02 +2.6622e+00 +2.2377e+00 +2.2184e+00 -3.1890e+00 +2.8706e+00
108 0 +5.654604257e+02 +5.939504257e+02 +5.939504257e+02 -7.0882e-01 +3.2967e-02 +4.7398e-01 -2.6950e+00 -3.0046e-01 +1.5511e+00 +1.8149e+00 +4.1428e+00 -2.2254e+00 +2.3029e+00
110 0 +5.397386071e+02 +5.682286071e+02 +5.682286071e+02 +1.6436e+00 -2.0083e+00 +7.4178e-01 -2.7122e+00 -6.1141e-01 +2.9190e+00 +2.6617e+00 +6.5835e-01 -3.3598e-01 +2.0715e+00
251 0 +4.714362202e+02 +4.999262202e+02 +4.999262202e+02 -2.1286e+00 -2.1521e+00 +2.5304e-01 -2.5443e+00 -1.4455e+00 +3.4420e+00 +6.5771e-01 +2.1025e+00 -3.3019e+00 +3.8309e+00
301 0 +2.883216233e+02 +3.168116233e+02 +3.168116233e+02 +4.6436e-01 -1.2039e+00 +6.2919e-01 -3.8592e+00 -1.5832e+00 +1.8938e+00 +5.8425e-01 +2.0176e+00 -1.9321e+00 +3.5715e+00
501 0 +2.476379208e+02 +2.761279208e+02 +2.761279208e+02 -1.0444e+00 -2.4649e+00 +8.7282e-01 -4.6169e+00 -2.4160e+00 +2.0297e+00 +1.4026e+00 +3.0074e+00 -2.3925e+00 +3.4444e+00
503 0 +2.299022881e+02 +2.583922881e+02 +2.583922881e+02 -9.6419e-01 -2.7978e+00 +9.0650e-01 -3.1394e+00 -2.1801e+00 +2.1486e+00 +2.4341e+00 +2.8594e+00 -7.9136e-01 +3.6900e+00
522 0 +2.162688400e+02 +2.447588400e+02 +2.447588400e+02 -3.4498e-01 -1.2146e+00 -4.0653e-01 -4.3524e+00 -3.2113e+00 +2.0957e+00 +1.1087e+00 +3.3881e+00 -3.9975e+00 +3.3100e+00
601 0 +1.519848722e+02 +1.804748722e+02 +1.804748722e+02 -3.9676e-01 -1.7986e+00 +5.4846e-01 -3.5696e+00 -1.9122e+00 +1.8528e+00 +1.3664e+00 +2.8858e+00 -1.7415e+00 +3.4431e+00
603 0 +1.490013027e+02 +1.774913027e+02 +1.774913027e+02 -1.2141e+00 -1.7999e+00 +1.7929e-01 -3.5956e+00 -2.5004e+00 +2.8885e+00 +1.3383e+00 +2.9384e+00 -2.7368e+00 +3.5703e+00
701 0 +1.469594534e+02 +1.754494534e+02 +1.754494534e+02 -9.6275e-03 -1.7319e+00 +8.1660e-01 -3.6041e+00 -2.2431e+00 +2.3297e+00 +1.0617e+00 +3.1413e+00 -2.0084e+00 +3.5416e+00
702 0 +1.433969621e+02 +1.718869621e+02 +1.718869621e+02 -5.5504e-03 -1.8790e+00 +7.3023e-01 -3.7366e+00 -2.2969e+00 +2.6201e+00 +1.2171e+00 +2.3925e+00 -1.9683e+00 +2.9986e+00
704 0 +1.312698328e+02 +1.597598328e+02 +1.597598328e+02 -6.1117e-01 -1.7530e+00 +4.2965e-01 -4.2907e+00 -2.2143e+00 +2.6437e+00 +7.1325e-01 +2.7381e+00 -2.2811e+00 +3.1541e+00
751 0 +9.076605024e+01 +1.192560502e+02 +1.192560502e+02 -4.6352e-01 -1.8399e+00 +6.0940e-01 -3.9047e+00 -2.3118e+00 +2.4895e+00 +1.1570e+00 +2.7457e+00 -1.8320e+00 +3.5151e+00
801 0 +8.609382721e+01 +1.145838272e+02 +1.145838272e+02 -8.7651e-01 -1.8572e+00 +3.4601e-01 -4.1229e+00 -2.1573e+00 +2.4909e+00 +1.3413e+00 +2.9728e+00 -2.2694e+00 +3.1953e+00
806 0 +7.366678971e+01 +1.021567897e+02 +1.021567897e+02 -4.7762e-01 -2.0538e+00 +5.1043e-01 -3.5650e+00 -1.9972e+00 +2.3350e+00 +1.6192e+00 +2.8889e+00 -1.7841e+00 +3.1973e+00
901 0 +6.790090884e+01 +9.639090884e+01 +9.639090884e+01 -6.8056e-01 -1.9417e+00 +5.1712e-01 -4.0769e+00 -2.2917e+00 +2.4750e+00 +1.4675e+00 +2.8396e+00 -2.0629e+00 +3.4328e+00
902 0 +6.704609937e+01 +9.553609937e+01 +9.553609937e+01 -6.9526e-01 -2.0400e+00 +4.2528e-03 -3.6672e+00 -2.3575e+00 +2.5643e+00 +1.4700e+00 +2.7619e+00 -2.0447e+00 +3.3373e+00
951 0 +5.721967458e+01 +8.570967458e+01 +8.570967458e+01 -5.3918e-01 -1.8682e+00 +2.9599e-01 -3.7146e+00 -2.2475e+00 +2.4764e+00 +1.5155e+00 +2.9006e+00 -2.2413e+00 +3.3803e+00
1001 0 +4.978593046e+01 +7.827593046e+01 +7.827593046e+01 -5.8844e-01 -2.0441e+00 +6.5758e-02 -3.9188e+00 -2.3683e+00 +2.5003e+00 +1.1383e+00 +2.9249e+00 -2.2066e+00 +3.4021e+00
1004 0 +4.662984154e+01 +7.511984154e+01 +7.511984154e+01 -4.6520e-01 -1.7646e+00 +3.6907e-01 -3.9200e+00 -2.3085e+00 +2.4405e+00 +1.1671e+00 +3.0094e+00 -2.2825e+00 +3.2919e+00
1007 0 +4.619542137e+01 +7.468542137e+01 +7.468542137e+01 -7.9736e-01 -2.1435e+00 +2.7092e-01 -3.8761e+00 -2.2034e+00 +2.5787e+00 +1.3781e+00 +2.7080e+00 -1.9565e+00 +3.4222e+00
1051 0 +3.300965455e+01 +6.149965455e+01 +6.149965455e+01 -4.1990e-01 -1.9748e+00 +2.8730e-01 -3.9383e+00 -2.2135e+00 +2.5334e+00 +1.2300e+00 +2.7928e+00 -2.0466e+00 +3.4544e+00
1052 0 +3.176259928e+01 +6.025259928e+01 +6.025259928e+01 -5.7331e-01 -1.9723e+00 +2.2371e-01 -3.8936e+00 -2.3634e+00 +2.5459e+00 +1.2291e+00 +2.7520e+00 -2.3695e+00 +3.3974e+00
1101 0 +1.926745629e+01 +4.775745629e+01 +4.775745629e+01 -5.1425e-01 -1.9957e+00 +2.8930e-01 -3.9439e+00 -2.2994e+00 +2.5729e+00 +1.4195e+00 +2.6926e+00 -2.0196e+00 +3.3823e+00
1302 0 +1.393088007e+01 +4.242088007e+01 +4.242088007e+01 -5.1711e-01 -1.9048e+00 +3.1166e-01 -3.8670e+00 -2.2470e+00 +2.5304e+00 +1.3557e+00 +2.7744e+00 -2.0559e+00 +3.2938e+00
1401 0 +1.387351794e+01 +4.236351794e+01 +4.236351794e+01 -5.2683e-01 -1.9445e+00 +2.5682e-01 -3.8739e+00 -2.2961e+00 +2.4845e+00 +1.3835e+00 +2.7879e+00 -2.0696e+00 +3.3539e+00
1402 0 +1.251618484e+01 +4.100618484e+01 +4.100618484e+01 -5.1379e-01 -1.9276e+00 +3.4526e-01 -3.9194e+00 -2.2822e+00 +2.4995e+00 +1.3217e+00 +2.7894e+00 -2.1063e+00 +3.3685e+00
1404 0 +1.180481816e+01 +4.029481816e+01 +4.029481816e+01 -6.1119e-01 -1.9622e+00 +2.2390e-01 -3.8856e+00 -2.3164e+00 +2.5375e+00 +1.3320e+00 +2.8079e+00 -2.1577e+00 +3.3706e+00
1405 0 +1.131283849e+01 +3.980283849e+01 +3.980283849e+01 -5.7075e-01 -1.9092e+00 +2.3576e-01 -3.9148e+00 -2.2904e+00 +2.4918e+00 +1.2662e+00 +2.8330e+00 -2.2293e+00 +3.3402e+00
1501 0 +9.084189887e+00 +3.757418989e+01 +3.757418989e+01 -5.2075e-01 -1.9086e+00 +2.6419e-01 -3.8786e+00 -2.2562e+00 +2.5305e+00 +1.3150e+00 +2.7747e+00 -2.1621e+00 +3.3390e+00
1551 0 +5.542585233e+00 +3.403258523e+01 +3.403258523e+01 -5.5809e-01 -1.9022e+00 +2.6668e-01 -3.9037e+00 -2.3020e+00 +2.5365e+00 +1.3083e+00 +2.7946e+00 -2.1828e+00 +3.3513e+00
1691 0 +4.911270448e+00 +3.340127045e+01 +3.340127045e+01 -5.7185e-01 -1.9270e+00 +2.5452e-01 -3.8955e+00 -2.2780e+00 +2.5299e+00 +1.2973e+00 +2.8040e+00 -2.1603e+00 +3.3622e+00
1751 0 +4.268960830e+00 +3.275896083e+01 +3.275896083e+01 -5.7319e-01 -1.9317e+00 +2.5694e-01 -3.9075e+00 -2.2780e+00 +2.5329e+00 +1.2984e+00 +2.8027e+00 -2.1638e+00 +3.3590e+00
1771 0 +3.770202298e+00 +3.226020230e+01 +3.226020230e+01 -5.6071e-01 -1.9055e+00 +2.2820e-01 -3.9056e+00 -2.3068e+00 +2.5433e+00 +1.2783e+00 +2.8064e+00 -2.2239e+00 +3.3591e+00
1801 0 +3.063852730e+00 +3.155385273e+01 +3.155385273e+01 -5.4541e-01 -1.9217e+00 +2.7398e-01 -3.9087e+00 -2.2892e+00 +2.5248e+00 +1.3178e+00 +2.7877e+00 -2.1567e+00 +3.3517e+00
1859 0 +2.805601290e+00 +3.129560129e+01 +3.129560129e+01 -5.7662e-01 -1.9244e+00 +2.3085e-01 -3.9170e+00 -2.3009e+00 +2.5308e+00 +1.2929e+00 +2.8022e+00 -2.1956e+00 +3.3623e+00
1995 0 +2.137466348e+00 +3.062746635e+01 +3.062746635e+01 -5.5248e-01 -1.9112e+00 +2.5781e-01 -3.9108e+00 -2.2878e+00 +2.5264e+00 +1.3108e+00 +2.7959e+00 -2.1648e+00 +3.3501e+00
2102 0 +1.848866317e+00 +3.033886632e+01 +3.033886632e+01 -5.5810e-01 -1.9061e+00 +2.3924e-01 -3.9211e+00 -2.2982e+00 +2.5286e+00 +1.2919e+00 +2.8051e+00 -2.1979e+00 +3.3556e+00
2103 0 +1.577577332e+00 +3.006757733e+01 +3.006757733e+01 -5.6537e-01 -1.9108e+00 +2.3901e-01 -3.9173e+00 -2.2998e+00 +2.5342e+00 +1.2939e+00 +2.8046e+00 -2.1898e+00 +3.3563e+00
2184 0 +1.541998045e+00 +3.003199805e+01 +3.003199805e+01 -5.5894e-01 -1.9184e+00 +2.4863e-01 -3.9107e+00 -2.2942e+00 +2.5315e+00 +1.3004e+00 +2.7988e+00 -2.1801e+00 +3.3596e+00
2202 0 +1.319337684e+00 +2.980933768e+01 +2.980933768e+01 -5.6156e-01 -1.9133e+00 +2.3665e-01 -3.9172e+00 -2.3005e+00 +2.5331e+00 +1.2903e+00 +2.7986e+00 -2.1947e+00 +3.3555e+00
2327 0 +1.213396264e+00 +2.970339626e+01 +2.970339626e+01 -5.7300e-01 -1.8969e+00 +2.1392e-01 -3.9277e+00 -2.3136e+00 +2.5407e+00 +1.2689e+00 +2.8136e+00 -2.2451e+00 +3.3624e+00
% f evaluations | g evaluations | best noise-free fitness - Fopt (-7.405800000000e+02) + sum g_i+ | measured fitness | best measured fitness or single-digit g-values | x1 | x2...
1 0 +1.459786099e+03 +7.192060987e+02 +7.192060987e+02 +5.9671e-01 -3.8264e-02 +7.4769e-01 +1.6230e+00 -1.3415e-01 -1.3414e-01 +1.6792e+00 +8.6743e-01 -3.6947e-01 +6.4256e-01
2 0 +1.334855708e+03 +5.942757082e+02 +5.942757082e+02 -3.6342e-01 -3.6573e-01 +3.4196e-01 -1.8133e+00 -1.6249e+00 -4.6229e-01 -9.1283e-01 +4.1425e-01 -8.0802e-01 -1.3123e+00
3 0 +1.270499998e+03 +5.299199975e+02 +5.299199975e+02 +1.5656e+00 -1.2578e-01 +1.6753e-01 -1.3247e+00 -4.4438e-01 +2.1092e-01 -1.0510e+00 +4.7570e-01 -5.0064e-01 -1.9169e-01
6 0 +1.126297134e+03 +3.857171340e+02 +3.857171340e+02 +4.2408e-01 -2.8508e-01 -5.7692e-01 +7.1168e-01 +1.1310e+00 +1.0313e+00 -7.3922e-01 -2.0921e-01 +4.3126e-01 +1.0755e+00
14 0 +1.006541737e+03 +2.659617370e+02 +2.659617370e+02 -1.4507e+00 +1.6856e-01 -9.6230e-01 +5.7359e-01 -8.1942e-01 +1.6499e+00 -6.8325e-01 -2.2206e-01 +9.1352e-01 -1.1309e+00
51 0 +6.929799780e+02 -4.760002201e+01 -4.760002201e+01 -1.2162e+00 +3.6610e-01 -7.4121e-01 +1.5078e+00 -8.2063e-01 +4.0211e+00 -2.3983e+00 +1.0008e+00 +1.5469e-01 -2.0458e+00
101 0 +4.208614512e+02 -3.197185488e+02 -3.197185488e+02 -7.6102e-01 +6.5184e-01 -2.1840e+00 +5.2791e-01 -3.0731e-01 +4.0316e+00 -3.7246e+00 +1.7172e+00 -1.0192e+00 -1.9042e+00
105 0 +4.183154567e+02 -3.222645433e+02 -3.222645433e+02 -6.1992e-02 -3.9741e-01 -4.2310e+00 +1.9094e-01 -2.9492e+00 +2.4296e+00 -2.4008e+00 -3.7495e-02 -2.0712e+00 -1.4093e+00
251 0 +3.884157851e+02 -3.521642149e+02 -3.521642149e+02 +7.7703e-01 +1.0909e+00 -3.9186e+00 -6.9505e-01 -2.8448e+00 +3.3075e+00 -2.5170e+00 +1.3953e-01 -2.3011e+00 -5.3576e-01
301 0 +3.072360260e+02 -4.333439740e+02 -4.333439740e+02 +9.3389e-01 +7.0952e-01 -3.9975e+00 +1.7385e-01 -2.1582e+00 +3.6574e+00 -2.4971e+00 +1.0715e+00 -3.2483e+00 -1.7361e+00
452 0 +2.913349691e+02 -4.492450309e+02 -4.492450309e+02 -8.8579e-01 +1.5225e+00 -2.1997e+00 +9.3301e-02 -1.0300e+00 +4.0669e+00 -3.6492e+00 +2.6783e+00 -3.1317e+00 -9.5228e-01
454 0 +2.767502830e+02 -4.638297170e+02 -4.638297170e+02 -1.4884e+00 -8.5716e-02 -3.6511e+00 -4.3149e-01 -1.0387e+00 +4.4784e+00 -3.5449e+00 +2.2822e+00 -2.5708e+00 -9.9270e-01
501 0 +2.597872960e+02 -4.807927040e+02 -4.807927040e+02 -6.6375e-01 -9.0557e-02 -2.2270e+00 -6.7946e-01 -1.1223e+00 +4.1237e+00 -3.0972e+00 +1.4718e+00 -2.5900e+00 -5.3923e-01
601 0 +1.809048778e+02 -5.596751222e+02 -5.596751222e+02 -8.1216e-01 +3.7299e-02 -2.3727e+00 -1.8674e-01 -1.2888e+00 +3.5244e+00 -3.8332e+00 +1.9328e+00 -2.9539e+00 -1.4777e+00
651 0 +1.553180262e+02 -5.852619738e+02 -5.852619738e+02 -1.4640e+00 -6.8110e-01 -3.4598e+00 +1.1089e-01 -1.1619e+00 +3.2016e+00 -3.7414e+00 +2.3137e+00 -3.0651e+00 -1.2205e+00
702 0 +1.539085457e+02 -5.866714543e+02 -5.866714543e+02 -7.3613e-01 -2.7223e-01 -3.7319e+00 +4.4379e-01 -1.6248e+00 +3.2465e+00 -3.3952e+00 +1.4974e+00 -3.0883e+00 -1.0482e+00
703 0 +1.502186427e+02 -5.903613573e+02 -5.903613573e+02 -2.2111e+00 +9.9040e-02 -3.2422e+00 +2.6930e-01 -1.0319e+00 +3.6418e+00 -4.0294e+00 +2.1098e+00 -3.8526e+00 -9.4052e-01
751 0 +1.033424422e+02 -6.372375578e+02 -6.372375578e+02 -5.7050e-01 +9.1814e-02 -3.4025e+00 -1.3208e-01 -1.4681e+00 +3.8373e+00 -3.2129e+00 +1.0668e+00 -2.6079e+00 -1.0323e+00
801 0 +9.756115457e+01 -6.430188454e+02 -6.430188454e+02 -1.1876e+00 -3.0916e-02 -2.7392e+00 -2.2282e-01 -1.4086e+00 +3.8056e+00 -3.5372e+00 +1.5812e+00 -3.1061e+00 -9.8253e-01
803 0 +9.490639845e+01 -6.456736015e+02 -6.456736015e+02 -1.3833e+00 +2.0895e-01 -2.7614e+00 +3.8347e-01 -1.5743e+00 +3.5276e+00 -3.6788e+00 +2.1171e+00 -3.3071e+00 -1.0165e+00
851 0 +6.497108123e+01 -6.756089188e+02 -6.756089188e+02 -1.1803e+00 +3.9328e-01 -2.7129e+00 +7.1354e-02 -1.3879e+00 +3.8416e+00 -3.6953e+00 +1.9653e+00 -3.1048e+00 -1.2413e+00
951 0 +6.187805873e+01 -6.787019413e+02 -6.787019413e+02 -1.2665e+00 +3.2036e-01 -2.6234e+00 -5.1229e-02 -1.1210e+00 +3.8185e+00 -3.5371e+00 +1.7781e+00 -3.0248e+00 -9.6372e-01
952 0 +4.964026155e+01 -6.909397384e+02 -6.909397384e+02 -1.1008e+00 +1.8561e-01 -3.0057e+00 +1.3420e-01 -1.2816e+00 +3.7403e+00 -3.4870e+00 +1.9347e+00 -3.3815e+00 -1.0425e+00
1051 0 +3.737134001e+01 -7.032086600e+02 -7.032086600e+02 -1.2242e+00 +1.6782e-02 -3.0613e+00 +8.2740e-02 -1.3288e+00 +3.6450e+00 -3.5259e+00 +1.9133e+00 -3.2175e+00 -9.1331e-01
1151 0 +3.397430240e+01 -7.066056976e+02 -7.066056976e+02 -1.1225e+00 +7.5396e-02 -3.0055e+00 +7.9045e-02 -1.3346e+00 +3.7169e+00 -3.5695e+00 +2.0233e+00 -3.0988e+00 -1.0752e+00
1202 0 +2.726516816e+01 -7.133148318e+02 -7.133148318e+02 -1.3140e+00 +1.9439e-01 -2.8514e+00 +8.2823e-02 -1.1678e+00 +3.7772e+00 -3.5845e+00 +1.8926e+00 -3.2706e+00 -9.8038e-01
1251 0 +2.635313450e+01 -7.142268655e+02 -7.142268655e+02 -1.1188e+00 +1.8031e-01 -2.9075e+00 +1.2937e-01 -1.2565e+00 +3.6593e+00 -3.5735e+00 +1.9120e+00 -3.2435e+00 -9.9327e-01
1255 0 +2.584327331e+01 -7.147367267e+02 -7.147367267e+02 -1.3844e+00 +9.1915e-02 -2.7048e+00 +1.3331e-01 -1.1328e+00 +3.6930e+00 -3.6556e+00 +2.1022e+00 -3.2448e+00 -9.5768e-01
1301 0 +1.943038486e+01 -7.211496151e+02 -7.211496151e+02 -1.3252e+00 +1.4523e-01 -2.8339e+00 +6.7126e-02 -1.2249e+00 +3.7264e+00 -3.5858e+00 +1.9856e+00 -3.2610e+00 -1.0446e+00
1404 0 +1.906103625e+01 -7.215189638e+02 -7.215189638e+02 -1.1375e+00 +1.0372e-01 -2.9191e+00 +3.8032e-02 -1.2723e+00 +3.7230e+00 -3.5288e+00 +1.8510e+00 -3.1829e+00 -1.0111e+00
1405 0 +1.844999912e+01 -7.221300009e+02 -7.221300009e+02 -1.3455e+00 +6.5351e-02 -2.8141e+00 +1.1958e-01 -1.2382e+00 +3.6495e+00 -3.6326e+00 +2.0425e+00 -3.2565e+00 -9.8331e-01
1406 0 +1.786210923e+01 -7.227178908e+02 -7.227178908e+02 -1.1401e+00 +1.3491e-01 -2.9325e+00 +3.6565e-03 -1.2737e+00 +3.7090e+00 -3.5309e+00 +1.8760e+00 -3.2419e+00 -9.9573e-01
1451 0 +1.343016554e+01 -7.271498345e+02 -7.271498345e+02 -1.2698e+00 +1.4536e-01 -2.8986e+00 +6.2094e-02 -1.3014e+00 +3.7005e+00 -3.5982e+00 +1.9956e+00 -3.2596e+00 -9.6806e-01
1501 0 +7.137923825e+00 -7.334420762e+02 -7.334420762e+02 -1.3328e+00 +1.0600e-01 -2.8516e+00 +7.3093e-02 -1.2309e+00 +3.6771e+00 -3.6120e+00 +2.0249e+00 -3.2750e+00 -9.7762e-01
1751 0 +6.099159977e+00 -7.344808400e+02 -7.344808400e+02 -1.4722e+00 +8.6328e-02 -2.8074e+00 +1.1806e-01 -1.1504e+00 +3.6342e+00 -3.6484e+00 +2.1558e+00 -3.3332e+00 -9.7740e-01
1801 0 +5.301143921e+00 -7.352788561e+02 -7.352788561e+02 -1.3821e+00 +9.7579e-02 -2.8352e+00 +9.8776e-02 -1.2022e+00 +3.6532e+00 -3.6253e+00 +2.0724e+00 -3.2954e+00 -9.9063e-01
1802 0 +5.251743353e+00 -7.353282566e+02 -7.353282566e+02 -1.3882e+00 +1.1214e-01 -2.8425e+00 +9.9229e-02 -1.1921e+00 +3.6861e+00 -3.6338e+00 +2.0879e+00 -3.2897e+00 -9.8216e-01
1851 0 +3.999948366e+00 -7.365800516e+02 -7.365800516e+02 -1.4867e+00 +7.3027e-02 -2.7995e+00 +1.3655e-01 -1.1456e+00 +3.6419e+00 -3.6513e+00 +2.1817e+00 -3.3402e+00 -9.7522e-01
1852 0 +3.709275519e+00 -7.368707245e+02 -7.368707245e+02 -1.4336e+00 +9.8018e-02 -2.8188e+00 +1.1570e-01 -1.1817e+00 +3.6582e+00 -3.6326e+00 +2.1208e+00 -3.2968e+00 -9.7942e-01
1952 0 +2.522538437e+00 -7.380574616e+02 -7.380574616e+02 -1.4097e+00 +9.1127e-02 -2.8302e+00 +1.0447e-01 -1.1910e+00 +3.6654e+00 -3.6268e+00 +2.1014e+00 -3.2998e+00 -9.7806e-01
2055 0 +2.419326150e+00 -7.381606738e+02 -7.381606738e+02 -1.4204e+00 +8.6428e-02 -2.8298e+00 +1.0700e-01 -1.1833e+00 +3.6584e+00 -3.6336e+00 +2.1136e+00 -3.3091e+00 -9.8308e-01
2101 0 +1.783622376e+00 -7.387963776e+02 -7.387963776e+02 -1.4697e+00 +7.5698e-02 -2.8081e+00 +1.2432e-01 -1.1610e+00 +3.6446e+00 -3.6432e+00 +2.1545e+00 -3.3142e+00 -9.7496e-01
2203 0 +1.546535538e+00 -7.390334645e+02 -7.390334645e+02 -1.4356e+00 +8.2973e-02 -2.8248e+00 +1.1447e-01 -1.1761e+00 +3.6558e+00 -3.6350e+00 +2.1253e+00 -3.3043e+00 -9.8082e-01
2251 0 +1.527967954e+00 -7.390520320e+02 -7.390520320e+02 -1.4347e+00 +8.3067e-02 -2.8235e+00 +1.1590e-01 -1.1813e+00 +3.6558e+00 -3.6373e+00 +2.1293e+00 -3.3072e+00 -9.8132e-01
2252 0 +1.173336022e+00 -7.394066640e+02 -7.394066640e+02 -1.4537e+00 +7.4962e-02 -2.8193e+00 +1.1826e-01 -1.1701e+00 +3.6474e+00 -3.6387e+00 +2.1439e+00 -3.3148e+00 -9.7700e-01
2351 0 +1.028119713e+00 -7.395518803e+02 -7.395518803e+02 -1.4508e+00 +7.6478e-02 -2.8219e+00 +1.1952e-01 -1.1731e+00 +3.6479e+00 -3.6406e+00 +2.1410e+00 -3.3135e+00 -9.7614e-01
2356 0 +9.800052422e-01 -7.395999948e+02 -7.395999948e+02 -1.4474e+00 +7.9053e-02 -2.8223e+00 +1.1733e-01 -1.1731e+00 +3.6498e+00 -3.6383e+00 +2.1356e+00 -3.3126e+00 -9.7673e-01
% f evaluations | g evaluations | best noise-free fitness - Fopt (-5.177000000000e+01) + sum g_i+ | measured fitness | best measured fitness or single-digit g-values | x1 | x2...
1 0 +1.856691414e+03 +1.804921414e+03 +1.804921414e+03 +5.9671e-01 -3.8264e-02 +7.4769e-01 +1.6230e+00 -1.3415e-01 -1.3414e-01 +1.6792e+00 +8.6743e-01 -3.6947e-01 +6.4256e-01
2 0 +1.465100807e+03 +1.413330807e+03 +1.413330807e+03 -3.6342e-01 -3.6573e-01 +3.4196e-01 -1.8133e+00 -1.6249e+00 -4.6229e-01 -9.1283e-01 +4.1425e-01 -8.0802e-01 -1.3123e+00
6 0 +1.425958760e+03 +1.374188760e+03 +1.374188760e+03 +4.2408e-01 -2.8508e-01 -5.7692e-01 +7.1168e-01 +1.1310e+00 +1.0313e+00 -7.3922e-01 -2.0921e-01 +4.3126e-01 +1.0755e+00
7 0 +1.222017990e+03 +1.170247990e+03 +1.170247990e+03 -3.7917e-01 -8.5659e-02 -1.0063e+00 -1.0962e+00 +9.1253e-01 +1.4562e+00 +2.7990e-02 +1.1035e+00 +4.6164e-01 -5.4512e-01
14 0 +1.083675955e+03 +1.031905955e+03 +1.031905955e+03 -1.4507e+00 +1.6856e-01 -9.6230e-01 +5.7359e-01 -8.1942e-01 +1.6499e+00 -6.8325e-01 -2.2206e-01 +9.1352e-01 -1.1309e+00
51 0 +9.021952465e+02 +8.504252465e+02 +8.504252465e+02 -1.8772e+00 +3.7457e-02 +1.7334e+00 -3.6838e-01 +1.8877e+00 +1.3858e+00 -1.8405e+00 -1.8226e+00 +5.4121e-01 -3.0640e+00
52 0 +8.188172952e+02 +7.670472952e+02 +7.670472952e+02 -2.1024e+00 +1.8787e+00 +3.0099e-01 -9.4575e-01 +8.2743e-01 +2.8337e+00 -2.8161e-01 +1.4158e+00 +9.3073e-01 -2.3046e+00
56 0 +6.737490289e+02 +6.219790289e+02 +6.219790289e+02 -1.1928e+00 +1.5142e+00 +1.2379e+00 -1.5067e+00 +1.8816e+00 +1.1919e+00 -8.6744e-01 -4.1231e-01 +1.6100e+00 -1.4407e+00
151 0 +6.026916105e+02 +5.509216105e+02 +5.509216105e+02 -2.1707e+00 +2.7359e+00 +2.2692e-01 -2.0248e+00 +2.5364e+00 +1.6399e+00 +4.7462e-01 -8.4932e-01 +3.0510e+00 -4.6699e+00
251 0 +4.811769376e+02 +4.294069376e+02 +4.294069376e+02 -3.1199e+00 +2.3756e+00 +1.2852e+00 -1.0590e+00 +1.8875e+00 +1.6413e+00 -7.1151e-01 -1.3415e+00 +1.4628e+00 -3.3073e+00
301 0 +4.719818376e+02 +4.202118376e+02 +4.202118376e+02 -2.3889e+00 +2.3723e+00 +1.1263e+00 -1.2719e+00 +2.4173e+00 +1.8754e+00 -2.6089e+00 -3.2789e+00 +2.7459e+00 -2.9768e+00
351 0 +4.417584121e+02 +3.899884121e+02 +3.899884121e+02 -2.0329e+00 +1.5708e+00 +1.3531e+00 -3.7064e+00 +3.5792e+00 +1.3034e+00 -2.2794e+00 -2.0099e+00 +3.7165e+00 -4.9892e+00
401 0 +3.694887591e+02 +3.177187591e+02 +3.177187591e+02 -2.7962e+00 +2.7832e+00 +1.3938e+00 -2.1563e+00 +1.8856e+00 +7.0571e-01 -1.4317e+00 -9.0954e-01 +2.7857e+00 -3.3177e+00
453 0 +3.302517727e+02 +2.784817727e+02 +2.784817727e+02 -3.1437e+00 +1.5081e+00 +1.7823e+00 -4.4201e+00 +1.2816e+00 +1.4692e+00 -2.2303e+00 -3.3249e-01 +1.3497e+00 -4.2787e+00
504 0 +3.021304395e+02 +2.503604395e+02 +2.503604395e+02 -3.1923e+00 +1.6542e+00 +2.1678e+00 -4.8802e+00 +4.0239e+00 +1.5449e+00 -2.4917e+00 -1.1251e+00 +2.6372e+00 -3.6273e+00
601 0 +2.640311031e+02 +2.122611031e+02 +2.122611031e+02 -2.9942e+00 +2.1110e+00 +3.2228e+00 -3.0737e+00 +2.3171e+00 +1.2307e+00 -2.7505e+00 -8.6198e-01 +2.0431e+00 -3.4064e+00
607 0 +2.059353452e+02 +1.541653452e+02 +1.541653452e+02 -1.8256e+00 +1.4258e+00 +1.9472e+00 -3.5254e+00 +4.0098e+00 +8.3667e-01 -3.2765e+00 -1.7145e-01 +2.2379e+00 -3.6978e+00
652 0 +1.898656286e+02 +1.380956286e+02 +1.380956286e+02 -1.7871e+00 +1.6272e+00 +2.0115e+00 -3.6176e+00 +3.8086e+00 +6.7262e-01 -2.9780e+00 +5.7486e-01 +2.4660e+00 -2.9759e+00
701 0 +1.159735125e+02 +6.420351254e+01 +6.420351254e+01 -2.3791e+00 +1.9293e+00 +2.0812e+00 -3.6978e+00 +3.3335e+00 +1.5699e+00 -2.4038e+00 -7.5578e-01 +2.5336e+00 -3.1550e+00
801 0 +1.029879295e+02 +5.121792951e+01 +5.121792951e+01 -1.9984e+00 +1.5877e+00 +1.7363e+00 -3.5763e+00 +3.0842e+00 +1.0039e+00 -2.3773e+00 -4.7145e-01 +2.5523e+00 -3.4865e+00
852 0 +9.753485250e+01 +4.576485250e+01 +4.576485250e+01 -2.4551e+00 +1.6301e+00 +2.4055e+00 -3.9394e+00 +3.6309e+00 +7.8026e-01 -2.4524e+00 +8.2235e-02 +2.3364e+00 -3.5283e+00
853 0 +8.189120012e+01 +3.012120012e+01 +3.012120012e+01 -2.3359e+00 +1.7891e+00 +1.8849e+00 -3.4341e+00 +3.9435e+00 +7.1496e-01 -2.3687e+00 -9.4100e-02 +2.7996e+00 -3.2548e+00
901 0 +7.147714876e+01 +1.970714876e+01 +1.970714876e+01 -2.3300e+00 +1.5827e+00 +1.9153e+00 -3.6050e+00 +3.8178e+00 +9.7907e-01 -2.5282e+00 -4.1720e-01 +2.4659e+00 -3.3904e+00
904 0 +5.969283021e+01 +7.922830206e+00 +7.922830206e+00 -2.4588e+00 +1.7591e+00 +1.9519e+00 -3.9434e+00 +3.0966e+00 +1.1256e+00 -2.2072e+00 -6.2179e-01 +2.5799e+00 -3.4502e+00
960 0 +5.472866822e+01 +2.958668217e+00 +2.958668217e+00 -2.4339e+00 +1.8051e+00 +1.9607e+00 -3.4666e+00 +2.8480e+00 +1.0702e+00 -2.3363e+00 -7.2252e-01 +2.3748e+00 -3.3733e+00
1051 0 +5.196629380e+01 +1.962937984e-01 +1.962937984e-01 -2.2921e+00 +1.6787e+00 +2.1130e+00 -3.7588e+00 +3.4483e+00 +1.0724e+00 -2.3934e+00 -3.6465e-01 +2.6937e+00 -3.2647e+00
1053 0 +5.168783873e+01 -8.216126517e-02 -8.216126517e-02 -2.2724e+00 +1.6969e+00 +2.0262e+00 -3.8234e+00 +3.1864e+00 +1.0908e+00 -2.5658e+00 -4.1300e-01 +2.4863e+00 -3.3714e+00
1068 0 +5.059230406e+01 -1.177695937e+00 -1.177695937e+00 -2.1784e+00 +1.5787e+00 +2.0550e+00 -3.8186e+00 +3.8058e+00 +8.7317e-01 -2.6444e+00 -1.5470e-01 +2.6178e+00 -3.4025e+00
1101 0 +4.057123307e+01 -1.119876693e+01 -1.119876693e+01 -2.3166e+00 +1.7121e+00 +2.0230e+00 -3.8744e+00 +3.6028e+00 +1.0611e+00 -2.5917e+00 -4.4178e-01 +2.5645e+00 -3.3304e+00
1153 0 +4.046244263e+01 -1.130755737e+01 -1.130755737e+01 -2.4325e+00 +1.7243e+00 +2.1996e+00 -3.8508e+00 +3.5013e+00 +9.8745e-01 -2.5460e+00 -4.2740e-01 +2.6585e+00 -3.2889e+00
1207 0 +3.576014583e+01 -1.600985417e+01 -1.600985417e+01 -2.3739e+00 +1.7521e+00 +2.1303e+00 -3.6703e+00 +3.4833e+00 +9.9511e-01 -2.4578e+00 -5.5848e-01 +2.4958e+00 -3.3688e+00
1217 0 +3.433385977e+01 -1.743614023e+01 -1.743614023e+01 -2.4428e+00 +1.7360e+00 +2.0849e+00 -3.7836e+00 +3.6627e+00 +8.2982e-01 -2.4631e+00 -2.3109e-01 +2.6272e+00 -3.3482e+00
1251 0 +3.257234332e+01 -1.919765668e+01 -1.919765668e+01 -2.4063e+00 +1.7841e+00 +2.1079e+00 -3.8227e+00 +3.5484e+00 +9.4939e-01 -2.4225e+00 -4.0450e-01 +2.5052e+00 -3.3360e+00
1258 0 +3.245028962e+01 -1.931971038e+01 -1.931971038e+01 -2.4008e+00 +1.6468e+00 +1.9319e+00 -3.7666e+00 +3.3938e+00 +1.0659e+00 -2.4146e+00 -4.3893e-01 +2.4328e+00 -3.3878e+00
1264 0 +3.231953693e+01 -1.945046307e+01 -1.945046307e+01 -2.3004e+00 +1.6480e+00 +2.1879e+00 -3.9031e+00 +3.5950e+00 +8.6510e-01 -2.4156e+00 -2.7676e-01 +2.6420e+00 -3.4972e+00
1318 0 +3.161488566e+01 -2.015511434e+01 -2.015511434e+01 -2.3551e+00 +1.6609e+00 +2.1014e+00 -3.7223e+00 +3.3579e+00 +8.9171e-01 -2.3666e+00 -3.9586e-01 +2.5567e+00 -3.3015e+00
1324 0 +3.025709952e+01 -2.151290048e+01 -2.151290048e+01 -2.4329e+00 +1.7884e+00 +2.0896e+00 -3.7907e+00 +3.5337e+00 +9.0981e-01 -2.4549e+00 -3.4049e-01 +2.5346e+00 -3.3695e+00
1348 0 +2.486141144e+01 -2.690858856e+01 -2.690858856e+01 -2.3691e+00 +1.6435e+00 +2.1363e+00 -3.6995e+00 +3.5170e+00 +9.6749e-01 -2.4281e+00 -4.4923e-01 +2.6205e+00 -3.3657e+00
1361 0 +2.436762848e+01 -2.740237152e+01 -2.740237152e+01 -2.3914e+00 +1.7329e+00 +2.1548e+00 -3.7131e+00 +3.6361e+00 +9.8191e-01 -2.4219e+00 -3.3326e-01 +2.6337e+00 -3.3261e+00
1390 0 +2.313940474e+01 -2.863059526e+01 -2.863059526e+01 -2.2932e+00 +1.6762e+00 +2.0684e+00 -3.7672e+00 +3.4750e+00 +1.0376e+00 -2.4862e+00 -3.8912e-01 +2.5667e+00 -3.3799e+00
1401 0 +1.355152506e+01 -3.821847494e+01 -3.821847494e+01 -2.3502e+00 +1.7133e+00 +2.0999e+00 -3.7383e+00 +3.4425e+00 +9.3614e-01 -2.4169e+00 -3.9399e-01 +2.5665e+00 -3.3953e+00
1501 0 +1.271049051e+01 -3.905950949e+01 -3.905950949e+01 -2.3544e+00 +1.7168e+00 +2.1327e+00 -3.7638e+00 +3.5863e+00 +9.1040e-01 -2.4071e+00 -2.8551e-01 +2.5716e+00 -3.3143e+00
1505 0 +1.134905502e+01 -4.042094498e+01 -4.042094498e+01 -2.3425e+00 +1.6907e+00 +2.1352e+00 -3.7336e+00 +3.6600e+00 +8.6519e-01 -2.4882e+00 -2.5165e-01 +2.5923e+00 -3.3470e+00
1553 0 +9.284726872e+00 -4.248527313e+01 -4.248527313e+01 -2.3360e+00 +1.7007e+00 +2.1584e+00 -3.7987e+00 +3.7112e+00 +8.6142e-01 -2.4874e+00 -2.7789e-01 +2.6124e+00 -3.3033e+00
1651 0 +8.566362689e+00 -4.320363731e+01 -4.320363731e+01 -2.3668e+00 +1.6897e+00 +2.1210e+00 -3.7344e+00 +3.6148e+00 +8.8840e-01 -2.4497e+00 -2.9795e-01 +2.5686e+00 -3.3199e+00
1653 0 +8.432583973e+00 -4.333741603e+01 -4.333741603e+01 -2.3503e+00 +1.6957e+00 +2.1129e+00 -3.7365e+00 +3.5691e+00 +9.3685e-01 -2.4468e+00 -3.8150e-01 +2.5700e+00 -3.3418e+00
1717 0 +8.119912269e+00 -4.365008773e+01 -4.365008773e+01 -2.3372e+00 +1.6927e+00 +2.1040e+00 -3.7796e+00 +3.5871e+00 +9.4127e-01 -2.4478e+00 -3.5617e-01 +2.5727e+00 -3.3740e+00
1724 0 +7.976372149e+00 -4.379362785e+01 -4.379362785e+01 -2.3660e+00 +1.6958e+00 +2.0996e+00 -3.7892e+00 +3.5333e+00 +9.6021e-01 -2.4257e+00 -3.3724e-01 +2.5600e+00 -3.3814e+00
1733 0 +7.639378854e+00 -4.413062115e+01 -4.413062115e+01 -2.3571e+00 +1.6869e+00 +2.1031e+00 -3.8056e+00 +3.5607e+00 +9.2158e-01 -2.4325e+00 -3.5769e-01 +2.5639e+00 -3.3845e+00
1751 0 +5.496637307e+00 -4.627336269e+01 -4.627336269e+01 -2.3446e+00 +1.6839e+00 +2.1119e+00 -3.7653e+00 +3.5692e+00 +9.3362e-01 -2.4309e+00 -3.2754e-01 +2.5785e+00 -3.3561e+00
1830 0 +4.476780100e+00 -4.729321990e+01 -4.729321990e+01 -2.3489e+00 +1.6901e+00 +2.1245e+00 -3.7622e+00 +3.5819e+00 +9.2319e-01 -2.4509e+00 -3.4037e-01 +2.5691e+00 -3.3499e+00
1843 0 +4.329913475e+00 -4.744008653e+01 -4.744008653e+01 -2.3592e+00 +1.6934e+00 +2.1128e+00 -3.7777e+00 +3.5394e+00 +9.2409e-01 -2.4447e+00 -3.4184e-01 +2.5739e+00 -3.3669e+00
1852 0 +3.955068731e+00 -4.781493127e+01 -4.781493127e+01 -2.3565e+00 +1.6924e+00 +2.1085e+00 -3.7739e+00 +3.5674e+00 +9.2445e-01 -2.4546e+00 -3.3861e-01 +2.5718e+00 -3.3330e+00
1860 0 +3.267719562e+00 -4.850228044e+01 -4.850228044e+01 -2.3496e+00 +1.6868e+00 +2.1074e+00 -3.7679e+00 +3.5420e+00 +9.4508e-01 -2.4361e+00 -3.6135e-01 +2.5653e+00 -3.3554e+00
1908 0 +2.845554782e+00 -4.892444522e+01 -4.892444522e+01 -2.3489e+00 +1.6888e+00 +2.1203e+00 -3.7766e+00 +3.5811e+00 +9.1107e-01 -2.4534e+00 -3.3129e-01 +2.5789e+00 -3.3435e+00
1951 0 +2.768159990e+00 -4.900184001e+01 -4.900184001e+01 -2.3517e+00 +1.6917e+00 +2.1247e+00 -3.7730e+00 +3.5960e+00 +9.0544e-01 -2.4629e+00 -3.2022e-01 +2.5785e+00 -3.3445e+00
1952 0 +2.673112940e+00 -4.909688706e+01 -4.909688706e+01 -2.3585e+00 +1.6920e+00 +2.1156e+00 -3.7610e+00 +3.5523e+00 +9.2377e-01 -2.4458e+00 -3.3369e-01 +2.5667e+00 -3.3482e+00
2002 0 +2.371161679e+00 -4.939883832e+01 -4.939883832e+01 -2.3604e+00 +1.6930e+00 +2.1144e+00 -3.7697e+00 +3.5614e+00 +9.2982e-01 -2.4466e+00 -3.4800e-01 +2.5710e+00 -3.3505e+00
2006 0 +2.172556708e+00 -4.959744329e+01 -4.959744329e+01 -2.3583e+00 +1.6915e+00 +2.1169e+00 -3.7692e+00 +3.5567e+00 +9.2824e-01 -2.4524e+00 -3.4152e-01 +2.5629e+00 -3.3443e+00
2053 0 +1.740402237e+00 -5.002959776e+01 -5.002959776e+01 -2.3518e+00 +1.6902e+00 +2.1203e+00 -3.7711e+00 +3.5824e+00 +9.2360e-01 -2.4525e+00 -3.3350e-01 +2.5736e+00 -3.3419e+00
2057 0 +1.526562158e+00 -5.024343784e+01 -5.024343784e+01 -2.3545e+00 +1.6931e+00 +2.1262e+00 -3.7710e+00 +3.6079e+00 +9.0814e-01 -2.4553e+00 -3.0872e-01 +2.5791e+00 -3.3381e+00
2151 0 +1.436902643e+00 -5.033309736e+01 -5.033309736e+01 -2.3543e+00 +1.6859e+00 +2.1210e+00 -3.7738e+00 +3.5822e+00 +9.2053e-01 -2.4532e+00 -3.3088e-01 +2.5759e+00 -3.3456e+00
2152 0 +1.204987534e+00 -5.056501247e+01 -5.056501247e+01 -2.3537e+00 +1.6864e+00 +2.1192e+00 -3.7740e+00 +3.5836e+00 +9.1945e-01 -2.4519e+00 -3.2638e-01 +2.5752e+00 -3.3399e+00
2252 0 +1.164604957e+00 -5.060539504e+01 -5.060539504e+01 -2.3565e+00 +1.6884e+00 +2.1230e+00 -3.7754e+00 +3.5738e+00 +9.2006e-01 -2.4512e+00 -3.2745e-01 +2.5734e+00 -3.3445e+00
2302 0 +1.126022348e+00 -5.064397765e+01 -5.064397765e+01 -2.3544e+00 +1.6888e+00 +2.1303e+00 -3.7715e+00 +3.6027e+00 +9.0958e-01 -2.4552e+00 -3.1321e-01 +2.5804e+00 -3.3342e+00
2306 0 +8.776770772e-01 -5.089232292e+01 -5.089232292e+01 -2.3539e+00 +1.6891e+00 +2.1169e+00 -3.7741e+00 +3.5748e+00 +9.2273e-01 -2.4515e+00 -3.3183e-01 +2.5719e+00 -3.3450e+00
2451 0 +7.824733279e-01 -5.098752667e+01 -5.098752667e+01 -2.3545e+00 +1.6896e+00 +2.1253e+00 -3.7726e+00 +3.5901e+00 +9.1150e-01 -2.4519e+00 -3.1851e-01 +2.5775e+00 -3.3397e+00
% f evaluations | g evaluations | best noise-free fitness - Fopt (-2.229800000000e+02) + sum g_i+ | measured fitness | best measured fitness or single-digit g-values | x1 | x2...
1 0 +1.885031577e+03 +1.662051577e+03 +1.662051577e+03 +5.9671e-01 -3.8264e-02 +7.4769e-01 +1.6230e+00 -1.3415e-01 -1.3414e-01 +1.6792e+00 +8.6743e-01 -3.6947e-01 +6.4256e-01
8 0 +1.690892527e+03 +1.467912527e+03 +1.467912527e+03 +4.6140e-01 +1.6380e+00 +6.4174e-02 +1.6646e+00 -2.5197e+00 +9.2190e-01 +1.8705e-01 -1.9901e-01 +1.9176e-01 -1.8876e+00
45 0 +1.597151293e+03 +1.374171293e+03 +1.374171293e+03 +4.8407e-01 +6.7305e-02 -1.9674e+00 +1.0880e-02 -1.2045e+00 +7.6967e-01 +4.6660e-01 -8.3988e-01 -4.1387e-01 -9.5921e-01
51 0 +1.040616032e+03 +8.176360322e+02 +8.176360322e+02 +1.8057e+00 +1.5077e-01 -1.0250e+00 +2.7819e+00 -2.6391e+00 -1.0190e+00 +2.1777e+00 -1.3803e+00 -1.3190e+00 -1.0652e+00
102 0 +7.678315504e+02 +5.448515504e+02 +5.448515504e+02 +3.1675e+00 +2.3536e+00 -4.5372e+00 +2.3076e+00 -2.8473e+00 -2.4358e+00 +2.1510e+00 -8.1212e-01 -4.8024e+00 +2.7674e-01
110 0 +7.423204451e+02 +5.193404451e+02 +5.193404451e+02 +3.3282e+00 +2.1479e+00 -1.3943e+00 +2.8026e+00 -2.0380e+00 -1.1306e+00 +2.2802e+00 -9.1955e-01 -2.9676e+00 +8.6637e-01
152 0 +7.003598543e+02 +4.773798543e+02 +4.773798543e+02 +4.6305e+00 +1.6086e+00 -3.2044e+00 +4.2002e+00 -1.6774e+00 -1.8408e+00 +1.2261e+00 -2.8511e+00 -1.9516e+00 +2.1344e+00
201 0 +6.200989011e+02 +3.971189011e+02 +3.971189011e+02 +4.3417e+00 +1.5450e+00 -4.0816e+00 +3.1610e+00 -3.1886e+00 -2.9017e-01 +2.4151e+00 -2.3032e-01 -9.6839e-01 +2.2559e-01
202 0 +5.705739059e+02 +3.475939059e+02 +3.475939059e+02 +3.9793e+00 +1.7832e+00 -2.0002e+00 +2.9867e+00 -2.1546e+00 +1.9960e-01 +1.7488e+00 -1.6916e+00 -4.9957e+00 +2.2720e+00
353 0 +4.141656078e+02 +1.911856078e+02 +1.911856078e+02 +3.7447e+00 +1.4916e+00 -2.9638e+00 +2.3691e+00 -3.6462e+00 -2.7559e+00 +4.7457e+00 -2.6302e+00 -1.2014e+00 +3.2065e+00
451 0 +3.516711709e+02 +1.286911709e+02 +1.286911709e+02 +4.2028e+00 +3.7915e-01 -2.8053e+00 +1.2808e+00 -3.0104e+00 +8.6055e-01 +2.9293e+00 -1.9358e+00 -3.1085e+00 +2.1442e+00
457 0 +3.107668196e+02 +8.778681959e+01 +8.778681959e+01 +2.0686e+00 +1.3040e+00 -3.5439e+00 +2.0192e+00 -3.6497e+00 -1.1281e+00 +4.0726e+00 -3.1082e+00 -2.8094e+00 +3.5831e+00
501 0 +2.855739570e+02 +6.259395704e+01 +6.259395704e+01 +3.4932e+00 +1.3925e+00 -4.3556e+00 +2.5349e+00 -4.1744e+00 -1.6942e+00 +3.7671e+00 -2.2823e+00 -3.4513e+00 +4.4045e+00
551 0 +2.606843267e+02 +3.770432673e+01 +3.770432673e+01 +4.0386e+00 +2.8449e-01 -3.8044e+00 +2.6510e+00 -3.1103e+00 -2.1635e-01 +3.1493e+00 -1.7872e+00 -2.9392e+00 +1.6221e+00
553 0 +2.539405380e+02 +3.096053804e+01 +3.096053804e+01 +3.8791e+00 -2.3060e-03 -2.7915e+00 +1.1400e+00 -3.5985e+00 -2.7886e-01 +3.6237e+00 -2.6776e+00 -3.3355e+00 +2.3439e+00
601 0 +2.257398902e+02 +2.759890178e+00 +2.759890178e+00 +4.0460e+00 +4.4575e-01 -2.9790e+00 +2.2285e+00 -3.1223e+00 -5.7707e-01 +3.0540e+00 -2.1739e+00 -3.0161e+00 +1.5342e+00
603 0 +1.863731608e+02 -3.660683921e+01 -3.660683921e+01 +4.3130e+00 -1.2350e-01 -3.4457e+00 +2.2427e+00 -4.0107e+00 -5.0634e-01 +3.1475e+00 -2.6394e+00 -2.7955e+00 +3.5592e+00
651 0 +1.466223124e+02 -7.635768764e+01 -7.635768764e+01 +3.9909e+00 +2.3125e-01 -3.2590e+00 +2.1841e+00 -3.4316e+00 -1.1588e+00 +3.3116e+00 -2.0302e+00 -3.5536e+00 +2.7227e+00
702 0 +1.361668607e+02 -8.681313926e+01 -8.681313926e+01 +3.6813e+00 -2.1164e-01 -3.7776e+00 +1.7386e+00 -3.8122e+00 -5.7724e-01 +3.3416e+00 -2.4386e+00 -2.4444e+00 +3.0534e+00
751 0 +9.651109617e+01 -1.264689038e+02 -1.264689038e+02 +3.7134e+00 +2.6620e-01 -3.3578e+00 +2.0448e+00 -3.5773e+00 -9.1252e-01 +3.3090e+00 -2.4032e+00 -2.6571e+00 +3.1768e+00
851 0 +8.814119671e+01 -1.348388033e+02 -1.348388033e+02 +3.6466e+00 -1.5777e-01 -3.3784e+00 +2.3289e+00 -3.7280e+00 -8.4152e-01 +3.4425e+00 -2.3435e+00 -2.7014e+00 +3.5233e+00
901 0 +8.409415602e+01 -1.388858440e+02 -1.388858440e+02 +3.6638e+00 +1.8347e-02 -3.5259e+00 +2.2227e+00 -3.4933e+00 -7.7276e-01 +3.7185e+00 -2.2574e+00 -2.7430e+00 +3.3843e+00
903 0 +6.818667568e+01 -1.547933243e+02 -1.547933243e+02 +3.3609e+00 +4.0941e-01 -3.6659e+00 +2.2704e+00 -3.7662e+00 -1.0565e+00 +3.5747e+00 -2.4902e+00 -2.6901e+00 +3.4961e+00
951 0 +6.691644332e+01 -1.560635567e+02 -1.560635567e+02 +3.5354e+00 +3.4107e-01 -3.2313e+00 +2.2770e+00 -3.8116e+00 -9.6854e-01 +3.3890e+00 -2.4338e+00 -2.9665e+00 +3.2985e+00
1001 0 +5.742465758e+01 -1.655553424e+02 -1.655553424e+02 +3.7151e+00 +2.0419e-01 -3.4439e+00 +2.2243e+00 -3.6718e+00 -1.2300e+00 +3.4823e+00 -2.6071e+00 -2.9166e+00 +3.3658e+00
1051 0 +5.311502701e+01 -1.698649730e+02 -1.698649730e+02 +3.8629e+00 +5.3166e-03 -3.2901e+00 +2.2479e+00 -3.7020e+00 -8.4627e-01 +3.3626e+00 -2.5480e+00 -3.0424e+00 +3.3142e+00
1080 0 +5.154786507e+01 -1.714321349e+02 -1.714321349e+02 +3.5906e+00 +1.5101e-01 -3.1958e+00 +2.0847e+00 -3.7493e+00 -1.1386e+00 +3.8259e+00 -2.7242e+00 -2.9510e+00 +3.3838e+00
1101 0 +3.376742290e+01 -1.892125771e+02 -1.892125771e+02 +3.7659e+00 +1.7067e-01 -3.4591e+00 +2.2030e+00 -3.6655e+00 -7.3275e-01 +3.4587e+00 -2.3569e+00 -2.7856e+00 +3.1327e+00
1201 0 +2.529385153e+01 -1.976861485e+02 -1.976861485e+02 +3.8223e+00 +1.3578e-01 -3.3815e+00 +2.2461e+00 -3.6102e+00 -9.0101e-01 +3.4357e+00 -2.5231e+00 -2.8598e+00 +3.2533e+00
1202 0 +2.265433093e+01 -2.003256691e+02 -2.003256691e+02 +3.7514e+00 +1.5823e-01 -3.4348e+00 +2.3875e+00 -3.6158e+00 -8.8263e-01 +3.3205e+00 -2.4415e+00 -2.9408e+00 +3.2795e+00
1253 0 +2.204209679e+01 -2.009379032e+02 -2.009379032e+02 +3.6281e+00 +1.3508e-01 -3.4138e+00 +2.2734e+00 -3.6682e+00 -8.6038e-01 +3.5328e+00 -2.5139e+00 -2.7898e+00 +3.3170e+00
1301 0 +1.735988443e+01 -2.056201156e+02 -2.056201156e+02 +3.7105e+00 +1.4883e-01 -3.3828e+00 +2.2998e+00 -3.6689e+00 -9.0988e-01 +3.4779e+00 -2.4736e+00 -2.7722e+00 +3.1975e+00
1302 0 +1.675017333e+01 -2.062298267e+02 -2.062298267e+02 +3.7699e+00 +1.4277e-01 -3.4261e+00 +2.2839e+00 -3.6233e+00 -9.0631e-01 +3.4606e+00 -2.4729e+00 -2.8033e+00 +3.2059e+00
1351 0 +1.353169108e+01 -2.094483089e+02 -2.094483089e+02 +3.7034e+00 +1.9522e-01 -3.4181e+00 +2.2572e+00 -3.6218e+00 -9.2967e-01 +3.5120e+00 -2.4578e+00 -2.8372e+00 +3.2526e+00
1352 0 +1.226799918e+01 -2.107120008e+02 -2.107120008e+02 +3.7248e+00 +2.1167e-01 -3.4596e+00 +2.2668e+00 -3.6587e+00 -8.7030e-01 +3.4234e+00 -2.4087e+00 -2.8472e+00 +3.2173e+00
1451 0 +1.126336722e+01 -2.117166328e+02 -2.117166328e+02 +3.6809e+00 +1.5206e-01 -3.3989e+00 +2.2366e+00 -3.6576e+00 -9.2831e-01 +3.4670e+00 -2.4490e+00 -2.8537e+00 +3.2595e+00
1501 0 +9.905400025e+00 -2.130746000e+02 -2.130746000e+02 +3.6925e+00 +1.4012e-01 -3.4155e+00 +2.2518e+00 -3.6532e+00 -9.0239e-01 +3.4429e+00 -2.4791e+00 -2.8511e+00 +3.2665e+00
1505 0 +9.786419475e+00 -2.131935805e+02 -2.131935805e+02 +3.6937e+00 +1.6780e-01 -3.4381e+00 +2.2911e+00 -3.6746e+00 -8.9828e-01 +3.4349e+00 -2.4723e+00 -2.8394e+00 +3.2866e+00
1551 0 +4.745245496e+00 -2.182347545e+02 -2.182347545e+02 +3.6997e+00 +1.6762e-01 -3.4067e+00 +2.2470e+00 -3.6604e+00 -8.9271e-01 +3.4622e+00 -2.4542e+00 -2.8579e+00 +3.2418e+00
1751 0 +4.591882045e+00 -2.183881180e+02 -2.183881180e+02 +3.6804e+00 +1.6706e-01 -3.3891e+00 +2.2549e+00 -3.6609e+00 -8.9822e-01 +3.4887e+00 -2.4794e+00 -2.8298e+00 +3.2478e+00
1752 0 +4.457558292e+00 -2.185224417e+02 -2.185224417e+02 +3.7253e+00 +1.6798e-01 -3.4200e+00 +2.2663e+00 -3.6514e+00 -8.7441e-01 +3.4217e+00 -2.4482e+00 -2.8559e+00 +3.2302e+00
1801 0 +3.647324144e+00 -2.193326759e+02 -2.193326759e+02 +3.6815e+00 +1.5914e-01 -3.3928e+00 +2.2438e+00 -3.6653e+00 -9.0603e-01 +3.4975e+00 -2.4761e+00 -2.8356e+00 +3.2554e+00
1852 0 +3.096774414e+00 -2.198832256e+02 -2.198832256e+02 +3.6910e+00 +1.6509e-01 -3.3884e+00 +2.2564e+00 -3.6640e+00 -9.0933e-01 +3.4801e+00 -2.4780e+00 -2.8391e+00 +3.2562e+00
2003 0 +2.451493002e+00 -2.205285070e+02 -2.205285070e+02 +3.6683e+00 +1.7280e-01 -3.3791e+00 +2.2391e+00 -3.6701e+00 -9.1942e-01 +3.5158e+00 -2.4820e+00 -2.8296e+00 +3.2612e+00
2254 0 +2.361270289e+00 -2.206187297e+02 -2.206187297e+02 +3.6836e+00 +1.6712e-01 -3.3864e+00 +2.2466e+00 -3.6675e+00 -9.0868e-01 +3.4974e+00 -2.4787e+00 -2.8318e+00 +3.2521e+00
2356 0 +2.315051834e+00 -2.206649482e+02 -2.206649482e+02 +3.6705e+00 +1.6933e-01 -3.3798e+00 +2.2425e+00 -3.6707e+00 -9.2056e-01 +3.5213e+00 -2.4842e+00 -2.8235e+00 +3.2638e+00
2367 0 +2.301123196e+00 -2.206788768e+02 -2.206788768e+02 +3.6659e+00 +1.6970e-01 -3.3706e+00 +2.2402e+00 -3.6719e+00 -9.2782e-01 +3.5312e+00 -2.4915e+00 -2.8237e+00 +3.2698e+00
2401 0 +1.991480086e+00 -2.209885199e+02 -2.209885199e+02 +3.6647e+00 +1.6879e-01 -3.3725e+00 +2.2355e+00 -3.6742e+00 -9.2304e-01 +3.5282e+00 -2.4896e+00 -2.8192e+00 +3.2617e+00
% f evaluations | g evaluations | best noise-free fitness - Fopt (5.860000000000e+00) + sum g_i+ | measured fitness | best measured fitness or single-digit g-values | x1 | x2...
1 0 +1.041857226e+03 +1.047717226e+03 +1.047717226e+03 +5.9671e-01 -3.8264e-02 +7.4769e-01 +1.6230e+00 -1.3415e-01 -1.3414e-01 +1.6792e+00 +8.6743e-01 -3.6947e-01 +6.4256e-01
6 0 +9.804252002e+02 +9.862852002e+02 +9.862852002e+02 +4.2408e-01 -2.8508e-01 -5.7692e-01 +7.1168e-01 +1.1310e+00 +1.0313e+00 -7.3922e-01 -2.0921e-01 +4.3126e-01 +1.0755e+00
7 0 +9.744726570e+02 +9.803326570e+02 +9.803326570e+02 -3.7917e-01 -8.5659e-02 -1.0063e+00 -1.0962e+00 +9.1253e-01 +1.4562e+00 +2.7990e-02 +1.1035e+00 +4.6164e-01 -5.4512e-01
17 0 +7.905640802e+02 +7.964240802e+02 +7.964240802e+02 -8.7468e-01 +8.8708e-01 +1.2586e+00 -7.2068e-01 +1.0634e+00 +5.1278e-01 +9.2206e-01 +1.9968e+00 -1.4539e-01 -6.5374e-01
32 0 +7.291547547e+02 +7.350147547e+02 +7.350147547e+02 -1.1768e-01 +1.1988e+00 +9.2542e-01 +9.1351e-01 +1.4055e+00 +1.2100e-01 +7.8195e-01 -2.1027e-01 +4.2417e-01 -3.0143e-02
58 0 +5.105154068e+02 +5.163754068e+02 +5.163754068e+02 -9.7825e-01 +3.0501e-01 +1.4629e+00 +1.8542e+00 +3.4197e+00 +1.8828e+00 +1.7148e+00 -1.4267e-01 -8.0593e-01 -1.5774e+00
106 0 +4.935059880e+02 +4.993659880e+02 +4.993659880e+02 -1.5398e+00 +1.2400e+00 +1.1084e+00 +3.6834e+00 +3.2367e+00 +3.1544e+00 +2.3956e+00 -1.2691e+00 -4.8664e-01 -3.3220e-02
116 0 +4.533550517e+02 +4.592150517e+02 +4.592150517e+02 -2.0118e+00 +7.0385e-01 +1.6738e+00 +7.7309e-01 +3.2391e+00 +2.5351e+00 +2.4271e+00 -1.0280e+00 +1.0660e+00 +8.1678e-01
151 0 +3.137362701e+02 +3.195962701e+02 +3.195962701e+02 -2.4534e+00 +9.4640e-01 -5.0558e-01 +3.1658e+00 +3.0928e+00 +2.3466e+00 +2.2306e+00 -1.2074e+00 +1.2095e-01 +3.0588e-01
351 0 +3.048117541e+02 +3.106717541e+02 +3.106717541e+02 -2.8545e+00 +1.2974e+00 -5.9978e-01 +2.4053e+00 +2.5139e+00 +1.5057e+00 +1.0285e+00 -9.6966e-01 +1.4131e+00 +9.2429e-01
355 0 +2.494407952e+02 +2.553007952e+02 +2.553007952e+02 -3.3984e+00 +2.1362e+00 -1.7038e+00 +1.7214e+00 +1.4309e+00 -1.8952e-01 +1.1867e+00 +1.2938e-01 +1.9945e+00 +2.4711e+00
501 0 +2.445575871e+02 +2.504175871e+02 +2.504175871e+02 -2.8141e+00 +2.1859e+00 -9.9384e-01 +1.3778e+00 +2.3379e+00 +7.4876e-01 +1.9732e+00 -2.0657e-01 +1.8468e+00 +1.5018e+00
503 0 +2.361452578e+02 +2.420052578e+02 +2.420052578e+02 -3.4830e+00 +2.3666e+00 -1.0817e+00 +1.0224e+00 +1.6711e+00 +1.3968e+00 +1.0494e+00 -7.5789e-01 +1.9374e+00 +1.5350e+00
601 0 +1.401152637e+02 +1.459752637e+02 +1.459752637e+02 -3.7431e+00 +1.8473e+00 -8.3463e-01 +1.7539e+00 +2.3195e+00 +1.6716e+00 +2.3342e+00 -8.7583e-01 +1.3630e+00 +1.1593e+00
651 0 +1.340718559e+02 +1.399318559e+02 +1.399318559e+02 -3.1264e+00 +1.8557e+00 -1.2062e+00 +1.7816e+00 +1.6258e+00 +1.0274e+00 +1.9457e+00 -4.8675e-01 +1.9037e+00 +2.0020e+00
701 0 +1.135257628e+02 +1.193857628e+02 +1.193857628e+02 -3.2519e+00 +1.7534e+00 -7.7558e-01 +1.7423e+00 +2.4550e+00 +1.3464e+00 +1.7294e+00 -3.4902e-01 +1.1113e+00 +1.6477e+00
702 0 +1.026163366e+02 +1.084763366e+02 +1.084763366e+02 -3.4615e+00 +1.5869e+00 -1.0086e+00 +1.7066e+00 +2.6020e+00 +2.0137e+00 +1.9492e+00 -7.8601e-01 +1.0242e+00 +1.5295e+00
751 0 +6.410866962e+01 +6.996866962e+01 +6.996866962e+01 -3.5087e+00 +2.1077e+00 -8.1101e-01 +1.8802e+00 +2.3432e+00 +1.8020e+00 +1.8698e+00 -7.8825e-01 +1.2692e+00 +1.4941e+00
851 0 +5.240007184e+01 +5.826007184e+01 +5.826007184e+01 -3.4792e+00 +2.0247e+00 -1.1276e+00 +1.7859e+00 +1.8075e+00 +1.2405e+00 +1.8604e+00 -6.3461e-01 +1.6143e+00 +2.0603e+00
1001 0 +4.533922276e+01 +5.119922276e+01 +5.119922276e+01 -3.7466e+00 +2.1172e+00 -1.2380e+00 +1.7568e+00 +2.0321e+00 +1.4761e+00 +1.8432e+00 -7.8762e-01 +1.3819e+00 +1.7515e+00
1002 0 +4.270012945e+01 +4.856012945e+01 +4.856012945e+01 -3.9889e+00 +2.1728e+00 -1.0988e+00 +1.8108e+00 +2.0202e+00 +1.5504e+00 +1.8511e+00 -7.8424e-01 +1.3716e+00 +1.8216e+00
1007 0 +4.071246534e+01 +4.657246534e+01 +4.657246534e+01 -3.6874e+00 +1.9497e+00 -9.8766e-01 +1.8614e+00 +2.3053e+00 +1.4476e+00 +1.9260e+00 -7.2448e-01 +1.1772e+00 +1.6660e+00
1051 0 +2.387544791e+01 +2.973544791e+01 +2.973544791e+01 -3.8247e+00 +2.0138e+00 -9.8218e-01 +1.7290e+00 +2.1399e+00 +1.7003e+00 +1.9335e+00 -8.3977e-01 +1.3228e+00 +1.7837e+00
1201 0 +2.303162631e+01 +2.889162631e+01 +2.889162631e+01 -3.7956e+00 +2.1230e+00 -9.8480e-01 +1.7367e+00 +2.0429e+00 +1.5466e+00 +1.9237e+00 -8.1727e-01 +1.4459e+00 +1.8849e+00
1202 0 +2.041514026e+01 +2.627514026e+01 +2.627514026e+01 -3.7953e+00 +2.0313e+00 -1.0893e+00 +1.7794e+00 +1.8726e+00 +1.4468e+00 +1.9574e+00 -7.4773e-01 +1.5937e+00 +2.0315e+00
1207 0 +2.001607815e+01 +2.587607815e+01 +2.587607815e+01 -3.7925e+00 +2.1770e+00 -1.1302e+00 +1.7632e+00 +1.9537e+00 +1.3897e+00 +1.9104e+00 -7.4989e-01 +1.5335e+00 +2.0013e+00
1208 0 +1.982155379e+01 +2.568155379e+01 +2.568155379e+01 -3.7066e+00 +2.0127e+00 -1.0438e+00 +1.7075e+00 +1.9454e+00 +1.4632e+00 +1.8863e+00 -6.8296e-01 +1.5471e+00 +1.9360e+00
1251 0 +1.567954779e+01 +2.153954779e+01 +2.153954779e+01 -3.7416e+00 +2.0844e+00 -1.0524e+00 +1.6883e+00 +1.8758e+00 +1.4847e+00 +1.9518e+00 -7.3200e-01 +1.6237e+00 +1.9748e+00
1253 0 +1.529778505e+01 +2.115778505e+01 +2.115778505e+01 -3.7853e+00 +2.0311e+00 -9.9268e-01 +1.7095e+00 +2.0008e+00 +1.5221e+00 +1.9134e+00 -7.8774e-01 +1.4281e+00 +1.8790e+00
1351 0 +1.384491323e+01 +1.970491323e+01 +1.970491323e+01 -3.7292e+00 +2.0448e+00 -1.0236e+00 +1.7619e+00 +1.9676e+00 +1.5733e+00 +1.9285e+00 -7.4587e-01 +1.4783e+00 +1.8730e+00
1353 0 +1.018078366e+01 +1.604078366e+01 +1.604078366e+01 -3.7866e+00 +2.1298e+00 -1.0992e+00 +1.7777e+00 +1.8683e+00 +1.4050e+00 +1.9210e+00 -7.0251e-01 +1.5709e+00 +2.0150e+00
1523 0 +9.630730932e+00 +1.549073093e+01 +1.549073093e+01 -3.8116e+00 +2.1049e+00 -1.0710e+00 +1.7437e+00 +1.9242e+00 +1.4608e+00 +1.9320e+00 -7.3373e-01 +1.5043e+00 +1.9387e+00
1524 0 +8.938720527e+00 +1.479872053e+01 +1.479872053e+01 -3.7151e+00 +2.0420e+00 -1.0336e+00 +1.7742e+00 +2.0016e+00 +1.5327e+00 +1.9115e+00 -7.4931e-01 +1.4519e+00 +1.8736e+00
1551 0 +6.074897315e+00 +1.193489732e+01 +1.193489732e+01 -3.7344e+00 +2.0562e+00 -1.0434e+00 +1.7706e+00 +2.0398e+00 +1.5192e+00 +1.9057e+00 -7.6376e-01 +1.4404e+00 +1.8671e+00
1701 0 +6.020984139e+00 +1.188098414e+01 +1.188098414e+01 -3.7844e+00 +2.0554e+00 -1.0322e+00 +1.7586e+00 +2.0600e+00 +1.5354e+00 +1.9055e+00 -7.8916e-01 +1.3935e+00 +1.8263e+00
1751 0 +4.732281790e+00 +1.059228179e+01 +1.059228179e+01 -3.7685e+00 +2.0664e+00 -1.0489e+00 +1.7604e+00 +2.0280e+00 +1.5131e+00 +1.9258e+00 -7.7286e-01 +1.4415e+00 +1.8538e+00
1801 0 +4.253031465e+00 +1.011303146e+01 +1.011303146e+01 -3.7661e+00 +2.0394e+00 -1.0140e+00 +1.7704e+00 +2.0627e+00 +1.5368e+00 +1.9264e+00 -7.7979e-01 +1.4184e+00 +1.8091e+00
1878 0 +4.155361266e+00 +1.001536127e+01 +1.001536127e+01 -3.7708e+00 +2.0583e+00 -1.0380e+00 +1.7501e+00 +2.0260e+00 +1.5037e+00 +1.9214e+00 -7.7010e-01 +1.4599e+00 +1.8682e+00
1892 0 +4.029727699e+00 +9.889727699e+00 +9.889727699e+00 -3.7752e+00 +2.0572e+00 -1.0279e+00 +1.7536e+00 +2.0175e+00 +1.5215e+00 +1.9238e+00 -7.6253e-01 +1.4374e+00 +1.8649e+00
1901 0 +3.192841606e+00 +9.052841606e+00 +9.052841606e+00 -3.7596e+00 +2.0256e+00 -1.0089e+00 +1.7796e+00 +2.0680e+00 +1.5492e+00 +1.9312e+00 -7.8953e-01 +1.3948e+00 +1.8115e+00
1902 0 +3.150867349e+00 +9.010867349e+00 +9.010867349e+00 -3.7626e+00 +2.0392e+00 -1.0093e+00 +1.7742e+00 +2.0626e+00 +1.5534e+00 +1.9188e+00 -7.7866e-01 +1.4101e+00 +1.8103e+00
1903 0 +2.501833052e+00 +8.361833052e+00 +8.361833052e+00 -3.7558e+00 +2.0470e+00 -1.0229e+00 +1.7717e+00 +2.0315e+00 +1.5260e+00 +1.9192e+00 -7.6403e-01 +1.4430e+00 +1.8545e+00
2057 0 +1.874137511e+00 +7.734137511e+00 +7.734137511e+00 -3.7641e+00 +2.0419e+00 -1.0233e+00 +1.7767e+00 +2.0651e+00 +1.5385e+00 +1.9205e+00 -7.8150e-01 +1.3965e+00 +1.8193e+00
2105 0 +1.717475406e+00 +7.577475406e+00 +7.577475406e+00 -3.7610e+00 +2.0524e+00 -1.0396e+00 +1.7682e+00 +2.0294e+00 +1.5236e+00 +1.9262e+00 -7.7057e-01 +1.4411e+00 +1.8649e+00
2151 0 +1.693487852e+00 +7.553487852e+00 +7.553487852e+00 -3.7670e+00 +2.0583e+00 -1.0436e+00 +1.7672e+00 +2.0246e+00 +1.5205e+00 +1.9222e+00 -7.6639e-01 +1.4461e+00 +1.8620e+00
2155 0 +1.198663593e+00 +7.058663593e+00 +7.058663593e+00 -3.7611e+00 +2.0526e+00 -1.0330e+00 +1.7666e+00 +2.0232e+00 +1.5203e+00 +1.9247e+00 -7.6344e-01 +1.4514e+00 +1.8624e+00
2203 0 +1.178359861e+00 +7.038359861e+00 +7.038359861e+00 -3.7625e+00 +2.0474e+00 -1.0275e+00 +1.7730e+00 +2.0373e+00 +1.5306e+00 +1.9252e+00 -7.7255e-01 +1.4299e+00 +1.8443e+00
2251 0 +6.468338880e-01 +6.506833888e+00 +6.506833888e+00 -3.7558e+00 +2.0424e+00 -1.0232e+00 +1.7723e+00 +2.0474e+00 +1.5322e+00 +1.9193e+00 -7.7339e-01 +1.4202e+00 +1.8380e+00
2303 0 +5.546485568e-01 +6.414648557e+00 +6.414648557e+00 -3.7602e+00 +2.0435e+00 -1.0224e+00 +1.7723e+00 +2.0468e+00 +1.5336e+00 +1.9221e+00 -7.7464e-01 +1.4201e+00 +1.8364e+00
2352 0 +4.654373661e-01 +6.325437366e+00 +6.325437366e+00 -3.7589e+00 +2.0446e+00 -1.0251e+00 +1.7700e+00 +2.0464e+00 +1.5282e+00 +1.9204e+00 -7.7376e-01 +1.4215e+00 +1.8404e+00
