% f evaluations | g evaluations | best noise-free fitness - Fopt (-9.210000000000e+00) + sum g_i+ | measured fitness | best measured fitness or single-digit g-values | x1 | x2...
1 0 +1.954571351e+02 +1.862471351e+02 +1.862471351e+02 +5.9671e-01 -3.8264e-02 +7.4769e-01 +1.6230e+00 -1.3415e-01 -1.3414e-01 +1.6792e+00 +8.6743e-01 -3.6947e-01 +6.4256e-01
5 0 +1.766818259e+02 +1.674718259e+02 +1.674718259e+02 +8.3847e-01 +2.7137e-01 -1.5648e-02 -2.0110e-01 -1.3785e+00 -6.1984e-01 -3.6064e-01 +1.1571e+00 +4.4362e-01 -1.6630e+00
8 0 +1.677171275e+02 +1.585071275e+02 +1.585071275e+02 +4.6140e-01 +1.6380e+00 +6.4174e-02 +1.6646e+00 -2.5197e+00 +9.2190e-01 +1.8705e-01 -1.9901e-01 +1.9176e-01 -1.8876e+00
51 0 +1.467675559e+02 +1.375575559e+02 +1.375575559e+02 +1.3364e+00 -2.5590e-01 +1.2584e+00 +8.6425e-01 -9.0532e-01 +1.0067e+00 -6.4757e-01 +1.6616e+00 +1.0433e+00 -3.1443e+00
53 0 +1.312182639e+02 +1.220082639e+02 +1.220082639e+02 +1.1652e+00 +8.6052e-01 -2.4633e+00 +3.1745e-01 -8.2211e-01 +1.6755e+00 +5.5677e-01 +3.8217e+00 +2.4194e+00 -2.1741e+00
55 0 +1.288265406e+02 +1.196165406e+02 +1.196165406e+02 +1.0194e-01 +1.4893e+00 -1.2093e+00 -4.5829e-01 -1.6407e+00 +1.4178e+00 -1.1838e+00 +7.8631e-01 +3.8803e+00 -3.7577e+00
70 0 +1.261909519e+02 +1.169809519e+02 +1.169809519e+02 +1.0228e+00 -2.8760e-01 -1.4610e+00 -4.3783e-01 -2.1670e-01 +1.4349e+00 +3.8410e-01 +2.4640e+00 +3.5967e+00 -3.0724e+00
101 0 +1.142306188e+02 +1.050206188e+02 +1.050206188e+02 +1.8484e+00 +1.1172e-02 -4.2003e+00 +1.2294e+00 -1.8490e+00 +4.3247e+00 -1.1971e+00 +5.4077e-01 +3.7267e+00 -4.5386e+00
102 0 +9.873370063e+01 +8.952370063e+01 +8.952370063e+01 +1.3674e+00 +1.9140e+00 -2.9665e+00 +6.4993e-01 +8.9531e-02 +3.2322e+00 -7.9999e-01 +3.4764e+00 +4.3387e+00 -4.3236e+00
104 0 +8.199987150e+01 +7.278987150e+01 +7.278987150e+01 +3.9559e+00 +9.1285e-01 +3.2941e-01 +4.8469e-01 -1.7096e+00 +4.2636e+00 +3.5969e-01 +3.9006e+00 +3.3293e+00 -4.4708e+00
151 0 +6.330824185e+01 +5.409824185e+01 +5.409824185e+01 -8.0474e-02 +3.8294e+00 +1.0521e+00 +3.2221e+00 +1.1347e+00 +4.9703e+00 +1.9433e+00 +4.1943e+00 +3.9084e+00 -4.8347e+00
308 0 +4.917029110e+01 +3.996029110e+01 +3.996029110e+01 +3.7982e+00 +2.9085e+00 -2.1633e+00 +7.1327e-01 -3.5167e+00 +3.9378e+00 +2.9354e+00 +4.7480e+00 +4.8679e+00 -4.5979e+00
403 0 +4.599671486e+01 +3.678671486e+01 +3.678671486e+01 +2.9322e+00 +2.0624e+00 +1.5606e+00 +2.2385e+00 -4.8024e+00 +3.7504e+00 +4.4734e+00 +3.9583e+00 +4.9579e+00 -3.5607e+00
453 0 +4.071340557e+01 +3.150340557e+01 +3.150340557e+01 +1.1462e+00 +3.8867e+00 +2.0624e+00 +2.1371e+00 -4.3953e+00 +4.4119e+00 +2.5967e+00 +4.7832e+00 +4.3917e+00 -4.6608e+00
504 0 +3.875105826e+01 +2.954105826e+01 +2.954105826e+01 +2.3494e+00 +9.0280e-01 +3.2096e+00 +2.7643e+00 -1.5305e+00 +4.3735e+00 +3.7179e+00 +4.8345e+00 +4.7652e+00 -4.7662e+00
568 0 +3.057064652e+01 +2.136064652e+01 +2.136064652e+01 +3.3212e+00 +3.5845e+00 +2.6424e+00 +3.6866e+00 -4.7600e+00 +3.1475e+00 +3.1719e+00 +4.4839e+00 +4.9226e+00 -4.9203e+00
751 0 +2.695516578e+01 +1.774516578e+01 +1.774516578e+01 +1.5865e+00 +3.3376e+00 +2.8368e+00 +3.1695e+00 -3.9277e+00 +4.2960e+00 +4.4401e+00 +4.6985e+00 +4.6102e+00 -4.9096e+00
805 0 +1.573031207e+01 +6.520312068e+00 +6.520312068e+00 +2.7722e+00 +2.2172e+00 +4.7580e+00 +4.3847e+00 -4.5253e+00 +4.7109e+00 +4.5339e+00 +4.8496e+00 +4.6632e+00 -4.9854e+00
1054 0 +1.553326746e+01 +6.323267462e+00 +6.323267462e+00 +1.9689e+00 +3.8037e+00 +3.8109e+00 +4.7150e+00 -4.1530e+00 +4.2266e+00 +4.8730e+00 +4.8298e+00 +4.9086e+00 -4.9095e+00
1077 0 +1.517223370e+01 +5.962233699e+00 +5.962233699e+00 +8.2149e-01 +4.2520e+00 +4.2081e+00 +4.8071e+00 -4.9624e+00 +4.9688e+00 +4.9642e+00 +4.8315e+00 +4.8582e+00 -4.4200e+00
1102 0 +1.113906856e+01 +1.929068565e+00 +1.929068565e+00 +2.2576e+00 +4.3848e+00 +4.9334e+00 +4.5804e+00 -4.7789e+00 +4.5060e+00 +4.9473e+00 +4.3557e+00 +4.9899e+00 -4.9989e+00
1304 0 +1.104884113e+01 +1.838841131e+00 +1.838841131e+00 +2.4647e+00 +4.2936e+00 +4.5675e+00 +4.7117e+00 -4.8644e+00 +4.9879e+00 +4.8714e+00 +4.5573e+00 +4.9208e+00 -4.8026e+00
1309 0 +1.016450785e+01 +9.545078484e-01 +9.545078484e-01 +2.2013e+00 +4.2591e+00 +4.3296e+00 +4.3539e+00 -4.8956e+00 +4.4529e+00 +4.9223e+00 +4.9192e+00 +4.9475e+00 -4.9609e+00
1314 0 +8.729804536e+00 -4.801954645e-01 -4.801954645e-01 +2.3199e+00 +4.9444e+00 +4.3591e+00 +4.6443e+00 -4.8808e+00 +4.9727e+00 +4.9537e+00 +4.8157e+00 +4.9888e+00 -4.7694e+00
1359 0 +8.402270753e+00 -8.077292469e-01 -8.077292469e-01 +2.3452e+00 +4.5436e+00 +4.3995e+00 +4.7607e+00 -4.7431e+00 +4.8310e+00 +4.8902e+00 +4.9335e+00 +4.8510e+00 -4.9743e+00
1401 0 +7.525817677e+00 -1.684182323e+00 -1.684182323e+00 +2.6897e+00 +4.3738e+00 +4.4258e+00 +4.7892e+00 -4.9864e+00 +4.7955e+00 +4.9977e+00 +4.8707e+00 +4.8951e+00 -4.9376e+00
1599 0 +6.885364033e+00 -2.324635967e+00 -2.324635967e+00 +3.6954e+00 +4.7971e+00 +4.8969e+00 +4.8545e+00 -4.7826e+00 +4.7118e+00 +4.9944e+00 +4.9593e+00 +4.7715e+00 -4.8847e+00
1612 0 +6.793496245e+00 -2.416503755e+00 -2.416503755e+00 +2.9749e+00 +4.7509e+00 +4.5831e+00 +4.8463e+00 -4.8373e+00 +4.9082e+00 +4.9978e+00 +4.9048e+00 +4.9843e+00 -4.8065e+00
1633 0 +6.081334218e+00 -3.128665782e+00 -3.128665782e+00 +3.5533e+00 +4.8002e+00 +4.4389e+00 +4.9563e+00 -4.8053e+00 +4.7859e+00 +4.7754e+00 +4.9956e+00 +4.8952e+00 -4.9845e+00
1654 0 +5.587706650e+00 -3.622293350e+00 -3.622293350e+00 +3.5097e+00 +4.7723e+00 +4.6689e+00 +4.7573e+00 -4.6358e+00 +4.9594e+00 +4.9290e+00 +4.9728e+00 +4.9066e+00 -4.9646e+00
1665 0 +5.087055020e+00 -4.122944980e+00 -4.122944980e+00 +3.9080e+00 +4.7275e+00 +4.6993e+00 +4.8279e+00 -4.5557e+00 +4.9882e+00 +4.9938e+00 +4.8593e+00 +4.9982e+00 -4.9394e+00
1704 0 +4.188593921e+00 -5.021406079e+00 -5.021406079e+00 +3.8809e+00 +4.9990e+00 +4.9478e+00 +4.9634e+00 -4.9072e+00 +4.8908e+00 +4.9197e+00 +4.7500e+00 +4.9650e+00 -4.9891e+00
1865 0 +3.570661578e+00 -5.639338422e+00 -5.639338422e+00 +4.8696e+00 +4.7402e+00 +4.7352e+00 +4.6682e+00 -4.9920e+00 +4.9223e+00 +4.9202e+00 +4.9590e+00 +4.8935e+00 -4.9794e+00
1901 0 +2.427966355e+00 -6.782033645e+00 -6.782033645e+00 +5.0000e+00 +5.0000e+00 +4.8092e+00 +5.0000e+00 -5.0000e+00 +5.0000e+00 +4.7539e+00 +5.0000e+00 +4.8750e+00 -5.0000e+00
2051 0 +2.102098523e+00 -7.107901477e+00 -7.107901477e+00 +5.0000e+00 +4.9037e+00 +5.0000e+00 +5.0000e+00 -4.8746e+00 +5.0000e+00 +4.8534e+00 +4.9707e+00 +4.9649e+00 -4.9499e+00
2201 0 +1.921919622e+00 -7.288080378e+00 -7.288080378e+00 +4.9871e+00 +4.8121e+00 +4.9565e+00 +4.9903e+00 -4.9023e+00 +4.9389e+00 +4.9076e+00 +4.9578e+00 +4.9955e+00 -4.9635e+00
2206 0 +1.522298328e+00 -7.687701672e+00 -7.687701672e+00 +5.0000e+00 +4.8422e+00 +5.0000e+00 +5.0000e+00 -4.9034e+00 +5.0000e+00 +4.9632e+00 +4.9744e+00 +4.9063e+00 -5.0000e+00
2406 0 +1.498017061e+00 -7.711982939e+00 -7.711982939e+00 +4.8973e+00 +4.9915e+00 +4.7432e+00 +4.9460e+00 -4.9938e+00 +4.9331e+00 +4.9861e+00 +4.9562e+00 +4.9754e+00 -4.9936e+00
2452 0 +1.226529635e+00 -7.983470365e+00 -7.983470365e+00 +4.9792e+00 +4.9723e+00 +4.9321e+00 +4.9144e+00 -4.9732e+00 +4.9294e+00 +4.9938e+00 +4.9653e+00 +4.9667e+00 -4.9951e+00
% f evaluations | g evaluations | best noise-free fitness - Fopt (6.559900000000e+02) + sum g_i+ | measured fitness | best measured fitness or single-digit g-values | x1 | x2...
1 0 +2.067556264e+02 +8.627456264e+02 +8.627456264e+02 +5.9671e-01 -3.8264e-02 +7.4769e-01 +1.6230e+00 -1.3415e-01 -1.3414e-01 +1.6792e+00 +8.6743e-01 -3.6947e-01 +6.4256e-01
2 0 +1.764332976e+02 +8.324232976e+02 +8.324232976e+02 -3.6342e-01 -3.6573e-01 +3.4196e-01 -1.8133e+00 -1.6249e+00 -4.6229e-01 -9.1283e-01 +4.1425e-01 -8.0802e-01 -1.3123e+00
5 0 +1.763970590e+02 +8.323870590e+02 +8.323870590e+02 +8.3847e-01 +2.7137e-01 -1.5648e-02 -2.0110e-01 -1.3785e+00 -6.1984e-01 -3.6064e-01 +1.1571e+00 +4.4362e-01 -1.6630e+00
51 0 +1.211116404e+02 +7.771016404e+02 +7.771016404e+02 +1.5511e+00 -5.4562e-01 +1.6745e-01 -7.5490e-01 -1.4461e+00 +6.2423e-01 -8.8801e-01 +2.5786e+00 -1.7783e+00 -4.7756e+00
101 0 +8.243220314e+01 +7.384222031e+02 +7.384222031e+02 +1.4109e+00 -3.9144e+00 +1.4237e+00 +1.1258e+00 +2.5264e+00 -1.8729e+00 -2.6468e+00 +3.9999e+00 -4.9403e+00 -4.1182e+00
111 0 +7.941660275e+01 +7.354066027e+02 +7.354066027e+02 +3.8903e+00 -5.8284e-01 +1.0973e+00 +2.4795e+00 -4.9540e+00 -1.8538e+00 -2.1569e+00 +3.5472e+00 -2.5596e+00 -4.5235e+00
151 0 +6.545008988e+01 +7.214400899e+02 +7.214400899e+02 +4.3835e+00 +9.9456e-01 -1.0212e+00 +1.8330e+00 -3.0801e+00 -2.0482e+00 -3.3749e+00 +3.2109e+00 -4.2943e+00 -4.6052e+00
152 0 +1.112675612e+01 +6.671167561e+02 +6.671167561e+02 +5.0000e+00 -5.0000e+00 -4.3822e+00 +3.1944e+00 -5.0000e+00 -5.0000e+00 -4.1731e+00 +4.6049e+00 -5.0000e+00 -5.0000e+00
1153 0 +8.786965045e+00 +6.647769650e+02 +6.647769650e+02 +4.4338e+00 -4.9350e+00 -4.8690e+00 +4.9882e+00 -4.5524e+00 -4.6701e+00 -4.8758e+00 +4.9529e+00 -4.7008e+00 -4.7713e+00
1201 0 +8.063549072e+00 +6.640535491e+02 +6.640535491e+02 +3.6668e+00 -4.7881e+00 -4.9014e+00 +4.7706e+00 -4.8921e+00 -4.7103e+00 -4.9672e+00 +4.7539e+00 -4.7793e+00 -4.8880e+00
1380 0 +7.885232170e+00 +6.638752322e+02 +6.638752322e+02 +4.2600e+00 -4.6131e+00 -4.4266e+00 +4.7513e+00 -4.9528e+00 -4.2113e+00 -4.8506e+00 +4.9649e+00 -4.9291e+00 -4.9265e+00
1401 0 +7.828406143e+00 +6.638184061e+02 +6.638184061e+02 +4.2078e+00 -4.8475e+00 -4.2661e+00 +4.5965e+00 -4.8788e+00 -4.4012e+00 -4.9061e+00 +4.8697e+00 -4.9972e+00 -4.8982e+00
1414 0 +7.797443759e+00 +6.637874438e+02 +6.637874438e+02 +4.0716e+00 -4.7296e+00 -4.7207e+00 +4.5249e+00 -4.7960e+00 -4.6290e+00 -4.9880e+00 +4.9875e+00 -4.6641e+00 -4.9602e+00
1452 0 +6.361673646e+00 +6.623516736e+02 +6.623516736e+02 +4.6143e+00 -4.9206e+00 -4.7193e+00 +4.8071e+00 -4.9817e+00 -4.5912e+00 -4.8194e+00 +4.8426e+00 -4.8599e+00 -4.9397e+00
1506 0 +5.613693850e+00 +6.616036939e+02 +6.616036939e+02 +4.7980e+00 -4.6971e+00 -4.6724e+00 +4.9290e+00 -4.8998e+00 -4.6617e+00 -4.8573e+00 +4.9901e+00 -4.8549e+00 -4.9019e+00
1552 0 +5.492392348e+00 +6.614823923e+02 +6.614823923e+02 +4.6810e+00 -4.8874e+00 -4.9509e+00 +4.8963e+00 -4.8332e+00 -4.7722e+00 -4.9216e+00 +4.9015e+00 -4.8258e+00 -4.8863e+00
1601 0 +5.311367907e+00 +6.613013679e+02 +6.613013679e+02 +4.8975e+00 -4.8957e+00 -4.9633e+00 +4.8999e+00 -4.9471e+00 -4.7786e+00 -4.7075e+00 +4.9653e+00 -4.7850e+00 -4.9376e+00
1607 0 +5.007213906e+00 +6.609972139e+02 +6.609972139e+02 +4.6679e+00 -4.9803e+00 -4.8199e+00 +4.4498e+00 -4.9432e+00 -4.7520e+00 -4.8153e+00 +4.8899e+00 -4.9824e+00 -4.9539e+00
1636 0 +4.906487882e+00 +6.608964879e+02 +6.608964879e+02 +4.8321e+00 -4.6109e+00 -4.5774e+00 +4.6401e+00 -4.7387e+00 -4.8929e+00 -4.9737e+00 +4.9868e+00 -4.9235e+00 -4.9149e+00
1651 0 +4.670190974e+00 +6.606601910e+02 +6.606601910e+02 +4.8322e+00 -4.7192e+00 -4.6960e+00 +4.7334e+00 -4.8001e+00 -4.7323e+00 -4.9537e+00 +4.9830e+00 -4.9274e+00 -4.9339e+00
1653 0 +3.589030554e+00 +6.595790306e+02 +6.595790306e+02 +4.5957e+00 -4.9525e+00 -4.8023e+00 +4.9317e+00 -4.9185e+00 -4.9068e+00 -4.9185e+00 +4.8487e+00 -4.9048e+00 -4.9937e+00
1775 0 +3.466643918e+00 +6.594566439e+02 +6.594566439e+02 +4.8831e+00 -4.6071e+00 -4.9987e+00 +4.9135e+00 -4.9118e+00 -4.9669e+00 -4.9999e+00 +4.9320e+00 -4.8118e+00 -4.9577e+00
1815 0 +2.800877824e+00 +6.587908778e+02 +6.587908778e+02 +4.9496e+00 -4.9551e+00 -4.7687e+00 +4.8931e+00 -4.9051e+00 -4.8276e+00 -4.9741e+00 +4.9171e+00 -4.9653e+00 -4.9693e+00
1852 0 +2.661138713e+00 +6.586511387e+02 +6.586511387e+02 +4.6617e+00 -4.9259e+00 -4.8123e+00 +4.7386e+00 -4.9978e+00 -4.9467e+00 -4.9981e+00 +4.9448e+00 -4.9904e+00 -4.9261e+00
1901 0 +2.279905623e+00 +6.582699056e+02 +6.582699056e+02 +4.8024e+00 -4.9385e+00 -4.7666e+00 +4.8630e+00 -4.9827e+00 -4.9635e+00 -4.9363e+00 +4.9720e+00 -4.9611e+00 -4.9625e+00
1959 0 +2.204961852e+00 +6.581949619e+02 +6.581949619e+02 +4.8697e+00 -4.9788e+00 -4.9694e+00 +4.8856e+00 -4.9769e+00 -4.8614e+00 -4.9091e+00 +4.9826e+00 -4.9390e+00 -4.9811e+00
2014 0 +2.151347680e+00 +6.581413477e+02 +6.581413477e+02 +4.6358e+00 -4.9562e+00 -4.9523e+00 +4.9197e+00 -4.8609e+00 -4.9529e+00 -4.9491e+00 +4.9811e+00 -4.9843e+00 -4.9550e+00
2051 0 +1.875396077e+00 +6.578653961e+02 +6.578653961e+02 +4.7669e+00 -4.9994e+00 -4.9564e+00 +4.9083e+00 -4.9539e+00 -4.9623e+00 -4.9291e+00 +4.9510e+00 -4.9554e+00 -4.9861e+00
2053 0 +1.821467572e+00 +6.578114676e+02 +6.578114676e+02 +4.7914e+00 -4.9926e+00 -4.8935e+00 +4.9118e+00 -4.9745e+00 -4.9480e+00 -4.9532e+00 +4.9110e+00 -4.9918e+00 -4.9836e+00
2055 0 +1.817062358e+00 +6.578070624e+02 +6.578070624e+02 +4.9170e+00 -4.9916e+00 -4.8681e+00 +4.8647e+00 -4.9611e+00 -4.9808e+00 -4.9143e+00 +4.9966e+00 -4.9852e+00 -4.9498e+00
2060 0 +1.353407400e+00 +6.573434074e+02 +6.573434074e+02 +4.8651e+00 -4.9981e+00 -4.9794e+00 +4.9508e+00 -4.9636e+00 -4.9693e+00 -4.9932e+00 +4.9834e+00 -4.9804e+00 -4.9419e+00
2067 0 +1.333264950e+00 +6.573232650e+02 +6.573232650e+02 +4.9784e+00 -4.8879e+00 -4.9897e+00 +4.9771e+00 -4.9641e+00 -4.9957e+00 -4.9706e+00 +4.9116e+00 -4.9778e+00 -4.9853e+00
2201 0 +9.160777842e-01 +6.569060778e+02 +6.569060778e+02 +4.9693e+00 -4.9717e+00 -4.9405e+00 +4.9394e+00 -4.9997e+00 -4.9596e+00 -4.9599e+00 +4.9735e+00 -4.9998e+00 -4.9874e+00
2351 0 +7.277275474e-01 +6.567177275e+02 +6.567177275e+02 +4.9878e+00 -4.9529e+00 -4.9574e+00 +4.9976e+00 -4.9821e+00 -4.9861e+00 -4.9618e+00 +4.9721e+00 -4.9866e+00 -4.9970e+00
2401 0 +5.823700950e-01 +6.565723701e+02 +6.565723701e+02 +4.9647e+00 -4.9821e+00 -4.9906e+00 +4.9675e+00 -4.9998e+00 -4.9935e+00 -4.9890e+00 +4.9978e+00 -4.9893e+00 -4.9733e+00
% f evaluations | g evaluations | best noise-free fitness - Fopt (6.671000000000e+01) + sum g_i+ | measured fitness | best measured fitness or single-digit g-values | x1 | x2...
1 0 +2.250348623e+02 +2.917448623e+02 +2.917448623e+02 +5.9671e-01 -3.8264e-02 +7.4769e-01 +1.6230e+00 -1.3415e-01 -1.3414e-01 +1.6792e+00 +8.6743e-01 -3.6947e-01 +6.4256e-01
2 0 +1.965083817e+02 +2.632183817e+02 +2.632183817e+02 -3.6342e-01 -3.6573e-01 +3.4196e-01 -1.8133e+00 -1.6249e+00 -4.6229e-01 -9.1283e-01 +4.1425e-01 -8.0802e-01 -1.3123e+00
5 0 +1.895331817e+02 +2.562431817e+02 +2.562431817e+02 +8.3847e-01 +2.7137e-01 -1.5648e-02 -2.0110e-01 -1.3785e+00 -6.1984e-01 -3.6064e-01 +1.1571e+00 +4.4362e-01 -1.6630e+00
8 0 +1.724355828e+02 +2.391455828e+02 +2.391455828e+02 +4.6140e-01 +1.6380e+00 +6.4174e-02 +1.6646e+00 -2.5197e+00 +9.2190e-01 +1.8705e-01 -1.9901e-01 +1.9176e-01 -1.8876e+00
14 0 +1.691797546e+02 +2.358897546e+02 +2.358897546e+02 -1.4507e+00 +1.6856e-01 -9.6230e-01 +5.7359e-01 -8.1942e-01 +1.6499e+00 -6.8325e-01 -2.2206e-01 +9.1352e-01 -1.1309e+00
51 0 +1.301620150e+02 +1.968720150e+02 +1.968720150e+02 +6.5585e-01 +1.3240e+00 -7.6064e-01 +2.9338e+00 -2.5948e-01 +2.5784e+00 -1.0425e+00 -1.4885e+00 +2.5438e+00 -2.5516e+00
101 0 +5.780133076e+01 +1.245113308e+02 +1.245113308e+02 +6.6624e-01 -5.5236e-01 -3.6784e+00 +1.6664e+00 -3.5860e+00 +4.4871e+00 -2.3336e+00 -4.2874e+00 +3.4425e+00 -4.7482e+00
154 0 +5.646303554e+01 +1.231730355e+02 +1.231730355e+02 -3.9719e+00 -8.1472e-01 -3.4728e+00 +3.4054e+00 -1.6216e+00 +4.4259e+00 -2.6704e+00 -3.4550e+00 +4.6342e+00 -4.0325e+00
352 0 +5.508288802e+01 +1.217928880e+02 +1.217928880e+02 -3.0380e+00 -2.0360e+00 -1.6403e+00 +2.8841e+00 -4.2683e+00 +2.8534e+00 -2.6935e+00 -3.8824e+00 +4.3256e+00 -4.3248e+00
356 0 +5.288511868e+01 +1.195951187e+02 +1.195951187e+02 -4.1118e+00 +1.8009e+00 -3.4785e+00 +4.9531e+00 -3.6586e+00 +4.6085e+00 -3.9692e+00 -4.7808e+00 +4.6322e+00 -2.3512e+00
402 0 +5.210825695e+01 +1.188182570e+02 +1.188182570e+02 -3.1505e+00 -2.5130e+00 -1.7609e+00 +4.2628e+00 -3.7835e+00 +1.3219e+00 -3.7313e+00 -4.4853e+00 +3.8656e+00 -4.4305e+00
404 0 +4.288840525e+01 +1.095984052e+02 +1.095984052e+02 -3.9380e+00 -2.5588e+00 -4.7367e+00 +3.7808e+00 -3.5484e+00 +2.7699e+00 -3.7070e+00 -3.9177e+00 +3.7228e+00 -4.8825e+00
452 0 +3.720450208e+01 +1.039145021e+02 +1.039145021e+02 -9.8499e-01 -1.8343e+00 -1.0381e+00 +2.6994e+00 -4.8705e+00 +3.1268e+00 -4.9028e+00 -4.6273e+00 +4.0647e+00 -4.9484e+00
556 0 +3.631675478e+01 +1.030267548e+02 +1.030267548e+02 -3.6308e+00 -2.1829e+00 -2.1502e-01 +2.6528e+00 -3.7711e+00 +3.6547e+00 -3.5347e+00 -4.6504e+00 +4.8928e+00 -4.9711e+00
610 0 +3.510018836e+01 +1.018101884e+02 +1.018101884e+02 -4.5328e+00 -4.9145e+00 -1.2309e+00 +4.7113e+00 -3.5555e+00 +4.5542e+00 -4.0589e+00 -4.7084e+00 +4.3160e+00 -3.9421e+00
617 0 +3.198731305e+01 +9.869731305e+01 +9.869731305e+01 -4.4720e+00 +9.8690e-01 -4.0339e+00 +2.7575e+00 -4.5195e+00 +4.3744e+00 -4.5414e+00 -3.3927e+00 +4.9601e+00 -4.8374e+00
651 0 +2.804925489e+01 +9.475925489e+01 +9.475925489e+01 -4.1653e+00 -3.9294e+00 -1.1724e+00 +3.6000e+00 -4.7408e+00 +3.1130e+00 -4.5213e+00 -4.3493e+00 +4.9454e+00 -4.7618e+00
683 0 +2.688352684e+01 +9.359352684e+01 +9.359352684e+01 -3.5239e+00 -4.3148e+00 -4.5508e+00 +4.0855e+00 -3.7244e+00 +4.3940e+00 -4.0843e+00 -4.7275e+00 +4.7914e+00 -4.1423e+00
731 0 +2.655275426e+01 +9.326275426e+01 +9.326275426e+01 -1.8587e+00 -1.8352e+00 -4.1021e+00 +4.0517e+00 -4.7855e+00 +3.6624e+00 -4.1520e+00 -4.6334e+00 +4.8771e+00 -4.6706e+00
754 0 +2.291622904e+01 +8.962622904e+01 +8.962622904e+01 -2.8318e+00 -1.9714e+00 -3.7646e+00 +4.9520e+00 -4.0636e+00 +4.0004e+00 -4.1336e+00 -4.3843e+00 +4.9252e+00 -4.9818e+00
755 0 +2.189586602e+01 +8.860586602e+01 +8.860586602e+01 -4.3121e+00 -2.9485e+00 -1.9560e+00 +4.0320e+00 -4.7581e+00 +4.3928e+00 -4.5515e+00 -4.6250e+00 +4.4704e+00 -4.9891e+00
804 0 +2.062609632e+01 +8.733609632e+01 +8.733609632e+01 -4.3361e+00 -2.4059e+00 -3.7499e+00 +3.7785e+00 -4.1890e+00 +4.6626e+00 -4.6391e+00 -4.8376e+00 +4.8492e+00 -4.5391e+00
853 0 +1.964361280e+01 +8.635361280e+01 +8.635361280e+01 -4.4951e+00 -4.2996e+00 -4.7733e+00 +4.8976e+00 -4.8298e+00 +4.8219e+00 -3.4245e+00 -4.6082e+00 +4.9942e+00 -4.3185e+00
902 0 +1.578372675e+01 +8.249372675e+01 +8.249372675e+01 -4.1938e+00 -4.6076e+00 -3.3775e+00 +4.9722e+00 -4.4192e+00 +4.8994e+00 -4.0493e+00 -4.8962e+00 +4.6396e+00 -4.8098e+00
952 0 +1.333285829e+01 +8.004285829e+01 +8.004285829e+01 -4.8631e+00 -3.6688e+00 -3.9726e+00 +4.7130e+00 -4.9853e+00 +4.6238e+00 -4.7667e+00 -4.8976e+00 +4.4686e+00 -4.8060e+00
953 0 +1.064398118e+01 +7.735398118e+01 +7.735398118e+01 -4.5468e+00 -4.9286e+00 -3.8619e+00 +4.9324e+00 -4.9179e+00 +4.2786e+00 -4.6645e+00 -4.5703e+00 +4.9277e+00 -4.9460e+00
1103 0 +9.570959641e+00 +7.628095964e+01 +7.628095964e+01 -4.0041e+00 -4.6085e+00 -4.0094e+00 +4.2904e+00 -4.7570e+00 +4.9354e+00 -4.6674e+00 -4.9186e+00 +4.9508e+00 -4.8433e+00
1109 0 +9.410153206e+00 +7.612015321e+01 +7.612015321e+01 -3.1298e+00 -4.6127e+00 -4.4220e+00 +4.3810e+00 -4.4252e+00 +4.9573e+00 -4.9649e+00 -4.7377e+00 +4.9501e+00 -4.9133e+00
1201 0 +8.463516217e+00 +7.517351622e+01 +7.517351622e+01 -4.4008e+00 -4.9303e+00 -4.1961e+00 +4.2950e+00 -4.7870e+00 +4.8246e+00 -4.7990e+00 -4.6986e+00 +4.9731e+00 -4.9257e+00
1203 0 +7.605305053e+00 +7.431530505e+01 +7.431530505e+01 -3.7092e+00 -4.4094e+00 -4.4041e+00 +4.3243e+00 -4.9501e+00 +4.7666e+00 -4.8637e+00 -4.9774e+00 +4.9512e+00 -4.9021e+00
1251 0 +7.159055265e+00 +7.386905527e+01 +7.386905527e+01 -3.6768e+00 -4.7791e+00 -4.1505e+00 +4.6423e+00 -4.6497e+00 +4.7263e+00 -4.9715e+00 -4.9025e+00 +4.9168e+00 -4.9957e+00
1351 0 +6.630099404e+00 +7.334009940e+01 +7.334009940e+01 -3.8966e+00 -4.5921e+00 -4.1397e+00 +4.9903e+00 -4.9520e+00 +4.7207e+00 -4.9308e+00 -4.8449e+00 +4.9261e+00 -4.9416e+00
1416 0 +5.798245220e+00 +7.250824522e+01 +7.250824522e+01 -4.5843e+00 -4.8304e+00 -4.2586e+00 +4.8058e+00 -4.8087e+00 +4.7443e+00 -4.8727e+00 -4.8647e+00 +4.9344e+00 -4.9852e+00
1421 0 +5.739657173e+00 +7.244965717e+01 +7.244965717e+01 -4.0397e+00 -4.9287e+00 -4.2614e+00 +4.6779e+00 -4.9739e+00 +4.8882e+00 -4.9082e+00 -4.9354e+00 +4.8149e+00 -4.9961e+00
1478 0 +5.189318513e+00 +7.189931851e+01 +7.189931851e+01 -3.9925e+00 -4.7886e+00 -4.6734e+00 +4.5814e+00 -4.9441e+00 +4.7318e+00 -4.8691e+00 -4.9982e+00 +4.9787e+00 -4.9441e+00
1555 0 +4.686445937e+00 +7.139644594e+01 +7.139644594e+01 -4.3827e+00 -4.9946e+00 -4.8916e+00 +4.8958e+00 -4.9325e+00 +4.8902e+00 -4.9189e+00 -4.8919e+00 +4.8883e+00 -4.8815e+00
1564 0 +4.616011334e+00 +7.132601133e+01 +7.132601133e+01 -4.3644e+00 -4.2933e+00 -4.8080e+00 +4.8049e+00 -4.8880e+00 +4.8351e+00 -4.9849e+00 -4.9978e+00 +4.9569e+00 -4.8994e+00
1601 0 +4.577749764e+00 +7.128774976e+01 +7.128774976e+01 -4.3585e+00 -4.8086e+00 -4.8465e+00 +4.6631e+00 -4.8369e+00 +4.8972e+00 -4.9826e+00 -4.9493e+00 +4.8735e+00 -4.9480e+00
1611 0 +4.545487884e+00 +7.125548788e+01 +7.125548788e+01 -4.4999e+00 -4.6300e+00 -4.7095e+00 +4.9886e+00 -4.9459e+00 +4.9724e+00 -4.8716e+00 -4.9703e+00 +4.7405e+00 -4.9975e+00
1620 0 +4.485767305e+00 +7.119576731e+01 +7.119576731e+01 -4.7201e+00 -4.5778e+00 -4.9730e+00 +4.9910e+00 -4.9599e+00 +4.9394e+00 -4.9355e+00 -4.8161e+00 +4.8917e+00 -4.8973e+00
1652 0 +4.460461315e+00 +7.117046132e+01 +7.117046132e+01 -4.6031e+00 -4.8646e+00 -4.8982e+00 +4.9652e+00 -4.9969e+00 +4.8342e+00 -4.8918e+00 -4.9460e+00 +4.7983e+00 -4.9348e+00
1653 0 +4.071761004e+00 +7.078176100e+01 +7.078176100e+01 -4.4958e+00 -4.6938e+00 -4.8724e+00 +4.8510e+00 -4.9587e+00 +4.7947e+00 -4.9948e+00 -4.9622e+00 +4.8790e+00 -4.9402e+00
1665 0 +4.016917016e+00 +7.072691702e+01 +7.072691702e+01 -4.5595e+00 -4.8903e+00 -4.9430e+00 +4.8952e+00 -4.9575e+00 +4.8778e+00 -4.9341e+00 -4.8873e+00 +4.7987e+00 -4.9983e+00
1702 0 +3.626975236e+00 +7.033697524e+01 +7.033697524e+01 -4.4254e+00 -4.9260e+00 -4.9292e+00 +4.9660e+00 -4.9289e+00 +4.7386e+00 -4.9679e+00 -4.9836e+00 +4.8873e+00 -4.9492e+00
1731 0 +3.150826162e+00 +6.986082616e+01 +6.986082616e+01 -4.9099e+00 -4.8590e+00 -4.8308e+00 +4.8636e+00 -4.8799e+00 +4.9830e+00 -4.8926e+00 -4.9810e+00 +4.9474e+00 -4.9113e+00
1804 0 +3.091974515e+00 +6.980197452e+01 +6.980197452e+01 -4.9532e+00 -4.7629e+00 -4.9450e+00 +4.9872e+00 -4.9357e+00 +4.9741e+00 -4.9774e+00 -4.7212e+00 +4.9972e+00 -4.9451e+00
1809 0 +3.078153279e+00 +6.978815328e+01 +6.978815328e+01 -4.6461e+00 -4.8087e+00 -4.9461e+00 +4.8955e+00 -4.9797e+00 +4.9830e+00 -4.8694e+00 -4.9381e+00 +4.9808e+00 -4.9082e+00
1811 0 +3.046513312e+00 +6.975651331e+01 +6.975651331e+01 -4.9204e+00 -4.9837e+00 -4.9339e+00 +4.8859e+00 -4.8421e+00 +4.8703e+00 -4.9817e+00 -4.8819e+00 +4.8929e+00 -4.9938e+00
1851 0 +2.841534093e+00 +6.955153409e+01 +6.955153409e+01 -4.9641e+00 -4.7687e+00 -4.9099e+00 +4.8483e+00 -4.9892e+00 +4.9888e+00 -4.9716e+00 -4.8440e+00 +4.9923e+00 -4.9167e+00
1858 0 +2.820216156e+00 +6.953021616e+01 +6.953021616e+01 -4.8756e+00 -4.8385e+00 -4.7313e+00 +4.8014e+00 -4.9677e+00 +4.9077e+00 -4.8857e+00 -4.9548e+00 +4.9909e+00 -4.9682e+00
1903 0 +2.332695456e+00 +6.904269546e+01 +6.904269546e+01 -4.9985e+00 -4.9589e+00 -4.8669e+00 +4.8342e+00 -4.9539e+00 +4.9950e+00 -4.9636e+00 -4.8855e+00 +4.9310e+00 -4.9838e+00
1918 0 +2.324813198e+00 +6.903481320e+01 +6.903481320e+01 -4.8363e+00 -4.9714e+00 -4.8544e+00 +4.9412e+00 -4.9632e+00 +4.9132e+00 -4.9450e+00 -4.9663e+00 +4.9795e+00 -4.9276e+00
1951 0 +2.167086326e+00 +6.887708633e+01 +6.887708633e+01 -4.8607e+00 -4.9474e+00 -4.9049e+00 +4.8875e+00 -4.9138e+00 +4.9842e+00 -4.9317e+00 -4.9659e+00 +4.9731e+00 -4.9467e+00
1957 0 +1.994421308e+00 +6.870442131e+01 +6.870442131e+01 -4.9278e+00 -4.8806e+00 -4.9139e+00 +4.8659e+00 -4.9868e+00 +4.9881e+00 -4.9893e+00 -4.8844e+00 +4.9691e+00 -4.9727e+00
2003 0 +1.832583106e+00 +6.854258311e+01 +6.854258311e+01 -4.9193e+00 -4.9428e+00 -4.8428e+00 +4.8893e+00 -4.9864e+00 +4.9999e+00 -4.9879e+00 -4.9708e+00 +4.9175e+00 -4.9731e+00
2006 0 +1.734781759e+00 +6.844478176e+01 +6.844478176e+01 -4.9767e+00 -4.8121e+00 -4.8390e+00 +4.9057e+00 -4.9993e+00 +4.9208e+00 -4.9651e+00 -4.9730e+00 +4.9784e+00 -4.9780e+00
2056 0 +1.729661679e+00 +6.843966168e+01 +6.843966168e+01 -4.8908e+00 -4.7956e+00 -4.8427e+00 +4.9347e+00 -4.9697e+00 +4.9622e+00 -4.9449e+00 -4.9442e+00 +4.9850e+00 -4.9974e+00
2101 0 +1.600036384e+00 +6.831003638e+01 +6.831003638e+01 -4.9176e+00 -4.9091e+00 -4.8334e+00 +4.9252e+00 -4.9574e+00 +4.9270e+00 -4.9999e+00 -4.9351e+00 +4.9998e+00 -4.9811e+00
2152 0 +1.194949130e+00 +6.790494913e+01 +6.790494913e+01 -4.9865e+00 -4.9017e+00 -4.9142e+00 +4.9214e+00 -4.9722e+00 +4.9998e+00 -4.9474e+00 -4.9847e+00 +4.9791e+00 -4.9834e+00
2252 0 +1.010175473e+00 +6.772017547e+01 +6.772017547e+01 -4.9016e+00 -4.9682e+00 -4.9616e+00 +4.9511e+00 -4.9752e+00 +4.9980e+00 -4.9856e+00 -4.9876e+00 +4.9673e+00 -4.9769e+00
2401 0 +9.522480144e-01 +6.766224801e+01 +6.766224801e+01 -4.8846e+00 -4.9913e+00 -4.9691e+00 +4.9923e+00 -4.9980e+00 +4.9484e+00 -4.9559e+00 -4.9758e+00 +4.9820e+00 -4.9923e+00
2405 0 +9.246716860e-01 +6.763467169e+01 +6.763467169e+01 -4.9558e+00 -4.9955e+00 -4.8557e+00 +4.9390e+00 -4.9775e+00 +4.9702e+00 -4.9685e+00 -4.9767e+00 +4.9964e+00 -4.9981e+00
2413 0 +6.559436922e-01 +6.736594369e+01 +6.736594369e+01 -4.9223e+00 -4.9180e+00 -4.9827e+00 +4.9836e+00 -4.9868e+00 +4.9654e+00 -4.9884e+00 -4.9951e+00 +4.9820e+00 -4.9975e+00
% f evaluations | g evaluations | best noise-free fitness - Fopt (9.416700000000e+02) + sum g_i+ | measured fitness | best measured fitness or single-digit g-values | x1 | x2...
1 0 +2.215762965e+02 +1.163246297e+03 +1.163246297e+03 +5.9671e-01 -3.8264e-02 +7.4769e-01 +1.6230e+00 -1.3415e-01 -1.3414e-01 +1.6792e+00 +8.6743e-01 -3.6947e-01 +6.4256e-01
2 0 +1.920447763e+02 +1.133714776e+03 +1.133714776e+03 -3.6342e-01 -3.6573e-01 +3.4196e-01 -1.8133e+00 -1.6249e+00 -4.6229e-01 -9.1283e-01 +4.1425e-01 -8.0802e-01 -1.3123e+00
5 0 +1.851301783e+02 +1.126800178e+03 +1.126800178e+03 +8.3847e-01 +2.7137e-01 -1.5648e-02 -2.0110e-01 -1.3785e+00 -6.1984e-01 -3.6064e-01 +1.1571e+00 +4.4362e-01 -1.6630e+00
8 0 +1.788477772e+02 +1.120517777e+03 +1.120517777e+03 +4.6140e-01 +1.6380e+00 +6.4174e-02 +1.6646e+00 -2.5197e+00 +9.2190e-01 +1.8705e-01 -1.9901e-01 +1.9176e-01 -1.8876e+00
51 0 +1.554676186e+02 +1.097137619e+03 +1.097137619e+03 +9.1307e-02 -8.1072e-01 +1.1314e+00 +1.9213e+00 -2.2106e+00 +7.1038e-01 -1.9691e+00 +3.4175e-01 +5.2445e-01 -2.7148e+00
53 0 +1.449901512e+02 +1.086660151e+03 +1.086660151e+03 -1.0565e+00 -1.3696e-01 +4.5859e-01 +1.8140e+00 -3.1788e+00 -9.4346e-01 -1.4575e+00 -2.0170e+00 +1.4552e+00 -1.1091e+00
69 0 +1.438957305e+02 +1.085565731e+03 +1.085565731e+03 +7.1116e-01 +1.4248e+00 +7.2142e-01 +1.0685e+00 -2.8654e+00 -1.8619e+00 +4.7657e-01 -2.3395e+00 +2.7474e-01 -3.0893e+00
101 0 +8.825546175e+01 +1.029925462e+03 +1.029925462e+03 +2.3715e+00 +1.6123e-01 +2.4972e+00 +3.5824e-01 -3.4081e+00 -2.6981e+00 -1.3086e+00 -3.6621e+00 +2.2708e+00 -4.8945e+00
119 0 +8.667965149e+01 +1.028349651e+03 +1.028349651e+03 -2.2482e+00 -1.1261e+00 +3.6673e-01 +1.8646e+00 +2.4816e-01 -2.4642e+00 -4.3051e+00 -3.4899e+00 +1.3303e+00 -4.9967e+00
151 0 +8.144338921e+01 +1.023113389e+03 +1.023113389e+03 -4.3070e-01 -1.3145e+00 +3.1448e+00 +2.4367e+00 -1.9694e+00 -2.5650e+00 -2.7292e+00 -4.5205e+00 +9.4470e-01 -4.8500e+00
166 0 +7.980096095e+01 +1.021470961e+03 +1.021470961e+03 +2.7868e-01 +9.6566e-01 +2.4701e-01 +4.1656e+00 -1.8096e+00 -4.5920e+00 -1.3303e+00 -4.6422e+00 +2.9426e+00 -3.8360e+00
201 0 +7.047750904e+01 +1.012147509e+03 +1.012147509e+03 +1.0006e+00 -7.3958e-01 +3.2954e+00 +3.6710e+00 -8.8511e-01 -3.2999e+00 -1.9039e+00 -4.9454e+00 +4.4789e+00 -3.3025e+00
203 0 +6.117231232e+01 +1.002842312e+03 +1.002842312e+03 +7.1183e-01 -4.6618e+00 +5.4573e-02 -6.9287e-01 -2.9772e+00 -9.3374e-01 -4.4052e+00 -4.0724e+00 +4.3013e+00 -4.9464e+00
254 0 +5.184223111e+01 +9.935122311e+02 +9.935122311e+02 -1.1119e+00 -4.4969e+00 +3.8343e+00 -1.8116e+00 -4.4382e+00 -3.6822e+00 -3.7597e+00 -3.3767e+00 +4.9988e+00 -4.1112e+00
351 0 +4.655719537e+01 +9.882271954e+02 +9.882271954e+02 -9.8729e-01 -3.3301e+00 +4.4976e+00 +4.0524e+00 -3.9389e+00 -4.3502e+00 -2.0470e+00 -3.3911e+00 +4.1054e+00 -4.8058e+00
455 0 +3.753465544e+01 +9.792046554e+02 +9.792046554e+02 -2.0847e+00 -1.5905e+00 +2.1937e+00 +2.3292e+00 -4.2979e+00 -3.5590e+00 -4.7133e+00 -3.6685e+00 +4.6170e+00 -4.9630e+00
562 0 +3.495945012e+01 +9.766294501e+02 +9.766294501e+02 -2.8268e-01 +3.6726e-01 +4.4084e+00 +4.5568e+00 -1.6587e+00 -4.3980e+00 -3.6039e+00 -4.7321e+00 +4.8830e+00 -4.9085e+00
651 0 +2.925901590e+01 +9.709290159e+02 +9.709290159e+02 -3.1170e-01 -3.4152e+00 +2.5376e+00 +1.3909e+00 -3.5878e+00 -4.2889e+00 -4.9441e+00 -4.6405e+00 +4.9987e+00 -4.8270e+00
701 0 +2.869416960e+01 +9.703641696e+02 +9.703641696e+02 -1.5834e+00 -4.7675e+00 +3.6622e+00 +2.3411e+00 -3.6830e+00 -4.6305e+00 -4.5550e+00 -4.3696e+00 +4.7652e+00 -4.5638e+00
704 0 +2.831279636e+01 +9.699827964e+02 +9.699827964e+02 -4.5704e+00 -3.6652e+00 +3.0046e+00 +2.9263e+00 -4.3962e+00 -4.4910e+00 -4.3206e+00 -4.2988e+00 +4.3980e+00 -4.7164e+00
741 0 +2.619983484e+01 +9.678698348e+02 +9.678698348e+02 -4.2400e+00 -4.3837e+00 +4.5553e+00 +3.7552e+00 -3.7901e+00 -4.7062e+00 -3.1353e+00 -4.8172e+00 +4.9180e+00 -4.3588e+00
752 0 +2.480224115e+01 +9.664722411e+02 +9.664722411e+02 -3.7944e+00 -2.7670e+00 +4.9203e+00 +4.9734e+00 -4.1300e+00 -3.6041e+00 -4.4185e+00 -4.9719e+00 +4.2442e+00 -4.5635e+00
761 0 +2.278651776e+01 +9.644565178e+02 +9.644565178e+02 -2.6302e+00 -3.4389e+00 +4.7662e+00 +3.8929e+00 -3.4456e+00 -4.7324e+00 -4.4486e+00 -4.9933e+00 +4.8531e+00 -4.3398e+00
802 0 +2.250709184e+01 +9.641770918e+02 +9.641770918e+02 -3.0232e+00 -2.8663e+00 +4.7185e+00 +3.9496e+00 -3.8591e+00 -4.5129e+00 -4.8690e+00 -4.9746e+00 +4.6385e+00 -4.3443e+00
852 0 +1.900992805e+01 +9.606799281e+02 +9.606799281e+02 -2.9598e+00 -3.1438e+00 +4.9227e+00 +4.7722e+00 -4.6289e+00 -4.2551e+00 -4.8972e+00 -4.9320e+00 +4.5975e+00 -4.3758e+00
902 0 +1.815865866e+01 +9.598286587e+02 +9.598286587e+02 -3.3361e+00 -2.7235e+00 +4.3032e+00 +3.3989e+00 -4.9494e+00 -4.2663e+00 -4.7330e+00 -4.8914e+00 +4.6758e+00 -4.8235e+00
953 0 +1.751860914e+01 +9.591886091e+02 +9.591886091e+02 -3.3048e+00 -4.6387e+00 +3.9885e+00 +3.1766e+00 -3.8179e+00 -4.3334e+00 -4.9905e+00 -4.8004e+00 +4.8986e+00 -4.7970e+00
1007 0 +1.702796233e+01 +9.586979623e+02 +9.586979623e+02 -3.0938e+00 -3.7276e+00 +4.7544e+00 +4.9523e+00 -4.9865e+00 -4.3646e+00 -4.6734e+00 -4.7797e+00 +4.1063e+00 -4.9111e+00
1040 0 +1.678433684e+01 +9.584543368e+02 +9.584543368e+02 -3.9891e+00 -4.2306e+00 +3.6681e+00 +3.7984e+00 -4.2781e+00 -4.5681e+00 -4.4436e+00 -4.5093e+00 +4.9720e+00 -4.9333e+00
1053 0 +1.177769145e+01 +9.534476915e+02 +9.534476915e+02 -4.5145e+00 -4.1542e+00 +4.9320e+00 +4.4837e+00 -4.5702e+00 -4.7121e+00 -4.7173e+00 -4.6732e+00 +4.8303e+00 -4.7841e+00
1151 0 +1.091346939e+01 +9.525834694e+02 +9.525834694e+02 -4.4384e+00 -3.8254e+00 +4.7095e+00 +4.5580e+00 -4.8849e+00 -4.2538e+00 -4.4066e+00 -4.9300e+00 +4.9562e+00 -4.9117e+00
1201 0 +9.042198539e+00 +9.507121985e+02 +9.507121985e+02 -4.3223e+00 -4.2548e+00 +4.7756e+00 +4.4843e+00 -4.7458e+00 -4.9623e+00 -4.6971e+00 -4.9978e+00 +4.7431e+00 -4.8334e+00
1259 0 +8.658136800e+00 +9.503281368e+02 +9.503281368e+02 -4.7141e+00 -4.7665e+00 +4.5980e+00 +4.6519e+00 -4.5752e+00 -4.7935e+00 -4.9827e+00 -4.7936e+00 +4.7493e+00 -4.8533e+00
1303 0 +8.179552404e+00 +9.498495524e+02 +9.498495524e+02 -4.1722e+00 -4.8638e+00 +4.7518e+00 +4.8730e+00 -4.6873e+00 -4.8937e+00 -4.8945e+00 -4.5626e+00 +4.7590e+00 -4.9741e+00
1304 0 +8.172526763e+00 +9.498425268e+02 +9.498425268e+02 -4.8516e+00 -4.7186e+00 +4.6051e+00 +4.5283e+00 -4.6513e+00 -4.5258e+00 -4.8818e+00 -4.9394e+00 +4.7896e+00 -4.9230e+00
1306 0 +7.964355126e+00 +9.496343551e+02 +9.496343551e+02 -4.4215e+00 -4.9080e+00 +4.3836e+00 +4.5048e+00 -4.9156e+00 -4.9354e+00 -4.9822e+00 -4.9477e+00 +4.9059e+00 -4.6420e+00
1351 0 +4.965274882e+00 +9.466352749e+02 +9.466352749e+02 -4.9971e+00 -4.9923e+00 +4.3008e+00 +4.6186e+00 -4.7663e+00 -4.8553e+00 -4.9355e+00 -4.9877e+00 +4.8310e+00 -4.9888e+00
1460 0 +4.505448379e+00 +9.461754484e+02 +9.461754484e+02 -4.8296e+00 -4.9898e+00 +4.7158e+00 +4.3213e+00 -4.7275e+00 -4.8520e+00 -4.9904e+00 -4.9303e+00 +4.9913e+00 -4.9435e+00
1512 0 +4.434807109e+00 +9.461048071e+02 +9.461048071e+02 -4.7771e+00 -4.6742e+00 +4.9549e+00 +4.7859e+00 -4.9752e+00 -4.9629e+00 -4.9462e+00 -4.9398e+00 +4.7347e+00 -4.9612e+00
1651 0 +4.282519317e+00 +9.459525193e+02 +9.459525193e+02 -4.7345e+00 -4.7515e+00 +4.8441e+00 +4.7147e+00 -4.8930e+00 -4.8746e+00 -4.9899e+00 -4.9846e+00 +4.9103e+00 -4.8761e+00
1653 0 +4.226740810e+00 +9.458967408e+02 +9.458967408e+02 -4.6339e+00 -4.8747e+00 +4.8028e+00 +4.7165e+00 -4.7161e+00 -4.9142e+00 -4.9872e+00 -4.9864e+00 +4.8338e+00 -4.9766e+00
1654 0 +4.182260779e+00 +9.458522608e+02 +9.458522608e+02 -4.3832e+00 -4.9478e+00 +4.9801e+00 +4.7190e+00 -4.9983e+00 -4.9882e+00 -4.8305e+00 -4.9632e+00 +4.8249e+00 -4.9551e+00
1701 0 +3.667728815e+00 +9.453377288e+02 +9.453377288e+02 -4.8716e+00 -4.7834e+00 +4.8936e+00 +4.6716e+00 -4.9749e+00 -4.9599e+00 -4.9870e+00 -4.9177e+00 +4.8989e+00 -4.9176e+00
1705 0 +2.381804922e+00 +9.440518049e+02 +9.440518049e+02 -4.9174e+00 -4.9897e+00 +4.8580e+00 +4.8596e+00 -4.8273e+00 -4.9039e+00 -4.9372e+00 -4.9717e+00 +4.9986e+00 -4.9552e+00
1801 0 +2.124858791e+00 +9.437948588e+02 +9.437948588e+02 -4.9743e+00 -4.8529e+00 +4.9358e+00 +4.7665e+00 -4.9515e+00 -4.9880e+00 -4.9535e+00 -4.9272e+00 +4.9659e+00 -4.9795e+00
1911 0 +1.873215046e+00 +9.435432150e+02 +9.435432150e+02 -4.9268e+00 -4.8456e+00 +4.9625e+00 +4.9774e+00 -4.9668e+00 -4.9745e+00 -4.9782e+00 -4.8832e+00 +4.9521e+00 -4.9867e+00
1952 0 +1.872079253e+00 +9.435420793e+02 +9.435420793e+02 -4.8827e+00 -4.9936e+00 +4.9037e+00 +4.9108e+00 -4.9078e+00 -4.9212e+00 -4.9671e+00 -4.9833e+00 +4.9557e+00 -4.9742e+00
1953 0 +1.573392375e+00 +9.432433924e+02 +9.432433924e+02 -4.9493e+00 -4.9672e+00 +4.9635e+00 +4.9210e+00 -4.8817e+00 -4.9763e+00 -4.9851e+00 -4.9319e+00 +4.9883e+00 -4.9733e+00
2006 0 +1.568153349e+00 +9.432381533e+02 +9.432381533e+02 -4.8213e+00 -4.9557e+00 +4.8945e+00 +4.9554e+00 -4.9152e+00 -4.9695e+00 -4.9733e+00 -4.9384e+00 +4.9989e+00 -4.9788e+00
2053 0 +1.451807625e+00 +9.431218076e+02 +9.431218076e+02 -4.9623e+00 -4.9939e+00 +4.8425e+00 +4.9478e+00 -4.9850e+00 -4.9789e+00 -4.9785e+00 -4.9513e+00 +4.9692e+00 -4.9717e+00
2057 0 +1.393730378e+00 +9.430637304e+02 +9.430637304e+02 -4.9909e+00 -4.9084e+00 +4.9256e+00 +4.9149e+00 -4.9909e+00 -4.9526e+00 -4.9543e+00 -4.9376e+00 +4.9845e+00 -4.9943e+00
2101 0 +1.381743759e+00 +9.430517438e+02 +9.430517438e+02 -4.9316e+00 -4.9356e+00 +4.9139e+00 +4.9382e+00 -4.9269e+00 -4.9734e+00 -4.9939e+00 -4.9610e+00 +4.9558e+00 -4.9949e+00
2154 0 +1.339962940e+00 +9.430099629e+02 +9.430099629e+02 -4.9530e+00 -4.9047e+00 +4.9238e+00 +4.9854e+00 -4.9325e+00 -4.9737e+00 -4.9139e+00 -4.9883e+00 +4.9741e+00 -4.9941e+00
2162 0 +1.253281686e+00 +9.429232817e+02 +9.429232817e+02 -4.9772e+00 -4.9513e+00 +4.9844e+00 +4.9428e+00 -4.9249e+00 -4.9751e+00 -4.9519e+00 -4.9712e+00 +4.9641e+00 -4.9953e+00
2202 0 +1.068376343e+00 +9.427383763e+02 +9.427383763e+02 -4.9802e+00 -4.9846e+00 +4.9955e+00 +4.9711e+00 -4.9736e+00 -4.9720e+00 -4.9547e+00 -4.9605e+00 +4.9868e+00 -4.9764e+00
2307 0 +1.000096766e+00 +9.426700968e+02 +9.426700968e+02 -4.9423e+00 -4.8746e+00 +4.9928e+00 +4.9895e+00 -4.8927e+00 -4.9352e+00 -4.9950e+00 -4.9802e+00 +4.9942e+00 -4.9972e+00
2356 0 +9.419134968e-01 +9.426119135e+02 +9.426119135e+02 -4.9754e+00 -4.8581e+00 +4.9281e+00 +4.9847e+00 -4.9989e+00 -4.9639e+00 -4.9730e+00 -4.9823e+00 +4.9960e+00 -4.9814e+00
2401 0 +8.304337379e-01 +9.425004337e+02 +9.425004337e+02 -4.9235e+00 -4.9953e+00 +4.9834e+00 +4.9636e+00 -4.9947e+00 -4.9546e+00 -4.9816e+00 -4.9581e+00 +4.9849e+00 -4.9989e+00
2407 0 +8.060109697e-01 +9.424760110e+02 +9.424760110e+02 -4.9607e+00 -4.9436e+00 +4.9744e+00 +4.9852e+00 -4.9667e+00 -4.9870e+00 -4.9949e+00 -4.9627e+00 +4.9937e+00 -4.9816e+00
2460 0 +7.684418239e-01 +9.424384418e+02 +9.424384418e+02 -4.9970e+00 -4.9835e+00 +4.9917e+00 +4.9720e+00 -4.9886e+00 -4.9769e+00 -4.9576e+00 -4.9852e+00 +4.9963e+00 -4.9760e+00
2462 0 +6.182399449e-01 +9.422882399e+02 +9.422882399e+02 -4.9922e+00 -4.9355e+00 +4.9281e+00 +4.9767e+00 -4.9916e+00 -4.9676e+00 -4.9795e+00 -4.9887e+00 +4.9953e+00 -4.9982e+00
% f evaluations | g evaluations | best noise-free fitness - Fopt (-3.745000000000e+01) + sum g_i+ | measured fitness | best measured fitness or single-digit g-values | x1 | x2...
1 0 +1.999996271e+02 +1.625496271e+02 +1.625496271e+02 +5.9671e-01 -3.8264e-02 +7.4769e-01 +1.6230e+00 -1.3415e-01 -1.3414e-01 +1.6792e+00 +8.6743e-01 -3.6947e-01 +6.4256e-01
6 0 +1.943105945e+02 +1.568605945e+02 +1.568605945e+02 +4.2408e-01 -2.8508e-01 -5.7692e-01 +7.1168e-01 +1.1310e+00 +1.0313e+00 -7.3922e-01 -2.0921e-01 +4.3126e-01 +1.0755e+00
11 0 +1.923900652e+02 +1.549400652e+02 +1.549400652e+02 -1.3154e+00 -3.2065e-01 -2.4271e-01 -7.0228e-01 -6.1286e-02 +5.0405e-01 +1.9862e+00 +2.7458e-01 +3.5755e-01 +2.5554e-02
12 0 +1.847748086e+02 +1.473248086e+02 +1.473248086e+02 -1.8188e+00 +7.3486e-02 +1.6023e-01 +2.5632e+00 -9.2361e-02 +4.0155e-01 +6.5288e-02 -1.0687e+00 +1.2428e+00 +8.5193e-01
21 0 +1.595399496e+02 +1.220899496e+02 +1.220899496e+02 +4.5779e-01 +6.6078e-01 +1.1831e+00 +1.1538e+00 -1.2777e+00 -8.3783e-01 +6.1504e-01 +6.1379e-01 +6.1505e-01 +3.9527e+00
51 0 +1.354040455e+02 +9.795404550e+01 +9.795404550e+01 -1.9132e-01 +8.7679e-01 +1.5276e+00 +1.2547e+00 -2.1193e+00 -5.8444e-01 -1.2925e+00 -2.0354e+00 +3.0666e+00 +3.4415e+00
52 0 +1.317539172e+02 +9.430391723e+01 +9.430391723e+01 -2.1406e-02 +1.8798e+00 +1.9394e+00 +9.6139e-02 -2.5070e+00 -1.9932e+00 +1.6902e+00 -6.0339e-01 +2.6154e+00 +3.5634e+00
93 0 +1.312712581e+02 +9.382125812e+01 +9.382125812e+01 -7.1579e-01 +3.1172e+00 +3.7573e+00 -1.1125e+00 -1.8375e+00 +1.8609e+00 +3.8017e+00 -2.3095e+00 +6.8244e-01 +1.2526e+00
101 0 +1.167981381e+02 +7.934813807e+01 +7.934813807e+01 +6.0987e-01 +2.2785e+00 +4.5582e+00 +1.1043e+00 -1.2721e+00 -1.1142e+00 +1.7226e+00 -2.6963e+00 +2.8017e+00 +3.3384e+00
102 0 +9.533843999e+01 +5.788843999e+01 +5.788843999e+01 +2.7321e+00 +4.2776e+00 +3.7294e+00 +3.5160e-02 -1.9341e+00 -4.4360e+00 +2.5853e+00 -3.9001e+00 +3.1798e+00 +4.5168e+00
108 0 +6.276490904e+01 +2.531490904e+01 +2.531490904e+01 -4.6454e+00 +3.2019e+00 +4.0833e+00 -1.9866e-01 -2.7007e+00 +3.1018e+00 +3.2757e+00 -3.6813e+00 +4.7496e+00 +4.2144e+00
302 0 +5.918025575e+01 +2.173025575e+01 +2.173025575e+01 +4.9769e+00 +2.6821e+00 +2.2448e+00 -2.5843e+00 +3.5879e-01 +4.0925e+00 +4.4389e+00 -2.7916e+00 +4.2395e+00 +4.3541e+00
316 0 +5.757340678e+01 +2.012340678e+01 +2.012340678e+01 +2.7870e+00 +2.1869e+00 +6.9540e-01 -1.6387e+00 -4.3805e+00 +2.8537e+00 +3.1638e+00 -4.0149e+00 +4.5859e+00 +3.9767e+00
321 0 +5.254841745e+01 +1.509841745e+01 +1.509841745e+01 +1.9510e+00 +4.5783e-01 +2.0932e+00 -4.1646e+00 +1.2686e+00 +4.4186e+00 +3.7300e+00 -4.8014e+00 +3.8736e+00 +4.8355e+00
359 0 +4.289341006e+01 +5.443410061e+00 +5.443410061e+00 -2.1095e+00 +3.2045e+00 +4.9008e+00 -4.6175e+00 -4.3746e+00 +2.2463e+00 +2.6633e+00 -4.5413e+00 +4.3429e+00 +4.7845e+00
360 0 +4.097184051e+01 +3.521840509e+00 +3.521840509e+00 -2.7575e+00 +3.4814e+00 +2.6282e+00 -3.8311e+00 -4.4197e+00 +3.6933e+00 +4.1087e+00 -4.3352e+00 +3.8656e+00 +4.8439e+00
459 0 +3.832768243e+01 +8.776824277e-01 +8.776824277e-01 +1.9043e+00 +3.6057e+00 +7.1353e-01 -4.1015e+00 -3.5235e+00 +4.9180e+00 +4.7425e+00 -3.6791e+00 +4.2040e+00 +4.5334e+00
556 0 +3.810400349e+01 +6.540034871e-01 +6.540034871e-01 +3.8018e+00 +2.7121e+00 +3.6157e+00 -3.9905e+00 -2.3574e+00 +3.6124e+00 +3.9501e+00 -4.9345e+00 +3.7712e+00 +4.7653e+00
601 0 +2.873926818e+01 -8.710731824e+00 -8.710731824e+00 +2.5980e+00 +3.4399e+00 +4.0935e+00 -4.8237e+00 -4.3513e+00 +4.3259e+00 +4.0882e+00 -4.9786e+00 +4.2181e+00 +4.2212e+00
656 0 +2.306985174e+01 -1.438014826e+01 -1.438014826e+01 +4.9556e+00 +4.1675e+00 +4.3439e+00 -4.7466e+00 -4.8777e+00 +4.7484e+00 +4.3221e+00 -4.9817e+00 +2.9637e+00 +4.9957e+00
801 0 +1.784622784e+01 -1.960377216e+01 -1.960377216e+01 +2.8390e+00 +4.0659e+00 +3.6503e+00 -4.0684e+00 -4.7289e+00 +4.4303e+00 +4.9713e+00 -4.7880e+00 +4.5442e+00 +4.7514e+00
853 0 +1.784469924e+01 -1.960530076e+01 -1.960530076e+01 +3.5120e+00 +3.9700e+00 +3.5904e+00 -4.5525e+00 -4.7677e+00 +4.9566e+00 +3.8694e+00 -4.5176e+00 +4.8168e+00 +4.8649e+00
958 0 +1.336542620e+01 -2.408457380e+01 -2.408457380e+01 +4.2389e+00 +4.4891e+00 +4.2710e+00 -4.6181e+00 -4.7274e+00 +4.3154e+00 +4.6986e+00 -4.6774e+00 +4.8947e+00 +4.7461e+00
1002 0 +1.308163997e+01 -2.436836003e+01 -2.436836003e+01 +4.4152e+00 +4.3040e+00 +4.0561e+00 -3.9032e+00 -4.7074e+00 +4.7896e+00 +4.7370e+00 -4.5826e+00 +4.7310e+00 +4.9716e+00
1051 0 +1.040158940e+01 -2.704841060e+01 -2.704841060e+01 +4.1890e+00 +3.9928e+00 +4.2279e+00 -4.5361e+00 -4.8155e+00 +4.9357e+00 +4.9733e+00 -4.7654e+00 +4.5713e+00 +4.9592e+00
1155 0 +9.731805972e+00 -2.771819403e+01 -2.771819403e+01 +4.6444e+00 +4.8783e+00 +3.9708e+00 -4.5088e+00 -4.6858e+00 +4.8767e+00 +4.7859e+00 -4.6195e+00 +4.9813e+00 +4.8293e+00
1156 0 +9.406093955e+00 -2.804390605e+01 -2.804390605e+01 +4.3965e+00 +4.0349e+00 +4.0700e+00 -4.9779e+00 -4.6812e+00 +4.7970e+00 +4.8543e+00 -4.9664e+00 +4.9808e+00 +4.6686e+00
1201 0 +7.572279055e+00 -2.987772095e+01 -2.987772095e+01 +4.5937e+00 +4.6494e+00 +4.2403e+00 -4.8010e+00 -4.7822e+00 +4.9753e+00 +4.9657e+00 -4.9419e+00 +4.9720e+00 +4.6402e+00
1253 0 +7.507362749e+00 -2.994263725e+01 -2.994263725e+01 +4.2362e+00 +4.7861e+00 +4.8356e+00 -4.5720e+00 -4.9781e+00 +4.9888e+00 +4.6811e+00 -4.8329e+00 +4.7128e+00 +4.9536e+00
1301 0 +6.870698485e+00 -3.057930151e+01 -3.057930151e+01 +4.4710e+00 +4.5540e+00 +4.5310e+00 -4.8627e+00 -4.6183e+00 +4.9022e+00 +4.8699e+00 -4.6477e+00 +4.9401e+00 +4.9906e+00
1302 0 +6.740848504e+00 -3.070915150e+01 -3.070915150e+01 +4.1672e+00 +4.6353e+00 +4.8255e+00 -4.8537e+00 -4.5466e+00 +4.8935e+00 +4.7967e+00 -4.8505e+00 +4.8275e+00 +4.9988e+00
1356 0 +3.534149292e+00 -3.391585071e+01 -3.391585071e+01 +4.6213e+00 +4.3101e+00 +4.8191e+00 -4.9982e+00 -4.9712e+00 +4.9836e+00 +4.9417e+00 -4.9168e+00 +4.9502e+00 +4.9335e+00
1603 0 +2.824524412e+00 -3.462547559e+01 -3.462547559e+01 +4.8149e+00 +4.9804e+00 +4.8313e+00 -4.9609e+00 -4.9963e+00 +4.9570e+00 +4.9804e+00 -4.8358e+00 +4.8823e+00 +4.9903e+00
1702 0 +2.683122086e+00 -3.476687791e+01 -3.476687791e+01 +4.9474e+00 +4.8864e+00 +4.9764e+00 -4.8498e+00 -4.9415e+00 +4.9495e+00 +4.8849e+00 -4.9336e+00 +4.9765e+00 +4.9338e+00
1703 0 +2.201670789e+00 -3.524832921e+01 -3.524832921e+01 +4.8512e+00 +4.9558e+00 +4.9610e+00 -4.7733e+00 -4.9323e+00 +4.9492e+00 +4.9791e+00 -4.9621e+00 +4.9804e+00 +4.9404e+00
1854 0 +1.981320430e+00 -3.546867957e+01 -3.546867957e+01 +4.9784e+00 +4.8820e+00 +4.9685e+00 -4.8831e+00 -4.9649e+00 +4.9437e+00 +4.9347e+00 -4.8970e+00 +4.9697e+00 +4.9953e+00
1917 0 +1.911640279e+00 -3.553835972e+01 -3.553835972e+01 +4.7460e+00 +4.9652e+00 +4.9321e+00 -4.9401e+00 -4.9166e+00 +4.9290e+00 +4.9815e+00 -4.9549e+00 +4.9785e+00 +4.9639e+00
1952 0 +1.890152525e+00 -3.555984747e+01 -3.555984747e+01 +4.9722e+00 +4.9961e+00 +4.9350e+00 -4.8977e+00 -4.9904e+00 +4.9377e+00 +4.9820e+00 -4.8905e+00 +4.9724e+00 +4.9676e+00
1955 0 +1.609903587e+00 -3.584009641e+01 -3.584009641e+01 +4.9953e+00 +4.9016e+00 +4.9076e+00 -4.9043e+00 -4.9467e+00 +4.9433e+00 +4.9576e+00 -4.9544e+00 +4.9708e+00 +4.9931e+00
1965 0 +1.603782814e+00 -3.584621719e+01 -3.584621719e+01 +4.9937e+00 +4.8416e+00 +4.9737e+00 -4.9495e+00 -4.8569e+00 +4.9299e+00 +4.9607e+00 -4.9923e+00 +4.9666e+00 +4.9897e+00
2001 0 +1.362120104e+00 -3.608787990e+01 -3.608787990e+01 +4.8489e+00 +4.9616e+00 +4.9820e+00 -4.9413e+00 -4.9215e+00 +4.9411e+00 +4.9991e+00 -4.9603e+00 +4.9898e+00 +4.9747e+00
2101 0 +1.175706346e+00 -3.627429365e+01 -3.627429365e+01 +4.9916e+00 +4.9708e+00 +4.9804e+00 -4.9828e+00 -4.9553e+00 +4.9330e+00 +4.9230e+00 -4.9856e+00 +4.9774e+00 +4.9924e+00
2255 0 +1.155879803e+00 -3.629412020e+01 -3.629412020e+01 +4.9275e+00 +4.9801e+00 +4.9279e+00 -4.9163e+00 -4.9907e+00 +4.9915e+00 +4.9605e+00 -4.9413e+00 +4.9999e+00 +4.9836e+00
2302 0 +1.147743086e+00 -3.630225691e+01 -3.630225691e+01 +4.9829e+00 +4.9913e+00 +4.9525e+00 -4.9417e+00 -4.9127e+00 +4.9657e+00 +4.9950e+00 -4.9901e+00 +4.9883e+00 +4.9624e+00
2320 0 +1.126509127e+00 -3.632349087e+01 -3.632349087e+01 +4.8671e+00 +4.9843e+00 +4.9875e+00 -4.9849e+00 -4.9130e+00 +4.9341e+00 +4.9648e+00 -4.9828e+00 +4.9922e+00 +4.9887e+00
2352 0 +9.097647493e-01 -3.654023525e+01 -3.654023525e+01 +4.9964e+00 +4.9904e+00 +4.9973e+00 -4.9282e+00 -4.9405e+00 +4.8875e+00 +4.9979e+00 -4.9967e+00 +4.9881e+00 +4.9957e+00
2363 0 +8.652016556e-01 -3.658479834e+01 -3.658479834e+01 +4.9648e+00 +4.9532e+00 +4.9611e+00 -4.9997e+00 -4.9593e+00 +4.9869e+00 +4.9856e+00 -4.9537e+00 +4.9760e+00 +4.9986e+00
2401 0 +8.413865277e-01 -3.660861347e+01 -3.660861347e+01 +4.9749e+00 +4.9488e+00 +4.9852e+00 -4.9785e+00 -4.9478e+00 +4.9614e+00 +4.9599e+00 -4.9889e+00 +4.9835e+00 +4.9986e+00
2451 0 +7.932961445e-01 -3.665670386e+01 -3.665670386e+01 +4.9897e+00 +4.9719e+00 +4.9582e+00 -4.9760e+00 -4.9510e+00 +4.9736e+00 +4.9850e+00 -4.9966e+00 +4.9712e+00 +4.9920e+00
% f evaluations | g evaluations | best noise-free fitness - Fopt (-6.639000000000e+01) + sum g_i+ | measured fitness | best measured fitness or single-digit g-values | x1 | x2...
1 0 +2.095452719e+02 +1.431552719e+02 +1.431552719e+02 +5.9671e-01 -3.8264e-02 +7.4769e-01 +1.6230e+00 -1.3415e-01 -1.3414e-01 +1.6792e+00 +8.6743e-01 -3.6947e-01 +6.4256e-01
2 0 +2.059270714e+02 +1.395370714e+02 +1.395370714e+02 -3.6342e-01 -3.6573e-01 +3.4196e-01 -1.8133e+00 -1.6249e+00 -4.6229e-01 -9.1283e-01 +4.1425e-01 -8.0802e-01 -1.3123e+00
5 0 +1.921800842e+02 +1.257900842e+02 +1.257900842e+02 +8.3847e-01 +2.7137e-01 -1.5648e-02 -2.0110e-01 -1.3785e+00 -6.1984e-01 -3.6064e-01 +1.1571e+00 +4.4362e-01 -1.6630e+00
8 0 +1.664679805e+02 +1.000779805e+02 +1.000779805e+02 +4.6140e-01 +1.6380e+00 +6.4174e-02 +1.6646e+00 -2.5197e+00 +9.2190e-01 +1.8705e-01 -1.9901e-01 +1.9176e-01 -1.8876e+00
52 0 +1.594731481e+02 +9.308314812e+01 +9.308314812e+01 -2.1159e+00 +2.1246e+00 -2.1570e+00 +2.2979e+00 -3.7504e+00 -1.2749e+00 -2.0374e-01 +7.0696e-01 +7.0029e-01 -2.5373e+00
53 0 +1.577927391e+02 +9.140273909e+01 +9.140273909e+01 -1.0431e+00 +1.9121e-01 -5.5276e-01 -1.1624e-01 -1.2937e+00 +1.7449e+00 +2.1532e-01 +1.0428e+00 +8.1324e-01 -3.3678e+00
55 0 +1.553445233e+02 +8.895452325e+01 +8.895452325e+01 +4.1198e-01 +2.4224e+00 -1.1959e+00 +6.3533e-01 -1.8802e+00 +5.4943e-01 +2.4198e+00 -4.1673e-02 +8.0658e-01 -1.7990e+00
57 0 +1.508733793e+02 +8.448337932e+01 +8.448337932e+01 -1.8423e-01 +6.3874e-01 +5.1153e-01 +2.0586e+00 -1.7239e+00 +1.2185e+00 +5.1975e-01 -1.7930e+00 +2.0503e+00 -1.0672e+00
59 0 +1.452398811e+02 +7.884988115e+01 +7.884988115e+01 +1.0447e-01 +5.7376e-02 -1.8252e+00 +3.1218e+00 +3.0807e-02 +2.3462e+00 -1.0198e+00 -1.0429e+00 +1.2597e+00 -2.9750e+00
60 0 +1.402413658e+02 +7.385136577e+01 +7.385136577e+01 +7.5833e-01 +3.4835e-01 -1.5467e+00 +2.1249e+00 +5.2735e-01 +1.6107e+00 -2.9848e-01 +4.1793e-01 +2.8497e+00 -3.4762e+00
62 0 +1.173126837e+02 +5.092268371e+01 +5.092268371e+01 -4.1631e-01 +5.5854e-01 -2.0799e+00 +6.8290e-01 -1.3962e-02 +2.2195e-01 +1.6692e+00 -2.7648e+00 +3.8153e+00 -2.6258e+00
101 0 +1.171170489e+02 +5.072704887e+01 +5.072704887e+01 +5.7537e-01 +8.0556e-01 -4.4747e+00 +4.7447e-01 +4.6725e-01 +3.0999e+00 -2.9098e+00 -3.4885e+00 +3.3644e+00 -3.4982e+00
102 0 +1.129504942e+02 +4.656049420e+01 +4.656049420e+01 -2.2956e+00 +3.2658e+00 -3.8517e+00 +1.9691e+00 +2.4974e+00 -3.5860e-01 +2.6616e+00 +1.3662e+00 +3.8390e+00 -4.8567e+00
104 0 +7.836992954e+01 +1.197992954e+01 +1.197992954e+01 -2.5706e+00 -8.4773e-04 -3.0587e+00 -2.0974e+00 -5.6918e-01 +3.9965e+00 +4.0007e+00 -1.4133e+00 +4.3380e+00 -4.6249e+00
135 0 +7.761707656e+01 +1.122707656e+01 +1.122707656e+01 +4.1325e-01 -6.0937e-01 -3.7709e+00 +4.6001e+00 -3.2742e+00 +4.0002e+00 +3.6020e+00 -4.1991e+00 +1.6500e+00 -3.3576e+00
154 0 +6.664805774e+01 +2.580577377e-01 +2.580577377e-01 -3.7739e+00 +2.6900e+00 -1.4581e+00 +3.6978e+00 -9.8734e-01 +2.1201e+00 +4.0666e+00 -3.7289e+00 +4.6673e+00 -3.2319e+00
302 0 +6.655586837e+01 +1.658683746e-01 +1.658683746e-01 -2.2225e+00 +5.9240e-01 -2.7554e-01 +4.1876e+00 +6.4923e-01 +1.5792e+00 +4.4572e+00 -3.8245e+00 +3.9477e+00 -4.7272e+00
351 0 +6.362729590e+01 -2.762704104e+00 -2.762704104e+00 -4.8821e+00 +1.7688e+00 -6.9476e-01 +2.7413e+00 -1.3565e+00 +3.1192e+00 +4.5233e+00 -3.3877e+00 +3.0309e+00 -4.6733e+00
355 0 +5.677936178e+01 -9.610638225e+00 -9.610638225e+00 -2.1018e+00 +8.6044e-01 -3.2408e+00 +4.9296e-02 -3.6849e+00 +2.5779e+00 +4.1371e+00 -4.7610e+00 +3.4483e+00 -4.4882e+00
367 0 +5.663199197e+01 -9.758008027e+00 -9.758008027e+00 -1.2505e+00 +2.7352e-02 -1.2840e+00 -1.2454e+00 -3.5142e+00 +4.4969e+00 +4.0308e+00 -3.9241e+00 +4.6830e+00 -4.2539e+00
403 0 +5.469034280e+01 -1.169965720e+01 -1.169965720e+01 -3.2467e+00 +1.6850e+00 -2.0218e+00 +3.3503e+00 +1.4737e-01 +3.7749e+00 +2.8526e+00 -4.6214e+00 +4.6767e+00 -4.3332e+00
451 0 +5.093684393e+01 -1.545315607e+01 -1.545315607e+01 -3.7643e+00 +2.1220e+00 -2.8323e+00 +7.1333e-01 -3.5984e+00 +4.9503e+00 +4.2692e+00 -4.1912e+00 +3.1036e+00 -4.3870e+00
453 0 +4.838830196e+01 -1.800169804e+01 -1.800169804e+01 -3.0761e+00 +3.3975e+00 -2.7108e+00 +2.8635e+00 -3.0459e+00 +4.7346e+00 +3.1448e+00 -4.0688e+00 +3.6087e+00 -4.5384e+00
454 0 +4.243449873e+01 -2.395550127e+01 -2.395550127e+01 -1.8228e+00 +6.5775e-01 -9.0924e-01 +4.3750e+00 -1.0115e+00 +4.7369e+00 +4.6401e+00 -4.9447e+00 +4.3398e+00 -4.3679e+00
504 0 +3.970076152e+01 -2.668923848e+01 -2.668923848e+01 -3.5883e+00 +3.1408e+00 -3.1897e+00 +4.7950e+00 -2.4257e+00 +4.1347e+00 +3.7618e+00 -3.6955e+00 +4.0141e+00 -4.9048e+00
506 0 +3.454406620e+01 -3.184593380e+01 -3.184593380e+01 -2.9218e+00 +1.7092e+00 -2.2309e+00 +4.9938e-01 -4.4898e+00 +3.8946e+00 +4.6987e+00 -4.9189e+00 +4.9101e+00 -4.4073e+00
601 0 +3.009424028e+01 -3.629575972e+01 -3.629575972e+01 -2.0847e+00 +4.3810e+00 -2.8061e+00 +4.7975e+00 -2.5625e+00 +4.3400e+00 +3.1741e+00 -4.7578e+00 +4.6174e+00 -4.9760e+00
676 0 +2.550893810e+01 -4.088106190e+01 -4.088106190e+01 -3.0255e+00 +3.8128e+00 -2.6114e+00 +1.9362e+00 -4.6547e+00 +4.3697e+00 +4.3053e+00 -4.9848e+00 +4.7474e+00 -4.7082e+00
757 0 +1.914345991e+01 -4.724654009e+01 -4.724654009e+01 -4.1241e+00 +3.9348e+00 -2.3871e+00 +4.5804e+00 -4.1501e+00 +4.5044e+00 +4.8839e+00 -4.6154e+00 +4.5247e+00 -4.9041e+00
851 0 +1.487771552e+01 -5.151228448e+01 -5.151228448e+01 -3.7884e+00 +2.3658e+00 -4.9412e+00 +3.6508e+00 -4.1767e+00 +4.9301e+00 +4.9399e+00 -4.8307e+00 +4.9346e+00 -4.7083e+00
1009 0 +1.111885012e+01 -5.527114988e+01 -5.527114988e+01 -3.2090e+00 +3.0657e+00 -4.7116e+00 +4.9212e+00 -4.5722e+00 +4.9508e+00 +4.8422e+00 -4.8191e+00 +4.9638e+00 -4.7286e+00
1103 0 +9.379277966e+00 -5.701072203e+01 -5.701072203e+01 -3.2555e+00 +3.8516e+00 -4.5835e+00 +4.8518e+00 -4.8287e+00 +4.6817e+00 +4.8777e+00 -4.8867e+00 +4.9772e+00 -4.7907e+00
1151 0 +9.101398121e+00 -5.728860188e+01 -5.728860188e+01 -3.6437e+00 +3.9517e+00 -4.5681e+00 +4.5797e+00 -4.8145e+00 +4.7639e+00 +4.7427e+00 -4.9994e+00 +4.9558e+00 -4.8139e+00
1251 0 +6.347547249e+00 -6.004245275e+01 -6.004245275e+01 -3.6485e+00 +3.9742e+00 -4.9986e+00 +4.4401e+00 -4.8017e+00 +4.9453e+00 +4.9998e+00 -4.9961e+00 +4.7898e+00 -4.9937e+00
1309 0 +3.990290945e+00 -6.239970906e+01 -6.239970906e+01 -4.1149e+00 +4.5941e+00 -4.4024e+00 +4.9580e+00 -4.9616e+00 +4.9982e+00 +4.8131e+00 -4.9616e+00 +4.9762e+00 -4.9902e+00
1451 0 +3.448115497e+00 -6.294188450e+01 -6.294188450e+01 -4.5916e+00 +4.9270e+00 -4.7688e+00 +4.8952e+00 -4.9998e+00 +4.8253e+00 +4.8957e+00 -4.8558e+00 +4.9724e+00 -4.9857e+00
1654 0 +3.388309304e+00 -6.300169070e+01 -6.300169070e+01 -4.5119e+00 +4.7655e+00 -4.7701e+00 +4.8958e+00 -4.9651e+00 +4.9921e+00 +4.9013e+00 -4.9387e+00 +4.8896e+00 -4.9817e+00
1709 0 +2.687505718e+00 -6.370249428e+01 -6.370249428e+01 -4.9785e+00 +4.8552e+00 -4.9167e+00 +4.7925e+00 -4.9643e+00 +4.9137e+00 +4.9209e+00 -4.9116e+00 +4.9951e+00 -4.9452e+00
1802 0 +2.279907411e+00 -6.411009259e+01 -6.411009259e+01 -4.9673e+00 +4.8906e+00 -4.9253e+00 +4.8699e+00 -4.9895e+00 +4.9522e+00 +4.9034e+00 -4.9725e+00 +4.9830e+00 -4.9245e+00
1951 0 +2.226696268e+00 -6.416330373e+01 -6.416330373e+01 -4.9403e+00 +4.8605e+00 -4.8520e+00 +4.8642e+00 -4.9172e+00 +4.9253e+00 +4.9715e+00 -4.9708e+00 +4.9404e+00 -4.9820e+00
1952 0 +2.108101867e+00 -6.428189813e+01 -6.428189813e+01 -4.8797e+00 +4.8132e+00 -4.9380e+00 +4.9880e+00 -4.9850e+00 +4.9787e+00 +4.8987e+00 -4.9529e+00 +4.9543e+00 -4.9608e+00
2002 0 +1.976892345e+00 -6.441310765e+01 -6.441310765e+01 -4.9257e+00 +4.9823e+00 -4.8480e+00 +4.8977e+00 -4.9560e+00 +4.9818e+00 +4.9527e+00 -4.9780e+00 +4.9525e+00 -4.9502e+00
2006 0 +1.780617524e+00 -6.460938248e+01 -6.460938248e+01 -4.9613e+00 +4.9226e+00 -4.9269e+00 +4.9643e+00 -4.8883e+00 +4.9736e+00 +4.9559e+00 -4.9349e+00 +4.9907e+00 -4.9630e+00
2057 0 +1.738275837e+00 -6.465172416e+01 -6.465172416e+01 -4.8940e+00 +4.8348e+00 -4.9465e+00 +4.9911e+00 -4.9834e+00 +4.9461e+00 +4.9707e+00 -4.9554e+00 +4.9433e+00 -4.9772e+00
2101 0 +1.684981008e+00 -6.470501899e+01 -6.470501899e+01 -4.9434e+00 +4.9214e+00 -4.9612e+00 +4.9622e+00 -4.8479e+00 +4.9873e+00 +4.9947e+00 -4.9712e+00 +4.9501e+00 -4.9672e+00
2118 0 +1.633860303e+00 -6.475613970e+01 -6.475613970e+01 -4.9012e+00 +4.9770e+00 -4.9192e+00 +4.9836e+00 -4.9099e+00 +4.9535e+00 +4.9697e+00 -4.9896e+00 +4.9347e+00 -4.9791e+00
2153 0 +1.621106163e+00 -6.476889384e+01 -6.476889384e+01 -4.9867e+00 +4.9668e+00 -4.9898e+00 +4.9161e+00 -4.8561e+00 +4.9539e+00 +4.9046e+00 -4.9412e+00 +4.9998e+00 -4.9995e+00
2156 0 +1.370658575e+00 -6.501934142e+01 -6.501934142e+01 -4.9951e+00 +4.9432e+00 -4.9886e+00 +4.9853e+00 -4.9408e+00 +4.9593e+00 +4.9167e+00 -4.9322e+00 +4.9839e+00 -4.9987e+00
2220 0 +1.352154098e+00 -6.503784590e+01 -6.503784590e+01 -4.9188e+00 +4.8939e+00 -4.9873e+00 +4.9003e+00 -4.9402e+00 +4.9987e+00 +4.9635e+00 -4.9994e+00 +4.9572e+00 -4.9777e+00
2251 0 +1.280050352e+00 -6.510994965e+01 -6.510994965e+01 -4.9394e+00 +4.8988e+00 -4.9999e+00 +4.9809e+00 -4.9221e+00 +4.9746e+00 +4.9799e+00 -4.9330e+00 +4.9791e+00 -4.9917e+00
2305 0 +1.161717302e+00 -6.522828270e+01 -6.522828270e+01 -4.9710e+00 +4.9186e+00 -4.9426e+00 +4.9563e+00 -4.9127e+00 +4.9859e+00 +4.9782e+00 -4.9748e+00 +4.9994e+00 -4.9713e+00
2353 0 +1.142265053e+00 -6.524773495e+01 -6.524773495e+01 -4.9717e+00 +4.9369e+00 -4.9243e+00 +4.9209e+00 -4.9688e+00 +4.9875e+00 +4.9744e+00 -4.9914e+00 +4.9822e+00 -4.9705e+00
2357 0 +1.096043263e+00 -6.529395674e+01 -6.529395674e+01 -4.9965e+00 +4.9271e+00 -4.9764e+00 +4.9954e+00 -4.9474e+00 +4.9131e+00 +4.9543e+00 -4.9828e+00 +4.9780e+00 -4.9995e+00
2401 0 +7.140493302e-01 -6.567595067e+01 -6.567595067e+01 -4.9782e+00 +4.9075e+00 -4.9819e+00 +4.9768e+00 -4.9442e+00 +4.9560e+00 +4.9986e+00 -4.9961e+00 +4.9899e+00 -4.9929e+00
% f evaluations | g evaluations | best noise-free fitness - Fopt (-2.260100000000e+02) + sum g_i+ | measured fitness | best measured fitness or single-digit g-values | x1 | x2...
1 0 +2.112748679e+02 -1.473513214e+01 -1.473513214e+01 +5.9671e-01 -3.8264e-02 +7.4769e-01 +1.6230e+00 -1.3415e-01 -1.3414e-01 +1.6792e+00 +8.6743e-01 -3.6947e-01 +6.4256e-01
2 0 +1.880227975e+02 -3.798720246e+01 -3.798720246e+01 -3.6342e-01 -3.6573e-01 +3.4196e-01 -1.8133e+00 -1.6249e+00 -4.6229e-01 -9.1283e-01 +4.1425e-01 -8.0802e-01 -1.3123e+00
5 0 +1.705556761e+02 -5.545432390e+01 -5.545432390e+01 +8.3847e-01 +2.7137e-01 -1.5648e-02 -2.0110e-01 -1.3785e+00 -6.1984e-01 -3.6064e-01 +1.1571e+00 +4.4362e-01 -1.6630e+00
52 0 +1.501950266e+02 -7.581497337e+01 -7.581497337e+01 -1.1077e+00 +1.8276e+00 +7.6974e-01 +1.1086e+00 -3.6705e+00 +2.8518e-01 +3.8692e-01 +1.0722e+00 +4.3430e-01 -2.9829e+00
59 0 +1.491991014e+02 -7.681089858e+01 -7.681089858e+01 +1.2008e+00 +2.0652e-01 -1.6534e-01 +1.7762e+00 -1.4188e+00 -1.5902e+00 -1.2078e-01 -9.9073e-02 +2.2513e+00 -2.5471e+00
60 0 +1.411800920e+02 -8.482990800e+01 -8.482990800e+01 +1.0484e+00 +1.1736e+00 +1.1015e-01 +1.5488e+00 -3.0426e+00 -1.9015e+00 -1.0285e-01 +2.9405e-01 +1.7097e+00 -2.8402e+00
63 0 +1.400911217e+02 -8.591887827e+01 -8.591887827e+01 +2.6979e+00 +6.8695e-01 -2.2604e+00 +6.5381e-01 -1.0918e+00 -1.9193e+00 -1.9341e+00 +1.2042e+00 +1.9992e+00 -2.6818e+00
89 0 +1.376769950e+02 -8.833300497e+01 -8.833300497e+01 +3.6204e-02 +2.3110e+00 +6.8984e-01 -4.0637e-01 +1.6868e+00 -1.6951e+00 -1.6603e+00 +2.7118e+00 +3.6003e+00 -1.0210e+00
101 0 +1.100203512e+02 -1.159896488e+02 -1.159896488e+02 +1.0576e+00 +2.2890e+00 -1.0141e+00 +2.2547e+00 +6.5151e-01 -1.8334e+00 -7.5920e-01 +2.4956e+00 +4.5818e+00 -3.0527e+00
102 0 +6.420660106e+01 -1.618033989e+02 -1.618033989e+02 +9.3320e-01 +4.2259e+00 -4.3832e-01 -8.2860e-01 -3.0208e+00 -3.0020e+00 -3.9506e+00 +4.8589e+00 +4.2299e+00 -3.8722e+00
251 0 +4.414596918e+01 -1.818640308e+02 -1.818640308e+02 +1.0356e+00 +3.5493e+00 +1.6457e+00 +4.3091e-01 -2.6176e+00 -4.8902e+00 -4.4975e+00 +4.1164e+00 +4.2757e+00 -4.9463e+00
628 0 +4.282833759e+01 -1.831816624e+02 -1.831816624e+02 -1.5813e+00 +2.0129e+00 +2.1527e+00 +8.2514e-01 -1.5297e+00 -4.2848e+00 -4.6458e+00 +4.5720e+00 +4.5340e+00 -4.8237e+00
659 0 +3.906813028e+01 -1.869418697e+02 -1.869418697e+02 -2.9039e+00 +2.5659e+00 +3.2981e+00 +2.7512e+00 -4.3812e+00 -4.3528e+00 -2.2164e+00 +3.8361e+00 +4.7395e+00 -4.9817e+00
668 0 +3.732456469e+01 -1.886854353e+02 -1.886854353e+02 +6.0372e-01 +1.4677e+00 +3.6849e+00 +1.4786e+00 -3.8781e+00 -3.7737e+00 -4.7118e+00 +4.4731e+00 +4.9902e+00 -4.4722e+00
672 0 +3.465104230e+01 -1.913589577e+02 -1.913589577e+02 -3.1040e+00 +3.3694e-01 +1.0902e+00 +3.3007e+00 -3.8367e+00 -4.8650e+00 -3.2678e+00 +4.8215e+00 +4.5521e+00 -4.9751e+00
712 0 +3.460282856e+01 -1.914071714e+02 -1.914071714e+02 -7.4835e-01 +4.8824e+00 +4.0632e+00 +2.0503e+00 -3.1460e+00 -4.2481e+00 -4.7249e+00 +4.5262e+00 +4.4703e+00 -4.3799e+00
715 0 +2.678576933e+01 -1.992242307e+02 -1.992242307e+02 -2.3776e-01 +4.5182e+00 +2.4377e+00 +3.7776e+00 -3.8599e+00 -4.4433e+00 -4.8206e+00 +4.2834e+00 +4.6223e+00 -4.8732e+00
853 0 +2.398675426e+01 -2.020232457e+02 -2.020232457e+02 -3.5644e+00 +2.8189e+00 +4.3802e+00 +3.7294e+00 -4.1152e+00 -3.8951e+00 -4.3360e+00 +4.8011e+00 +4.5695e+00 -4.8078e+00
858 0 +2.159659689e+01 -2.044134031e+02 -2.044134031e+02 -4.5619e+00 +2.3406e+00 +3.1804e+00 +3.2365e+00 -4.2977e+00 -4.4940e+00 -4.2878e+00 +4.7467e+00 +4.8923e+00 -4.8542e+00
907 0 +2.047303295e+01 -2.055369671e+02 -2.055369671e+02 -2.2957e+00 +4.9234e+00 +2.1224e+00 +3.9560e+00 -4.8528e+00 -4.3679e+00 -4.4383e+00 +4.8602e+00 +4.6884e+00 -4.7918e+00
954 0 +2.035216239e+01 -2.056578376e+02 -2.056578376e+02 -3.8938e+00 +4.5520e+00 +4.4545e+00 +3.9260e+00 -3.7593e+00 -3.5642e+00 -4.9783e+00 +4.6496e+00 +4.5786e+00 -4.8633e+00
1002 0 +1.624474966e+01 -2.097652503e+02 -2.097652503e+02 -4.7888e+00 +3.2790e+00 +3.8399e+00 +4.1353e+00 -4.2537e+00 -4.2280e+00 -4.8355e+00 +4.7967e+00 +4.9675e+00 -4.7072e+00
1104 0 +1.556060768e+01 -2.104493923e+02 -2.104493923e+02 -3.6473e+00 +3.8026e+00 +4.0845e+00 +4.7458e+00 -3.9987e+00 -4.7159e+00 -4.7831e+00 +4.9044e+00 +4.4233e+00 -4.9266e+00
1155 0 +1.074041104e+01 -2.152695890e+02 -2.152695890e+02 -4.5359e+00 +4.4455e+00 +4.2975e+00 +4.7795e+00 -4.6592e+00 -4.3222e+00 -4.8580e+00 +4.9659e+00 +4.8081e+00 -4.7820e+00
1201 0 +1.035449322e+01 -2.156555068e+02 -2.156555068e+02 -4.0823e+00 +4.7577e+00 +4.1327e+00 +4.3613e+00 -4.6383e+00 -4.7132e+00 -4.6712e+00 +4.9896e+00 +4.9168e+00 -4.7969e+00
1352 0 +1.015648590e+01 -2.158535141e+02 -2.158535141e+02 -4.4378e+00 +4.4095e+00 +4.1787e+00 +4.9036e+00 -4.9961e+00 -4.5412e+00 -4.7120e+00 +4.9322e+00 +4.7845e+00 -4.7818e+00
1404 0 +1.006683171e+01 -2.159431683e+02 -2.159431683e+02 -4.7157e+00 +4.4501e+00 +4.8175e+00 +4.7924e+00 -4.4098e+00 -4.5083e+00 -4.7416e+00 +4.8357e+00 +4.6560e+00 -4.9936e+00
1405 0 +8.281750459e+00 -2.177282495e+02 -2.177282495e+02 -4.7469e+00 +4.2388e+00 +4.2339e+00 +4.7042e+00 -4.9314e+00 -4.5909e+00 -4.8452e+00 +4.9895e+00 +4.7700e+00 -4.9093e+00
1452 0 +5.775275995e+00 -2.202347240e+02 -2.202347240e+02 -4.8269e+00 +4.8248e+00 +4.4962e+00 +4.8517e+00 -4.7594e+00 -4.5232e+00 -4.9518e+00 +4.8670e+00 +4.9155e+00 -4.9842e+00
1502 0 +5.701044578e+00 -2.203089554e+02 -2.203089554e+02 -4.8245e+00 +4.3316e+00 +4.4407e+00 +4.8676e+00 -4.8888e+00 -4.8050e+00 -4.9242e+00 +4.9948e+00 +4.7563e+00 -4.9836e+00
1710 0 +5.525739083e+00 -2.204842609e+02 -2.204842609e+02 -4.7594e+00 +4.6854e+00 +4.7215e+00 +4.9353e+00 -4.9494e+00 -4.7910e+00 -4.9430e+00 +4.7648e+00 +4.8256e+00 -4.9642e+00
1711 0 +5.509811623e+00 -2.205001884e+02 -2.205001884e+02 -4.9750e+00 +4.8587e+00 +4.9349e+00 +4.5717e+00 -4.8005e+00 -4.9866e+00 -4.7391e+00 +4.8117e+00 +4.9812e+00 -4.8818e+00
1755 0 +4.087640541e+00 -2.219223595e+02 -2.219223595e+02 -4.5921e+00 +4.7740e+00 +4.7696e+00 +4.8826e+00 -4.9829e+00 -4.8459e+00 -4.6994e+00 +4.9927e+00 +4.9915e+00 -4.9356e+00
1805 0 +3.924936967e+00 -2.220850630e+02 -2.220850630e+02 -4.8685e+00 +4.9535e+00 +4.8208e+00 +4.8635e+00 -4.8833e+00 -4.8160e+00 -4.6888e+00 +4.9824e+00 +4.9514e+00 -4.9772e+00
1807 0 +3.875327409e+00 -2.221346726e+02 -2.221346726e+02 -4.5884e+00 +4.7843e+00 +4.7523e+00 +4.8932e+00 -4.7828e+00 -4.9384e+00 -4.9754e+00 +4.9376e+00 +4.8615e+00 -4.9845e+00
1808 0 +3.605813054e+00 -2.224041869e+02 -2.224041869e+02 -4.7369e+00 +4.9721e+00 +4.8586e+00 +4.8282e+00 -4.9734e+00 -4.9226e+00 -4.9601e+00 +4.8906e+00 +4.8546e+00 -4.9618e+00
1851 0 +3.410948642e+00 -2.225990514e+02 -2.225990514e+02 -4.8808e+00 +4.9049e+00 +4.8144e+00 +4.8493e+00 -4.9639e+00 -4.9143e+00 -4.8947e+00 +4.9413e+00 +4.8578e+00 -4.9816e+00
1901 0 +3.035736849e+00 -2.229742632e+02 -2.229742632e+02 -4.8574e+00 +4.7691e+00 +4.7018e+00 +4.8467e+00 -4.9979e+00 -4.9503e+00 -4.8520e+00 +4.9804e+00 +4.9117e+00 -4.9905e+00
1959 0 +2.693058785e+00 -2.233169412e+02 -2.233169412e+02 -4.7842e+00 +4.8496e+00 +4.9866e+00 +4.8609e+00 -4.7328e+00 -4.9512e+00 -4.9186e+00 +4.9673e+00 +4.9800e+00 -4.9686e+00
2041 0 +2.046320308e+00 -2.239636797e+02 -2.239636797e+02 -4.9749e+00 +4.8957e+00 +4.9344e+00 +4.6814e+00 -4.8924e+00 -4.9627e+00 -4.9881e+00 +4.9973e+00 +4.9260e+00 -4.9987e+00
2151 0 +1.859329265e+00 -2.241506707e+02 -2.241506707e+02 -4.7399e+00 +4.9896e+00 +4.8958e+00 +4.9406e+00 -4.9303e+00 -4.9851e+00 -4.9461e+00 +4.9741e+00 +4.9537e+00 -4.9728e+00
2207 0 +1.834938516e+00 -2.241750615e+02 -2.241750615e+02 -4.9585e+00 +4.8706e+00 +4.8972e+00 +4.8585e+00 -4.9524e+00 -4.9860e+00 -4.9673e+00 +4.9436e+00 +4.9405e+00 -4.9984e+00
2209 0 +1.821814579e+00 -2.241881854e+02 -2.241881854e+02 -4.9044e+00 +4.9284e+00 +4.9772e+00 +4.8704e+00 -4.9672e+00 -4.9686e+00 -4.9960e+00 +4.9384e+00 +4.9973e+00 -4.9297e+00
2253 0 +1.819706048e+00 -2.241902940e+02 -2.241902940e+02 -4.9918e+00 +4.9115e+00 +4.9486e+00 +4.8452e+00 -4.9586e+00 -4.9943e+00 -4.9199e+00 +4.9880e+00 +4.9697e+00 -4.9536e+00
2254 0 +1.592463215e+00 -2.244175368e+02 -2.244175368e+02 -4.9782e+00 +4.9687e+00 +4.9819e+00 +4.8866e+00 -4.9230e+00 -4.9816e+00 -4.9926e+00 +4.9259e+00 +4.9927e+00 -4.9559e+00
2264 0 +1.287517477e+00 -2.247224825e+02 -2.247224825e+02 -4.9274e+00 +4.9937e+00 +4.9654e+00 +4.9740e+00 -4.9215e+00 -4.9777e+00 -4.9730e+00 +4.9861e+00 +4.9507e+00 -4.9796e+00
2353 0 +1.270336752e+00 -2.247396632e+02 -2.247396632e+02 -4.9482e+00 +4.9441e+00 +4.9778e+00 +4.9877e+00 -4.9302e+00 -4.9917e+00 -4.9163e+00 +4.9865e+00 +4.9901e+00 -4.9687e+00
2452 0 +1.052625946e+00 -2.249573741e+02 -2.249573741e+02 -4.8699e+00 +4.9655e+00 +4.9416e+00 +4.9780e+00 -4.9519e+00 -4.9554e+00 -4.9711e+00 +4.9951e+00 +4.9915e+00 -4.9790e+00
% f evaluations | g evaluations | best noise-free fitness - Fopt (1.000000000000e+03) + sum g_i+ | measured fitness | best measured fitness or single-digit g-values | x1 | x2...
1 0 +2.216751370e+02 +1.221675137e+03 +1.221675137e+03 +5.9671e-01 -3.8264e-02 +7.4769e-01 +1.6230e+00 -1.3415e-01 -1.3414e-01 +1.6792e+00 +8.6743e-01 -3.6947e-01 +6.4256e-01
2 0 +1.929894926e+02 +1.192989493e+03 +1.192989493e+03 -3.6342e-01 -3.6573e-01 +3.4196e-01 -1.8133e+00 -1.6249e+00 -4.6229e-01 -9.1283e-01 +4.1425e-01 -8.0802e-01 -1.3123e+00
5 0 +1.844292071e+02 +1.184429207e+03 +1.184429207e+03 +8.3847e-01 +2.7137e-01 -1.5648e-02 -2.0110e-01 -1.3785e+00 -6.1984e-01 -3.6064e-01 +1.1571e+00 +4.4362e-01 -1.6630e+00
8 0 +1.746165660e+02 +1.174616566e+03 +1.174616566e+03 +4.6140e-01 +1.6380e+00 +6.4174e-02 +1.6646e+00 -2.5197e+00 +9.2190e-01 +1.8705e-01 -1.9901e-01 +1.9176e-01 -1.8876e+00
51 0 +1.692402497e+02 +1.169240250e+03 +1.169240250e+03 -6.4576e-01 +1.1578e+00 +2.8855e-02 +1.5318e+00 -6.9425e-01 +1.1348e+00 +1.1736e-01 +1.0704e+00 +2.4962e+00 -1.9399e+00
54 0 +1.625306285e+02 +1.162530628e+03 +1.162530628e+03 +6.4056e-01 +1.0639e+00 -2.7776e-01 +3.6694e+00 -1.8850e+00 +1.9655e+00 -1.0065e+00 +1.1874e+00 +2.1405e+00 -2.1333e+00
57 0 +1.609574736e+02 +1.160957474e+03 +1.160957474e+03 +1.2592e+00 +1.9620e+00 -6.4793e-01 -4.5148e-01 -2.1351e+00 -4.6291e-01 -1.5678e+00 -6.9270e-01 +1.8011e-01 -2.3740e+00
58 0 +1.587033962e+02 +1.158703396e+03 +1.158703396e+03 -8.1367e-01 +4.6350e-01 +1.0449e+00 +3.4205e+00 -1.5084e+00 +1.5571e+00 -2.6048e-01 -1.8696e+00 +1.5667e+00 -1.1971e+00
67 0 +1.444986528e+02 +1.144498653e+03 +1.144498653e+03 -2.0329e+00 +1.2379e+00 +2.0874e+00 +1.1360e+00 -3.0591e+00 -8.9011e-01 +6.2954e-01 -1.7559e+00 +1.3333e-01 -2.9940e+00
85 0 +1.395327702e+02 +1.139532770e+03 +1.139532770e+03 -1.2492e-01 -5.2176e-01 +3.3899e+00 -4.1701e-01 -3.0953e+00 -2.6396e+00 -1.5108e-01 -1.9073e+00 +3.0484e+00 -6.7702e-01
103 0 +1.101833628e+02 +1.110183363e+03 +1.110183363e+03 -2.3856e+00 +1.1113e+00 +1.8135e+00 +8.4828e-01 -2.9713e+00 -3.8959e+00 +9.2380e-01 -3.7706e+00 +7.8450e-01 -3.8832e+00
105 0 +9.487871987e+01 +1.094878720e+03 +1.094878720e+03 -2.6863e+00 +1.1841e+00 -8.0982e-01 +9.0777e-01 -4.8467e+00 -1.7354e+00 -2.7194e+00 -3.4190e+00 +8.0593e-01 -4.5567e+00
109 0 +8.160322605e+01 +1.081603226e+03 +1.081603226e+03 -2.7958e-01 +4.8055e+00 +1.6176e+00 +9.2136e-01 -4.5629e+00 -1.5625e+00 -2.1838e+00 -3.6003e+00 +2.4109e+00 -4.2876e+00
132 0 +7.917874288e+01 +1.079178743e+03 +1.079178743e+03 +1.7116e+00 +4.4133e+00 +2.4328e+00 +1.9412e+00 -3.2126e+00 -6.0954e-01 -4.7336e+00 -1.8943e+00 +4.3156e+00 -3.5069e+00
151 0 +6.720348605e+01 +1.067203486e+03 +1.067203486e+03 +1.2526e-01 +4.5793e+00 +2.0395e-01 +1.0754e+00 -3.2834e+00 -4.4870e+00 -3.2937e+00 -1.9942e+00 +4.2667e+00 -4.3158e+00
162 0 +5.905191720e+01 +1.059051917e+03 +1.059051917e+03 -4.4102e+00 +2.2320e+00 +1.0366e+00 +1.5674e+00 -2.8848e+00 -4.7388e+00 -2.8234e+00 -1.3718e+00 +4.9001e+00 -4.8571e+00
301 0 +5.622494028e+01 +1.056224940e+03 +1.056224940e+03 +1.2598e+00 -2.4764e+00 +8.7234e-01 +1.8900e+00 -2.5409e+00 -3.4457e+00 -3.7829e+00 -4.4833e+00 +4.4851e+00 -4.8439e+00
353 0 +3.751519973e+01 +1.037515200e+03 +1.037515200e+03 -1.0503e-01 +9.7644e-01 +1.9334e+00 +3.6725e+00 -3.2259e+00 -4.2357e+00 -4.1704e+00 -4.3748e+00 +4.9163e+00 -4.6482e+00
651 0 +3.391746310e+01 +1.033917463e+03 +1.033917463e+03 -2.5578e+00 +2.4080e+00 +2.3920e+00 +3.5003e+00 -4.4406e+00 -4.0247e+00 -4.9961e+00 -4.2045e+00 +4.6698e+00 -4.1860e+00
657 0 +2.862423067e+01 +1.028624231e+03 +1.028624231e+03 -3.4859e+00 +8.2392e-01 +4.7053e+00 +4.5848e+00 -3.6209e+00 -3.5552e+00 -4.7071e+00 -4.9223e+00 +4.7455e+00 -4.2495e+00
703 0 +2.786656952e+01 +1.027866570e+03 +1.027866570e+03 -2.6835e+00 +1.9462e+00 +3.4883e+00 +4.7857e+00 -4.2404e+00 -3.8424e+00 -3.8865e+00 -4.6437e+00 +4.6040e+00 -4.8021e+00
762 0 +2.632244060e+01 +1.026322441e+03 +1.026322441e+03 -9.8136e-01 +3.9870e+00 +2.8022e+00 +3.9695e+00 -4.2646e+00 -4.3018e+00 -3.8940e+00 -4.7995e+00 +4.6472e+00 -4.8513e+00
801 0 +1.919997488e+01 +1.019199975e+03 +1.019199975e+03 -2.7843e+00 +2.7846e+00 +4.0019e+00 +4.7655e+00 -4.6588e+00 -4.6021e+00 -4.5290e+00 -4.6966e+00 +4.6802e+00 -4.6908e+00
901 0 +1.283239312e+01 +1.012832393e+03 +1.012832393e+03 -3.3474e+00 +2.8879e+00 +4.8303e+00 +4.2749e+00 -4.8953e+00 -4.4843e+00 -4.9991e+00 -4.5351e+00 +4.8669e+00 -4.9360e+00
1051 0 +9.591415077e+00 +1.009591415e+03 +1.009591415e+03 -3.5834e+00 +4.2503e+00 +4.3996e+00 +4.7275e+00 -4.9061e+00 -4.6692e+00 -4.4248e+00 -4.8799e+00 +4.9542e+00 -4.9577e+00
1263 0 +9.508973961e+00 +1.009508974e+03 +1.009508974e+03 -3.7886e+00 +4.4881e+00 +4.2915e+00 +4.8406e+00 -4.7702e+00 -4.9668e+00 -4.7186e+00 -4.8751e+00 +4.6250e+00 -4.9607e+00
1302 0 +9.214485815e+00 +1.009214486e+03 +1.009214486e+03 -2.9924e+00 +4.7228e+00 +4.5226e+00 +4.6988e+00 -4.5182e+00 -4.9409e+00 -4.6624e+00 -4.9343e+00 +4.8745e+00 -4.9082e+00
1307 0 +8.985809921e+00 +1.008985810e+03 +1.008985810e+03 -4.1767e+00 +4.7092e+00 +4.7318e+00 +4.4071e+00 -4.6554e+00 -4.9652e+00 -4.6372e+00 -4.5513e+00 +4.9418e+00 -4.9846e+00
1355 0 +7.923190995e+00 +1.007923191e+03 +1.007923191e+03 -3.8544e+00 +4.4783e+00 +4.4559e+00 +4.8830e+00 -4.8468e+00 -4.7712e+00 -4.8490e+00 -4.9436e+00 +4.9061e+00 -4.8071e+00
1402 0 +7.196170825e+00 +1.007196171e+03 +1.007196171e+03 -3.7577e+00 +4.6072e+00 +4.6401e+00 +4.6017e+00 -4.9083e+00 -4.8855e+00 -4.8326e+00 -4.7590e+00 +4.8954e+00 -4.9710e+00
1404 0 +6.577562946e+00 +1.006577563e+03 +1.006577563e+03 -4.3591e+00 +4.8786e+00 +4.8488e+00 +4.7717e+00 -4.9450e+00 -4.8157e+00 -4.6821e+00 -4.6400e+00 +4.9969e+00 -4.9436e+00
1451 0 +5.866585443e+00 +1.005866585e+03 +1.005866585e+03 -4.1694e+00 +4.8866e+00 +4.8123e+00 +4.8207e+00 -4.9682e+00 -4.7754e+00 -4.8521e+00 -4.8824e+00 +4.8402e+00 -4.9334e+00
1501 0 +5.624763257e+00 +1.005624763e+03 +1.005624763e+03 -4.5328e+00 +4.8309e+00 +4.7412e+00 +4.7463e+00 -4.9687e+00 -4.9859e+00 -4.8903e+00 -4.7523e+00 +4.9513e+00 -4.8548e+00
1570 0 +3.777444855e+00 +1.003777445e+03 +1.003777445e+03 -4.9603e+00 +4.5040e+00 +4.9674e+00 +4.8125e+00 -4.9797e+00 -4.9927e+00 -4.7084e+00 -4.8936e+00 +4.9807e+00 -4.9585e+00
1601 0 +3.420517801e+00 +1.003420518e+03 +1.003420518e+03 -4.8817e+00 +4.7760e+00 +4.9776e+00 +4.7929e+00 -4.9384e+00 -4.9399e+00 -4.8114e+00 -4.9579e+00 +4.9044e+00 -4.9726e+00
1801 0 +3.361951807e+00 +1.003361952e+03 +1.003361952e+03 -4.8307e+00 +4.7329e+00 +4.9613e+00 +4.6679e+00 -4.9675e+00 -4.9860e+00 -4.7587e+00 -4.9744e+00 +4.9229e+00 -4.9944e+00
1807 0 +3.198032340e+00 +1.003198032e+03 +1.003198032e+03 -4.9497e+00 +4.9692e+00 +4.9836e+00 +4.8334e+00 -4.6497e+00 -4.9919e+00 -4.8579e+00 -4.9340e+00 +4.9995e+00 -4.9341e+00
1809 0 +3.057768279e+00 +1.003057768e+03 +1.003057768e+03 -4.7880e+00 +4.8297e+00 +4.9648e+00 +4.6592e+00 -4.6902e+00 -4.9984e+00 -4.9961e+00 -4.9001e+00 +4.9613e+00 -4.9951e+00
1952 0 +2.850386264e+00 +1.002850386e+03 +1.002850386e+03 -4.6328e+00 +4.8407e+00 +4.9310e+00 +4.8922e+00 -4.8708e+00 -4.9253e+00 -4.8825e+00 -4.9500e+00 +4.9580e+00 -4.9868e+00
1959 0 +2.752951136e+00 +1.002752951e+03 +1.002752951e+03 -4.4781e+00 +4.9847e+00 +4.9577e+00 +4.8014e+00 -4.9143e+00 -4.8752e+00 -4.9368e+00 -4.9456e+00 +4.9801e+00 -4.9747e+00
2001 0 +2.476495807e+00 +1.002476496e+03 +1.002476496e+03 -4.7356e+00 +4.8287e+00 +4.9171e+00 +4.8939e+00 -4.9197e+00 -4.9535e+00 -4.8836e+00 -4.9825e+00 +4.9473e+00 -4.9820e+00
2002 0 +2.321017680e+00 +1.002321018e+03 +1.002321018e+03 -4.5090e+00 +4.9845e+00 +4.9052e+00 +4.9454e+00 -4.9914e+00 -4.9339e+00 -4.9366e+00 -4.9189e+00 +4.9375e+00 -4.9991e+00
2057 0 +1.744079288e+00 +1.001744079e+03 +1.001744079e+03 -4.9526e+00 +4.9502e+00 +4.9291e+00 +4.8953e+00 -4.8618e+00 -4.9140e+00 -4.9559e+00 -4.9924e+00 +4.9933e+00 -4.9707e+00
2101 0 +9.180103939e-01 +1.000918010e+03 +1.000918010e+03 -4.9931e+00 +4.9466e+00 +4.9391e+00 +4.9765e+00 -4.9530e+00 -4.9611e+00 -4.9920e+00 -4.9576e+00 +4.9836e+00 -4.9999e+00
2402 0 +8.396892860e-01 +1.000839689e+03 +1.000839689e+03 -4.9585e+00 +4.9684e+00 +4.8925e+00 +4.9820e+00 -4.9703e+00 -4.9682e+00 -4.9716e+00 -4.9849e+00 +4.9994e+00 -4.9884e+00
% f evaluations | g evaluations | best noise-free fitness - Fopt (-1.830200000000e+02) + sum g_i+ | measured fitness | best measured fitness or single-digit g-values | x1 | x2...
1 0 +2.179836568e+02 +3.496365677e+01 +3.496365677e+01 +5.9671e-01 -3.8264e-02 +7.4769e-01 +1.6230e+00 -1.3415e-01 -1.3414e-01 +1.6792e+00 +8.6743e-01 -3.6947e-01 +6.4256e-01
2 0 +2.156681034e+02 +3.264810335e+01 +3.264810335e+01 -3.6342e-01 -3.6573e-01 +3.4196e-01 -1.8133e+00 -1.6249e+00 -4.6229e-01 -9.1283e-01 +4.1425e-01 -8.0802e-01 -1.3123e+00
3 0 +2.018170238e+02 +1.879702383e+01 +1.879702383e+01 +1.5656e+00 -1.2578e-01 +1.6753e-01 -1.3247e+00 -4.4438e-01 +2.1092e-01 -1.0510e+00 +4.7570e-01 -5.0064e-01 -1.9169e-01
6 0 +1.847871832e+02 +1.767183233e+00 +1.767183233e+00 +4.2408e-01 -2.8508e-01 -5.7692e-01 +7.1168e-01 +1.1310e+00 +1.0313e+00 -7.3922e-01 -2.0921e-01 +4.3126e-01 +1.0755e+00
15 0 +1.803894278e+02 -2.630572244e+00 -2.630572244e+00 +3.2746e-01 +1.4071e+00 -1.5075e+00 +2.8463e-01 +3.5988e-01 +8.8182e-01 -1.1370e+00 -1.2205e+00 +6.2194e-01 +3.9698e-01
21 0 +1.709032002e+02 -1.211679981e+01 -1.211679981e+01 +4.5779e-01 +6.6078e-01 +1.1831e+00 +1.1538e+00 -1.2777e+00 -8.3783e-01 +6.1504e-01 +6.1379e-01 +6.1505e-01 +3.9527e+00
51 0 +1.314288915e+02 -5.159110851e+01 -5.159110851e+01 -3.9440e-02 +4.7883e-01 -2.1715e+00 +1.3512e+00 -4.7239e-01 -3.6947e-01 -1.2879e+00 -1.9275e+00 +1.3762e+00 +4.4690e+00
101 0 +1.223668678e+02 -6.065313220e+01 -6.065313220e+01 -7.2174e-01 +2.8291e-03 -3.5204e+00 +3.3772e+00 +3.3654e+00 +1.2504e+00 -2.3596e+00 -3.1530e+00 +2.8517e+00 +3.7046e+00
102 0 +1.221849683e+02 -6.083503171e+01 -6.083503171e+01 +2.0415e+00 +4.3897e-01 -7.4692e-01 +2.3965e+00 -2.4880e+00 -2.4776e-01 -3.7801e-01 -2.0489e+00 +3.6276e+00 +3.6448e+00
103 0 +8.351327561e+01 -9.950672439e+01 -9.950672439e+01 -2.3015e+00 +1.5448e+00 -2.3957e+00 +1.0724e+00 -7.6133e-01 +1.9000e+00 -2.7909e+00 -2.8598e+00 +4.5693e+00 +4.9022e+00
105 0 +8.237467612e+01 -1.006453239e+02 -1.006453239e+02 +2.8893e+00 -1.8988e+00 -1.3981e+00 +7.3181e-01 +3.4807e-01 +2.2664e+00 -9.2265e-01 -4.2285e+00 +4.3249e+00 +4.5581e+00
153 0 +6.681181719e+01 -1.162081828e+02 -1.162081828e+02 -1.3233e+00 +1.0938e+00 -1.6851e+00 -3.6300e+00 -1.0021e+00 +3.3174e+00 -4.9751e+00 -4.9175e+00 +2.1777e+00 +4.5497e+00
251 0 +6.532393659e+01 -1.176960634e+02 -1.176960634e+02 +2.4928e+00 -2.4357e+00 -4.0409e+00 -1.0614e+00 -2.7519e+00 +4.9243e+00 -4.0279e+00 -3.1522e+00 +4.5974e+00 +2.5815e+00
314 0 +4.243752396e+01 -1.405824760e+02 -1.405824760e+02 +1.7320e+00 -4.3457e+00 +1.5379e+00 -3.2970e+00 -4.1468e+00 +2.7754e+00 -4.9488e+00 -3.2268e+00 +4.8781e+00 +4.8431e+00
471 0 +3.908255640e+01 -1.439374436e+02 -1.439374436e+02 +4.4348e+00 -2.6439e+00 -5.4801e-01 -3.9691e+00 -4.7397e-01 +2.7115e+00 -4.7480e+00 -4.7889e+00 +4.7920e+00 +4.9037e+00
551 0 +3.883606666e+01 -1.441839333e+02 -1.441839333e+02 +4.5586e+00 -3.3191e+00 -9.9192e-01 -2.7747e+00 -3.0911e+00 +3.1534e+00 -3.9853e+00 -4.7691e+00 +4.4317e+00 +4.7698e+00
563 0 +3.819169991e+01 -1.448283001e+02 -1.448283001e+02 +2.0577e+00 -2.0809e+00 -2.3033e+00 -4.0838e+00 -2.7270e+00 +3.8489e+00 -3.8891e+00 -3.7672e+00 +4.9803e+00 +4.8154e+00
615 0 +3.499377024e+01 -1.480262298e+02 -1.480262298e+02 +2.0823e+00 -1.4706e+00 -4.0906e+00 -3.2009e+00 -3.5953e+00 +4.8581e+00 -3.6227e+00 -4.2181e+00 +4.2568e+00 +4.9129e+00
653 0 +3.247251453e+01 -1.505474855e+02 -1.505474855e+02 +4.7643e+00 -3.8244e+00 -1.6304e+00 -4.8463e+00 -3.5271e+00 +4.0428e+00 -3.3653e+00 -4.8908e+00 +3.8941e+00 +4.9577e+00
669 0 +3.235807363e+01 -1.506619264e+02 -1.506619264e+02 +4.5510e+00 -4.3262e+00 -1.3078e-02 -4.2323e+00 -3.6093e+00 +4.8590e+00 -3.7020e+00 -4.4765e+00 +4.9850e+00 +4.2589e+00
751 0 +3.027179195e+01 -1.527482080e+02 -1.527482080e+02 +2.6176e+00 -4.6184e+00 -2.4324e+00 -2.9400e+00 -3.5359e+00 +4.6070e+00 -3.8030e+00 -4.7289e+00 +4.6893e+00 +4.6398e+00
759 0 +2.410036369e+01 -1.589196363e+02 -1.589196363e+02 +2.8955e+00 -2.4463e+00 -2.1244e+00 -3.9955e+00 -4.1397e+00 +4.7395e+00 -4.7630e+00 -4.3262e+00 +4.8631e+00 +4.7792e+00
803 0 +1.578294800e+01 -1.672370520e+02 -1.672370520e+02 +3.5737e+00 -3.1711e+00 -3.7452e+00 -4.9076e+00 -4.4976e+00 +4.2546e+00 -4.6834e+00 -4.7017e+00 +4.7356e+00 +4.9679e+00
1051 0 +1.310835486e+01 -1.699116451e+02 -1.699116451e+02 +4.5736e+00 -4.4909e+00 -4.4509e+00 -4.7130e+00 -4.5038e+00 +4.0910e+00 -4.8913e+00 -4.8915e+00 +4.7542e+00 +4.7215e+00
1101 0 +7.883884585e+00 -1.751361154e+02 -1.751361154e+02 +4.2419e+00 -4.0488e+00 -4.9149e+00 -4.5391e+00 -4.8926e+00 +4.8743e+00 -4.9873e+00 -4.9474e+00 +4.6476e+00 +4.9091e+00
1350 0 +7.686813732e+00 -1.753331863e+02 -1.753331863e+02 +4.6788e+00 -4.8186e+00 -4.6424e+00 -4.7633e+00 -4.9683e+00 +4.8280e+00 -4.6461e+00 -4.7315e+00 +4.8628e+00 +4.8996e+00
1401 0 +7.375731003e+00 -1.756442690e+02 -1.756442690e+02 +4.4414e+00 -4.9344e+00 -4.5341e+00 -4.8844e+00 -4.7309e+00 +4.8122e+00 -4.7142e+00 -4.9392e+00 +4.7909e+00 +4.9027e+00
1422 0 +5.767307404e+00 -1.772526926e+02 -1.772526926e+02 +3.6560e+00 -4.5018e+00 -4.6231e+00 -4.6388e+00 -4.9157e+00 +4.9112e+00 -4.9340e+00 -4.9961e+00 +4.9286e+00 +4.9063e+00
1475 0 +5.349114177e+00 -1.776708858e+02 -1.776708858e+02 +4.5301e+00 -4.1920e+00 -4.9090e+00 -4.8372e+00 -4.9105e+00 +4.6720e+00 -4.9127e+00 -4.9305e+00 +4.8620e+00 +4.9985e+00
1513 0 +4.793399914e+00 -1.782266001e+02 -1.782266001e+02 +4.5464e+00 -4.8470e+00 -4.4621e+00 -4.9875e+00 -4.6829e+00 +4.9197e+00 -4.8665e+00 -4.8717e+00 +4.9703e+00 +4.9571e+00
1607 0 +2.341980319e+00 -1.806780197e+02 -1.806780197e+02 +4.5923e+00 -4.7464e+00 -4.8693e+00 -4.7956e+00 -4.8789e+00 +4.9609e+00 -4.9976e+00 -4.9847e+00 +4.9761e+00 +4.9816e+00
1807 0 +2.328612667e+00 -1.806913873e+02 -1.806913873e+02 +4.9224e+00 -4.7782e+00 -4.8329e+00 -4.7918e+00 -4.9907e+00 +4.9254e+00 -4.9556e+00 -4.9520e+00 +4.9845e+00 +4.9670e+00
1901 0 +1.879443280e+00 -1.811405567e+02 -1.811405567e+02 +4.9374e+00 -4.9760e+00 -4.9686e+00 -4.6749e+00 -4.9443e+00 +4.9927e+00 -4.9756e+00 -4.9755e+00 +4.9720e+00 +4.9625e+00
1954 0 +1.600408712e+00 -1.814195913e+02 -1.814195913e+02 +4.9903e+00 -4.8732e+00 -4.8890e+00 -4.9579e+00 -4.9682e+00 +4.9486e+00 -4.9460e+00 -4.9887e+00 +4.9650e+00 +4.9712e+00
2105 0 +1.474469792e+00 -1.815455302e+02 -1.815455302e+02 +4.8609e+00 -4.9647e+00 -4.9647e+00 -4.9436e+00 -4.9162e+00 +4.9646e+00 -4.9354e+00 -4.9994e+00 +4.9436e+00 +4.9991e+00
2152 0 +1.360941683e+00 -1.816590583e+02 -1.816590583e+02 +4.8737e+00 -4.9716e+00 -4.9920e+00 -4.9351e+00 -4.9912e+00 +4.9459e+00 -4.9196e+00 -4.9884e+00 +4.9795e+00 +4.9776e+00
2201 0 +1.330917758e+00 -1.816890822e+02 -1.816890822e+02 +4.9171e+00 -4.9960e+00 -4.9614e+00 -4.9391e+00 -4.9985e+00 +4.9489e+00 -4.9093e+00 -4.9863e+00 +4.9896e+00 +4.9724e+00
2206 0 +1.148939960e+00 -1.818710600e+02 -1.818710600e+02 +4.9588e+00 -4.9354e+00 -4.9596e+00 -4.9409e+00 -4.9830e+00 +4.9596e+00 -4.9402e+00 -4.9760e+00 +4.9796e+00 +4.9943e+00
2252 0 +1.061889879e+00 -1.819581101e+02 -1.819581101e+02 +4.9769e+00 -4.9467e+00 -4.9631e+00 -4.9886e+00 -4.9841e+00 +4.9993e+00 -4.9516e+00 -4.9384e+00 +4.9991e+00 +4.9764e+00
2301 0 +1.059005714e+00 -1.819609943e+02 -1.819609943e+02 +4.9713e+00 -4.9476e+00 -4.9135e+00 -4.9699e+00 -4.9654e+00 +4.9992e+00 -4.9988e+00 -4.9890e+00 +4.9407e+00 +4.9877e+00
2351 0 +7.628452466e-01 -1.822571548e+02 -1.822571548e+02 +4.9779e+00 -4.9543e+00 -4.9776e+00 -4.9618e+00 -4.9914e+00 +4.9632e+00 -4.9796e+00 -4.9724e+00 +4.9865e+00 +4.9958e+00
2460 0 +7.410758287e-01 -1.822789242e+02 -1.822789242e+02 +4.9845e+00 -4.9975e+00 -4.9674e+00 -4.8892e+00 -4.9836e+00 +4.9997e+00 -4.9790e+00 -4.9988e+00 +4.9696e+00 +4.9957e+00
% f evaluations | g evaluations | best noise-free fitness - Fopt (-1.026200000000e+02) + sum g_i+ | measured fitness | best measured fitness or single-digit g-values | x1 | x2...
1 0 +2.043352336e+02 +1.017152336e+02 +1.017152336e+02 +5.9671e-01 -3.8264e-02 +7.4769e-01 +1.6230e+00 -1.3415e-01 -1.3414e-01 +1.6792e+00 +8.6743e-01 -3.6947e-01 +6.4256e-01
4 0 +1.998681640e+02 +9.724816397e+01 +9.724816397e+01 -5.0171e-01 +1.9523e+00 +8.6503e-02 -9.5771e-01 +9.2254e-01 -1.1208e+00 +3.0886e-01 -1.8597e+00 -1.2282e+00 +2.9686e-01
6 0 +1.862034921e+02 +8.358349206e+01 +8.358349206e+01 +4.2408e-01 -2.8508e-01 -5.7692e-01 +7.1168e-01 +1.1310e+00 +1.0313e+00 -7.3922e-01 -2.0921e-01 +4.3126e-01 +1.0755e+00
12 0 +1.823756481e+02 +7.975564808e+01 +7.975564808e+01 -1.8188e+00 +7.3486e-02 +1.6023e-01 +2.5632e+00 -9.2361e-02 +4.0155e-01 +6.5288e-02 -1.0687e+00 +1.2428e+00 +8.5193e-01
18 0 +1.811038233e+02 +7.848382325e+01 +7.848382325e+01 -7.8951e-01 -7.1581e-01 +2.2898e-02 +4.4115e-01 +3.7669e-01 +9.2718e-01 +1.1300e-01 +1.5535e+00 -1.6466e-01 +2.8202e+00
21 0 +1.732196751e+02 +7.059967508e+01 +7.059967508e+01 +4.5779e-01 +6.6078e-01 +1.1831e+00 +1.1538e+00 -1.2777e+00 -8.3783e-01 +6.1504e-01 +6.1379e-01 +6.1505e-01 +3.9527e+00
48 0 +1.603248356e+02 +5.770483557e+01 +5.770483557e+01 -1.7505e-01 -2.2019e+00 -1.4152e+00 +1.4669e+00 +1.7450e+00 -1.4904e-01 +6.7656e-01 +4.1125e-01 +3.1789e+00 +1.2196e+00
51 0 +1.369698292e+02 +3.434982923e+01 +3.434982923e+01 -5.9142e-01 -2.6768e+00 -1.3242e+00 +1.6396e+00 -1.0945e-01 +1.2239e+00 +1.7926e-01 -2.8668e+00 +2.6843e+00 +2.1757e+00
53 0 +1.256646473e+02 +2.304464726e+01 +2.304464726e+01 +2.5679e+00 -7.4374e-01 -7.3626e-01 -1.8643e-01 +3.5260e+00 +5.4128e-01 +2.3594e-01 -1.1957e+00 +1.7054e+00 +4.5437e+00
101 0 +1.234199089e+02 +2.079990893e+01 +2.079990893e+01 -8.2043e-03 -2.7287e+00 -5.7519e-01 +8.3408e-01 +3.6732e+00 -1.6181e+00 +7.5044e-01 -1.0504e+00 +2.1264e+00 +4.7583e+00
102 0 +1.068141950e+02 +4.194195024e+00 +4.194195024e+00 +2.5517e+00 -4.2366e+00 -3.2266e+00 +6.6342e-01 +4.3147e-01 +6.2276e-01 +1.5375e+00 -1.8212e+00 +3.4963e+00 +4.2097e+00
103 0 +1.038939887e+02 +1.273988673e+00 +1.273988673e+00 +1.5526e-01 -1.6218e+00 -2.5019e+00 -3.0546e+00 +4.2111e+00 +3.2926e-01 +2.3544e+00 -2.5340e+00 +4.0476e+00 +1.7401e+00
107 0 +9.272370924e+01 -9.896290757e+00 -9.896290757e+00 +2.1054e+00 -3.1823e+00 -1.2485e+00 +1.9155e+00 +3.1068e-01 +2.0519e+00 +2.0847e+00 -2.3383e+00 +4.5050e+00 +4.4850e+00
116 0 +8.658509017e+01 -1.603490983e+01 -1.603490983e+01 -4.7068e+00 -3.0859e+00 -2.9235e+00 -2.0787e+00 +5.0649e-01 +4.0067e+00 +1.6115e+00 -1.0778e+00 +3.7687e+00 +4.0786e+00
152 0 +8.095876106e+01 -2.166123894e+01 -2.166123894e+01 +2.4652e+00 -4.3196e+00 +1.2209e+00 -4.2854e+00 +7.6971e-01 +4.6814e+00 +3.7090e+00 -2.3595e+00 +3.9170e+00 +3.2425e+00
153 0 +7.000395262e+01 -3.261604738e+01 -3.261604738e+01 +1.0883e+00 -4.9789e+00 -3.4846e+00 -3.4922e+00 +3.1173e+00 +1.6422e+00 +1.0973e+00 -4.7068e+00 +4.1485e+00 +3.5660e+00
251 0 +5.846077277e+01 -4.415922723e+01 -4.415922723e+01 -3.0168e+00 -3.0612e+00 -1.5027e+00 -2.4245e+00 +2.5080e-01 +2.5335e+00 +4.2903e+00 -4.9364e+00 +3.2977e+00 +4.6344e+00
310 0 +5.513783221e+01 -4.748216779e+01 -4.748216779e+01 +5.6774e-01 -1.6710e+00 -4.4192e-01 -3.7376e+00 +3.2735e+00 +4.9592e+00 +4.0759e+00 -2.2907e+00 +3.9642e+00 +4.8554e+00
365 0 +5.434559134e+01 -4.827440866e+01 -4.827440866e+01 -4.8883e+00 -4.1587e+00 -3.4460e+00 -3.8365e+00 +1.5722e+00 +3.6076e+00 +3.8226e+00 -4.5293e+00 +2.2384e+00 +4.6162e+00
402 0 +4.257380735e+01 -6.004619265e+01 -6.004619265e+01 -3.4539e+00 -4.4449e+00 -8.1322e-01 -3.0915e+00 +2.8693e+00 +2.0147e+00 +4.5883e+00 -4.1257e+00 +4.6611e+00 +4.7218e+00
508 0 +3.854016192e+01 -6.407983808e+01 -6.407983808e+01 -1.7817e+00 -4.4121e+00 -3.7988e+00 -2.3492e+00 +3.1962e+00 +4.9008e+00 +4.7107e+00 -4.8581e+00 +4.5795e+00 +3.3977e+00
565 0 +3.751709415e+01 -6.510290585e+01 -6.510290585e+01 -6.2744e-01 -4.8485e+00 -3.2779e+00 -4.9725e+00 +3.7360e+00 +2.3819e+00 +4.9543e+00 -4.8337e+00 +4.1760e+00 +4.0498e+00
602 0 +3.452832271e+01 -6.809167729e+01 -6.809167729e+01 -6.1641e-03 -3.3527e+00 -2.5770e+00 -3.0313e+00 +3.9579e+00 +4.7126e+00 +4.9370e+00 -4.1781e+00 +4.2736e+00 +4.5653e+00
603 0 +2.956191277e+01 -7.305808723e+01 -7.305808723e+01 -2.1277e+00 -4.2122e+00 -4.4654e+00 -3.6207e+00 +3.5761e+00 +4.8886e+00 +4.9265e+00 -3.6901e+00 +4.7818e+00 +4.2437e+00
604 0 +2.828698818e+01 -7.433301182e+01 -7.433301182e+01 -1.0869e+00 -4.5431e+00 -3.6079e+00 -3.8389e+00 +3.3039e+00 +4.5025e+00 +3.9305e+00 -4.6124e+00 +4.9441e+00 +4.5268e+00
657 0 +2.780407421e+01 -7.481592579e+01 -7.481592579e+01 -5.9908e-01 -4.4876e+00 -2.6111e+00 -3.9984e+00 +4.4736e+00 +3.7852e+00 +4.0892e+00 -4.8539e+00 +4.7571e+00 +4.6216e+00
722 0 +2.120725509e+01 -8.141274491e+01 -8.141274491e+01 -9.2754e-01 -3.5887e+00 -4.0265e+00 -3.3492e+00 +4.6712e+00 +4.0558e+00 +4.7471e+00 -4.7689e+00 +4.7957e+00 +4.8317e+00
855 0 +2.102266470e+01 -8.159733530e+01 -8.159733530e+01 -8.9326e-01 -2.8951e+00 -4.9455e+00 -3.0594e+00 +4.2127e+00 +4.9549e+00 +4.7249e+00 -4.8739e+00 +4.7991e+00 +4.6015e+00
860 0 +1.248862519e+01 -9.013137481e+01 -9.013137481e+01 -3.6869e+00 -4.0183e+00 -4.3772e+00 -4.4447e+00 +4.7833e+00 +4.6868e+00 +4.8781e+00 -4.9644e+00 +4.4444e+00 +4.9137e+00
1016 0 +1.075155398e+01 -9.186844602e+01 -9.186844602e+01 -4.6202e+00 -3.6600e+00 -4.8872e+00 -4.9234e+00 +4.0002e+00 +4.8706e+00 +4.9189e+00 -4.8499e+00 +4.6353e+00 +4.9060e+00
1152 0 +8.949133883e+00 -9.367086612e+01 -9.367086612e+01 -3.5460e+00 -4.2690e+00 -4.4953e+00 -4.7578e+00 +4.8969e+00 +4.7021e+00 +4.7268e+00 -4.9825e+00 +4.9080e+00 +4.8255e+00
1165 0 +8.178613742e+00 -9.444138626e+01 -9.444138626e+01 -4.6643e+00 -4.6141e+00 -4.9458e+00 -4.9416e+00 +4.4323e+00 +4.8533e+00 +4.8666e+00 -4.7592e+00 +4.8112e+00 +4.8503e+00
1351 0 +6.940879593e+00 -9.567912041e+01 -9.567912041e+01 -4.9729e+00 -4.9139e+00 -4.9353e+00 -4.6537e+00 +4.5749e+00 +4.9618e+00 +4.8934e+00 -4.6832e+00 +4.9441e+00 +4.8199e+00
1401 0 +6.077073109e+00 -9.654292689e+01 -9.654292689e+01 -4.7989e+00 -4.6600e+00 -4.7812e+00 -4.8389e+00 +4.5116e+00 +4.8674e+00 +4.8083e+00 -4.8349e+00 +4.9108e+00 +4.9681e+00
1406 0 +5.972795382e+00 -9.664720462e+01 -9.664720462e+01 -4.9006e+00 -4.8923e+00 -4.6504e+00 -4.8430e+00 +4.9573e+00 +4.5921e+00 +4.8402e+00 -4.7418e+00 +4.8846e+00 +4.9955e+00
1452 0 +5.562827561e+00 -9.705717244e+01 -9.705717244e+01 -4.6812e+00 -4.4620e+00 -4.8853e+00 -4.6948e+00 +4.8981e+00 +4.9065e+00 +4.9373e+00 -4.9334e+00 +4.8658e+00 +4.8648e+00
1468 0 +5.212600926e+00 -9.740739907e+01 -9.740739907e+01 -4.8462e+00 -4.4556e+00 -4.5451e+00 -4.7976e+00 +4.7944e+00 +4.9876e+00 +4.6796e+00 -4.9929e+00 +4.8722e+00 +4.9975e+00
1501 0 +4.890727457e+00 -9.772927254e+01 -9.772927254e+01 -4.9498e+00 -4.7089e+00 -4.9027e+00 -4.7817e+00 +4.9903e+00 +4.9349e+00 +4.8329e+00 -4.9318e+00 +4.7513e+00 +4.9539e+00
1502 0 +4.192739749e+00 -9.842726025e+01 -9.842726025e+01 -4.7562e+00 -4.9236e+00 -4.7756e+00 -4.7221e+00 +4.9422e+00 +4.8367e+00 +4.7051e+00 -4.9657e+00 +4.9930e+00 +4.9499e+00
1651 0 +2.869089524e+00 -9.975091048e+01 -9.975091048e+01 -4.7665e+00 -4.8705e+00 -4.9732e+00 -4.7124e+00 +4.9865e+00 +4.9331e+00 +4.9148e+00 -4.9160e+00 +4.9787e+00 +4.9538e+00
1752 0 +2.159463966e+00 -1.004605360e+02 -1.004605360e+02 -4.8751e+00 -4.7594e+00 -4.8086e+00 -4.8806e+00 +4.9227e+00 +4.8956e+00 +4.9869e+00 -4.9705e+00 +4.9826e+00 +4.9815e+00
1851 0 +2.079660260e+00 -1.005403397e+02 -1.005403397e+02 -4.9270e+00 -4.8550e+00 -4.9123e+00 -4.8090e+00 +4.9794e+00 +4.9823e+00 +4.9846e+00 -4.9853e+00 +4.9229e+00 +4.9616e+00
1853 0 +2.073896180e+00 -1.005461038e+02 -1.005461038e+02 -4.8663e+00 -4.7604e+00 -4.9783e+00 -4.8032e+00 +4.9847e+00 +4.9781e+00 +4.9605e+00 -4.9559e+00 +4.9697e+00 +4.9633e+00
1855 0 +2.026095602e+00 -1.005939044e+02 -1.005939044e+02 -4.9813e+00 -4.9654e+00 -4.9158e+00 -4.8103e+00 +4.9201e+00 +4.9359e+00 +4.9933e+00 -4.9326e+00 +4.9652e+00 +4.9744e+00
2001 0 +1.739107777e+00 -1.008808922e+02 -1.008808922e+02 -4.8925e+00 -4.8908e+00 -4.8686e+00 -4.8654e+00 +4.9559e+00 +4.9500e+00 +4.9446e+00 -4.9936e+00 +4.9921e+00 +4.9678e+00
2069 0 +1.640768956e+00 -1.009792310e+02 -1.009792310e+02 -4.7898e+00 -4.9103e+00 -4.8568e+00 -4.9621e+00 +4.9985e+00 +4.9058e+00 +4.9894e+00 -4.9284e+00 +4.9831e+00 +4.9958e+00
2152 0 +1.620274170e+00 -1.009997258e+02 -1.009997258e+02 -4.8761e+00 -4.8951e+00 -4.9333e+00 -4.8905e+00 +4.9772e+00 +4.9861e+00 +4.9286e+00 -4.9668e+00 +4.9771e+00 +4.9807e+00
2163 0 +1.617439454e+00 -1.010025605e+02 -1.010025605e+02 -4.8827e+00 -4.9232e+00 -4.9737e+00 -4.9250e+00 +4.9628e+00 +4.9537e+00 +4.9894e+00 -4.9152e+00 +4.9614e+00 +4.9931e+00
2172 0 +1.477026448e+00 -1.011429736e+02 -1.011429736e+02 -4.8606e+00 -4.8073e+00 -4.8866e+00 -4.9563e+00 +4.9940e+00 +4.9736e+00 +4.9985e+00 -4.9790e+00 +4.9656e+00 +4.9705e+00
2201 0 +1.385745853e+00 -1.012342541e+02 -1.012342541e+02 -4.8718e+00 -4.8624e+00 -4.9021e+00 -4.9397e+00 +4.9925e+00 +4.9829e+00 +4.9783e+00 -4.9903e+00 +4.9617e+00 +4.9751e+00
2208 0 +1.156316583e+00 -1.014636834e+02 -1.014636834e+02 -4.9964e+00 -4.9667e+00 -4.8324e+00 -4.9169e+00 +4.9844e+00 +4.9540e+00 +4.9997e+00 -4.9949e+00 +4.9713e+00 +4.9812e+00
2215 0 +1.155208814e+00 -1.014647912e+02 -1.014647912e+02 -4.9862e+00 -4.9403e+00 -4.9843e+00 -4.8947e+00 +4.9750e+00 +4.9718e+00 +4.9373e+00 -4.9802e+00 +4.9731e+00 +4.9978e+00
2261 0 +1.074856209e+00 -1.015451438e+02 -1.015451438e+02 -4.9728e+00 -4.9862e+00 -4.9580e+00 -4.9802e+00 +4.9958e+00 +4.9059e+00 +4.9904e+00 -4.9715e+00 +4.9596e+00 +4.9961e+00
2305 0 +1.006061946e+00 -1.016139381e+02 -1.016139381e+02 -4.9251e+00 -4.9249e+00 -4.9617e+00 -4.9523e+00 +4.9953e+00 +4.9765e+00 +4.9832e+00 -4.9902e+00 +4.9575e+00 +4.9895e+00
2330 0 +8.937908759e-01 -1.017262091e+02 -1.017262091e+02 -4.9536e+00 -4.9529e+00 -4.9778e+00 -4.9840e+00 +4.9825e+00 +4.9840e+00 +4.9862e+00 -4.9314e+00 +4.9979e+00 +4.9883e+00
2401 0 +7.173733441e-01 -1.019026267e+02 -1.019026267e+02 -4.9274e+00 -4.9612e+00 -4.9563e+00 -4.9862e+00 +4.9806e+00 +4.9565e+00 +4.9986e+00 -4.9967e+00 +4.9781e+00 +4.9914e+00
2451 0 +4.599744640e-01 -1.021600255e+02 -1.021600255e+02 -4.8817e+00 -4.9692e+00 -4.9628e+00 -4.9989e+00 +4.9888e+00 +4.9873e+00 +4.9960e+00 -4.9849e+00 +4.9972e+00 +4.9970e+00
