% f evaluations | g evaluations | best noise-free fitness - Fopt (-9.210000000000e+00) + sum g_i+ | measured fitness | best measured fitness or single-digit g-values | x1 | x2...
1 0 +9.445828197e+01 +8.524828197e+01 +8.524828197e+01 +5.9671e-01 -3.8264e-02 +7.4769e-01 +1.6230e+00 -1.3415e-01
9 0 +9.389396990e+01 +8.468396990e+01 +8.468396990e+01 +8.3847e-01 +2.7137e-01 -1.5648e-02 -2.0110e-01 -1.3785e+00
10 0 +8.629682003e+01 +7.708682003e+01 +7.708682003e+01 -6.1984e-01 -3.6064e-01 +1.1571e+00 +4.4362e-01 -1.6630e+00
15 0 +6.968420319e+01 +6.047420319e+01 +6.047420319e+01 +4.6140e-01 +1.6380e+00 +6.4174e-02 +1.6646e+00 -2.5197e+00
26 0 +5.776799189e+01 +4.855799189e+01 +4.855799189e+01 -8.9957e-01 +1.3409e+00 -4.5386e-01 +1.1114e+00 -4.3752e+00
37 0 +5.608978866e+01 +4.687978866e+01 +4.687978866e+01 -2.9241e-01 +3.1937e+00 +2.5978e+00 +1.4293e+00 -3.0090e+00
40 0 +5.580290599e+01 +4.659290599e+01 +4.659290599e+01 -1.2929e+00 +9.2058e-01 +1.8471e+00 -1.7655e-01 -4.6825e+00
52 0 +3.499485326e+01 +2.578485326e+01 +2.578485326e+01 +2.1444e+00 -3.9154e-01 -1.1954e+00 +4.7407e+00 -4.8498e+00
62 0 +2.583296977e+01 +1.662296977e+01 +1.662296977e+01 -3.5381e+00 +3.1105e+00 +1.2241e+00 +4.7086e+00 -4.9644e+00
129 0 +2.084341945e+01 +1.163341945e+01 +1.163341945e+01 +2.6934e+00 +2.3796e+00 +2.5859e+00 +4.8683e+00 -4.4498e+00
154 0 +1.546461191e+01 +6.254611915e+00 +6.254611915e+00 +3.5592e+00 +4.1616e+00 +3.1328e+00 +4.0076e+00 -4.8952e+00
251 0 +1.110896030e+01 +1.898960304e+00 +1.898960304e+00 +2.1405e+00 +4.6998e+00 +4.6025e+00 +4.5987e+00 -4.5798e+00
326 0 +9.893469600e+00 +6.834695997e-01 +6.834695997e-01 +2.3899e+00 +3.9038e+00 +4.7067e+00 +4.9853e+00 -4.5676e+00
328 0 +9.653179507e+00 +4.431795068e-01 +4.431795068e-01 +2.0914e+00 +4.3201e+00 +4.7524e+00 +4.7682e+00 -4.6551e+00
351 0 +8.534235857e+00 -6.757641434e-01 -6.757641434e-01 +1.8929e+00 +4.0792e+00 +4.7380e+00 +4.8076e+00 -4.8121e+00
353 0 +7.430159281e+00 -1.779840719e+00 -1.779840719e+00 +2.4631e+00 +4.0163e+00 +4.8270e+00 +4.5855e+00 -4.9734e+00
378 0 +3.181080488e+00 -6.028919512e+00 -6.028919512e+00 +3.0782e+00 +4.4350e+00 +4.9843e+00 +4.9637e+00 -4.9999e+00
426 0 +3.121797402e+00 -6.088202598e+00 -6.088202598e+00 +3.2942e+00 +4.5797e+00 +4.9227e+00 +4.9545e+00 -4.9832e+00
481 0 +2.770774083e+00 -6.439225917e+00 -6.439225917e+00 +4.6126e+00 +4.9143e+00 +4.9646e+00 +4.8401e+00 -4.8780e+00
535 0 +2.691208104e+00 -6.518791896e+00 -6.518791896e+00 +4.2412e+00 +4.8969e+00 +4.9822e+00 +4.8761e+00 -4.9004e+00
536 0 +2.618184857e+00 -6.591815143e+00 -6.591815143e+00 +4.7390e+00 +4.9759e+00 +4.9479e+00 +4.7993e+00 -4.8979e+00
577 0 +2.554368130e+00 -6.655631870e+00 -6.655631870e+00 +4.0990e+00 +4.8890e+00 +4.8874e+00 +4.9047e+00 -4.9436e+00
579 0 +2.137478530e+00 -7.072521470e+00 -7.072521470e+00 +4.9532e+00 +4.8467e+00 +4.8762e+00 +4.9986e+00 -4.8581e+00
626 0 +1.918462770e+00 -7.291537230e+00 -7.291537230e+00 +4.9039e+00 +4.8890e+00 +4.8636e+00 +4.9312e+00 -4.9193e+00
627 0 +1.653715273e+00 -7.556284727e+00 -7.556284727e+00 +4.9208e+00 +4.8069e+00 +4.8629e+00 +4.9120e+00 -4.9697e+00
650 0 +1.548809364e+00 -7.661190636e+00 -7.661190636e+00 +4.4102e+00 +4.7878e+00 +4.9769e+00 +4.9638e+00 -4.9695e+00
656 0 +1.427846444e+00 -7.782153556e+00 -7.782153556e+00 +4.8173e+00 +4.8591e+00 +4.9447e+00 +4.9273e+00 -4.9589e+00
676 0 +1.238759206e+00 -7.971240794e+00 -7.971240794e+00 +4.7613e+00 +4.7854e+00 +4.8458e+00 +4.9988e+00 -4.9876e+00
701 0 +1.098273659e+00 -8.111726341e+00 -8.111726341e+00 +4.7660e+00 +4.8475e+00 +4.9228e+00 +4.9500e+00 -4.9932e+00
704 0 +1.024167741e+00 -8.185832259e+00 -8.185832259e+00 +4.8373e+00 +4.8520e+00 +4.9606e+00 +4.9938e+00 -4.9561e+00
707 0 +8.848171719e-01 -8.325182828e+00 -8.325182828e+00 +4.9784e+00 +4.8649e+00 +4.9491e+00 +4.9466e+00 -4.9838e+00
710 0 +8.826909908e-01 -8.327309009e+00 -8.327309009e+00 +4.9932e+00 +4.8918e+00 +4.9176e+00 +4.9350e+00 -4.9942e+00
726 0 +5.150542972e-01 -8.694945703e+00 -8.694945703e+00 +4.9893e+00 +4.8887e+00 +4.9944e+00 +4.9577e+00 -4.9949e+00
801 0 +3.056248277e-01 -8.904375172e+00 -8.904375172e+00 +4.9606e+00 +4.9434e+00 +4.9789e+00 +4.9837e+00 -4.9993e+00
831 0 +2.717575776e-01 -8.938242422e+00 -8.938242422e+00 +4.9248e+00 +4.9833e+00 +4.9814e+00 +4.9877e+00 -4.9961e+00
851 0 +1.863776036e-01 -9.023622396e+00 -9.023622396e+00 +4.9676e+00 +4.9896e+00 +4.9953e+00 +4.9938e+00 -4.9914e+00
876 0 +1.737618105e-01 -9.036238190e+00 -9.036238190e+00 +4.9472e+00 +4.9874e+00 +4.9783e+00 +4.9982e+00 -4.9980e+00
931 0 +1.207475996e-01 -9.089252400e+00 -9.089252400e+00 +4.9922e+00 +4.9897e+00 +4.9890e+00 +4.9913e+00 -4.9989e+00
1001 0 +9.425187222e-02 -9.115748128e+00 -9.115748128e+00 +4.9957e+00 +4.9931e+00 +4.9900e+00 +4.9995e+00 -4.9956e+00
1029 0 +6.104036163e-02 -9.148959638e+00 -9.148959638e+00 +4.9880e+00 +4.9990e+00 +4.9888e+00 +4.9986e+00 -4.9996e+00
1103 0 +3.769764293e-02 -9.172302357e+00 -9.172302357e+00 +4.9980e+00 +4.9978e+00 +4.9932e+00 +4.9988e+00 -4.9996e+00
% f evaluations | g evaluations | best noise-free fitness - Fopt (6.559900000000e+02) + sum g_i+ | measured fitness | best measured fitness or single-digit g-values | x1 | x2...
1 0 +9.905099025e+01 +7.550409902e+02 +7.550409902e+02 +5.9671e-01 -3.8264e-02 +7.4769e-01 +1.6230e+00 -1.3415e-01
9 0 +9.476013873e+01 +7.507501387e+02 +7.507501387e+02 +8.3847e-01 +2.7137e-01 -1.5648e-02 -2.0110e-01 -1.3785e+00
10 0 +9.233247056e+01 +7.483224706e+02 +7.483224706e+02 -6.1984e-01 -3.6064e-01 +1.1571e+00 +4.4362e-01 -1.6630e+00
15 0 +7.591584835e+01 +7.319058484e+02 +7.319058484e+02 +4.6140e-01 +1.6380e+00 +6.4174e-02 +1.6646e+00 -2.5197e+00
27 0 +5.768792566e+01 +7.136779257e+02 +7.136779257e+02 -1.3781e-01 +9.9350e-02 -1.0235e+00 +2.5554e+00 -3.2839e+00
34 0 +4.854169104e+01 +7.045316910e+02 +7.045316910e+02 +9.6693e-01 +1.7875e+00 -1.8171e+00 +1.2670e+00 -4.8619e+00
51 0 +3.560085390e+01 +6.915908539e+02 +6.915908539e+02 +2.8779e+00 +2.1299e+00 -3.5350e+00 +3.9237e+00 -3.9886e+00
58 0 +2.847625856e+01 +6.844662586e+02 +6.844662586e+02 -1.4392e-01 -2.7827e+00 -5.2938e-01 +4.9766e+00 -4.4880e+00
76 0 +2.691363161e+01 +6.829036316e+02 +6.829036316e+02 +1.5024e+00 -2.8688e+00 -1.3044e+00 +4.4153e+00 -4.5348e+00
103 0 +2.250392624e+01 +6.784939262e+02 +6.784939262e+02 -3.6083e+00 -2.7101e+00 -2.8425e+00 +4.9284e+00 -4.7402e+00
129 0 +2.230177362e+01 +6.782917736e+02 +6.782917736e+02 +3.5180e-02 -1.9338e+00 -4.2724e+00 +3.7707e+00 -4.7329e+00
151 0 +2.143086749e+01 +6.774208675e+02 +6.774208675e+02 -2.1526e+00 -1.6340e+00 -4.6182e+00 +4.3733e+00 -4.6439e+00
178 0 +1.318195113e+01 +6.691719511e+02 +6.691719511e+02 +2.0249e+00 -3.7001e+00 -4.0492e+00 +4.6589e+00 -4.7030e+00
201 0 +1.249169363e+01 +6.684816936e+02 +6.684816936e+02 +3.9812e+00 -4.1477e+00 -3.3734e+00 +4.7922e+00 -4.6355e+00
207 0 +1.191269447e+01 +6.679026945e+02 +6.679026945e+02 +1.8707e+00 -1.1494e+00 -4.6484e+00 +4.9303e+00 -4.9568e+00
269 0 +1.028746646e+01 +6.662774665e+02 +6.662774665e+02 +3.3209e-01 -4.9013e+00 -4.0401e+00 +4.8051e+00 -4.8687e+00
277 0 +1.020026082e+01 +6.661902608e+02 +6.661902608e+02 +2.8143e-01 -4.1208e+00 -4.9903e+00 +4.8399e+00 -4.7013e+00
284 0 +5.567381933e+00 +6.615573819e+02 +6.615573819e+02 +3.7538e+00 -4.2559e+00 -4.9083e+00 +4.9307e+00 -4.7682e+00
351 0 +4.456704916e+00 +6.604467049e+02 +6.604467049e+02 +3.4558e+00 -4.9986e+00 -4.3350e+00 +4.9074e+00 -4.9714e+00
377 0 +4.305481953e+00 +6.602954820e+02 +6.602954820e+02 +2.7047e+00 -4.9314e+00 -4.6797e+00 +4.8760e+00 -4.9822e+00
428 0 +3.473440510e+00 +6.594634405e+02 +6.594634405e+02 +3.6091e+00 -4.9251e+00 -4.9043e+00 +4.8496e+00 -4.9199e+00
452 0 +3.430889486e+00 +6.594208895e+02 +6.594208895e+02 +3.9699e+00 -4.6833e+00 -4.7813e+00 +4.8144e+00 -4.9898e+00
453 0 +3.090558038e+00 +6.590805580e+02 +6.590805580e+02 +4.9026e+00 -4.8045e+00 -4.7738e+00 +4.9216e+00 -4.8510e+00
555 0 +2.324620697e+00 +6.583146207e+02 +6.583146207e+02 +4.5108e+00 -4.7168e+00 -4.8207e+00 +4.9342e+00 -4.9605e+00
601 0 +1.786407971e+00 +6.577764080e+02 +6.577764080e+02 +4.9296e+00 -4.9445e+00 -4.7280e+00 +4.9941e+00 -4.9276e+00
628 0 +1.678322890e+00 +6.576683229e+02 +6.576683229e+02 +4.9082e+00 -4.7214e+00 -4.9025e+00 +4.8802e+00 -4.9891e+00
630 0 +7.633545862e-01 +6.567533546e+02 +6.567533546e+02 +4.9746e+00 -4.8325e+00 -4.9441e+00 +4.9760e+00 -4.9871e+00
726 0 +6.413467083e-01 +6.566313467e+02 +6.566313467e+02 +4.8258e+00 -4.8565e+00 -4.9746e+00 +4.9777e+00 -4.9994e+00
776 0 +4.900125334e-01 +6.564800125e+02 +6.564800125e+02 +4.8300e+00 -4.8787e+00 -4.9708e+00 +4.9999e+00 -4.9989e+00
802 0 +3.434401306e-01 +6.563334401e+02 +6.563334401e+02 +4.9172e+00 -4.9960e+00 -4.9899e+00 +4.9678e+00 -4.9959e+00
851 0 +3.205805382e-01 +6.563105805e+02 +6.563105805e+02 +4.9032e+00 -4.9754e+00 -4.9936e+00 +4.9971e+00 -4.9857e+00
898 0 +2.331256839e-01 +6.562231257e+02 +6.562231257e+02 +4.9946e+00 -4.9713e+00 -4.9779e+00 +4.9915e+00 -4.9941e+00
927 0 +1.955928816e-01 +6.561855929e+02 +6.561855929e+02 +4.9753e+00 -4.9794e+00 -4.9952e+00 +4.9906e+00 -4.9934e+00
952 0 +1.736523287e-01 +6.561636523e+02 +6.561636523e+02 +4.9874e+00 -4.9774e+00 -4.9828e+00 +4.9990e+00 -4.9939e+00
976 0 +1.022340459e-01 +6.560922340e+02 +6.560922340e+02 +4.9872e+00 -4.9846e+00 -4.9867e+00 +4.9976e+00 -4.9994e+00
1027 0 +6.413078668e-02 +6.560541308e+02 +6.560541308e+02 +4.9852e+00 -4.9912e+00 -4.9946e+00 +4.9972e+00 -4.9999e+00
1128 0 +6.327216273e-02 +6.560532722e+02 +6.560532722e+02 +4.9883e+00 -4.9893e+00 -4.9954e+00 +4.9979e+00 -4.9994e+00
1130 0 +5.196865500e-02 +6.560419687e+02 +6.560419687e+02 +4.9986e+00 -4.9973e+00 -4.9966e+00 +4.9949e+00 -4.9994e+00
1132 0 +3.584474576e-02 +6.560258447e+02 +6.560258447e+02 +4.9821e+00 -4.9964e+00 -4.9984e+00 +4.9996e+00 -4.9996e+00
1138 0 +2.914692447e-02 +6.560191469e+02 +6.560191469e+02 +4.9883e+00 -4.9996e+00 -4.9997e+00 +4.9997e+00 -4.9986e+00
1196 0 +2.324708397e-02 +6.560132471e+02 +6.560132471e+02 +4.9926e+00 -4.9964e+00 -4.9976e+00 +4.9997e+00 -5.0000e+00
1211 0 +1.637569647e-02 +6.560063757e+02 +6.560063757e+02 +4.9956e+00 -4.9997e+00 -4.9993e+00 +4.9994e+00 -4.9994e+00
1226 0 +1.592994457e-02 +6.560059299e+02 +6.560059299e+02 +4.9948e+00 -4.9989e+00 -4.9995e+00 +4.9993e+00 -4.9997e+00
1227 0 +1.462728876e-02 +6.560046273e+02 +6.560046273e+02 +4.9961e+00 -4.9997e+00 -4.9982e+00 +4.9993e+00 -5.0000e+00
% f evaluations | g evaluations | best noise-free fitness - Fopt (6.671000000000e+01) + sum g_i+ | measured fitness | best measured fitness or single-digit g-values | x1 | x2...
1 0 +1.002444186e+02 +1.669544186e+02 +1.669544186e+02 +5.9671e-01 -3.8264e-02 +7.4769e-01 +1.6230e+00 -1.3415e-01
4 0 +9.846507666e+01 +1.651750767e+02 +1.651750767e+02 -4.6229e-01 -9.1283e-01 +4.1425e-01 -8.0802e-01 -1.3123e+00
9 0 +9.643707189e+01 +1.631470719e+02 +1.631470719e+02 +8.3847e-01 +2.7137e-01 -1.5648e-02 -2.0110e-01 -1.3785e+00
10 0 +9.109278215e+01 +1.578027821e+02 +1.578027821e+02 -6.1984e-01 -3.6064e-01 +1.1571e+00 +4.4362e-01 -1.6630e+00
15 0 +7.683863956e+01 +1.435486396e+02 +1.435486396e+02 +4.6140e-01 +1.6380e+00 +6.4174e-02 +1.6646e+00 -2.5197e+00
26 0 +7.352451063e+01 +1.402345106e+02 +1.402345106e+02 -3.4723e-01 +1.3731e+00 +5.0220e-01 +1.8859e+00 -2.7373e+00
28 0 +6.685477701e+01 +1.335647770e+02 +1.335647770e+02 -1.2527e+00 +2.4821e-01 +4.6220e-01 +2.4366e+00 -2.7913e+00
30 0 +5.829832036e+01 +1.250083204e+02 +1.250083204e+02 +3.8614e-01 -5.3034e-01 -2.0906e+00 +1.3452e+00 -3.4789e+00
51 0 +3.875071298e+01 +1.054607130e+02 +1.054607130e+02 -9.3684e-01 -3.2633e-01 -4.3017e+00 +1.8205e+00 -4.3711e+00
76 0 +2.019925943e+01 +8.690925943e+01 +8.690925943e+01 -1.0068e+00 -2.3213e+00 -3.6731e+00 +4.8001e+00 -4.3877e+00
102 0 +1.816248815e+01 +8.487248815e+01 +8.487248815e+01 -2.1023e+00 -4.2968e+00 -4.4193e+00 +4.9682e+00 -3.8001e+00
201 0 +1.637107767e+01 +8.308107767e+01 +8.308107767e+01 -1.7334e+00 -2.3125e+00 -4.1999e+00 +4.5495e+00 -4.6738e+00
226 0 +1.226662960e+01 +7.897662960e+01 +7.897662960e+01 -1.5306e+00 -3.6281e+00 -3.8581e+00 +4.7163e+00 -4.8849e+00
254 0 +1.162944783e+01 +7.833944783e+01 +7.833944783e+01 -2.7810e+00 -2.4030e+00 -4.3941e+00 +4.6179e+00 -4.9273e+00
278 0 +1.047861133e+01 +7.718861133e+01 +7.718861133e+01 -2.1003e+00 -4.2329e+00 -4.8475e+00 +4.8576e+00 -4.5068e+00
287 0 +9.216615736e+00 +7.592661574e+01 +7.592661574e+01 -3.6911e+00 -3.9884e+00 -3.4944e+00 +4.9822e+00 -4.8752e+00
304 0 +8.581272575e+00 +7.529127257e+01 +7.529127257e+01 -4.1224e+00 -4.8956e+00 -4.6588e+00 +4.8341e+00 -4.4494e+00
305 0 +7.390893116e+00 +7.410089312e+01 +7.410089312e+01 -3.2801e+00 -3.6163e+00 -4.5457e+00 +4.8938e+00 -4.8824e+00
330 0 +5.982557619e+00 +7.269255762e+01 +7.269255762e+01 -4.6496e+00 -4.7374e+00 -4.5797e+00 +4.7626e+00 -4.7499e+00
357 0 +5.730862618e+00 +7.244086262e+01 +7.244086262e+01 -3.1978e+00 -4.0428e+00 -4.7942e+00 +4.8769e+00 -4.9116e+00
403 0 +3.955763979e+00 +7.066576398e+01 +7.066576398e+01 -4.8290e+00 -4.3671e+00 -4.7457e+00 +4.8555e+00 -4.8958e+00
426 0 +3.087231701e+00 +6.979723170e+01 +6.979723170e+01 -4.6084e+00 -4.4482e+00 -4.6819e+00 +4.9265e+00 -4.9705e+00
486 0 +3.006068625e+00 +6.971606862e+01 +6.971606862e+01 -4.9514e+00 -4.8506e+00 -4.4793e+00 +4.9847e+00 -4.9041e+00
487 0 +1.929710039e+00 +6.863971004e+01 +6.863971004e+01 -4.8355e+00 -4.9364e+00 -4.6199e+00 +4.9316e+00 -4.9935e+00
581 0 +1.895307626e+00 +6.860530763e+01 +6.860530763e+01 -4.6259e+00 -4.7534e+00 -4.9978e+00 +4.9418e+00 -4.9252e+00
601 0 +1.445110449e+00 +6.815511045e+01 +6.815511045e+01 -4.7361e+00 -4.7930e+00 -4.9874e+00 +4.8925e+00 -4.9831e+00
626 0 +9.531027582e-01 +6.766310276e+01 +6.766310276e+01 -4.7518e+00 -4.9098e+00 -4.9875e+00 +4.9299e+00 -4.9889e+00
702 0 +7.376038440e-01 +6.744760384e+01 +6.744760384e+01 -4.9769e+00 -4.9074e+00 -4.9429e+00 +4.9503e+00 -4.9910e+00
703 0 +5.168352681e-01 +6.722683527e+01 +6.722683527e+01 -4.9933e+00 -4.9060e+00 -4.9898e+00 +4.9602e+00 -4.9913e+00
814 0 +4.163249640e-01 +6.712632496e+01 +6.712632496e+01 -4.8807e+00 -4.9922e+00 -4.9197e+00 +5.0000e+00 -4.9971e+00
828 0 +2.520563925e-01 +6.696205639e+01 +6.696205639e+01 -4.9921e+00 -4.9425e+00 -4.9895e+00 +4.9835e+00 -4.9984e+00
926 0 +2.453312520e-01 +6.695533125e+01 +6.695533125e+01 -4.9914e+00 -4.9676e+00 -4.9945e+00 +4.9894e+00 -4.9898e+00
927 0 +1.836017391e-01 +6.689360174e+01 +6.689360174e+01 -4.9541e+00 -4.9750e+00 -4.9983e+00 +4.9906e+00 -4.9965e+00
930 0 +1.522543077e-01 +6.686225431e+01 +6.686225431e+01 -4.9750e+00 -4.9833e+00 -4.9850e+00 +4.9958e+00 -4.9973e+00
1001 0 +1.437626847e-01 +6.685376268e+01 +6.685376268e+01 -4.9839e+00 -4.9920e+00 -4.9815e+00 +4.9911e+00 -4.9995e+00
1022 0 +1.409522397e-01 +6.685095224e+01 +6.685095224e+01 -4.9958e+00 -4.9828e+00 -4.9999e+00 +4.9998e+00 -4.9895e+00
1028 0 +1.258180228e-01 +6.683581802e+01 +6.683581802e+01 -4.9817e+00 -4.9857e+00 -4.9855e+00 +4.9961e+00 -4.9985e+00
1030 0 +1.019981877e-01 +6.681199819e+01 +6.681199819e+01 -4.9844e+00 -4.9997e+00 -4.9984e+00 +4.9941e+00 -4.9952e+00
1033 0 +9.060470761e-02 +6.680060471e+01 +6.680060471e+01 -4.9717e+00 -4.9972e+00 -4.9900e+00 +4.9955e+00 -4.9999e+00
1061 0 +8.173651905e-02 +6.679173652e+01 +6.679173652e+01 -4.9990e+00 -4.9981e+00 -4.9860e+00 +4.9962e+00 -4.9988e+00
1079 0 +6.277587347e-02 +6.677277587e+01 +6.677277587e+01 -4.9865e+00 -4.9952e+00 -4.9934e+00 +4.9967e+00 -4.9999e+00
1081 0 +5.975454486e-02 +6.676975454e+01 +6.676975454e+01 -4.9860e+00 -4.9989e+00 -4.9978e+00 +4.9971e+00 -4.9979e+00
1131 0 +5.932305697e-02 +6.676932306e+01 +6.676932306e+01 -4.9873e+00 -4.9918e+00 -4.9992e+00 +4.9974e+00 -4.9985e+00
1156 0 +5.143463033e-02 +6.676143463e+01 +6.676143463e+01 -4.9992e+00 -4.9995e+00 -4.9948e+00 +4.9997e+00 -4.9969e+00
1179 0 +3.955418749e-02 +6.674955419e+01 +6.674955419e+01 -4.9972e+00 -4.9977e+00 -4.9926e+00 +4.9994e+00 -4.9994e+00
1201 0 +2.988772458e-02 +6.673988772e+01 +6.673988772e+01 -4.9982e+00 -4.9965e+00 -4.9959e+00 +4.9989e+00 -4.9997e+00
1210 0 +2.676233504e-02 +6.673676234e+01 +6.673676234e+01 -4.9955e+00 -4.9938e+00 -4.9996e+00 +4.9991e+00 -4.9995e+00
% f evaluations | g evaluations | best noise-free fitness - Fopt (9.416700000000e+02) + sum g_i+ | measured fitness | best measured fitness or single-digit g-values | x1 | x2...
1 0 +9.551562103e+01 +1.037185621e+03 +1.037185621e+03 +5.9671e-01 -3.8264e-02 +7.4769e-01 +1.6230e+00 -1.3415e-01
10 0 +8.377449861e+01 +1.025444499e+03 +1.025444499e+03 -6.1984e-01 -3.6064e-01 +1.1571e+00 +4.4362e-01 -1.6630e+00
15 0 +7.643276780e+01 +1.018102768e+03 +1.018102768e+03 +4.6140e-01 +1.6380e+00 +6.4174e-02 +1.6646e+00 -2.5197e+00
26 0 +6.865713205e+01 +1.010327132e+03 +1.010327132e+03 -8.3333e-01 +1.0587e+00 +6.5716e-01 +1.7644e+00 -2.8212e+00
28 0 +6.271949212e+01 +1.004389492e+03 +1.004389492e+03 -8.6527e-01 +1.6900e+00 -2.7100e-01 +9.6494e-01 -4.2671e+00
33 0 +5.628386497e+01 +9.979538650e+02 +9.979538650e+02 -1.2562e+00 +9.5002e-01 +2.0380e+00 -1.5924e-01 -4.6420e+00
52 0 +5.573839729e+01 +9.974083973e+02 +9.974083973e+02 -1.1346e+00 +5.1751e-01 +1.5130e+00 +6.6356e-01 -4.3351e+00
56 0 +5.409199033e+01 +9.957619903e+02 +9.957619903e+02 -3.4257e+00 +8.7007e-01 +3.0394e+00 +2.1569e+00 -3.0109e+00
58 0 +3.807869668e+01 +9.797486967e+02 +9.797486967e+02 +2.9645e-01 +2.8273e+00 +3.1446e+00 +4.8393e+00 -3.7908e+00
64 0 +3.380382925e+01 +9.754738292e+02 +9.754738292e+02 -2.2491e+00 +2.5188e+00 +4.6381e+00 +4.9735e+00 -3.3611e+00
76 0 +2.893855271e+01 +9.706085527e+02 +9.706085527e+02 -8.2452e-01 +3.7684e+00 +4.8557e+00 +3.6644e+00 -4.8797e+00
77 0 +2.687380677e+01 +9.685438068e+02 +9.685438068e+02 -4.9762e+00 -3.2888e-01 +3.1151e+00 +4.3581e+00 -4.1027e+00
128 0 +2.269376529e+01 +9.643637653e+02 +9.643637653e+02 -1.2061e+00 -2.2174e-02 +4.2970e+00 +4.0776e+00 -4.7362e+00
151 0 +2.228188160e+01 +9.639518816e+02 +9.639518816e+02 -8.6844e-01 -4.5584e+00 +1.7587e+00 +4.2899e+00 -4.6878e+00
161 0 +2.071457004e+01 +9.623845700e+02 +9.623845700e+02 -3.9581e+00 -2.9615e+00 +4.2076e+00 +4.7392e+00 -3.7925e+00
176 0 +1.668796324e+01 +9.583579632e+02 +9.583579632e+02 -3.3826e+00 -1.1382e-01 +3.9668e+00 +4.8980e+00 -4.7459e+00
180 0 +1.395754561e+01 +9.556275456e+02 +9.556275456e+02 -3.9173e+00 -1.7970e+00 +4.6522e+00 +4.0102e+00 -4.9487e+00
232 0 +1.163698171e+01 +9.533069817e+02 +9.533069817e+02 -2.7333e+00 -2.1045e+00 +4.7850e+00 +4.4504e+00 -4.9549e+00
254 0 +5.983160583e+00 +9.476531606e+02 +9.476531606e+02 -3.1483e+00 -4.6085e+00 +4.7399e+00 +4.6802e+00 -4.9186e+00
335 0 +5.535266237e+00 +9.472052662e+02 +9.472052662e+02 -3.2138e+00 -3.5286e+00 +4.8919e+00 +4.8775e+00 -4.9898e+00
376 0 +4.557327585e+00 +9.462273276e+02 +9.462273276e+02 -2.9213e+00 -4.5447e+00 +4.8277e+00 +4.9171e+00 -4.9342e+00
380 0 +2.977177540e+00 +9.446471775e+02 +9.446471775e+02 -3.5520e+00 -4.6737e+00 +4.8671e+00 +4.9626e+00 -4.9682e+00
453 0 +2.865611899e+00 +9.445356119e+02 +9.445356119e+02 -4.1554e+00 -4.7898e+00 +4.7711e+00 +4.9392e+00 -4.9418e+00
476 0 +2.479927598e+00 +9.441499276e+02 +9.441499276e+02 -4.1656e+00 -4.9606e+00 +4.9732e+00 +4.7966e+00 -4.9653e+00
506 0 +2.355491030e+00 +9.440254910e+02 +9.440254910e+02 -3.9245e+00 -4.8409e+00 +4.9851e+00 +4.9732e+00 -4.9201e+00
527 0 +2.264075908e+00 +9.439340759e+02 +9.439340759e+02 -3.9817e+00 -4.8546e+00 +4.8820e+00 +4.9613e+00 -4.9604e+00
552 0 +2.218697465e+00 +9.438886975e+02 +9.438886975e+02 -3.9256e+00 -4.9395e+00 +4.8873e+00 +4.8974e+00 -4.9897e+00
553 0 +2.184942982e+00 +9.438549430e+02 +9.438549430e+02 -3.9694e+00 -4.7537e+00 +4.8761e+00 +4.9832e+00 -4.9770e+00
579 0 +1.788008171e+00 +9.434580082e+02 +9.434580082e+02 -3.9872e+00 -4.8749e+00 +4.9592e+00 +4.9970e+00 -4.9593e+00
601 0 +1.762310185e+00 +9.434323102e+02 +9.434323102e+02 -4.0636e+00 -4.7814e+00 +4.9741e+00 +4.9660e+00 -4.9836e+00
604 0 +1.360868772e+00 +9.430308688e+02 +9.430308688e+02 -4.0858e+00 -4.8872e+00 +4.9506e+00 +4.9842e+00 -4.9999e+00
653 0 +1.348496741e+00 +9.430184967e+02 +9.430184967e+02 -4.0716e+00 -4.9109e+00 +4.9774e+00 +4.9968e+00 -4.9828e+00
655 0 +1.157287474e+00 +9.428272875e+02 +9.428272875e+02 -4.1408e+00 -4.9499e+00 +4.9791e+00 +4.9747e+00 -5.0000e+00
701 0 +1.155460423e+00 +9.428254604e+02 +9.428254604e+02 -4.0849e+00 -4.9093e+00 +4.9873e+00 +4.9969e+00 -4.9979e+00
706 0 +1.042813057e+00 +9.427128131e+02 +9.427128131e+02 -4.1827e+00 -4.9160e+00 +4.9883e+00 +5.0000e+00 -4.9961e+00
778 0 +8.847679315e-01 +9.425547679e+02 +9.425547679e+02 -4.2068e+00 -4.9926e+00 +4.9945e+00 +4.9999e+00 -4.9940e+00
896 0 +8.439680385e-01 +9.425139680e+02 +9.425139680e+02 -4.4871e+00 -4.9993e+00 +4.9401e+00 +4.9927e+00 -4.9900e+00
903 0 +7.954305126e-01 +9.424654305e+02 +9.424654305e+02 -4.5157e+00 -4.9813e+00 +4.9221e+00 +4.9977e+00 -4.9981e+00
978 0 +7.814320845e-01 +9.424514321e+02 +9.424514321e+02 -4.6024e+00 -4.9958e+00 +4.9090e+00 +4.9850e+00 -4.9995e+00
1006 0 +7.550548518e-01 +9.424250549e+02 +9.424250549e+02 -4.5461e+00 -4.9858e+00 +4.9732e+00 +4.9890e+00 -4.9870e+00
1014 0 +6.484842694e-01 +9.423184843e+02 +9.423184843e+02 -4.6915e+00 -4.9665e+00 +4.9668e+00 +4.9942e+00 -4.9857e+00
1027 0 +5.332253405e-01 +9.422032253e+02 +9.422032253e+02 -4.7591e+00 -4.9771e+00 +4.9541e+00 +4.9860e+00 -4.9972e+00
1028 0 +4.654223710e-01 +9.421354224e+02 +9.421354224e+02 -4.7598e+00 -4.9665e+00 +4.9754e+00 +4.9883e+00 -4.9978e+00
1032 0 +3.819921134e-01 +9.420519921e+02 +9.420519921e+02 -4.8693e+00 -4.9663e+00 +4.9906e+00 +4.9910e+00 -4.9889e+00
1056 0 +3.818250513e-01 +9.420518251e+02 +9.420518251e+02 -4.9502e+00 -4.9759e+00 +4.9650e+00 +4.9796e+00 -4.9937e+00
1077 0 +2.215820267e-01 +9.418915820e+02 +9.418915820e+02 -4.9244e+00 -4.9821e+00 +4.9908e+00 +4.9988e+00 -4.9922e+00
1176 0 +1.454337392e-01 +9.418154337e+02 +9.418154337e+02 -4.9896e+00 -4.9906e+00 +4.9782e+00 +4.9946e+00 -4.9981e+00
% f evaluations | g evaluations | best noise-free fitness - Fopt (-3.745000000000e+01) + sum g_i+ | measured fitness | best measured fitness or single-digit g-values | x1 | x2...
1 0 +1.127122172e+02 +7.526221717e+01 +7.526221717e+01 +5.9671e-01 -3.8264e-02 +7.4769e-01 +1.6230e+00 -1.3415e-01
2 0 +1.065727028e+02 +6.912270280e+01 +6.912270280e+01 -1.3414e-01 +1.6792e+00 +8.6743e-01 -3.6947e-01 +6.4256e-01
3 0 +8.130625686e+01 +4.385625686e+01 +4.385625686e+01 -3.6342e-01 -3.6573e-01 +3.4196e-01 -1.8133e+00 -1.6249e+00
26 0 +6.935091581e+01 +3.190091581e+01 +3.190091581e+01 +6.0360e-01 -1.3682e+00 +7.4027e-01 -1.1529e+00 -3.1474e+00
29 0 +6.666494477e+01 +2.921494477e+01 +2.921494477e+01 -6.7418e-01 -8.0682e-01 +4.3374e-01 -1.4964e+00 -3.3477e+00
30 0 +6.037312451e+01 +2.292312451e+01 +2.292312451e+01 -1.2030e+00 -6.8324e-02 +2.4009e+00 -9.9950e-01 -3.5558e+00
38 0 +5.733791622e+01 +1.988791622e+01 +1.988791622e+01 +1.9395e+00 -1.1309e+00 +2.5685e+00 -2.6000e+00 -2.7810e+00
51 0 +4.184951081e+01 +4.399510812e+00 +4.399510812e+00 -2.0349e-01 -1.1187e+00 +3.3055e+00 -4.5195e+00 -3.2295e+00
52 0 +3.021530561e+01 -7.234694390e+00 -7.234694390e+00 -3.7812e-01 -1.0382e+00 +2.2974e+00 -4.3356e+00 -4.8183e+00
76 0 +2.666225907e+01 -1.078774093e+01 -1.078774093e+01 +2.7969e+00 -7.3117e-01 +1.3151e+00 -4.9947e+00 -4.7415e+00
101 0 +2.218542767e+01 -1.526457233e+01 -1.526457233e+01 +2.0746e+00 +1.9144e+00 +2.1380e+00 -4.5532e+00 -4.7790e+00
152 0 +1.554855974e+01 -2.190144026e+01 -2.190144026e+01 +1.6153e+00 +4.1479e+00 +4.9480e+00 -4.4643e+00 -4.2528e+00
180 0 +1.138937591e+01 -2.606062409e+01 -2.606062409e+01 +2.3077e+00 +2.6216e+00 +3.8517e+00 -4.9735e+00 -4.9313e+00
231 0 +9.367930528e+00 -2.808206947e+01 -2.808206947e+01 +3.9192e+00 +4.3706e+00 +4.4126e+00 -4.8902e+00 -4.5307e+00
287 0 +7.532386859e+00 -2.991761314e+01 -2.991761314e+01 +4.6038e+00 +4.6395e+00 +3.5226e+00 -4.7430e+00 -4.9622e+00
303 0 +6.883980727e+00 -3.056601927e+01 -3.056601927e+01 +3.0052e+00 +4.9142e+00 +4.6926e+00 -4.9495e+00 -4.6520e+00
353 0 +6.209874461e+00 -3.124012554e+01 -3.124012554e+01 +3.0896e+00 +4.9449e+00 +4.8059e+00 -4.9200e+00 -4.6862e+00
356 0 +4.463693559e+00 -3.298630644e+01 -3.298630644e+01 +4.0012e+00 +4.6792e+00 +4.8076e+00 -4.8721e+00 -4.8433e+00
406 0 +3.612730608e+00 -3.383726939e+01 -3.383726939e+01 +3.3834e+00 +4.7294e+00 +4.7899e+00 -4.8610e+00 -4.9931e+00
427 0 +2.518366105e+00 -3.493163389e+01 -3.493163389e+01 +4.1704e+00 +4.8419e+00 +4.9685e+00 -4.9324e+00 -4.9072e+00
476 0 +2.308098745e+00 -3.514190125e+01 -3.514190125e+01 +4.2895e+00 +4.9714e+00 +4.7369e+00 -4.9318e+00 -4.9669e+00
501 0 +1.732226547e+00 -3.571777345e+01 -3.571777345e+01 +4.2881e+00 +4.9528e+00 +4.7767e+00 -4.9728e+00 -4.9923e+00
538 0 +1.109255434e+00 -3.634074457e+01 -3.634074457e+01 +4.7179e+00 +4.8961e+00 +4.9802e+00 -4.9848e+00 -4.9506e+00
642 0 +1.012577226e+00 -3.643742277e+01 -3.643742277e+01 +4.7893e+00 +4.9873e+00 +4.7918e+00 -4.9801e+00 -4.9991e+00
651 0 +9.201961969e-01 -3.652980380e+01 -3.652980380e+01 +4.7741e+00 +4.8983e+00 +4.9375e+00 -4.9557e+00 -4.9933e+00
679 0 +5.823624352e-01 -3.686763756e+01 -3.686763756e+01 +4.9090e+00 +4.9212e+00 +4.9806e+00 -4.9543e+00 -4.9967e+00
753 0 +3.739243449e-01 -3.707607566e+01 -3.707607566e+01 +4.9875e+00 +4.9065e+00 +4.9933e+00 -4.9955e+00 -4.9852e+00
827 0 +3.137282771e-01 -3.713627172e+01 -3.713627172e+01 +4.9708e+00 +4.9938e+00 +4.9695e+00 -4.9811e+00 -4.9929e+00
828 0 +2.702914784e-01 -3.717970852e+01 -3.717970852e+01 +4.9978e+00 +4.9822e+00 +4.9449e+00 -4.9999e+00 -4.9938e+00
851 0 +2.135054133e-01 -3.723649459e+01 -3.723649459e+01 +4.9908e+00 +4.9745e+00 +4.9628e+00 -4.9998e+00 -4.9960e+00
852 0 +1.548616708e-01 -3.729513833e+01 -3.729513833e+01 +4.9982e+00 +4.9910e+00 +4.9932e+00 -4.9862e+00 -4.9962e+00
902 0 +1.382132374e-01 -3.731178676e+01 -3.731178676e+01 +4.9804e+00 +4.9960e+00 +4.9843e+00 -4.9902e+00 -4.9993e+00
953 0 +1.048302632e-01 -3.734516974e+01 -3.734516974e+01 +4.9994e+00 +4.9945e+00 +4.9803e+00 -4.9955e+00 -4.9993e+00
976 0 +8.600182483e-02 -3.736399818e+01 -3.736399818e+01 +4.9725e+00 +4.9931e+00 +4.9934e+00 -4.9994e+00 -4.9978e+00
1001 0 +8.132271026e-02 -3.736867729e+01 -3.736867729e+01 +4.9859e+00 +4.9932e+00 +4.9858e+00 -4.9993e+00 -4.9994e+00
1035 0 +6.820927309e-02 -3.738179073e+01 -3.738179073e+01 +4.9918e+00 +4.9906e+00 +4.9992e+00 -4.9942e+00 -4.9992e+00
1054 0 +5.948318817e-02 -3.739051681e+01 -3.739051681e+01 +4.9808e+00 +4.9975e+00 +4.9973e+00 -4.9973e+00 -4.9988e+00
1077 0 +4.857029172e-02 -3.740142971e+01 -3.740142971e+01 +4.9980e+00 +4.9900e+00 +4.9953e+00 -4.9989e+00 -4.9992e+00
1078 0 +4.113081590e-02 -3.740886918e+01 -3.740886918e+01 +4.9966e+00 +4.9894e+00 +4.9979e+00 -4.9982e+00 -4.9998e+00
1105 0 +2.936631849e-02 -3.742063368e+01 -3.742063368e+01 +4.9952e+00 +4.9976e+00 +4.9972e+00 -4.9991e+00 -4.9994e+00
1152 0 +2.859754053e-02 -3.742140246e+01 -3.742140246e+01 +4.9969e+00 +4.9986e+00 +4.9998e+00 -4.9983e+00 -4.9987e+00
1177 0 +2.795797574e-02 -3.742204202e+01 -3.742204202e+01 +4.9973e+00 +4.9976e+00 +4.9992e+00 -4.9993e+00 -4.9985e+00
1180 0 +2.707177523e-02 -3.742292822e+01 -3.742292822e+01 +4.9991e+00 +4.9992e+00 +4.9991e+00 -4.9980e+00 -4.9990e+00
1201 0 +2.200244211e-02 -3.742799756e+01 -3.742799756e+01 +4.9988e+00 +4.9967e+00 +4.9998e+00 -4.9995e+00 -4.9989e+00
1226 0 +2.062281512e-02 -3.742937718e+01 -3.742937718e+01 +4.9982e+00 +4.9976e+00 +4.9997e+00 -4.9997e+00 -4.9988e+00
% f evaluations | g evaluations | best noise-free fitness - Fopt (-6.639000000000e+01) + sum g_i+ | measured fitness | best measured fitness or single-digit g-values | x1 | x2...
1 0 +1.003805078e+02 +3.399050779e+01 +3.399050779e+01 +5.9671e-01 -3.8264e-02 +7.4769e-01 +1.6230e+00 -1.3415e-01
9 0 +9.547193463e+01 +2.908193463e+01 +2.908193463e+01 +8.3847e-01 +2.7137e-01 -1.5648e-02 -2.0110e-01 -1.3785e+00
10 0 +9.237541515e+01 +2.598541515e+01 +2.598541515e+01 -6.1984e-01 -3.6064e-01 +1.1571e+00 +4.4362e-01 -1.6630e+00
15 0 +7.101286617e+01 +4.622866165e+00 +4.622866165e+00 +4.6140e-01 +1.6380e+00 +6.4174e-02 +1.6646e+00 -2.5197e+00
26 0 +5.349768640e+01 -1.289231360e+01 -1.289231360e+01 -4.3918e-01 -4.3007e-01 -7.6425e-01 +3.6718e+00 -3.1583e+00
27 0 +5.057105712e+01 -1.581894288e+01 -1.581894288e+01 -6.2285e-01 +1.2809e+00 -9.3982e-01 +3.9182e+00 -2.9343e+00
51 0 +4.042588520e+01 -2.596411480e+01 -2.596411480e+01 +7.6870e-01 -6.5716e-01 -2.4113e+00 +2.8161e+00 -4.5870e+00
53 0 +3.766753848e+01 -2.872246152e+01 -2.872246152e+01 +9.7918e-01 +1.3445e+00 -3.2455e+00 +3.7268e+00 -3.7520e+00
55 0 +2.410107063e+01 -4.228892937e+01 -4.228892937e+01 +1.1282e+00 +2.9747e+00 -4.0709e+00 +3.2620e+00 -4.8340e+00
78 0 +2.160743536e+01 -4.478256464e+01 -4.478256464e+01 -1.4508e+00 +2.8034e+00 -4.3439e+00 +3.9597e+00 -4.3773e+00
128 0 +1.776309616e+01 -4.862690384e+01 -4.862690384e+01 -2.9198e+00 +2.7889e+00 -4.9100e+00 +3.0283e+00 -4.9621e+00
152 0 +1.578983511e+01 -5.060016489e+01 -5.060016489e+01 -3.9169e+00 +1.8202e+00 -4.3793e+00 +4.5385e+00 -4.5506e+00
201 0 +8.815061241e+00 -5.757493876e+01 -5.757493876e+01 -4.3442e+00 +2.5641e+00 -4.6972e+00 +4.4910e+00 -4.9993e+00
252 0 +4.097529684e+00 -6.229247032e+01 -6.229247032e+01 -3.7689e+00 +4.6790e+00 -4.7603e+00 +4.9249e+00 -4.8885e+00
440 0 +1.936419471e+00 -6.445358053e+01 -6.445358053e+01 -4.9644e+00 +4.8294e+00 -4.7822e+00 +4.9994e+00 -4.9095e+00
590 0 +1.848935421e+00 -6.454106458e+01 -6.454106458e+01 -4.6614e+00 +4.4718e+00 -4.9021e+00 +4.9999e+00 -4.9739e+00
606 0 +1.775356661e+00 -6.461464334e+01 -6.461464334e+01 -4.5746e+00 +4.5841e+00 -4.9965e+00 +4.9443e+00 -4.9714e+00
655 0 +1.692983583e+00 -6.469701642e+01 -6.469701642e+01 -4.6036e+00 +4.7269e+00 -4.8527e+00 +4.9852e+00 -4.9738e+00
657 0 +1.400416279e+00 -6.498958372e+01 -6.498958372e+01 -4.9694e+00 +4.6837e+00 -4.9707e+00 +4.9192e+00 -4.9739e+00
665 0 +1.394949859e+00 -6.499505014e+01 -6.499505014e+01 -4.8991e+00 +4.9766e+00 -4.9397e+00 +4.9635e+00 -4.9144e+00
679 0 +1.187584216e+00 -6.520241578e+01 -6.520241578e+01 -4.7787e+00 +4.7721e+00 -4.8760e+00 +4.9769e+00 -4.9961e+00
701 0 +1.173394997e+00 -6.521660500e+01 -6.521660500e+01 -4.7379e+00 +4.8991e+00 -4.9819e+00 +4.9726e+00 -4.9480e+00
726 0 +8.443489149e-01 -6.554565109e+01 -6.554565109e+01 -4.7860e+00 +4.9785e+00 -4.9561e+00 +4.9781e+00 -4.9670e+00
751 0 +6.898367900e-01 -6.570016321e+01 -6.570016321e+01 -4.9056e+00 +4.9997e+00 -4.9277e+00 +4.9905e+00 -4.9687e+00
777 0 +6.822031292e-01 -6.570779687e+01 -6.570779687e+01 -4.9401e+00 +4.9998e+00 -4.9122e+00 +4.9875e+00 -4.9726e+00
802 0 +6.597830590e-01 -6.573021694e+01 -6.573021694e+01 -4.8009e+00 +4.9806e+00 -4.9224e+00 +4.9960e+00 -4.9842e+00
826 0 +4.438885049e-01 -6.594611150e+01 -6.594611150e+01 -4.9190e+00 +4.9777e+00 -4.9876e+00 +4.9988e+00 -4.9723e+00
851 0 +3.738857359e-01 -6.601611426e+01 -6.601611426e+01 -4.8824e+00 +4.9949e+00 -4.9948e+00 +4.9770e+00 -4.9898e+00
852 0 +2.928671190e-01 -6.609713288e+01 -6.609713288e+01 -4.8389e+00 +4.9948e+00 -4.9944e+00 +4.9987e+00 -4.9902e+00
876 0 +2.690811884e-01 -6.612091881e+01 -6.612091881e+01 -4.8686e+00 +4.9555e+00 -4.9843e+00 +4.9985e+00 -5.0000e+00
926 0 +2.492065431e-01 -6.614079346e+01 -6.614079346e+01 -4.9747e+00 +4.9785e+00 -4.9833e+00 +4.9996e+00 -4.9870e+00
977 0 +2.107818611e-01 -6.617921814e+01 -6.617921814e+01 -4.8669e+00 +4.9987e+00 -4.9903e+00 +4.9975e+00 -4.9969e+00
1001 0 +2.072148244e-01 -6.618278518e+01 -6.618278518e+01 -4.8983e+00 +4.9932e+00 -4.9862e+00 +4.9956e+00 -4.9975e+00
1029 0 +1.760830352e-01 -6.621391696e+01 -6.621391696e+01 -4.9937e+00 +4.9870e+00 -4.9906e+00 +4.9932e+00 -4.9921e+00
1052 0 +1.446969978e-01 -6.624530300e+01 -6.624530300e+01 -4.9607e+00 +4.9981e+00 -4.9862e+00 +4.9973e+00 -4.9957e+00
1076 0 +1.167845613e-01 -6.627321544e+01 -6.627321544e+01 -4.9584e+00 +4.9898e+00 -4.9986e+00 +4.9959e+00 -4.9970e+00
1104 0 +1.090278438e-01 -6.628097216e+01 -6.628097216e+01 -4.9862e+00 +4.9982e+00 -4.9939e+00 +4.9960e+00 -4.9950e+00
1151 0 +1.036559226e-01 -6.628634408e+01 -6.628634408e+01 -4.9911e+00 +4.9974e+00 -4.9970e+00 +4.9930e+00 -4.9959e+00
1153 0 +8.490392759e-02 -6.630509607e+01 -6.630509607e+01 -4.9734e+00 +4.9769e+00 -4.9973e+00 +4.9988e+00 -4.9998e+00
1178 0 +7.779126940e-02 -6.631220873e+01 -6.631220873e+01 -4.9734e+00 +4.9799e+00 -4.9996e+00 +4.9984e+00 -4.9995e+00
1208 0 +7.364347280e-02 -6.631635653e+01 -6.631635653e+01 -4.9834e+00 +4.9959e+00 -4.9989e+00 +4.9973e+00 -4.9969e+00
1218 0 +6.304781350e-02 -6.632695219e+01 -6.632695219e+01 -4.9886e+00 +4.9784e+00 -4.9989e+00 +4.9989e+00 -4.9996e+00
1232 0 +3.437289552e-02 -6.635562710e+01 -6.635562710e+01 -4.9931e+00 +4.9923e+00 -4.9977e+00 +4.9991e+00 -4.9999e+00
% f evaluations | g evaluations | best noise-free fitness - Fopt (-2.260100000000e+02) + sum g_i+ | measured fitness | best measured fitness or single-digit g-values | x1 | x2...
1 0 +9.565171027e+01 -1.303582897e+02 -1.303582897e+02 +5.9671e-01 -3.8264e-02 +7.4769e-01 +1.6230e+00 -1.3415e-01
9 0 +9.557090306e+01 -1.304390969e+02 -1.304390969e+02 +8.3847e-01 +2.7137e-01 -1.5648e-02 -2.0110e-01 -1.3785e+00
10 0 +8.505713161e+01 -1.409528684e+02 -1.409528684e+02 -6.1984e-01 -3.6064e-01 +1.1571e+00 +4.4362e-01 -1.6630e+00
15 0 +7.060699440e+01 -1.554030056e+02 -1.554030056e+02 +4.6140e-01 +1.6380e+00 +6.4174e-02 +1.6646e+00 -2.5197e+00
26 0 +5.629452150e+01 -1.697154785e+02 -1.697154785e+02 -8.7241e-01 +1.3749e+00 -5.4896e-01 +1.1230e+00 -4.3629e+00
28 0 +5.550089300e+01 -1.705091070e+02 -1.705091070e+02 -1.6823e-01 -7.4993e-01 +1.6045e-01 +3.8597e+00 -3.1272e+00
32 0 +5.458848116e+01 -1.714215188e+02 -1.714215188e+02 -3.7133e-01 +3.0055e+00 +2.7334e+00 +1.2669e+00 -3.1747e+00
39 0 +5.358142429e+01 -1.724285757e+02 -1.724285757e+02 -8.1612e-01 +8.2233e-01 -4.5342e-01 +4.0028e+00 -3.0884e+00
51 0 +4.755580229e+01 -1.784541977e+02 -1.784541977e+02 -1.4087e+00 +6.4323e-01 -2.5221e+00 +3.3992e+00 -4.6572e+00
54 0 +3.599834104e+01 -1.900116590e+02 -1.900116590e+02 -1.4522e+00 +5.8527e-01 +4.7071e+00 +2.0837e+00 -4.2726e+00
57 0 +3.569198138e+01 -1.903180186e+02 -1.903180186e+02 -2.2877e+00 +7.6514e-01 +2.3656e+00 +3.8872e+00 -3.9139e+00
78 0 +3.549707112e+01 -1.905129289e+02 -1.905129289e+02 -1.0175e+00 +3.1160e+00 +3.1933e+00 +4.6652e+00 -2.9431e+00
80 0 +3.318752540e+01 -1.928224746e+02 -1.928224746e+02 -2.9541e+00 +4.6318e+00 +1.8498e+00 +1.3731e+00 -4.9870e+00
101 0 +3.288846798e+01 -1.931215320e+02 -1.931215320e+02 -9.0905e-01 +1.0735e+00 +1.9798e+00 +2.9786e+00 -4.9103e+00
105 0 +3.088387213e+01 -1.951261279e+02 -1.951261279e+02 -2.6683e+00 -1.1111e+00 +1.0467e+00 +4.8610e+00 -4.5598e+00
114 0 +2.780906840e+01 -1.982009316e+02 -1.982009316e+02 -3.1847e+00 +3.5548e+00 +4.5050e+00 +3.1420e+00 -3.8590e+00
124 0 +2.757510636e+01 -1.984348936e+02 -1.984348936e+02 +8.0502e-01 +2.4681e+00 +8.2881e-01 +4.6584e+00 -4.7844e+00
129 0 +2.743003164e+01 -1.985799684e+02 -1.985799684e+02 -2.2078e+00 +2.0943e+00 +2.8606e+00 +4.2840e+00 -4.1321e+00
140 0 +2.604063035e+01 -1.999693696e+02 -1.999693696e+02 -1.5360e+00 +4.1002e+00 +4.2499e+00 +1.7014e+00 -4.9945e+00
150 0 +2.335719245e+01 -2.026528075e+02 -2.026528075e+02 -5.2528e-01 +8.8197e-01 +4.5862e+00 +4.2558e+00 -4.3934e+00
152 0 +2.132889402e+01 -2.046811060e+02 -2.046811060e+02 -2.1845e+00 +4.5560e-01 +4.0408e+00 +4.6650e+00 -4.4485e+00
153 0 +1.937724393e+01 -2.066327561e+02 -2.066327561e+02 -1.5421e+00 +2.7985e-01 +4.0288e+00 +4.6477e+00 -4.7527e+00
184 0 +1.893798537e+01 -2.070720146e+02 -2.070720146e+02 -1.6948e+00 +2.0787e+00 +3.5897e+00 +4.7074e+00 -4.5668e+00
203 0 +1.116154602e+01 -2.148484540e+02 -2.148484540e+02 -3.3789e+00 +3.6764e+00 +3.2104e+00 +4.7686e+00 -4.9774e+00
226 0 +4.457173561e+00 -2.215528264e+02 -2.215528264e+02 -4.2844e+00 +3.8253e+00 +4.8367e+00 +4.8931e+00 -4.9465e+00
384 0 +3.784856822e+00 -2.222251432e+02 -2.222251432e+02 -4.4711e+00 +4.6424e+00 +4.9382e+00 +4.9054e+00 -4.8108e+00
401 0 +3.227290412e+00 -2.227827096e+02 -2.227827096e+02 -4.7693e+00 +4.4912e+00 +4.7628e+00 +4.9095e+00 -4.9167e+00
453 0 +3.075642386e+00 -2.229343576e+02 -2.229343576e+02 -4.7054e+00 +4.9964e+00 +4.5957e+00 +4.9213e+00 -4.8946e+00
454 0 +2.577946815e+00 -2.234320532e+02 -2.234320532e+02 -4.6162e+00 +4.8163e+00 +4.5733e+00 +4.9362e+00 -4.9840e+00
501 0 +2.321200864e+00 -2.236887991e+02 -2.236887991e+02 -4.4838e+00 +4.7776e+00 +4.6264e+00 +4.9895e+00 -4.9831e+00
504 0 +2.228713279e+00 -2.237812867e+02 -2.237812867e+02 -4.7159e+00 +4.6719e+00 +4.8086e+00 +4.9659e+00 -4.9436e+00
519 0 +1.511916856e+00 -2.244980831e+02 -2.244980831e+02 -4.6948e+00 +4.9319e+00 +4.9566e+00 +4.9270e+00 -4.9462e+00
527 0 +6.839367084e-01 -2.253260633e+02 -2.253260633e+02 -4.8150e+00 +4.9552e+00 +4.9937e+00 +4.9444e+00 -4.9913e+00
552 0 +6.698650050e-01 -2.253401350e+02 -2.253401350e+02 -4.7538e+00 +4.9038e+00 +4.9835e+00 +4.9815e+00 -4.9904e+00
676 0 +3.596829069e-01 -2.256503171e+02 -2.256503171e+02 -4.9361e+00 +4.9709e+00 +4.9372e+00 +4.9960e+00 -4.9977e+00
788 0 +3.179781816e-01 -2.256920218e+02 -2.256920218e+02 -4.9963e+00 +4.9971e+00 +4.9885e+00 +4.9667e+00 -4.9914e+00
801 0 +2.522250455e-01 -2.257577750e+02 -2.257577750e+02 -4.9158e+00 +4.9767e+00 +4.9704e+00 +4.9951e+00 -4.9995e+00
807 0 +1.589039226e-01 -2.258510961e+02 -2.258510961e+02 -4.9614e+00 +4.9933e+00 +4.9978e+00 +4.9999e+00 -4.9899e+00
877 0 +1.532999177e-01 -2.258567001e+02 -2.258567001e+02 -4.9466e+00 +4.9841e+00 +4.9924e+00 +4.9921e+00 -4.9997e+00
880 0 +1.357093343e-01 -2.258742907e+02 -2.258742907e+02 -4.9461e+00 +4.9819e+00 +4.9981e+00 +4.9977e+00 -4.9969e+00
886 0 +1.213701782e-01 -2.258886298e+02 -2.258886298e+02 -4.9991e+00 +4.9994e+00 +4.9881e+00 +4.9922e+00 -4.9962e+00
904 0 +8.371198798e-02 -2.259262880e+02 -2.259262880e+02 -4.9481e+00 +4.9949e+00 +4.9977e+00 +4.9975e+00 -4.9999e+00
963 0 +7.555477158e-02 -2.259344452e+02 -2.259344452e+02 -4.9805e+00 +4.9976e+00 +4.9937e+00 +4.9964e+00 -4.9989e+00
1004 0 +4.938213370e-02 -2.259606179e+02 -2.259606179e+02 -4.9823e+00 +4.9936e+00 +4.9944e+00 +4.9999e+00 -4.9998e+00
1030 0 +4.499679744e-02 -2.259650032e+02 -2.259650032e+02 -4.9704e+00 +4.9986e+00 +4.9996e+00 +4.9986e+00 -4.9996e+00
1076 0 +4.189668121e-02 -2.259681033e+02 -2.259681033e+02 -4.9744e+00 +4.9966e+00 +4.9994e+00 +4.9990e+00 -4.9997e+00
1101 0 +4.178101589e-02 -2.259682190e+02 -2.259682190e+02 -4.9771e+00 +4.9972e+00 +4.9978e+00 +4.9997e+00 -4.9995e+00
1102 0 +3.264274538e-02 -2.259773573e+02 -2.259773573e+02 -4.9852e+00 +4.9976e+00 +4.9967e+00 +4.9997e+00 -4.9999e+00
1153 0 +3.051607184e-02 -2.259794839e+02 -2.259794839e+02 -4.9843e+00 +4.9980e+00 +4.9982e+00 +4.9996e+00 -4.9996e+00
1155 0 +1.735673352e-02 -2.259926433e+02 -2.259926433e+02 -4.9952e+00 +4.9993e+00 +4.9988e+00 +4.9997e+00 -4.9994e+00
1188 0 +8.440671341e-03 -2.260015593e+02 -2.260015593e+02 -4.9986e+00 +4.9990e+00 +4.9992e+00 +4.9996e+00 -5.0000e+00
% f evaluations | g evaluations | best noise-free fitness - Fopt (1.000000000000e+03) + sum g_i+ | measured fitness | best measured fitness or single-digit g-values | x1 | x2...
1 0 +9.565171027e+01 +1.095651710e+03 +1.095651710e+03 +5.9671e-01 -3.8264e-02 +7.4769e-01 +1.6230e+00 -1.3415e-01
9 0 +9.557090306e+01 +1.095570903e+03 +1.095570903e+03 +8.3847e-01 +2.7137e-01 -1.5648e-02 -2.0110e-01 -1.3785e+00
10 0 +8.505713161e+01 +1.085057132e+03 +1.085057132e+03 -6.1984e-01 -3.6064e-01 +1.1571e+00 +4.4362e-01 -1.6630e+00
15 0 +7.060699440e+01 +1.070606994e+03 +1.070606994e+03 +4.6140e-01 +1.6380e+00 +6.4174e-02 +1.6646e+00 -2.5197e+00
26 0 +5.629452150e+01 +1.056294521e+03 +1.056294521e+03 -8.7241e-01 +1.3749e+00 -5.4896e-01 +1.1230e+00 -4.3629e+00
28 0 +5.550089300e+01 +1.055500893e+03 +1.055500893e+03 -1.6823e-01 -7.4993e-01 +1.6045e-01 +3.8597e+00 -3.1272e+00
32 0 +5.458848116e+01 +1.054588481e+03 +1.054588481e+03 -3.7133e-01 +3.0055e+00 +2.7334e+00 +1.2669e+00 -3.1747e+00
39 0 +5.358142429e+01 +1.053581424e+03 +1.053581424e+03 -8.1612e-01 +8.2233e-01 -4.5342e-01 +4.0028e+00 -3.0884e+00
51 0 +4.755580229e+01 +1.047555802e+03 +1.047555802e+03 -1.4087e+00 +6.4323e-01 -2.5221e+00 +3.3992e+00 -4.6572e+00
54 0 +3.599834104e+01 +1.035998341e+03 +1.035998341e+03 -1.4522e+00 +5.8527e-01 +4.7071e+00 +2.0837e+00 -4.2726e+00
57 0 +3.569198138e+01 +1.035691981e+03 +1.035691981e+03 -2.2877e+00 +7.6514e-01 +2.3656e+00 +3.8872e+00 -3.9139e+00
78 0 +3.549707112e+01 +1.035497071e+03 +1.035497071e+03 -1.0175e+00 +3.1160e+00 +3.1933e+00 +4.6652e+00 -2.9431e+00
80 0 +3.318752540e+01 +1.033187525e+03 +1.033187525e+03 -2.9541e+00 +4.6318e+00 +1.8498e+00 +1.3731e+00 -4.9870e+00
101 0 +3.288846798e+01 +1.032888468e+03 +1.032888468e+03 -9.0905e-01 +1.0735e+00 +1.9798e+00 +2.9786e+00 -4.9103e+00
105 0 +3.088387213e+01 +1.030883872e+03 +1.030883872e+03 -2.6683e+00 -1.1111e+00 +1.0467e+00 +4.8610e+00 -4.5598e+00
114 0 +2.780906840e+01 +1.027809068e+03 +1.027809068e+03 -3.1847e+00 +3.5548e+00 +4.5050e+00 +3.1420e+00 -3.8590e+00
124 0 +2.757510636e+01 +1.027575106e+03 +1.027575106e+03 +8.0502e-01 +2.4681e+00 +8.2881e-01 +4.6584e+00 -4.7844e+00
129 0 +2.743003164e+01 +1.027430032e+03 +1.027430032e+03 -2.2078e+00 +2.0943e+00 +2.8606e+00 +4.2840e+00 -4.1321e+00
140 0 +2.604063035e+01 +1.026040630e+03 +1.026040630e+03 -1.5360e+00 +4.1002e+00 +4.2499e+00 +1.7014e+00 -4.9945e+00
150 0 +2.335719245e+01 +1.023357192e+03 +1.023357192e+03 -5.2528e-01 +8.8197e-01 +4.5862e+00 +4.2558e+00 -4.3934e+00
152 0 +2.132889402e+01 +1.021328894e+03 +1.021328894e+03 -2.1845e+00 +4.5560e-01 +4.0408e+00 +4.6650e+00 -4.4485e+00
153 0 +1.937724393e+01 +1.019377244e+03 +1.019377244e+03 -1.5421e+00 +2.7985e-01 +4.0288e+00 +4.6477e+00 -4.7527e+00
184 0 +1.893798537e+01 +1.018937985e+03 +1.018937985e+03 -1.6948e+00 +2.0787e+00 +3.5897e+00 +4.7074e+00 -4.5668e+00
203 0 +1.116154602e+01 +1.011161546e+03 +1.011161546e+03 -3.3789e+00 +3.6764e+00 +3.2104e+00 +4.7686e+00 -4.9774e+00
226 0 +4.457173561e+00 +1.004457174e+03 +1.004457174e+03 -4.2844e+00 +3.8253e+00 +4.8367e+00 +4.8931e+00 -4.9465e+00
384 0 +3.784856822e+00 +1.003784857e+03 +1.003784857e+03 -4.4711e+00 +4.6424e+00 +4.9382e+00 +4.9054e+00 -4.8108e+00
401 0 +3.227290412e+00 +1.003227290e+03 +1.003227290e+03 -4.7693e+00 +4.4912e+00 +4.7628e+00 +4.9095e+00 -4.9167e+00
453 0 +3.075642386e+00 +1.003075642e+03 +1.003075642e+03 -4.7054e+00 +4.9964e+00 +4.5957e+00 +4.9213e+00 -4.8946e+00
454 0 +2.577946815e+00 +1.002577947e+03 +1.002577947e+03 -4.6162e+00 +4.8163e+00 +4.5733e+00 +4.9362e+00 -4.9840e+00
501 0 +2.321200864e+00 +1.002321201e+03 +1.002321201e+03 -4.4838e+00 +4.7776e+00 +4.6264e+00 +4.9895e+00 -4.9831e+00
504 0 +2.228713279e+00 +1.002228713e+03 +1.002228713e+03 -4.7159e+00 +4.6719e+00 +4.8086e+00 +4.9659e+00 -4.9436e+00
519 0 +1.511916856e+00 +1.001511917e+03 +1.001511917e+03 -4.6948e+00 +4.9319e+00 +4.9566e+00 +4.9270e+00 -4.9462e+00
527 0 +6.839367084e-01 +1.000683937e+03 +1.000683937e+03 -4.8150e+00 +4.9552e+00 +4.9937e+00 +4.9444e+00 -4.9913e+00
552 0 +6.698650050e-01 +1.000669865e+03 +1.000669865e+03 -4.7538e+00 +4.9038e+00 +4.9835e+00 +4.9815e+00 -4.9904e+00
676 0 +3.596829069e-01 +1.000359683e+03 +1.000359683e+03 -4.9361e+00 +4.9709e+00 +4.9372e+00 +4.9960e+00 -4.9977e+00
788 0 +3.179781816e-01 +1.000317978e+03 +1.000317978e+03 -4.9963e+00 +4.9971e+00 +4.9885e+00 +4.9667e+00 -4.9914e+00
801 0 +2.522250455e-01 +1.000252225e+03 +1.000252225e+03 -4.9158e+00 +4.9767e+00 +4.9704e+00 +4.9951e+00 -4.9995e+00
807 0 +1.589039226e-01 +1.000158904e+03 +1.000158904e+03 -4.9614e+00 +4.9933e+00 +4.9978e+00 +4.9999e+00 -4.9899e+00
877 0 +1.532999177e-01 +1.000153300e+03 +1.000153300e+03 -4.9466e+00 +4.9841e+00 +4.9924e+00 +4.9921e+00 -4.9997e+00
880 0 +1.357093343e-01 +1.000135709e+03 +1.000135709e+03 -4.9461e+00 +4.9819e+00 +4.9981e+00 +4.9977e+00 -4.9969e+00
886 0 +1.213701782e-01 +1.000121370e+03 +1.000121370e+03 -4.9991e+00 +4.9994e+00 +4.9881e+00 +4.9922e+00 -4.9962e+00
904 0 +8.371198798e-02 +1.000083712e+03 +1.000083712e+03 -4.9481e+00 +4.9949e+00 +4.9977e+00 +4.9975e+00 -4.9999e+00
963 0 +7.555477158e-02 +1.000075555e+03 +1.000075555e+03 -4.9805e+00 +4.9976e+00 +4.9937e+00 +4.9964e+00 -4.9989e+00
1004 0 +4.938213370e-02 +1.000049382e+03 +1.000049382e+03 -4.9823e+00 +4.9936e+00 +4.9944e+00 +4.9999e+00 -4.9998e+00
1030 0 +4.499679744e-02 +1.000044997e+03 +1.000044997e+03 -4.9704e+00 +4.9986e+00 +4.9996e+00 +4.9986e+00 -4.9996e+00
1076 0 +4.189668121e-02 +1.000041897e+03 +1.000041897e+03 -4.9744e+00 +4.9966e+00 +4.9994e+00 +4.9990e+00 -4.9997e+00
1101 0 +4.178101589e-02 +1.000041781e+03 +1.000041781e+03 -4.9771e+00 +4.9972e+00 +4.9978e+00 +4.9997e+00 -4.9995e+00
1102 0 +3.264274538e-02 +1.000032643e+03 +1.000032643e+03 -4.9852e+00 +4.9976e+00 +4.9967e+00 +4.9997e+00 -4.9999e+00
1153 0 +3.051607184e-02 +1.000030516e+03 +1.000030516e+03 -4.9843e+00 +4.9980e+00 +4.9982e+00 +4.9996e+00 -4.9996e+00
1156 0 +1.735673352e-02 +1.000017357e+03 +1.000017357e+03 -4.9952e+00 +4.9993e+00 +4.9988e+00 +4.9997e+00 -4.9994e+00
1187 0 +8.440671341e-03 +1.000008441e+03 +1.000008441e+03 -4.9986e+00 +4.9990e+00 +4.9992e+00 +4.9996e+00 -5.0000e+00
% f evaluations | g evaluations | best noise-free fitness - Fopt (-1.830200000000e+02) + sum g_i+ | measured fitness | best measured fitness or single-digit g-values | x1 | x2...
1 0 +1.173049255e+02 -6.571507455e+01 -6.571507455e+01 +5.9671e-01 -3.8264e-02 +7.4769e-01 +1.6230e+00 -1.3415e-01
3 0 +8.216827678e+01 -1.008517232e+02 -1.008517232e+02 -3.6342e-01 -3.6573e-01 +3.4196e-01 -1.8133e+00 -1.6249e+00
26 0 +6.967032890e+01 -1.133496711e+02 -1.133496711e+02 +7.1256e-02 -9.5506e-01 -2.7561e-01 -1.4545e+00 -2.7329e+00
28 0 +5.755922175e+01 -1.254607782e+02 -1.254607782e+02 +1.5472e+00 -8.5716e-01 -1.0887e+00 -1.3509e+00 -3.6150e+00
51 0 +3.837013951e+01 -1.446498605e+02 -1.446498605e+02 +4.5681e-01 -1.7392e+00 -1.3723e+00 -2.2254e+00 -4.9046e+00
59 0 +3.511500145e+01 -1.479049986e+02 -1.479049986e+02 +5.3303e-01 -2.7339e+00 -4.8221e+00 -1.1878e+00 -4.5382e+00
77 0 +3.481590542e+01 -1.482040946e+02 -1.482040946e+02 +2.6484e+00 -2.0633e+00 +5.0143e-01 -4.3906e+00 -4.3582e+00
79 0 +2.697821097e+01 -1.560417890e+02 -1.560417890e+02 +1.8773e+00 +9.0922e-01 -3.0671e+00 -4.5612e+00 -4.5233e+00
101 0 +2.262293638e+01 -1.603970636e+02 -1.603970636e+02 +3.4933e+00 -2.2164e-01 -2.5636e+00 -4.6918e+00 -4.6819e+00
154 0 +8.394160323e+00 -1.746258397e+02 -1.746258397e+02 +3.2933e+00 -2.7401e+00 -4.6439e+00 -4.8012e+00 -4.9575e+00
280 0 +8.259683491e+00 -1.747603165e+02 -1.747603165e+02 +4.5919e+00 -4.0428e+00 -3.4911e+00 -4.8714e+00 -4.9345e+00
301 0 +7.106758908e+00 -1.759132411e+02 -1.759132411e+02 +3.5509e+00 -3.4998e+00 -4.8150e+00 -4.9292e+00 -4.7993e+00
351 0 +5.053308874e+00 -1.779666911e+02 -1.779666911e+02 +3.3127e+00 -3.8231e+00 -4.8574e+00 -4.9974e+00 -4.9192e+00
364 0 +5.019002207e+00 -1.780009978e+02 -1.780009978e+02 +4.8488e+00 -4.9949e+00 -4.5247e+00 -4.6339e+00 -4.8703e+00
426 0 +3.573237882e+00 -1.794467621e+02 -1.794467621e+02 +4.6036e+00 -4.9119e+00 -4.6890e+00 -4.8162e+00 -4.8997e+00
433 0 +3.144819673e+00 -1.798751803e+02 -1.798751803e+02 +4.3737e+00 -4.5394e+00 -4.7495e+00 -4.8789e+00 -4.9774e+00
453 0 +2.796487021e+00 -1.802235130e+02 -1.802235130e+02 +4.7757e+00 -4.9429e+00 -4.9749e+00 -4.7888e+00 -4.8796e+00
477 0 +2.537455319e+00 -1.804825447e+02 -1.804825447e+02 +4.4410e+00 -4.4435e+00 -4.8604e+00 -4.9510e+00 -4.9728e+00
504 0 +2.133897080e+00 -1.808861029e+02 -1.808861029e+02 +4.5941e+00 -4.8973e+00 -4.6495e+00 -4.9666e+00 -4.9751e+00
526 0 +9.846499805e-01 -1.820353500e+02 -1.820353500e+02 +4.9308e+00 -4.8450e+00 -4.9929e+00 -4.9998e+00 -4.9384e+00
601 0 +7.410200965e-01 -1.822789799e+02 -1.822789799e+02 +4.8056e+00 -4.9342e+00 -4.9611e+00 -4.9942e+00 -4.9726e+00
627 0 +7.075283284e-01 -1.823124717e+02 -1.823124717e+02 +4.7562e+00 -4.9449e+00 -4.9841e+00 -4.9824e+00 -4.9783e+00
651 0 +5.778107959e-01 -1.824421892e+02 -1.824421892e+02 +4.7963e+00 -4.9032e+00 -4.9795e+00 -4.9945e+00 -4.9894e+00
676 0 +5.506690598e-01 -1.824693309e+02 -1.824693309e+02 +4.7855e+00 -4.9358e+00 -4.9741e+00 -4.9804e+00 -4.9970e+00
702 0 +4.824665166e-01 -1.825375335e+02 -1.825375335e+02 +4.9830e+00 -4.9249e+00 -4.9780e+00 -5.0000e+00 -4.9738e+00
708 0 +4.782471969e-01 -1.825417528e+02 -1.825417528e+02 +4.9344e+00 -4.9628e+00 -4.9767e+00 -4.9701e+00 -4.9895e+00
727 0 +4.767480681e-01 -1.825432519e+02 -1.825432519e+02 +4.9717e+00 -4.9367e+00 -4.9372e+00 -4.9961e+00 -4.9885e+00
751 0 +3.309086055e-01 -1.826890914e+02 -1.826890914e+02 +4.9826e+00 -4.9822e+00 -4.9368e+00 -4.9980e+00 -4.9929e+00
754 0 +2.096701459e-01 -1.828103299e+02 -1.828103299e+02 +4.9546e+00 -4.9983e+00 -4.9945e+00 -4.9865e+00 -4.9932e+00
857 0 +2.057416498e-01 -1.828142584e+02 -1.828142584e+02 +4.9615e+00 -4.9531e+00 -4.9827e+00 -4.9951e+00 -4.9998e+00
879 0 +2.005797511e-01 -1.828194202e+02 -1.828194202e+02 +4.9693e+00 -4.9750e+00 -4.9988e+00 -4.9970e+00 -4.9896e+00
890 0 +1.874301904e-01 -1.828325698e+02 -1.828325698e+02 +4.9969e+00 -4.9894e+00 -4.9984e+00 -4.9983e+00 -4.9849e+00
901 0 +1.313558543e-01 -1.828886441e+02 -1.828886441e+02 +4.9872e+00 -4.9991e+00 -4.9831e+00 -4.9965e+00 -4.9956e+00
972 0 +1.086585963e-01 -1.829113414e+02 -1.829113414e+02 +4.9969e+00 -4.9864e+00 -4.9985e+00 -4.9925e+00 -4.9965e+00
978 0 +1.078342084e-01 -1.829121658e+02 -1.829121658e+02 +4.9891e+00 -4.9917e+00 -4.9991e+00 -4.9941e+00 -4.9954e+00
988 0 +9.319196063e-02 -1.829268080e+02 -1.829268080e+02 +4.9997e+00 -4.9817e+00 -4.9937e+00 -4.9939e+00 -4.9994e+00
1004 0 +6.680272480e-02 -1.829531973e+02 -1.829531973e+02 +4.9910e+00 -4.9991e+00 -4.9994e+00 -4.9949e+00 -4.9974e+00
1028 0 +6.411860064e-02 -1.829558814e+02 -1.829558814e+02 +4.9838e+00 -4.9932e+00 -4.9994e+00 -4.9965e+00 -4.9986e+00
1052 0 +5.702761285e-02 -1.829629724e+02 -1.829629724e+02 +4.9980e+00 -4.9989e+00 -4.9971e+00 -4.9981e+00 -4.9967e+00
1077 0 +4.963783114e-02 -1.829703622e+02 -1.829703622e+02 +4.9970e+00 -4.9971e+00 -4.9953e+00 -4.9981e+00 -4.9984e+00
1079 0 +4.806896457e-02 -1.829719310e+02 -1.829719310e+02 +4.9886e+00 -4.9983e+00 -4.9996e+00 -4.9997e+00 -4.9969e+00
1102 0 +2.984287310e-02 -1.829901571e+02 -1.829901571e+02 +4.9978e+00 -4.9964e+00 -4.9997e+00 -4.9970e+00 -4.9997e+00
1103 0 +2.232107159e-02 -1.829976789e+02 -1.829976789e+02 +4.9990e+00 -4.9999e+00 -4.9987e+00 -4.9982e+00 -4.9993e+00
1205 0 +1.118928160e-02 -1.830088107e+02 -1.830088107e+02 +4.9968e+00 -5.0000e+00 -4.9989e+00 -4.9997e+00 -4.9997e+00
% f evaluations | g evaluations | best noise-free fitness - Fopt (-1.026200000000e+02) + sum g_i+ | measured fitness | best measured fitness or single-digit g-values | x1 | x2...
1 0 +1.211814213e+02 +1.856142126e+01 +1.856142126e+01 +5.9671e-01 -3.8264e-02 +7.4769e-01 +1.6230e+00 -1.3415e-01
2 0 +1.049115861e+02 +2.291586100e+00 +2.291586100e+00 -1.3414e-01 +1.6792e+00 +8.6743e-01 -3.6947e-01 +6.4256e-01
7 0 +9.645233344e+01 -6.167666560e+00 -6.167666560e+00 -5.0171e-01 +1.9523e+00 +8.6503e-02 -9.5771e-01 +9.2254e-01
8 0 +9.149225038e+01 -1.112774962e+01 -1.112774962e+01 -1.1208e+00 +3.0886e-01 -1.8597e+00 -1.2282e+00 +2.9686e-01
13 0 +8.881636009e+01 -1.380363991e+01 -1.380363991e+01 -3.7917e-01 -8.5659e-02 -1.0063e+00 -1.0962e+00 +9.1253e-01
26 0 +8.660644308e+01 -1.601355692e+01 -1.601355692e+01 -4.5012e-01 +6.4976e-01 -5.7178e-01 -1.8419e+00 +9.7528e-01
27 0 +8.477348488e+01 -1.784651512e+01 -1.784651512e+01 -3.9709e-01 +2.6519e+00 -1.2970e+00 -2.1018e+00 +1.1444e+00
28 0 +6.622577222e+01 -3.639422778e+01 -3.639422778e+01 -6.2391e-01 +6.2765e-01 -1.7424e+00 -2.0117e+00 +2.5264e+00
41 0 +6.229611460e+01 -4.032388540e+01 -4.032388540e+01 -1.3161e+00 -9.2303e-01 -5.5901e-01 -2.7211e+00 +2.5497e+00
52 0 +3.660751951e+01 -6.601248049e+01 -6.601248049e+01 -2.3592e+00 +8.2313e-02 -1.6670e+00 -3.7790e+00 +4.2477e+00
54 0 +3.564526855e+01 -6.697473145e+01 -6.697473145e+01 -5.5483e-02 +9.0283e-01 -3.3558e+00 -2.8302e+00 +4.7198e+00
55 0 +3.416224430e+01 -6.845775570e+01 -6.845775570e+01 +1.2745e+00 -2.6405e-01 -4.1103e+00 -3.6524e+00 +4.0926e+00
76 0 +1.969103209e+01 -8.292896791e+01 -8.292896791e+01 -4.6343e+00 -3.1453e+00 -3.2964e+00 -4.8731e+00 +4.0074e+00
153 0 +1.562392497e+01 -8.699607503e+01 -8.699607503e+01 -3.1408e+00 -1.6125e+00 -3.5755e+00 -4.5026e+00 +4.9561e+00
176 0 +1.056073604e+01 -9.205926396e+01 -9.205926396e+01 -4.8927e+00 -4.9838e+00 -4.1216e+00 -4.3539e+00 +4.5986e+00
252 0 +9.844398931e+00 -9.277560107e+01 -9.277560107e+01 -1.1473e+00 -4.8156e+00 -4.4684e+00 -4.8560e+00 +4.6827e+00
305 0 +9.274642462e+00 -9.334535754e+01 -9.334535754e+01 -1.8494e+00 -4.5516e+00 -4.9346e+00 -4.6743e+00 +4.6712e+00
326 0 +8.712505923e+00 -9.390749408e+01 -9.390749408e+01 -1.3931e+00 -4.2605e+00 -4.8073e+00 -4.8866e+00 +4.7456e+00
328 0 +6.868584600e+00 -9.575141540e+01 -9.575141540e+01 -2.1787e+00 -4.4357e+00 -4.4848e+00 -4.8639e+00 +4.9351e+00
351 0 +6.305541642e+00 -9.631445836e+01 -9.631445836e+01 -2.7145e+00 -4.3785e+00 -4.5464e+00 -4.8749e+00 +4.9223e+00
395 0 +6.254780506e+00 -9.636521949e+01 -9.636521949e+01 -2.0425e+00 -4.6968e+00 -4.4893e+00 -4.8642e+00 +4.9620e+00
402 0 +6.229757140e+00 -9.639024286e+01 -9.639024286e+01 -2.1860e+00 -4.3947e+00 -4.5445e+00 -4.8439e+00 +4.9979e+00
405 0 +5.798065464e+00 -9.682193454e+01 -9.682193454e+01 -2.2731e+00 -3.9880e+00 -4.9290e+00 -4.8550e+00 +4.9769e+00
410 0 +5.200661158e+00 -9.741933884e+01 -9.741933884e+01 -2.1896e+00 -4.7581e+00 -4.6568e+00 -4.9564e+00 +4.9371e+00
453 0 +5.041158407e+00 -9.757884159e+01 -9.757884159e+01 -2.3560e+00 -4.9018e+00 -4.6727e+00 -4.8312e+00 +4.9761e+00
476 0 +4.831999379e+00 -9.778800062e+01 -9.778800062e+01 -2.5843e+00 -4.9813e+00 -4.7279e+00 -4.8672e+00 +4.9224e+00
477 0 +3.861022981e+00 -9.875897702e+01 -9.875897702e+01 -2.3140e+00 -4.8665e+00 -4.8717e+00 -4.9787e+00 +4.9588e+00
501 0 +3.425452641e+00 -9.919454736e+01 -9.919454736e+01 -2.3781e+00 -4.7306e+00 -4.9797e+00 -4.9770e+00 +4.9869e+00
527 0 +3.284707524e+00 -9.933529248e+01 -9.933529248e+01 -2.3284e+00 -4.9451e+00 -4.9884e+00 -4.9895e+00 +4.9580e+00
576 0 +3.215837876e+00 -9.940416212e+01 -9.940416212e+01 -2.3894e+00 -4.9169e+00 -4.9405e+00 -4.9801e+00 +4.9843e+00
580 0 +2.632695291e+00 -9.998730471e+01 -9.998730471e+01 -2.8538e+00 -4.9335e+00 -4.9527e+00 -4.9934e+00 +4.9818e+00
677 0 +2.596700809e+00 -1.000232992e+02 -1.000232992e+02 -2.9729e+00 -4.9611e+00 -4.8894e+00 -4.9901e+00 +4.9905e+00
678 0 +2.460853409e+00 -1.001591466e+02 -1.001591466e+02 -2.9981e+00 -4.8695e+00 -4.9933e+00 -4.9944e+00 +4.9826e+00
703 0 +2.165685665e+00 -1.004543143e+02 -1.004543143e+02 -3.4085e+00 -4.9389e+00 -4.9214e+00 -4.9863e+00 +4.9860e+00
803 0 +1.190467408e+00 -1.014295326e+02 -1.014295326e+02 -4.4884e+00 -4.9240e+00 -4.9101e+00 -4.9584e+00 +4.9975e+00
905 0 +8.379561819e-01 -1.017820438e+02 -1.017820438e+02 -4.9562e+00 -4.8752e+00 -4.9875e+00 -4.9522e+00 +4.9736e+00
976 0 +6.925654647e-01 -1.019274345e+02 -1.019274345e+02 -4.8827e+00 -4.8210e+00 -4.9782e+00 -4.9984e+00 +4.9821e+00
1003 0 +4.452379159e-01 -1.021747621e+02 -1.021747621e+02 -4.9259e+00 -4.9962e+00 -4.9724e+00 -4.9837e+00 +4.9814e+00
1056 0 +4.399063864e-01 -1.021800936e+02 -1.021800936e+02 -4.8874e+00 -4.9069e+00 -4.9985e+00 -4.9903e+00 +4.9897e+00
1079 0 +4.337809549e-01 -1.021862190e+02 -1.021862190e+02 -4.9212e+00 -4.9660e+00 -4.9808e+00 -4.9850e+00 +4.9850e+00
1081 0 +3.677106188e-01 -1.022522894e+02 -1.022522894e+02 -4.9366e+00 -4.9466e+00 -4.9942e+00 -4.9820e+00 +4.9910e+00
1082 0 +2.751001924e-01 -1.023448998e+02 -1.023448998e+02 -4.9562e+00 -4.9380e+00 -4.9974e+00 -4.9814e+00 +4.9992e+00
1101 0 +2.191264965e-01 -1.024008735e+02 -1.024008735e+02 -4.9607e+00 -4.9666e+00 -4.9682e+00 -4.9968e+00 +4.9998e+00
1126 0 +1.679260628e-01 -1.024520739e+02 -1.024520739e+02 -4.9824e+00 -4.9784e+00 -4.9962e+00 -4.9851e+00 +4.9984e+00
1226 0 +1.119798724e-01 -1.025080201e+02 -1.025080201e+02 -4.9646e+00 -4.9841e+00 -4.9924e+00 -4.9958e+00 +4.9999e+00
