% f evaluations | g evaluations | best noise-free fitness - Fopt (-5.494000000000e+01) + sum g_i+ | measured fitness | best measured fitness or single-digit g-values | x1 | x2...
1 0 +9.852913834e+06 +9.852858894e+06 +9.852858894e+06 +5.9671e-01 -3.8264e-02 +7.4769e-01 +1.6230e+00 -1.3415e-01
2 0 +2.715223623e+06 +2.715168683e+06 +2.715168683e+06 -1.3414e-01 +1.6792e+00 +8.6743e-01 -3.6947e-01 +6.4256e-01
7 0 +9.085897748e+05 +9.085348348e+05 +9.085348348e+05 -5.0171e-01 +1.9523e+00 +8.6503e-02 -9.5771e-01 +9.2254e-01
8 0 +5.441882390e+05 +5.441332990e+05 +5.441332990e+05 -1.1208e+00 +3.0886e-01 -1.8597e+00 -1.2282e+00 +2.9686e-01
26 0 +4.174776798e+05 +4.174227398e+05 +4.174227398e+05 -2.1985e+00 +1.6613e+00 -9.5922e-01 +8.7760e-01 +9.2282e-01
35 0 +1.951368862e+05 +1.950819462e+05 +1.950819462e+05 -1.7768e+00 +1.4451e+00 -2.9946e-01 +7.5243e-01 +5.1103e-01
42 0 +1.260247017e+05 +1.259697617e+05 +1.259697617e+05 -1.1033e-01 +1.7165e+00 -2.1670e+00 -6.1554e-02 +1.3820e+00
52 0 +8.091945318e+04 +8.086451318e+04 +8.086451318e+04 -2.4412e+00 +7.9311e-01 +5.7644e-01 +1.6630e+00 +1.3181e+00
59 0 +5.540789267e+04 +5.535295267e+04 +5.535295267e+04 -2.7031e-01 +1.1637e+00 -1.5959e+00 +6.0729e-01 +2.6210e+00
84 0 +1.286936697e+04 +1.281442697e+04 +1.281442697e+04 -1.7929e+00 +1.6750e+00 +1.3480e+00 +2.3357e+00 +2.8134e+00
267 0 +1.000885635e+04 +9.953916350e+03 +9.953916350e+03 -5.7161e-01 +1.1812e+00 +7.4578e-01 +1.7193e+00 +4.5603e+00
356 0 +9.443710775e+03 +9.388770775e+03 +9.388770775e+03 -1.0288e+00 +2.2315e+00 +1.6335e+00 +2.0990e+00 +3.9281e+00
452 0 +9.215656330e+03 +9.160716330e+03 +9.160716330e+03 -1.2253e+00 +2.4582e+00 +2.0603e+00 +2.3074e+00 +3.9601e+00
477 0 +7.720400309e+03 +7.665460309e+03 +7.665460309e+03 -1.1398e+00 +2.1836e+00 +1.9210e+00 +2.2592e+00 +4.1050e+00
508 0 +6.904751746e+03 +6.849811746e+03 +6.849811746e+03 -1.2515e+00 +1.9798e+00 +1.7455e+00 +2.4132e+00 +3.9933e+00
530 0 +6.429180014e+03 +6.374240014e+03 +6.374240014e+03 -1.1687e+00 +1.7859e+00 +1.3469e+00 +2.2905e+00 +3.8446e+00
606 0 +5.593568207e+03 +5.538628207e+03 +5.538628207e+03 -1.9925e+00 +1.3487e+00 +2.1139e+00 +3.2320e+00 +3.6667e+00
608 0 +4.660930680e+03 +4.605990680e+03 +4.605990680e+03 -1.6860e+00 +1.0361e+00 +2.3291e+00 +2.5562e+00 +4.5310e+00
646 0 +3.616351155e+03 +3.561411155e+03 +3.561411155e+03 -2.2492e+00 +6.9593e-01 +2.6948e+00 +3.0264e+00 +4.1867e+00
696 0 +3.264025659e+03 +3.209085659e+03 +3.209085659e+03 -3.0521e+00 +9.3563e-01 +3.2408e+00 +3.6661e+00 +3.2389e+00
766 0 +2.364576835e+03 +2.309636835e+03 +2.309636835e+03 -3.3412e+00 +1.3109e+00 +4.2296e+00 +4.0206e+00 +3.4804e+00
771 0 +1.960071022e+03 +1.905131022e+03 +1.905131022e+03 -3.0512e+00 +9.2849e-01 +4.0198e+00 +3.7458e+00 +4.0002e+00
814 0 +1.425055764e+03 +1.370115764e+03 +1.370115764e+03 -3.5364e+00 +8.2153e-01 +4.1775e+00 +4.2890e+00 +3.4925e+00
831 0 +1.229098807e+03 +1.174158807e+03 +1.174158807e+03 -3.9372e+00 +6.0473e-01 +4.2666e+00 +4.6069e+00 +3.0503e+00
884 0 +2.685796311e+02 +2.136396311e+02 +2.136396311e+02 -1.3987e+00 -6.5389e-01 +3.3232e-01 +2.9830e+00 +4.4213e+00
1035 0 +1.353316404e+02 +8.039164045e+01 +8.039164045e+01 -3.1735e+00 -1.7941e+00 -1.8230e+00 +4.5447e+00 +1.9860e-01
1163 0 +1.306910814e+02 +7.575108138e+01 +7.575108138e+01 -1.9772e+00 -9.0989e-01 +2.9646e-01 +3.4096e+00 +3.6198e+00
1220 0 +1.133561179e+02 +5.841611789e+01 +5.841611789e+01 -1.0875e+00 -1.4662e+00 -1.0711e+00 +2.8231e+00 +4.1768e+00
% f evaluations | g evaluations | best noise-free fitness - Fopt (5.913000000000e+01) + sum g_i+ | measured fitness | best measured fitness or single-digit g-values | x1 | x2...
1 0 +2.845916884e+06 +2.845976014e+06 +2.845976014e+06 +5.9671e-01 -3.8264e-02 +7.4769e-01 +1.6230e+00 -1.3415e-01
9 0 +2.232989408e+06 +2.233048538e+06 +2.233048538e+06 +8.3847e-01 +2.7137e-01 -1.5648e-02 -2.0110e-01 -1.3785e+00
15 0 +7.068315860e+05 +7.068907160e+05 +7.068907160e+05 +4.6140e-01 +1.6380e+00 +6.4174e-02 +1.6646e+00 -2.5197e+00
27 0 +6.402004610e+05 +6.402595910e+05 +6.402595910e+05 +1.6662e+00 +1.3747e+00 +1.0766e+00 +1.0374e+00 -1.5307e+00
28 0 +3.866503846e+05 +3.867095146e+05 +3.867095146e+05 +6.7920e-01 +1.7579e+00 +7.0825e-01 +2.7580e-03 -2.5202e+00
47 0 +2.929310837e+05 +2.929902137e+05 +2.929902137e+05 +1.0300e+00 +2.7029e+00 -1.8080e+00 +8.4788e-02 -8.8118e-01
51 0 +2.497505633e+05 +2.498096933e+05 +2.498096933e+05 +4.2865e-01 +9.4679e-01 -2.9484e-01 +1.3556e+00 -2.3228e+00
65 0 +2.339577908e+05 +2.340169208e+05 +2.340169208e+05 +1.6365e-01 +3.6434e+00 -8.8068e-01 +4.4289e-01 -1.2216e+00
72 0 +1.675817496e+05 +1.676408796e+05 +1.676408796e+05 +2.6063e+00 +2.8424e+00 -2.1611e-01 -1.4145e+00 -1.4305e+00
90 0 +1.097542526e+05 +1.098133826e+05 +1.098133826e+05 +1.2191e+00 +1.2764e+00 -9.9249e-01 -1.6268e+00 -4.1438e+00
91 0 +1.075864002e+05 +1.076455302e+05 +1.076455302e+05 +2.1518e+00 +2.9638e+00 -1.4534e+00 -4.3639e-01 -1.4005e+00
97 0 +2.015676324e+04 +2.021589324e+04 +2.021589324e+04 +2.2962e+00 +3.5661e+00 -2.8576e+00 -1.2845e+00 -1.5572e+00
101 0 +1.315611112e+04 +1.321524112e+04 +1.321524112e+04 +2.2545e+00 +3.2743e+00 -2.0830e+00 -1.5193e+00 -1.6860e+00
156 0 +9.317632219e+03 +9.376762219e+03 +9.376762219e+03 +2.8584e+00 +3.6682e+00 -2.1878e+00 -2.0097e+00 -1.2195e+00
180 0 +8.507231809e+03 +8.566361809e+03 +8.566361809e+03 +6.9912e-01 +3.0461e+00 -1.5643e+00 -1.6221e+00 -2.5184e+00
262 0 +6.819299616e+03 +6.878429616e+03 +6.878429616e+03 +6.6657e-01 +1.8861e+00 -8.4661e-01 -1.7092e+00 -3.3633e+00
279 0 +3.333968294e+03 +3.393098294e+03 +3.393098294e+03 +9.8174e-01 +2.5798e+00 -1.3407e+00 -1.6074e+00 -2.6181e+00
351 0 +2.683602531e+03 +2.742732531e+03 +2.742732531e+03 +4.9930e-01 +3.3811e+00 -1.0719e+00 -1.6085e+00 -1.9272e+00
496 0 +2.461133358e+03 +2.520263358e+03 +2.520263358e+03 +9.4467e-01 +3.0139e+00 -1.2822e+00 -1.8400e+00 -2.2886e+00
501 0 +2.430027275e+03 +2.489157275e+03 +2.489157275e+03 +8.7227e-01 +2.8244e+00 -1.2239e+00 -1.8655e+00 -2.5547e+00
509 0 +2.208793342e+03 +2.267923342e+03 +2.267923342e+03 +7.0982e-01 +2.6291e+00 -1.1126e+00 -1.8445e+00 -2.7599e+00
519 0 +2.118584240e+03 +2.177714240e+03 +2.177714240e+03 +6.8040e-01 +2.5193e+00 -9.9355e-01 -1.9932e+00 -2.8994e+00
601 0 +1.936342119e+03 +1.995472119e+03 +1.995472119e+03 +3.6603e-01 +2.9592e+00 -1.2444e+00 -1.4695e+00 -2.4524e+00
619 0 +1.936195019e+03 +1.995325019e+03 +1.995325019e+03 +6.5498e-01 +3.1549e+00 -1.2559e+00 -1.6443e+00 -2.2094e+00
627 0 +1.083310515e+03 +1.142440515e+03 +1.142440515e+03 -1.1678e-01 +3.3268e+00 -1.2132e+00 -1.2205e+00 -2.1431e+00
640 0 +8.261780219e+02 +8.853080219e+02 +8.853080219e+02 +1.6582e-01 +3.2813e+00 -1.1837e+00 -1.5863e+00 -2.2303e+00
658 0 +7.466145678e+02 +8.057445678e+02 +8.057445678e+02 -3.1531e-01 +4.5446e+00 -1.6176e+00 -8.8324e-01 -1.0003e+00
675 0 +1.970558762e+02 +2.561858762e+02 +2.561858762e+02 -8.2275e-01 +3.4951e+00 -9.6450e-01 -1.2839e+00 -2.2821e+00
1085 0 +5.008803149e+01 +1.092180315e+02 +1.092180315e+02 -2.9817e+00 +1.8256e+00 -1.9664e+00 +9.3355e-01 -4.0559e+00
1161 0 +3.707441457e+01 +9.620441457e+01 +9.620441457e+01 -2.5314e+00 +2.0510e+00 -2.2985e+00 +1.0696e+00 -3.6729e+00
1163 0 +2.908548376e+01 +8.821548376e+01 +8.821548376e+01 -2.6978e+00 +1.8680e+00 -1.9293e+00 +8.0569e-01 -3.9453e+00
1184 0 +1.127976659e+01 +7.040976659e+01 +7.040976659e+01 -1.9394e+00 +2.3588e+00 -1.2688e+00 -3.9181e-01 -3.5307e+00
% f evaluations | g evaluations | best noise-free fitness - Fopt (-4.915300000000e+02) + sum g_i+ | measured fitness | best measured fitness or single-digit g-values | x1 | x2...
1 0 +1.453349878e+05 +1.448434578e+05 +1.448434578e+05 +5.9671e-01 -3.8264e-02 +7.4769e-01 +1.6230e+00 -1.3415e-01
4 0 +1.008963199e+05 +1.004047899e+05 +1.004047899e+05 -4.6229e-01 -9.1283e-01 +4.1425e-01 -8.0802e-01 -1.3123e+00
11 0 +6.754048487e+03 +6.262518487e+03 +6.262518487e+03 +4.2408e-01 -2.8508e-01 -5.7692e-01 +7.1168e-01 +1.1310e+00
69 0 +4.451548125e+03 +3.960018125e+03 +3.960018125e+03 +8.9015e-01 +1.4947e+00 -1.1739e+00 +1.2827e+00 +4.6491e-01
87 0 +3.002620902e+03 +2.511090902e+03 +2.511090902e+03 +6.5423e-01 +1.6780e+00 -3.0673e-01 +7.8387e-01 -2.5564e-02
152 0 +1.451019500e+03 +9.594895004e+02 +9.594895004e+02 +8.8406e-01 +1.7911e+00 -1.1374e+00 +1.1658e+00 +4.9232e-02
177 0 +7.192347648e+02 +2.277047648e+02 +2.277047648e+02 +8.6253e-01 +2.2036e+00 +7.4908e-02 +1.0527e+00 -7.1873e-02
233 0 +5.894729746e+02 +9.794297458e+01 +9.794297458e+01 +9.2293e-01 +1.6364e+00 -3.1671e-01 +1.4103e+00 +5.0809e-01
256 0 +5.488116574e+02 +5.728165736e+01 +5.728165736e+01 +8.9783e-01 +1.7752e+00 -2.5980e-01 +1.3708e+00 +2.4748e-01
258 0 +4.091672887e+02 -8.236271134e+01 -8.236271134e+01 +8.9394e-01 +2.0692e+00 -2.1486e-01 +1.2671e+00 +4.5283e-02
280 0 +3.022481384e+02 -1.892818616e+02 -1.892818616e+02 +1.0550e+00 +1.1941e+00 -1.2589e+00 +1.9265e+00 +7.0326e-01
438 0 +1.829764379e+02 -3.085535621e+02 -3.085535621e+02 +1.3756e+00 +2.1309e+00 -7.5651e-01 +2.5868e+00 +7.3571e-01
447 0 +4.876688299e+01 -4.427631170e+02 -4.427631170e+02 +1.1259e+00 +2.5219e+00 -3.7747e-01 +1.8028e+00 +5.7735e-03
550 0 +3.399527023e+01 -4.575347298e+02 -4.575347298e+02 +1.2747e+00 +2.6127e+00 -2.5967e-01 +2.1843e+00 +2.8521e-01
607 0 +3.296524739e+01 -4.585647526e+02 -4.585647526e+02 +1.2675e+00 +2.3790e+00 -4.4218e-01 +2.2489e+00 +4.0522e-01
635 0 +3.052676234e+01 -4.610032377e+02 -4.610032377e+02 +1.2891e+00 +2.2156e+00 -5.4123e-01 +2.3572e+00 +5.4001e-01
651 0 +2.732037649e+01 -4.642096235e+02 -4.642096235e+02 +1.2347e+00 +2.0361e+00 -7.0804e-01 +2.2570e+00 +5.3896e-01
667 0 +2.466368377e+01 -4.668663162e+02 -4.668663162e+02 +1.2568e+00 +2.0804e+00 -5.9989e-01 +2.2945e+00 +5.8965e-01
702 0 +2.412006866e+01 -4.674099313e+02 -4.674099313e+02 +1.2586e+00 +2.0841e+00 -6.2225e-01 +2.3039e+00 +5.7719e-01
706 0 +2.361250399e+01 -4.679174960e+02 -4.679174960e+02 +1.2120e+00 +2.0032e+00 -6.9655e-01 +2.2109e+00 +5.1778e-01
713 0 +2.357917235e+01 -4.679508277e+02 -4.679508277e+02 +1.2337e+00 +2.0523e+00 -6.1686e-01 +2.2436e+00 +5.6037e-01
726 0 +2.306914470e+01 -4.684608553e+02 -4.684608553e+02 +1.2243e+00 +2.0363e+00 -6.7111e-01 +2.2219e+00 +5.2742e-01
729 0 +2.294256673e+01 -4.685874333e+02 -4.685874333e+02 +1.2332e+00 +2.0241e+00 -6.5107e-01 +2.2528e+00 +5.6219e-01
733 0 +2.154873443e+01 -4.699812656e+02 -4.699812656e+02 +1.2102e+00 +1.9941e+00 -7.0402e-01 +2.2007e+00 +5.2391e-01
791 0 +2.142297586e+01 -4.701070241e+02 -4.701070241e+02 +1.2059e+00 +2.0120e+00 -6.6925e-01 +2.1815e+00 +5.1303e-01
826 0 +2.105836168e+01 -4.704716383e+02 -4.704716383e+02 +1.1934e+00 +1.9459e+00 -7.4159e-01 +2.1652e+00 +5.1801e-01
831 0 +2.091067402e+01 -4.706193260e+02 -4.706193260e+02 +1.1958e+00 +1.9567e+00 -7.1512e-01 +2.1673e+00 +5.2499e-01
909 0 +2.083857028e+01 -4.706914297e+02 -4.706914297e+02 +1.1948e+00 +1.9623e+00 -7.1576e-01 +2.1653e+00 +5.1750e-01
952 0 +2.082445223e+01 -4.707055478e+02 -4.707055478e+02 +1.1932e+00 +1.9493e+00 -7.2232e-01 +2.1632e+00 +5.2218e-01
965 0 +2.082055906e+01 -4.707094409e+02 -4.707094409e+02 +1.1852e+00 +1.9162e+00 -7.5198e-01 +2.1518e+00 +5.2643e-01
968 0 +2.080190809e+01 -4.707280919e+02 -4.707280919e+02 +1.1923e+00 +1.9495e+00 -7.3754e-01 +2.1631e+00 +5.1402e-01
979 0 +2.045930850e+01 -4.710706915e+02 -4.710706915e+02 +1.1827e+00 +1.9411e+00 -7.2808e-01 +2.1358e+00 +5.0664e-01
1018 0 +2.043922391e+01 -4.710907761e+02 -4.710907761e+02 +1.1825e+00 +1.9409e+00 -7.3813e-01 +2.1361e+00 +5.0163e-01
1029 0 +2.018074201e+01 -4.713492580e+02 -4.713492580e+02 +1.1678e+00 +1.8996e+00 -7.6677e-01 +2.1087e+00 +4.9950e-01
1036 0 +2.003689418e+01 -4.714931058e+02 -4.714931058e+02 +1.1723e+00 +1.9094e+00 -7.6005e-01 +2.1176e+00 +5.0090e-01
1056 0 +1.999764757e+01 -4.715323524e+02 -4.715323524e+02 +1.1615e+00 +1.9172e+00 -7.5181e-01 +2.0831e+00 +4.7794e-01
1058 0 +1.992943605e+01 -4.716005640e+02 -4.716005640e+02 +1.1640e+00 +1.8933e+00 -7.7857e-01 +2.1014e+00 +4.9099e-01
1059 0 +1.964050062e+01 -4.718894994e+02 -4.718894994e+02 +1.1536e+00 +1.8567e+00 -7.9480e-01 +2.0817e+00 +4.9556e-01
1067 0 +1.956266504e+01 -4.719673350e+02 -4.719673350e+02 +1.1423e+00 +1.8621e+00 -7.9297e-01 +2.0480e+00 +4.7035e-01
1101 0 +1.939457328e+01 -4.721354267e+02 -4.721354267e+02 +1.1466e+00 +1.8658e+00 -7.9060e-01 +2.0571e+00 +4.7634e-01
1177 0 +1.939021850e+01 -4.721397815e+02 -4.721397815e+02 +1.1493e+00 +1.8877e+00 -7.8306e-01 +2.0579e+00 +4.6525e-01
1179 0 +1.934742871e+01 -4.721825713e+02 -4.721825713e+02 +1.1446e+00 +1.8628e+00 -7.9639e-01 +2.0522e+00 +4.7134e-01
1180 0 +1.932435927e+01 -4.722056407e+02 -4.722056407e+02 +1.1446e+00 +1.8701e+00 -7.9288e-01 +2.0520e+00 +4.6630e-01
1206 0 +1.860934955e+01 -4.729206505e+02 -4.729206505e+02 +1.1288e+00 +1.7916e+00 -8.5759e-01 +2.0322e+00 +4.7861e-01
% f evaluations | g evaluations | best noise-free fitness - Fopt (-1.702000000000e+02) + sum g_i+ | measured fitness | best measured fitness or single-digit g-values | x1 | x2...
1 0 +1.057601993e+07 +1.057584973e+07 +1.057584973e+07 +5.9671e-01 -3.8264e-02 +7.4769e-01 +1.6230e+00 -1.3415e-01
11 0 +7.334823365e+06 +7.334653165e+06 +7.334653165e+06 +4.2408e-01 -2.8508e-01 -5.7692e-01 +7.1168e-01 +1.1310e+00
23 0 +6.822071283e+06 +6.821901083e+06 +6.821901083e+06 -1.8188e+00 +7.3486e-02 +1.6023e-01 +2.5632e+00 -9.2361e-02
24 0 +5.050130776e+06 +5.049960576e+06 +5.049960576e+06 +4.0155e-01 +6.5288e-02 -1.0687e+00 +1.2428e+00 +8.5193e-01
26 0 +7.197727030e+05 +7.196025030e+05 +7.196025030e+05 +1.5647e+00 -1.8131e+00 -2.1092e+00 +2.5718e+00 +1.4115e+00
27 0 +3.528076001e+05 +3.526374001e+05 +3.526374001e+05 +1.2891e+00 +2.5867e-01 -1.5241e+00 +3.6223e+00 +5.8992e-01
29 0 +3.439946966e+05 +3.438244966e+05 +3.438244966e+05 -1.4565e-01 +1.0924e+00 -1.5717e+00 +3.4043e+00 +8.7729e-01
52 0 +1.230184681e+05 +1.228482681e+05 +1.228482681e+05 -1.6597e+00 +3.6446e-01 -1.8409e+00 +3.8711e+00 +2.0867e+00
71 0 +7.992025375e+04 +7.975005375e+04 +7.975005375e+04 -1.9349e+00 -3.4860e+00 -6.8054e-01 +4.5938e+00 +1.7455e+00
75 0 +5.807029249e+04 +5.790009249e+04 +5.790009249e+04 -9.1277e-01 -4.9678e+00 -4.6538e-01 +4.1535e+00 +3.1009e+00
146 0 +3.308787347e+04 +3.291767347e+04 +3.291767347e+04 -2.5371e+00 +2.5885e+00 -9.3784e-01 +2.7086e+00 +4.3036e+00
151 0 +1.796836451e+04 +1.779816451e+04 +1.779816451e+04 -3.5435e+00 -2.2830e-01 -9.9023e-01 +4.7703e+00 +1.8593e+00
177 0 +1.698353151e+04 +1.681333151e+04 +1.681333151e+04 -1.9155e+00 +5.5977e-01 -5.7642e-01 +4.0643e+00 +2.5314e+00
180 0 +1.441747795e+04 +1.424727795e+04 +1.424727795e+04 -2.0592e+00 -8.1680e-01 -1.4381e+00 +4.6090e+00 +9.2337e-01
228 0 +1.028482583e+04 +1.011462583e+04 +1.011462583e+04 -3.4752e+00 -2.2924e+00 -1.2157e+00 +4.8450e+00 +1.6403e+00
230 0 +4.634731654e+03 +4.464531654e+03 +4.464531654e+03 -2.7572e+00 -2.4479e+00 -8.6598e-01 +4.7386e+00 +2.1242e+00
259 0 +1.145160985e+03 +9.749609850e+02 +9.749609850e+02 -2.9527e+00 -3.4801e-01 -1.3335e+00 +3.7763e+00 +2.9736e+00
278 0 +3.971212585e+02 +2.269212585e+02 +2.269212585e+02 -3.2898e+00 -1.0224e+00 -1.5724e+00 +4.4535e+00 +1.6806e+00
326 0 +1.211891721e+02 -4.901082789e+01 -4.901082789e+01 -3.3640e+00 -8.2635e-01 -1.6158e+00 +4.1617e+00 +2.1620e+00
702 0 +1.089856947e+02 -6.121430530e+01 -6.121430530e+01 -3.2042e+00 -6.7625e-01 -1.5026e+00 +4.1028e+00 +2.2753e+00
726 0 +3.647071559e+01 -1.337292844e+02 -1.337292844e+02 -3.2051e+00 -7.2997e-01 -1.4923e+00 +4.1694e+00 +2.2052e+00
817 0 +2.404837535e+01 -1.461516247e+02 -1.461516247e+02 -3.1719e+00 -7.4044e-01 -1.4788e+00 +4.1482e+00 +2.2506e+00
852 0 +2.029423219e+01 -1.499057678e+02 -1.499057678e+02 -3.1307e+00 -7.2147e-01 -1.4382e+00 +4.1478e+00 +2.2803e+00
879 0 +1.711461947e+01 -1.530853805e+02 -1.530853805e+02 -3.1543e+00 -6.7074e-01 -1.4482e+00 +4.0740e+00 +2.3929e+00
1079 0 +1.699159377e+01 -1.532084062e+02 -1.532084062e+02 -3.1620e+00 -6.8088e-01 -1.4527e+00 +4.0710e+00 +2.3964e+00
1085 0 +1.692317342e+01 -1.532768266e+02 -1.532768266e+02 -3.2468e+00 -6.9183e-01 -1.5247e+00 +4.0598e+00 +2.3641e+00
1094 0 +1.674686829e+01 -1.534531317e+02 -1.534531317e+02 -3.1774e+00 -6.8343e-01 -1.4675e+00 +4.0671e+00 +2.3944e+00
1137 0 +1.672019757e+01 -1.534798024e+02 -1.534798024e+02 -3.1687e+00 -6.8737e-01 -1.4603e+00 +4.0801e+00 +2.3777e+00
1158 0 +1.656899306e+01 -1.536310069e+02 -1.536310069e+02 -3.1583e+00 -6.7892e-01 -1.4535e+00 +4.0732e+00 +2.3913e+00
1186 0 +1.648255668e+01 -1.537174433e+02 -1.537174433e+02 -3.1622e+00 -6.8186e-01 -1.4561e+00 +4.0729e+00 +2.3914e+00
1193 0 +1.647796021e+01 -1.537220398e+02 -1.537220398e+02 -3.1540e+00 -6.8340e-01 -1.4503e+00 +4.0738e+00 +2.3933e+00
1209 0 +1.646966142e+01 -1.537303386e+02 -1.537303386e+02 -3.1818e+00 -6.8193e-01 -1.4697e+00 +4.0635e+00 +2.3985e+00
1214 0 +1.642209072e+01 -1.537779093e+02 -1.537779093e+02 -3.1748e+00 -6.9514e-01 -1.4633e+00 +4.0694e+00 +2.3949e+00
1245 0 +1.622115326e+01 -1.539788467e+02 -1.539788467e+02 -3.1546e+00 -6.8263e-01 -1.4480e+00 +4.0694e+00 +2.4040e+00
% f evaluations | g evaluations | best noise-free fitness - Fopt (-4.697500000000e+02) + sum g_i+ | measured fitness | best measured fitness or single-digit g-values | x1 | x2...
1 0 +5.666156262e+06 +5.665686512e+06 +5.665686512e+06 +5.9671e-01 -3.8264e-02 +7.4769e-01 +1.6230e+00 -1.3415e-01
14 0 +4.160546314e+06 +4.160076564e+06 +4.160076564e+06 +1.4562e+00 +2.7990e-02 +1.1035e+00 +4.6164e-01 -5.4512e-01
25 0 +3.919900622e+06 +3.919430872e+06 +3.919430872e+06 +8.9103e-01 -8.0939e-01 +1.5028e+00 -1.3019e+00 +6.8686e-01
26 0 +1.140672992e+04 +1.093697992e+04 +1.093697992e+04 +1.1982e+00 -4.2566e-01 +3.6063e+00 +2.9233e-01 +1.0155e+00
111 0 +5.154590629e+03 +4.684840629e+03 +4.684840629e+03 +1.2588e+00 +6.8769e-01 +4.2230e+00 +1.9167e+00 -4.4239e-01
176 0 +3.733929792e+03 +3.264179792e+03 +3.264179792e+03 +1.2133e+00 -2.4777e+00 +3.3269e+00 +1.3128e+00 -1.4430e+00
181 0 +1.945102809e+03 +1.475352809e+03 +1.475352809e+03 +3.5465e-01 -2.0762e+00 +3.8619e+00 +1.3803e+00 -6.4821e-02
204 0 +6.435462482e+02 +1.737962482e+02 +1.737962482e+02 +7.3411e-01 -7.9127e-01 +3.8800e+00 +1.5196e+00 +2.3143e-01
228 0 +3.619173635e+02 -1.078326365e+02 -1.078326365e+02 +4.9803e-01 -1.9565e+00 +4.0068e+00 +1.5326e+00 -9.3606e-01
332 0 +3.098654370e+02 -1.598845630e+02 -1.598845630e+02 +7.1572e-01 -1.2645e+00 +3.9728e+00 +1.6430e+00 -5.7113e-01
444 0 +1.887549650e+02 -2.809950350e+02 -2.809950350e+02 +7.6113e-01 -1.2579e+00 +3.9004e+00 +1.5549e+00 -4.4553e-01
650 0 +1.770663053e+02 -2.926836947e+02 -2.926836947e+02 +9.7110e-01 -1.1250e+00 +3.8144e+00 +1.4894e+00 -5.3424e-01
657 0 +1.765072645e+02 -2.932427355e+02 -2.932427355e+02 +8.9008e-01 -1.1548e+00 +3.8666e+00 +1.5717e+00 -5.9341e-01
703 0 +1.732991386e+02 -2.964508614e+02 -2.964508614e+02 +9.4726e-01 -1.1190e+00 +3.8271e+00 +1.5140e+00 -5.3011e-01
715 0 +1.603770449e+02 -3.093729551e+02 -3.093729551e+02 +9.5130e-01 -1.1938e+00 +3.8399e+00 +1.5320e+00 -6.7776e-01
808 0 +1.576742923e+02 -3.120757077e+02 -3.120757077e+02 +9.9175e-01 -1.1753e+00 +3.8010e+00 +1.4529e+00 -5.9206e-01
832 0 +1.571758751e+02 -3.125741249e+02 -3.125741249e+02 +9.9260e-01 -1.2020e+00 +3.8082e+00 +1.4652e+00 -6.5665e-01
833 0 +1.534939431e+02 -3.162560569e+02 -3.162560569e+02 +9.7194e-01 -1.1912e+00 +3.8158e+00 +1.4812e+00 -6.2127e-01
857 0 +1.457313683e+02 -3.240186317e+02 -3.240186317e+02 +9.2046e-01 -1.1971e+00 +3.8441e+00 +1.4823e+00 -5.8081e-01
868 0 +1.420623367e+02 -3.276876633e+02 -3.276876633e+02 +9.2611e-01 -1.2855e+00 +3.8266e+00 +1.4232e+00 -5.8886e-01
887 0 +1.389815697e+02 -3.307684303e+02 -3.307684303e+02 +9.1135e-01 -1.2329e+00 +3.8335e+00 +1.4454e+00 -5.4466e-01
916 0 +1.366699437e+02 -3.330800563e+02 -3.330800563e+02 +9.2233e-01 -1.2747e+00 +3.8335e+00 +1.4490e+00 -6.1861e-01
917 0 +1.343076598e+02 -3.354423402e+02 -3.354423402e+02 +9.0304e-01 -1.2297e+00 +3.8451e+00 +1.4693e+00 -5.6161e-01
929 0 +1.271474243e+02 -3.426025757e+02 -3.426025757e+02 +8.7013e-01 -1.3298e+00 +3.8519e+00 +1.4424e+00 -5.8125e-01
941 0 +1.246842367e+02 -3.450657633e+02 -3.450657633e+02 +8.4775e-01 -1.2500e+00 +3.8673e+00 +1.4873e+00 -5.1615e-01
948 0 +1.223273249e+02 -3.474226751e+02 -3.474226751e+02 +8.7725e-01 -1.2895e+00 +3.8481e+00 +1.4702e+00 -5.7863e-01
957 0 +1.176413816e+02 -3.521086184e+02 -3.521086184e+02 +8.6073e-01 -1.3136e+00 +3.8557e+00 +1.4590e+00 -5.7101e-01
990 0 +1.091339457e+02 -3.606160543e+02 -3.606160543e+02 +8.2183e-01 -1.4185e+00 +3.8680e+00 +1.4626e+00 -6.3203e-01
1026 0 +1.072572670e+02 -3.624927330e+02 -3.624927330e+02 +8.4678e-01 -1.3967e+00 +3.8521e+00 +1.4512e+00 -6.1943e-01
1053 0 +1.000596909e+02 -3.696903091e+02 -3.696903091e+02 +8.2837e-01 -1.4019e+00 +3.8545e+00 +1.4199e+00 -5.5957e-01
1061 0 +9.367575966e+01 -3.760742403e+02 -3.760742403e+02 +8.5756e-01 -1.5368e+00 +3.8287e+00 +1.4101e+00 -7.2445e-01
1119 0 +9.351170571e+01 -3.762382943e+02 -3.762382943e+02 +8.2749e-01 -1.4767e+00 +3.8454e+00 +1.4286e+00 -6.3589e-01
1168 0 +9.112477194e+01 -3.786252281e+02 -3.786252281e+02 +8.2488e-01 -1.4992e+00 +3.8406e+00 +1.4181e+00 -6.3888e-01
1180 0 +9.054895312e+01 -3.792010469e+02 -3.792010469e+02 +8.4827e-01 -1.5363e+00 +3.8297e+00 +1.4127e+00 -7.0569e-01
1195 0 +8.940488204e+01 -3.803451180e+02 -3.803451180e+02 +8.2414e-01 -1.4920e+00 +3.8394e+00 +1.4024e+00 -6.1088e-01
1203 0 +8.902524160e+01 -3.807247584e+02 -3.807247584e+02 +8.1978e-01 -1.5026e+00 +3.8451e+00 +1.4113e+00 -6.3256e-01
1219 0 +8.699067017e+01 -3.827593298e+02 -3.827593298e+02 +8.1520e-01 -1.4968e+00 +3.8405e+00 +1.4032e+00 -5.9285e-01
1239 0 +8.619101301e+01 -3.835589870e+02 -3.835589870e+02 +7.9958e-01 -1.5188e+00 +3.8495e+00 +1.4139e+00 -6.1057e-01
1241 0 +8.503286240e+01 -3.847171376e+02 -3.847171376e+02 +8.0497e-01 -1.5113e+00 +3.8464e+00 +1.4042e+00 -6.0053e-01
% f evaluations | g evaluations | best noise-free fitness - Fopt (-5.191000000000e+01) + sum g_i+ | measured fitness | best measured fitness or single-digit g-values | x1 | x2...
1 0 +2.189234218e+06 +2.189182308e+06 +2.189182308e+06 +5.9671e-01 -3.8264e-02 +7.4769e-01 +1.6230e+00 -1.3415e-01
3 0 +1.958563159e+06 +1.958511249e+06 +1.958511249e+06 -3.6342e-01 -3.6573e-01 +3.4196e-01 -1.8133e+00 -1.6249e+00
5 0 +1.418680902e+06 +1.418628992e+06 +1.418628992e+06 +1.5656e+00 -1.2578e-01 +1.6753e-01 -1.3247e+00 -4.4438e-01
8 0 +5.397702762e+04 +5.392511762e+04 +5.392511762e+04 -1.1208e+00 +3.0886e-01 -1.8597e+00 -1.2282e+00 +2.9686e-01
32 0 +8.567030133e+03 +8.515120133e+03 +8.515120133e+03 +4.5588e-01 +5.4536e-01 -8.3609e-01 -3.5638e-02 -1.5940e+00
58 0 +4.020468754e+03 +3.968558754e+03 +3.968558754e+03 +5.4147e-01 +4.2645e-01 -1.1434e+00 -1.6526e+00 -1.0106e+00
151 0 +1.102037426e+03 +1.050127426e+03 +1.050127426e+03 +3.5088e-01 +1.2264e+00 -1.2193e+00 -1.3358e-01 -7.3654e-01
301 0 +1.032049518e+03 +9.801395180e+02 +9.801395180e+02 +5.8540e-01 +1.0563e+00 -1.0730e+00 -1.9476e-01 -9.7939e-01
329 0 +9.155414086e+02 +8.636314086e+02 +8.636314086e+02 +6.0433e-01 +1.2682e+00 -1.0379e+00 +3.8402e-01 -8.4902e-01
653 0 +3.890814641e+02 +3.371714641e+02 +3.371714641e+02 -2.1777e+00 +1.9873e+00 -3.2550e+00 -3.0171e+00 +2.9471e+00
790 0 +3.428339069e+02 +2.909239069e+02 +2.909239069e+02 -3.4333e+00 +1.4818e+00 -2.6767e+00 -4.6590e+00 -3.1100e-01
792 0 +1.708488835e+02 +1.189388835e+02 +1.189388835e+02 -3.1788e+00 +1.5044e+00 -2.5301e+00 -4.4255e+00 -5.3495e-01
835 0 +1.687571688e+02 +1.168471688e+02 +1.168471688e+02 -2.4853e+00 +1.8321e+00 -2.9212e+00 -3.4157e+00 +1.5486e+00
858 0 +1.524252683e+02 +1.005152683e+02 +1.005152683e+02 -2.7469e+00 +1.6475e+00 -2.7709e+00 -3.9353e+00 +7.4934e-01
903 0 +8.977642233e+01 +3.786642233e+01 +3.786642233e+01 -2.7729e-01 +2.0776e+00 -2.3344e+00 -3.6448e-02 +2.3836e+00
1010 0 +6.670110415e+01 +1.479110415e+01 +1.479110415e+01 +2.5882e+00 +2.6994e+00 -1.6777e+00 +4.8913e+00 +3.8770e+00
1077 0 +3.580799238e+01 -1.610200762e+01 -1.610200762e+01 +2.6861e+00 +2.5137e+00 -1.5179e+00 +4.6550e+00 +3.3684e+00
1109 0 +2.420609124e+01 -2.770390876e+01 -2.770390876e+01 +2.1798e+00 +2.4847e+00 -1.6661e+00 +3.9523e+00 +3.2509e+00
1122 0 +2.046089198e+01 -3.144910802e+01 -3.144910802e+01 +1.4945e+00 +2.2776e+00 -1.5289e+00 +2.9498e+00 +1.9973e+00
1127 0 +1.089120172e+01 -4.101879828e+01 -4.101879828e+01 +1.5322e+00 +2.2849e+00 -1.7248e+00 +2.8963e+00 +2.6533e+00
1155 0 +7.476966212e+00 -4.443303379e+01 -4.443303379e+01 +1.6308e+00 +2.3865e+00 -1.7368e+00 +3.1416e+00 +2.8220e+00
1156 0 +1.193147214e+00 -5.071685279e+01 -5.071685279e+01 +1.5818e+00 +2.3040e+00 -1.6641e+00 +3.0093e+00 +2.5273e+00
% f evaluations | g evaluations | best noise-free fitness - Fopt (4.808000000000e+01) + sum g_i+ | measured fitness | best measured fitness or single-digit g-values | x1 | x2...
1 0 +7.655939359e+06 +7.655987439e+06 +7.655987439e+06 +5.9671e-01 -3.8264e-02 +7.4769e-01 +1.6230e+00 -1.3415e-01
2 0 +5.817326131e+06 +5.817374211e+06 +5.817374211e+06 -1.3414e-01 +1.6792e+00 +8.6743e-01 -3.6947e-01 +6.4256e-01
3 0 +2.471456532e+06 +2.471504612e+06 +2.471504612e+06 -3.6342e-01 -3.6573e-01 +3.4196e-01 -1.8133e+00 -1.6249e+00
7 0 +2.056560075e+06 +2.056608155e+06 +2.056608155e+06 -5.0171e-01 +1.9523e+00 +8.6503e-02 -9.5771e-01 +9.2254e-01
8 0 +2.680933670e+05 +2.681414470e+05 +2.681414470e+05 -1.1208e+00 +3.0886e-01 -1.8597e+00 -1.2282e+00 +2.9686e-01
26 0 +7.859101788e+04 +7.863909788e+04 +7.863909788e+04 -1.2571e+00 +6.4652e-02 -1.0373e+00 +3.1607e-01 +1.1247e+00
52 0 +2.813414104e+04 +2.818222104e+04 +2.818222104e+04 -1.1399e+00 +1.0963e-01 -1.2819e+00 -5.2587e-01 +1.0895e+00
80 0 +2.190328925e+04 +2.195136925e+04 +2.195136925e+04 -1.2644e+00 +3.7778e-01 -1.1696e+00 -3.8511e-01 +2.0257e+00
123 0 +1.886470561e+04 +1.891278561e+04 +1.891278561e+04 -1.5289e+00 -5.9424e-01 -1.0547e+00 -2.3525e+00 +2.4040e+00
136 0 +1.674488459e+04 +1.679296459e+04 +1.679296459e+04 -8.4032e-01 -1.1616e-02 -1.5882e+00 +4.3562e-02 +2.7145e+00
151 0 +1.183983904e+04 +1.188791904e+04 +1.188791904e+04 -6.6022e-01 +4.4508e-01 -1.7104e+00 -3.4298e-01 +1.6011e+00
280 0 +1.096015321e+04 +1.100823321e+04 +1.100823321e+04 -1.1341e+00 -1.8515e-01 -1.3567e+00 -1.6403e+00 +1.6300e+00
286 0 +9.582458015e+03 +9.630538015e+03 +9.630538015e+03 -3.2546e-01 -2.3615e-01 -1.9408e+00 -1.6555e+00 +1.3781e+00
311 0 +8.183972358e+03 +8.232052358e+03 +8.232052358e+03 -3.6828e-02 -6.3500e-01 -2.2814e+00 -1.1347e+00 +1.8113e+00
351 0 +6.603566111e+03 +6.651646111e+03 +6.651646111e+03 +7.8910e-01 -1.2092e-01 -2.8396e+00 +4.4750e-02 +1.4886e+00
457 0 +6.589289435e+03 +6.637369435e+03 +6.637369435e+03 +5.2543e-02 -6.0153e-01 -2.2860e+00 -9.9637e-01 +1.7464e+00
471 0 +6.386778202e+03 +6.434858202e+03 +6.434858202e+03 -2.4353e-01 -1.0739e+00 -2.0445e+00 -1.4154e+00 +1.9087e+00
526 0 +6.223439489e+03 +6.271519489e+03 +6.271519489e+03 -2.1369e-01 -9.0924e-01 -2.0896e+00 -1.5534e+00 +1.8294e+00
561 0 +6.140244340e+03 +6.188324340e+03 +6.188324340e+03 -1.4906e-01 -8.7325e-01 -2.1309e+00 -1.3572e+00 +1.7667e+00
564 0 +5.942570944e+03 +5.990650944e+03 +5.990650944e+03 -2.5311e-02 -8.2945e-01 -2.2261e+00 -1.2787e+00 +1.7696e+00
565 0 +5.219189795e+03 +5.267269795e+03 +5.267269795e+03 -1.4881e-01 -9.8663e-01 -2.1658e+00 -1.4868e+00 +1.8804e+00
580 0 +5.076730180e+03 +5.124810180e+03 +5.124810180e+03 -1.3114e-01 -1.0010e+00 -2.1691e+00 -1.4569e+00 +1.8240e+00
601 0 +4.854825972e+03 +4.902905972e+03 +4.902905972e+03 -1.0836e-01 -1.0287e+00 -2.1860e+00 -1.4614e+00 +1.8680e+00
618 0 +4.778904533e+03 +4.826984533e+03 +4.826984533e+03 -2.8057e-02 -1.0738e+00 -2.2439e+00 -1.5212e+00 +1.9099e+00
627 0 +4.463810467e+03 +4.511890467e+03 +4.511890467e+03 +2.0689e-01 -9.8808e-01 -2.4178e+00 -1.3950e+00 +1.7181e+00
652 0 +3.520418954e+03 +3.568498954e+03 +3.568498954e+03 +2.2059e-01 -1.2527e+00 -2.4296e+00 -1.6044e+00 +1.8336e+00
654 0 +3.350671748e+03 +3.398751748e+03 +3.398751748e+03 +2.2803e-01 -1.2212e+00 -2.4652e+00 -1.5146e+00 +1.8634e+00
674 0 +3.081852474e+03 +3.129932474e+03 +3.129932474e+03 +1.0025e-01 -1.4188e+00 -2.3902e+00 -1.6872e+00 +1.9521e+00
693 0 +2.731524612e+03 +2.779604612e+03 +2.779604612e+03 -1.9040e-01 -1.4223e+00 -2.1896e+00 -1.2962e+00 +2.1440e+00
707 0 +1.990924795e+03 +2.039004795e+03 +2.039004795e+03 +5.1193e-01 -1.9949e+00 -2.7291e+00 -1.9382e+00 +1.9210e+00
746 0 +4.013269717e+02 +4.494069717e+02 +4.494069717e+02 +7.3614e-01 -2.9385e+00 -2.8839e+00 -2.8540e+00 +1.9941e+00
1026 0 +2.012705178e+02 +2.493505178e+02 +2.493505178e+02 -2.9730e+00 -3.6790e+00 -2.7448e-01 -2.3687e+00 +4.3782e+00
1052 0 +4.218010053e+01 +9.026010053e+01 +9.026010053e+01 -3.0836e+00 -3.9912e+00 -2.0178e-01 -2.4972e+00 +4.4868e+00
1194 0 +2.890737754e+01 +7.698737754e+01 +7.698737754e+01 -2.4557e+00 -3.9922e+00 -6.5021e-01 -2.7292e+00 +4.0790e+00
1213 0 +2.878502377e+01 +7.686502377e+01 +7.686502377e+01 -1.7656e+00 -3.9769e+00 -1.1324e+00 -3.1208e+00 +3.5547e+00
% f evaluations | g evaluations | best noise-free fitness - Fopt (3.058000000000e+01) + sum g_i+ | measured fitness | best measured fitness or single-digit g-values | x1 | x2...
1 0 +5.129698096e+06 +5.129728676e+06 +5.129728676e+06 +5.9671e-01 -3.8264e-02 +7.4769e-01 +1.6230e+00 -1.3415e-01
3 0 +3.849577660e+06 +3.849608240e+06 +3.849608240e+06 -3.6342e-01 -3.6573e-01 +3.4196e-01 -1.8133e+00 -1.6249e+00
4 0 +2.425531194e+06 +2.425561774e+06 +2.425561774e+06 -4.6229e-01 -9.1283e-01 +4.1425e-01 -8.0802e-01 -1.3123e+00
6 0 +2.328608918e+06 +2.328639498e+06 +2.328639498e+06 +2.1092e-01 -1.0510e+00 +4.7570e-01 -5.0064e-01 -1.9169e-01
25 0 +1.523876975e+06 +1.523907555e+06 +1.523907555e+06 +8.9103e-01 -8.0939e-01 +1.5028e+00 -1.3019e+00 +6.8686e-01
26 0 +9.886261743e+05 +9.886567543e+05 +9.886567543e+05 -1.1357e-01 -2.5552e+00 +2.3321e+00 -6.1493e-02 +4.6446e-01
27 0 +7.579983227e+05 +7.580289027e+05 +7.580289027e+05 -2.3128e+00 -1.7088e+00 +1.0205e+00 -8.8932e-01 +9.9798e-01
28 0 +2.540695915e+05 +2.541001715e+05 +2.541001715e+05 -6.3320e-01 -1.4582e+00 +1.8039e+00 -1.5475e+00 +1.1774e+00
29 0 +1.337214990e+05 +1.337520790e+05 +1.337520790e+05 -1.7776e+00 -8.8482e-01 +1.2306e+00 -1.1023e+00 +3.6665e-01
51 0 +8.864806044e+04 +8.867864044e+04 +8.867864044e+04 +1.5970e+00 -2.1139e+00 +1.1887e+00 -3.1893e+00 +4.8523e+00
64 0 +2.188029818e+04 +2.191087818e+04 +2.191087818e+04 -1.6318e+00 +5.3064e-01 +2.6594e+00 -5.3579e-01 +2.1963e+00
126 0 +8.204807258e+03 +8.235387258e+03 +8.235387258e+03 +1.2607e+00 -8.1379e-01 +3.0499e+00 -1.9021e+00 +3.9345e+00
132 0 +7.706583837e+03 +7.737163837e+03 +7.737163837e+03 -3.6175e+00 +5.5678e-01 +1.0604e+00 -3.3890e-01 +1.4987e+00
230 0 +1.786287088e+03 +1.816867088e+03 +1.816867088e+03 -1.6739e+00 -2.0392e-01 +1.3074e+00 -1.6733e+00 +2.6095e+00
301 0 +8.828535297e+02 +9.134335297e+02 +9.134335297e+02 -1.5178e+00 -3.4955e-01 +1.3898e+00 -6.9486e-01 +2.7768e+00
402 0 +8.006966884e+02 +8.312766884e+02 +8.312766884e+02 -1.4413e+00 -6.3618e-01 +8.1222e-01 -1.4545e+00 +3.0558e+00
488 0 +7.538493012e+02 +7.844293012e+02 +7.844293012e+02 -1.4233e+00 -6.5395e-01 +8.8713e-01 -9.8517e-01 +2.9399e+00
498 0 +6.961942857e+02 +7.267742857e+02 +7.267742857e+02 -1.5591e+00 -6.0600e-01 +8.5791e-01 -1.1042e+00 +2.8854e+00
507 0 +6.621523880e+02 +6.927323880e+02 +6.927323880e+02 -1.4334e+00 -4.4490e-01 +1.2330e+00 -1.1123e+00 +2.8392e+00
511 0 +6.127100953e+02 +6.432900953e+02 +6.432900953e+02 -1.5100e+00 -6.2561e-01 +8.6906e-01 -9.4799e-01 +2.9193e+00
603 0 +5.870220732e+02 +6.176020732e+02 +6.176020732e+02 -1.9103e+00 -4.7236e-01 +8.3386e-01 -6.1438e-01 +2.6869e+00
638 0 +5.551369678e+02 +5.857169678e+02 +5.857169678e+02 -1.7363e+00 -4.8000e-01 +9.0305e-01 -1.0760e+00 +2.7782e+00
676 0 +5.247064032e+02 +5.552864032e+02 +5.552864032e+02 -1.7099e+00 -5.1550e-01 +8.7294e-01 -9.2714e-01 +2.8318e+00
724 0 +4.359834906e+02 +4.665634906e+02 +4.665634906e+02 -2.0616e+00 -5.3834e-01 +5.7633e-01 -6.6631e-01 +2.6954e+00
762 0 +3.699345790e+02 +4.005145790e+02 +4.005145790e+02 -3.0162e+00 -6.0376e-01 -3.3374e-01 -8.7935e-02 +2.4886e+00
792 0 +2.390578478e+02 +2.696378478e+02 +2.696378478e+02 -1.9610e+00 -1.1013e+00 -4.1745e-01 -6.4439e-01 +3.2352e+00
803 0 +2.187986731e+02 +2.493786731e+02 +2.493786731e+02 -3.8477e+00 -1.4765e+00 -2.5840e+00 +7.0581e-01 +2.8502e+00
807 0 +1.327275772e+02 +1.633075772e+02 +1.633075772e+02 -3.0965e+00 -1.4507e+00 -1.8796e+00 +8.3677e-01 +3.1275e+00
962 0 +1.148026339e+02 +1.453826339e+02 +1.453826339e+02 -2.4477e+00 -1.7053e+00 -1.8471e+00 +2.2908e-01 +3.5370e+00
983 0 +6.740517410e+01 +9.798517410e+01 +9.798517410e+01 -1.6602e+00 -1.8611e+00 -1.6210e+00 -5.2867e-01 +4.0374e+00
1052 0 +4.728441337e+01 +7.786441337e+01 +7.786441337e+01 -2.0195e+00 -1.7214e+00 -1.6146e+00 -2.4474e-01 +3.7710e+00
1054 0 +2.894890056e+01 +5.952890056e+01 +5.952890056e+01 -2.1789e+00 -1.8809e+00 -2.0192e+00 -2.2641e-02 +3.8264e+00
1057 0 +2.819589615e+01 +5.877589615e+01 +5.877589615e+01 -4.1559e+00 -1.6227e+00 -3.0402e+00 +1.4164e+00 +2.8645e+00
1080 0 +1.739676120e+01 +4.797676120e+01 +4.797676120e+01 -2.7750e+00 -1.8015e+00 -2.3419e+00 +3.7979e-01 +3.5520e+00
1123 0 +1.376776763e+01 +4.434776763e+01 +4.434776763e+01 -3.9902e+00 -1.5154e+00 -2.7128e+00 +1.2673e+00 +2.8572e+00
1126 0 +1.314998709e+01 +4.372998709e+01 +4.372998709e+01 -2.7010e+00 -1.7363e+00 -2.1357e+00 +4.5718e-01 +3.5366e+00
1129 0 +8.616798451e+00 +3.919679845e+01 +3.919679845e+01 -3.0848e+00 -1.7054e+00 -2.3872e+00 +5.8340e-01 +3.3532e+00
1132 0 +2.419650158e+00 +3.299965016e+01 +3.299965016e+01 -3.3316e+00 -1.6086e+00 -2.3826e+00 +8.0501e-01 +3.1683e+00
% f evaluations | g evaluations | best noise-free fitness - Fopt (1.000000000000e+03) + sum g_i+ | measured fitness | best measured fitness or single-digit g-values | x1 | x2...
1 0 +7.800350395e+06 +7.801350395e+06 +7.801350395e+06 +5.9671e-01 -3.8264e-02 +7.4769e-01 +1.6230e+00 -1.3415e-01
2 0 +4.442581272e+06 +4.443581272e+06 +4.443581272e+06 -1.3414e-01 +1.6792e+00 +8.6743e-01 -3.6947e-01 +6.4256e-01
3 0 +4.368225056e+04 +4.468225056e+04 +4.468225056e+04 -3.6342e-01 -3.6573e-01 +3.4196e-01 -1.8133e+00 -1.6249e+00
31 0 +1.571358651e+04 +1.671358651e+04 +1.671358651e+04 +5.5523e-01 -1.3046e+00 -3.1724e-01 -7.0078e-01 -5.5468e-01
35 0 +1.474619799e+04 +1.574619799e+04 +1.574619799e+04 +1.0434e+00 -1.1192e+00 -1.2816e+00 -2.8192e-02 -1.2460e+00
70 0 +5.428110736e+03 +6.428110736e+03 +6.428110736e+03 -1.0826e+00 -1.4906e+00 +1.0111e+00 -2.3854e+00 +2.5840e-01
77 0 +5.359500994e+03 +6.359500994e+03 +6.359500994e+03 +1.5712e-01 -1.3664e+00 -3.4016e-02 -1.1518e+00 -8.2071e-01
126 0 +3.808928853e+03 +4.808928853e+03 +4.808928853e+03 -6.3900e-01 -7.4127e-01 -6.4446e-01 -1.1516e+00 -1.1895e+00
222 0 +2.266868163e+03 +3.266868163e+03 +3.266868163e+03 -6.0598e-01 +4.4298e-02 +1.5849e+00 -3.3987e+00 -1.3806e+00
351 0 +2.047856364e+03 +3.047856364e+03 +3.047856364e+03 -7.5370e-01 -5.3429e-01 +2.9301e-01 -2.0718e+00 -1.0083e+00
401 0 +1.761899347e+03 +2.761899347e+03 +2.761899347e+03 -1.1434e+00 -5.4480e-01 +6.3463e-01 -2.4791e+00 -9.1412e-01
476 0 +1.374787090e+03 +2.374787090e+03 +2.374787090e+03 -1.3053e+00 -1.4434e-01 -1.0432e-02 -2.1229e+00 -1.0766e+00
519 0 +1.131079125e+03 +2.131079125e+03 +2.131079125e+03 -1.8507e+00 +2.5363e-01 +4.8998e-01 -2.9191e+00 -1.1323e+00
615 0 +1.105904551e+03 +2.105904551e+03 +2.105904551e+03 -2.2754e+00 +2.0646e+00 +1.6941e-01 -3.5810e+00 -2.5040e+00
705 0 +7.507670622e+02 +1.750767062e+03 +1.750767062e+03 -2.3827e+00 +4.4678e+00 -4.0763e+00 -1.0538e+00 -4.4560e+00
737 0 +4.984358760e+02 +1.498435876e+03 +1.498435876e+03 -2.9827e+00 +2.6026e+00 -3.0795e+00 -1.2148e+00 -2.6616e+00
766 0 +5.874725556e+01 +1.058747256e+03 +1.058747256e+03 -2.7342e+00 +2.4480e+00 -4.1866e+00 -1.2816e-01 -2.6505e+00
890 0 +5.511233822e+01 +1.055112338e+03 +1.055112338e+03 -2.6500e+00 +3.1305e+00 -4.9585e+00 +2.5541e-01 -3.2553e+00
904 0 +3.290494481e+01 +1.032904945e+03 +1.032904945e+03 -2.5160e+00 +2.9975e+00 -3.7306e+00 -6.9754e-01 -3.1390e+00
928 0 +3.158263077e+01 +1.031582631e+03 +1.031582631e+03 -2.8959e+00 +3.1968e+00 -4.7505e+00 -2.2965e-02 -3.1840e+00
946 0 +2.477924575e+01 +1.024779246e+03 +1.024779246e+03 -2.6276e+00 +2.7856e+00 -3.8328e+00 -5.5293e-01 -2.9467e+00
952 0 +1.704660411e+01 +1.017046604e+03 +1.017046604e+03 -2.8106e+00 +2.8693e+00 -4.8074e+00 +1.9869e-01 -2.9736e+00
956 0 +1.573336281e+01 +1.015733363e+03 +1.015733363e+03 -2.7141e+00 +2.8803e+00 -4.6774e+00 +1.1354e-01 -3.0441e+00
1206 0 +9.854337787e+00 +1.009854338e+03 +1.009854338e+03 -2.5184e+00 +3.3867e+00 -3.0609e+00 -1.4506e+00 -3.4337e+00
% f evaluations | g evaluations | best noise-free fitness - Fopt (-4.236000000000e+01) + sum g_i+ | measured fitness | best measured fitness or single-digit g-values | x1 | x2...
1 0 +4.299884506e+05 +4.299460906e+05 +4.299460906e+05 +5.9671e-01 -3.8264e-02 +7.4769e-01 +1.6230e+00 -1.3415e-01
2 0 +3.060139924e+05 +3.059716324e+05 +3.059716324e+05 -1.3414e-01 +1.6792e+00 +8.6743e-01 -3.6947e-01 +6.4256e-01
6 0 +9.893211758e+04 +9.888975758e+04 +9.888975758e+04 +2.1092e-01 -1.0510e+00 +4.7570e-01 -5.0064e-01 -1.9169e-01
10 0 +2.777560141e+04 +2.773324141e+04 +2.773324141e+04 -6.1984e-01 -3.6064e-01 +1.1571e+00 +4.4362e-01 -1.6630e+00
32 0 +1.888564911e+04 +1.884328911e+04 +1.884328911e+04 +7.5285e-01 -1.8012e+00 +2.1986e+00 +8.1022e-01 -2.6448e-01
53 0 +1.526834144e+04 +1.522598144e+04 +1.522598144e+04 -2.6936e-01 -8.8612e-01 +1.7474e+00 +8.4310e-01 -1.4460e+00
65 0 +1.040587988e+04 +1.036351988e+04 +1.036351988e+04 -8.7437e-01 -9.2865e-01 +6.8543e-01 -1.1011e-01 -1.4581e+00
91 0 +7.385562109e+03 +7.343202109e+03 +7.343202109e+03 +3.4645e-01 -1.1735e+00 +1.6762e+00 +5.1305e-01 +8.5108e-02
95 0 +2.448173752e+03 +2.405813752e+03 +2.405813752e+03 -3.5446e-01 -1.5353e+00 +2.3668e+00 +5.1131e-01 -7.2428e-01
290 0 +2.399587741e+03 +2.357227741e+03 +2.357227741e+03 +7.7008e-01 -1.4426e+00 +2.2340e+00 +8.5112e-01 +2.0600e-01
309 0 +2.335668028e+03 +2.293308028e+03 +2.293308028e+03 +8.9184e-01 -1.8193e+00 +2.9487e+00 +1.4725e+00 -4.1615e-01
314 0 +1.551689948e+03 +1.509329948e+03 +1.509329948e+03 +6.5198e-01 -1.5835e+00 +2.6568e+00 +7.1744e-01 +5.9155e-01
329 0 +1.268331960e+03 +1.225971960e+03 +1.225971960e+03 +1.4045e+00 -2.2922e+00 +4.3311e+00 +1.7506e+00 +8.0112e-01
337 0 +4.677774835e+02 +4.254174835e+02 +4.254174835e+02 +1.4736e+00 -1.6954e+00 +3.5275e+00 +1.4072e+00 +1.3033e+00
342 0 +3.319379974e+02 +2.895779974e+02 +2.895779974e+02 +1.3750e+00 -1.8535e+00 +3.4888e+00 +1.3182e+00 +1.1643e+00
728 0 +2.662343939e+02 +2.238743939e+02 +2.238743939e+02 -1.4794e+00 -1.2928e+00 +2.7825e+00 -7.5325e-01 +5.4436e-01
792 0 +1.887711646e+02 +1.464111646e+02 +1.464111646e+02 -1.1677e+00 -2.1114e+00 +4.1466e+00 +3.2424e-01 -3.1192e-01
794 0 +1.503677700e+02 +1.080077700e+02 +1.080077700e+02 -1.4650e+00 -1.5703e+00 +3.1590e+00 -3.8788e-01 +5.1333e-02
807 0 +7.698158335e+01 +3.462158335e+01 +3.462158335e+01 -2.0970e-01 -1.1952e+00 +2.6793e+00 -2.1477e-01 +1.4284e+00
826 0 +3.606166652e+01 -6.298333478e+00 -6.298333478e+00 -5.8993e-01 -1.6309e+00 +3.3097e+00 +8.7440e-02 +5.6552e-01
945 0 +2.303511337e+01 -1.932488663e+01 -1.932488663e+01 +1.1502e+00 -1.0487e+00 +2.4845e+00 +1.6468e-01 +2.6624e+00
967 0 +1.680887699e+01 -2.555112301e+01 -2.555112301e+01 +6.0375e-01 -1.6813e+00 +3.4792e+00 +7.2495e-01 +1.2632e+00
979 0 +1.449110346e+01 -2.786889654e+01 -2.786889654e+01 +3.0536e-02 -1.1387e+00 +2.5661e+00 -2.5669e-01 +1.8000e+00
997 0 +1.423869761e+01 -2.812130239e+01 -2.812130239e+01 +2.0845e-01 -1.1185e+00 +2.5620e+00 -2.3590e-01 +2.0390e+00
1005 0 +1.397104123e+01 -2.838895877e+01 -2.838895877e+01 +9.8916e-01 -8.5305e-01 +2.2017e+00 -1.4534e-01 +2.8863e+00
1008 0 +1.301712282e+01 -2.934287718e+01 -2.934287718e+01 +4.3997e-01 -1.0662e+00 +2.4891e+00 -1.8519e-01 +2.2668e+00
1027 0 +8.091379465e+00 -3.426862053e+01 -3.426862053e+01 +5.9137e-01 -1.0982e+00 +2.5551e+00 -1.7762e-02 +2.2077e+00
1042 0 +4.808972287e+00 -3.755102771e+01 -3.755102771e+01 +2.9624e-01 -1.2936e+00 +2.8778e+00 +6.4256e-02 +1.7720e+00
1077 0 +3.778733842e+00 -3.858126616e+01 -3.858126616e+01 +2.8905e-01 -1.1471e+00 +2.6332e+00 -1.4116e-01 +2.0284e+00
1081 0 +3.087593998e+00 -3.927240600e+01 -3.927240600e+01 +3.7122e-01 -1.1970e+00 +2.7067e+00 -2.7313e-02 +1.9637e+00
1105 0 +2.801083583e+00 -3.955891642e+01 -3.955891642e+01 +4.1823e-01 -1.1594e+00 +2.6341e+00 -3.6589e-02 +2.0109e+00
1134 0 +1.300240378e+00 -4.105975962e+01 -4.105975962e+01 +4.6029e-01 -1.1378e+00 +2.6239e+00 -5.2630e-02 +2.1112e+00
1175 0 +1.208382778e+00 -4.115161722e+01 -4.115161722e+01 +4.3264e-01 -1.1130e+00 +2.5861e+00 -1.0303e-01 +2.1474e+00
1210 0 +9.154791391e-01 -4.144452086e+01 -4.144452086e+01 +4.9761e-01 -1.0596e+00 +2.5002e+00 -1.4419e-01 +2.2825e+00
1228 0 +8.703721957e-01 -4.148962780e+01 -4.148962780e+01 +4.9227e-01 -1.0517e+00 +2.4889e+00 -1.5629e-01 +2.2929e+00
