% f evaluations | g evaluations | best noise-free fitness - Fopt (7.948000000000e+01) + sum g_i+ | measured fitness | best measured fitness or single-digit g-values | x1 | x2...
1 0 +1.011270869e+01 +8.959270869e+01 +8.959270869e+01 +5.9671e-01 -3.8264e-02 +7.4769e-01 +1.6230e+00 -1.3415e-01
9 0 +9.106632127e+00 +8.858663213e+01 +8.858663213e+01 +8.3847e-01 +2.7137e-01 -1.5648e-02 -2.0110e-01 -1.3785e+00
10 0 +8.168478149e+00 +8.764847815e+01 +8.764847815e+01 -6.1984e-01 -3.6064e-01 +1.1571e+00 +4.4362e-01 -1.6630e+00
16 0 +6.167429177e+00 +8.564742918e+01 +8.564742918e+01 +9.2190e-01 +1.8705e-01 -1.9901e-01 +1.9176e-01 -1.8876e+00
27 0 +4.499136350e+00 +8.397913635e+01 +8.397913635e+01 +6.2735e-01 -1.6364e+00 +2.5453e-01 +2.4890e-01 -3.2786e+00
35 0 +4.225774941e+00 +8.370577494e+01 +8.370577494e+01 -3.6369e-01 -8.3278e-01 -5.5419e-01 +6.5907e-01 -1.2297e+00
49 0 +2.894041555e+00 +8.237404155e+01 +8.237404155e+01 -2.6509e-01 -3.0337e-01 +5.1529e-01 +1.8350e+00 -3.2752e+00
63 0 +2.740383702e+00 +8.222038370e+01 +8.222038370e+01 -6.2625e-01 -6.8419e-01 -6.0259e-01 +7.1637e-01 -2.1657e+00
138 0 +1.388344071e+00 +8.086834407e+01 +8.086834407e+01 +6.6097e-01 -1.1529e+00 -1.5179e-01 +9.9138e-01 -2.8223e+00
186 0 +1.295034829e+00 +8.077503483e+01 +8.077503483e+01 +1.1510e+00 -1.5242e+00 -9.2293e-01 +1.4726e+00 -3.0089e+00
227 0 +1.292005603e+00 +8.077200560e+01 +8.077200560e+01 +4.7275e-01 -9.6419e-01 -1.6075e+00 +1.2930e+00 -2.5234e+00
234 0 +1.226112331e+00 +8.070611233e+01 +8.070611233e+01 +3.9477e-02 -1.6448e+00 -9.2437e-01 +1.5781e+00 -1.7971e+00
252 0 +1.080848381e+00 +8.056084838e+01 +8.056084838e+01 -7.7588e-02 -8.3140e-01 -7.2484e-01 +2.7445e+00 -2.2375e+00
253 0 +2.956031927e-01 +7.977560319e+01 +7.977560319e+01 -3.3022e-02 -1.3018e+00 -8.5741e-01 +2.2236e+00 -2.9753e+00
300 0 +2.742455497e-01 +7.975424555e+01 +7.975424555e+01 +7.8459e-02 -1.5415e+00 -6.6371e-01 +2.1759e+00 -2.8540e+00
330 0 +2.650280262e-01 +7.974502803e+01 +7.974502803e+01 -1.3789e-01 -1.0705e+00 -7.1757e-01 +1.6977e+00 -2.4515e+00
349 0 +2.317962730e-01 +7.971179627e+01 +7.971179627e+01 -1.1298e-01 -1.4159e+00 -6.0204e-01 +2.0355e+00 -2.7448e+00
360 0 +2.101116618e-01 +7.969011166e+01 +7.969011166e+01 -1.0527e-01 -1.3163e+00 -7.4542e-01 +1.8265e+00 -2.4663e+00
390 0 +1.216582895e-01 +7.960165829e+01 +7.960165829e+01 +3.0926e-01 -1.3419e+00 -9.5136e-01 +2.0676e+00 -2.7929e+00
395 0 +6.910538206e-02 +7.954910538e+01 +7.954910538e+01 +4.1450e-02 -1.3092e+00 -7.0542e-01 +1.9422e+00 -2.7056e+00
430 0 +6.062721353e-02 +7.954062721e+01 +7.954062721e+01 +4.1079e-01 -1.2266e+00 -8.2982e-01 +1.8432e+00 -2.5682e+00
434 0 +5.757637896e-02 +7.953757638e+01 +7.953757638e+01 +3.9247e-01 -1.0212e+00 -7.4644e-01 +1.8987e+00 -2.8164e+00
436 0 +4.678597087e-02 +7.952678597e+01 +7.952678597e+01 +2.5912e-01 -1.1076e+00 -9.0134e-01 +1.8659e+00 -2.5848e+00
437 0 +5.760781142e-03 +7.948576078e+01 +7.948576078e+01 +2.6982e-01 -1.1928e+00 -7.8844e-01 +1.9228e+00 -2.6778e+00
487 0 +5.617124568e-03 +7.948561712e+01 +7.948561712e+01 +2.6596e-01 -1.1418e+00 -7.6639e-01 +1.9407e+00 -2.7375e+00
502 0 +4.961361214e-03 +7.948496136e+01 +7.948496136e+01 +2.3017e-01 -1.1714e+00 -7.3628e-01 +1.8740e+00 -2.7175e+00
503 0 +3.230234037e-03 +7.948323023e+01 +7.948323023e+01 +2.3725e-01 -1.1538e+00 -6.8463e-01 +1.8932e+00 -2.6989e+00
631 0 +1.519341776e-03 +7.948151934e+01 +7.948151934e+01 +2.3326e-01 -1.1771e+00 -7.1588e-01 +1.9381e+00 -2.7036e+00
643 0 +1.259826863e-03 +7.948125983e+01 +7.948125983e+01 +2.2416e-01 -1.1669e+00 -7.0714e-01 +1.9324e+00 -2.6849e+00
649 0 +1.061621799e-03 +7.948106162e+01 +7.948106162e+01 +2.4200e-01 -1.1541e+00 -6.9470e-01 +1.9302e+00 -2.6728e+00
689 0 +9.795338470e-04 +7.948097953e+01 +7.948097953e+01 +2.6885e-01 -1.1575e+00 -7.2211e-01 +1.9031e+00 -2.6940e+00
692 0 +3.641986195e-04 +7.948036420e+01 +7.948036420e+01 +2.5397e-01 -1.1747e+00 -7.2036e-01 +1.9267e+00 -2.6753e+00
728 0 +2.617369515e-04 +7.948026174e+01 +7.948026174e+01 +2.4387e-01 -1.1521e+00 -7.1765e-01 +1.9214e+00 -2.6711e+00
752 0 +2.127427952e-04 +7.948021274e+01 +7.948021274e+01 +2.5560e-01 -1.1664e+00 -7.3184e-01 +1.9268e+00 -2.6736e+00
792 0 +1.505258302e-04 +7.948015053e+01 +7.948015053e+01 +2.5676e-01 -1.1619e+00 -7.3423e-01 +1.9249e+00 -2.6794e+00
832 0 +1.463791915e-04 +7.948014638e+01 +7.948014638e+01 +2.5859e-01 -1.1533e+00 -7.2199e-01 +1.9173e+00 -2.6846e+00
852 0 +1.197081299e-04 +7.948011971e+01 +7.948011971e+01 +2.5697e-01 -1.1590e+00 -7.2841e-01 +1.9328e+00 -2.6868e+00
854 0 +6.288237628e-05 +7.948006288e+01 +7.948006288e+01 +2.5568e-01 -1.1568e+00 -7.2262e-01 +1.9193e+00 -2.6794e+00
867 0 +3.331371909e-05 +7.948003331e+01 +7.948003331e+01 +2.5475e-01 -1.1538e+00 -7.2700e-01 +1.9249e+00 -2.6778e+00
884 0 +3.187375478e-05 +7.948003187e+01 +7.948003187e+01 +2.5361e-01 -1.1561e+00 -7.2142e-01 +1.9288e+00 -2.6851e+00
929 0 +8.497487443e-06 +7.948000850e+01 +7.948000850e+01 +2.5257e-01 -1.1575e+00 -7.2405e-01 +1.9290e+00 -2.6819e+00
1001 0 +3.700721408e-06 +7.948000370e+01 +7.948000370e+01 +2.5254e-01 -1.1550e+00 -7.2442e-01 +1.9260e+00 -2.6804e+00
% f evaluations | g evaluations | best noise-free fitness - Fopt (3.944800000000e+02) + sum g_i+ | measured fitness | best measured fitness or single-digit g-values | x1 | x2...
1 0 +5.524091239e+01 +4.497209124e+02 +4.497209124e+02 +5.9671e-01 -3.8264e-02 +7.4769e-01 +1.6230e+00 -1.3415e-01
8 0 +4.839629028e+01 +4.428762903e+02 +4.428762903e+02 -1.1208e+00 +3.0886e-01 -1.8597e+00 -1.2282e+00 +2.9686e-01
11 0 +4.615028007e+01 +4.406302801e+02 +4.406302801e+02 +4.2408e-01 -2.8508e-01 -5.7692e-01 +7.1168e-01 +1.1310e+00
23 0 +3.151930799e+01 +4.259993080e+02 +4.259993080e+02 -1.8188e+00 +7.3486e-02 +1.6023e-01 +2.5632e+00 -9.2361e-02
36 0 +1.120706148e+01 +4.056870615e+02 +4.056870615e+02 -1.9969e+00 -1.0685e+00 -1.7405e+00 +4.0489e+00 +8.4967e-01
59 0 +7.618878132e+00 +4.020988781e+02 +4.020988781e+02 -3.5021e+00 -4.8299e-01 -3.2741e+00 +3.5922e+00 -2.7610e-01
64 0 +7.131204741e+00 +4.016112047e+02 +4.016112047e+02 -2.6934e+00 -8.8016e-01 -4.2200e+00 +3.8911e+00 -3.5058e-01
108 0 +5.496277357e+00 +3.999762774e+02 +3.999762774e+02 -3.4436e+00 -2.9250e+00 -3.6105e+00 +2.4821e+00 +2.6550e+00
110 0 +3.969326852e+00 +3.984493269e+02 +3.984493269e+02 -3.9002e+00 -9.5494e-01 -3.8595e+00 +3.5646e+00 +5.3706e-01
114 0 +2.213319089e+00 +3.966933191e+02 +3.966933191e+02 -3.3175e+00 -2.1292e+00 -3.4539e+00 +4.8515e+00 +3.2986e-01
178 0 +2.019382257e+00 +3.964993823e+02 +3.964993823e+02 -3.9862e+00 -2.2489e+00 -3.7576e+00 +3.2865e+00 +1.9614e+00
204 0 +6.950539340e-01 +3.951750539e+02 +3.951750539e+02 -4.3998e+00 -2.8234e+00 -3.4492e+00 +4.2499e+00 +1.3017e+00
248 0 +5.425052842e-01 +3.950225053e+02 +3.950225053e+02 -4.1504e+00 -2.5935e+00 -3.4573e+00 +3.3845e+00 +8.4429e-01
272 0 +4.636746802e-01 +3.949436747e+02 +3.949436747e+02 -3.6660e+00 -2.8588e+00 -3.7644e+00 +4.1889e+00 +1.4310e+00
282 0 +2.914949501e-01 +3.947714950e+02 +3.947714950e+02 -3.4774e+00 -2.6249e+00 -3.7823e+00 +4.0634e+00 +7.2318e-01
295 0 +2.772982225e-01 +3.947572982e+02 +3.947572982e+02 -3.6850e+00 -2.7037e+00 -3.6044e+00 +3.5139e+00 +9.2463e-01
332 0 +1.914642228e-01 +3.946714642e+02 +3.946714642e+02 -3.9099e+00 -2.6673e+00 -3.5249e+00 +3.7925e+00 +1.0867e+00
339 0 +1.789810097e-01 +3.946589810e+02 +3.946589810e+02 -4.2844e+00 -2.8859e+00 -3.6961e+00 +3.8123e+00 +9.5913e-01
340 0 +3.418616569e-02 +3.945141862e+02 +3.945141862e+02 -3.9472e+00 -2.8480e+00 -3.7476e+00 +3.7415e+00 +8.6784e-01
375 0 +3.047137742e-02 +3.945104714e+02 +3.945104714e+02 -3.7625e+00 -2.9151e+00 -3.7254e+00 +3.9767e+00 +8.3903e-01
455 0 +2.438761077e-02 +3.945043876e+02 +3.945043876e+02 -3.8963e+00 -2.8838e+00 -3.7981e+00 +3.7512e+00 +8.3735e-01
482 0 +1.951637097e-02 +3.944995164e+02 +3.944995164e+02 -3.8965e+00 -2.9225e+00 -3.6834e+00 +3.8497e+00 +8.2466e-01
485 0 +1.921261652e-02 +3.944992126e+02 +3.944992126e+02 -4.0220e+00 -2.9020e+00 -3.7895e+00 +3.9187e+00 +9.1798e-01
489 0 +6.726747312e-03 +3.944867267e+02 +3.944867267e+02 -3.8621e+00 -2.8753e+00 -3.7645e+00 +3.8469e+00 +8.4177e-01
503 0 +5.631863325e-03 +3.944856319e+02 +3.944856319e+02 -3.9084e+00 -2.8739e+00 -3.8043e+00 +3.9374e+00 +9.2437e-01
538 0 +5.137530672e-03 +3.944851375e+02 +3.944851375e+02 -3.8442e+00 -2.9266e+00 -3.8220e+00 +3.8849e+00 +8.5026e-01
598 0 +4.769873416e-03 +3.944847699e+02 +3.944847699e+02 -3.8906e+00 -2.9018e+00 -3.8603e+00 +3.9380e+00 +8.4592e-01
620 0 +4.596728169e-03 +3.944845967e+02 +3.944845967e+02 -3.8709e+00 -2.8605e+00 -3.8216e+00 +3.8550e+00 +8.5512e-01
621 0 +2.627538505e-03 +3.944826275e+02 +3.944826275e+02 -3.8684e+00 -2.8543e+00 -3.8048e+00 +3.9186e+00 +8.4321e-01
640 0 +1.767308640e-03 +3.944817673e+02 +3.944817673e+02 -3.9199e+00 -2.9073e+00 -3.7882e+00 +3.9342e+00 +8.5811e-01
645 0 +1.711236654e-03 +3.944817112e+02 +3.944817112e+02 -3.8724e+00 -2.8894e+00 -3.7760e+00 +3.8935e+00 +8.7285e-01
686 0 +1.581175110e-03 +3.944815812e+02 +3.944815812e+02 -3.8782e+00 -2.9085e+00 -3.7963e+00 +3.9092e+00 +8.3097e-01
694 0 +1.416420625e-03 +3.944814164e+02 +3.944814164e+02 -3.9102e+00 -2.8764e+00 -3.8087e+00 +3.8862e+00 +8.3343e-01
702 0 +1.251766365e-03 +3.944812518e+02 +3.944812518e+02 -3.8907e+00 -2.9076e+00 -3.8197e+00 +3.9178e+00 +8.3800e-01
710 0 +8.831039520e-04 +3.944808831e+02 +3.944808831e+02 -3.8776e+00 -2.9032e+00 -3.8023e+00 +3.9158e+00 +8.7270e-01
727 0 +5.134834554e-04 +3.944805135e+02 +3.944805135e+02 -3.8823e+00 -2.9009e+00 -3.7969e+00 +3.9092e+00 +8.4911e-01
770 0 +5.093816914e-04 +3.944805094e+02 +3.944805094e+02 -3.8835e+00 -2.9059e+00 -3.8084e+00 +3.9058e+00 +8.5565e-01
772 0 +4.364242598e-04 +3.944804364e+02 +3.944804364e+02 -3.8805e+00 -2.8984e+00 -3.7969e+00 +3.9024e+00 +8.5605e-01
778 0 +2.914233713e-04 +3.944802914e+02 +3.944802914e+02 -3.8982e+00 -2.9050e+00 -3.7942e+00 +3.9077e+00 +8.5668e-01
793 0 +2.001152783e-04 +3.944802001e+02 +3.944802001e+02 -3.8958e+00 -2.9012e+00 -3.8100e+00 +3.9013e+00 +8.5879e-01
808 0 +1.796349650e-04 +3.944801796e+02 +3.944801796e+02 -3.8926e+00 -2.8909e+00 -3.7905e+00 +3.9047e+00 +8.5727e-01
826 0 +8.705288997e-05 +3.944800871e+02 +3.944800871e+02 -3.8983e+00 -2.8956e+00 -3.7980e+00 +3.9002e+00 +8.6262e-01
882 0 +4.469370930e-05 +3.944800447e+02 +3.944800447e+02 -3.9030e+00 -2.8907e+00 -3.8039e+00 +3.9047e+00 +8.5465e-01
965 0 +3.725072855e-05 +3.944800373e+02 +3.944800373e+02 -3.9030e+00 -2.8879e+00 -3.8051e+00 +3.9045e+00 +8.5779e-01
1022 0 +3.102446271e-05 +3.944800310e+02 +3.944800310e+02 -3.8933e+00 -2.8900e+00 -3.8036e+00 +3.9070e+00 +8.5802e-01
1039 0 +3.059243505e-05 +3.944800306e+02 +3.944800306e+02 -3.8957e+00 -2.8878e+00 -3.8040e+00 +3.9090e+00 +8.6078e-01
1043 0 +2.300385182e-05 +3.944800230e+02 +3.944800230e+02 -3.8978e+00 -2.8873e+00 -3.8046e+00 +3.9075e+00 +8.5714e-01
1055 0 +2.224577719e-05 +3.944800222e+02 +3.944800222e+02 -3.8996e+00 -2.8919e+00 -3.8035e+00 +3.9054e+00 +8.6336e-01
1057 0 +1.427362406e-05 +3.944800143e+02 +3.944800143e+02 -3.8997e+00 -2.8881e+00 -3.8004e+00 +3.9042e+00 +8.6041e-01
1066 0 +4.918835600e-06 +3.944800049e+02 +3.944800049e+02 -3.8975e+00 -2.8889e+00 -3.8035e+00 +3.9062e+00 +8.5982e-01
1068 0 +2.439451862e-06 +3.944800024e+02 +3.944800024e+02 -3.8982e+00 -2.8891e+00 -3.8020e+00 +3.9051e+00 +8.5867e-01
% f evaluations | g evaluations | best noise-free fitness - Fopt (-2.471100000000e+02) + sum g_i+ | measured fitness | best measured fitness or single-digit g-values | x1 | x2...
1 0 +5.847827411e+01 -1.886317259e+02 -1.886317259e+02 +5.9671e-01 -3.8264e-02 +7.4769e-01 +1.6230e+00 -1.3415e-01
2 0 +4.306940898e+01 -2.040405910e+02 -2.040405910e+02 -1.3414e-01 +1.6792e+00 +8.6743e-01 -3.6947e-01 +6.4256e-01
3 0 +1.889029931e+01 -2.282197007e+02 -2.282197007e+02 -3.6342e-01 -3.6573e-01 +3.4196e-01 -1.8133e+00 -1.6249e+00
35 0 +1.777978042e+01 -2.293302196e+02 -2.293302196e+02 -1.0559e+00 +9.9411e-01 +2.0387e-01 -1.5964e+00 -9.9129e-01
36 0 +1.370869447e+01 -2.334013055e+02 -2.334013055e+02 -1.0662e+00 -2.1700e+00 -8.7222e-01 -4.0091e+00 -3.7903e+00
46 0 +5.936483894e+00 -2.411735161e+02 -2.411735161e+02 -2.3630e+00 -9.3070e-01 +2.3544e-01 -2.4483e+00 -3.5316e+00
51 0 +5.524625041e+00 -2.415853750e+02 -2.415853750e+02 -4.0173e+00 -1.0717e+00 +1.0826e+00 -4.2412e+00 -2.4647e+00
68 0 +2.748848338e+00 -2.443611517e+02 -2.443611517e+02 -3.6452e+00 +5.9577e-01 +8.7691e-01 -4.0002e+00 -3.2288e+00
110 0 +1.898903411e+00 -2.452110966e+02 -2.452110966e+02 -3.5679e+00 -8.6548e-01 -8.8280e-01 -3.4677e+00 -3.8847e+00
125 0 +1.101626753e+00 -2.460083732e+02 -2.460083732e+02 -3.1768e+00 +3.5705e-01 -1.3831e+00 -3.2366e+00 -3.1782e+00
161 0 +7.019101603e-01 -2.464080898e+02 -2.464080898e+02 -3.9563e+00 +9.9024e-01 -8.4368e-01 -3.5641e+00 -2.9645e+00
230 0 +4.656404249e-01 -2.466443596e+02 -2.466443596e+02 -3.7997e+00 +8.5053e-01 -8.1980e-01 -3.6917e+00 -3.2726e+00
286 0 +3.092778407e-01 -2.468007222e+02 -2.468007222e+02 -3.5223e+00 -4.7991e-02 -4.1623e-01 -3.9850e+00 -3.1889e+00
343 0 +2.966401814e-01 -2.468133598e+02 -2.468133598e+02 -3.8103e+00 +2.8202e-01 -1.1479e+00 -3.8344e+00 -3.3466e+00
354 0 +2.437563292e-01 -2.468662437e+02 -2.468662437e+02 -3.7622e+00 +6.9848e-02 -1.1598e+00 -3.6205e+00 -3.0911e+00
355 0 +2.220752768e-01 -2.468879247e+02 -2.468879247e+02 -3.5702e+00 -8.5931e-02 -7.7944e-01 -3.8581e+00 -3.3245e+00
362 0 +7.344421079e-02 -2.470365558e+02 -2.470365558e+02 -3.7303e+00 +3.3456e-01 -7.9492e-01 -3.5988e+00 -3.2788e+00
443 0 +5.288139823e-02 -2.470571186e+02 -2.470571186e+02 -3.6931e+00 +1.9419e-01 -6.8962e-01 -3.5876e+00 -2.9232e+00
475 0 +3.806351603e-02 -2.470719365e+02 -2.470719365e+02 -3.6582e+00 +3.1350e-01 -7.0252e-01 -3.7683e+00 -3.0866e+00
526 0 +1.933504369e-02 -2.470906650e+02 -2.470906650e+02 -3.8371e+00 +1.1754e-01 -6.2553e-01 -3.7695e+00 -3.1068e+00
559 0 +1.373364509e-02 -2.470962664e+02 -2.470962664e+02 -3.7963e+00 +2.4018e-01 -6.0317e-01 -3.6828e+00 -3.1666e+00
589 0 +1.198193391e-02 -2.470980181e+02 -2.470980181e+02 -3.7418e+00 +1.6939e-01 -6.8200e-01 -3.6737e+00 -3.0141e+00
592 0 +3.549479337e-03 -2.471064505e+02 -2.471064505e+02 -3.7900e+00 +2.4132e-01 -7.1423e-01 -3.6961e+00 -3.1376e+00
602 0 +3.164782657e-03 -2.471068352e+02 -2.471068352e+02 -3.8323e+00 +1.6892e-01 -6.8112e-01 -3.6640e+00 -3.1004e+00
645 0 +2.486599263e-03 -2.471075134e+02 -2.471075134e+02 -3.8149e+00 +1.7940e-01 -6.8427e-01 -3.7290e+00 -3.1122e+00
655 0 +1.642816187e-03 -2.471083572e+02 -2.471083572e+02 -3.8248e+00 +2.1712e-01 -6.9398e-01 -3.7158e+00 -3.0874e+00
658 0 +1.344124475e-03 -2.471086559e+02 -2.471086559e+02 -3.7907e+00 +1.8713e-01 -6.7833e-01 -3.6996e+00 -3.0711e+00
659 0 +1.261583972e-03 -2.471087384e+02 -2.471087384e+02 -3.7936e+00 +2.1827e-01 -6.9758e-01 -3.7217e+00 -3.1056e+00
704 0 +1.022786943e-03 -2.471089772e+02 -2.471089772e+02 -3.7898e+00 +2.0600e-01 -6.7300e-01 -3.6830e+00 -3.1225e+00
706 0 +6.956312129e-04 -2.471093044e+02 -2.471093044e+02 -3.8162e+00 +2.0862e-01 -6.8520e-01 -3.6820e+00 -3.0841e+00
727 0 +5.563631564e-04 -2.471094436e+02 -2.471094436e+02 -3.8195e+00 +2.0362e-01 -6.9295e-01 -3.6890e+00 -3.1093e+00
740 0 +5.033878386e-04 -2.471094966e+02 -2.471094966e+02 -3.8096e+00 +2.0647e-01 -6.8389e-01 -3.7067e+00 -3.0907e+00
745 0 +1.600228205e-04 -2.471098400e+02 -2.471098400e+02 -3.8017e+00 +2.0022e-01 -6.9272e-01 -3.6858e+00 -3.1096e+00
784 0 +1.065524797e-04 -2.471098934e+02 -2.471098934e+02 -3.7958e+00 +2.0178e-01 -6.9529e-01 -3.6869e+00 -3.0913e+00
787 0 +4.218189221e-05 -2.471099578e+02 -2.471099578e+02 -3.7949e+00 +2.0088e-01 -6.9085e-01 -3.6871e+00 -3.0964e+00
850 0 +4.080457936e-05 -2.471099592e+02 -2.471099592e+02 -3.7985e+00 +2.0565e-01 -6.9193e-01 -3.6880e+00 -3.1041e+00
897 0 +2.939791520e-05 -2.471099706e+02 -2.471099706e+02 -3.8013e+00 +2.0251e-01 -6.9529e-01 -3.6896e+00 -3.0983e+00
973 0 +2.366345001e-05 -2.471099763e+02 -2.471099763e+02 -3.7990e+00 +2.0524e-01 -6.9224e-01 -3.6945e+00 -3.1019e+00
1043 0 +2.223726739e-05 -2.471099778e+02 -2.471099778e+02 -3.7987e+00 +2.0200e-01 -6.8731e-01 -3.6935e+00 -3.0999e+00
1136 0 +8.611035355e-06 -2.471099914e+02 -2.471099914e+02 -3.7983e+00 +2.0276e-01 -6.9135e-01 -3.6886e+00 -3.1006e+00
1194 0 +6.570719165e-06 -2.471099934e+02 -2.471099934e+02 -3.7988e+00 +2.0094e-01 -6.9182e-01 -3.6910e+00 -3.1002e+00
1197 0 +1.247468759e-06 -2.471099988e+02 -2.471099988e+02 -3.7984e+00 +2.0214e-01 -6.9148e-01 -3.6914e+00 -3.0993e+00
% f evaluations | g evaluations | best noise-free fitness - Fopt (-1.520400000000e+02) + sum g_i+ | measured fitness | best measured fitness or single-digit g-values | x1 | x2...
1 0 +3.403783364e+01 -1.180021664e+02 -1.180021664e+02 +5.9671e-01 -3.8264e-02 +7.4769e-01 +1.6230e+00 -1.3415e-01
8 0 +3.121681866e+01 -1.208231813e+02 -1.208231813e+02 -1.1208e+00 +3.0886e-01 -1.8597e+00 -1.2282e+00 +2.9686e-01
11 0 +2.294944794e+01 -1.290905521e+02 -1.290905521e+02 +4.2408e-01 -2.8508e-01 -5.7692e-01 +7.1168e-01 +1.1310e+00
24 0 +1.712590137e+01 -1.349140986e+02 -1.349140986e+02 +4.0155e-01 +6.5288e-02 -1.0687e+00 +1.2428e+00 +8.5193e-01
36 0 +1.000478388e+01 -1.420352161e+02 -1.420352161e+02 -1.8546e+00 -1.1920e-02 -1.7701e+00 +3.2991e+00 +1.5358e+00
58 0 +2.496917220e+00 -1.495430828e+02 -1.495430828e+02 -5.3590e-01 +8.1753e-01 -3.4930e+00 +2.5732e+00 +1.2586e+00
110 0 +1.866765304e+00 -1.501732347e+02 -1.501732347e+02 -1.3796e+00 +8.3883e-01 -3.4338e+00 +3.3745e+00 +2.6184e+00
118 0 +1.813148984e+00 -1.502268510e+02 -1.502268510e+02 -1.2833e+00 +1.2487e+00 -3.7182e+00 +4.0367e+00 +2.0194e+00
128 0 +1.256595058e+00 -1.507834049e+02 -1.507834049e+02 +6.3222e-01 +1.2572e+00 -4.4680e+00 +3.3458e+00 +2.0695e+00
256 0 +1.243087188e+00 -1.507969128e+02 -1.507969128e+02 -5.6981e-01 +7.0188e-01 -3.6059e+00 +3.2348e+00 +3.1434e+00
268 0 +9.263714681e-01 -1.511136285e+02 -1.511136285e+02 -4.3705e-01 +7.7908e-01 -3.8688e+00 +3.7815e+00 +2.9127e+00
301 0 +6.700799869e-01 -1.513699200e+02 -1.513699200e+02 +4.1977e-02 +9.9458e-01 -3.8168e+00 +3.3853e+00 +3.0280e+00
305 0 +5.358354206e-01 -1.515041646e+02 -1.515041646e+02 -7.9477e-01 +1.6549e+00 -3.7184e+00 +3.5857e+00 +2.6987e+00
310 0 +2.164100181e-01 -1.518235900e+02 -1.518235900e+02 -2.3393e-01 +1.6464e+00 -4.0488e+00 +3.6366e+00 +2.6063e+00
382 0 +1.931251433e-01 -1.518468749e+02 -1.518468749e+02 -1.1654e-01 +1.2019e+00 -4.1008e+00 +3.2234e+00 +2.7102e+00
384 0 +1.519319901e-01 -1.518880680e+02 -1.518880680e+02 -4.4792e-01 +1.2035e+00 -4.1011e+00 +3.1106e+00 +2.3493e+00
385 0 +1.298836226e-01 -1.519101164e+02 -1.519101164e+02 -3.3732e-02 +1.3750e+00 -4.0104e+00 +3.5529e+00 +2.4117e+00
389 0 +2.495026145e-02 -1.520150497e+02 -1.520150497e+02 -2.1242e-01 +1.4168e+00 -3.9877e+00 +3.4258e+00 +2.4551e+00
450 0 +1.512811177e-02 -1.520248719e+02 -1.520248719e+02 -2.8146e-01 +1.3609e+00 -4.0093e+00 +3.3583e+00 +2.4242e+00
504 0 +5.093033574e-03 -1.520349070e+02 -1.520349070e+02 -2.3475e-01 +1.4699e+00 -3.9438e+00 +3.3269e+00 +2.3934e+00
515 0 +5.036596477e-03 -1.520349634e+02 -1.520349634e+02 -2.7063e-01 +1.3999e+00 -3.8802e+00 +3.3232e+00 +2.3772e+00
601 0 +1.793576995e-03 -1.520382064e+02 -1.520382064e+02 -2.5072e-01 +1.4212e+00 -3.9126e+00 +3.3291e+00 +2.4012e+00
689 0 +1.283007031e-03 -1.520387170e+02 -1.520387170e+02 -2.7405e-01 +1.4141e+00 -3.9373e+00 +3.2672e+00 +2.4295e+00
692 0 +1.232091263e-03 -1.520387679e+02 -1.520387679e+02 -2.6954e-01 +1.3963e+00 -3.9194e+00 +3.3017e+00 +2.3990e+00
693 0 +5.198705700e-04 -1.520394801e+02 -1.520394801e+02 -2.6304e-01 +1.4031e+00 -3.9313e+00 +3.3010e+00 +2.4214e+00
721 0 +3.905118254e-04 -1.520396095e+02 -1.520396095e+02 -2.6991e-01 +1.4392e+00 -3.9362e+00 +3.2951e+00 +2.4237e+00
784 0 +1.609234804e-04 -1.520398391e+02 -1.520398391e+02 -2.7542e-01 +1.4169e+00 -3.9309e+00 +3.2951e+00 +2.4209e+00
817 0 +8.580430298e-05 -1.520399142e+02 -1.520399142e+02 -2.7196e-01 +1.4301e+00 -3.9258e+00 +3.2967e+00 +2.4143e+00
956 0 +3.120107459e-05 -1.520399688e+02 -1.520399688e+02 -2.6876e-01 +1.4265e+00 -3.9295e+00 +3.2971e+00 +2.4201e+00
1035 0 +2.201558252e-05 -1.520399780e+02 -1.520399780e+02 -2.7030e-01 +1.4223e+00 -3.9252e+00 +3.2984e+00 +2.4166e+00
1040 0 +1.626818178e-05 -1.520399837e+02 -1.520399837e+02 -2.6528e-01 +1.4272e+00 -3.9234e+00 +3.2964e+00 +2.4188e+00
1071 0 +4.966284735e-06 -1.520399950e+02 -1.520399950e+02 -2.6807e-01 +1.4228e+00 -3.9249e+00 +3.2952e+00 +2.4190e+00
1198 0 +4.228396364e-06 -1.520399958e+02 -1.520399958e+02 -2.6653e-01 +1.4222e+00 -3.9245e+00 +3.2974e+00 +2.4196e+00
1247 0 +3.847775872e-06 -1.520399962e+02 -1.520399962e+02 -2.6779e-01 +1.4238e+00 -3.9240e+00 +3.2965e+00 +2.4176e+00
% f evaluations | g evaluations | best noise-free fitness - Fopt (-2.525000000000e+01) + sum g_i+ | measured fitness | best measured fitness or single-digit g-values | x1 | x2...
1 0 +4.029412696e+01 +1.504412696e+01 +1.504412696e+01 +5.9671e-01 -3.8264e-02 +7.4769e-01 +1.6230e+00 -1.3415e-01
2 0 +3.060641206e+01 +5.356412060e+00 +5.356412060e+00 -1.3414e-01 +1.6792e+00 +8.6743e-01 -3.6947e-01 +6.4256e-01
5 0 +2.198391297e+01 -3.266087028e+00 -3.266087028e+00 +1.5656e+00 -1.2578e-01 +1.6753e-01 -1.3247e+00 -4.4438e-01
12 0 +2.164277263e+01 -3.607227374e+00 -3.607227374e+00 +1.0313e+00 -7.3922e-01 -2.0921e-01 +4.3126e-01 +1.0755e+00
31 0 +2.101256695e+01 -4.237433054e+00 -4.237433054e+00 +1.1297e+00 +1.9857e-02 +5.0077e-01 -2.9362e-01 +5.9342e-01
36 0 +1.068624043e+01 -1.456375957e+01 -1.456375957e+01 +2.4862e+00 -1.7400e+00 -1.5783e+00 -7.5544e-01 +1.9571e+00
51 0 +1.023064293e+01 -1.501935707e+01 -1.501935707e+01 +3.8026e+00 -8.6053e-01 +7.7195e-01 -3.8629e+00 +3.7678e+00
62 0 +6.468286838e+00 -1.878171316e+01 -1.878171316e+01 +2.2896e+00 +3.3854e-02 -1.4982e+00 -2.5734e-01 +2.4291e+00
65 0 +4.242106376e+00 -2.100789362e+01 -2.100789362e+01 +3.6319e+00 +2.3176e-01 -3.0727e+00 -2.1263e+00 +2.1339e+00
89 0 +1.286580020e+00 -2.396341998e+01 -2.396341998e+01 +4.0034e+00 +8.7022e-01 -1.1402e+00 -3.0887e+00 +2.9434e+00
223 0 +1.155124822e+00 -2.409487518e+01 -2.409487518e+01 +3.0894e+00 -6.6052e-02 -1.0763e+00 -1.6361e+00 +3.2563e+00
231 0 +3.141370778e-01 -2.493586292e+01 -2.493586292e+01 +3.6238e+00 +6.8409e-01 -1.3708e+00 -2.5783e+00 +3.6546e+00
243 0 +2.199531634e-01 -2.503004684e+01 -2.503004684e+01 +3.4077e+00 +6.2151e-01 -1.5243e+00 -1.9271e+00 +2.9569e+00
285 0 +1.766173954e-01 -2.507338260e+01 -2.507338260e+01 +3.4982e+00 +1.0060e+00 -1.5109e+00 -2.1255e+00 +3.4268e+00
348 0 +3.807942517e-02 -2.521192057e+01 -2.521192057e+01 +3.5775e+00 +6.2203e-01 -1.3510e+00 -2.2410e+00 +3.4510e+00
446 0 +3.261482530e-02 -2.521738517e+01 -2.521738517e+01 +3.6545e+00 +6.4388e-01 -1.4850e+00 -2.0521e+00 +3.4263e+00
448 0 +2.928809594e-02 -2.522071190e+01 -2.522071190e+01 +3.6230e+00 +7.2252e-01 -1.3461e+00 -2.0550e+00 +3.2173e+00
454 0 +9.409604764e-03 -2.524059040e+01 -2.524059040e+01 +3.5718e+00 +5.9392e-01 -1.4549e+00 -2.1264e+00 +3.3607e+00
549 0 +4.074138864e-03 -2.524592586e+01 -2.524592586e+01 +3.5756e+00 +6.0333e-01 -1.4036e+00 -2.1204e+00 +3.3103e+00
615 0 +3.395301822e-03 -2.524660470e+01 -2.524660470e+01 +3.6013e+00 +6.4991e-01 -1.4063e+00 -2.1085e+00 +3.2683e+00
627 0 +1.406514983e-03 -2.524859349e+01 -2.524859349e+01 +3.6129e+00 +6.5707e-01 -1.4479e+00 -2.1376e+00 +3.2943e+00
650 0 +1.048543539e-03 -2.524895146e+01 -2.524895146e+01 +3.6252e+00 +6.5609e-01 -1.4193e+00 -2.1326e+00 +3.3059e+00
654 0 +8.825960012e-04 -2.524911740e+01 -2.524911740e+01 +3.6097e+00 +6.4735e-01 -1.4073e+00 -2.1647e+00 +3.3159e+00
706 0 +7.695574608e-04 -2.524923044e+01 -2.524923044e+01 +3.5902e+00 +6.2882e-01 -1.4142e+00 -2.1599e+00 +3.3029e+00
711 0 +5.772308164e-04 -2.524942277e+01 -2.524942277e+01 +3.6204e+00 +6.3079e-01 -1.4008e+00 -2.1556e+00 +3.3059e+00
727 0 +5.305986565e-04 -2.524946940e+01 -2.524946940e+01 +3.6205e+00 +6.3303e-01 -1.4354e+00 -2.1570e+00 +3.3136e+00
728 0 +2.866381896e-04 -2.524971336e+01 -2.524971336e+01 +3.6252e+00 +6.3317e-01 -1.4280e+00 -2.1616e+00 +3.3036e+00
736 0 +2.570404073e-04 -2.524974296e+01 -2.524974296e+01 +3.6247e+00 +6.2689e-01 -1.4178e+00 -2.1590e+00 +3.3022e+00
772 0 +2.413152540e-04 -2.524975868e+01 -2.524975868e+01 +3.6279e+00 +6.3577e-01 -1.4186e+00 -2.1590e+00 +3.3002e+00
776 0 +7.123811537e-05 -2.524992876e+01 -2.524992876e+01 +3.6145e+00 +6.3615e-01 -1.4257e+00 -2.1537e+00 +3.2896e+00
838 0 +6.201841516e-05 -2.524993798e+01 -2.524993798e+01 +3.6150e+00 +6.3545e-01 -1.4279e+00 -2.1569e+00 +3.2991e+00
860 0 +2.614766863e-05 -2.524997385e+01 -2.524997385e+01 +3.6157e+00 +6.3526e-01 -1.4201e+00 -2.1525e+00 +3.2921e+00
951 0 +3.535045003e-06 -2.524999646e+01 -2.524999646e+01 +3.6128e+00 +6.3523e-01 -1.4208e+00 -2.1533e+00 +3.2968e+00
1242 0 +2.436450853e-06 -2.524999756e+01 -2.524999756e+01 +3.6143e+00 +6.3443e-01 -1.4217e+00 -2.1534e+00 +3.2980e+00
% f evaluations | g evaluations | best noise-free fitness - Fopt (1.830100000000e+02) + sum g_i+ | measured fitness | best measured fitness or single-digit g-values | x1 | x2...
1 0 +4.236095108e+01 +2.253709511e+02 +2.253709511e+02 +5.9671e-01 -3.8264e-02 +7.4769e-01 +1.6230e+00 -1.3415e-01
2 0 +3.946142376e+01 +2.224714238e+02 +2.224714238e+02 -1.3414e-01 +1.6792e+00 +8.6743e-01 -3.6947e-01 +6.4256e-01
3 0 +3.719105346e+01 +2.202010535e+02 +2.202010535e+02 -3.6342e-01 -3.6573e-01 +3.4196e-01 -1.8133e+00 -1.6249e+00
7 0 +3.664427003e+01 +2.196542700e+02 +2.196542700e+02 -5.0171e-01 +1.9523e+00 +8.6503e-02 -9.5771e-01 +9.2254e-01
8 0 +2.977187971e+01 +2.127818797e+02 +2.127818797e+02 -1.1208e+00 +3.0886e-01 -1.8597e+00 -1.2282e+00 +2.9686e-01
15 0 +1.887600169e+01 +2.018860017e+02 +2.018860017e+02 +4.6140e-01 +1.6380e+00 +6.4174e-02 +1.6646e+00 -2.5197e+00
29 0 +1.395522217e+01 +1.969652222e+02 +1.969652222e+02 -2.3822e+00 +1.0217e+00 -4.8534e-01 +1.8855e-01 -1.7531e+00
46 0 +1.282389743e+01 +1.958338974e+02 +1.958338974e+02 +1.9151e-01 +2.3580e+00 -6.5838e-01 +2.4502e+00 -3.7020e+00
56 0 +3.371556760e+00 +1.863815568e+02 +1.863815568e+02 -1.7412e+00 +2.6160e+00 -2.4928e+00 +2.4714e+00 -2.6790e+00
107 0 +2.232288042e+00 +1.852422880e+02 +1.852422880e+02 -1.4610e+00 +2.3021e+00 -2.9633e+00 +7.0714e-02 -4.0076e+00
135 0 +1.849728357e+00 +1.848597284e+02 +1.848597284e+02 -2.2839e+00 +2.3721e+00 -2.4094e+00 +1.4374e+00 -4.5217e+00
174 0 +1.820714595e+00 +1.848307146e+02 +1.848307146e+02 -3.2325e+00 +2.9102e+00 -3.1115e+00 +3.1990e-01 -3.4560e+00
181 0 +1.072506240e+00 +1.840825062e+02 +1.840825062e+02 -2.0015e+00 +3.7258e+00 -3.0578e+00 +7.6684e-01 -4.3021e+00
187 0 +7.471699710e-02 +1.830847170e+02 +1.830847170e+02 -1.9520e+00 +3.0453e+00 -2.9862e+00 +9.0330e-01 -3.4973e+00
407 0 +5.812075908e-02 +1.830681208e+02 +1.830681208e+02 -2.3482e+00 +3.0588e+00 -2.8954e+00 +9.6180e-01 -3.6248e+00
417 0 +4.763810655e-02 +1.830576381e+02 +1.830576381e+02 -2.2039e+00 +3.0863e+00 -2.8172e+00 +1.1038e+00 -3.3670e+00
481 0 +2.278786194e-02 +1.830327879e+02 +1.830327879e+02 -2.0128e+00 +3.0655e+00 -2.9031e+00 +1.0825e+00 -3.5845e+00
489 0 +1.815965203e-02 +1.830281597e+02 +1.830281597e+02 -2.1535e+00 +3.0139e+00 -2.7958e+00 +1.0375e+00 -3.4752e+00
526 0 +4.921244208e-03 +1.830149212e+02 +1.830149212e+02 -2.1661e+00 +3.1270e+00 -2.8323e+00 +1.0847e+00 -3.5516e+00
570 0 +2.376181826e-03 +1.830123762e+02 +1.830123762e+02 -2.1508e+00 +3.1027e+00 -2.8562e+00 +1.0679e+00 -3.5309e+00
578 0 +1.772663379e-03 +1.830117727e+02 +1.830117727e+02 -2.1713e+00 +3.1037e+00 -2.8706e+00 +1.0301e+00 -3.5434e+00
580 0 +6.149948526e-04 +1.830106150e+02 +1.830106150e+02 -2.1462e+00 +3.1241e+00 -2.8603e+00 +1.0300e+00 -3.5546e+00
796 0 +2.849941989e-04 +1.830102850e+02 +1.830102850e+02 -2.1383e+00 +3.1098e+00 -2.8624e+00 +1.0185e+00 -3.5592e+00
808 0 +2.366819570e-04 +1.830102367e+02 +1.830102367e+02 -2.1289e+00 +3.0962e+00 -2.8431e+00 +1.0247e+00 -3.5509e+00
814 0 +2.052846217e-04 +1.830102053e+02 +1.830102053e+02 -2.1320e+00 +3.1005e+00 -2.8569e+00 +1.0179e+00 -3.5523e+00
881 0 +1.619542755e-04 +1.830101620e+02 +1.830101620e+02 -2.1392e+00 +3.1136e+00 -2.8472e+00 +1.0256e+00 -3.5588e+00
902 0 +7.651744249e-05 +1.830100765e+02 +1.830100765e+02 -2.1409e+00 +3.1021e+00 -2.8585e+00 +1.0326e+00 -3.5567e+00
957 0 +4.914777017e-05 +1.830100491e+02 +1.830100491e+02 -2.1404e+00 +3.1047e+00 -2.8562e+00 +1.0286e+00 -3.5598e+00
1032 0 +4.888721540e-05 +1.830100489e+02 +1.830100489e+02 -2.1368e+00 +3.1017e+00 -2.8494e+00 +1.0239e+00 -3.5543e+00
1057 0 +2.916907454e-05 +1.830100292e+02 +1.830100292e+02 -2.1331e+00 +3.1069e+00 -2.8500e+00 +1.0312e+00 -3.5571e+00
1069 0 +2.769526225e-05 +1.830100277e+02 +1.830100277e+02 -2.1347e+00 +3.1043e+00 -2.8527e+00 +1.0344e+00 -3.5578e+00
1076 0 +2.666569210e-05 +1.830100267e+02 +1.830100267e+02 -2.1371e+00 +3.1018e+00 -2.8541e+00 +1.0308e+00 -3.5610e+00
1119 0 +1.408778735e-05 +1.830100141e+02 +1.830100141e+02 -2.1340e+00 +3.1042e+00 -2.8547e+00 +1.0308e+00 -3.5563e+00
1124 0 +4.991371213e-06 +1.830100050e+02 +1.830100050e+02 -2.1361e+00 +3.1015e+00 -2.8518e+00 +1.0282e+00 -3.5565e+00
1195 0 +3.593532540e-06 +1.830100036e+02 +1.830100036e+02 -2.1363e+00 +3.1048e+00 -2.8513e+00 +1.0300e+00 -3.5563e+00
1202 0 +3.391797861e-06 +1.830100034e+02 +1.830100034e+02 -2.1367e+00 +3.1022e+00 -2.8533e+00 +1.0294e+00 -3.5572e+00
% f evaluations | g evaluations | best noise-free fitness - Fopt (1.835200000000e+02) + sum g_i+ | measured fitness | best measured fitness or single-digit g-values | x1 | x2...
1 0 +3.883284946e+01 +2.223528495e+02 +2.223528495e+02 +5.9671e-01 -3.8264e-02 +7.4769e-01 +1.6230e+00 -1.3415e-01
3 0 +2.105516925e+01 +2.045751692e+02 +2.045751692e+02 -3.6342e-01 -3.6573e-01 +3.4196e-01 -1.8133e+00 -1.6249e+00
4 0 +1.887700508e+01 +2.023970051e+02 +2.023970051e+02 -4.6229e-01 -9.1283e-01 +4.1425e-01 -8.0802e-01 -1.3123e+00
31 0 +1.862193809e+01 +2.021419381e+02 +2.021419381e+02 -1.0737e+00 -6.3324e-01 +2.5528e-02 -1.1600e+00 -1.8802e-01
32 0 +1.426993593e+01 +1.977899359e+02 +1.977899359e+02 +4.6293e-01 -2.5716e+00 +1.0036e+00 -1.8938e+00 +3.3917e-01
33 0 +9.681263286e+00 +1.932012633e+02 +1.932012633e+02 +9.6092e-01 -2.2726e+00 +9.9990e-02 -2.0069e+00 -7.1191e-01
52 0 +8.622537891e+00 +1.921425379e+02 +1.921425379e+02 +1.6684e-02 -3.0492e+00 -1.7607e+00 -4.7397e+00 -1.8405e-01
57 0 +7.229493076e+00 +1.907494931e+02 +1.907494931e+02 -1.5903e-01 -1.8869e+00 -1.9668e+00 -2.6408e+00 -2.2377e+00
58 0 +6.530434581e+00 +1.900504346e+02 +1.900504346e+02 -1.6291e+00 -3.1529e+00 -1.6301e+00 -3.7146e+00 -4.7156e-01
104 0 +5.574005294e+00 +1.890940053e+02 +1.890940053e+02 +1.3276e+00 -2.5587e+00 -2.5137e+00 -2.0400e+00 -2.0027e+00
107 0 +3.912160407e+00 +1.874321604e+02 +1.874321604e+02 +3.0865e-01 -2.4719e+00 -1.8550e+00 -2.0452e+00 -1.8465e+00
110 0 +3.883689193e+00 +1.874036892e+02 +1.874036892e+02 -8.9053e-01 -4.4922e+00 -1.0229e+00 -3.0830e+00 -8.1286e-01
129 0 +2.837326987e+00 +1.863573270e+02 +1.863573270e+02 -1.6428e+00 -4.0344e+00 -2.6889e+00 -2.1064e+00 -3.9183e-01
131 0 +1.916604418e+00 +1.854366044e+02 +1.854366044e+02 -1.0385e+00 -4.1541e+00 -2.4321e+00 -2.8231e+00 -1.8896e-01
147 0 +1.249214048e+00 +1.847692140e+02 +1.847692140e+02 +3.6782e-02 -3.1397e+00 -1.6009e+00 -1.8208e+00 -5.3370e-01
196 0 +1.148584457e+00 +1.846685845e+02 +1.846685845e+02 -2.3015e-01 -4.1416e+00 -2.7547e+00 -2.9857e+00 -6.5231e-01
197 0 +4.627041178e-01 +1.839827041e+02 +1.839827041e+02 +1.4210e-01 -3.5833e+00 -2.7591e+00 -2.3906e+00 -5.7741e-01
226 0 +2.074754918e-01 +1.837274755e+02 +1.837274755e+02 -8.1381e-02 -3.5995e+00 -2.2795e+00 -1.8649e+00 -4.2949e-01
237 0 +1.935347271e-01 +1.837135347e+02 +1.837135347e+02 -1.5016e-01 -3.8495e+00 -2.3742e+00 -2.0854e+00 -2.5120e-01
295 0 +1.451864026e-01 +1.836651864e+02 +1.836651864e+02 -1.6702e-01 -3.7901e+00 -2.3624e+00 -2.3528e+00 -5.9070e-01
336 0 +6.650966054e-02 +1.835865097e+02 +1.835865097e+02 -1.6280e-01 -4.1108e+00 -2.2788e+00 -2.0293e+00 -7.7873e-01
396 0 +4.550649881e-02 +1.835655065e+02 +1.835655065e+02 -1.1702e-01 -3.8784e+00 -2.2141e+00 -2.1768e+00 -6.4800e-01
414 0 +3.672870662e-02 +1.835567287e+02 +1.835567287e+02 -5.0263e-02 -3.8356e+00 -2.4601e+00 -2.0382e+00 -7.5170e-01
426 0 +1.939776096e-02 +1.835393978e+02 +1.835393978e+02 -5.6405e-02 -3.8120e+00 -2.3655e+00 -2.0575e+00 -6.4336e-01
466 0 +7.974857234e-03 +1.835279749e+02 +1.835279749e+02 -2.2452e-02 -3.9800e+00 -2.3839e+00 -2.0794e+00 -6.0528e-01
552 0 +2.719152805e-03 +1.835227192e+02 +1.835227192e+02 -1.5639e-02 -3.9575e+00 -2.3042e+00 -2.0096e+00 -6.3789e-01
584 0 +2.109405779e-03 +1.835221094e+02 +1.835221094e+02 -3.2958e-02 -3.9586e+00 -2.3291e+00 -2.0061e+00 -6.4060e-01
597 0 +1.180376549e-03 +1.835211804e+02 +1.835211804e+02 -5.1487e-02 -3.9456e+00 -2.3203e+00 -2.0405e+00 -6.4953e-01
605 0 +1.003318775e-03 +1.835210033e+02 +1.835210033e+02 -2.7739e-02 -3.9184e+00 -2.3522e+00 -2.0425e+00 -6.6793e-01
637 0 +9.746982121e-04 +1.835209747e+02 +1.835209747e+02 -3.7363e-02 -3.9607e+00 -2.3326e+00 -2.0392e+00 -6.3915e-01
642 0 +9.538869764e-04 +1.835209539e+02 +1.835209539e+02 -3.8047e-02 -3.9393e+00 -2.3192e+00 -2.0592e+00 -6.4386e-01
722 0 +8.179193523e-04 +1.835208179e+02 +1.835208179e+02 -1.2369e-02 -3.9464e+00 -2.3087e+00 -2.0373e+00 -6.5368e-01
728 0 +6.212024225e-04 +1.835206212e+02 +1.835206212e+02 -1.4360e-02 -3.9488e+00 -2.3570e+00 -2.0420e+00 -6.5525e-01
734 0 +4.415596977e-04 +1.835204416e+02 +1.835204416e+02 -3.1436e-02 -3.9350e+00 -2.3398e+00 -2.0595e+00 -6.5471e-01
754 0 +4.064413146e-04 +1.835204064e+02 +1.835204064e+02 -2.1490e-02 -3.9323e+00 -2.3417e+00 -2.0446e+00 -6.4131e-01
791 0 +3.318131786e-04 +1.835203318e+02 +1.835203318e+02 -2.4327e-02 -3.9539e+00 -2.3419e+00 -2.0507e+00 -6.6536e-01
795 0 +1.633023484e-04 +1.835201633e+02 +1.835201633e+02 -2.9087e-02 -3.9466e+00 -2.3295e+00 -2.0375e+00 -6.5253e-01
830 0 +1.184992704e-04 +1.835201185e+02 +1.835201185e+02 -2.5148e-02 -3.9454e+00 -2.3347e+00 -2.0380e+00 -6.4959e-01
851 0 +9.810203824e-05 +1.835200981e+02 +1.835200981e+02 -2.4119e-02 -3.9462e+00 -2.3336e+00 -2.0404e+00 -6.6547e-01
860 0 +6.598402248e-05 +1.835200660e+02 +1.835200660e+02 -2.2329e-02 -3.9340e+00 -2.3342e+00 -2.0406e+00 -6.5882e-01
882 0 +4.739259577e-05 +1.835200474e+02 +1.835200474e+02 -2.4672e-02 -3.9377e+00 -2.3322e+00 -2.0395e+00 -6.5564e-01
903 0 +1.520014581e-05 +1.835200152e+02 +1.835200152e+02 -2.0581e-02 -3.9439e+00 -2.3339e+00 -2.0409e+00 -6.5951e-01
959 0 +1.306745065e-05 +1.835200131e+02 +1.835200131e+02 -2.4156e-02 -3.9410e+00 -2.3367e+00 -2.0426e+00 -6.5685e-01
976 0 +6.220917527e-06 +1.835200062e+02 +1.835200062e+02 -2.1128e-02 -3.9402e+00 -2.3348e+00 -2.0430e+00 -6.5955e-01
1013 0 +6.006544879e-06 +1.835200060e+02 +1.835200060e+02 -1.9664e-02 -3.9428e+00 -2.3344e+00 -2.0441e+00 -6.5730e-01
1244 0 +5.246857796e-06 +1.835200052e+02 +1.835200052e+02 -2.2957e-02 -3.9433e+00 -2.3338e+00 -2.0431e+00 -6.5814e-01
1247 0 +1.939755208e-06 +1.835200019e+02 +1.835200019e+02 -2.2534e-02 -3.9419e+00 -2.3347e+00 -2.0433e+00 -6.5853e-01
% f evaluations | g evaluations | best noise-free fitness - Fopt (-5.938400000000e+02) + sum g_i+ | measured fitness | best measured fitness or single-digit g-values | x1 | x2...
1 0 +1.258635390e+01 -5.812536461e+02 -5.812536461e+02 +5.9671e-01 -3.8264e-02 +7.4769e-01 +1.6230e+00 -1.3415e-01
11 0 +1.250345270e+01 -5.813365473e+02 -5.813365473e+02 +4.2408e-01 -2.8508e-01 -5.7692e-01 +7.1168e-01 +1.1310e+00
20 0 +7.957893987e+00 -5.858821060e+02 -5.858821060e+02 -1.3635e+00 +3.9612e-01 +3.6106e-01 +1.0511e-01 -1.3459e-01
23 0 +3.046311511e+00 -5.907936885e+02 -5.907936885e+02 -1.8188e+00 +7.3486e-02 +1.6023e-01 +2.5632e+00 -9.2361e-02
46 0 +2.964497556e+00 -5.908755024e+02 -5.908755024e+02 -1.5165e+00 +6.4328e-01 +1.4565e+00 +1.3759e+00 +9.2165e-01
63 0 +2.872175670e+00 -5.909678243e+02 -5.909678243e+02 -1.4450e+00 +4.9150e-01 -2.5088e-01 +1.7426e+00 +5.7919e-01
107 0 +2.511868897e+00 -5.913281311e+02 -5.913281311e+02 -2.9628e+00 +2.5601e-01 +1.4531e+00 +2.6680e+00 +2.3975e-01
108 0 +2.377168910e+00 -5.914628311e+02 -5.914628311e+02 -3.0595e+00 +3.8429e-01 +1.1383e+00 +3.0078e+00 +3.8239e-01
111 0 +1.134316990e+00 -5.927056830e+02 -5.927056830e+02 -2.6258e+00 +7.3164e-01 +1.4165e+00 +2.1293e+00 +1.2575e+00
132 0 +1.114131773e+00 -5.927258682e+02 -5.927258682e+02 -3.1671e+00 -6.0274e-01 +5.3868e-01 +2.2944e+00 +1.8605e+00
212 0 +7.881705432e-01 -5.930518295e+02 -5.930518295e+02 -2.3997e+00 +1.6437e-01 +1.2358e+00 +1.6523e+00 +1.0799e+00
218 0 +7.074055153e-01 -5.931325945e+02 -5.931325945e+02 -2.5884e+00 +8.0106e-01 +6.5960e-01 +2.5507e+00 +1.5279e+00
219 0 +5.927901724e-01 -5.932472098e+02 -5.932472098e+02 -2.0175e+00 +4.2138e-01 +1.8185e-01 +2.0107e+00 +1.4836e+00
255 0 +5.131771344e-01 -5.933268229e+02 -5.933268229e+02 -2.7867e+00 -4.8262e-01 +3.5946e-01 +1.8663e+00 +1.4947e+00
283 0 +2.552909764e-01 -5.935847090e+02 -5.935847090e+02 -2.4042e+00 +5.2062e-01 +6.1532e-01 +2.3423e+00 +1.3373e+00
303 0 +1.789850868e-01 -5.936610149e+02 -5.936610149e+02 -2.3531e+00 +1.5868e-01 +3.9422e-01 +1.8434e+00 +1.2562e+00
309 0 +1.015362380e-01 -5.937384638e+02 -5.937384638e+02 -2.6963e+00 +2.0832e-01 +6.5310e-01 +2.0034e+00 +1.5877e+00
314 0 +7.039921696e-02 -5.937696008e+02 -5.937696008e+02 -2.5069e+00 +2.7379e-01 +6.0612e-01 +2.0681e+00 +1.5362e+00
330 0 +6.354993238e-02 -5.937764501e+02 -5.937764501e+02 -2.6289e+00 +6.9300e-02 +4.9511e-01 +2.3160e+00 +1.2242e+00
402 0 +4.311337833e-02 -5.937968866e+02 -5.937968866e+02 -2.4603e+00 +7.0346e-02 +7.2884e-01 +2.2108e+00 +1.3618e+00
409 0 +2.515329531e-02 -5.938148467e+02 -5.938148467e+02 -2.4872e+00 +9.0782e-02 +4.8449e-01 +2.1133e+00 +1.4678e+00
499 0 +3.134531713e-03 -5.938368655e+02 -5.938368655e+02 -2.5703e+00 +1.0695e-01 +6.2517e-01 +2.1215e+00 +1.3647e+00
530 0 +2.901016722e-03 -5.938370990e+02 -5.938370990e+02 -2.5917e+00 +1.0596e-01 +5.2678e-01 +2.1311e+00 +1.3815e+00
577 0 +2.164287657e-03 -5.938378357e+02 -5.938378357e+02 -2.5920e+00 +1.2284e-01 +5.7556e-01 +2.1054e+00 +1.3730e+00
588 0 +1.289364122e-03 -5.938387106e+02 -5.938387106e+02 -2.5665e+00 +7.1179e-02 +5.7899e-01 +2.1096e+00 +1.3772e+00
617 0 +3.911383178e-04 -5.938396089e+02 -5.938396089e+02 -2.5645e+00 +9.4311e-02 +5.8940e-01 +2.1348e+00 +1.3742e+00
695 0 +2.909337962e-04 -5.938397091e+02 -5.938397091e+02 -2.5744e+00 +9.3880e-02 +5.6178e-01 +2.1458e+00 +1.3700e+00
718 0 +2.826114194e-04 -5.938397174e+02 -5.938397174e+02 -2.5647e+00 +9.8022e-02 +5.5913e-01 +2.1325e+00 +1.3753e+00
740 0 +7.904889981e-05 -5.938399210e+02 -5.938399210e+02 -2.5686e+00 +8.5942e-02 +5.7094e-01 +2.1326e+00 +1.3643e+00
866 0 +4.815472698e-05 -5.938399518e+02 -5.938399518e+02 -2.5739e+00 +9.4447e-02 +5.7484e-01 +2.1382e+00 +1.3666e+00
879 0 +4.237553685e-05 -5.938399576e+02 -5.938399576e+02 -2.5676e+00 +9.4837e-02 +5.7293e-01 +2.1318e+00 +1.3722e+00
910 0 +3.582240197e-05 -5.938399642e+02 -5.938399642e+02 -2.5700e+00 +9.0910e-02 +5.7176e-01 +2.1369e+00 +1.3629e+00
940 0 +2.950527823e-05 -5.938399705e+02 -5.938399705e+02 -2.5676e+00 +9.5148e-02 +5.7681e-01 +2.1346e+00 +1.3673e+00
995 0 +2.189688496e-05 -5.938399781e+02 -5.938399781e+02 -2.5700e+00 +9.3152e-02 +5.7545e-01 +2.1362e+00 +1.3652e+00
1000 0 +1.397798314e-05 -5.938399860e+02 -5.938399860e+02 -2.5684e+00 +9.5630e-02 +5.7503e-01 +2.1349e+00 +1.3660e+00
1014 0 +8.285181252e-06 -5.938399917e+02 -5.938399917e+02 -2.5680e+00 +9.3161e-02 +5.7105e-01 +2.1351e+00 +1.3654e+00
1093 0 +6.182891525e-06 -5.938399938e+02 -5.938399938e+02 -2.5687e+00 +9.6415e-02 +5.7108e-01 +2.1343e+00 +1.3664e+00
1121 0 +3.457148750e-06 -5.938399965e+02 -5.938399965e+02 -2.5702e+00 +9.4477e-02 +5.7073e-01 +2.1334e+00 +1.3652e+00
1244 0 +2.861043299e-06 -5.938399971e+02 -5.938399971e+02 -2.5680e+00 +9.4156e-02 +5.7161e-01 +2.1336e+00 +1.3669e+00
1247 0 +7.528919923e-07 -5.938399992e+02 -5.938399992e+02 -2.5703e+00 +9.4697e-02 +5.7220e-01 +2.1334e+00 +1.3667e+00
% f evaluations | g evaluations | best noise-free fitness - Fopt (-1.000000000000e+03) + sum g_i+ | measured fitness | best measured fitness or single-digit g-values | x1 | x2...
1 0 +7.821436367e+01 -9.217856363e+02 -9.217856363e+02 +5.9671e-01 -3.8264e-02 +7.4769e-01 +1.6230e+00 -1.3415e-01
2 0 +4.752873392e+01 -9.524712661e+02 -9.524712661e+02 -1.3414e-01 +1.6792e+00 +8.6743e-01 -3.6947e-01 +6.4256e-01
7 0 +3.416422951e+01 -9.658357705e+02 -9.658357705e+02 -5.0171e-01 +1.9523e+00 +8.6503e-02 -9.5771e-01 +9.2254e-01
8 0 +2.931774548e+01 -9.706822545e+02 -9.706822545e+02 -1.1208e+00 +3.0886e-01 -1.8597e+00 -1.2282e+00 +2.9686e-01
32 0 +2.648332100e+01 -9.735166790e+02 -9.735166790e+02 -2.3899e+00 +7.8843e-01 -2.4591e+00 +2.9327e-01 -7.0476e-02
33 0 +2.511408799e+01 -9.748859120e+02 -9.748859120e+02 -2.7827e+00 +8.5007e-01 -1.6449e+00 -9.1356e-01 -5.0771e-01
36 0 +1.003629770e+01 -9.899637023e+02 -9.899637023e+02 -3.9778e+00 +1.6640e+00 -1.8622e+00 -3.3948e+00 +1.6030e+00
42 0 +6.148286979e+00 -9.938517130e+02 -9.938517130e+02 -4.0256e+00 +4.2790e+00 -2.8786e+00 -3.9056e+00 +5.9419e-01
116 0 +5.627501475e+00 -9.943724985e+02 -9.943724985e+02 -4.5728e+00 +3.9998e+00 -2.3502e+00 -7.9772e-01 +2.7404e+00
127 0 +3.390698560e+00 -9.966093014e+02 -9.966093014e+02 -4.5524e+00 +4.3928e+00 -3.3078e+00 -3.8471e+00 +1.6942e+00
155 0 +3.213389833e+00 -9.967866102e+02 -9.967866102e+02 -4.6335e+00 +4.1664e+00 -3.6747e+00 -1.5629e+00 +3.6007e+00
158 0 +2.973366448e+00 -9.970266336e+02 -9.970266336e+02 -4.3530e+00 +2.6050e+00 -3.9631e+00 -2.7315e+00 +3.3277e+00
163 0 +1.189343543e+00 -9.988106565e+02 -9.988106565e+02 -4.1509e+00 +4.3019e+00 -3.2230e+00 -2.1686e+00 +1.6240e+00
185 0 +7.146700496e-01 -9.992853300e+02 -9.992853300e+02 -3.3402e+00 +4.3617e+00 -3.5595e+00 -2.4236e+00 +1.9354e+00
282 0 +2.064295445e-01 -9.997935705e+02 -9.997935705e+02 -3.7864e+00 +4.2717e+00 -3.7837e+00 -2.5462e+00 +2.4280e+00
303 0 +6.828418955e-02 -9.999317158e+02 -9.999317158e+02 -3.8145e+00 +3.6785e+00 -3.6636e+00 -2.5445e+00 +2.3490e+00
378 0 +6.438621374e-02 -9.999356138e+02 -9.999356138e+02 -3.8787e+00 +4.0246e+00 -3.7373e+00 -2.3141e+00 +2.2049e+00
379 0 +5.464437061e-02 -9.999453556e+02 -9.999453556e+02 -3.7963e+00 +3.7252e+00 -3.9561e+00 -2.4740e+00 +2.1694e+00
380 0 +4.912204626e-02 -9.999508780e+02 -9.999508780e+02 -3.6609e+00 +3.8346e+00 -3.9036e+00 -2.5221e+00 +2.3555e+00
401 0 +1.986475650e-02 -9.999801352e+02 -9.999801352e+02 -3.7574e+00 +3.9311e+00 -3.8236e+00 -2.3742e+00 +2.3366e+00
402 0 +6.820265643e-03 -9.999931797e+02 -9.999931797e+02 -3.8062e+00 +3.8944e+00 -3.8092e+00 -2.4490e+00 +2.2412e+00
426 0 +1.840671058e-03 -9.999981593e+02 -9.999981593e+02 -3.8526e+00 +3.8683e+00 -3.8593e+00 -2.4506e+00 +2.3090e+00
574 0 +4.761559209e-04 -9.999995238e+02 -9.999995238e+02 -3.8546e+00 +3.8516e+00 -3.8266e+00 -2.4306e+00 +2.3105e+00
591 0 +4.131518962e-04 -9.999995868e+02 -9.999995868e+02 -3.8517e+00 +3.8476e+00 -3.8194e+00 -2.4529e+00 +2.3168e+00
657 0 +2.883487127e-04 -9.999997117e+02 -9.999997117e+02 -3.8411e+00 +3.8633e+00 -3.8148e+00 -2.4547e+00 +2.3075e+00
774 0 +2.129790862e-04 -9.999997870e+02 -9.999997870e+02 -3.8364e+00 +3.8452e+00 -3.8308e+00 -2.4458e+00 +2.3057e+00
794 0 +1.376021859e-04 -9.999998624e+02 -9.999998624e+02 -3.8343e+00 +3.8538e+00 -3.8184e+00 -2.4399e+00 +2.3046e+00
802 0 +8.083445402e-05 -9.999999192e+02 -9.999999192e+02 -3.8407e+00 +3.8483e+00 -3.8247e+00 -2.4395e+00 +2.3034e+00
807 0 +3.869515467e-05 -9.999999613e+02 -9.999999613e+02 -3.8432e+00 +3.8548e+00 -3.8226e+00 -2.4422e+00 +2.2961e+00
814 0 +2.949756379e-05 -9.999999705e+02 -9.999999705e+02 -3.8420e+00 +3.8568e+00 -3.8184e+00 -2.4457e+00 +2.2994e+00
844 0 +2.189096347e-05 -9.999999781e+02 -9.999999781e+02 -3.8469e+00 +3.8529e+00 -3.8226e+00 -2.4452e+00 +2.2981e+00
913 0 +1.450296429e-05 -9.999999855e+02 -9.999999855e+02 -3.8416e+00 +3.8510e+00 -3.8245e+00 -2.4449e+00 +2.3009e+00
916 0 +1.398727557e-05 -9.999999860e+02 -9.999999860e+02 -3.8439e+00 +3.8522e+00 -3.8205e+00 -2.4432e+00 +2.2983e+00
941 0 +1.194026015e-05 -9.999999881e+02 -9.999999881e+02 -3.8421e+00 +3.8538e+00 -3.8215e+00 -2.4428e+00 +2.2995e+00
942 0 +7.090515169e-06 -9.999999929e+02 -9.999999929e+02 -3.8421e+00 +3.8533e+00 -3.8208e+00 -2.4473e+00 +2.3022e+00
1071 0 +3.445993002e-06 -9.999999966e+02 -9.999999966e+02 -3.8443e+00 +3.8524e+00 -3.8223e+00 -2.4445e+00 +2.3003e+00
1246 0 +2.946747713e-06 -9.999999971e+02 -9.999999971e+02 -3.8427e+00 +3.8525e+00 -3.8230e+00 -2.4461e+00 +2.3014e+00
% f evaluations | g evaluations | best noise-free fitness - Fopt (-2.531000000000e+01) + sum g_i+ | measured fitness | best measured fitness or single-digit g-values | x1 | x2...
1 0 +2.981377482e+01 +4.503774821e+00 +4.503774821e+00 +5.9671e-01 -3.8264e-02 +7.4769e-01 +1.6230e+00 -1.3415e-01
22 0 +2.509585509e+01 -2.141449063e-01 -2.141449063e-01 +5.0405e-01 +1.9862e+00 +2.7458e-01 +3.5755e-01 +2.5554e-02
32 0 +2.316357123e+01 -2.146428772e+00 -2.146428772e+00 +2.5901e+00 +1.2342e+00 +6.9280e-02 +3.9626e-01 -5.6394e-01
33 0 +2.160939156e+01 -3.700608436e+00 -3.700608436e+00 +1.9379e+00 +1.8971e+00 -5.9229e-01 +2.0296e-01 +2.0602e-02
47 0 +1.495807961e+01 -1.035192039e+01 -1.035192039e+01 +1.5039e+00 +3.0724e+00 +5.2707e-01 +7.6119e-01 +1.7418e-01
54 0 +8.129070672e+00 -1.718092933e+01 -1.718092933e+01 +2.0397e+00 +2.1394e+00 -8.6347e-01 +2.1108e+00 +2.5937e+00
88 0 +5.595289536e+00 -1.971471046e+01 -1.971471046e+01 +4.3681e+00 +3.4378e+00 +1.3583e+00 +2.2050e+00 +5.0070e-01
99 0 +1.508190455e+00 -2.380180955e+01 -2.380180955e+01 +3.1946e+00 +3.3174e+00 +2.6535e-01 +2.6036e+00 +1.5494e+00
104 0 +1.272748108e+00 -2.403725189e+01 -2.403725189e+01 +4.2795e+00 +3.5609e+00 +1.5939e+00 +3.3204e+00 +2.1691e+00
131 0 +1.093018749e+00 -2.421698125e+01 -2.421698125e+01 +4.1729e+00 +3.5934e+00 +7.9691e-01 +3.1706e+00 +1.6189e+00
218 0 +1.495853788e-01 -2.516041462e+01 -2.516041462e+01 +3.4306e+00 +3.5158e+00 +1.1442e+00 +2.9485e+00 +2.4667e+00
311 0 +1.462705839e-01 -2.516372942e+01 -2.516372942e+01 +3.2991e+00 +3.4355e+00 +9.4328e-01 +3.0043e+00 +2.1290e+00
321 0 +9.459556013e-02 -2.521540444e+01 -2.521540444e+01 +3.5313e+00 +3.5610e+00 +8.7089e-01 +3.0965e+00 +2.1017e+00
362 0 +6.616132818e-02 -2.524383867e+01 -2.524383867e+01 +3.3316e+00 +3.5145e+00 +8.9157e-01 +3.0559e+00 +2.5559e+00
403 0 +2.425563907e-02 -2.528574436e+01 -2.528574436e+01 +3.5356e+00 +3.5154e+00 +9.7240e-01 +3.1843e+00 +2.4592e+00
407 0 +1.661594363e-02 -2.529338406e+01 -2.529338406e+01 +3.4880e+00 +3.5232e+00 +8.4923e-01 +3.1791e+00 +2.5140e+00
425 0 +1.353430215e-02 -2.529646570e+01 -2.529646570e+01 +3.3728e+00 +3.5738e+00 +8.7784e-01 +3.2152e+00 +2.4215e+00
461 0 +9.286984354e-03 -2.530071302e+01 -2.530071302e+01 +3.4546e+00 +3.5719e+00 +9.1376e-01 +3.1751e+00 +2.4481e+00
508 0 +5.776508666e-03 -2.530422349e+01 -2.530422349e+01 +3.4685e+00 +3.5609e+00 +8.6677e-01 +3.2219e+00 +2.3278e+00
562 0 +5.256385969e-03 -2.530474361e+01 -2.530474361e+01 +3.4439e+00 +3.5607e+00 +7.9718e-01 +3.2132e+00 +2.3937e+00
564 0 +4.511012872e-03 -2.530548899e+01 -2.530548899e+01 +3.5256e+00 +3.5506e+00 +8.8335e-01 +3.1902e+00 +2.3915e+00
589 0 +3.443786851e-03 -2.530655621e+01 -2.530655621e+01 +3.5120e+00 +3.5433e+00 +8.8178e-01 +3.2103e+00 +2.3798e+00
604 0 +7.540607915e-04 -2.530924594e+01 -2.530924594e+01 +3.4616e+00 +3.5404e+00 +8.6241e-01 +3.1634e+00 +2.3825e+00
647 0 +3.223481882e-04 -2.530967765e+01 -2.530967765e+01 +3.4807e+00 +3.5338e+00 +8.4035e-01 +3.1823e+00 +2.3901e+00
732 0 +2.624980184e-04 -2.530973750e+01 -2.530973750e+01 +3.4708e+00 +3.5381e+00 +8.4672e-01 +3.1734e+00 +2.3923e+00
735 0 +2.126282782e-04 -2.530978737e+01 -2.530978737e+01 +3.4758e+00 +3.5306e+00 +8.5612e-01 +3.1863e+00 +2.3750e+00
739 0 +1.308140637e-04 -2.530986919e+01 -2.530986919e+01 +3.4695e+00 +3.5245e+00 +8.5067e-01 +3.1910e+00 +2.3813e+00
780 0 +5.577718359e-05 -2.530994422e+01 -2.530994422e+01 +3.4675e+00 +3.5379e+00 +8.5339e-01 +3.1875e+00 +2.3820e+00
805 0 +1.441095747e-05 -2.530998559e+01 -2.530998559e+01 +3.4688e+00 +3.5354e+00 +8.5511e-01 +3.1850e+00 +2.3874e+00
810 0 +1.237814611e-05 -2.530998762e+01 -2.530998762e+01 +3.4714e+00 +3.5307e+00 +8.5393e-01 +3.1867e+00 +2.3870e+00
840 0 +9.294922297e-06 -2.530999071e+01 -2.530999071e+01 +3.4661e+00 +3.5319e+00 +8.5325e-01 +3.1873e+00 +2.3871e+00
901 0 +3.100373501e-06 -2.530999690e+01 -2.530999690e+01 +3.4687e+00 +3.5336e+00 +8.5246e-01 +3.1858e+00 +2.3886e+00
1093 0 +3.070171537e-06 -2.530999693e+01 -2.530999693e+01 +3.4693e+00 +3.5326e+00 +8.5325e-01 +3.1851e+00 +2.3862e+00
1114 0 +1.589125795e-06 -2.530999841e+01 -2.530999841e+01 +3.4698e+00 +3.5329e+00 +8.5218e-01 +3.1864e+00 +2.3869e+00
1144 0 +1.181568003e-06 -2.530999882e+01 -2.530999882e+01 +3.4694e+00 +3.5322e+00 +8.5337e-01 +3.1860e+00 +2.3872e+00
