% f evaluations | g evaluations | best noise-free fitness - Fopt (3.590000000000e+01) + sum g_i+ | measured fitness | best measured fitness or single-digit g-values | x1 | x2...
1 0 +3.090490570e+05 +3.090849570e+05 +3.090849570e+05 +5.9671e-01 -3.8264e-02 +7.4769e-01 +1.6230e+00 -1.3415e-01 -1.3414e-01 +1.6792e+00 +8.6743e-01 -3.6947e-01 +6.4256e-01
3 0 +2.688576330e+05 +2.688935330e+05 +2.688935330e+05 +1.5656e+00 -1.2578e-01 +1.6753e-01 -1.3247e+00 -4.4438e-01 +2.1092e-01 -1.0510e+00 +4.7570e-01 -5.0064e-01 -1.9169e-01
4 0 +2.638876136e+05 +2.639235136e+05 +2.639235136e+05 -5.0171e-01 +1.9523e+00 +8.6503e-02 -9.5771e-01 +9.2254e-01 -1.1208e+00 +3.0886e-01 -1.8597e+00 -1.2282e+00 +2.9686e-01
9 0 +2.231684420e+05 +2.232043420e+05 +2.232043420e+05 -1.1967e-01 +4.5711e-01 +1.5779e+00 -4.1827e-01 -7.0849e-01 -4.0176e-01 +1.0154e+00 +4.2875e-01 -4.2976e-01 +6.1327e-01
21 0 +1.923015603e+05 +1.923374603e+05 +1.923374603e+05 +4.5779e-01 +6.6078e-01 +1.1831e+00 +1.1538e+00 -1.2777e+00 -8.3783e-01 +6.1504e-01 +6.1379e-01 +6.1505e-01 +3.9527e+00
51 0 +6.369684359e+04 +6.373274359e+04 +6.373274359e+04 +2.6093e+00 +8.7203e-01 +3.3687e+00 +1.3013e+00 -2.3556e+00 -4.5539e-01 -1.5200e-01 -7.1811e-01 -5.0926e-01 -1.5983e+00
53 0 +6.230420631e+04 +6.234010631e+04 +6.234010631e+04 +1.6636e+00 +3.9557e-01 +3.0565e+00 -7.9880e-01 -1.4790e+00 -9.5269e-01 +3.8509e-01 -5.9677e-01 -1.5951e+00 +7.1372e-01
69 0 +3.698805161e+04 +3.702395161e+04 +3.702395161e+04 +1.9505e+00 +6.0194e-01 +3.4223e+00 -5.0040e-01 -7.6005e-01 -7.7848e-01 +5.3102e-01 +7.8203e-01 -3.1953e-01 +2.6876e+00
101 0 +2.013637195e+04 +2.017227195e+04 +2.017227195e+04 +2.5726e+00 +4.9451e+00 +3.0319e+00 -6.1296e-01 +1.9679e+00 -2.0279e+00 -4.0101e+00 -2.9455e+00 +1.1342e+00 +1.1093e-02
102 0 +5.855916613e+03 +5.891816613e+03 +5.891816613e+03 -1.9096e-01 +3.5354e+00 +4.7298e+00 -1.4456e+00 -3.6648e+00 -3.0622e+00 -1.6011e-01 -2.0584e+00 -1.1215e+00 +1.7708e+00
151 0 +1.323782935e+03 +1.359682935e+03 +1.359682935e+03 +3.8358e+00 +2.2380e+00 +3.8395e+00 +1.2863e+00 -3.9779e+00 -1.3109e+00 -2.6936e+00 -4.0159e-01 -4.8641e+00 +9.4977e-01
154 0 +8.028723766e+02 +8.387723766e+02 +8.387723766e+02 +1.3591e+00 +3.9008e+00 +4.3908e+00 -1.7445e+00 -2.4872e+00 -1.8782e+00 -1.3955e+00 +1.2618e+00 +3.3256e-02 +2.2148e+00
165 0 +1.359270077e+02 +1.718270077e+02 +1.718270077e+02 +5.3337e-01 +4.0600e+00 +4.3687e+00 -2.9725e+00 -2.3464e+00 -8.9753e-01 -4.7561e-01 -3.7647e+00 -8.4123e-01 +1.7748e+00
212 0 +1.259481816e+02 +1.618481816e+02 +1.618481816e+02 +4.7141e+00 +3.0815e+00 +4.7460e+00 -3.8044e-01 -1.4029e+00 -2.7219e+00 -8.0346e-01 -7.4460e-01 -3.2810e+00 +2.0405e+00
237 0 +6.891761197e+01 +1.048176120e+02 +1.048176120e+02 +2.4031e+00 +3.4229e+00 +2.3615e+00 -1.1920e+00 -2.7294e+00 -2.4330e+00 -1.0330e+00 -3.0661e+00 -3.7995e+00 +1.2809e+00
303 0 +6.196575565e+01 +9.786575565e+01 +9.786575565e+01 +2.3442e+00 +4.0095e+00 +3.5334e+00 -1.5149e-02 +9.6980e-02 -2.8499e+00 -3.9030e+00 -3.7662e+00 -2.6294e+00 +6.6197e-01
318 0 +3.875799361e+01 +7.465799361e+01 +7.465799361e+01 +2.1387e+00 +4.5849e+00 +3.1691e+00 +5.4723e-01 -3.5620e-01 -1.6223e+00 -2.2780e+00 -2.5687e+00 -2.6356e+00 -8.0828e-01
365 0 +3.166002173e+01 +6.756002173e+01 +6.756002173e+01 +1.2844e+00 +2.4155e+00 +3.3059e+00 +2.0048e+00 +7.2320e-01 -3.8657e+00 -1.6707e+00 -2.8156e+00 -3.6040e+00 -6.0057e-01
656 0 +2.318484540e+01 +5.908484540e+01 +5.908484540e+01 +2.3147e+00 +3.0877e+00 +3.0709e+00 +1.6207e+00 -9.0486e-01 -3.2864e+00 -2.5627e+00 -2.8842e+00 -4.2595e+00 -8.2792e-01
1233 0 +2.173957409e+01 +5.763957409e+01 +5.763957409e+01 +2.3112e+00 +2.3582e+00 +2.6615e+00 +1.1668e+00 -9.1463e-01 -3.0263e+00 -2.8019e+00 -2.2870e+00 -2.5081e+00 -1.1251e+00
1322 0 +1.573109407e+01 +5.163109407e+01 +5.163109407e+01 +2.2238e+00 +2.8654e+00 +3.0566e+00 +2.1392e+00 -1.0420e+00 -2.6703e+00 -2.7706e+00 -2.0879e+00 -3.9799e+00 -1.1542e+00
1357 0 +1.288115900e+01 +4.878115900e+01 +4.878115900e+01 +1.9074e+00 +2.3929e+00 +2.4134e+00 +1.6111e+00 -1.0422e+00 -3.0129e+00 -3.1143e+00 -2.3431e+00 -3.7674e+00 -1.5659e+00
1388 0 +1.254498045e+01 +4.844498045e+01 +4.844498045e+01 +2.3347e+00 +1.7717e+00 +3.0165e+00 +2.0334e+00 -1.4590e+00 -3.1928e+00 -2.5474e+00 -2.4216e+00 -3.9300e+00 -1.2292e+00
1656 0 +1.251957078e+01 +4.841957078e+01 +4.841957078e+01 +2.5210e+00 +1.9485e+00 +2.2147e+00 +2.2754e+00 -8.4707e-01 -3.5162e+00 -3.2599e+00 -2.3954e+00 -3.3611e+00 -9.3507e-01
1664 0 +1.220768003e+01 +4.810768003e+01 +4.810768003e+01 +2.1295e+00 +2.1687e+00 +2.5072e+00 +2.3132e+00 -1.0043e+00 -2.5944e+00 -3.3215e+00 -1.6911e+00 -2.9640e+00 -1.2203e+00
1719 0 +1.101155996e+01 +4.691155996e+01 +4.691155996e+01 +2.3836e+00 +1.9940e+00 +2.6180e+00 +2.9205e+00 -1.0431e+00 -3.2654e+00 -2.9369e+00 -2.0991e+00 -4.0312e+00 -9.9806e-01
1821 0 +9.757043295e+00 +4.565704330e+01 +4.565704330e+01 +2.6630e+00 +2.1421e+00 +2.7856e+00 +2.9309e+00 -5.9769e-01 -3.3741e+00 -3.7540e+00 -2.5503e+00 -3.5961e+00 -1.5909e+00
2181 0 +8.402711593e+00 +4.430271159e+01 +4.430271159e+01 +2.7107e+00 +2.2908e+00 +2.5870e+00 +3.0732e+00 -1.1929e+00 -2.8496e+00 -2.6771e+00 -1.6271e+00 -3.6899e+00 -1.4235e+00
2212 0 +7.718092914e+00 +4.361809291e+01 +4.361809291e+01 +2.4282e+00 +2.4191e+00 +2.4733e+00 +2.4521e+00 -1.1924e+00 -2.7581e+00 -2.8899e+00 -2.0790e+00 -3.5651e+00 -1.4655e+00
2233 0 +6.973849745e+00 +4.287384974e+01 +4.287384974e+01 +2.5880e+00 +1.8008e+00 +2.7338e+00 +2.6948e+00 -1.5003e+00 -2.8594e+00 -2.7998e+00 -1.9196e+00 -2.9729e+00 -1.6577e+00
2373 0 +6.844298009e+00 +4.274429801e+01 +4.274429801e+01 +2.6677e+00 +1.7363e+00 +2.6282e+00 +2.4669e+00 -1.1888e+00 -3.3769e+00 -3.0482e+00 -2.3687e+00 -3.6773e+00 -1.7783e+00
2432 0 +6.768657635e+00 +4.266865764e+01 +4.266865764e+01 +3.0003e+00 +2.1934e+00 +2.6225e+00 +2.4574e+00 -1.4483e+00 -2.8673e+00 -2.3684e+00 -2.2575e+00 -3.3840e+00 -1.8041e+00
% f evaluations | g evaluations | best noise-free fitness - Fopt (3.137000000000e+01) + sum g_i+ | measured fitness | best measured fitness or single-digit g-values | x1 | x2...
1 0 +1.643424689e+05 +1.643738389e+05 +1.643738389e+05 +5.9671e-01 -3.8264e-02 +7.4769e-01 +1.6230e+00 -1.3415e-01 -1.3414e-01 +1.6792e+00 +8.6743e-01 -3.6947e-01 +6.4256e-01
5 0 +1.017071090e+05 +1.017384790e+05 +1.017384790e+05 +8.3847e-01 +2.7137e-01 -1.5648e-02 -2.0110e-01 -1.3785e+00 -6.1984e-01 -3.6064e-01 +1.1571e+00 +4.4362e-01 -1.6630e+00
33 0 +6.327828245e+04 +6.330965245e+04 +6.330965245e+04 +1.9700e-01 +6.9516e-01 -7.1822e-01 +2.1924e+00 -9.0602e-01 -1.1142e+00 +1.2581e+00 +8.9166e-01 +7.2412e-01 +7.2835e-01
39 0 +6.154235215e+04 +6.157372215e+04 +6.157372215e+04 -7.3972e-01 -4.9939e-01 -2.0239e+00 -4.2576e-01 -6.5913e-01 +2.5039e-01 +4.4176e-01 +1.9762e+00 +1.0504e+00 -4.7690e-01
52 0 +1.912338130e+04 +1.915475130e+04 +1.915475130e+04 -3.9549e-01 +1.0908e+00 -3.4667e+00 +1.0820e+00 -1.1779e+00 -5.6667e-01 -1.8398e+00 +1.4177e+00 +5.9082e-01 +2.7962e-01
102 0 +1.714582711e+04 +1.717719711e+04 +1.717719711e+04 +5.5460e-01 +1.4269e+00 -3.7267e-01 +1.3767e+00 -2.0409e+00 -2.6027e+00 -2.6468e+00 +4.1581e+00 +2.7955e+00 +3.7157e-01
111 0 +6.923519658e+03 +6.954889658e+03 +6.954889658e+03 +2.1735e+00 -3.6600e-01 +1.5684e-01 -3.7480e-01 -3.6939e+00 -7.6485e-01 +2.1787e-01 +2.6889e+00 +2.2975e+00 +1.0857e+00
142 0 +6.499359169e+03 +6.530729169e+03 +6.530729169e+03 +5.9608e-01 +1.5009e+00 -8.4444e-01 -1.4107e+00 -2.6127e+00 -1.9920e+00 -1.2760e-01 +2.8104e+00 +5.8109e-01 +6.2396e-01
151 0 +1.365076455e+03 +1.396446455e+03 +1.396446455e+03 +2.1436e+00 +1.3456e+00 +3.7144e-01 -2.2213e+00 -2.0913e+00 -4.5805e+00 +8.7623e-01 +2.8272e+00 +3.6609e+00 +6.1729e-01
155 0 +7.704873910e+02 +8.018573910e+02 +8.018573910e+02 -9.8447e-02 +7.8346e-01 +1.6337e-01 +1.4741e+00 -3.0041e+00 -2.0168e+00 +1.2094e+00 +1.6428e+00 +2.7449e+00 -4.7900e-01
251 0 +2.141852019e+02 +2.455552019e+02 +2.455552019e+02 +2.8740e+00 +3.5002e+00 -2.6819e+00 -2.8774e+00 -4.4370e+00 -2.7403e+00 +2.7776e-01 +3.7427e+00 +3.4687e+00 +2.9796e+00
262 0 +7.772834143e+01 +1.090983414e+02 +1.090983414e+02 +6.2013e-01 +1.0621e+00 -1.5852e+00 -2.8814e-01 -4.0417e+00 -2.8393e+00 -1.9042e-01 +2.3984e+00 +2.2180e+00 +1.2200e+00
421 0 +7.016437464e+01 +1.015343746e+02 +1.015343746e+02 -4.6961e-02 +2.8646e+00 -2.7081e+00 +5.4984e-01 -3.5704e+00 -2.4881e+00 -1.2152e+00 +3.6275e+00 +2.1220e+00 +2.2047e+00
451 0 +6.282082317e+01 +9.419082317e+01 +9.419082317e+01 +5.9456e-01 +3.1201e+00 -9.2207e-01 +2.3803e+00 -1.1776e+00 -3.2543e+00 -9.9470e-01 +4.7670e+00 +2.1627e+00 +1.8355e+00
513 0 +4.775373690e+01 +7.912373690e+01 +7.912373690e+01 +1.2101e+00 +1.9711e+00 -5.8957e-01 +2.7706e+00 -2.9752e+00 -1.8811e+00 -8.8853e-01 +2.4353e+00 +2.4916e+00 +2.2759e-01
658 0 +4.498816774e+01 +7.635816774e+01 +7.635816774e+01 +1.4315e+00 +3.3099e+00 -3.4055e+00 +5.1014e-01 -2.7539e+00 -2.2776e+00 -3.0962e+00 +3.1605e+00 +6.6570e-01 +1.5657e+00
742 0 +4.361435577e+01 +7.498435577e+01 +7.498435577e+01 +1.7558e+00 +2.4216e+00 -2.2403e+00 +2.2796e+00 -3.7789e+00 -2.9341e+00 -3.1890e+00 +3.7025e+00 +1.1701e+00 +1.7204e+00
944 0 +3.899627713e+01 +7.036627713e+01 +7.036627713e+01 +1.7456e+00 +2.0964e+00 -1.8942e+00 +2.1303e+00 -2.7304e+00 -2.5532e+00 -1.7948e+00 +2.9496e+00 +9.6203e-01 +1.6005e+00
1029 0 +3.818987115e+01 +6.955987115e+01 +6.955987115e+01 +2.2109e+00 +2.8204e+00 -1.8894e+00 +3.0897e+00 -1.8348e+00 -1.9229e+00 -2.4105e+00 +3.4631e+00 +1.8186e+00 +1.7812e+00
1078 0 +3.622697630e+01 +6.759697630e+01 +6.759697630e+01 +3.4976e-01 +2.7271e+00 -2.4715e+00 +1.8001e+00 -3.3673e+00 -9.5303e-01 -2.6090e+00 +2.9855e+00 +2.1762e+00 +1.0399e+00
1102 0 +3.132444150e+01 +6.269444150e+01 +6.269444150e+01 +1.7317e+00 +2.6511e+00 -3.1245e+00 +3.8164e+00 -2.5814e+00 -1.5528e+00 -2.4823e+00 +3.4570e+00 +2.1872e+00 +1.0121e+00
1198 0 +2.826221446e+01 +5.963221446e+01 +5.963221446e+01 +8.5245e-01 +3.5477e+00 -2.8949e+00 +3.3107e+00 -2.9535e+00 -1.6278e+00 -3.6121e+00 +3.3510e+00 +2.0052e+00 +1.4326e+00
1247 0 +2.419972103e+01 +5.556972103e+01 +5.556972103e+01 +6.5597e-01 +3.1560e+00 -3.0633e+00 +2.4755e+00 -3.0067e+00 -1.7342e+00 -2.9928e+00 +3.1461e+00 +1.0827e+00 +1.4347e+00
1268 0 +2.290340063e+01 +5.427340063e+01 +5.427340063e+01 +6.3211e-01 +2.7478e+00 -2.7864e+00 +2.8763e+00 -2.4855e+00 -1.3229e+00 -2.4189e+00 +3.0268e+00 +1.7310e+00 +7.2313e-01
1371 0 +2.287120277e+01 +5.424120277e+01 +5.424120277e+01 +9.7945e-01 +2.6132e+00 -2.9467e+00 +2.9599e+00 -2.7065e+00 -2.0428e+00 -2.4120e+00 +3.2751e+00 +7.1895e-01 +7.0012e-01
1486 0 +1.675230967e+01 +4.812230967e+01 +4.812230967e+01 +7.9051e-01 +2.0609e+00 -2.9222e+00 +2.8958e+00 -2.8371e+00 -1.1092e+00 -2.9480e+00 +2.5215e+00 +1.8244e+00 +3.1231e-01
1632 0 +1.621303200e+01 +4.758303200e+01 +4.758303200e+01 +8.7229e-01 +2.4631e+00 -2.8289e+00 +2.9142e+00 -2.8789e+00 -1.3871e+00 -3.0443e+00 +2.8745e+00 +1.2293e+00 +9.2116e-01
1656 0 +1.436195487e+01 +4.573195487e+01 +4.573195487e+01 +6.9734e-01 +2.3800e+00 -3.4023e+00 +2.3960e+00 -2.8335e+00 -8.6479e-01 -3.3247e+00 +2.8487e+00 +1.4056e+00 +2.3328e-01
1732 0 +1.299912358e+01 +4.436912358e+01 +4.436912358e+01 +1.6575e-01 +2.6921e+00 -3.1471e+00 +2.4731e+00 -2.7608e+00 -9.6996e-01 -3.5515e+00 +3.4527e+00 +7.9689e-01 -8.2213e-02
1743 0 +1.275979606e+01 +4.412979606e+01 +4.412979606e+01 +1.1002e+00 +2.4820e+00 -2.9088e+00 +2.8409e+00 -2.4209e+00 -5.5416e-01 -3.2164e+00 +2.8465e+00 +1.1920e+00 +5.9941e-01
1755 0 +1.250591898e+01 +4.387591898e+01 +4.387591898e+01 +1.1287e+00 +2.4032e+00 -3.9065e+00 +2.9269e+00 -2.5780e+00 -3.4182e-01 -4.2517e+00 +3.1494e+00 +1.0637e+00 +4.7989e-01
1768 0 +1.231857032e+01 +4.368857032e+01 +4.368857032e+01 +5.6971e-03 +2.2381e+00 -3.5210e+00 +2.3389e+00 -3.0084e+00 -6.9153e-01 -3.6179e+00 +2.9182e+00 +1.0987e+00 +7.0354e-02
1815 0 +1.020504438e+01 +4.157504438e+01 +4.157504438e+01 +4.2775e-01 +2.3066e+00 -3.2711e+00 +2.7862e+00 -2.3546e+00 -7.1127e-01 -3.3945e+00 +3.2594e+00 +9.3606e-01 -1.5371e-01
1860 0 +7.658032890e+00 +3.902803289e+01 +3.902803289e+01 +6.4545e-01 +2.1536e+00 -3.2470e+00 +3.1160e+00 -2.6134e+00 -6.8613e-01 -3.0090e+00 +2.6698e+00 +4.5222e-01 +5.0027e-01
1890 0 +7.459080056e+00 +3.882908006e+01 +3.882908006e+01 +6.5968e-01 +2.4961e+00 -3.2256e+00 +3.2035e+00 -2.4150e+00 -8.2356e-01 -3.2829e+00 +2.8589e+00 +5.5684e-01 +3.0912e-01
1926 0 +7.035994166e+00 +3.840599417e+01 +3.840599417e+01 +4.7662e-01 +2.4557e+00 -3.3735e+00 +3.0215e+00 -2.4878e+00 -5.0197e-01 -3.5556e+00 +3.0313e+00 +5.5519e-01 +4.4367e-01
2148 0 +6.818208172e+00 +3.818820817e+01 +3.818820817e+01 +3.6996e-01 +2.5776e+00 -3.7811e+00 +3.1648e+00 -2.3346e+00 -3.5586e-01 -3.4302e+00 +2.8288e+00 +6.8001e-01 +6.9679e-01
2219 0 +6.567739756e+00 +3.793773976e+01 +3.793773976e+01 +5.4912e-01 +2.5702e+00 -3.4454e+00 +3.4356e+00 -2.4737e+00 -1.5509e-01 -3.1795e+00 +2.4380e+00 +7.3293e-01 +4.0420e-01
2270 0 +6.544973422e+00 +3.791497342e+01 +3.791497342e+01 +8.4623e-01 +2.4303e+00 -3.5884e+00 +3.3760e+00 -1.9726e+00 -1.8099e-02 -3.3171e+00 +2.8851e+00 +5.1590e-01 +6.8605e-01
2310 0 +6.272142905e+00 +3.764214290e+01 +3.764214290e+01 +4.7415e-01 +2.4932e+00 -3.4492e+00 +3.5994e+00 -2.0931e+00 -4.2368e-01 -3.0815e+00 +2.6453e+00 +8.3192e-01 +5.6242e-01
2342 0 +5.975432566e+00 +3.734543257e+01 +3.734543257e+01 +4.5419e-01 +2.1411e+00 -3.2100e+00 +3.4116e+00 -2.2691e+00 -3.9760e-01 -3.2045e+00 +2.7692e+00 +8.6780e-01 +4.9857e-01
2423 0 +5.860805772e+00 +3.723080577e+01 +3.723080577e+01 +5.9075e-01 +1.9468e+00 -3.5301e+00 +3.1376e+00 -2.1402e+00 -9.6980e-02 -2.9821e+00 +2.5689e+00 +5.3395e-01 +5.4363e-01
2465 0 +5.507960151e+00 +3.687796015e+01 +3.687796015e+01 +3.9412e-01 +2.1146e+00 -3.3583e+00 +3.5633e+00 -2.1642e+00 -3.5846e-01 -2.8674e+00 +2.5744e+00 +5.5516e-01 +7.4326e-01
2479 0 +5.471074397e+00 +3.684107440e+01 +3.684107440e+01 +3.6360e-01 +1.8730e+00 -3.5594e+00 +3.5773e+00 -2.0612e+00 -4.8002e-01 -2.6622e+00 +2.5807e+00 +5.8305e-01 +5.4347e-01
% f evaluations | g evaluations | best noise-free fitness - Fopt (-1.000000000000e+03) + sum g_i+ | measured fitness | best measured fitness or single-digit g-values | x1 | x2...
1 0 +2.725748886e+05 +2.715748886e+05 +2.715748886e+05 +5.9671e-01 -3.8264e-02 +7.4769e-01 +1.6230e+00 -1.3415e-01 -1.3414e-01 +1.6792e+00 +8.6743e-01 -3.6947e-01 +6.4256e-01
9 0 +2.315698115e+05 +2.305698115e+05 +2.305698115e+05 -1.1967e-01 +4.5711e-01 +1.5779e+00 -4.1827e-01 -7.0849e-01 -4.0176e-01 +1.0154e+00 +4.2875e-01 -4.2976e-01 +6.1327e-01
12 0 +2.069264728e+05 +2.059264728e+05 +2.059264728e+05 -1.8188e+00 +7.3486e-02 +1.6023e-01 +2.5632e+00 -9.2361e-02 +4.0155e-01 +6.5288e-02 -1.0687e+00 +1.2428e+00 +8.5193e-01
21 0 +1.426838322e+05 +1.416838322e+05 +1.416838322e+05 +4.5779e-01 +6.6078e-01 +1.1831e+00 +1.1538e+00 -1.2777e+00 -8.3783e-01 +6.1504e-01 +6.1379e-01 +6.1505e-01 +3.9527e+00
51 0 +1.115741387e+05 +1.105741387e+05 +1.105741387e+05 -1.4389e-01 -1.8153e-02 +1.3703e+00 +1.0117e+00 -2.3684e+00 -5.3382e-01 +4.7702e-01 +9.5226e-01 -9.8283e-01 +3.5240e+00
54 0 +1.070860379e+05 +1.060860379e+05 +1.060860379e+05 -1.3684e+00 +5.0106e-01 +1.2457e+00 +2.6688e-01 -1.2915e+00 -5.3381e-01 +1.0057e+00 -2.7459e-01 -9.9853e-01 +3.3913e+00
55 0 +1.023908692e+05 +1.013908692e+05 +1.013908692e+05 -6.0925e-02 +8.2829e-01 +2.3939e+00 +2.4174e+00 -7.4263e-01 -1.3740e+00 +2.2400e+00 +4.0183e-01 -1.2011e+00 +3.7963e+00
56 0 +7.474788300e+04 +7.374788300e+04 +7.374788300e+04 +7.6337e-01 +3.3948e-01 +1.2760e+00 -4.2396e-01 -1.2505e+00 -1.9107e+00 +2.6384e+00 -4.1897e-01 -1.2170e+00 +3.8313e+00
77 0 +3.349078496e+04 +3.249078496e+04 +3.249078496e+04 -1.4793e+00 -2.2721e+00 +1.5885e+00 +2.7576e+00 +4.0678e-02 -3.0957e+00 +2.7805e+00 -4.3897e+00 -1.2820e+00 +1.6835e+00
101 0 +4.130748251e+03 +3.130748251e+03 +3.130748251e+03 -9.1137e-01 -2.0639e+00 +3.5873e+00 +4.7881e+00 -8.1269e-01 -1.9740e+00 +2.5030e+00 -3.3960e+00 -7.6468e-01 +4.5005e+00
251 0 +2.397996695e+03 +1.397996695e+03 +1.397996695e+03 -3.3241e+00 -3.7489e+00 +2.6759e+00 -2.0230e-01 -4.6544e+00 -4.9091e+00 +8.7421e-01 -3.5973e+00 +3.1427e+00 +4.9790e+00
305 0 +2.200067012e+03 +1.200067012e+03 +1.200067012e+03 -2.0235e-01 -1.6111e+00 +1.4728e+00 +1.1979e+00 -2.1055e+00 -9.7145e-01 +6.9454e-01 -3.8847e+00 -9.6572e-01 +4.1724e+00
355 0 +1.452175382e+03 +4.521753823e+02 +4.521753823e+02 -1.1599e+00 -1.8328e+00 +7.7925e-01 +2.4837e+00 -3.4249e+00 -3.5705e-01 -4.0439e-01 -4.6215e+00 -1.3040e-01 +3.7376e+00
403 0 +5.661980318e+02 -4.338019682e+02 -4.338019682e+02 -2.4866e+00 -4.4082e+00 +1.8938e+00 +2.4752e+00 -4.4955e+00 -4.5711e-01 +1.6298e+00 -4.3475e+00 -1.0447e+00 +4.2223e+00
404 0 +2.343191760e+02 -7.656808240e+02 -7.656808240e+02 -1.6957e+00 -4.7377e+00 +2.3880e+00 +2.0104e+00 -3.0476e+00 +4.0314e-01 +2.7491e+00 -4.3396e+00 -3.0117e-01 +2.7335e+00
409 0 +9.921431564e+01 -9.007856844e+02 -9.007856844e+02 -1.6638e+00 -4.2855e+00 +3.4542e+00 +3.2319e+00 -4.0593e+00 -1.2371e-02 -5.9983e-01 -2.7299e+00 -4.0377e-01 +4.3220e+00
507 0 +4.781640780e+01 -9.521835922e+02 -9.521835922e+02 -1.7974e-01 -3.9061e+00 +3.6589e+00 +3.7537e+00 -1.5775e+00 -5.8491e-01 +1.8467e+00 -4.7974e+00 +3.2262e-01 +3.8938e+00
639 0 +4.723900092e+01 -9.527609991e+02 -9.527609991e+02 -1.9153e-01 -2.4467e+00 +4.0628e+00 +2.7190e+00 -2.5454e+00 -7.2265e-01 -1.9140e-02 -1.9933e+00 -1.1494e+00 +4.5885e+00
706 0 +3.923413890e+01 -9.607658611e+02 -9.607658611e+02 +3.0657e-01 -4.4932e+00 +4.4063e+00 +3.1016e+00 -1.1307e+00 -1.0300e+00 +1.4386e-01 -3.7560e+00 -6.7247e-01 +4.4177e+00
725 0 +2.777156363e+01 -9.722284364e+02 -9.722284364e+02 -2.5426e-01 -3.8989e+00 +4.7651e+00 +3.2556e+00 -1.3168e+00 -3.1688e-01 +7.8922e-01 -3.9415e+00 -5.8754e-01 +3.3977e+00
790 0 +2.689060919e+01 -9.731093908e+02 -9.731093908e+02 -6.9626e-01 -3.4963e+00 +3.6099e+00 +2.5597e+00 -8.4247e-01 -3.6523e-01 +5.4971e-01 -4.1153e+00 +3.0132e-02 +3.5605e+00
813 0 +2.355780879e+01 -9.764421912e+02 -9.764421912e+02 -3.2526e-01 -2.3625e+00 +2.9544e+00 +3.4072e+00 -1.5466e+00 -2.5725e-01 +1.0261e+00 -4.4017e+00 -1.4319e+00 +3.2745e+00
897 0 +1.240794436e+01 -9.875920556e+02 -9.875920556e+02 +8.5125e-01 -2.8459e+00 +3.5334e+00 +3.3790e+00 -1.1973e+00 -3.0013e-01 -1.3553e-01 -4.1867e+00 -5.0223e-01 +3.3919e+00
1684 0 +1.175039580e+01 -9.882496042e+02 -9.882496042e+02 -3.0567e-01 -3.4837e+00 +3.3734e+00 +4.0252e+00 -6.5646e-01 -9.8556e-02 +9.2544e-01 -4.9471e+00 -5.0261e-01 +2.1764e+00
1748 0 +1.162376182e+01 -9.883762382e+02 -9.883762382e+02 +3.9554e-02 -3.2858e+00 +3.4729e+00 +4.4330e+00 -1.9887e-01 -6.6944e-01 +9.0500e-01 -4.6130e+00 -3.5512e-01 +2.0498e+00
1765 0 +1.086233901e+01 -9.891376610e+02 -9.891376610e+02 -1.9442e-01 -3.2030e+00 +3.2883e+00 +3.8777e+00 -3.6287e-01 -7.3639e-01 +8.5626e-01 -4.6235e+00 -7.9701e-01 +2.2988e+00
1874 0 +1.013837196e+01 -9.898616280e+02 -9.898616280e+02 +1.8898e-01 -3.3362e+00 +3.3745e+00 +3.3826e+00 -7.8033e-01 -6.0154e-01 +2.4075e-01 -4.1785e+00 -7.5814e-01 +2.8480e+00
1947 0 +1.000041550e+01 -9.899995845e+02 -9.899995845e+02 -7.3066e-02 -3.2438e+00 +3.2840e+00 +3.9987e+00 -7.7108e-01 -3.1466e-01 +5.1971e-01 -4.6863e+00 -6.6956e-01 +2.6470e+00
1994 0 +9.235484798e+00 -9.907645152e+02 -9.907645152e+02 +6.2466e-02 -3.3583e+00 +3.4169e+00 +3.8257e+00 -1.0215e+00 -4.2629e-01 +3.8335e-01 -4.2773e+00 -1.0938e+00 +2.5913e+00
2039 0 +8.070541453e+00 -9.919294585e+02 -9.919294585e+02 +9.2203e-02 -3.1607e+00 +3.6438e+00 +3.7675e+00 -9.5249e-01 -3.3216e-01 +3.9449e-01 -4.0656e+00 -5.7009e-01 +2.1772e+00
2088 0 +8.002784844e+00 -9.919972152e+02 -9.919972152e+02 -2.2158e-01 -3.1563e+00 +3.4226e+00 +3.9043e+00 -1.0553e+00 +8.7903e-02 +3.7137e-02 -4.1262e+00 -7.9069e-01 +2.7384e+00
2092 0 +6.958455963e+00 -9.930415440e+02 -9.930415440e+02 -1.0504e-01 -3.3709e+00 +3.6162e+00 +3.6032e+00 -1.3916e+00 +1.1908e-02 -2.1957e-01 -3.9890e+00 -7.0529e-01 +2.3196e+00
2104 0 +6.668998749e+00 -9.933310013e+02 -9.933310013e+02 +5.1154e-02 -3.0001e+00 +3.3898e+00 +3.7139e+00 -1.2665e+00 +8.6265e-02 -2.7446e-02 -4.7472e+00 -1.2786e+00 +2.4781e+00
2131 0 +6.426836078e+00 -9.935731639e+02 -9.935731639e+02 -2.7213e-01 -3.2224e+00 +3.4452e+00 +3.7312e+00 -1.1370e+00 -2.9987e-02 -1.0281e-01 -4.1158e+00 -6.3279e-01 +2.2807e+00
2175 0 +6.028790597e+00 -9.939712094e+02 -9.939712094e+02 -3.5027e-01 -3.5519e+00 +3.2062e+00 +3.7749e+00 -1.1362e+00 -6.8595e-02 -8.1020e-02 -4.3696e+00 -8.3420e-01 +2.0787e+00
2209 0 +3.996979600e+00 -9.960030204e+02 -9.960030204e+02 -1.2426e-01 -3.3848e+00 +3.1453e+00 +3.6066e+00 -7.5738e-01 -1.4110e-01 -2.0540e-01 -4.5020e+00 -8.2152e-01 +2.2975e+00
% f evaluations | g evaluations | best noise-free fitness - Fopt (1.319200000000e+02) + sum g_i+ | measured fitness | best measured fitness or single-digit g-values | x1 | x2...
1 0 +5.885807765e+05 +5.887126965e+05 +5.887126965e+05 +5.9671e-01 -3.8264e-02 +7.4769e-01 +1.6230e+00 -1.3415e-01 -1.3414e-01 +1.6792e+00 +8.6743e-01 -3.6947e-01 +6.4256e-01
2 0 +5.199055727e+05 +5.200374927e+05 +5.200374927e+05 -3.6342e-01 -3.6573e-01 +3.4196e-01 -1.8133e+00 -1.6249e+00 -4.6229e-01 -9.1283e-01 +4.1425e-01 -8.0802e-01 -1.3123e+00
5 0 +3.766513236e+05 +3.767832436e+05 +3.767832436e+05 +8.3847e-01 +2.7137e-01 -1.5648e-02 -2.0110e-01 -1.3785e+00 -6.1984e-01 -3.6064e-01 +1.1571e+00 +4.4362e-01 -1.6630e+00
8 0 +3.728570265e+05 +3.729889465e+05 +3.729889465e+05 +4.6140e-01 +1.6380e+00 +6.4174e-02 +1.6646e+00 -2.5197e+00 +9.2190e-01 +1.8705e-01 -1.9901e-01 +1.9176e-01 -1.8876e+00
39 0 +2.359326861e+05 +2.360646061e+05 +2.360646061e+05 -7.3972e-01 -4.9939e-01 -2.0239e+00 -4.2576e-01 -6.5913e-01 +2.5039e-01 +4.4176e-01 +1.9762e+00 +1.0504e+00 -4.7690e-01
51 0 +2.210006942e+05 +2.211326142e+05 +2.211326142e+05 -2.2124e+00 +8.2330e-01 -3.2919e+00 +1.4038e+00 -1.0083e+00 +1.9860e+00 +1.1731e+00 +1.9329e+00 +1.8639e+00 -5.9373e-03
59 0 +1.953301059e+05 +1.954620259e+05 +1.954620259e+05 -1.8541e+00 -1.3631e+00 -7.8362e-01 +1.0901e+00 -3.2767e+00 -8.4620e-01 +6.2952e-01 +2.2727e+00 +1.7845e+00 -1.6687e+00
64 0 +6.357708793e+04 +6.370900793e+04 +6.370900793e+04 -1.3622e+00 +3.2598e+00 -2.9250e+00 -4.5688e-01 -2.7929e+00 +5.6414e-01 -1.5777e+00 +2.3023e+00 +1.8787e+00 -1.1469e+00
104 0 +3.538132956e+04 +3.551324956e+04 +3.551324956e+04 -9.9370e-01 +2.9134e+00 -2.8805e+00 -8.7220e-01 -3.6633e+00 -1.1786e+00 -3.2384e+00 +4.6418e+00 +2.2302e+00 -9.2621e-01
152 0 +2.380929154e+04 +2.394121154e+04 +2.394121154e+04 -2.0284e+00 +2.6535e+00 -4.5887e+00 +4.6097e-01 -3.0069e+00 +1.6814e+00 -3.3808e+00 +2.9695e+00 +1.7009e+00 +1.0108e+00
251 0 +1.877535460e+04 +1.890727460e+04 +1.890727460e+04 -4.9630e+00 +3.4548e+00 -4.6821e+00 +4.0185e+00 -4.8879e+00 -1.6268e+00 -3.2410e+00 +2.6958e+00 -1.3445e+00 -1.4809e+00
252 0 +1.464472304e+04 +1.477664304e+04 +1.477664304e+04 -4.6849e+00 +8.2598e-01 -3.7297e+00 +2.1713e+00 -3.1037e+00 -3.1701e+00 -1.5890e+00 +3.9093e+00 -4.5325e-01 -9.7928e-01
301 0 +1.390260273e+04 +1.403452273e+04 +1.403452273e+04 -4.8846e+00 +3.0065e+00 -4.5970e+00 -2.3643e+00 -4.7084e+00 -3.4571e-01 -4.1978e+00 +3.3671e+00 -5.3475e-01 +3.3054e+00
353 0 +1.175710101e+04 +1.188902101e+04 +1.188902101e+04 -3.4856e+00 +3.3453e+00 -3.0607e+00 -6.9278e-01 -3.0049e+00 +3.7702e-01 -4.7105e+00 +3.6407e+00 +1.4491e-01 +1.2745e+00
357 0 +3.114295937e+03 +3.246215937e+03 +3.246215937e+03 -4.5852e+00 +4.3340e+00 -4.4607e+00 -2.0508e+00 -3.8999e+00 -1.6048e+00 -2.4988e+00 +2.1055e+00 -6.4000e-01 -2.7520e-01
451 0 +6.888934378e+02 +8.208134378e+02 +8.208134378e+02 -3.6024e+00 +1.1596e+00 -4.7044e+00 -3.2020e-01 -4.5899e+00 -1.1403e+00 -4.7169e+00 +4.7628e+00 -2.3420e-01 +2.4685e+00
452 0 +3.909190704e+02 +5.228390704e+02 +5.228390704e+02 -4.2585e+00 +3.7612e+00 -4.2285e+00 -8.3282e-02 -4.2538e+00 -7.2152e-01 -3.3967e+00 +4.2993e+00 +8.0752e-01 -5.5265e-01
502 0 +6.407535292e+01 +1.959953529e+02 +1.959953529e+02 -4.4001e+00 +1.9375e+00 -4.3089e+00 +1.8082e+00 -4.9747e+00 -2.0601e-01 -4.0383e+00 +4.6479e+00 -6.3245e-01 +4.0255e-01
554 0 +5.612990215e+01 +1.880499022e+02 +1.880499022e+02 -4.6182e+00 +2.7724e+00 -3.6125e+00 +2.6345e+00 -4.1768e+00 +2.0231e+00 -4.9210e+00 +3.9224e+00 -7.3420e-01 +4.0123e-01
558 0 +4.545400153e+01 +1.773740015e+02 +1.773740015e+02 -4.6592e+00 +3.8115e+00 -4.9084e+00 -9.2517e-02 -3.3731e+00 +8.1565e-02 -3.8709e+00 +3.6812e+00 -1.4338e+00 -3.9708e-01
562 0 +4.207973790e+01 +1.739997379e+02 +1.739997379e+02 -4.1587e+00 +3.2419e+00 -4.4744e+00 -1.2319e+00 -4.2742e+00 -7.8148e-01 -4.0172e+00 +2.9920e+00 -6.7365e-01 +1.8241e+00
617 0 +3.016377224e+01 +1.620837722e+02 +1.620837722e+02 -4.6963e+00 +2.0047e+00 -3.9495e+00 -1.4250e-01 -2.8710e+00 +8.5524e-01 -2.8955e+00 +4.0698e+00 +7.8131e-01 +3.4085e-01
725 0 +2.674556281e+01 +1.586655628e+02 +1.586655628e+02 -4.2174e+00 +2.0773e+00 -3.8874e+00 +7.4826e-01 -3.2278e+00 +1.2539e+00 -4.0893e+00 +4.5161e+00 -6.2179e-01 +1.2039e+00
787 0 +2.388138795e+01 +1.558013880e+02 +1.558013880e+02 -4.0185e+00 +1.7419e+00 -4.6510e+00 +7.2603e-01 -3.2850e+00 +4.5502e-01 -4.4431e+00 +3.8333e+00 -7.9204e-01 +2.1260e+00
827 0 +2.309438660e+01 +1.550143866e+02 +1.550143866e+02 -4.7567e+00 +1.9620e+00 -4.0707e+00 +4.9829e-01 -3.7798e+00 +9.3029e-01 -3.8883e+00 +3.9050e+00 -7.5863e-01 +1.8236e+00
829 0 +2.181986826e+01 +1.537398683e+02 +1.537398683e+02 -4.6807e+00 +2.0793e+00 -4.8999e+00 +2.9270e-01 -3.4136e+00 +1.4814e+00 -3.7205e+00 +3.5489e+00 -2.8305e-01 +1.7373e+00
955 0 +1.893266573e+01 +1.508526657e+02 +1.508526657e+02 -4.5106e+00 +2.8053e+00 -4.2416e+00 +9.3374e-01 -2.8213e+00 +1.9620e+00 -3.7677e+00 +4.0597e+00 -1.1011e+00 +1.4237e+00
1009 0 +1.718931530e+01 +1.491093153e+02 +1.491093153e+02 -4.0639e+00 +2.5700e+00 -3.5027e+00 +2.4164e-01 -2.8697e+00 +1.3509e+00 -4.0294e+00 +3.8332e+00 -8.9354e-01 +1.8889e+00
1085 0 +1.267206107e+01 +1.445920611e+02 +1.445920611e+02 -4.6175e+00 +1.6648e+00 -4.0356e+00 +6.5050e-01 -2.8683e+00 +1.2374e+00 -3.8078e+00 +3.9918e+00 -6.1440e-01 +2.2263e+00
1282 0 +1.047115612e+01 +1.423911561e+02 +1.423911561e+02 -4.7719e+00 +1.8163e+00 -3.7420e+00 +3.7536e-01 -2.4890e+00 +1.2961e+00 -3.6744e+00 +4.2722e+00 -1.3365e+00 +2.3108e+00
1516 0 +7.155001268e+00 +1.390750013e+02 +1.390750013e+02 -4.7075e+00 +2.5521e+00 -3.8779e+00 -4.9334e-02 -1.9260e+00 +1.5944e+00 -3.4154e+00 +4.0937e+00 -1.7769e+00 +1.9571e+00
1631 0 +4.829693763e+00 +1.367496938e+02 +1.367496938e+02 -4.7211e+00 +2.4662e+00 -3.6399e+00 +3.7952e-01 -2.0096e+00 +2.2925e+00 -3.1777e+00 +3.8589e+00 -1.2015e+00 +2.1467e+00
2185 0 +3.823449816e+00 +1.357434498e+02 +1.357434498e+02 -4.7863e+00 +1.9195e+00 -3.6753e+00 +2.8565e-01 -2.2070e+00 +2.1765e+00 -3.4043e+00 +3.9406e+00 -1.2066e+00 +2.4899e+00
2318 0 +3.821111025e+00 +1.357411110e+02 +1.357411110e+02 -4.4811e+00 +1.8137e+00 -3.6927e+00 +2.1771e-01 -2.2145e+00 +2.0335e+00 -3.2747e+00 +3.8892e+00 -1.2634e+00 +2.3818e+00
2389 0 +3.787054008e+00 +1.357070540e+02 +1.357070540e+02 -4.5497e+00 +2.0283e+00 -3.8809e+00 +2.7516e-01 -2.3021e+00 +2.1353e+00 -3.5160e+00 +3.7950e+00 -1.4442e+00 +2.6140e+00
2392 0 +3.406393173e+00 +1.353263932e+02 +1.353263932e+02 -4.7786e+00 +2.1563e+00 -3.6731e+00 +9.0920e-02 -2.1970e+00 +2.1595e+00 -3.5483e+00 +3.6671e+00 -1.5785e+00 +2.5328e+00
% f evaluations | g evaluations | best noise-free fitness - Fopt (5.908400000000e+02) + sum g_i+ | measured fitness | best measured fitness or single-digit g-values | x1 | x2...
1 0 +7.245945316e+03 +7.836785316e+03 +7.836785316e+03 +5.9671e-01 -3.8264e-02 +7.4769e-01 +1.6230e+00 -1.3415e-01 -1.3414e-01 +1.6792e+00 +8.6743e-01 -3.6947e-01 +6.4256e-01
11 0 +1.374302282e+02 +7.282702282e+02 +7.282702282e+02 -1.3154e+00 -3.2065e-01 -2.4271e-01 -7.0228e-01 -6.1286e-02 +5.0405e-01 +1.9862e+00 +2.7458e-01 +3.5755e-01 +2.5554e-02
30 0 +1.218067021e+02 +7.126467021e+02 +7.126467021e+02 -1.0812e-01 -3.9300e-01 -4.8936e-01 +9.4960e-01 +4.5702e-01 -5.9291e-01 +9.9960e-01 +4.0730e-01 +9.1286e-01 +7.2963e-01
33 0 +1.179064277e+02 +7.087464277e+02 +7.087464277e+02 +1.9700e-01 +6.9516e-01 -7.1822e-01 +2.1924e+00 -9.0602e-01 -1.1142e+00 +1.2581e+00 +8.9166e-01 +7.2412e-01 +7.2835e-01
57 0 +1.104013940e+02 +7.012413940e+02 +7.012413940e+02 -1.0822e+00 -3.9365e-01 -1.4153e+00 +5.1463e-01 +1.0116e+00 -4.5315e-01 +2.5751e+00 +5.0890e-01 +6.3960e-01 +1.5136e-01
273 0 +6.233673759e+01 +6.531767376e+02 +6.531767376e+02 -1.9537e+00 +2.2372e-01 -1.3057e+00 -1.5559e+00 -2.2771e+00 +1.8308e+00 +3.8650e+00 +3.2167e-01 +3.5332e+00 -2.9019e+00
637 0 +6.006240890e+01 +6.509024089e+02 +6.509024089e+02 -6.1711e-01 -7.5576e-02 -3.0997e+00 +1.4983e+00 -3.1847e+00 +3.3996e-01 +2.4761e+00 +1.5122e+00 +3.9135e+00 -2.3083e+00
894 0 +5.428017162e+01 +6.451201716e+02 +6.451201716e+02 +5.0531e-02 -8.9063e-01 -2.3089e+00 -1.3513e+00 -2.2324e+00 -2.6620e-01 +3.0431e+00 +1.3448e+00 +3.0318e+00 -1.8098e+00
910 0 +3.358078948e+01 +6.244207895e+02 +6.244207895e+02 -4.1464e-01 -1.0713e+00 -1.9381e+00 -1.0621e-01 -1.2287e+00 +2.7338e-01 +2.5834e+00 -4.3600e-01 +3.2680e+00 -2.0866e+00
1251 0 +2.546194574e+01 +6.163019457e+02 +6.163019457e+02 -9.6581e-01 -2.7258e+00 -2.2532e+00 -2.4180e-01 -4.6093e-01 +9.0191e-01 +3.4369e+00 +3.2069e-01 +3.2976e+00 -2.8629e+00
1277 0 +2.509683975e+01 +6.159368397e+02 +6.159368397e+02 -2.3535e-01 -2.1578e+00 -3.5821e+00 -1.4949e-01 -1.3760e+00 +1.9721e-01 +3.3011e+00 +4.9183e-01 +4.7135e+00 -2.6643e+00
1379 0 +2.297084886e+01 +6.138108489e+02 +6.138108489e+02 +1.7970e-01 -2.2755e+00 -3.2194e+00 -1.0954e+00 -8.6532e-01 +9.5251e-02 +2.6585e+00 +4.1684e-01 +3.4390e+00 -1.8502e+00
1419 0 +2.196901475e+01 +6.128090147e+02 +6.128090147e+02 -4.5084e-02 -1.4265e+00 -2.6434e+00 -4.5471e-01 -1.3316e+00 +7.3252e-01 +2.5865e+00 +3.4141e-01 +2.7574e+00 -2.1893e+00
1644 0 +2.133212129e+01 +6.121721213e+02 +6.121721213e+02 +4.1150e-01 -2.5692e+00 -3.0889e+00 -5.0208e-01 -5.5315e-01 +6.7085e-01 +3.1495e+00 +9.9374e-01 +3.4401e+00 -2.2553e+00
1669 0 +1.793667381e+01 +6.087766738e+02 +6.087766738e+02 +2.8728e-01 -2.3261e+00 -3.1194e+00 -9.6416e-01 -1.2527e-01 +3.1475e-01 +2.7740e+00 +3.0374e-01 +2.9052e+00 -2.0061e+00
1672 0 +1.446395201e+01 +6.053039520e+02 +6.053039520e+02 +1.4257e-01 -2.4058e+00 -3.3048e+00 -5.1985e-01 -7.6133e-01 +2.9592e-01 +2.8320e+00 +1.8889e-01 +2.4351e+00 -2.1042e+00
1728 0 +1.397689380e+01 +6.048168938e+02 +6.048168938e+02 +9.0721e-01 -2.5349e+00 -3.5776e+00 -1.4551e+00 -5.6513e-01 +2.7716e-01 +3.2998e+00 +5.1625e-01 +4.1180e+00 -2.2550e+00
1818 0 +1.259975206e+01 +6.034397521e+02 +6.034397521e+02 +4.6116e-01 -2.5895e+00 -2.9919e+00 -5.0145e-01 -5.7719e-01 +4.0114e-01 +3.4961e+00 -8.7788e-02 +3.1598e+00 -2.5866e+00
2020 0 +1.239731434e+01 +6.032373143e+02 +6.032373143e+02 +3.1137e-01 -2.8186e+00 -3.1535e+00 -1.0097e+00 -2.6369e-01 +7.8928e-01 +3.1677e+00 +2.7150e-01 +3.0537e+00 -1.9080e+00
2029 0 +1.222081116e+01 +6.030608112e+02 +6.030608112e+02 +3.4369e-01 -2.0908e+00 -3.5720e+00 -7.8894e-01 -9.1709e-01 +5.6984e-01 +3.2705e+00 -9.7158e-02 +3.1367e+00 -2.7465e+00
2077 0 +9.933260183e+00 +6.007732602e+02 +6.007732602e+02 +1.0594e-01 -3.2068e+00 -3.3009e+00 -7.5537e-01 +5.0665e-01 +8.6769e-01 +2.9651e+00 -2.2693e-01 +2.9852e+00 -2.0162e+00
2089 0 +8.980465750e+00 +5.998204657e+02 +5.998204657e+02 +9.3344e-01 -2.9003e+00 -2.8982e+00 -5.8047e-01 -7.7889e-01 +3.3516e-01 +2.8388e+00 -3.3714e-02 +3.1431e+00 -1.9185e+00
2123 0 +7.278588156e+00 +5.981185882e+02 +5.981185882e+02 +7.0306e-01 -2.8235e+00 -2.8724e+00 -2.7189e-01 -7.8722e-01 +7.9986e-01 +3.1231e+00 -2.0401e-01 +3.4079e+00 -2.1274e+00
2246 0 +7.083050633e+00 +5.979230506e+02 +5.979230506e+02 +5.2048e-01 -3.3349e+00 -4.2721e+00 -1.3657e+00 -2.3105e-01 +8.1669e-01 +3.0778e+00 -1.1983e-01 +4.2406e+00 -2.2178e+00
2252 0 +7.065675125e+00 +5.979056751e+02 +5.979056751e+02 +8.3719e-01 -2.9320e+00 -3.9690e+00 -7.2007e-01 -1.0394e-01 +4.0846e-01 +3.1043e+00 +4.0764e-02 +3.6672e+00 -2.4517e+00
2273 0 +5.711461880e+00 +5.965514619e+02 +5.965514619e+02 +8.2616e-01 -2.7738e+00 -3.5519e+00 -7.5553e-01 -2.7412e-01 +6.6704e-01 +2.8951e+00 -1.7602e-01 +3.7060e+00 -2.2602e+00
2397 0 +5.013059466e+00 +5.958530595e+02 +5.958530595e+02 +9.6599e-01 -3.2014e+00 -3.7936e+00 -1.1670e+00 +2.4921e-02 +8.8990e-01 +3.2965e+00 -7.4429e-02 +3.9647e+00 -2.0923e+00
2426 0 +2.750469605e+00 +5.935904696e+02 +5.935904696e+02 +7.1995e-01 -3.0265e+00 -3.4508e+00 -7.9124e-01 -5.6532e-01 +8.7896e-01 +2.8312e+00 -3.6826e-01 +3.2420e+00 -2.3264e+00
% f evaluations | g evaluations | best noise-free fitness - Fopt (6.749000000000e+01) + sum g_i+ | measured fitness | best measured fitness or single-digit g-values | x1 | x2...
1 0 +1.379411307e+05 +1.380086207e+05 +1.380086207e+05 +5.9671e-01 -3.8264e-02 +7.4769e-01 +1.6230e+00 -1.3415e-01 -1.3414e-01 +1.6792e+00 +8.6743e-01 -3.6947e-01 +6.4256e-01
12 0 +8.747920287e+04 +8.754669287e+04 +8.754669287e+04 -1.8188e+00 +7.3486e-02 +1.6023e-01 +2.5632e+00 -9.2361e-02 +4.0155e-01 +6.5288e-02 -1.0687e+00 +1.2428e+00 +8.5193e-01
21 0 +6.523583802e+04 +6.530332802e+04 +6.530332802e+04 +4.5779e-01 +6.6078e-01 +1.1831e+00 +1.1538e+00 -1.2777e+00 -8.3783e-01 +6.1504e-01 +6.1379e-01 +6.1505e-01 +3.9527e+00
52 0 +3.424022131e+04 +3.430771131e+04 +3.430771131e+04 -2.3256e+00 -7.9139e-01 +5.5302e-01 +4.6256e+00 -5.0097e-01 -7.9933e-01 +2.9917e+00 +5.3003e-01 +1.5114e+00 +2.7502e+00
55 0 +1.945336749e+04 +1.952085749e+04 +1.952085749e+04 -2.7423e-01 -1.7092e+00 +1.2336e+00 +1.3891e+00 -2.7271e-01 -1.3876e+00 +2.4018e+00 -9.7094e-02 +7.5027e-01 +3.3880e+00
56 0 +5.495315453e+03 +5.562805453e+03 +5.562805453e+03 -2.5908e+00 -1.8398e+00 -2.8578e+00 +1.9181e+00 -3.7266e-01 -1.4500e+00 +1.7930e+00 -3.5500e-01 +3.6327e+00 +2.9767e+00
101 0 +3.732586337e+03 +3.800076337e+03 +3.800076337e+03 +2.6732e+00 -1.3890e+00 -5.7582e-02 +4.9748e+00 -1.1785e+00 -4.1773e+00 +4.6455e+00 -3.5290e+00 +3.5952e+00 +3.0178e+00
102 0 +2.398641339e+03 +2.466131339e+03 +2.466131339e+03 -4.5768e-01 -3.8151e+00 +5.7370e-01 +1.8833e+00 +5.0232e-01 -4.5886e+00 +3.3585e+00 -6.6208e-01 +4.2558e+00 +3.7645e+00
105 0 +1.770006530e+02 +2.444906530e+02 +2.444906530e+02 -5.8766e-01 -4.4386e+00 -2.2299e+00 +4.2556e+00 -9.2005e-01 -3.0483e+00 +4.5627e+00 -1.2804e-01 +5.4207e-01 +3.3739e+00
106 0 +1.031164477e+02 +1.706064477e+02 +1.706064477e+02 +4.9950e-01 -4.4327e+00 -1.3819e+00 +1.5261e+00 -1.0876e+00 -2.0663e+00 +4.3305e+00 -2.2511e+00 +2.9002e+00 +2.5977e+00
442 0 +1.016340973e+02 +1.691240973e+02 +1.691240973e+02 -1.0055e+00 -1.8241e+00 +4.5027e-01 +2.6084e+00 +7.7214e-01 -4.3308e+00 +4.4448e+00 -2.4020e+00 +2.1344e+00 +2.5676e+00
466 0 +5.724937237e+01 +1.247393724e+02 +1.247393724e+02 -4.3984e-01 -2.0080e+00 +2.6461e-01 +5.2199e-01 -3.4128e-03 -1.9502e+00 +3.8470e+00 -4.2633e+00 +3.3814e+00 +3.0606e+00
473 0 +5.322233385e+01 +1.207123338e+02 +1.207123338e+02 +7.1006e-01 -2.2155e+00 -4.0667e-01 +2.3311e+00 +1.1670e+00 -2.3168e+00 +4.7805e+00 -2.3993e+00 +1.9241e+00 +1.9217e+00
711 0 +5.188671774e+01 +1.193767177e+02 +1.193767177e+02 -2.3641e-01 +5.3382e-01 -1.8515e+00 +2.6812e-01 +5.4827e-01 -1.0192e+00 +4.4662e+00 -4.6105e+00 +3.9877e+00 +1.8538e+00
712 0 +5.148544110e+01 +1.189754411e+02 +1.189754411e+02 -3.6956e-01 -1.9092e+00 -2.6844e+00 +6.7834e-01 +1.3058e+00 -1.5225e+00 +4.7752e+00 -4.7839e+00 +4.3863e+00 +7.6834e-01
732 0 +4.955485758e+01 +1.170448576e+02 +1.170448576e+02 +3.0932e-01 -1.0299e+00 -4.0592e-01 +9.3088e-01 +3.6265e-01 -1.1081e+00 +4.6344e+00 -4.4054e+00 +3.7816e+00 +3.0184e+00
742 0 +4.797470551e+01 +1.154647055e+02 +1.154647055e+02 +5.0949e-01 -2.3382e+00 -1.4625e+00 +4.9192e-01 +3.9772e-01 -1.9020e+00 +4.1596e+00 -4.0405e+00 +3.2161e+00 +1.5464e+00
835 0 +4.664386297e+01 +1.141338630e+02 +1.141338630e+02 +1.5636e-01 -1.2114e+00 -8.9928e-02 +4.6263e-01 +1.3533e+00 -2.7381e+00 +4.2624e+00 -3.1745e+00 +2.7896e+00 +2.9793e+00
874 0 +4.638494725e+01 +1.138749472e+02 +1.138749472e+02 +2.6129e-01 -1.8165e+00 +8.2512e-01 +7.2304e-01 -4.3596e-01 -1.0559e+00 +2.9409e+00 -3.8116e+00 +3.1192e+00 +2.5916e+00
906 0 +4.590521976e+01 +1.133952198e+02 +1.133952198e+02 -6.7441e-02 -5.9284e-01 -5.7845e-01 +9.6392e-01 +6.8933e-01 -1.5085e+00 +4.0489e+00 -3.6902e+00 +3.0545e+00 +3.3152e+00
911 0 +4.327023279e+01 +1.107602328e+02 +1.107602328e+02 -6.2597e-01 -6.1888e-01 -5.9202e-01 +2.9680e-01 +2.4776e-01 -1.0949e+00 +3.0197e+00 -3.0600e+00 +2.4417e+00 +1.8463e+00
948 0 +3.588528055e+01 +1.033752805e+02 +1.033752805e+02 -9.2432e-01 -8.2743e-02 +2.1384e-01 +4.1916e-01 +9.8544e-01 -1.6926e+00 +3.4175e+00 -3.3849e+00 +3.5253e+00 +1.9864e+00
1030 0 +3.392088370e+01 +1.014108837e+02 +1.014108837e+02 -3.0180e-01 -1.2650e+00 -7.3331e-01 -7.1830e-01 +1.0936e+00 -1.2266e+00 +3.3115e+00 -3.5783e+00 +3.7306e+00 +2.5528e+00
1119 0 +2.689123549e+01 +9.438123549e+01 +9.438123549e+01 -1.1845e+00 -5.2305e-01 +2.7350e-02 +1.1143e+00 +1.8828e+00 -1.2746e+00 +3.7562e+00 -2.9412e+00 +3.2653e+00 +2.3012e+00
1282 0 +2.572839479e+01 +9.321839479e+01 +9.321839479e+01 -5.2235e-01 -1.4859e+00 -3.3433e-01 +4.8519e-01 +1.2866e+00 -1.2443e+00 +2.9886e+00 -3.6217e+00 +4.1119e+00 +2.1099e+00
1319 0 +2.156436813e+01 +8.905436813e+01 +8.905436813e+01 -4.8091e-01 -8.0864e-01 -2.8859e-01 +1.0015e+00 +1.7872e+00 -1.0450e+00 +3.2970e+00 -3.7121e+00 +2.8741e+00 +9.5273e-01
1455 0 +2.033657342e+01 +8.782657342e+01 +8.782657342e+01 -4.1458e-01 -6.8235e-01 +4.4547e-02 +1.1952e+00 +2.4514e+00 -8.1135e-01 +3.0506e+00 -2.4769e+00 +1.6876e+00 +1.7157e+00
1472 0 +1.613083376e+01 +8.362083376e+01 +8.362083376e+01 -9.7756e-01 -8.0556e-01 -1.5085e-01 +1.3263e+00 +2.5862e+00 -9.1840e-01 +3.3127e+00 -3.2742e+00 +3.2734e+00 +1.4709e+00
1515 0 +1.475674010e+01 +8.224674010e+01 +8.224674010e+01 -1.3498e+00 -1.5498e+00 -2.7982e-01 +9.7851e-01 +2.8055e+00 -5.9922e-01 +3.7167e+00 -3.2138e+00 +3.0550e+00 +2.7553e-01
1534 0 +1.460694377e+01 +8.209694377e+01 +8.209694377e+01 -8.4474e-01 -1.7140e+00 -3.7400e-01 +7.4416e-01 +2.3724e+00 -8.6699e-01 +2.9220e+00 -2.9490e+00 +3.6664e+00 +9.8831e-01
1553 0 +1.410593773e+01 +8.159593773e+01 +8.159593773e+01 -8.2236e-01 -1.8959e+00 -1.0379e-01 +8.0790e-01 +2.7730e+00 -5.0503e-01 +3.4245e+00 -2.5694e+00 +3.8592e+00 +9.1497e-01
1557 0 +1.329776274e+01 +8.078776274e+01 +8.078776274e+01 -8.6773e-01 -8.4883e-01 -1.9674e-01 +6.5486e-01 +2.2308e+00 -5.3477e-02 +2.5931e+00 -2.6066e+00 +3.6319e+00 +1.4191e+00
1583 0 +1.233773627e+01 +7.982773627e+01 +7.982773627e+01 -1.1393e-01 -1.3407e+00 +1.1992e-01 +7.9960e-01 +2.4120e+00 -9.4641e-01 +2.6575e+00 -3.4199e+00 +3.8774e+00 +7.6819e-01
1634 0 +1.057482136e+01 +7.806482136e+01 +7.806482136e+01 -5.1032e-01 -7.6910e-01 +1.0867e-01 +6.4221e-01 +2.8098e+00 -3.6734e-01 +2.5808e+00 -3.2742e+00 +3.4478e+00 +1.7927e+00
1808 0 +1.007937695e+01 +7.756937695e+01 +7.756937695e+01 -2.7627e-01 -1.4093e+00 +1.5878e-01 +7.2622e-01 +2.5134e+00 -3.7737e-01 +2.8228e+00 -3.4381e+00 +3.6947e+00 +1.3115e+00
1936 0 +9.801286670e+00 +7.729128667e+01 +7.729128667e+01 -7.5082e-01 -1.6713e+00 -3.4318e-01 +8.8278e-02 +2.6905e+00 -2.0068e-01 +2.6725e+00 -3.4341e+00 +4.5582e+00 +1.1443e+00
1985 0 +9.444471244e+00 +7.693447124e+01 +7.693447124e+01 -9.0950e-01 -8.3321e-01 -1.4153e-01 +8.9921e-01 +2.3859e+00 +5.7603e-02 +2.7359e+00 -3.6217e+00 +4.2159e+00 +1.0079e+00
2008 0 +9.234616926e+00 +7.672461693e+01 +7.672461693e+01 -5.0040e-01 -8.3382e-01 +2.6742e-02 +9.9512e-01 +2.1663e+00 +1.3210e-01 +2.8556e+00 -3.7849e+00 +3.6942e+00 +7.1095e-01
2017 0 +8.537256676e+00 +7.602725668e+01 +7.602725668e+01 -5.3157e-01 -1.2324e+00 +4.2138e-01 +1.1345e+00 +2.2343e+00 +1.7849e-01 +2.8634e+00 -3.6519e+00 +3.3278e+00 +5.3346e-01
2034 0 +8.117077746e+00 +7.560707775e+01 +7.560707775e+01 -7.7198e-01 -1.0403e+00 -1.1161e-01 +9.4331e-01 +2.4591e+00 +8.9358e-02 +2.4705e+00 -3.1010e+00 +3.7407e+00 +9.4368e-01
2098 0 +7.024067051e+00 +7.451406705e+01 +7.451406705e+01 -6.9520e-01 -1.4812e+00 +6.4850e-01 +5.7120e-01 +2.4054e+00 -1.0594e-01 +2.7293e+00 -2.9550e+00 +3.5020e+00 +5.0430e-01
2269 0 +6.555873114e+00 +7.404587311e+01 +7.404587311e+01 -2.9575e-01 -1.2511e+00 +5.2258e-01 +2.7515e-01 +2.6294e+00 -4.1241e-01 +2.5142e+00 -2.8991e+00 +3.3946e+00 +7.5486e-01
2389 0 +6.497228567e+00 +7.398722857e+01 +7.398722857e+01 -5.4369e-01 -9.9554e-01 +2.9566e-01 +6.5810e-01 +2.5619e+00 -1.5578e-01 +2.7172e+00 -3.3698e+00 +3.5961e+00 +1.0087e+00
2442 0 +6.412137893e+00 +7.390213789e+01 +7.390213789e+01 -4.8023e-01 -1.6173e+00 +3.9148e-02 +1.5904e-01 +2.8366e+00 -2.9432e-01 +2.6111e+00 -3.2641e+00 +3.5791e+00 +9.3983e-01
% f evaluations | g evaluations | best noise-free fitness - Fopt (3.085000000000e+01) + sum g_i+ | measured fitness | best measured fitness or single-digit g-values | x1 | x2...
1 0 +3.157382535e+05 +3.157691035e+05 +3.157691035e+05 +5.9671e-01 -3.8264e-02 +7.4769e-01 +1.6230e+00 -1.3415e-01 -1.3414e-01 +1.6792e+00 +8.6743e-01 -3.6947e-01 +6.4256e-01
2 0 +1.188176023e+05 +1.188484523e+05 +1.188484523e+05 -3.6342e-01 -3.6573e-01 +3.4196e-01 -1.8133e+00 -1.6249e+00 -4.6229e-01 -9.1283e-01 +4.1425e-01 -8.0802e-01 -1.3123e+00
5 0 +1.158634390e+05 +1.158942890e+05 +1.158942890e+05 +8.3847e-01 +2.7137e-01 -1.5648e-02 -2.0110e-01 -1.3785e+00 -6.1984e-01 -3.6064e-01 +1.1571e+00 +4.4362e-01 -1.6630e+00
54 0 +8.453984453e+04 +8.457069453e+04 +8.457069453e+04 -8.1804e-01 -4.9026e-01 +1.5950e-01 +5.2452e-03 +1.2219e+00 -1.2329e+00 -7.9191e-01 -2.8844e-02 -9.3456e-01 -2.9136e+00
55 0 +7.373702333e+04 +7.376787333e+04 +7.376787333e+04 -3.4389e-01 -3.0465e-01 +5.0969e-01 -5.1308e-01 +7.0732e-01 -1.1918e+00 -5.4914e-01 +1.8403e+00 -1.0916e-01 -2.4625e+00
58 0 +4.938010235e+04 +4.941095235e+04 +4.941095235e+04 -2.8830e-01 -3.3685e-01 -3.7739e-01 +3.9337e-01 +1.0271e-01 -7.2376e-01 +5.0185e-01 +1.6393e+00 -4.8664e-01 -4.0733e+00
101 0 +1.154140171e+04 +1.157225171e+04 +1.157225171e+04 +7.2722e-02 -5.5667e-01 -2.6344e+00 -1.8531e-01 +2.1047e+00 -1.1486e+00 -3.4922e+00 +1.3211e+00 -2.6034e+00 -3.3308e+00
102 0 +2.762317029e+03 +2.793167029e+03 +2.793167029e+03 +1.8129e+00 +1.8961e-01 -1.2797e+00 -2.1451e+00 +3.0496e+00 -1.8684e+00 -1.0386e+00 +3.7696e+00 -1.9608e+00 -4.2622e+00
251 0 +2.527860345e+03 +2.558710345e+03 +2.558710345e+03 +1.7360e+00 -7.9329e-01 -1.8060e+00 -4.8809e+00 +1.3717e+00 +2.9601e+00 -3.8508e+00 +3.3862e+00 -3.7815e+00 -4.9293e+00
402 0 +1.230990809e+02 +1.539490809e+02 +1.539490809e+02 +2.0279e+00 -1.0723e+00 -2.7878e+00 -1.3702e+00 +3.6930e+00 -2.8068e+00 -3.1216e+00 +3.7535e+00 +1.3520e-01 -4.6464e+00
404 0 +1.061250019e+02 +1.369750019e+02 +1.369750019e+02 -2.6021e-01 -1.6900e+00 -4.0814e+00 -1.8009e+00 +4.5377e+00 -1.4126e+00 -2.6176e+00 +2.4630e+00 -1.8583e+00 -4.6344e+00
462 0 +4.447029472e+01 +7.532029472e+01 +7.532029472e+01 +1.8033e+00 -1.8488e+00 -1.6652e+00 -1.5562e+00 +2.3358e+00 +1.0461e+00 -2.7379e+00 +3.4357e+00 -2.4091e+00 -4.3830e+00
607 0 +4.227395060e+01 +7.312395060e+01 +7.312395060e+01 +1.8419e+00 -1.4519e+00 -2.6827e+00 -2.6028e+00 +2.5725e+00 +1.0264e+00 -1.8120e+00 +3.2727e+00 -2.0566e+00 -4.6539e+00
689 0 +2.938365744e+01 +6.023365744e+01 +6.023365744e+01 +2.2609e+00 -3.1958e+00 -2.0532e+00 -1.8019e+00 +1.9945e+00 +5.4918e-01 -1.7491e+00 +3.1776e+00 -1.3731e+00 -4.1569e+00
780 0 +2.529408470e+01 +5.614408470e+01 +5.614408470e+01 +1.7488e+00 -2.6012e+00 -1.8940e+00 -2.4393e+00 +2.4243e+00 +1.1069e+00 -1.6267e+00 +2.6395e+00 -1.5003e+00 -4.2782e+00
922 0 +2.442368500e+01 +5.527368500e+01 +5.527368500e+01 +2.6685e+00 -3.7945e+00 -1.0458e+00 -1.9346e+00 +1.9668e+00 +3.4352e-01 -1.8572e+00 +2.7762e+00 -1.0215e+00 -3.9171e+00
931 0 +2.333564191e+01 +5.418564191e+01 +5.418564191e+01 +3.3069e+00 -4.4986e+00 -1.2288e+00 -2.4507e+00 +3.3941e+00 +1.5033e+00 -1.8367e+00 +3.8208e+00 -2.3446e+00 -3.7723e+00
989 0 +1.149145809e+01 +4.234145809e+01 +4.234145809e+01 +3.0274e+00 -3.6523e+00 -4.6725e-01 -2.2040e+00 +3.1039e+00 +9.5660e-01 -9.3064e-01 +2.8329e+00 -2.0841e+00 -3.3862e+00
1211 0 +1.065975215e+01 +4.150975215e+01 +4.150975215e+01 +2.5411e+00 -2.4887e+00 -6.3930e-01 -2.3723e+00 +1.8131e+00 +1.0917e+00 -1.1284e+00 +2.8087e+00 -2.0124e+00 -3.5354e+00
1417 0 +1.029618558e+01 +4.114618558e+01 +4.114618558e+01 +2.2812e+00 -3.7300e+00 -7.8139e-01 -2.2983e+00 +2.9672e+00 +8.7523e-01 -7.7469e-01 +2.2314e+00 -2.1248e+00 -3.8043e+00
1467 0 +7.867443285e+00 +3.871744328e+01 +3.871744328e+01 +2.9042e+00 -3.5862e+00 -9.1899e-01 -1.9859e+00 +2.6611e+00 +1.1942e+00 -5.7529e-01 +2.8330e+00 -1.9746e+00 -3.7758e+00
1508 0 +7.533954691e+00 +3.838395469e+01 +3.838395469e+01 +2.2451e+00 -2.9055e+00 -2.1412e-01 -3.1171e+00 +2.3756e+00 +1.2012e+00 -2.7839e-01 +2.4424e+00 -2.1805e+00 -3.9397e+00
1579 0 +7.305920484e+00 +3.815592048e+01 +3.815592048e+01 +2.5661e+00 -3.2469e+00 -1.0139e+00 -2.0628e+00 +2.5122e+00 +8.9868e-01 -9.7454e-01 +2.6234e+00 -2.1592e+00 -3.4082e+00
1733 0 +5.450050193e+00 +3.630005019e+01 +3.630005019e+01 +2.5056e+00 -3.1990e+00 -7.5836e-01 -2.2262e+00 +2.2183e+00 +8.9502e-01 -4.2474e-01 +2.3773e+00 -1.9991e+00 -3.6352e+00
1992 0 +5.344226714e+00 +3.619422671e+01 +3.619422671e+01 +2.6098e+00 -3.4484e+00 -6.8388e-01 -2.0797e+00 +2.1026e+00 +7.4660e-01 -4.9615e-01 +2.4121e+00 -1.8650e+00 -3.5844e+00
2149 0 +5.001506177e+00 +3.585150618e+01 +3.585150618e+01 +2.4191e+00 -3.6055e+00 -4.9075e-01 -2.2957e+00 +2.1792e+00 +9.2403e-01 -8.4477e-01 +2.3212e+00 -2.0211e+00 -3.3563e+00
2182 0 +4.741826716e+00 +3.559182672e+01 +3.559182672e+01 +2.5224e+00 -3.9592e+00 -3.8616e-01 -2.6433e+00 +2.4729e+00 +1.0231e+00 -6.0591e-01 +2.4736e+00 -2.1111e+00 -3.3605e+00
2222 0 +3.394406660e+00 +3.424440666e+01 +3.424440666e+01 +2.5085e+00 -3.5922e+00 -4.3952e-01 -2.5085e+00 +2.2805e+00 +9.7687e-01 -4.8814e-01 +2.4496e+00 -2.2234e+00 -3.2127e+00
2388 0 +3.237963538e+00 +3.408796354e+01 +3.408796354e+01 +2.6142e+00 -3.5758e+00 -4.5346e-01 -2.5925e+00 +1.9689e+00 +7.8539e-01 -2.7102e-01 +2.1434e+00 -1.9940e+00 -3.5463e+00
2406 0 +3.184926196e+00 +3.403492620e+01 +3.403492620e+01 +2.6243e+00 -3.6433e+00 -6.4054e-01 -2.4233e+00 +2.0638e+00 +9.7365e-01 -4.8595e-01 +2.0181e+00 -1.9636e+00 -3.4261e+00
2483 0 +2.832039187e+00 +3.368203919e+01 +3.368203919e+01 +2.5509e+00 -3.5514e+00 -6.2793e-01 -2.3883e+00 +1.8869e+00 +1.0464e+00 -5.0361e-01 +2.0980e+00 -2.0349e+00 -3.3002e+00
% f evaluations | g evaluations | best noise-free fitness - Fopt (-1.255000000000e+01) + sum g_i+ | measured fitness | best measured fitness or single-digit g-values | x1 | x2...
1 0 +5.623986172e+05 +5.623860672e+05 +5.623860672e+05 +5.9671e-01 -3.8264e-02 +7.4769e-01 +1.6230e+00 -1.3415e-01 -1.3414e-01 +1.6792e+00 +8.6743e-01 -3.6947e-01 +6.4256e-01
6 0 +3.534377773e+05 +3.534252273e+05 +3.534252273e+05 +4.2408e-01 -2.8508e-01 -5.7692e-01 +7.1168e-01 +1.1310e+00 +1.0313e+00 -7.3922e-01 -2.0921e-01 +4.3126e-01 +1.0755e+00
12 0 +3.036977624e+05 +3.036852124e+05 +3.036852124e+05 -1.8188e+00 +7.3486e-02 +1.6023e-01 +2.5632e+00 -9.2361e-02 +4.0155e-01 +6.5288e-02 -1.0687e+00 +1.2428e+00 +8.5193e-01
38 0 +1.716953995e+05 +1.716828495e+05 +1.716828495e+05 +1.2451e-01 +5.9800e-01 +1.5511e+00 +1.0593e+00 +2.2532e+00 -6.6735e-01 +9.7232e-01 +2.8334e-01 +2.2898e+00 -7.0830e-01
51 0 +6.224678239e+04 +6.223423239e+04 +6.223423239e+04 +4.1709e-01 +5.5593e-01 -1.3494e+00 +3.7284e+00 +6.0431e-01 +3.1903e-02 -4.5654e-01 +3.3445e-02 +4.6795e+00 +1.3888e+00
52 0 +2.221508641e+04 +2.220253641e+04 +2.220253641e+04 +1.5275e+00 +1.9564e+00 -1.3568e-01 +3.7125e+00 +6.0709e-01 +7.3270e-01 +1.7402e-01 -4.2124e-01 +2.8445e+00 +5.0194e-01
102 0 +2.131633176e+03 +2.119083176e+03 +2.119083176e+03 +2.2439e+00 +4.8367e+00 -1.2297e+00 +3.6704e+00 +4.8107e+00 -2.0518e-01 -1.4459e+00 -1.5266e+00 +2.7852e+00 +4.8707e-01
153 0 +1.879003772e+02 +1.753503772e+02 +1.753503772e+02 +2.2876e+00 +3.5160e+00 -1.8821e+00 +4.3722e+00 +4.9165e+00 +1.4597e+00 -2.4962e+00 -3.3666e-01 +4.9981e+00 +1.2116e+00
206 0 +1.576350626e+02 +1.450850626e+02 +1.450850626e+02 +1.6575e+00 +1.3979e+00 +6.9015e-01 +4.6070e+00 +3.6505e+00 +2.6227e+00 -2.2078e-01 -4.6812e-01 +3.1323e+00 +4.5933e-01
207 0 +1.120647982e+02 +9.951479818e+01 +9.951479818e+01 +4.5117e+00 +3.2839e+00 -5.6562e-01 +4.7205e+00 +4.6841e+00 -1.9107e+00 -2.7562e+00 -2.0158e+00 +2.2610e+00 +8.6973e-01
208 0 +1.116967833e+02 +9.914678330e+01 +9.914678330e+01 +3.4543e+00 +2.3570e+00 +3.4609e-01 +3.8884e+00 +1.9071e+00 -1.0184e+00 -5.0857e-02 -8.7295e-01 +4.7552e+00 +2.4853e-01
263 0 +1.036486703e+02 +9.109867030e+01 +9.109867030e+01 +4.2847e+00 +1.7554e+00 -2.3440e+00 +3.2596e+00 +3.7586e+00 -1.5122e+00 -1.2820e+00 -1.6398e+00 +3.9755e+00 -1.3937e+00
354 0 +8.563647776e+01 +7.308647776e+01 +7.308647776e+01 +3.3741e+00 +4.5043e+00 +1.5013e+00 +4.2728e+00 +3.6380e+00 -1.6049e+00 -2.8844e+00 -1.5810e+00 +3.6821e+00 +6.4075e-01
415 0 +6.705198221e+01 +5.450198221e+01 +5.450198221e+01 +3.5520e+00 +3.3195e+00 -2.9713e-02 +4.1726e+00 +2.7886e+00 -4.6817e+00 -2.1220e+00 -1.0291e-01 +3.2432e+00 +6.8587e-01
441 0 +5.139601013e+01 +3.884601013e+01 +3.884601013e+01 +3.5132e+00 +3.3867e+00 +1.4121e+00 +3.4168e+00 +2.0324e+00 -2.4606e+00 -1.2350e+00 -1.3649e+00 +3.0519e+00 +1.3046e+00
487 0 +4.865522578e+01 +3.610522578e+01 +3.610522578e+01 +4.6497e+00 +2.8541e+00 +5.5348e-01 +2.6847e+00 +7.4870e-01 -3.4518e+00 -8.1243e-01 -2.1075e+00 +3.5084e+00 -9.9818e-01
603 0 +4.604472136e+01 +3.349472136e+01 +3.349472136e+01 +4.7359e+00 +2.1164e+00 +1.3292e+00 +3.3849e+00 +1.4381e+00 -2.4228e+00 -3.0923e+00 -4.5178e-01 +3.7039e+00 +4.6263e-01
607 0 +4.333135798e+01 +3.078135798e+01 +3.078135798e+01 +3.5973e+00 +1.3445e+00 +1.7691e+00 +2.6925e+00 +3.5290e+00 -2.0184e+00 -7.1699e-01 +2.2983e-01 +3.8940e+00 -1.5397e-01
659 0 +4.324857635e+01 +3.069857635e+01 +3.069857635e+01 +4.0244e+00 +2.4266e+00 +1.5514e+00 +3.1756e+00 +1.7957e+00 -2.7145e+00 -9.9649e-01 -9.0706e-01 +3.8654e+00 -6.5557e-01
708 0 +2.587127885e+01 +1.332127885e+01 +1.332127885e+01 +2.7022e+00 +3.0117e+00 +3.7004e+00 +3.2846e+00 +2.2617e+00 -3.0280e+00 -1.1047e+00 -1.7094e-01 +3.3022e+00 -1.2282e+00
865 0 +2.475677839e+01 +1.220677839e+01 +1.220677839e+01 +4.0521e+00 +2.5959e+00 +2.2598e+00 +2.9175e+00 +2.8872e+00 -2.2772e+00 -2.1366e+00 -9.4709e-01 +2.9407e+00 -1.6240e-01
976 0 +2.354456402e+01 +1.099456402e+01 +1.099456402e+01 +3.8407e+00 +2.1032e+00 +1.3884e+00 +2.3707e+00 +2.6575e+00 -2.1355e+00 -2.0572e+00 -1.1699e+00 +2.9515e+00 +5.2161e-02
1018 0 +2.346527795e+01 +1.091527795e+01 +1.091527795e+01 +3.4356e+00 +3.2175e+00 +1.2005e+00 +2.6274e+00 +1.3891e+00 -3.9217e+00 -1.4212e+00 -1.1773e+00 +3.0342e+00 -2.6253e-01
1039 0 +2.309448252e+01 +1.054448252e+01 +1.054448252e+01 +3.8320e+00 +2.8849e+00 +1.8769e+00 +2.6864e+00 +1.4528e+00 -3.2858e+00 -1.8825e+00 -5.1833e-01 +3.5325e+00 -9.2525e-01
1066 0 +2.247677123e+01 +9.926771231e+00 +9.926771231e+00 +3.9098e+00 +2.8771e+00 +2.2026e+00 +2.7034e+00 +1.9930e+00 -3.0328e+00 -1.5302e+00 -8.8015e-01 +3.1486e+00 -6.8542e-01
1141 0 +2.139328834e+01 +8.843288344e+00 +8.843288344e+00 +3.6735e+00 +3.0400e+00 +1.8106e+00 +2.6410e+00 +2.7072e+00 -3.3594e+00 -1.7534e+00 -7.0960e-01 +3.0141e+00 -7.7015e-01
1162 0 +2.022062762e+01 +7.670627615e+00 +7.670627615e+00 +2.9729e+00 +2.1615e+00 +1.5097e+00 +2.4169e+00 +2.7063e+00 -2.5566e+00 -2.0432e+00 -7.9877e-01 +3.0949e+00 +2.9886e-03
1220 0 +1.883613868e+01 +6.286138685e+00 +6.286138685e+00 +3.4609e+00 +2.4692e+00 +1.6035e+00 +2.6897e+00 +2.8208e+00 -3.2244e+00 -1.8619e+00 -3.4886e-01 +2.7940e+00 -8.8516e-01
1244 0 +1.820022045e+01 +5.650220455e+00 +5.650220455e+00 +3.1767e+00 +2.0742e+00 +2.2503e+00 +2.1939e+00 +2.8572e+00 -2.9112e+00 -1.0088e+00 -7.3927e-01 +3.4321e+00 -9.5346e-01
1246 0 +1.288165351e+01 +3.316535135e-01 +3.316535135e-01 +3.5805e+00 +3.0221e+00 +2.0149e+00 +2.1559e+00 +1.9366e+00 -3.3730e+00 -1.5921e+00 -6.0822e-01 +3.2207e+00 -9.5524e-01
1426 0 +1.271550102e+01 +1.655010210e-01 +1.655010210e-01 +3.0904e+00 +2.6719e+00 +1.7546e+00 +1.8863e+00 +2.3987e+00 -2.4651e+00 -1.7703e+00 -6.9414e-01 +3.5965e+00 -2.1679e+00
1468 0 +1.256366758e+01 +1.366757846e-02 +1.366757846e-02 +2.7624e+00 +3.4558e+00 +2.0058e+00 +2.1394e+00 +2.1854e+00 -3.0715e+00 -1.9146e+00 -9.8607e-01 +2.8572e+00 -5.9662e-01
1523 0 +1.111343578e+01 -1.436564223e+00 -1.436564223e+00 +3.0973e+00 +2.4520e+00 +2.8066e+00 +2.3556e+00 +2.7293e+00 -2.6519e+00 -1.9497e+00 -6.5948e-01 +2.3904e+00 -2.8294e-01
1532 0 +1.082729149e+01 -1.722708507e+00 -1.722708507e+00 +3.2682e+00 +2.3547e+00 +2.2777e+00 +1.9415e+00 +2.7598e+00 -2.5825e+00 -1.7975e+00 -6.1323e-01 +3.2122e+00 -1.2460e+00
1652 0 +1.027249605e+01 -2.277503945e+00 -2.277503945e+00 +3.6876e+00 +2.3405e+00 +1.6741e+00 +2.4412e+00 +2.3495e+00 -3.2686e+00 -2.4683e+00 -9.5260e-01 +2.2972e+00 -7.3350e-01
1713 0 +9.978997349e+00 -2.571002651e+00 -2.571002651e+00 +3.1554e+00 +2.3538e+00 +2.3224e+00 +2.2457e+00 +2.6323e+00 -2.5978e+00 -1.8047e+00 -7.0024e-01 +2.8126e+00 -1.2739e+00
1860 0 +9.576877024e+00 -2.973122976e+00 -2.973122976e+00 +3.8522e+00 +2.3334e+00 +1.9586e+00 +2.1028e+00 +2.1871e+00 -3.1695e+00 -2.5063e+00 -7.0329e-01 +2.8268e+00 -5.3302e-01
1901 0 +7.075191084e+00 -5.474808916e+00 -5.474808916e+00 +3.3950e+00 +2.6180e+00 +2.8046e+00 +2.1254e+00 +2.2864e+00 -2.9092e+00 -2.3593e+00 -6.5631e-01 +2.8865e+00 -7.4091e-01
1946 0 +6.935753141e+00 -5.614246859e+00 -5.614246859e+00 +3.6346e+00 +2.7889e+00 +1.9086e+00 +2.2463e+00 +2.0379e+00 -3.5010e+00 -2.1761e+00 -1.0848e+00 +2.3933e+00 -8.2348e-01
2000 0 +6.719128216e+00 -5.830871784e+00 -5.830871784e+00 +3.0837e+00 +2.7170e+00 +2.2948e+00 +2.0831e+00 +2.4582e+00 -3.2020e+00 -2.3205e+00 -1.0998e+00 +2.6921e+00 -6.4856e-01
2093 0 +6.684338982e+00 -5.865661018e+00 -5.865661018e+00 +3.1557e+00 +2.7279e+00 +2.4319e+00 +2.0936e+00 +2.0734e+00 -2.5763e+00 -2.2291e+00 -1.0483e+00 +2.4453e+00 -7.0011e-01
2146 0 +4.842171365e+00 -7.707828635e+00 -7.707828635e+00 +3.4695e+00 +2.7507e+00 +2.5888e+00 +1.7764e+00 +2.2319e+00 -2.8148e+00 -2.3169e+00 -1.0042e+00 +2.6959e+00 -8.2292e-01
2184 0 +4.646214658e+00 -7.903785342e+00 -7.903785342e+00 +3.1664e+00 +2.9756e+00 +2.4787e+00 +1.4881e+00 +2.3195e+00 -2.8183e+00 -1.9227e+00 -7.4913e-01 +2.8648e+00 -1.3555e+00
2329 0 +3.394769364e+00 -9.155230636e+00 -9.155230636e+00 +3.4873e+00 +2.5034e+00 +2.3835e+00 +1.8058e+00 +2.0054e+00 -2.7186e+00 -2.3570e+00 -7.8383e-01 +2.5242e+00 -1.3564e+00
% f evaluations | g evaluations | best noise-free fitness - Fopt (5.383900000000e+02) + sum g_i+ | measured fitness | best measured fitness or single-digit g-values | x1 | x2...
1 0 +3.573413297e+05 +3.578797197e+05 +3.578797197e+05 +5.9671e-01 -3.8264e-02 +7.4769e-01 +1.6230e+00 -1.3415e-01 -1.3414e-01 +1.6792e+00 +8.6743e-01 -3.6947e-01 +6.4256e-01
2 0 +1.580851749e+05 +1.586235649e+05 +1.586235649e+05 -3.6342e-01 -3.6573e-01 +3.4196e-01 -1.8133e+00 -1.6249e+00 -4.6229e-01 -9.1283e-01 +4.1425e-01 -8.0802e-01 -1.3123e+00
3 0 +1.313167039e+05 +1.318550939e+05 +1.318550939e+05 +1.5656e+00 -1.2578e-01 +1.6753e-01 -1.3247e+00 -4.4438e-01 +2.1092e-01 -1.0510e+00 +4.7570e-01 -5.0064e-01 -1.9169e-01
5 0 +1.119884296e+05 +1.125268196e+05 +1.125268196e+05 +8.3847e-01 +2.7137e-01 -1.5648e-02 -2.0110e-01 -1.3785e+00 -6.1984e-01 -3.6064e-01 +1.1571e+00 +4.4362e-01 -1.6630e+00
8 0 +1.102827705e+05 +1.108211605e+05 +1.108211605e+05 +4.6140e-01 +1.6380e+00 +6.4174e-02 +1.6646e+00 -2.5197e+00 +9.2190e-01 +1.8705e-01 -1.9901e-01 +1.9176e-01 -1.8876e+00
51 0 +1.339557924e+04 +1.393396924e+04 +1.393396924e+04 +3.1838e+00 +2.0821e+00 -5.3408e-01 -4.4084e+00 -3.0362e+00 +2.1145e+00 +9.9771e-01 +7.9598e-01 -6.8686e-01 -9.7495e-01
107 0 +6.537209408e+03 +7.075599408e+03 +7.075599408e+03 +3.7105e+00 +6.3091e-01 +1.1124e+00 -2.0901e+00 -4.6521e+00 +1.5983e+00 +2.7386e+00 -2.9382e-01 +6.9562e-01 -1.1825e+00
151 0 +1.938935582e+03 +2.477325582e+03 +2.477325582e+03 +8.9474e-01 +9.4710e-01 -2.8324e+00 -4.0639e+00 -4.9869e+00 +6.8787e-01 +5.0954e-01 +2.7514e-02 -1.0928e+00 -6.0518e-01
202 0 +8.351898475e+01 +6.219089848e+02 +6.219089848e+02 +3.9169e+00 -8.8147e-01 -1.7345e+00 +1.8634e-01 -4.6368e+00 -2.2989e+00 -3.8285e+00 -5.9893e-01 -1.5937e+00 -2.7208e+00
485 0 +6.464459485e+01 +6.030345948e+02 +6.030345948e+02 +3.6525e+00 +1.7091e+00 -1.2883e+00 -3.5053e-01 -3.7062e+00 +2.2375e-01 -1.2262e+00 +4.0478e-01 -2.9813e+00 -1.0968e+00
781 0 +6.313471046e+01 +6.015247105e+02 +6.015247105e+02 +4.3491e+00 +7.9167e-01 -3.4774e-01 +1.3557e-03 -4.3101e+00 -4.0228e-01 -8.4035e-01 -2.3254e-01 -1.4391e+00 -1.5370e+00
854 0 +5.932953802e+01 +5.977195380e+02 +5.977195380e+02 +4.8480e+00 +5.9553e-01 +2.3074e-01 +6.2070e-01 -4.2754e+00 -2.1430e+00 -2.4662e+00 -1.9453e-01 -1.8257e+00 -1.4832e+00
881 0 +5.000677476e+01 +5.883967748e+02 +5.883967748e+02 +4.8604e+00 +2.1611e+00 +3.2626e-01 +3.5398e-01 -4.1626e+00 -1.7831e+00 -1.2298e+00 +6.5249e-01 -1.6538e+00 -1.5578e+00
907 0 +4.505753716e+01 +5.834475372e+02 +5.834475372e+02 +4.4955e+00 +1.1263e+00 -3.6283e-01 +1.2620e+00 -4.4319e+00 -1.9871e+00 -2.4145e+00 +8.7466e-01 -2.9540e+00 -2.3213e+00
914 0 +2.914714000e+01 +5.675371400e+02 +5.675371400e+02 +4.0489e+00 +1.8501e+00 -4.3804e-01 +1.5888e+00 -4.4778e+00 -3.2058e+00 -2.6823e+00 +7.8116e-01 -1.6208e+00 -1.3684e+00
1019 0 +2.511655650e+01 +5.635065565e+02 +5.635065565e+02 +3.8371e+00 +2.3838e+00 +1.1837e+00 +1.3126e+00 -4.3225e+00 -2.5159e+00 -2.1188e+00 +1.6900e+00 -1.7842e+00 -2.1473e+00
1056 0 +2.511318794e+01 +5.635031879e+02 +5.635031879e+02 +4.3202e+00 +2.3317e+00 +1.3990e+00 +1.1799e+00 -4.3722e+00 -1.6038e+00 -2.0171e+00 +1.6851e+00 -1.3672e+00 -1.9785e+00
1061 0 +2.461253510e+01 +5.630025351e+02 +5.630025351e+02 +4.0691e+00 +3.1380e+00 +5.4442e-01 +1.1857e+00 -4.5057e+00 -2.0414e+00 -2.3017e+00 +8.2897e-01 -1.6520e+00 -2.2697e+00
1132 0 +2.369665247e+01 +5.620866525e+02 +5.620866525e+02 +3.5527e+00 +2.2875e+00 +1.4020e-02 +1.0500e+00 -4.4372e+00 -1.1742e+00 -1.8169e+00 +1.3135e+00 -1.1718e+00 -1.8420e+00
1215 0 +2.175678993e+01 +5.601467899e+02 +5.601467899e+02 +3.7566e+00 +1.8782e+00 +7.3416e-01 +2.4154e+00 -4.7052e+00 -8.5727e-01 -1.1948e+00 +5.8362e-01 -1.4435e+00 -3.1440e+00
1253 0 +1.461610752e+01 +5.530061075e+02 +5.530061075e+02 +3.9665e+00 +2.2178e+00 +1.5185e-01 +2.5273e+00 -4.8697e+00 -1.3068e+00 -1.3834e+00 +9.6296e-01 -1.8401e+00 -2.2316e+00
1338 0 +1.442200884e+01 +5.528120088e+02 +5.528120088e+02 +3.7732e+00 +2.9933e+00 +7.8182e-01 +1.7983e+00 -3.7950e+00 -1.3480e+00 -1.1210e+00 +2.4944e+00 -1.6301e+00 -2.4703e+00
1470 0 +1.261439628e+01 +5.510043963e+02 +5.510043963e+02 +3.1285e+00 +2.6829e+00 +2.9454e-01 +2.3637e+00 -4.5504e+00 -1.2927e+00 -1.3592e+00 +1.7511e+00 -2.4846e+00 -2.8510e+00
1518 0 +1.160706244e+01 +5.499970624e+02 +5.499970624e+02 +3.1676e+00 +2.0205e+00 +3.6370e-01 +2.3290e+00 -3.9889e+00 -1.2806e+00 -1.5835e+00 +2.1911e+00 -1.8232e+00 -3.1547e+00
1800 0 +7.247219873e+00 +5.456372199e+02 +5.456372199e+02 +3.5811e+00 +2.8125e+00 +5.4738e-01 +3.1551e+00 -4.3416e+00 -1.7415e+00 -1.6424e+00 +1.7384e+00 -2.6360e+00 -3.3158e+00
1941 0 +7.044741986e+00 +5.454347420e+02 +5.454347420e+02 +3.5982e+00 +2.6616e+00 +5.6659e-01 +2.1540e+00 -3.5674e+00 -1.8505e+00 -2.3516e+00 +2.1068e+00 -1.5774e+00 -2.6717e+00
2156 0 +6.963379831e+00 +5.453533798e+02 +5.453533798e+02 +3.3016e+00 +2.3356e+00 +8.9400e-01 +2.4458e+00 -3.9292e+00 -1.5084e+00 -1.9456e+00 +2.2419e+00 -1.5669e+00 -3.0405e+00
2160 0 +6.775872918e+00 +5.451658729e+02 +5.451658729e+02 +3.6928e+00 +2.3366e+00 +1.0255e+00 +2.7962e+00 -4.1918e+00 -2.0189e+00 -2.2493e+00 +2.1062e+00 -1.8216e+00 -3.0763e+00
2332 0 +6.737454065e+00 +5.451274541e+02 +5.451274541e+02 +3.6300e+00 +2.3179e+00 +1.0965e+00 +2.8419e+00 -3.8444e+00 -1.4925e+00 -1.7856e+00 +2.0662e+00 -2.3446e+00 -2.7362e+00
2341 0 +6.458068165e+00 +5.448480682e+02 +5.448480682e+02 +3.6945e+00 +2.6810e+00 +3.4855e-01 +2.5937e+00 -3.9515e+00 -1.4901e+00 -1.7671e+00 +2.0740e+00 -2.0511e+00 -2.8554e+00
2423 0 +6.408846837e+00 +5.447988468e+02 +5.447988468e+02 +3.6818e+00 +2.9106e+00 +6.6000e-01 +2.7125e+00 -3.8122e+00 -2.0776e+00 -2.1755e+00 +2.1315e+00 -2.2082e+00 -3.0296e+00
2443 0 +4.558754051e+00 +5.429487541e+02 +5.429487541e+02 +3.5827e+00 +2.4192e+00 +4.8842e-01 +2.8596e+00 -3.6607e+00 -1.4712e+00 -2.1200e+00 +2.1095e+00 -2.3059e+00 -3.1993e+00
% f evaluations | g evaluations | best noise-free fitness - Fopt (-1.055600000000e+02) + sum g_i+ | measured fitness | best measured fitness or single-digit g-values | x1 | x2...
1 0 +6.489641357e+05 +6.488585757e+05 +6.488585757e+05 +5.9671e-01 -3.8264e-02 +7.4769e-01 +1.6230e+00 -1.3415e-01 -1.3414e-01 +1.6792e+00 +8.6743e-01 -3.6947e-01 +6.4256e-01
2 0 +2.224974950e+05 +2.223919350e+05 +2.223919350e+05 -3.6342e-01 -3.6573e-01 +3.4196e-01 -1.8133e+00 -1.6249e+00 -4.6229e-01 -9.1283e-01 +4.1425e-01 -8.0802e-01 -1.3123e+00
13 0 +1.911212720e+05 +1.910157120e+05 +1.910157120e+05 +8.9103e-01 -8.0939e-01 +1.5028e+00 -1.3019e+00 +6.8686e-01 +2.2905e+00 -8.9054e-01 -4.6630e-01 +1.9965e-01 -4.0348e-01
51 0 +1.883979527e+05 +1.882923927e+05 +1.882923927e+05 +1.3083e-01 +1.2428e+00 +2.9365e+00 -1.7138e+00 +1.3192e+00 -6.5131e-01 -1.6711e+00 -1.5286e+00 -2.0037e+00 -7.3920e-01
52 0 +1.439121762e+05 +1.438066162e+05 +1.438066162e+05 +2.2715e+00 -9.5399e-02 +1.8655e+00 -7.7723e-01 -1.4364e+00 +2.3845e+00 -7.9724e-01 -2.3701e+00 +3.9431e-01 -3.1569e+00
58 0 +1.342519319e+05 +1.341463719e+05 +1.341463719e+05 +2.2426e+00 -1.2990e+00 +2.7977e+00 -2.4292e+00 -6.3579e-01 -8.0975e-01 -1.8931e-02 +7.9029e-01 -3.0219e-01 -1.4523e+00
64 0 +1.301015918e+05 +1.299960318e+05 +1.299960318e+05 +7.8388e-02 -1.1981e+00 +1.7218e+00 -7.2082e-01 -1.6237e-01 -5.3853e-01 -1.6740e+00 -9.9890e-01 -8.1292e-01 -8.4127e-01
65 0 +1.273035487e+05 +1.271979887e+05 +1.271979887e+05 -2.3194e-01 -1.8068e+00 +2.0328e+00 -2.3197e+00 +2.9304e+00 +1.8030e-01 -1.0478e+00 -2.6608e+00 +1.1985e+00 +2.1022e+00
88 0 +7.886181074e+04 +7.875625074e+04 +7.875625074e+04 -1.5707e+00 -2.3127e+00 +2.7623e+00 -2.6762e+00 -2.5763e-01 +1.2473e+00 +4.2120e-01 -1.6212e+00 +4.5265e-01 +1.8250e-01
101 0 +6.558038897e+04 +6.547482897e+04 +6.547482897e+04 -1.2404e+00 -1.7209e+00 +4.5089e+00 -8.9529e-01 -2.8476e+00 +3.1210e+00 -1.0726e+00 -2.3981e+00 +4.2377e-01 -3.1694e+00
102 0 +1.652407956e+04 +1.641851956e+04 +1.641851956e+04 -6.7534e-01 -2.0127e+00 +3.6706e+00 -4.5527e+00 +3.5544e+00 -1.8090e+00 -4.0137e-01 -4.6209e+00 -1.0545e+00 +1.0411e+00
107 0 +7.541152174e+03 +7.435592174e+03 +7.435592174e+03 -1.8010e+00 -3.2327e+00 +2.5164e+00 -2.7159e+00 +6.3478e-01 +2.9803e+00 -1.4794e+00 -3.6148e+00 -1.0911e+00 -1.4780e+00
153 0 +6.988346676e+03 +6.882786676e+03 +6.882786676e+03 -7.0187e-01 -2.5705e+00 +4.8875e+00 -4.0923e+00 +2.2777e+00 -7.2832e-01 -1.7418e+00 -3.9115e+00 +1.4061e+00 -1.6720e+00
155 0 +2.471633854e+02 +1.416033854e+02 +1.416033854e+02 -4.2248e-01 -3.9585e+00 +2.1593e+00 -3.3242e+00 +2.6022e+00 +2.8667e+00 -3.9133e+00 -3.2060e+00 -3.3379e+00 -4.7737e+00
204 0 +2.226661407e+02 +1.171061407e+02 +1.171061407e+02 -1.0046e+00 -4.1536e+00 +3.0969e+00 -2.8038e+00 +4.3979e+00 -6.2926e-01 -2.2393e+00 -3.9291e+00 -1.5436e+00 -2.4260e+00
205 0 +1.627090206e+02 +5.714902059e+01 +5.714902059e+01 -2.0595e+00 -4.2727e+00 +3.5581e+00 -2.1527e+00 +2.2607e+00 +2.6703e-01 -1.7871e+00 -1.8471e+00 -1.9427e+00 -4.0878e+00
368 0 +1.313993345e+02 +2.583933446e+01 +2.583933446e+01 +6.5615e-01 -4.7834e+00 +3.2695e+00 -3.5636e+00 +1.2415e+00 +1.1467e+00 -8.4514e-01 -4.3161e+00 +1.4086e-02 -1.4069e+00
371 0 +1.152842996e+02 +9.724299626e+00 +9.724299626e+00 -7.7788e-01 -4.4281e+00 +4.5766e+00 -4.4333e+00 +1.0052e+00 +3.5951e+00 -1.5711e+00 -2.6330e+00 +2.8163e+00 -1.9207e+00
448 0 +1.148320351e+02 +9.272035107e+00 +9.272035107e+00 +5.5063e-01 -4.3768e+00 +3.8282e+00 -1.9281e+00 +3.3940e-01 +1.0376e+00 -2.6133e+00 -3.7313e+00 +1.9482e+00 -4.0530e+00
462 0 +9.730676820e+01 -8.253231803e+00 -8.253231803e+00 -1.5988e-01 -4.2450e+00 +3.3454e+00 -2.4143e+00 +1.1048e+00 +1.9005e+00 -1.4630e+00 -2.1680e+00 +2.3100e-01 -2.5207e+00
547 0 +7.470720488e+01 -3.085279512e+01 -3.085279512e+01 +4.8934e-01 -4.7905e+00 +2.6843e+00 -2.5760e+00 +3.5213e-01 +1.1466e+00 -2.5646e+00 -1.8617e+00 -1.0031e+00 -1.2855e+00
607 0 +7.126095126e+01 -3.429904874e+01 -3.429904874e+01 +3.3871e-01 -4.6330e+00 +3.7675e+00 -2.2851e+00 -1.3795e-01 +9.2588e-01 -2.6123e+00 -3.0749e+00 -8.2324e-01 -1.4104e+00
729 0 +6.289419281e+01 -4.266580719e+01 -4.266580719e+01 +1.1909e-01 -4.1770e+00 +4.4385e+00 -3.0572e+00 +3.2639e-01 +3.7152e-01 -5.8727e-01 -1.7391e+00 +9.1912e-01 -1.6251e+00
748 0 +5.962444842e+01 -4.593555158e+01 -4.593555158e+01 -4.6487e-01 -4.7913e+00 +4.1434e+00 -2.8494e+00 +1.6944e-01 +1.2078e+00 -1.6981e+00 -1.8671e+00 +8.0774e-01 -1.2895e+00
901 0 +5.082741125e+01 -5.473258875e+01 -5.473258875e+01 +7.0064e-01 -4.8922e+00 +4.0168e+00 -3.0379e+00 +7.9884e-02 -1.0475e+00 -3.1632e+00 -1.4546e-01 +7.8516e-01 -1.8886e+00
919 0 +4.182051327e+01 -6.373948673e+01 -6.373948673e+01 -9.2139e-01 -4.3475e+00 +4.0812e+00 -2.3063e+00 -6.6293e-01 -3.7559e-01 -2.4095e+00 -7.7174e-01 +9.5841e-01 -2.9491e+00
952 0 +3.840654671e+01 -6.715345329e+01 -6.715345329e+01 -3.3161e-01 -4.7055e+00 +4.7167e+00 -2.0393e+00 -9.9049e-01 -5.9256e-01 -2.7490e+00 -1.1608e+00 +1.5089e+00 -2.9730e+00
987 0 +3.434671301e+01 -7.121328699e+01 -7.121328699e+01 +2.7412e-01 -4.9136e+00 +3.7828e+00 -2.2975e+00 -6.5823e-01 -5.2021e-01 -2.7375e+00 -4.1410e-01 +1.0156e+00 -2.0038e+00
1053 0 +3.135783364e+01 -7.420216636e+01 -7.420216636e+01 -8.2636e-02 -4.9372e+00 +4.4565e+00 -1.6246e+00 -1.2438e+00 +1.1877e+00 -3.5960e+00 -9.9717e-01 +1.5670e+00 -2.9659e+00
1090 0 +2.645352989e+01 -7.910647011e+01 -7.910647011e+01 +5.4369e-01 -4.8161e+00 +3.3212e+00 -1.9402e+00 -1.5614e+00 +3.5423e-01 -3.4159e+00 -6.7521e-01 +9.4696e-01 -2.8912e+00
1124 0 +2.367729232e+01 -8.188270768e+01 -8.188270768e+01 +3.1920e-02 -4.8527e+00 +3.7420e+00 -1.9715e+00 -1.9380e+00 -5.2341e-01 -3.7069e+00 -3.5655e-01 +1.3501e+00 -2.9988e+00
1158 0 +1.957561186e+01 -8.598438814e+01 -8.598438814e+01 +3.5607e-01 -4.4755e+00 +4.7542e+00 -1.9891e+00 -2.0735e+00 +1.0687e-01 -2.6998e+00 -1.1307e+00 +2.1731e+00 -2.6670e+00
1163 0 +1.653797607e+01 -8.902202393e+01 -8.902202393e+01 +1.2484e+00 -4.2721e+00 +4.1138e+00 -2.3023e+00 -1.3706e+00 +9.3653e-01 -2.8473e+00 -9.9760e-01 +1.8576e+00 -1.2124e+00
1284 0 +1.632374801e+01 -8.923625199e+01 -8.923625199e+01 +1.5322e+00 -3.8782e+00 +4.2167e+00 -1.2390e+00 -1.0602e+00 +1.0149e+00 -3.3854e+00 -7.1433e-01 +2.1027e+00 -2.3333e+00
1297 0 +1.419593903e+01 -9.136406097e+01 -9.136406097e+01 +1.1683e+00 -4.4433e+00 +4.8537e+00 -1.8002e+00 -1.2107e+00 +8.7842e-01 -3.3489e+00 -4.4411e-01 +2.5343e+00 -1.9059e+00
1550 0 +1.410113968e+01 -9.145886032e+01 -9.145886032e+01 +7.0885e-01 -4.4955e+00 +4.1177e+00 -1.6832e+00 -1.9735e+00 +3.9724e-01 -2.7924e+00 -1.9755e-01 +1.8452e+00 -2.9083e+00
1552 0 +1.283237905e+01 -9.272762095e+01 -9.272762095e+01 +1.3160e-01 -4.8485e+00 +4.0124e+00 -1.0804e+00 -2.2717e+00 +5.3830e-01 -3.4909e+00 -9.1196e-01 +1.4393e+00 -2.3657e+00
1599 0 +1.268526415e+01 -9.287473585e+01 -9.287473585e+01 +9.4661e-01 -4.9237e+00 +3.6628e+00 -1.8470e+00 -1.7605e+00 +3.0721e-01 -3.1096e+00 -5.4658e-01 +1.9686e+00 -1.7561e+00
1624 0 +1.241765304e+01 -9.314234696e+01 -9.314234696e+01 +6.8714e-01 -4.9261e+00 +4.0815e+00 -1.8592e+00 -2.2029e+00 -4.6896e-03 -3.4432e+00 -2.8642e-01 +1.5845e+00 -1.9062e+00
1783 0 +1.233018901e+01 -9.322981099e+01 -9.322981099e+01 +6.0230e-01 -4.8297e+00 +4.5544e+00 -1.6396e+00 -1.9873e+00 +2.1841e-01 -3.2688e+00 -4.0975e-01 +2.0678e+00 -2.1874e+00
1801 0 +9.530420107e+00 -9.602957989e+01 -9.602957989e+01 +6.3432e-01 -4.8024e+00 +3.8900e+00 -1.6311e+00 -2.4282e+00 +1.1967e+00 -3.4572e+00 -4.5672e-01 +2.6206e+00 -2.2923e+00
1808 0 +7.563332488e+00 -9.799666751e+01 -9.799666751e+01 +1.1278e+00 -4.8555e+00 +4.4002e+00 -1.3473e+00 -2.1221e+00 +6.7319e-01 -3.3647e+00 -2.9333e-01 +2.4398e+00 -2.2371e+00
1917 0 +7.442951584e+00 -9.811704842e+01 -9.811704842e+01 +6.9402e-01 -4.4644e+00 +4.1277e+00 -1.5098e+00 -1.9723e+00 +8.6002e-01 -3.2740e+00 -3.9894e-01 +2.6101e+00 -2.1710e+00
1928 0 +7.009509811e+00 -9.855049019e+01 -9.855049019e+01 +9.7605e-01 -4.4282e+00 +4.2468e+00 -1.5832e+00 -2.1984e+00 +8.9281e-01 -3.5708e+00 -6.7007e-01 +3.0199e+00 -2.0754e+00
2198 0 +6.734291951e+00 -9.882570805e+01 -9.882570805e+01 +8.7376e-01 -4.4491e+00 +4.0198e+00 -1.1050e+00 -2.0760e+00 +9.7001e-01 -3.2702e+00 -1.0586e+00 +1.9972e+00 -1.8672e+00
2259 0 +5.483281134e+00 -1.000767189e+02 -1.000767189e+02 +1.0324e+00 -4.4888e+00 +4.5411e+00 -7.1429e-01 -2.2502e+00 +1.6740e+00 -3.3877e+00 -9.6016e-01 +2.6692e+00 -2.2158e+00
2382 0 +5.240465304e+00 -1.003195347e+02 -1.003195347e+02 +1.0452e+00 -4.2768e+00 +4.3604e+00 -1.2379e+00 -2.3497e+00 +1.9483e+00 -3.3278e+00 -1.0771e+00 +2.8658e+00 -1.8663e+00
2424 0 +4.965007566e+00 -1.005949924e+02 -1.005949924e+02 +1.2061e+00 -4.6389e+00 +4.3801e+00 -1.0798e+00 -2.3410e+00 +1.4505e+00 -3.4208e+00 -8.3010e-01 +2.4681e+00 -1.9329e+00
