% f evaluations | g evaluations | best noise-free fitness - Fopt (3.590000000000e+01) + sum g_i+ | measured fitness | best measured fitness or single-digit g-values | x1 | x2...
1 0 +3.391355936e+04 +3.394945936e+04 +3.394945936e+04 +5.9671e-01 -3.8264e-02 +7.4769e-01 +1.6230e+00 -1.3415e-01
10 0 +1.809916825e+04 +1.813506825e+04 +1.813506825e+04 -6.1984e-01 -3.6064e-01 +1.1571e+00 +4.4362e-01 -1.6630e+00
15 0 +3.090526178e+03 +3.126426178e+03 +3.126426178e+03 +4.6140e-01 +1.6380e+00 +6.4174e-02 +1.6646e+00 -2.5197e+00
26 0 +5.758062986e+01 +9.348062986e+01 +9.348062986e+01 -9.5479e-02 +2.5622e+00 +2.6140e-03 +3.4515e+00 -3.3791e+00
27 0 +4.096517880e+01 +7.686517880e+01 +7.686517880e+01 +8.7679e-02 +6.3267e-01 +2.1334e+00 +3.5524e+00 -3.3568e+00
33 0 +2.367015928e+01 +5.957015928e+01 +5.957015928e+01 +1.3564e+00 +1.3324e-01 +1.0766e+00 +2.8427e+00 -2.2848e+00
64 0 +2.032874833e+01 +5.622874833e+01 +5.622874833e+01 +1.0991e+00 +1.6704e+00 +1.7408e+00 +3.4816e+00 -2.9045e+00
81 0 +1.502436692e+01 +5.092436692e+01 +5.092436692e+01 +1.2916e+00 +3.3083e+00 +2.1341e+00 +2.6215e+00 -2.3351e+00
96 0 +5.017339167e+00 +4.091733917e+01 +4.091733917e+01 +2.0210e+00 +8.5512e-01 +2.9734e+00 +3.2583e+00 -2.5643e+00
423 0 +4.262211122e+00 +4.016221112e+01 +4.016221112e+01 +1.9847e+00 +1.3452e+00 +2.6424e+00 +3.3509e+00 -2.3124e+00
596 0 +4.206052517e+00 +4.010605252e+01 +4.010605252e+01 +1.8883e+00 +1.0061e+00 +2.5672e+00 +2.9287e+00 -2.2595e+00
616 0 +4.143244641e+00 +4.004324464e+01 +4.004324464e+01 +2.2629e+00 +9.7735e-01 +2.8747e+00 +3.1645e+00 -2.5903e+00
627 0 +2.983241914e+00 +3.888324191e+01 +3.888324191e+01 +2.1134e+00 +9.9235e-01 +2.8279e+00 +3.0481e+00 -2.2518e+00
636 0 +2.297512575e+00 +3.819751257e+01 +3.819751257e+01 +2.2179e+00 +8.4680e-01 +2.7761e+00 +2.9515e+00 -2.1013e+00
764 0 +1.994988305e+00 +3.789498831e+01 +3.789498831e+01 +2.4286e+00 +1.4000e+00 +2.3458e+00 +3.7367e+00 -1.8136e+00
770 0 +1.423370600e+00 +3.732337060e+01 +3.732337060e+01 +2.2776e+00 +1.1846e+00 +2.5432e+00 +3.4313e+00 -1.7200e+00
937 0 +1.384733537e+00 +3.728473354e+01 +3.728473354e+01 +2.5081e+00 +1.1516e+00 +2.4840e+00 +3.5987e+00 -1.9012e+00
964 0 +1.381337867e+00 +3.728133787e+01 +3.728133787e+01 +2.4720e+00 +1.3518e+00 +2.7073e+00 +3.6141e+00 -1.9245e+00
975 0 +1.361834348e+00 +3.726183435e+01 +3.726183435e+01 +2.5195e+00 +1.2146e+00 +2.6799e+00 +3.5839e+00 -1.9723e+00
1015 0 +1.326759285e+00 +3.722675928e+01 +3.722675928e+01 +2.5915e+00 +1.4460e+00 +2.5607e+00 +3.7830e+00 -1.8414e+00
1035 0 +1.270538367e+00 +3.717053837e+01 +3.717053837e+01 +2.5794e+00 +1.0949e+00 +2.6818e+00 +3.5793e+00 -1.9671e+00
1042 0 +1.264635639e+00 +3.716463564e+01 +3.716463564e+01 +2.4450e+00 +1.0206e+00 +2.8399e+00 +3.3673e+00 -1.9112e+00
1099 0 +1.259259305e+00 +3.715925931e+01 +3.715925931e+01 +2.4842e+00 +1.3284e+00 +2.4556e+00 +3.3680e+00 -1.8621e+00
1119 0 +9.296919864e-01 +3.682969199e+01 +3.682969199e+01 +2.5630e+00 +1.4685e+00 +2.4746e+00 +3.5354e+00 -1.7944e+00
1138 0 +8.945489394e-01 +3.679454894e+01 +3.679454894e+01 +2.4944e+00 +1.3213e+00 +2.3584e+00 +3.4407e+00 -1.6919e+00
1165 0 +7.729410336e-01 +3.667294103e+01 +3.667294103e+01 +2.4722e+00 +1.3658e+00 +2.5319e+00 +3.5109e+00 -1.6993e+00
1173 0 +7.233775661e-01 +3.662337757e+01 +3.662337757e+01 +2.4787e+00 +1.3468e+00 +2.3552e+00 +3.3423e+00 -1.5556e+00
1248 0 +7.159690979e-01 +3.661596910e+01 +3.661596910e+01 +2.5866e+00 +1.3600e+00 +2.4073e+00 +3.5674e+00 -1.6465e+00
% f evaluations | g evaluations | best noise-free fitness - Fopt (3.137000000000e+01) + sum g_i+ | measured fitness | best measured fitness or single-digit g-values | x1 | x2...
1 0 +1.557884825e+05 +1.558198525e+05 +1.558198525e+05 +5.9671e-01 -3.8264e-02 +7.4769e-01 +1.6230e+00 -1.3415e-01
2 0 +1.169218783e+05 +1.169532483e+05 +1.169532483e+05 -1.3414e-01 +1.6792e+00 +8.6743e-01 -3.6947e-01 +6.4256e-01
3 0 +4.598210887e+04 +4.601347887e+04 +4.601347887e+04 -3.6342e-01 -3.6573e-01 +3.4196e-01 -1.8133e+00 -1.6249e+00
4 0 +3.322559953e+04 +3.325696953e+04 +3.325696953e+04 -4.6229e-01 -9.1283e-01 +4.1425e-01 -8.0802e-01 -1.3123e+00
8 0 +7.655362115e+01 +1.079236212e+02 +1.079236212e+02 -1.1208e+00 +3.0886e-01 -1.8597e+00 -1.2282e+00 +2.9686e-01
44 0 +6.405358072e+01 +9.542358072e+01 +9.542358072e+01 -1.8359e+00 -1.0254e+00 -1.4543e+00 -1.3042e-01 -6.9806e-01
140 0 +6.382224786e+01 +9.519224786e+01 +9.519224786e+01 -5.2098e-01 -6.6616e-01 -2.2946e+00 -2.5168e-01 -8.8400e-02
142 0 +6.251506965e+01 +9.388506965e+01 +9.388506965e+01 -2.0371e+00 -1.6815e-01 -8.9909e-01 -5.5887e-01 -9.8957e-01
151 0 +6.027566993e+01 +9.164566993e+01 +9.164566993e+01 -1.0425e+00 -1.7911e-01 -3.6120e+00 -5.9596e-01 -8.7072e-01
157 0 +5.965393313e+01 +9.102393313e+01 +9.102393313e+01 -1.3395e+00 -8.2811e-01 -3.3430e+00 -5.1956e-02 -8.3767e-01
173 0 +5.139848406e+01 +8.276848406e+01 +8.276848406e+01 -1.0476e+00 -7.6809e-01 -3.0684e+00 -4.2123e-02 -1.1729e+00
191 0 +4.737343853e+01 +7.874343853e+01 +7.874343853e+01 -1.1414e+00 -4.7525e-01 -2.6752e+00 +5.8587e-01 -4.0601e-01
213 0 +4.498950312e+01 +7.635950312e+01 +7.635950312e+01 -1.7853e+00 -9.2237e-01 -3.6414e+00 +9.9201e-01 -2.0416e+00
226 0 +2.479318862e+01 +5.616318862e+01 +5.616318862e+01 -5.0545e-01 -2.9181e-01 -3.5020e+00 +1.0995e+00 -1.8243e+00
253 0 +2.406575225e+01 +5.543575225e+01 +5.543575225e+01 +5.8586e-01 -8.3523e-02 -3.9010e+00 +1.3090e+00 -1.2178e+00
264 0 +2.223420261e+01 +5.360420261e+01 +5.360420261e+01 -1.7455e-01 +9.7945e-02 -3.5681e+00 +1.4520e+00 -1.4888e+00
266 0 +2.145078107e+01 +5.282078107e+01 +5.282078107e+01 -7.6760e-01 -1.2230e-01 -4.1431e+00 +1.9579e+00 -2.3905e+00
274 0 +1.421458533e+01 +4.558458533e+01 +4.558458533e+01 -1.4275e+00 +7.2429e-01 -2.7998e+00 +2.0453e+00 -1.5117e+00
281 0 +7.979004249e+00 +3.934900425e+01 +3.934900425e+01 +4.1871e-01 +1.4656e+00 -4.6605e+00 +2.0930e+00 -1.9692e+00
383 0 +6.882910768e+00 +3.825291077e+01 +3.825291077e+01 -3.7663e-01 +7.9249e-01 -4.1483e+00 +2.6309e+00 -2.1607e+00
418 0 +5.819890955e+00 +3.718989095e+01 +3.718989095e+01 -1.1817e-01 +8.2116e-01 -3.9987e+00 +2.6636e+00 -2.3147e+00
531 0 +4.518675081e+00 +3.588867508e+01 +3.588867508e+01 +6.9618e-02 +5.0745e-01 -4.0163e+00 +3.1926e+00 -2.4924e+00
635 0 +4.209165927e+00 +3.557916593e+01 +3.557916593e+01 -1.1168e-01 +6.5087e-01 -4.1368e+00 +3.1580e+00 -2.2537e+00
672 0 +4.197444761e+00 +3.556744476e+01 +3.556744476e+01 +1.7399e-01 +6.5270e-01 -3.9059e+00 +3.1517e+00 -2.4248e+00
686 0 +3.802632102e+00 +3.517263210e+01 +3.517263210e+01 +2.7906e-02 +8.9881e-01 -4.3273e+00 +3.1199e+00 -2.3036e+00
701 0 +2.224972578e+00 +3.359497258e+01 +3.359497258e+01 -3.2451e-01 +1.6343e+00 -4.1014e+00 +3.0959e+00 -2.0697e+00
775 0 +2.098822268e+00 +3.346882227e+01 +3.346882227e+01 -1.2143e-02 +1.4040e+00 -4.1023e+00 +3.0887e+00 -1.8727e+00
1062 0 +1.615452818e+00 +3.298545282e+01 +3.298545282e+01 -1.6143e-01 +1.7387e+00 -3.9073e+00 +2.9934e+00 -1.9556e+00
1067 0 +1.384801954e+00 +3.275480195e+01 +3.275480195e+01 -3.4990e-01 +1.5552e+00 -3.8641e+00 +3.1716e+00 -1.9508e+00
1222 0 +1.357634869e+00 +3.272763487e+01 +3.272763487e+01 -2.4433e-01 +1.7971e+00 -3.8282e+00 +3.0895e+00 -1.9184e+00
% f evaluations | g evaluations | best noise-free fitness - Fopt (-1.000000000000e+03) + sum g_i+ | measured fitness | best measured fitness or single-digit g-values | x1 | x2...
1 0 +1.093075137e+05 +1.083075137e+05 +1.083075137e+05 +5.9671e-01 -3.8264e-02 +7.4769e-01 +1.6230e+00 -1.3415e-01
23 0 +6.720816848e+04 +6.620816848e+04 +6.620816848e+04 -1.8188e+00 +7.3486e-02 +1.6023e-01 +2.5632e+00 -9.2361e-02
26 0 +6.470426926e+04 +6.370426926e+04 +6.370426926e+04 -2.7640e+00 -1.0928e+00 -4.5967e-01 +2.8006e+00 -9.3356e-01
27 0 +1.224128863e+04 +1.124128863e+04 +1.124128863e+04 -1.9948e+00 -2.9583e-01 +2.3316e+00 +2.8091e+00 +5.5036e-02
45 0 +6.653836669e+03 +5.653836669e+03 +5.653836669e+03 -1.4177e+00 -1.6259e+00 +3.4999e+00 +9.8003e-01 +5.8770e-01
51 0 +1.710566833e+02 -8.289433167e+02 -8.289433167e+02 -4.5481e+00 -2.9466e+00 +4.3104e+00 +4.9985e+00 -9.2630e-01
52 0 +5.678138325e+01 -9.432186168e+02 -9.432186168e+02 -2.1753e+00 -3.1435e+00 +4.7278e+00 +3.4445e+00 +2.3091e+00
53 0 +3.686837090e+01 -9.631316291e+02 -9.631316291e+02 -3.2383e+00 -1.9242e+00 +4.0778e+00 +4.3353e+00 -2.6258e-01
78 0 +2.371830391e+01 -9.762816961e+02 -9.762816961e+02 -3.5388e+00 -2.2834e+00 +3.6297e+00 +1.9567e+00 -4.5596e-01
104 0 +2.073854516e+01 -9.792614548e+02 -9.792614548e+02 -2.3464e+00 -1.7955e+00 +4.8102e+00 +4.9051e+00 -1.7625e+00
105 0 +1.353178267e+01 -9.864682173e+02 -9.864682173e+02 -2.1739e+00 -2.4469e+00 +3.0028e+00 +2.2933e+00 -1.2594e-01
237 0 +1.218396179e+01 -9.878160382e+02 -9.878160382e+02 -2.3363e+00 -3.5559e+00 +4.1080e+00 +2.8667e+00 -2.5328e-01
254 0 +6.568190060e+00 -9.934318099e+02 -9.934318099e+02 -1.4436e+00 -3.0709e+00 +4.2239e+00 +3.8554e+00 -1.0254e+00
256 0 +4.859447216e+00 -9.951405528e+02 -9.951405528e+02 -1.5439e+00 -3.1482e+00 +3.9909e+00 +3.3849e+00 -1.0789e+00
262 0 +4.489700072e+00 -9.955102999e+02 -9.955102999e+02 -1.4195e+00 -3.5505e+00 +3.9879e+00 +3.3182e+00 -9.3950e-01
280 0 +3.834176024e+00 -9.961658240e+02 -9.961658240e+02 -1.0306e+00 -2.8349e+00 +3.1987e+00 +3.1585e+00 -4.3776e-01
282 0 +2.484256548e+00 -9.975157435e+02 -9.975157435e+02 -1.2677e+00 -3.1977e+00 +3.1058e+00 +3.2999e+00 -1.0898e+00
595 0 +2.440135966e+00 -9.975598640e+02 -9.975598640e+02 -9.3613e-01 -2.9782e+00 +3.3544e+00 +3.7178e+00 -8.0620e-01
764 0 +2.435850366e+00 -9.975641496e+02 -9.975641496e+02 -9.5162e-01 -3.1044e+00 +3.2439e+00 +3.8457e+00 -8.4874e-01
780 0 +2.178162100e+00 -9.978218379e+02 -9.978218379e+02 -9.2025e-01 -3.2061e+00 +3.3734e+00 +3.6486e+00 -7.3736e-01
797 0 +2.159685384e+00 -9.978403146e+02 -9.978403146e+02 -9.3301e-01 -3.2020e+00 +3.2241e+00 +3.4738e+00 -6.3432e-01
867 0 +1.954871020e+00 -9.980451290e+02 -9.980451290e+02 -8.0722e-01 -3.1878e+00 +3.4304e+00 +3.7793e+00 -7.9988e-01
897 0 +1.934544691e+00 -9.980654553e+02 -9.980654553e+02 -8.0269e-01 -3.2274e+00 +3.4300e+00 +3.8767e+00 -8.7092e-01
928 0 +1.892678623e+00 -9.981073214e+02 -9.981073214e+02 -1.0403e+00 -3.1108e+00 +3.4322e+00 +3.3448e+00 -9.2704e-01
938 0 +1.560401540e+00 -9.984395985e+02 -9.984395985e+02 -7.8407e-01 -3.0223e+00 +3.2676e+00 +3.6448e+00 -7.7536e-01
952 0 +1.375861446e+00 -9.986241386e+02 -9.986241386e+02 -8.4784e-01 -3.0831e+00 +3.3108e+00 +3.5307e+00 -9.0035e-01
973 0 +1.351211187e+00 -9.986487888e+02 -9.986487888e+02 -7.0036e-01 -2.9405e+00 +3.1258e+00 +3.4352e+00 -7.9130e-01
993 0 +1.094225024e+00 -9.989057750e+02 -9.989057750e+02 -7.0632e-01 -3.0412e+00 +3.2016e+00 +3.4469e+00 -8.5083e-01
% f evaluations | g evaluations | best noise-free fitness - Fopt (1.319200000000e+02) + sum g_i+ | measured fitness | best measured fitness or single-digit g-values | x1 | x2...
1 0 +8.225699383e+05 +8.227018583e+05 +8.227018583e+05 +5.9671e-01 -3.8264e-02 +7.4769e-01 +1.6230e+00 -1.3415e-01
2 0 +5.854479426e+05 +5.855798626e+05 +5.855798626e+05 -1.3414e-01 +1.6792e+00 +8.6743e-01 -3.6947e-01 +6.4256e-01
7 0 +4.952059590e+05 +4.953378790e+05 +4.953378790e+05 -5.0171e-01 +1.9523e+00 +8.6503e-02 -9.5771e-01 +9.2254e-01
8 0 +2.466117653e+05 +2.467436853e+05 +2.467436853e+05 -1.1208e+00 +3.0886e-01 -1.8597e+00 -1.2282e+00 +2.9686e-01
26 0 +3.346758537e+04 +3.359950537e+04 +3.359950537e+04 -3.1367e+00 +6.2022e-01 -3.9087e+00 -1.8813e+00 -1.5979e+00
51 0 +1.760423982e+04 +1.773615982e+04 +1.773615982e+04 -3.5669e+00 +4.4930e+00 -3.2535e+00 +9.6810e-01 -6.0338e-01
54 0 +1.439800644e+04 +1.452992644e+04 +1.452992644e+04 -4.4682e+00 +2.2068e+00 -2.0798e+00 -4.9343e-01 -6.8164e-01
105 0 +4.489092838e+03 +4.621012838e+03 +4.621012838e+03 -3.7692e+00 +3.9890e+00 -3.8941e+00 -7.4352e-01 -2.2199e+00
126 0 +2.150570871e+03 +2.282490871e+03 +2.282490871e+03 -4.8964e+00 +2.3424e+00 -3.6035e+00 -9.3984e-01 -2.9127e+00
182 0 +1.204482438e+03 +1.336402438e+03 +1.336402438e+03 -4.4867e+00 +2.4398e+00 -3.0386e+00 +1.6874e-01 -1.1179e+00
226 0 +2.401075513e+01 +1.559307551e+02 +1.559307551e+02 -4.5694e+00 +2.8520e+00 -3.2638e+00 +1.2356e-01 -1.3722e+00
229 0 +3.610483596e+00 +1.355304836e+02 +1.355304836e+02 -4.8856e+00 +1.6408e+00 -3.5597e+00 -1.0833e+00 -1.3208e+00
280 0 +1.549263526e+00 +1.334692635e+02 +1.334692635e+02 -4.5466e+00 +2.1593e+00 -3.3968e+00 -4.5107e-01 -1.7920e+00
366 0 +1.358848804e+00 +1.332788488e+02 +1.332788488e+02 -4.5585e+00 +2.1167e+00 -3.4896e+00 -2.3713e-01 -1.2366e+00
474 0 +7.644600082e-01 +1.326844600e+02 +1.326844600e+02 -4.4835e+00 +2.0952e+00 -3.4495e+00 -4.1038e-01 -1.3097e+00
871 0 +7.254441072e-01 +1.326454441e+02 +1.326454441e+02 -4.3228e+00 +2.1777e+00 -3.3967e+00 -3.9920e-01 -1.0879e+00
972 0 +5.097669052e-01 +1.324297669e+02 +1.324297669e+02 -4.3534e+00 +2.0983e+00 -3.4443e+00 -4.0209e-01 -1.3435e+00
1026 0 +3.841124873e-01 +1.323041125e+02 +1.323041125e+02 -4.2946e+00 +1.8521e+00 -3.6230e+00 -4.4436e-01 -1.3628e+00
1028 0 +2.165008431e-01 +1.321365008e+02 +1.321365008e+02 -4.1996e+00 +1.9464e+00 -3.5856e+00 -5.1530e-01 -1.2954e+00
% f evaluations | g evaluations | best noise-free fitness - Fopt (5.908400000000e+02) + sum g_i+ | measured fitness | best measured fitness or single-digit g-values | x1 | x2...
1 0 +5.810606306e+05 +5.816514706e+05 +5.816514706e+05 +5.9671e-01 -3.8264e-02 +7.4769e-01 +1.6230e+00 -1.3415e-01
3 0 +2.826446321e+05 +2.832354721e+05 +2.832354721e+05 -3.6342e-01 -3.6573e-01 +3.4196e-01 -1.8133e+00 -1.6249e+00
4 0 +2.808317135e+05 +2.814225535e+05 +2.814225535e+05 -4.6229e-01 -9.1283e-01 +4.1425e-01 -8.0802e-01 -1.3123e+00
26 0 +9.724846935e+03 +1.031568693e+04 +1.031568693e+04 -1.8660e+00 -3.5118e+00 -1.6947e+00 -3.7706e+00 -2.0634e+00
51 0 +1.317481203e+02 +7.225881203e+02 +7.225881203e+02 -3.2102e+00 -4.8331e+00 -4.8367e+00 -4.7038e+00 -2.3896e+00
76 0 +4.104602346e+01 +6.318860235e+02 +6.318860235e+02 +3.3191e+00 -4.0777e+00 -4.8823e+00 -4.1243e+00 -1.5298e+00
77 0 +1.325685909e+01 +6.040968591e+02 +6.040968591e+02 +4.0864e-01 -3.0602e+00 -4.0931e+00 -2.5991e+00 -1.4212e+00
133 0 +1.266690471e+01 +6.035069047e+02 +6.035069047e+02 +6.9686e-01 -3.1526e+00 -4.1015e+00 -1.8390e+00 -2.1630e+00
143 0 +1.256595346e+01 +6.034059535e+02 +6.034059535e+02 +1.9926e+00 -4.1782e+00 -3.0419e+00 -2.7972e+00 -1.2827e+00
245 0 +1.241749658e+01 +6.032574966e+02 +6.032574966e+02 +2.0762e+00 -3.6830e+00 -3.3908e+00 -3.0911e+00 -1.5641e+00
291 0 +6.305393581e+00 +5.971453936e+02 +5.971453936e+02 +2.0551e+00 -3.3786e+00 -4.2916e+00 -2.0062e+00 -6.6763e-01
343 0 +2.853940357e+00 +5.936939404e+02 +5.936939404e+02 +1.6234e+00 -3.6232e+00 -3.6206e+00 -1.9727e+00 -4.1602e-01
364 0 +2.276964311e+00 +5.931169643e+02 +5.931169643e+02 +1.6943e+00 -3.7745e+00 -3.5218e+00 -1.6859e+00 -2.6250e-01
714 0 +2.238187344e+00 +5.930781873e+02 +5.930781873e+02 +1.9106e+00 -3.4820e+00 -3.9633e+00 -1.5546e+00 -3.4827e-01
730 0 +2.226402867e+00 +5.930664029e+02 +5.930664029e+02 +1.4807e+00 -3.5260e+00 -3.6609e+00 -1.4563e+00 -7.4936e-01
747 0 +1.386316911e+00 +5.922263169e+02 +5.922263169e+02 +1.6827e+00 -3.4675e+00 -3.6540e+00 -1.5615e+00 -6.1986e-01
770 0 +1.359688510e+00 +5.921996885e+02 +5.921996885e+02 +1.4100e+00 -3.5124e+00 -3.6686e+00 -1.4830e+00 -4.5389e-01
789 0 +7.334012912e-01 +5.915734013e+02 +5.915734013e+02 +1.5912e+00 -3.5621e+00 -3.6551e+00 -1.3846e+00 -1.9461e-01
837 0 +6.948813655e-01 +5.915348814e+02 +5.915348814e+02 +1.4453e+00 -3.4474e+00 -3.6025e+00 -1.4668e+00 -1.8204e-01
949 0 +6.800532481e-01 +5.915200532e+02 +5.915200532e+02 +1.3629e+00 -3.4310e+00 -3.5566e+00 -1.4006e+00 -4.4464e-01
% f evaluations | g evaluations | best noise-free fitness - Fopt (6.749000000000e+01) + sum g_i+ | measured fitness | best measured fitness or single-digit g-values | x1 | x2...
1 0 +6.733320635e+03 +6.800810635e+03 +6.800810635e+03 +5.9671e-01 -3.8264e-02 +7.4769e-01 +1.6230e+00 -1.3415e-01
11 0 +6.266919907e+03 +6.334409907e+03 +6.334409907e+03 +4.2408e-01 -2.8508e-01 -5.7692e-01 +7.1168e-01 +1.1310e+00
12 0 +3.778865907e+03 +3.846355907e+03 +3.846355907e+03 +1.0313e+00 -7.3922e-01 -2.0921e-01 +4.3126e-01 +1.0755e+00
23 0 +2.261836565e+03 +2.329326565e+03 +2.329326565e+03 -1.8188e+00 +7.3486e-02 +1.6023e-01 +2.5632e+00 -9.2361e-02
24 0 +2.069581955e+03 +2.137071955e+03 +2.137071955e+03 +4.0155e-01 +6.5288e-02 -1.0687e+00 +1.2428e+00 +8.5193e-01
26 0 +9.798309315e+01 +1.654730932e+02 +1.654730932e+02 +6.3119e-01 -8.9340e-01 -6.5265e-01 +3.7893e+00 -2.7923e-01
28 0 +5.911368987e+01 +1.266036899e+02 +1.266036899e+02 +2.4457e+00 -1.4281e+00 -1.1854e-01 +2.8418e+00 +1.5946e+00
32 0 +4.382336520e+01 +1.113133652e+02 +1.113133652e+02 +1.2918e-01 -7.2264e-01 -4.0441e-01 +2.5937e+00 +1.2205e+00
33 0 +2.724928115e+01 +9.473928115e+01 +9.473928115e+01 +1.4508e+00 -1.3090e+00 +5.0065e-01 +1.5935e+00 +1.5517e+00
86 0 +2.266365232e+01 +9.015365232e+01 +9.015365232e+01 -3.0286e-01 -4.8623e-01 +6.0290e-01 +2.0217e+00 +1.6700e+00
117 0 +1.937404826e+01 +8.686404826e+01 +8.686404826e+01 -6.3441e-01 -3.0513e-01 +1.4461e-01 +2.0657e+00 +2.3461e+00
199 0 +1.833644963e+01 +8.582644963e+01 +8.582644963e+01 -6.7109e-01 -8.3573e-01 -1.8612e-01 +1.5827e+00 +2.1853e+00
204 0 +1.247167355e+01 +7.996167355e+01 +7.996167355e+01 +6.4457e-03 -1.0536e+00 +3.2956e-01 +1.4862e+00 +2.5555e+00
216 0 +1.237556716e+01 +7.986556716e+01 +7.986556716e+01 -8.0550e-01 -1.1214e+00 +6.4847e-01 +1.7229e+00 +2.4482e+00
232 0 +1.111827467e+01 +7.860827467e+01 +7.860827467e+01 -4.4143e-02 -1.9150e+00 +6.9861e-01 +9.9064e-01 +2.5366e+00
245 0 +9.313533286e+00 +7.680353329e+01 +7.680353329e+01 -8.5887e-01 -1.6463e+00 +4.5901e-01 +5.7528e-01 +2.3345e+00
254 0 +8.795502889e+00 +7.628550289e+01 +7.628550289e+01 -4.1055e-01 -2.5749e+00 -1.0331e-01 +3.4596e-01 +3.1143e+00
324 0 +7.627518229e+00 +7.511751823e+01 +7.511751823e+01 -7.1676e-02 -1.6072e+00 +4.8681e-01 +1.1124e+00 +3.0240e+00
366 0 +7.263929675e+00 +7.475392967e+01 +7.475392967e+01 -1.1402e-01 -1.6332e+00 +4.2319e-01 +1.0201e+00 +2.9509e+00
382 0 +3.118279308e+00 +7.060827931e+01 +7.060827931e+01 -7.4366e-01 -5.3490e-01 +2.9448e-01 +7.9763e-01 +3.1612e+00
590 0 +2.501159582e+00 +6.999115958e+01 +6.999115958e+01 -7.5044e-01 -1.0635e+00 +2.4408e-01 +6.2652e-01 +3.2428e+00
699 0 +2.328766006e+00 +6.981876601e+01 +6.981876601e+01 -1.0855e+00 -1.2207e+00 +9.0941e-01 +6.9520e-01 +2.9916e+00
733 0 +2.107189711e+00 +6.959718971e+01 +6.959718971e+01 -7.7668e-01 -1.0158e+00 +2.6297e-01 +5.3500e-01 +3.2471e+00
754 0 +1.839327517e+00 +6.932932752e+01 +6.932932752e+01 -8.5560e-01 -1.3259e+00 +7.4469e-01 +5.4320e-01 +3.1044e+00
777 0 +1.540860391e+00 +6.903086039e+01 +6.903086039e+01 -7.2631e-01 -1.1345e+00 +6.7113e-01 +6.0214e-01 +3.1385e+00
795 0 +1.410900664e+00 +6.890090066e+01 +6.890090066e+01 -6.6483e-01 -1.2586e+00 +4.7437e-01 +3.8125e-01 +3.2372e+00
825 0 +1.119000436e+00 +6.860900044e+01 +6.860900044e+01 -8.6086e-01 -1.1967e+00 +5.7405e-01 +5.9105e-01 +3.4412e+00
886 0 +8.794725549e-01 +6.836947255e+01 +6.836947255e+01 -7.0481e-01 -1.1684e+00 +6.6751e-01 +5.7973e-01 +3.4349e+00
904 0 +8.473594526e-01 +6.833735945e+01 +6.833735945e+01 -6.7032e-01 -1.1678e+00 +6.6152e-01 +5.6740e-01 +3.5224e+00
907 0 +7.519491034e-01 +6.824194910e+01 +6.824194910e+01 -7.1972e-01 -1.1275e+00 +5.9839e-01 +4.9500e-01 +3.3760e+00
936 0 +7.289554931e-01 +6.821895549e+01 +6.821895549e+01 -6.2601e-01 -1.1725e+00 +4.2749e-01 +3.6641e-01 +3.5395e+00
946 0 +5.592183974e-01 +6.804921840e+01 +6.804921840e+01 -7.1137e-01 -1.1397e+00 +4.7476e-01 +3.3150e-01 +3.4854e+00
980 0 +5.233241109e-01 +6.801332411e+01 +6.801332411e+01 -7.3486e-01 -1.0202e+00 +6.3600e-01 +5.2952e-01 +3.5662e+00
982 0 +4.373470237e-01 +6.792734702e+01 +6.792734702e+01 -6.9123e-01 -1.0874e+00 +7.2813e-01 +4.9630e-01 +3.5204e+00
1005 0 +4.212354006e-01 +6.791123540e+01 +6.791123540e+01 -7.0180e-01 -1.0268e+00 +5.4970e-01 +4.2909e-01 +3.5160e+00
1058 0 +3.514095329e-01 +6.784140953e+01 +6.784140953e+01 -7.4696e-01 -1.0198e+00 +5.7930e-01 +3.7148e-01 +3.4741e+00
1074 0 +3.233421590e-01 +6.781334216e+01 +6.781334216e+01 -8.1906e-01 -1.0694e+00 +7.5707e-01 +4.4456e-01 +3.4331e+00
1087 0 +2.968842981e-01 +6.778688430e+01 +6.778688430e+01 -7.5729e-01 -1.0065e+00 +4.9613e-01 +2.8777e-01 +3.5381e+00
1088 0 +2.197785449e-01 +6.770977854e+01 +6.770977854e+01 -7.1264e-01 -1.0080e+00 +5.9167e-01 +2.8749e-01 +3.5303e+00
1091 0 +2.107535427e-01 +6.770075354e+01 +6.770075354e+01 -6.8803e-01 -1.0133e+00 +5.5896e-01 +3.0425e-01 +3.5877e+00
% f evaluations | g evaluations | best noise-free fitness - Fopt (3.085000000000e+01) + sum g_i+ | measured fitness | best measured fitness or single-digit g-values | x1 | x2...
1 0 +6.031932525e+04 +6.035017525e+04 +6.035017525e+04 +5.9671e-01 -3.8264e-02 +7.4769e-01 +1.6230e+00 -1.3415e-01
11 0 +3.679332060e+04 +3.682417060e+04 +3.682417060e+04 +4.2408e-01 -2.8508e-01 -5.7692e-01 +7.1168e-01 +1.1310e+00
12 0 +2.958435594e+04 +2.961520594e+04 +2.961520594e+04 +1.0313e+00 -7.3922e-01 -2.0921e-01 +4.3126e-01 +1.0755e+00
26 0 +9.399534606e+01 +1.248453461e+02 +1.248453461e+02 +1.6744e+00 -6.5777e-01 +7.4718e-02 +1.8604e+00 +1.8849e+00
51 0 +3.274027550e+01 +6.359027550e+01 +6.359027550e+01 +3.6773e+00 -1.8086e+00 -1.8992e-01 +1.3753e+00 +1.6879e+00
83 0 +1.654095587e+01 +4.739095587e+01 +4.739095587e+01 +3.1070e+00 -3.0957e+00 -7.0124e-01 +9.0049e-01 +1.4890e+00
103 0 +1.423707268e+01 +4.508707268e+01 +4.508707268e+01 +4.2498e+00 -2.2092e+00 +8.5614e-01 -5.7509e-01 +1.5700e+00
136 0 +1.257260202e+01 +4.342260202e+01 +4.342260202e+01 +3.9128e+00 -3.1721e+00 +5.1957e-02 +8.1833e-01 +1.4327e+00
155 0 +6.716534433e+00 +3.756653443e+01 +3.756653443e+01 +3.6824e+00 -3.6904e+00 -1.6826e-01 +1.3678e-01 +1.4863e+00
537 0 +6.383443599e+00 +3.723344360e+01 +3.723344360e+01 +3.3937e+00 -2.6574e+00 +4.3802e-01 -1.1105e+00 +1.7967e+00
554 0 +6.149719551e+00 +3.699971955e+01 +3.699971955e+01 +3.4191e+00 -2.8839e+00 -1.0136e-01 -1.3930e+00 +1.4659e+00
557 0 +4.839049886e+00 +3.568904989e+01 +3.568904989e+01 +3.5348e+00 -3.0166e+00 +5.3604e-01 -1.0228e+00 +1.5164e+00
565 0 +3.828564174e+00 +3.467856417e+01 +3.467856417e+01 +3.3725e+00 -2.9730e+00 -8.6403e-02 -1.4844e+00 +1.8633e+00
605 0 +2.505553641e+00 +3.335555364e+01 +3.335555364e+01 +3.4758e+00 -3.5290e+00 +1.1931e-02 -1.0946e+00 +1.7727e+00
721 0 +2.504203445e+00 +3.335420345e+01 +3.335420345e+01 +3.1576e+00 -3.1626e+00 +1.0365e-01 -1.3246e+00 +2.0700e+00
803 0 +1.838857132e+00 +3.268885713e+01 +3.268885713e+01 +3.3716e+00 -3.4412e+00 -2.5783e-01 -1.5362e+00 +1.6404e+00
842 0 +1.769169109e+00 +3.261916911e+01 +3.261916911e+01 +3.2131e+00 -3.2846e+00 -3.7300e-01 -1.8957e+00 +1.9561e+00
895 0 +1.348133545e+00 +3.219813355e+01 +3.219813355e+01 +3.2580e+00 -3.4442e+00 -1.3764e-01 -1.5592e+00 +1.9365e+00
964 0 +1.213934148e+00 +3.206393415e+01 +3.206393415e+01 +3.1415e+00 -3.4096e+00 -5.5711e-02 -1.5518e+00 +1.9288e+00
989 0 +7.919084354e-01 +3.164190844e+01 +3.164190844e+01 +3.1971e+00 -3.5555e+00 -2.7754e-03 -1.5433e+00 +1.7137e+00
1039 0 +6.352346725e-01 +3.148523467e+01 +3.148523467e+01 +3.1455e+00 -3.6691e+00 -2.7308e-01 -1.6635e+00 +1.6540e+00
1053 0 +2.581471277e-01 +3.110814713e+01 +3.110814713e+01 +3.0163e+00 -3.6549e+00 -1.6837e-01 -1.8174e+00 +1.9136e+00
% f evaluations | g evaluations | best noise-free fitness - Fopt (-1.255000000000e+01) + sum g_i+ | measured fitness | best measured fitness or single-digit g-values | x1 | x2...
1 0 +2.754559647e+05 +2.754434147e+05 +2.754434147e+05 +5.9671e-01 -3.8264e-02 +7.4769e-01 +1.6230e+00 -1.3415e-01
2 0 +1.655811493e+05 +1.655685993e+05 +1.655685993e+05 -1.3414e-01 +1.6792e+00 +8.6743e-01 -3.6947e-01 +6.4256e-01
26 0 +1.899489769e+04 +1.898234769e+04 +1.898234769e+04 +1.4477e+00 +2.2388e+00 +2.7828e+00 -1.3345e+00 +1.8386e+00
45 0 +1.855186854e+04 +1.853931854e+04 +1.853931854e+04 +6.4007e-01 +1.3836e+00 +1.7394e+00 +4.9154e-01 +2.8010e+00
51 0 +4.804657130e+01 +3.549657130e+01 +3.549657130e+01 -5.3894e-01 +4.6770e+00 +4.1277e+00 -6.4123e-01 +4.3192e+00
55 0 +1.556604438e+01 +3.016044384e+00 +3.016044384e+00 +9.0606e-01 +3.1978e+00 +4.1472e+00 -3.4049e-01 +2.8054e+00
88 0 +1.247549845e+01 -7.450155264e-02 -7.450155264e-02 +6.3419e-01 +3.6074e+00 +3.9014e+00 +1.3692e-02 +1.9278e+00
238 0 +1.223824329e+01 -3.117567107e-01 -3.117567107e-01 +1.7352e+00 +4.2839e+00 +4.1228e+00 +6.3795e-01 +1.9123e+00
277 0 +1.031775850e+01 -2.232241503e+00 -2.232241503e+00 +9.5484e-01 +3.4415e+00 +3.7842e+00 +6.2540e-01 +1.9981e+00
331 0 +9.605586047e+00 -2.944413953e+00 -2.944413953e+00 +1.0485e+00 +3.1584e+00 +3.7189e+00 +2.9490e-01 +2.1129e+00
335 0 +6.707663451e+00 -5.842336549e+00 -5.842336549e+00 +1.4440e+00 +2.5447e+00 +3.0203e+00 +7.7094e-01 +2.6328e+00
358 0 +3.412783254e+00 -9.137216746e+00 -9.137216746e+00 +2.2094e+00 +2.5277e+00 +3.3176e+00 +9.1780e-01 +1.9985e+00
413 0 +3.140211994e+00 -9.409788006e+00 -9.409788006e+00 +2.0967e+00 +2.7837e+00 +3.2977e+00 +9.1800e-01 +1.8748e+00
439 0 +2.506395421e+00 -1.004360458e+01 -1.004360458e+01 +2.5984e+00 +2.4631e+00 +2.9707e+00 +8.6260e-01 +2.4233e+00
440 0 +1.288072860e+00 -1.126192714e+01 -1.126192714e+01 +2.6615e+00 +2.4133e+00 +2.7914e+00 +1.4219e+00 +2.0936e+00
782 0 +8.619160493e-01 -1.168808395e+01 -1.168808395e+01 +2.8858e+00 +2.7970e+00 +3.0491e+00 +1.4477e+00 +1.8737e+00
813 0 +7.437659937e-01 -1.180623401e+01 -1.180623401e+01 +2.9087e+00 +2.5954e+00 +2.9519e+00 +1.5293e+00 +1.9599e+00
848 0 +7.355261469e-01 -1.181447385e+01 -1.181447385e+01 +2.8153e+00 +2.4414e+00 +2.8463e+00 +1.3405e+00 +2.0352e+00
% f evaluations | g evaluations | best noise-free fitness - Fopt (5.383900000000e+02) + sum g_i+ | measured fitness | best measured fitness or single-digit g-values | x1 | x2...
1 0 +3.045848773e+05 +3.051232673e+05 +3.051232673e+05 +5.9671e-01 -3.8264e-02 +7.4769e-01 +1.6230e+00 -1.3415e-01
2 0 +2.325146834e+05 +2.330530734e+05 +2.330530734e+05 -1.3414e-01 +1.6792e+00 +8.6743e-01 -3.6947e-01 +6.4256e-01
3 0 +2.211433402e+05 +2.216817302e+05 +2.216817302e+05 -3.6342e-01 -3.6573e-01 +3.4196e-01 -1.8133e+00 -1.6249e+00
5 0 +2.092489771e+05 +2.097873671e+05 +2.097873671e+05 +1.5656e+00 -1.2578e-01 +1.6753e-01 -1.3247e+00 -4.4438e-01
9 0 +1.454475131e+05 +1.459859031e+05 +1.459859031e+05 +8.3847e-01 +2.7137e-01 -1.5648e-02 -2.0110e-01 -1.3785e+00
15 0 +9.998282039e+04 +1.005212104e+05 +1.005212104e+05 +4.6140e-01 +1.6380e+00 +6.4174e-02 +1.6646e+00 -2.5197e+00
26 0 +6.519615183e+01 +6.035861518e+02 +6.035861518e+02 +2.7898e+00 +4.6473e+00 +3.9808e-02 -1.2809e+00 -2.7120e+00
27 0 +4.881550977e+01 +5.872055098e+02 +5.872055098e+02 +2.8531e+00 +3.1445e+00 -2.0604e+00 -4.5389e-01 -2.9120e+00
56 0 +4.628137856e+01 +5.846713786e+02 +5.846713786e+02 +2.3044e+00 +4.7247e+00 -8.1065e-01 -3.0399e-01 -2.9775e+00
103 0 +4.400792769e+01 +5.823979277e+02 +5.823979277e+02 +4.3017e+00 +2.3609e+00 -1.6175e+00 +1.2427e+00 -4.6406e+00
105 0 +1.329467396e+01 +5.516846740e+02 +5.516846740e+02 +3.9682e+00 +3.7016e+00 +6.9586e-01 +2.7922e+00 -4.2240e+00
345 0 +1.275957583e+01 +5.511495758e+02 +5.511495758e+02 +3.7835e+00 +3.1427e+00 -9.2297e-02 +1.9506e+00 -3.2432e+00
367 0 +7.764184555e+00 +5.461541846e+02 +5.461541846e+02 +3.6747e+00 +3.4927e+00 -3.9213e-02 +2.5317e+00 -3.2190e+00
379 0 +7.247831460e+00 +5.456378315e+02 +5.456378315e+02 +3.2599e+00 +3.9165e+00 +8.0648e-01 +2.0984e+00 -2.7050e+00
400 0 +6.039126676e+00 +5.444291267e+02 +5.444291267e+02 +3.1923e+00 +3.1255e+00 +2.1748e-01 +2.1947e+00 -3.1199e+00
656 0 +5.034346421e+00 +5.434243464e+02 +5.434243464e+02 +3.3213e+00 +3.1581e+00 +1.3651e-01 +2.5613e+00 -3.4159e+00
694 0 +2.450989959e+00 +5.408409900e+02 +5.408409900e+02 +3.2048e+00 +3.1221e+00 +4.3313e-01 +2.6899e+00 -3.1206e+00
973 0 +2.166034478e+00 +5.405560345e+02 +5.405560345e+02 +3.1716e+00 +3.1581e+00 +4.0640e-01 +2.7738e+00 -3.1156e+00
978 0 +2.065007405e+00 +5.404550074e+02 +5.404550074e+02 +3.4972e+00 +3.5753e+00 +3.9271e-01 +3.2436e+00 -2.7184e+00
1060 0 +1.776526827e+00 +5.401665268e+02 +5.401665268e+02 +3.4434e+00 +3.1120e+00 +3.7780e-01 +3.0396e+00 -3.2751e+00
1068 0 +1.572202865e+00 +5.399622029e+02 +5.399622029e+02 +3.3188e+00 +3.0197e+00 +2.7395e-01 +2.8235e+00 -2.9952e+00
1073 0 +1.434642251e+00 +5.398246423e+02 +5.398246423e+02 +3.3085e+00 +3.3135e+00 +3.5117e-01 +3.0321e+00 -2.9449e+00
1085 0 +1.369735861e+00 +5.397597359e+02 +5.397597359e+02 +3.5924e+00 +3.0773e+00 +3.4073e-01 +3.2041e+00 -3.1419e+00
% f evaluations | g evaluations | best noise-free fitness - Fopt (-1.055600000000e+02) + sum g_i+ | measured fitness | best measured fitness or single-digit g-values | x1 | x2...
1 0 +6.717353955e+04 +6.706797955e+04 +6.706797955e+04 +5.9671e-01 -3.8264e-02 +7.4769e-01 +1.6230e+00 -1.3415e-01
9 0 +6.574629930e+04 +6.564073930e+04 +6.564073930e+04 +8.3847e-01 +2.7137e-01 -1.5648e-02 -2.0110e-01 -1.3785e+00
10 0 +5.577528422e+04 +5.566972422e+04 +5.566972422e+04 -6.1984e-01 -3.6064e-01 +1.1571e+00 +4.4362e-01 -1.6630e+00
14 0 +4.870275908e+04 +4.859719908e+04 +4.859719908e+04 +1.4562e+00 +2.7990e-02 +1.1035e+00 +4.6164e-01 -5.4512e-01
15 0 +3.504295822e+04 +3.493739822e+04 +3.493739822e+04 +4.6140e-01 +1.6380e+00 +6.4174e-02 +1.6646e+00 -2.5197e+00
26 0 +5.753359100e+03 +5.647799100e+03 +5.647799100e+03 +1.8824e+00 +4.0239e+00 +1.1482e+00 -7.0274e-02 -3.2179e+00
27 0 +1.508826400e+02 +4.532264004e+01 +4.532264004e+01 +1.9994e+00 +1.4701e+00 +1.9548e+00 +2.4937e+00 -3.4088e+00
37 0 +1.164474107e+02 +1.088741066e+01 +1.088741066e+01 -5.2426e-01 +1.4433e+00 +3.3722e+00 +1.2540e+00 -2.9384e+00
61 0 +7.247014842e+01 -3.308985158e+01 -3.308985158e+01 +1.6677e+00 +7.3606e-01 +4.1422e+00 +7.2638e-01 -3.4507e+00
84 0 +6.557258526e+01 -3.998741474e+01 -3.998741474e+01 +2.5249e+00 +1.0959e+00 +2.7211e+00 +1.8138e+00 -3.1247e+00
109 0 +5.211483667e+01 -5.344516333e+01 -5.344516333e+01 +2.6447e+00 -4.9323e-01 +4.6876e+00 +9.3804e-01 -2.6464e+00
154 0 +3.338075021e+01 -7.217924979e+01 -7.217924979e+01 +1.7411e+00 -4.3733e-01 +3.3216e+00 +2.9017e-01 -2.7801e+00
242 0 +2.256833048e+01 -8.299166952e+01 -8.299166952e+01 +1.8774e+00 -1.7323e+00 +3.8096e+00 +6.4072e-01 -3.3326e+00
288 0 +1.276013007e+01 -9.279986993e+01 -9.279986993e+01 +1.2586e+00 -3.2268e+00 +4.8379e+00 -8.2901e-02 -2.2604e+00
323 0 +1.258090177e+01 -9.297909823e+01 -9.297909823e+01 +1.9718e+00 -2.1159e+00 +4.2152e+00 -2.1244e-01 -2.7316e+00
353 0 +1.153082045e+01 -9.402917955e+01 -9.402917955e+01 +2.3993e+00 -2.4303e+00 +4.7886e+00 -7.0331e-01 -2.9162e+00
360 0 +1.076385857e+01 -9.479614143e+01 -9.479614143e+01 +2.2725e+00 -2.3864e+00 +4.6294e+00 -9.3509e-01 -2.5697e+00
379 0 +6.059606195e+00 -9.950039380e+01 -9.950039380e+01 +1.4137e+00 -2.8336e+00 +4.0012e+00 -3.0220e-01 -3.1002e+00
426 0 +5.602304939e+00 -9.995769506e+01 -9.995769506e+01 +1.4365e+00 -3.5931e+00 +4.8245e+00 -1.0123e+00 -2.2280e+00
436 0 +5.249738362e+00 -1.003102616e+02 -1.003102616e+02 +4.7016e-01 -3.6254e+00 +4.5070e+00 -1.2799e+00 -2.6107e+00
447 0 +3.279740372e+00 -1.022802596e+02 -1.022802596e+02 +1.5763e+00 -3.1276e+00 +4.4093e+00 -9.1244e-01 -2.8890e+00
547 0 +3.089335687e+00 -1.024706643e+02 -1.024706643e+02 +1.0586e+00 -3.4965e+00 +4.3343e+00 -7.1655e-01 -2.7358e+00
575 0 +3.068246024e+00 -1.024917540e+02 -1.024917540e+02 +1.3691e+00 -3.3484e+00 +4.4940e+00 -1.0046e+00 -2.6836e+00
605 0 +3.038919168e+00 -1.025210808e+02 -1.025210808e+02 +1.4563e+00 -3.3303e+00 +4.5584e+00 -9.4471e-01 -2.9699e+00
647 0 +2.837494078e+00 -1.027225059e+02 -1.027225059e+02 +1.5305e+00 -3.4205e+00 +4.6458e+00 -9.7299e-01 -2.8833e+00
682 0 +2.816947273e+00 -1.027430527e+02 -1.027430527e+02 +1.2996e+00 -3.8583e+00 +4.9161e+00 -1.0001e+00 -2.8562e+00
683 0 +2.547452773e+00 -1.030125472e+02 -1.030125472e+02 +1.5372e+00 -3.7305e+00 +4.8186e+00 -9.4537e-01 -2.9021e+00
781 0 +2.519220040e+00 -1.030407800e+02 -1.030407800e+02 +1.2928e+00 -3.5640e+00 +4.6676e+00 -1.2737e+00 -2.8101e+00
790 0 +2.457132247e+00 -1.031028678e+02 -1.031028678e+02 +1.2000e+00 -3.8691e+00 +4.7897e+00 -1.0063e+00 -2.9016e+00
791 0 +2.410601728e+00 -1.031493983e+02 -1.031493983e+02 +1.6028e+00 -3.5168e+00 +4.6922e+00 -1.1940e+00 -2.8089e+00
798 0 +2.205343022e+00 -1.033546570e+02 -1.033546570e+02 +1.4592e+00 -3.4192e+00 +4.5044e+00 -1.1504e+00 -2.8362e+00
824 0 +1.824780415e+00 -1.037352196e+02 -1.037352196e+02 +1.6129e+00 -3.5607e+00 +4.5580e+00 -9.8197e-01 -2.7431e+00
872 0 +1.628843161e+00 -1.039311568e+02 -1.039311568e+02 +1.1914e+00 -3.6273e+00 +4.3508e+00 -1.0175e+00 -2.6224e+00
887 0 +1.398601994e+00 -1.041613980e+02 -1.041613980e+02 +1.5786e+00 -3.2171e+00 +4.0404e+00 -9.0104e-01 -2.7161e+00
1064 0 +1.372741167e+00 -1.041872588e+02 -1.041872588e+02 +1.5829e+00 -3.3534e+00 +4.2147e+00 -9.5376e-01 -2.7377e+00
1121 0 +1.347669359e+00 -1.042123306e+02 -1.042123306e+02 +1.2853e+00 -3.6879e+00 +4.3581e+00 -1.0279e+00 -2.6344e+00
1143 0 +9.372252012e-01 -1.046227748e+02 -1.046227748e+02 +1.5122e+00 -3.2782e+00 +3.9635e+00 -8.6130e-01 -2.8275e+00
