% f evaluations | g evaluations | best noise-free fitness - Fopt (1.491500000000e+02) + sum g_i+ | measured fitness | best measured fitness or single-digit g-values | x1 | x2...
1 0 +1.953860801e+02 +3.445360801e+02 +3.445360801e+02 +5.9671e-01 -3.8264e-02
2 0 +7.227817213e+00 +1.563778172e+02 +1.563778172e+02 +7.4769e-01 +1.6230e+00
10 0 +5.674199010e-01 +1.497174199e+02 +1.497174199e+02 -8.0802e-01 -1.3123e+00
41 0 +5.552069902e-01 +1.497052070e+02 +1.497052070e+02 -7.6994e-01 -1.3105e+00
58 0 +1.898244519e-01 +1.493398245e+02 +1.493398245e+02 -1.2934e-01 -5.5652e-01
76 0 +7.726797754e-02 +1.492272680e+02 +1.492272680e+02 +6.6363e-02 -8.7899e-02
81 0 +2.823957499e-02 +1.491782396e+02 +1.491782396e+02 -1.8674e-01 -6.2703e-01
101 0 +1.003552538e-02 +1.491600355e+02 +1.491600355e+02 -1.3643e-01 -5.2079e-01
131 0 +1.231338023e-03 +1.491512313e+02 +1.491512313e+02 -4.6352e-02 -3.5642e-01
141 0 +9.579825580e-04 +1.491509580e+02 +1.491509580e+02 -7.7528e-02 -4.1710e-01
151 0 +8.300081424e-04 +1.491508300e+02 +1.491508300e+02 -8.3494e-02 -4.2604e-01
161 0 +5.425219574e-04 +1.491505425e+02 +1.491505425e+02 -7.3527e-02 -4.0856e-01
221 0 +4.259081032e-04 +1.491504259e+02 +1.491504259e+02 -7.5794e-02 -4.1170e-01
261 0 +3.657651391e-04 +1.491503658e+02 +1.491503658e+02 -7.4316e-02 -4.0861e-01
271 0 +2.375725794e-04 +1.491502376e+02 +1.491502376e+02 -6.9793e-02 -4.0027e-01
281 0 +1.403790654e-04 +1.491501404e+02 +1.491501404e+02 -6.7015e-02 -3.9420e-01
294 0 +4.699944856e-05 +1.491500470e+02 +1.491500470e+02 -5.6916e-02 -3.7489e-01
341 0 +2.327526795e-05 +1.491500233e+02 +1.491500233e+02 -5.0983e-02 -3.6258e-01
361 0 +1.716727982e-05 +1.491500172e+02 +1.491500172e+02 -5.2529e-02 -3.6513e-01
371 0 +1.389328276e-05 +1.491500139e+02 +1.491500139e+02 -5.5773e-02 -3.7231e-01
391 0 +2.922592188e-06 +1.491500029e+02 +1.491500029e+02 -5.4365e-02 -3.6928e-01
411 0 +1.811967252e-06 +1.491500018e+02 +1.491500018e+02 -5.5283e-02 -3.7083e-01
421 0 +3.338695365e-07 +1.491500003e+02 +1.491500003e+02 -5.5250e-02 -3.7084e-01
431 0 +4.979315804e-08 +1.491500000e+02 +1.491500000e+02 -5.5168e-02 -3.7076e-01
461 0 +4.920138963e-09 +1.491500000e+02 +1.491500000e+02 -5.5138e-02 -3.7067e-01
% f evaluations | g evaluations | best noise-free fitness - Fopt (-1.000000000000e+03) + sum g_i+ | measured fitness | best measured fitness or single-digit g-values | x1 | x2...
1 0 +3.990044964e+04 +3.890044964e+04 +3.890044964e+04 +5.9671e-01 -3.8264e-02
2 0 +3.872648986e+04 +3.772648986e+04 +3.772648986e+04 +7.4769e-01 +1.6230e+00
3 0 +1.990212803e+04 +1.890212803e+04 +1.890212803e+04 -1.3415e-01 -1.3414e-01
5 0 +1.354479732e+04 +1.254479732e+04 +1.254479732e+04 -3.6947e-01 +6.4256e-01
8 0 +3.117224945e+03 +2.117224945e+03 +2.117224945e+03 -1.6249e+00 -4.6229e-01
11 0 +4.285882103e+02 -5.714117897e+02 -5.714117897e+02 -3.7851e+00 -1.8875e+00
14 0 +1.602451743e+02 -8.397548257e+02 -8.397548257e+02 -3.3425e+00 -8.3258e-01
16 0 +9.247262764e-01 -9.990752737e+02 -9.990752737e+02 -3.7456e+00 +1.5257e-01
71 0 +4.985979292e-01 -9.995014021e+02 -9.995014021e+02 -3.3493e+00 +3.7579e-01
121 0 +4.673179891e-01 -9.995326820e+02 -9.995326820e+02 -3.5172e+00 +2.7210e-01
131 0 +4.343489027e-01 -9.995656511e+02 -9.995656511e+02 -3.4855e+00 +2.9136e-01
141 0 +3.770190896e-01 -9.996229809e+02 -9.996229809e+02 -3.4219e+00 +3.3647e-01
181 0 +3.436743036e-01 -9.996563257e+02 -9.996563257e+02 -3.4301e+00 +3.4429e-01
201 0 +2.843951640e-01 -9.997156048e+02 -9.997156048e+02 -3.3795e+00 +4.0089e-01
211 0 +2.659809916e-01 -9.997340190e+02 -9.997340190e+02 -3.3596e+00 +4.0866e-01
241 0 +2.572361524e-01 -9.997427638e+02 -9.997427638e+02 -3.3457e+00 +4.1925e-01
251 0 +2.488823885e-01 -9.997511176e+02 -9.997511176e+02 -3.3383e+00 +4.2728e-01
261 0 +2.392479035e-01 -9.997607521e+02 -9.997607521e+02 -3.3356e+00 +4.3525e-01
271 0 +2.389850658e-01 -9.997610149e+02 -9.997610149e+02 -3.3326e+00 +4.3584e-01
291 0 +2.320278252e-01 -9.997679722e+02 -9.997679722e+02 -3.3230e+00 +4.4430e-01
311 0 +2.217601614e-01 -9.997782398e+02 -9.997782398e+02 -3.2930e+00 +4.6939e-01
351 0 +1.997634539e-01 -9.998002365e+02 -9.998002365e+02 -3.2856e+00 +4.8392e-01
361 0 +1.658929759e-01 -9.998341070e+02 -9.998341070e+02 -3.2549e+00 +5.3072e-01
391 0 +1.400858062e-01 -9.998599142e+02 -9.998599142e+02 -3.2160e+00 +5.6933e-01
392 0 +1.397014831e-01 -9.998602985e+02 -9.998602985e+02 -3.2204e+00 +5.6731e-01
401 0 +1.301881495e-01 -9.998698119e+02 -9.998698119e+02 -3.2085e+00 +5.8391e-01
441 0 +1.238013038e-01 -9.998761987e+02 -9.998761987e+02 -3.1909e+00 +6.1664e-01
451 0 +1.094945789e-01 -9.998905054e+02 -9.998905054e+02 -3.1759e+00 +6.3323e-01
464 0 +1.041988282e-01 -9.998958012e+02 -9.998958012e+02 -3.1555e+00 +6.6634e-01
471 0 +9.960483620e-02 -9.999003952e+02 -9.999003952e+02 -3.1623e+00 +6.4398e-01
482 0 +7.004147883e-02 -9.999299585e+02 -9.999299585e+02 -3.1128e+00 +7.1682e-01
% f evaluations | g evaluations | best noise-free fitness - Fopt (9.862000000000e+01) + sum g_i+ | measured fitness | best measured fitness or single-digit g-values | x1 | x2...
1 0 +1.341273494e+03 +1.439893494e+03 +1.439893494e+03 +5.9671e-01 -3.8264e-02
2 0 +7.566882690e+02 +8.553082690e+02 +8.553082690e+02 +7.4769e-01 +1.6230e+00
3 0 +6.109293371e+01 +1.597129337e+02 +1.597129337e+02 -1.3415e-01 -1.3414e-01
5 0 +5.334153937e+01 +1.519615394e+02 +1.519615394e+02 -3.6947e-01 +6.4256e-01
6 0 +8.996241673e+00 +1.076162417e+02 +1.076162417e+02 -3.6342e-01 -3.6573e-01
10 0 +2.523769955e+00 +1.011437700e+02 +1.011437700e+02 -8.0802e-01 -1.3123e+00
31 0 +1.748567231e+00 +1.003685672e+02 +1.003685672e+02 -1.9496e+00 -2.1932e+00
43 0 +8.745737266e-02 +9.870745737e+01 +9.870745737e+01 -1.0042e+00 -1.5281e+00
141 0 +1.919744411e-02 +9.863919744e+01 +9.863919744e+01 -9.4270e-01 -1.4022e+00
251 0 +1.725487551e-02 +9.863725488e+01 +9.863725488e+01 -9.3623e-01 -1.3918e+00
261 0 +1.522523568e-02 +9.863522524e+01 +9.863522524e+01 -9.2842e-01 -1.3784e+00
271 0 +1.175494033e-02 +9.863175494e+01 +9.863175494e+01 -9.1362e-01 -1.3528e+00
301 0 +1.024979938e-02 +9.863024980e+01 +9.863024980e+01 -8.9968e-01 -1.3242e+00
311 0 +9.759874569e-03 +9.862975987e+01 +9.862975987e+01 -9.0342e-01 -1.3335e+00
321 0 +9.137821421e-03 +9.862913782e+01 +9.862913782e+01 -9.0079e-01 -1.3299e+00
331 0 +8.325016077e-03 +9.862832502e+01 +9.862832502e+01 -8.9460e-01 -1.3204e+00
341 0 +7.422895741e-03 +9.862742290e+01 +9.862742290e+01 -8.9035e-01 -1.3095e+00
351 0 +7.392734978e-03 +9.862739273e+01 +9.862739273e+01 -8.9111e-01 -1.3126e+00
356 0 +7.067414856e-03 +9.862706741e+01 +9.862706741e+01 -8.8778e-01 -1.3046e+00
361 0 +6.906665849e-03 +9.862690667e+01 +9.862690667e+01 -8.8771e-01 -1.3070e+00
371 0 +6.691112401e-03 +9.862669111e+01 +9.862669111e+01 -8.8686e-01 -1.3049e+00
385 0 +6.681618097e-03 +9.862668162e+01 +9.862668162e+01 -8.8278e-01 -1.2995e+00
391 0 +6.150025774e-03 +9.862615003e+01 +9.862615003e+01 -8.8165e-01 -1.2966e+00
392 0 +5.717643523e-03 +9.862571764e+01 +9.862571764e+01 -8.8075e-01 -1.2935e+00
411 0 +3.991276880e-03 +9.862399128e+01 +9.862399128e+01 -8.6836e-01 -1.2703e+00
422 0 +3.237414643e-03 +9.862323741e+01 +9.862323741e+01 -8.5542e-01 -1.2430e+00
432 0 +9.263881623e-04 +9.862092639e+01 +9.862092639e+01 -8.3548e-01 -1.2077e+00
471 0 +3.374577324e-04 +9.862033746e+01 +9.862033746e+01 -8.2056e-01 -1.1793e+00
493 0 +2.446874093e-04 +9.862024469e+01 +9.862024469e+01 -7.9349e-01 -1.1253e+00
% f evaluations | g evaluations | best noise-free fitness - Fopt (-4.715000000000e+01) + sum g_i+ | measured fitness | best measured fitness or single-digit g-values | x1 | x2...
1 0 +3.818138538e+02 +3.346638538e+02 +3.346638538e+02 +5.9671e-01 -3.8264e-02
2 0 +8.131056962e+01 +3.416056962e+01 +3.416056962e+01 +7.4769e-01 +1.6230e+00
3 0 +5.578895852e+00 -4.157110415e+01 -4.157110415e+01 -1.3415e-01 -1.3414e-01
10 0 +4.876731222e+00 -4.227326878e+01 -4.227326878e+01 -8.0802e-01 -1.3123e+00
22 0 +1.285955869e+00 -4.586404413e+01 -4.586404413e+01 -1.5256e-01 -5.2522e-01
23 0 +7.711320892e-01 -4.637886791e+01 -4.637886791e+01 -3.0473e-01 -8.3637e-01
25 0 +1.725636668e-01 -4.697743633e+01 -4.697743633e+01 -3.8027e-01 -9.3911e-01
31 0 +9.552823552e-02 -4.705447176e+01 -4.705447176e+01 -3.7218e-01 -8.5181e-01
43 0 +1.008104187e-02 -4.713991896e+01 -4.713991896e+01 -4.0622e-01 -9.5313e-01
61 0 +8.039743954e-03 -4.714196026e+01 -4.714196026e+01 -4.1718e-01 -9.6434e-01
83 0 +3.647035177e-03 -4.714635296e+01 -4.714635296e+01 -3.1008e-01 -7.6522e-01
91 0 +2.545381831e-04 -4.714974546e+01 -4.714974546e+01 -3.3955e-01 -8.1749e-01
121 0 +1.177638574e-04 -4.714988224e+01 -4.714988224e+01 -3.2241e-01 -7.8527e-01
% f evaluations | g evaluations | best noise-free fitness - Fopt (3.752000000000e+01) + sum g_i+ | measured fitness | best measured fitness or single-digit g-values | x1 | x2...
1 0 +4.585432332e+02 +4.960632332e+02 +4.960632332e+02 +5.9671e-01 -3.8264e-02
3 0 +1.077452552e+01 +4.829452552e+01 +4.829452552e+01 -1.3415e-01 -1.3414e-01
5 0 +1.055173868e+01 +4.807173868e+01 +4.807173868e+01 -3.6947e-01 +6.4256e-01
7 0 +7.240762791e+00 +4.476076279e+01 +4.476076279e+01 +3.4196e-01 -1.8133e+00
12 0 +5.820495308e+00 +4.334049531e+01 +4.334049531e+01 +4.4172e-01 -1.9978e+00
24 0 +3.526931133e+00 +4.104693113e+01 +4.104693113e+01 +7.3432e-01 -2.3315e+00
53 0 +2.679067872e+00 +4.019906787e+01 +4.019906787e+01 +1.3924e+00 -2.8382e+00
55 0 +2.290268964e+00 +3.981026896e+01 +3.981026896e+01 +9.8329e-01 -2.7266e+00
65 0 +1.153926299e-01 +3.763539263e+01 +3.763539263e+01 +2.1754e+00 -2.5122e+00
211 0 +9.520558048e-02 +3.761520558e+01 +3.761520558e+01 +2.1984e+00 -2.4775e+00
231 0 +4.554769243e-02 +3.756554769e+01 +3.756554769e+01 +2.2778e+00 -2.3508e+00
271 0 +4.241502309e-02 +3.756241502e+01 +3.756241502e+01 +2.2894e+00 -2.3255e+00
288 0 +3.817201535e-02 +3.755817202e+01 +3.755817202e+01 +2.3150e+00 -2.2800e+00
296 0 +3.774591844e-02 +3.755774592e+01 +3.755774592e+01 +2.3029e+00 -2.3032e+00
321 0 +2.569344064e-02 +3.754569344e+01 +3.754569344e+01 +2.3361e+00 -2.2489e+00
381 0 +2.434433574e-02 +3.754434434e+01 +3.754434434e+01 +2.3349e+00 -2.2570e+00
391 0 +2.207190627e-02 +3.754207191e+01 +3.754207191e+01 +2.3422e+00 -2.2445e+00
403 0 +1.724325489e-02 +3.753724325e+01 +3.753724325e+01 +2.3611e+00 -2.2129e+00
411 0 +1.447134727e-02 +3.753447135e+01 +3.753447135e+01 +2.3838e+00 -2.1648e+00
431 0 +1.308113068e-02 +3.753308113e+01 +3.753308113e+01 +2.3820e+00 -2.1773e+00
452 0 +1.143737949e-02 +3.753143738e+01 +3.753143738e+01 +2.3848e+00 -2.1704e+00
453 0 +1.104627486e-02 +3.753104627e+01 +3.753104627e+01 +2.3861e+00 -2.1646e+00
458 0 +9.572458811e-03 +3.752957246e+01 +3.752957246e+01 +2.3933e+00 -2.1518e+00
461 0 +9.185521875e-03 +3.752918552e+01 +3.752918552e+01 +2.3976e+00 -2.1481e+00
491 0 +8.266521090e-03 +3.752826652e+01 +3.752826652e+01 +2.4009e+00 -2.1412e+00
492 0 +7.733282961e-03 +3.752773328e+01 +3.752773328e+01 +2.4044e+00 -2.1350e+00
% f evaluations | g evaluations | best noise-free fitness - Fopt (6.740000000000e+00) + sum g_i+ | measured fitness | best measured fitness or single-digit g-values | x1 | x2...
1 0 +7.516823728e+01 +8.190823728e+01 +8.190823728e+01 +5.9671e-01 -3.8264e-02
2 0 +4.160186708e+01 +4.834186708e+01 +4.834186708e+01 +7.4769e-01 +1.6230e+00
5 0 +1.062320043e+01 +1.736320043e+01 +1.736320043e+01 -3.6947e-01 +6.4256e-01
18 0 +5.789339680e+00 +1.252933968e+01 +1.252933968e+01 -1.0916e+00 +2.1432e+00
20 0 +3.134021047e+00 +9.874021047e+00 +9.874021047e+00 -3.5688e-01 +8.2654e-01
56 0 +1.439716113e+00 +8.179716113e+00 +8.179716113e+00 -1.8922e-02 +6.5852e-01
58 0 +1.276817739e+00 +8.016817739e+00 +8.016817739e+00 +4.4979e-02 +6.7046e-01
91 0 +1.264383910e+00 +8.004383910e+00 +8.004383910e+00 +6.9780e-02 +6.7625e-01
101 0 +1.223648354e+00 +7.963648354e+00 +7.963648354e+00 +1.1252e-01 +6.1174e-01
112 0 +1.098879614e+00 +7.838879614e+00 +7.838879614e+00 +1.7537e-01 +6.7626e-01
121 0 +9.901846075e-01 +7.730184608e+00 +7.730184608e+00 +1.9146e-01 +6.6242e-01
132 0 +9.597690191e-01 +7.699769019e+00 +7.699769019e+00 +2.0762e-01 +6.2401e-01
144 0 +8.910722368e-01 +7.631072237e+00 +7.631072237e+00 +2.6935e-01 +6.2347e-01
148 0 +8.062329553e-01 +7.546232955e+00 +7.546232955e+00 +2.8446e-01 +6.7253e-01
153 0 +7.310266232e-01 +7.471026623e+00 +7.471026623e+00 +3.1453e-01 +6.7054e-01
165 0 +7.299481239e-01 +7.469948124e+00 +7.469948124e+00 +3.6722e-01 +6.5224e-01
181 0 +6.965195960e-01 +7.436519596e+00 +7.436519596e+00 +3.4240e-01 +6.6010e-01
191 0 +6.922862962e-01 +7.432286296e+00 +7.432286296e+00 +3.4692e-01 +6.8863e-01
211 0 +6.657951413e-01 +7.405795141e+00 +7.405795141e+00 +3.5580e-01 +6.6904e-01
221 0 +6.510255511e-01 +7.391025551e+00 +7.391025551e+00 +3.6666e-01 +6.9230e-01
222 0 +6.353845054e-01 +7.375384505e+00 +7.375384505e+00 +3.8470e-01 +7.0489e-01
231 0 +5.638770288e-01 +7.303877029e+00 +7.303877029e+00 +4.2704e-01 +6.9704e-01
238 0 +5.130968791e-01 +7.253096879e+00 +7.253096879e+00 +4.8676e-01 +7.2200e-01
267 0 +4.477601166e-01 +7.187760117e+00 +7.187760117e+00 +5.3686e-01 +8.0151e-01
283 0 +3.099156516e-01 +7.049915652e+00 +7.049915652e+00 +8.3785e-01 +1.0473e+00
295 0 +2.045316572e-01 +6.944531657e+00 +6.944531657e+00 +8.1293e-01 +1.0313e+00
321 0 +7.726877933e-02 +6.817268779e+00 +6.817268779e+00 +9.1906e-01 +1.1952e+00
331 0 +5.920585542e-02 +6.799205855e+00 +6.799205855e+00 +9.9260e-01 +1.3408e+00
351 0 +2.837949636e-02 +6.768379496e+00 +6.768379496e+00 +1.0289e+00 +1.3754e+00
361 0 +1.516927063e-02 +6.755169271e+00 +6.755169271e+00 +1.0458e+00 +1.4166e+00
391 0 +1.249376906e-02 +6.752493769e+00 +6.752493769e+00 +1.0618e+00 +1.4391e+00
451 0 +1.156236543e-02 +6.751562365e+00 +6.751562365e+00 +1.0595e+00 +1.4385e+00
461 0 +9.806167115e-03 +6.749806167e+00 +6.749806167e+00 +1.0691e+00 +1.4545e+00
471 0 +7.727677230e-03 +6.747727677e+00 +6.747727677e+00 +1.0791e+00 +1.4740e+00
491 0 +5.992555816e-03 +6.745992556e+00 +6.745992556e+00 +1.0901e+00 +1.4934e+00
% f evaluations | g evaluations | best noise-free fitness - Fopt (-1.897900000000e+02) + sum g_i+ | measured fitness | best measured fitness or single-digit g-values | x1 | x2...
1 0 +4.625729222e+03 +4.435939222e+03 +4.435939222e+03 +5.9671e-01 -3.8264e-02
2 0 +3.444127161e+03 +3.254337161e+03 +3.254337161e+03 +7.4769e-01 +1.6230e+00
3 0 +1.612799443e+03 +1.423009443e+03 +1.423009443e+03 -1.3415e-01 -1.3414e-01
5 0 +6.446812567e+02 +4.548912567e+02 +4.548912567e+02 -3.6947e-01 +6.4256e-01
8 0 +3.178195938e+02 +1.280295938e+02 +1.280295938e+02 -1.6249e+00 -4.6229e-01
9 0 +2.477268134e+02 +5.793681344e+01 +5.793681344e+01 -9.1283e-01 +4.1425e-01
11 0 +4.662819614e+00 -1.851271804e+02 -1.851271804e+02 -1.0417e+00 +1.5778e+00
12 0 +3.260239875e-01 -1.894639760e+02 -1.894639760e+02 -1.1930e+00 +1.6382e+00
31 0 +1.347959395e-01 -1.896552041e+02 -1.896552041e+02 -8.4160e-01 +2.0756e+00
75 0 +1.347006871e-01 -1.896552993e+02 -1.896552993e+02 -3.9733e-01 +3.0925e+00
91 0 +1.386794051e-02 -1.897761321e+02 -1.897761321e+02 -7.9132e-01 +2.2142e+00
101 0 +6.218775225e-03 -1.897837812e+02 -1.897837812e+02 -6.8588e-01 +2.4205e+00
141 0 +3.294590114e-03 -1.897867054e+02 -1.897867054e+02 -7.5713e-01 +2.2642e+00
231 0 +3.126696821e-03 -1.897868733e+02 -1.897868733e+02 -7.9511e-01 +2.1964e+00
261 0 +2.815671387e-03 -1.897871843e+02 -1.897871843e+02 -7.9172e-01 +2.2037e+00
271 0 +2.691401948e-03 -1.897873086e+02 -1.897873086e+02 -7.8811e-01 +2.2080e+00
291 0 +1.464590325e-03 -1.897885354e+02 -1.897885354e+02 -7.7583e-01 +2.2322e+00
301 0 +1.186823351e-03 -1.897888132e+02 -1.897888132e+02 -7.6177e-01 +2.2580e+00
321 0 +1.178077358e-03 -1.897888219e+02 -1.897888219e+02 -7.7119e-01 +2.2410e+00
361 0 +4.710703753e-04 -1.897895289e+02 -1.897895289e+02 -7.6090e-01 +2.2623e+00
401 0 +1.819083202e-04 -1.897898181e+02 -1.897898181e+02 -7.5258e-01 +2.2784e+00
% f evaluations | g evaluations | best noise-free fitness - Fopt (-2.774000000000e+01) + sum g_i+ | measured fitness | best measured fitness or single-digit g-values | x1 | x2...
1 0 +6.186159519e+02 +5.908759519e+02 +5.908759519e+02 +5.9671e-01 -3.8264e-02
4 0 +5.221820327e+00 -2.251817967e+01 -2.251817967e+01 +1.6792e+00 +8.6743e-01
13 0 +4.176452569e+00 -2.356354743e+01 -2.356354743e+01 +1.5228e+00 +2.4278e-01
18 0 +1.072620721e-01 -2.763273793e+01 -2.763273793e+01 +8.7468e-01 -1.9556e+00
71 0 +9.071532571e-02 -2.764928467e+01 -2.764928467e+01 +9.6604e-01 -1.7029e+00
91 0 +2.973659594e-02 -2.771026340e+01 -2.771026340e+01 +8.0882e-01 -2.0950e+00
141 0 +1.004308153e-02 -2.772995692e+01 -2.772995692e+01 +7.6536e-01 -2.1836e+00
161 0 +7.352098899e-03 -2.773264790e+01 -2.773264790e+01 +7.4873e-01 -2.2172e+00
201 0 +3.507120898e-03 -2.773649288e+01 -2.773649288e+01 +7.1142e-01 -2.2949e+00
411 0 +2.982411679e-03 -2.773701759e+01 -2.773701759e+01 +7.1969e-01 -2.2807e+00
438 0 +2.945284445e-03 -2.773705472e+01 -2.773705472e+01 +7.1333e-01 -2.2921e+00
451 0 +2.882199857e-03 -2.773711780e+01 -2.773711780e+01 +7.1811e-01 -2.2836e+00
456 0 +2.265027362e-03 -2.773773497e+01 -2.773773497e+01 +7.0663e-01 -2.3063e+00
471 0 +1.867717242e-03 -2.773813228e+01 -2.773813228e+01 +7.0836e-01 -2.3055e+00
481 0 +1.840531957e-03 -2.773815947e+01 -2.773815947e+01 +7.0517e-01 -2.3101e+00
484 0 +1.458607161e-03 -2.773854139e+01 -2.773854139e+01 +7.0320e-01 -2.3163e+00
490 0 +1.418357319e-03 -2.773858164e+01 -2.773858164e+01 +7.0273e-01 -2.3172e+00
% f evaluations | g evaluations | best noise-free fitness - Fopt (6.930000000000e+00) + sum g_i+ | measured fitness | best measured fitness or single-digit g-values | x1 | x2...
1 0 +2.205298107e+03 +2.212228107e+03 +2.212228107e+03 +5.9671e-01 -3.8264e-02
2 0 +1.348214911e+03 +1.355144911e+03 +1.355144911e+03 +7.4769e-01 +1.6230e+00
3 0 +5.547584323e+02 +5.616884323e+02 +5.616884323e+02 -1.3415e-01 -1.3414e-01
5 0 +1.043678421e+02 +1.112978421e+02 +1.112978421e+02 -3.6947e-01 +6.4256e-01
9 0 +1.522171380e+01 +2.215171380e+01 +2.215171380e+01 -9.1283e-01 +4.1425e-01
12 0 +1.109672988e+01 +1.802672988e+01 +1.802672988e+01 -5.7701e-01 +1.5978e+00
13 0 +1.630886927e+00 +8.560886927e+00 +8.560886927e+00 -9.4876e-01 +8.8215e-01
24 0 +1.198872600e-01 +7.049887260e+00 +7.049887260e+00 -2.6621e-01 +1.9251e+00
26 0 +6.675925194e-02 +6.996759252e+00 +6.996759252e+00 -3.3934e-01 +1.7533e+00
61 0 +2.109480671e-02 +6.951094807e+00 +6.951094807e+00 -5.7639e-01 +1.2627e+00
312 0 +5.136505123e-03 +6.935136505e+00 +6.935136505e+00 -5.0540e-01 +1.3943e+00
381 0 +3.910576338e-03 +6.933910576e+00 +6.933910576e+00 -4.9752e-01 +1.4078e+00
428 0 +1.454669458e-03 +6.931454669e+00 +6.931454669e+00 -4.6902e-01 +1.4636e+00
451 0 +8.870681418e-04 +6.930887068e+00 +6.930887068e+00 -4.6478e-01 +1.4702e+00
481 0 +3.270118875e-04 +6.930327012e+00 +6.930327012e+00 -4.5256e-01 +1.4936e+00
483 0 +3.223667123e-04 +6.930322367e+00 +6.930322367e+00 -4.4747e-01 +1.5027e+00
% f evaluations | g evaluations | best noise-free fitness - Fopt (-4.456000000000e+01) + sum g_i+ | measured fitness | best measured fitness or single-digit g-values | x1 | x2...
1 0 +3.917266246e+02 +3.471666246e+02 +3.471666246e+02 +5.9671e-01 -3.8264e-02
4 0 +1.970690753e+00 -4.258930925e+01 -4.258930925e+01 +1.6792e+00 +8.6743e-01
19 0 +3.718965294e-01 -4.418810347e+01 -4.418810347e+01 +1.2784e+00 -3.7588e-01
83 0 +3.340838838e-01 -4.422591612e+01 -4.422591612e+01 +4.8114e-01 -2.1474e+00
101 0 +9.848532622e-02 -4.446151467e+01 -4.446151467e+01 +4.4426e-01 -2.2473e+00
111 0 +7.622425398e-04 -4.455923776e+01 -4.455923776e+01 +7.2929e-01 -1.7767e+00
212 0 +7.053724562e-04 -4.455929463e+01 -4.455929463e+01 +7.6620e-01 -1.7014e+00
251 0 +1.344841683e-04 -4.455986552e+01 -4.455986552e+01 +7.4504e-01 -1.7461e+00
281 0 +6.037366794e-05 -4.455993963e+01 -4.455993963e+01 +7.5039e-01 -1.7360e+00
291 0 +9.440816143e-06 -4.455999056e+01 -4.455999056e+01 +7.5815e-01 -1.7204e+00
321 0 +3.181254904e-06 -4.455999682e+01 -4.455999682e+01 +7.5810e-01 -1.7203e+00
391 0 +5.384830786e-07 -4.455999946e+01 -4.455999946e+01 +7.5721e-01 -1.7220e+00
481 0 +4.044759265e-07 -4.455999960e+01 -4.455999960e+01 +7.5719e-01 -1.7220e+00
