% f evaluations | g evaluations | best noise-free fitness - Fopt (-9.210000000000e+00) + sum g_i+ | measured fitness | best measured fitness or single-digit g-values | x1 | x2...
1 0 +1.954571351e+02 +1.862471351e+02 +1.862471351e+02 +5.9671e-01 -3.8264e-02 +7.4769e-01 +1.6230e+00 -1.3415e-01 -1.3414e-01 +1.6792e+00 +8.6743e-01 -3.6947e-01 +6.4256e-01
5 0 +1.766818259e+02 +1.674718259e+02 +1.674718259e+02 +8.3847e-01 +2.7137e-01 -1.5648e-02 -2.0110e-01 -1.3785e+00 -6.1984e-01 -3.6064e-01 +1.1571e+00 +4.4362e-01 -1.6630e+00
8 0 +1.677171275e+02 +1.585071275e+02 +1.585071275e+02 +4.6140e-01 +1.6380e+00 +6.4174e-02 +1.6646e+00 -2.5197e+00 +9.2190e-01 +1.8705e-01 -1.9901e-01 +1.9176e-01 -1.8876e+00
59 0 +1.624466862e+02 +1.532366862e+02 +1.532366862e+02 -1.5534e-01 +8.1413e-01 -6.1188e-01 +1.0986e+00 -8.2869e-01 +1.3444e+00 +1.8422e+00 +2.3573e+00 -1.1080e+00 -1.8418e+00
73 0 +1.542373243e+02 +1.450273243e+02 +1.450273243e+02 +1.7397e+00 -4.7812e-01 +1.2572e+00 +9.2990e-01 -5.6523e-01 +7.3939e-01 +1.0070e+00 +7.7083e-01 +7.5464e-01 -2.5519e+00
75 0 +1.455355581e+02 +1.363255581e+02 +1.363255581e+02 +1.7126e+00 +7.8160e-01 -9.8902e-01 +7.0058e-02 -3.7884e-01 -1.7674e-01 +1.0124e+00 +5.1351e-01 +1.4011e+00 -3.8544e+00
79 0 +1.443114128e+02 +1.351014128e+02 +1.351014128e+02 +4.6372e-01 +1.2795e+00 +7.7164e-01 +1.8157e+00 -2.2688e+00 +4.2757e-01 +1.8366e+00 +7.0501e-01 +1.1460e+00 -2.3247e+00
101 0 +1.297264490e+02 +1.205164490e+02 +1.205164490e+02 +2.3076e+00 +1.2451e+00 -4.7365e-01 +4.2697e-01 -6.1583e-01 +1.5437e+00 +3.6528e+00 +2.9991e+00 +1.1276e+00 -1.9650e+00
115 0 +1.184572733e+02 +1.092472733e+02 +1.092472733e+02 +1.3240e+00 +6.9090e-01 +3.3641e+00 +2.6147e+00 -1.3660e+00 +2.6086e-01 +2.4480e+00 +8.9007e-01 +2.9105e+00 -2.8457e+00
152 0 +1.105162159e+02 +1.013062159e+02 +1.013062159e+02 +3.6912e+00 +9.1091e-01 +2.1747e+00 +2.9902e+00 +5.0658e-01 -6.3745e-01 +2.6749e+00 +7.6461e-01 +4.8104e+00 -2.8349e+00
166 0 +6.611617593e+01 +5.690617593e+01 +5.690617593e+01 +1.5276e+00 +1.0178e+00 +2.0633e+00 +1.1118e+00 -3.8609e-01 +3.0720e+00 +3.3347e+00 +4.1850e+00 +4.5084e+00 -4.1964e+00
251 0 +5.987840769e+01 +5.066840769e+01 +5.066840769e+01 -2.8639e+00 +2.7802e+00 +2.5937e+00 +3.3103e+00 +4.1484e+00 +4.6493e+00 +4.8642e+00 +4.8454e+00 +3.7748e+00 -4.6267e+00
351 0 +5.977814775e+01 +5.056814775e+01 +5.056814775e+01 +2.0378e+00 +3.5040e+00 +2.9616e+00 -4.7678e+00 -3.7167e+00 +3.8759e+00 +4.1872e+00 +2.9992e+00 +4.1772e+00 -4.9309e+00
353 0 +5.726351945e+01 +4.805351945e+01 +4.805351945e+01 +1.7191e+00 +1.7852e+00 +4.7343e+00 +4.9348e+00 -1.3842e+00 +4.9569e+00 +4.2691e+00 +1.0576e+00 +3.5803e+00 -4.8988e+00
356 0 +5.121628849e+01 +4.200628849e+01 +4.200628849e+01 -7.5100e-01 +3.2692e+00 +5.8082e-01 +4.5510e+00 -1.1068e+00 +4.7987e+00 +3.4803e+00 +4.1411e+00 +4.3342e+00 -4.4023e+00
404 0 +5.055420014e+01 +4.134420014e+01 +4.134420014e+01 +2.6758e+00 +1.4927e+00 +2.6947e+00 +4.3766e-01 -2.5305e+00 +4.6091e+00 +4.5162e+00 +4.6801e+00 +4.3694e+00 -3.7297e+00
407 0 +4.390915337e+01 +3.469915337e+01 +3.469915337e+01 +3.4724e+00 -3.3627e-01 +4.1253e+00 +1.4155e+00 -2.0890e+00 +2.1423e+00 +4.9864e+00 +4.4569e+00 +4.7236e+00 -4.7522e+00
501 0 +4.227411292e+01 +3.306411292e+01 +3.306411292e+01 +1.7176e+00 +3.8522e+00 +2.5996e+00 +3.3285e+00 -2.5084e+00 +3.7366e+00 +4.2055e+00 +4.9936e+00 +4.9902e+00 -3.5372e+00
505 0 +4.195421646e+01 +3.274421646e+01 +3.274421646e+01 +1.9234e+00 +4.1251e+00 +4.8448e+00 +1.7786e+00 -2.3845e+00 +3.4348e+00 +2.8880e+00 +4.5533e+00 +4.7499e+00 -4.6772e+00
551 0 +2.244371126e+01 +1.323371126e+01 +1.323371126e+01 +3.5782e+00 +3.0735e+00 +4.8872e+00 +3.0059e+00 -4.7066e+00 +4.6008e+00 +4.0153e+00 +4.5908e+00 +4.3876e+00 -4.9967e+00
851 0 +1.225846415e+01 +3.048464150e+00 +3.048464150e+00 +4.5606e+00 +4.9192e+00 +4.6865e+00 +4.6787e+00 -4.7334e+00 +3.9512e+00 +4.7551e+00 +4.4038e+00 +4.9999e+00 -4.8723e+00
1051 0 +1.189459247e+01 +2.684592472e+00 +2.684592472e+00 +4.8059e+00 +4.6229e+00 +3.9805e+00 +4.6605e+00 -4.6980e+00 +4.6764e+00 +4.7381e+00 +4.9797e+00 +4.3936e+00 -4.9254e+00
1101 0 +1.066213476e+01 +1.452134758e+00 +1.452134758e+00 +4.9225e+00 +3.8247e+00 +4.9366e+00 +4.9364e+00 -4.7335e+00 +4.6661e+00 +4.7052e+00 +4.4286e+00 +4.8618e+00 -4.8981e+00
1152 0 +1.044067276e+01 +1.230672763e+00 +1.230672763e+00 +4.4050e+00 +4.7027e+00 +4.3433e+00 +4.7345e+00 -4.3771e+00 +4.8488e+00 +4.6695e+00 +4.7650e+00 +4.8371e+00 -4.8687e+00
1153 0 +1.037103380e+01 +1.161033796e+00 +1.161033796e+00 +4.3444e+00 +4.4003e+00 +4.3851e+00 +4.6119e+00 -4.5973e+00 +4.3265e+00 +4.5060e+00 +4.8542e+00 +4.9732e+00 -4.9837e+00
1201 0 +5.252647363e+00 -3.957352637e+00 -3.957352637e+00 +4.9067e+00 +4.6180e+00 +4.8741e+00 +4.9697e+00 -4.8875e+00 +4.8038e+00 +4.6754e+00 +4.8077e+00 +4.9230e+00 -4.9884e+00
1401 0 +4.263533576e+00 -4.946466424e+00 -4.946466424e+00 +4.4460e+00 +4.6266e+00 +4.5825e+00 +4.8874e+00 -4.9884e+00 +4.9373e+00 +4.9711e+00 +4.9600e+00 +4.8824e+00 -4.9254e+00
1502 0 +3.913214418e+00 -5.296785582e+00 -5.296785582e+00 +4.9483e+00 +4.9740e+00 +4.8791e+00 +4.9626e+00 -4.9637e+00 +4.9023e+00 +4.7029e+00 +4.9619e+00 +4.8730e+00 -4.9497e+00
1551 0 +3.852832681e+00 -5.357167319e+00 -5.357167319e+00 +4.9414e+00 +4.8139e+00 +4.7132e+00 +4.8814e+00 -4.9503e+00 +4.9884e+00 +4.8365e+00 +4.9537e+00 +4.9180e+00 -4.9031e+00
1552 0 +3.349103049e+00 -5.860896951e+00 -5.860896951e+00 +4.8526e+00 +4.8377e+00 +4.9501e+00 +4.9563e+00 -4.8984e+00 +4.9107e+00 +4.7416e+00 +4.9430e+00 +4.9503e+00 -4.9715e+00
1554 0 +2.838284998e+00 -6.371715002e+00 -6.371715002e+00 +4.8106e+00 +4.9777e+00 +4.9011e+00 +4.6892e+00 -4.9485e+00 +4.9614e+00 +4.7739e+00 +4.9877e+00 +4.9865e+00 -4.9724e+00
1651 0 +2.472002679e+00 -6.737997321e+00 -6.737997321e+00 +4.7461e+00 +4.9102e+00 +4.8916e+00 +4.9453e+00 -4.9402e+00 +4.8933e+00 +4.9157e+00 +4.9687e+00 +4.9577e+00 -4.9652e+00
1652 0 +1.993346683e+00 -7.216653317e+00 -7.216653317e+00 +4.4317e+00 +4.8328e+00 +4.9277e+00 +4.9501e+00 -4.9724e+00 +4.9607e+00 +4.9362e+00 +4.9716e+00 +4.9940e+00 -4.9749e+00
1852 0 +1.708515923e+00 -7.501484077e+00 -7.501484077e+00 +4.8738e+00 +4.9266e+00 +4.9010e+00 +4.9899e+00 -4.9626e+00 +4.8871e+00 +4.9823e+00 +4.9649e+00 +4.9693e+00 -4.9739e+00
1856 0 +1.537555859e+00 -7.672444141e+00 -7.672444141e+00 +4.8658e+00 +4.7950e+00 +4.9339e+00 +4.9640e+00 -4.9648e+00 +4.9755e+00 +4.9918e+00 +4.9845e+00 +4.9630e+00 -4.9653e+00
1901 0 +8.334572560e-01 -8.376542744e+00 -8.376542744e+00 +4.9560e+00 +4.9989e+00 +4.9528e+00 +4.9546e+00 -4.9665e+00 +4.9417e+00 +4.9835e+00 +4.9712e+00 +4.9973e+00 -4.9962e+00
2386 0 +7.943744971e-01 -8.415625503e+00 -8.415625503e+00 +4.9337e+00 +4.9893e+00 +4.9113e+00 +4.9864e+00 -4.9744e+00 +4.9735e+00 +4.9930e+00 +4.9820e+00 +4.9896e+00 -4.9851e+00
% f evaluations | g evaluations | best noise-free fitness - Fopt (6.559900000000e+02) + sum g_i+ | measured fitness | best measured fitness or single-digit g-values | x1 | x2...
1 0 +2.067556264e+02 +8.627456264e+02 +8.627456264e+02 +5.9671e-01 -3.8264e-02 +7.4769e-01 +1.6230e+00 -1.3415e-01 -1.3414e-01 +1.6792e+00 +8.6743e-01 -3.6947e-01 +6.4256e-01
2 0 +1.764332976e+02 +8.324232976e+02 +8.324232976e+02 -3.6342e-01 -3.6573e-01 +3.4196e-01 -1.8133e+00 -1.6249e+00 -4.6229e-01 -9.1283e-01 +4.1425e-01 -8.0802e-01 -1.3123e+00
5 0 +1.763970590e+02 +8.323870590e+02 +8.323870590e+02 +8.3847e-01 +2.7137e-01 -1.5648e-02 -2.0110e-01 -1.3785e+00 -6.1984e-01 -3.6064e-01 +1.1571e+00 +4.4362e-01 -1.6630e+00
54 0 +1.682282253e+02 +8.242182253e+02 +8.242182253e+02 +7.2736e-01 -5.8349e-01 +1.6522e+00 -6.7032e-01 -1.8169e+00 +3.2967e-01 +5.1331e-01 +1.3578e+00 -1.2132e+00 -1.9817e+00
62 0 +1.514804223e+02 +8.074704223e+02 +8.074704223e+02 -2.9371e-01 +3.0169e-01 -4.3902e-01 +8.3596e-01 +7.9826e-01 -1.0068e+00 -1.6007e+00 +2.1773e+00 -1.6988e+00 -1.5984e+00
66 0 +1.456447599e+02 +8.016347599e+02 +8.016347599e+02 +3.4261e-01 +2.6895e-01 -1.4463e+00 +1.0838e+00 -2.1685e-01 -4.8992e-01 -2.5775e+00 +1.8369e+00 -2.6557e+00 -8.0584e-01
119 0 +1.114326257e+02 +7.674226257e+02 +7.674226257e+02 -1.1267e+00 +1.6320e-03 -6.9764e-01 -6.2360e-01 -3.0105e-01 -1.6368e+00 -3.6199e+00 +4.1957e+00 -2.2345e+00 -2.8248e+00
148 0 +1.094587153e+02 +7.654487153e+02 +7.654487153e+02 +1.1780e+00 -3.1911e-01 -2.3754e-01 +1.3222e+00 +7.1704e-01 -4.8493e+00 +2.0829e-01 +3.3971e+00 -4.1755e+00 -2.2894e+00
153 0 +1.037108436e+02 +7.597008436e+02 +7.597008436e+02 +6.3993e-01 +2.8876e+00 +1.4583e+00 +6.3447e-01 -2.8774e-01 -1.1830e-01 -2.1148e+00 +3.4641e+00 -3.1211e+00 -4.8818e+00
167 0 +8.614834241e+01 +7.421383424e+02 +7.421383424e+02 +9.2449e-01 +1.4207e+00 -1.4205e+00 +4.1725e-01 +1.1114e+00 -4.2296e+00 -4.0018e+00 +4.4204e+00 -3.8764e+00 -2.8646e+00
182 0 +8.033427393e+01 +7.363242739e+02 +7.363242739e+02 +1.7185e+00 +3.1347e+00 -2.7749e+00 +3.9382e+00 -1.5821e+00 -2.9641e+00 -1.7871e+00 +4.1949e+00 -2.1504e+00 -4.8083e+00
202 0 +5.458690433e+01 +7.105769043e+02 +7.105769043e+02 +2.1182e+00 -2.5726e+00 -2.4935e+00 +1.4579e-01 -1.6508e+00 -3.0208e+00 -4.9212e+00 +4.8310e+00 -4.0752e+00 -4.1041e+00
351 0 +4.916458884e+01 +7.051545888e+02 +7.051545888e+02 -3.8998e+00 -4.9918e+00 +2.8651e+00 +3.2856e+00 -3.0379e+00 -4.1967e+00 -3.2295e+00 +4.6159e+00 -4.7637e+00 -4.7256e+00
352 0 +3.977381304e+01 +6.957638130e+02 +6.957638130e+02 -2.5325e-01 -2.2449e+00 -4.5547e+00 +3.2564e+00 -1.9751e+00 -3.8387e+00 -4.2849e+00 +4.2865e+00 -4.3524e+00 -4.8738e+00
501 0 +3.350035680e+01 +6.894903568e+02 +6.894903568e+02 +1.9108e+00 -4.3417e+00 -2.9888e+00 +3.8161e+00 -4.1774e+00 -4.0748e+00 -3.4671e+00 +3.7478e+00 -4.8199e+00 -4.7975e+00
603 0 +3.190890080e+01 +6.878989008e+02 +6.878989008e+02 +3.5346e-01 -1.9068e+00 -2.9402e+00 +3.3306e+00 -3.1205e+00 -3.7126e+00 -4.8440e+00 +4.8340e+00 -4.7286e+00 -4.7442e+00
651 0 +2.723994224e+01 +6.832299422e+02 +6.832299422e+02 -2.4710e-01 -4.0581e+00 -3.1157e+00 +4.6352e+00 -4.8678e+00 -4.3389e+00 -3.8654e+00 +4.6615e+00 -4.5741e+00 -4.6490e+00
751 0 +2.205595995e+01 +6.780459600e+02 +6.780459600e+02 +2.1772e+00 -3.0792e+00 -3.6516e+00 +4.4623e+00 -4.5757e+00 -4.8837e+00 -4.2269e+00 +4.4292e+00 -4.5499e+00 -4.8749e+00
801 0 +2.022723315e+01 +6.762172332e+02 +6.762172332e+02 -5.2065e-02 -3.1002e+00 -4.3952e+00 +4.5524e+00 -3.2672e+00 -4.9675e+00 -4.9537e+00 +4.4747e+00 -4.9569e+00 -4.7888e+00
901 0 +1.704912943e+01 +6.730391294e+02 +6.730391294e+02 -4.0434e-01 -4.4954e+00 -3.9509e+00 +4.7371e+00 -4.1765e+00 -4.7374e+00 -4.8952e+00 +4.3145e+00 -4.9553e+00 -4.9501e+00
903 0 +1.704858431e+01 +6.730385843e+02 +6.730385843e+02 +1.8595e+00 -3.4253e+00 -4.7665e+00 +4.0587e+00 -4.2592e+00 -4.9060e+00 -4.3777e+00 +4.7101e+00 -4.7318e+00 -4.9645e+00
1001 0 +1.620232367e+01 +6.721923237e+02 +6.721923237e+02 +9.1618e-04 -4.7689e+00 -4.6906e+00 +4.8728e+00 -4.5127e+00 -4.7195e+00 -4.9216e+00 +4.8559e+00 -4.9949e+00 -4.3517e+00
1004 0 +1.584641002e+01 +6.718364100e+02 +6.718364100e+02 +1.8260e+00 -3.2406e+00 -4.8420e+00 +3.6554e+00 -4.1416e+00 -4.8901e+00 -4.6427e+00 +4.7746e+00 -4.9555e+00 -4.8898e+00
1052 0 +1.516270870e+01 +6.711527087e+02 +6.711527087e+02 +2.1790e+00 -4.6818e+00 -4.3353e+00 +4.1033e+00 -4.8840e+00 -4.4845e+00 -4.9651e+00 +4.6271e+00 -4.6695e+00 -4.8242e+00
1101 0 +8.818333331e+00 +6.648083333e+02 +6.648083333e+02 +1.9594e+00 -3.8209e+00 -4.8798e+00 +4.4404e+00 -4.8846e+00 -4.8142e+00 -4.8762e+00 +4.9143e+00 -4.9158e+00 -4.9881e+00
1354 0 +8.745156839e+00 +6.647351568e+02 +6.647351568e+02 +2.3914e+00 -4.5005e+00 -4.6896e+00 +4.7356e+00 -4.7837e+00 -4.9191e+00 -4.9848e+00 +4.5564e+00 -4.9711e+00 -4.9442e+00
1401 0 +8.153000713e+00 +6.641430007e+02 +6.641430007e+02 +1.2309e+00 -4.4325e+00 -4.5928e+00 +4.9987e+00 -4.9511e+00 -4.8238e+00 -4.8734e+00 +4.9633e+00 -4.9365e+00 -4.9100e+00
1451 0 +7.037984708e+00 +6.630279847e+02 +6.630279847e+02 +1.7346e+00 -4.7965e+00 -4.7490e+00 +4.9156e+00 -4.9657e+00 -4.9271e+00 -4.7745e+00 +4.8364e+00 -4.9586e+00 -4.9796e+00
1457 0 +6.649979863e+00 +6.626399799e+02 +6.626399799e+02 +2.6801e+00 -4.6925e+00 -4.9133e+00 +4.8043e+00 -4.4893e+00 -4.8327e+00 -4.9887e+00 +4.9478e+00 -4.9717e+00 -4.9240e+00
1502 0 +6.566265378e+00 +6.625562654e+02 +6.625562654e+02 +2.4809e+00 -4.9384e+00 -4.9769e+00 +4.9103e+00 -4.9040e+00 -4.9949e+00 -4.9967e+00 +4.7542e+00 -4.7892e+00 -4.9670e+00
1651 0 +6.396756632e+00 +6.623867566e+02 +6.623867566e+02 +2.3386e+00 -4.9024e+00 -4.8065e+00 +4.9337e+00 -4.7985e+00 -4.9660e+00 -4.8896e+00 +4.7925e+00 -4.9426e+00 -4.9739e+00
1701 0 +6.031261595e+00 +6.620212616e+02 +6.620212616e+02 +2.6387e+00 -4.8675e+00 -4.9410e+00 +4.8236e+00 -4.9863e+00 -4.8352e+00 -4.9186e+00 +4.9176e+00 -4.9200e+00 -4.9100e+00
1702 0 +5.693674990e+00 +6.616836750e+02 +6.616836750e+02 +2.1481e+00 -4.8106e+00 -4.9114e+00 +4.9951e+00 -4.8686e+00 -4.9432e+00 -4.9881e+00 +4.9223e+00 -4.8445e+00 -4.9856e+00
1751 0 +5.572956002e+00 +6.615629560e+02 +6.615629560e+02 +2.5597e+00 -4.8954e+00 -4.9619e+00 +4.8898e+00 -4.8404e+00 -4.8849e+00 -4.9808e+00 +4.9850e+00 -4.8810e+00 -4.9262e+00
1753 0 +5.363801325e+00 +6.613538013e+02 +6.613538013e+02 +2.9075e+00 -4.9313e+00 -4.8632e+00 +4.9058e+00 -4.9898e+00 -4.9817e+00 -4.9922e+00 +4.9219e+00 -4.8076e+00 -4.9336e+00
1801 0 +4.623363818e+00 +6.606133638e+02 +6.606133638e+02 +3.3508e+00 -4.8812e+00 -4.8945e+00 +4.9681e+00 -4.8640e+00 -4.9762e+00 -4.9560e+00 +4.8654e+00 -4.9301e+00 -4.9440e+00
1851 0 +3.510561604e+00 +6.595005616e+02 +6.595005616e+02 +3.2538e+00 -4.9887e+00 -4.7597e+00 +4.8471e+00 -4.9371e+00 -4.9643e+00 -4.9947e+00 +4.9526e+00 -4.9713e+00 -4.9815e+00
2101 0 +2.739789646e+00 +6.587297896e+02 +6.587297896e+02 +4.6042e+00 -4.8682e+00 -4.8917e+00 +4.8788e+00 -4.9266e+00 -4.8728e+00 -4.9852e+00 +4.9619e+00 -4.9577e+00 -4.9554e+00
2253 0 +2.562403273e+00 +6.585524033e+02 +6.585524033e+02 +4.9174e+00 -4.9556e+00 -4.9275e+00 +4.8502e+00 -4.8839e+00 -4.9914e+00 -4.9102e+00 +4.8862e+00 -4.9476e+00 -4.9880e+00
2301 0 +2.425910911e+00 +6.584159109e+02 +6.584159109e+02 +4.9551e+00 -4.8449e+00 -4.9609e+00 +4.8497e+00 -4.9744e+00 -4.8723e+00 -4.9464e+00 +4.8752e+00 -4.9886e+00 -4.9824e+00
2355 0 +2.331936160e+00 +6.583219362e+02 +6.583219362e+02 +4.7506e+00 -4.9724e+00 -4.9258e+00 +4.9152e+00 -4.9016e+00 -4.8845e+00 -4.9153e+00 +4.9358e+00 -4.9830e+00 -4.9857e+00
2451 0 +2.230388315e+00 +6.582203883e+02 +6.582203883e+02 +4.8582e+00 -4.9064e+00 -4.9040e+00 +4.8335e+00 -4.9479e+00 -4.9122e+00 -4.9898e+00 +4.9860e+00 -4.9766e+00 -4.9325e+00
2454 0 +2.022495561e+00 +6.580124956e+02 +6.580124956e+02 +4.5706e+00 -4.8985e+00 -4.9327e+00 +4.8698e+00 -4.8953e+00 -4.9852e+00 -4.9800e+00 +4.9802e+00 -4.9689e+00 -4.9728e+00
% f evaluations | g evaluations | best noise-free fitness - Fopt (6.671000000000e+01) + sum g_i+ | measured fitness | best measured fitness or single-digit g-values | x1 | x2...
1 0 +2.250348623e+02 +2.917448623e+02 +2.917448623e+02 +5.9671e-01 -3.8264e-02 +7.4769e-01 +1.6230e+00 -1.3415e-01 -1.3414e-01 +1.6792e+00 +8.6743e-01 -3.6947e-01 +6.4256e-01
2 0 +1.965083817e+02 +2.632183817e+02 +2.632183817e+02 -3.6342e-01 -3.6573e-01 +3.4196e-01 -1.8133e+00 -1.6249e+00 -4.6229e-01 -9.1283e-01 +4.1425e-01 -8.0802e-01 -1.3123e+00
5 0 +1.895331817e+02 +2.562431817e+02 +2.562431817e+02 +8.3847e-01 +2.7137e-01 -1.5648e-02 -2.0110e-01 -1.3785e+00 -6.1984e-01 -3.6064e-01 +1.1571e+00 +4.4362e-01 -1.6630e+00
8 0 +1.724355828e+02 +2.391455828e+02 +2.391455828e+02 +4.6140e-01 +1.6380e+00 +6.4174e-02 +1.6646e+00 -2.5197e+00 +9.2190e-01 +1.8705e-01 -1.9901e-01 +1.9176e-01 -1.8876e+00
14 0 +1.691797546e+02 +2.358897546e+02 +2.358897546e+02 -1.4507e+00 +1.6856e-01 -9.6230e-01 +5.7359e-01 -8.1942e-01 +1.6499e+00 -6.8325e-01 -2.2206e-01 +9.1352e-01 -1.1309e+00
58 0 +1.587523250e+02 +2.254623250e+02 +2.254623250e+02 +1.6105e+00 -6.4338e-01 -1.6541e+00 -4.3428e-01 -1.4243e+00 +1.5909e+00 -1.9021e+00 +1.5279e+00 +4.2420e-01 -3.1917e+00
63 0 +1.562027294e+02 +2.229127294e+02 +2.229127294e+02 +3.7973e-01 -4.0642e-01 +1.1971e+00 +2.6327e-01 -2.8295e+00 +2.7070e+00 -1.0685e+00 +4.1588e-01 +2.2428e+00 -1.1996e+00
77 0 +1.550929194e+02 +2.218029194e+02 +2.218029194e+02 +1.1162e+00 -8.9243e-01 -4.1486e-01 -1.4228e-01 -3.9887e+00 +3.0588e+00 -8.5546e-02 -3.4043e-01 -5.6154e-02 -2.4738e+00
87 0 +1.524531805e+02 +2.191631805e+02 +2.191631805e+02 +5.2215e-02 +2.1741e+00 -8.5621e-01 -2.4529e-01 -3.8655e+00 +1.6000e+00 +3.5756e-01 -1.5458e+00 +2.3625e+00 -1.1450e+00
91 0 +1.490248000e+02 +2.157348000e+02 +2.157348000e+02 -1.1604e+00 +1.8124e+00 +3.9246e-01 +1.0806e+00 -3.5245e+00 +8.2352e-01 -9.2896e-01 -4.1674e-01 +1.4495e+00 -2.4030e+00
102 0 +1.250348116e+02 +1.917448116e+02 +1.917448116e+02 -4.0252e-01 +1.5229e-03 -5.4826e-01 +4.7041e+00 -2.0177e+00 +2.6239e+00 -2.4313e+00 -2.4985e+00 -8.7765e-01 -3.3351e+00
104 0 +9.892220147e+01 +1.656322015e+02 +1.656322015e+02 -3.9651e-01 +2.9176e+00 -2.1437e+00 +1.1769e+00 -5.5326e-01 +4.6040e+00 +1.5201e+00 -2.7284e+00 +3.4897e+00 -4.8280e+00
105 0 +9.403162784e+01 +1.607416278e+02 +1.607416278e+02 +4.1446e+00 +2.9706e+00 -1.2084e+00 +2.0693e+00 -3.0174e+00 +3.5222e+00 -1.8842e+00 -3.0305e+00 +2.8264e+00 -4.1972e+00
116 0 +9.202190473e+01 +1.587319047e+02 +1.587319047e+02 -3.3301e+00 +1.8295e+00 -1.0575e+00 +1.7412e+00 -4.4430e+00 +2.4702e+00 -2.3312e-01 -2.5150e+00 +3.3261e+00 -4.2691e+00
139 0 +8.937673939e+01 +1.560867394e+02 +1.560867394e+02 -3.0686e+00 +2.3762e+00 -1.4262e+00 +4.1498e+00 -2.1886e+00 +4.5096e+00 -1.1469e+00 -4.7749e+00 +2.1323e+00 -3.0898e+00
153 0 +7.802071136e+01 +1.447307114e+02 +1.447307114e+02 +4.2419e+00 +3.4651e+00 -1.7718e+00 -2.3814e-01 -1.5254e+00 +4.0555e-02 -3.2737e+00 -4.6542e+00 +4.5610e+00 -4.9801e+00
201 0 +6.707019317e+01 +1.337801932e+02 +1.337801932e+02 +4.4566e+00 -1.9273e+00 -4.1252e+00 +4.5464e+00 -1.3318e+00 +4.5654e+00 -2.0604e+00 -3.8119e+00 +3.5239e+00 -4.2756e+00
206 0 +6.504858882e+01 +1.317585888e+02 +1.317585888e+02 +1.7433e+00 +4.7786e+00 -5.8166e-01 -8.9348e-01 -4.7225e+00 +3.7815e+00 -4.7742e+00 -3.8259e+00 +4.0479e+00 -4.5001e+00
258 0 +5.545307080e+01 +1.221630708e+02 +1.221630708e+02 +2.9322e-01 -2.4783e+00 +3.1248e+00 +1.6340e+00 -2.1663e+00 +4.2956e+00 -4.0711e+00 -4.6046e+00 +3.8957e+00 -4.9551e+00
351 0 +4.359239752e+01 +1.103023975e+02 +1.103023975e+02 -3.3083e+00 -4.4339e+00 -2.5512e+00 +3.3083e+00 -4.0806e+00 +3.8105e+00 -3.4242e+00 -3.2706e+00 +4.4817e+00 -4.5088e+00
401 0 +4.005411529e+01 +1.067641153e+02 +1.067641153e+02 -1.5818e+00 -3.2008e+00 -3.1174e+00 +2.2789e+00 -4.6071e+00 +3.8998e+00 -3.4755e+00 -3.4498e+00 +4.7183e+00 -4.8288e+00
501 0 +3.507381965e+01 +1.017838196e+02 +1.017838196e+02 -1.7316e+00 -3.8641e+00 -3.5046e+00 +4.7223e+00 -4.3222e+00 +4.3328e+00 -4.7254e+00 -2.9792e+00 +4.2627e+00 -4.6136e+00
552 0 +2.326349598e+01 +8.997349598e+01 +8.997349598e+01 -2.8972e+00 -2.5103e+00 -1.7901e+00 +4.1392e+00 -3.6717e+00 +4.7786e+00 -4.9207e+00 -4.9768e+00 +4.7707e+00 -4.6038e+00
801 0 +1.897763420e+01 +8.568763420e+01 +8.568763420e+01 -2.4176e+00 -3.6770e+00 -4.5199e+00 +3.7596e+00 -4.7992e+00 +3.7800e+00 -4.8961e+00 -4.7238e+00 +4.7060e+00 -4.8145e+00
852 0 +1.876650911e+01 +8.547650911e+01 +8.547650911e+01 -3.5691e+00 -4.0932e+00 -4.0728e+00 +4.4718e+00 -3.3186e+00 +4.6089e+00 -4.7577e+00 -4.9026e+00 +4.5530e+00 -4.7774e+00
853 0 +1.821114280e+01 +8.492114280e+01 +8.492114280e+01 -6.2994e-01 -4.3879e+00 -3.6281e+00 +4.3698e+00 -4.9293e+00 +3.8481e+00 -4.8809e+00 -4.3364e+00 +4.9373e+00 -4.9949e+00
901 0 +1.678087646e+01 +8.349087646e+01 +8.349087646e+01 -1.7091e+00 -4.7523e+00 -3.1390e+00 +4.1359e+00 -4.7356e+00 +4.9890e+00 -4.3367e+00 -4.8123e+00 +4.8252e+00 -4.8129e+00
958 0 +1.511173802e+01 +8.182173802e+01 +8.182173802e+01 -2.6156e+00 -4.5199e+00 -4.4724e+00 +3.9162e+00 -4.3918e+00 +4.5317e+00 -4.9004e+00 -4.9590e+00 +4.7840e+00 -4.6863e+00
1001 0 +1.381961483e+01 +8.052961483e+01 +8.052961483e+01 -2.0018e+00 -4.2417e+00 -4.0492e+00 +4.5330e+00 -4.7971e+00 +4.4758e+00 -4.8092e+00 -4.8848e+00 +4.9278e+00 -4.7334e+00
1051 0 +1.259466386e+01 +7.930466386e+01 +7.930466386e+01 -3.4343e+00 -4.1737e+00 -4.6206e+00 +4.9063e+00 -4.9547e+00 +4.9584e+00 -4.7030e+00 -4.8117e+00 +4.4408e+00 -4.7986e+00
1101 0 +1.112467665e+01 +7.783467665e+01 +7.783467665e+01 -4.6427e+00 -3.6608e+00 -4.8951e+00 +4.1783e+00 -4.7794e+00 +4.8975e+00 -4.8570e+00 -4.8227e+00 +4.9284e+00 -4.6170e+00
1206 0 +1.073348495e+01 +7.744348495e+01 +7.744348495e+01 -3.7744e+00 -4.8162e+00 -4.8685e+00 +4.4061e+00 -4.4615e+00 +4.8557e+00 -4.9724e+00 -4.7425e+00 +4.9984e+00 -4.5930e+00
1251 0 +7.352103327e+00 +7.406210333e+01 +7.406210333e+01 -3.9118e+00 -4.4866e+00 -4.1404e+00 +4.7201e+00 -4.9031e+00 +4.6883e+00 -4.9047e+00 -4.9447e+00 +4.8345e+00 -4.9881e+00
1351 0 +7.054677330e+00 +7.376467733e+01 +7.376467733e+01 -3.8730e+00 -4.8361e+00 -4.9082e+00 +4.7728e+00 -4.7485e+00 +4.8757e+00 -4.7626e+00 -4.7735e+00 +4.9889e+00 -4.8619e+00
1352 0 +6.632346458e+00 +7.334234646e+01 +7.334234646e+01 -4.8081e+00 -4.6039e+00 -4.7480e+00 +4.3634e+00 -4.4819e+00 +4.9550e+00 -4.9606e+00 -4.9424e+00 +4.9561e+00 -4.8334e+00
1401 0 +4.728524372e+00 +7.143852437e+01 +7.143852437e+01 -4.3090e+00 -4.3623e+00 -4.6776e+00 +4.9995e+00 -4.8707e+00 +4.9428e+00 -4.8290e+00 -4.9279e+00 +4.9169e+00 -4.9760e+00
1402 0 +4.718624456e+00 +7.142862446e+01 +7.142862446e+01 -4.1850e+00 -4.6200e+00 -4.6153e+00 +4.9576e+00 -4.9374e+00 +4.8354e+00 -4.9567e+00 -4.9149e+00 +4.8811e+00 -4.9718e+00
1552 0 +4.392247575e+00 +7.110224758e+01 +7.110224758e+01 -4.8364e+00 -4.4895e+00 -4.9928e+00 +4.9464e+00 -4.7786e+00 +4.8857e+00 -4.9950e+00 -4.9849e+00 +4.8343e+00 -4.8982e+00
1601 0 +3.457380112e+00 +7.016738011e+01 +7.016738011e+01 -3.9359e+00 -4.9887e+00 -4.9266e+00 +4.8945e+00 -4.9255e+00 +4.8990e+00 -4.9798e+00 -4.8562e+00 +4.9874e+00 -4.9595e+00
1651 0 +2.739735864e+00 +6.944973586e+01 +6.944973586e+01 -4.9145e+00 -4.9971e+00 -4.7527e+00 +4.8484e+00 -4.8473e+00 +4.9813e+00 -4.9431e+00 -4.8937e+00 +4.9345e+00 -4.9989e+00
1752 0 +2.568064651e+00 +6.927806465e+01 +6.927806465e+01 -4.6181e+00 -4.9197e+00 -4.9253e+00 +4.7602e+00 -4.9844e+00 +4.8645e+00 -4.9058e+00 -4.9942e+00 +4.9586e+00 -4.9882e+00
1856 0 +2.453131438e+00 +6.916313144e+01 +6.916313144e+01 -4.5240e+00 -4.4707e+00 -4.9220e+00 +4.9840e+00 -4.9709e+00 +4.8594e+00 -4.9972e+00 -4.9739e+00 +4.9913e+00 -4.9694e+00
1901 0 +1.986656411e+00 +6.869665641e+01 +6.869665641e+01 -4.5707e+00 -4.9233e+00 -4.9713e+00 +4.9530e+00 -4.9929e+00 +4.8982e+00 -4.9905e+00 -4.9472e+00 +4.9525e+00 -4.9804e+00
1951 0 +1.328962849e+00 +6.803896285e+01 +6.803896285e+01 -4.8885e+00 -4.9629e+00 -4.9902e+00 +4.9783e+00 -4.9542e+00 +4.9387e+00 -4.9149e+00 -4.9971e+00 +4.9806e+00 -4.9804e+00
2321 0 +1.325916044e+00 +6.803591604e+01 +6.803591604e+01 -4.9720e+00 -4.9218e+00 -4.8854e+00 +4.9654e+00 -4.9079e+00 +4.9056e+00 -4.9971e+00 -4.9623e+00 +4.9912e+00 -4.9972e+00
2361 0 +1.192337808e+00 +6.790233781e+01 +6.790233781e+01 -4.8808e+00 -4.9568e+00 -4.9031e+00 +4.9164e+00 -4.9918e+00 +4.9648e+00 -4.9779e+00 -4.9917e+00 +4.9617e+00 -4.9923e+00
2367 0 +1.185006875e+00 +6.789500687e+01 +6.789500687e+01 -4.9092e+00 -4.9629e+00 -4.9056e+00 +4.9224e+00 -4.9818e+00 +4.9360e+00 -4.9345e+00 -4.9939e+00 +4.9873e+00 -4.9998e+00
2413 0 +1.035001830e+00 +6.774500183e+01 +6.774500183e+01 -4.9631e+00 -4.9801e+00 -4.9463e+00 +4.9740e+00 -4.9850e+00 +4.9389e+00 -4.9904e+00 -4.9505e+00 +4.9932e+00 -4.9828e+00
2414 0 +9.928018149e-01 +6.770280181e+01 +6.770280181e+01 -4.9921e+00 -4.9516e+00 -4.9833e+00 +4.9585e+00 -4.9877e+00 +4.9770e+00 -4.9878e+00 -4.9729e+00 +4.9707e+00 -4.9758e+00
% f evaluations | g evaluations | best noise-free fitness - Fopt (9.416700000000e+02) + sum g_i+ | measured fitness | best measured fitness or single-digit g-values | x1 | x2...
1 0 +2.215762965e+02 +1.163246297e+03 +1.163246297e+03 +5.9671e-01 -3.8264e-02 +7.4769e-01 +1.6230e+00 -1.3415e-01 -1.3414e-01 +1.6792e+00 +8.6743e-01 -3.6947e-01 +6.4256e-01
2 0 +1.920447763e+02 +1.133714776e+03 +1.133714776e+03 -3.6342e-01 -3.6573e-01 +3.4196e-01 -1.8133e+00 -1.6249e+00 -4.6229e-01 -9.1283e-01 +4.1425e-01 -8.0802e-01 -1.3123e+00
5 0 +1.851301783e+02 +1.126800178e+03 +1.126800178e+03 +8.3847e-01 +2.7137e-01 -1.5648e-02 -2.0110e-01 -1.3785e+00 -6.1984e-01 -3.6064e-01 +1.1571e+00 +4.4362e-01 -1.6630e+00
8 0 +1.788477772e+02 +1.120517777e+03 +1.120517777e+03 +4.6140e-01 +1.6380e+00 +6.4174e-02 +1.6646e+00 -2.5197e+00 +9.2190e-01 +1.8705e-01 -1.9901e-01 +1.9176e-01 -1.8876e+00
57 0 +1.744988162e+02 +1.116168816e+03 +1.116168816e+03 +8.3458e-01 +1.2568e+00 +1.0626e+00 +1.7698e+00 -1.3738e-01 -3.2447e+00 -4.8564e-01 +9.2154e-01 +2.8555e+00 +4.1603e-01
58 0 +1.683624799e+02 +1.110032480e+03 +1.110032480e+03 -2.0332e+00 +1.5989e+00 +1.6165e+00 +2.9219e+00 -1.8924e+00 -1.0102e+00 -6.6490e-01 -8.7360e-01 +1.6192e+00 +2.7312e-01
61 0 +1.400429560e+02 +1.081712956e+03 +1.081712956e+03 +1.5903e+00 +5.3403e-01 -1.6594e+00 +2.4930e+00 -2.5114e-01 -7.7866e-01 +5.6498e-01 -1.2063e+00 +3.4332e+00 -2.9293e+00
101 0 +1.298565109e+02 +1.071526511e+03 +1.071526511e+03 -1.4456e+00 +8.0207e-01 -1.1903e-01 +2.0986e-03 +1.4017e+00 -2.2303e+00 -2.5268e+00 -3.5479e+00 -2.9522e-02 -3.7391e+00
102 0 +1.160742208e+02 +1.057744221e+03 +1.057744221e+03 +8.0309e-01 +1.2542e+00 -3.1359e+00 +3.4685e+00 -2.1002e+00 -2.4377e+00 -3.8899e+00 -2.4969e+00 +4.2154e+00 -8.1881e-01
113 0 +1.121562961e+02 +1.053826296e+03 +1.053826296e+03 -4.8355e-01 +1.6541e+00 +2.7385e+00 +3.3617e+00 -4.5809e+00 -3.3873e-01 -1.6858e+00 -2.8801e+00 +1.1322e+00 -3.4213e+00
127 0 +1.101241885e+02 +1.051794189e+03 +1.051794189e+03 -4.5632e+00 -1.1145e+00 -2.6974e+00 +2.2586e-01 -1.7722e+00 +1.9491e-01 -2.9619e+00 -1.7263e+00 +3.6134e+00 -3.5929e+00
128 0 +1.025834930e+02 +1.044253493e+03 +1.044253493e+03 -1.8381e+00 +3.1562e+00 +2.1198e+00 +3.2652e+00 +4.2546e-01 -2.4541e+00 -1.5604e+00 -1.5743e+00 +4.3755e+00 -3.5237e+00
156 0 +9.957008173e+01 +1.041240082e+03 +1.041240082e+03 +2.2513e+00 +3.6231e+00 -3.9807e-01 -2.8278e-01 -1.7249e+00 -6.0306e-01 -3.9240e+00 -3.7004e+00 +4.6895e+00 -2.9309e+00
166 0 +8.941673190e+01 +1.031086732e+03 +1.031086732e+03 -3.6270e+00 -1.8504e+00 -4.4608e+00 +2.6931e+00 +1.4223e+00 -2.3597e+00 -2.0475e+00 -4.0818e+00 +4.6220e+00 -3.6271e+00
204 0 +8.667785938e+01 +1.028347859e+03 +1.028347859e+03 -4.4592e+00 +2.3915e+00 -2.1761e+00 +2.1935e+00 -4.8460e+00 -9.7649e-01 -2.2196e+00 -2.1262e+00 +3.5207e+00 -4.7902e+00
205 0 +7.838741353e+01 +1.020057414e+03 +1.020057414e+03 -6.9897e-01 -1.7511e+00 -3.7580e+00 +1.3758e+00 -3.2422e+00 -2.5733e+00 -3.4821e+00 -4.4173e+00 +2.4498e+00 -4.6424e+00
207 0 +7.675518255e+01 +1.018425183e+03 +1.018425183e+03 +1.4471e-01 +1.4297e+00 -2.2719e+00 -4.7431e-01 -4.8591e+00 -4.2195e-01 -4.3669e+00 -4.5322e+00 +4.6352e+00 -3.6030e+00
251 0 +6.553479940e+01 +1.007204799e+03 +1.007204799e+03 -1.1363e+00 -1.7589e+00 -2.3851e+00 +4.0923e+00 -5.7312e-01 -3.8573e+00 -2.7161e+00 -4.3366e+00 +4.3568e+00 -4.2773e+00
301 0 +6.091521316e+01 +1.002585213e+03 +1.002585213e+03 -3.6975e+00 +3.1839e+00 +4.4166e+00 +4.8618e+00 -4.9062e+00 -2.4218e+00 -4.1897e+00 -3.0704e+00 +4.7288e+00 -2.9183e+00
303 0 +5.641157765e+01 +9.980815776e+02 +9.980815776e+02 -2.0416e+00 -4.4827e+00 -4.7639e+00 +4.1615e+00 -2.0941e+00 -1.9513e+00 -3.3216e+00 -4.3061e+00 +4.6600e+00 -4.8934e+00
352 0 +5.339271604e+01 +9.950627160e+02 +9.950627160e+02 -3.6648e+00 -6.6143e-01 +1.8743e-01 +3.3555e+00 -4.3532e+00 -4.9880e+00 -4.5305e+00 -3.8276e+00 +4.3054e+00 -3.1546e+00
402 0 +4.817134346e+01 +9.898413435e+02 +9.898413435e+02 +1.1724e+00 -3.9693e+00 +3.1621e-01 +3.1642e+00 -4.8597e+00 -2.2989e+00 -4.2279e+00 -4.3616e+00 +4.8881e+00 -3.9476e+00
451 0 +4.140409977e+01 +9.830740998e+02 +9.830740998e+02 -8.8557e-01 -4.2332e+00 +3.2758e+00 +4.0638e+00 -3.7384e+00 -2.5647e+00 -4.5740e+00 -3.0453e+00 +4.7450e+00 -4.6527e+00
551 0 +3.972363886e+01 +9.813936389e+02 +9.813936389e+02 -5.7422e-01 -4.5856e+00 +2.9695e+00 +2.3253e-01 -4.5978e+00 -3.8026e+00 -4.5381e+00 -4.5021e+00 +4.9148e+00 -4.0107e+00
601 0 +2.741183947e+01 +9.690818395e+02 +9.690818395e+02 -4.9686e+00 -3.8762e+00 +2.0553e+00 +3.7246e+00 -2.7484e+00 -4.3897e+00 -3.4436e+00 -4.6132e+00 +4.9942e+00 -4.9777e+00
703 0 +2.395086327e+01 +9.656208633e+02 +9.656208633e+02 -2.3117e+00 -4.3504e+00 +4.0254e+00 +3.3247e+00 -2.6734e+00 -3.1797e+00 -4.8333e+00 -4.8862e+00 +4.9776e+00 -4.9456e+00
752 0 +2.350309865e+01 +9.651730987e+02 +9.651730987e+02 -2.3897e-01 -2.6873e+00 +3.4480e+00 +3.9912e+00 -3.2308e+00 -3.9914e+00 -4.8629e+00 -4.8321e+00 +4.9401e+00 -4.9661e+00
852 0 +2.284124711e+01 +9.645112471e+02 +9.645112471e+02 -4.6297e+00 -3.7550e+00 +4.0391e+00 +4.8702e+00 -2.7772e+00 -4.0632e+00 -3.9542e+00 -4.6771e+00 +4.6669e+00 -4.9941e+00
901 0 +2.024466739e+01 +9.619146674e+02 +9.619146674e+02 -3.1814e+00 -4.1908e+00 +4.4320e+00 +3.4058e+00 -4.7807e+00 -4.0838e+00 -4.9760e+00 -4.6932e+00 +4.6416e+00 -4.5629e+00
951 0 +1.866387260e+01 +9.603338726e+02 +9.603338726e+02 -3.6477e+00 -4.9062e+00 +3.9098e+00 +2.8068e+00 -4.5031e+00 -4.6352e+00 -4.9240e+00 -4.3516e+00 +4.8319e+00 -4.7588e+00
952 0 +1.769366930e+01 +9.593636693e+02 +9.593636693e+02 -2.9173e+00 -3.4992e+00 +4.7885e+00 +4.7866e+00 -4.1219e+00 -4.8977e+00 -4.6554e+00 -4.1051e+00 +4.7202e+00 -4.9082e+00
953 0 +1.759916490e+01 +9.592691649e+02 +9.592691649e+02 -4.0036e+00 -3.9923e+00 +3.7829e+00 +4.7253e+00 -4.0974e+00 -4.6778e+00 -4.0351e+00 -4.8323e+00 +4.9868e+00 -4.6576e+00
955 0 +1.669866695e+01 +9.583686670e+02 +9.583686670e+02 -3.7413e+00 -4.2208e+00 +3.7205e+00 +4.2462e+00 -3.8582e+00 -4.1023e+00 -4.1867e+00 -4.9478e+00 +4.9880e+00 -4.9909e+00
1001 0 +1.309962552e+01 +9.547696255e+02 +9.547696255e+02 -4.8491e+00 -4.0729e+00 +4.8234e+00 +3.9799e+00 -4.7571e+00 -4.6510e+00 -4.9582e+00 -4.9284e+00 +4.3641e+00 -4.8217e+00
1102 0 +1.232650072e+01 +9.539965007e+02 +9.539965007e+02 -4.2192e+00 -4.5571e+00 +4.6961e+00 +4.5826e+00 -4.6063e+00 -4.9404e+00 -4.7953e+00 -4.1207e+00 +4.8143e+00 -4.9401e+00
1151 0 +1.147309523e+01 +9.531430952e+02 +9.531430952e+02 -4.1028e+00 -4.6081e+00 +4.4674e+00 +4.8763e+00 -4.7280e+00 -4.7121e+00 -4.8667e+00 -4.3419e+00 +4.9750e+00 -4.7634e+00
1201 0 +9.333643963e+00 +9.510036440e+02 +9.510036440e+02 -4.2161e+00 -4.8763e+00 +4.5171e+00 +4.6047e+00 -4.9839e+00 -4.4635e+00 -4.9132e+00 -4.9431e+00 +4.9558e+00 -4.6327e+00
1251 0 +8.985994746e+00 +9.506559947e+02 +9.506559947e+02 -4.8521e+00 -4.5286e+00 +4.8343e+00 +4.5584e+00 -4.3475e+00 -4.5313e+00 -4.9379e+00 -4.9120e+00 +4.7584e+00 -4.9185e+00
1351 0 +3.633618104e+00 +9.453036181e+02 +9.453036181e+02 -4.9514e+00 -4.9239e+00 +4.7281e+00 +4.9860e+00 -4.7897e+00 -4.9689e+00 -4.7999e+00 -4.9769e+00 +4.9809e+00 -4.8910e+00
1601 0 +2.807099859e+00 +9.444770999e+02 +9.444770999e+02 -4.7637e+00 -4.6734e+00 +4.8856e+00 +4.7930e+00 -4.9489e+00 -4.9397e+00 -4.9074e+00 -4.9412e+00 +4.9777e+00 -4.9801e+00
1803 0 +2.440078782e+00 +9.441100788e+02 +9.441100788e+02 -4.7017e+00 -4.8837e+00 +4.9697e+00 +4.9230e+00 -4.8025e+00 -4.9194e+00 -4.9913e+00 -4.9531e+00 +4.9658e+00 -4.9651e+00
1902 0 +2.414605260e+00 +9.440846053e+02 +9.440846053e+02 -4.7214e+00 -4.8017e+00 +4.8723e+00 +4.9823e+00 -4.9879e+00 -4.9385e+00 -4.9688e+00 -4.9903e+00 +4.9890e+00 -4.8914e+00
1908 0 +2.250160865e+00 +9.439201609e+02 +9.439201609e+02 -4.7671e+00 -4.9466e+00 +4.8083e+00 +4.9933e+00 -4.8315e+00 -4.9585e+00 -4.9859e+00 -4.9539e+00 +4.9573e+00 -4.9676e+00
1954 0 +1.832691777e+00 +9.435026918e+02 +9.435026918e+02 -4.9769e+00 -4.9809e+00 +4.8204e+00 +4.8989e+00 -4.9260e+00 -4.9741e+00 -4.9779e+00 -4.9789e+00 +4.9528e+00 -4.9626e+00
2010 0 +1.708456796e+00 +9.433784568e+02 +9.433784568e+02 -4.7631e+00 -4.9208e+00 +4.9957e+00 +4.9370e+00 -4.9646e+00 -4.9834e+00 -4.9292e+00 -4.9838e+00 +4.9410e+00 -4.9815e+00
2051 0 +7.489946361e-01 +9.424189946e+02 +9.424189946e+02 -4.9729e+00 -4.9936e+00 +4.9663e+00 +4.9778e+00 -4.9753e+00 -4.9958e+00 -4.9942e+00 -4.9961e+00 +4.9895e+00 -4.9606e+00
2387 0 +6.221203248e-01 +9.422921203e+02 +9.422921203e+02 -4.9993e+00 -4.9847e+00 +4.9483e+00 +4.9679e+00 -4.9707e+00 -4.9790e+00 -4.9913e+00 -4.9864e+00 +4.9936e+00 -4.9883e+00
% f evaluations | g evaluations | best noise-free fitness - Fopt (-3.745000000000e+01) + sum g_i+ | measured fitness | best measured fitness or single-digit g-values | x1 | x2...
1 0 +1.999996271e+02 +1.625496271e+02 +1.625496271e+02 +5.9671e-01 -3.8264e-02 +7.4769e-01 +1.6230e+00 -1.3415e-01 -1.3414e-01 +1.6792e+00 +8.6743e-01 -3.6947e-01 +6.4256e-01
6 0 +1.943105945e+02 +1.568605945e+02 +1.568605945e+02 +4.2408e-01 -2.8508e-01 -5.7692e-01 +7.1168e-01 +1.1310e+00 +1.0313e+00 -7.3922e-01 -2.0921e-01 +4.3126e-01 +1.0755e+00
11 0 +1.923900652e+02 +1.549400652e+02 +1.549400652e+02 -1.3154e+00 -3.2065e-01 -2.4271e-01 -7.0228e-01 -6.1286e-02 +5.0405e-01 +1.9862e+00 +2.7458e-01 +3.5755e-01 +2.5554e-02
12 0 +1.847748086e+02 +1.473248086e+02 +1.473248086e+02 -1.8188e+00 +7.3486e-02 +1.6023e-01 +2.5632e+00 -9.2361e-02 +4.0155e-01 +6.5288e-02 -1.0687e+00 +1.2428e+00 +8.5193e-01
21 0 +1.595399496e+02 +1.220899496e+02 +1.220899496e+02 +4.5779e-01 +6.6078e-01 +1.1831e+00 +1.1538e+00 -1.2777e+00 -8.3783e-01 +6.1504e-01 +6.1379e-01 +6.1505e-01 +3.9527e+00
58 0 +1.532865299e+02 +1.158365299e+02 +1.158365299e+02 +6.8239e-01 +1.9057e+00 +1.6997e+00 -7.0979e-02 -2.7143e+00 +1.6135e-01 -1.8210e+00 -4.9610e-01 +1.7598e+00 +2.8650e+00
70 0 +1.383046205e+02 +1.008546205e+02 +1.008546205e+02 -1.8161e-01 +1.2763e+00 +5.4661e-01 -1.3576e+00 -2.9872e+00 +1.7490e-01 +2.5165e+00 +1.4611e+00 -4.4891e-02 +4.9225e+00
101 0 +1.374757995e+02 +1.000257995e+02 +1.000257995e+02 -1.8937e+00 +1.3444e+00 -9.6105e-01 -2.2191e-01 +1.6319e+00 -1.4702e+00 +1.8225e+00 -4.0846e+00 +6.2147e-01 +4.0221e+00
112 0 +1.152304004e+02 +7.778040040e+01 +7.778040040e+01 -1.8910e-01 -5.1015e-01 -8.0758e-01 -2.8233e+00 +5.5741e-01 -2.9206e-01 +2.7799e+00 -2.7258e+00 +2.3286e+00 +4.0557e+00
116 0 +1.115727172e+02 +7.412271721e+01 +7.412271721e+01 -2.9288e+00 +3.5024e+00 +1.5539e+00 -4.6626e-02 -3.2991e+00 +2.1907e+00 +6.3658e-01 -1.2955e+00 +1.8667e+00 +4.6260e+00
180 0 +1.092850780e+02 +7.183507804e+01 +7.183507804e+01 +6.7287e-01 +2.5366e+00 +9.4852e-01 -8.9913e-01 -5.8798e-01 +4.3888e+00 -7.2284e-02 -4.5773e+00 +1.6608e+00 +3.0221e+00
192 0 +1.007054103e+02 +6.325541026e+01 +6.325541026e+01 +8.2718e-01 -2.8155e+00 +2.3381e+00 -2.5957e-01 +1.2191e-01 +2.8637e+00 +2.6047e+00 -2.0901e+00 +3.1016e+00 +4.3406e+00
201 0 +8.185250476e+01 +4.440250476e+01 +4.440250476e+01 +4.3339e+00 +2.6026e+00 +4.5382e+00 -1.7923e+00 +8.3050e-01 +3.3081e+00 +1.6889e+00 -9.1196e-01 +4.2190e+00 +4.7818e+00
218 0 +7.875502076e+01 +4.130502076e+01 +4.130502076e+01 +1.6186e-02 -8.1626e-01 +2.5879e+00 +2.2390e+00 -3.2172e+00 +8.5338e-01 +3.2714e+00 -4.1164e+00 +4.7910e+00 +3.8162e+00
229 0 +7.560842082e+01 +3.815842082e+01 +3.815842082e+01 -5.8856e-01 +1.4156e+00 +4.3722e+00 +1.5787e-01 -3.4379e-01 +4.9319e+00 +3.9336e+00 -4.9757e+00 +3.3538e+00 +2.7811e+00
251 0 +4.707965644e+01 +9.629656443e+00 +9.629656443e+00 +3.2350e+00 +4.1150e+00 +2.3068e+00 -2.6117e+00 -4.3089e+00 +4.7925e+00 +4.6635e+00 -2.1135e+00 +3.5556e+00 +4.8185e+00
252 0 +4.560669693e+01 +8.156696929e+00 +8.156696929e+00 +2.8432e+00 +3.3052e+00 +4.1695e+00 -7.5857e-01 -2.9804e+00 +4.3828e+00 +2.6202e+00 -4.6775e+00 +3.7747e+00 +4.9566e+00
353 0 +4.233597768e+01 +4.885977682e+00 +4.885977682e+00 +1.4274e+00 +3.8685e+00 +3.7481e+00 +3.2366e-01 -3.6638e+00 +3.0585e+00 +4.7253e+00 -4.7453e+00 +4.1865e+00 +4.6052e+00
501 0 +3.433761276e+01 -3.112387236e+00 -3.112387236e+00 +1.8371e+00 +3.5296e+00 +3.3701e+00 -2.5927e+00 -3.0116e+00 +4.9046e+00 +4.6194e+00 -4.0924e+00 +4.3455e+00 +4.6781e+00
701 0 +2.828546515e+01 -9.164534855e+00 -9.164534855e+00 +4.0936e+00 +2.2773e+00 +3.4296e+00 -3.8690e+00 -3.8211e+00 +4.8482e+00 +4.3986e+00 -4.3430e+00 +4.9872e+00 +4.1848e+00
751 0 +2.400684208e+01 -1.344315792e+01 -1.344315792e+01 +2.4536e+00 +4.3207e+00 +4.3536e+00 -3.9098e+00 -4.6888e+00 +4.5287e+00 +4.4759e+00 -4.6503e+00 +4.9904e+00 +4.0007e+00
801 0 +2.268977125e+01 -1.476022875e+01 -1.476022875e+01 +7.7414e-01 +3.7637e+00 +3.6217e+00 -3.2965e+00 -4.6811e+00 +4.9416e+00 +4.5424e+00 -4.3150e+00 +4.7968e+00 +4.8003e+00
851 0 +2.256554970e+01 -1.488445030e+01 -1.488445030e+01 +2.6758e+00 +4.6908e+00 +4.1453e+00 -4.8099e+00 -3.9099e+00 +4.3144e+00 +4.7908e+00 -4.6143e+00 +4.1578e+00 +4.7294e+00
852 0 +2.074157464e+01 -1.670842536e+01 -1.670842536e+01 +2.8013e+00 +3.3702e+00 +4.5870e+00 -3.4362e+00 -4.6581e+00 +4.7953e+00 +4.6407e+00 -4.7780e+00 +4.7968e+00 +4.3879e+00
854 0 +1.905418739e+01 -1.839581261e+01 -1.839581261e+01 +2.1065e+00 +4.8252e+00 +4.6811e+00 -2.9899e+00 -4.8286e+00 +4.9499e+00 +4.8826e+00 -4.9725e+00 +4.3233e+00 +4.5534e+00
901 0 +1.554760981e+01 -2.190239019e+01 -2.190239019e+01 +4.2280e+00 +3.1755e+00 +4.4784e+00 -4.6211e+00 -4.1978e+00 +4.9184e+00 +3.8917e+00 -4.8869e+00 +4.9707e+00 +4.7842e+00
1001 0 +1.033022498e+01 -2.711977502e+01 -2.711977502e+01 +3.9549e+00 +4.1232e+00 +4.5514e+00 -4.0313e+00 -4.5741e+00 +4.9196e+00 +4.8310e+00 -4.7805e+00 +4.9475e+00 +4.8663e+00
1151 0 +9.145804710e+00 -2.830419529e+01 -2.830419529e+01 +4.9397e+00 +4.7327e+00 +4.5316e+00 -4.5510e+00 -4.6578e+00 +4.8132e+00 +4.6653e+00 -4.5784e+00 +4.9554e+00 +4.9059e+00
1201 0 +8.660362035e+00 -2.878963796e+01 -2.878963796e+01 +4.6655e+00 +4.3118e+00 +4.1389e+00 -4.3651e+00 -4.7332e+00 +4.9848e+00 +4.9913e+00 -4.7988e+00 +4.8740e+00 +4.8386e+00
1202 0 +8.645375775e+00 -2.880462423e+01 -2.880462423e+01 +4.0078e+00 +4.9287e+00 +4.5474e+00 -4.4606e+00 -4.8653e+00 +4.3593e+00 +4.8717e+00 -4.9553e+00 +4.8538e+00 +4.9028e+00
1251 0 +6.483882836e+00 -3.096611716e+01 -3.096611716e+01 +4.6472e+00 +4.2441e+00 +4.7110e+00 -4.1308e+00 -4.7151e+00 +4.8815e+00 +4.9793e+00 -4.9075e+00 +4.8855e+00 +4.9956e+00
1303 0 +6.319734295e+00 -3.113026571e+01 -3.113026571e+01 +3.7983e+00 +4.3991e+00 +4.7965e+00 -4.8852e+00 -4.4352e+00 +4.7825e+00 +4.8332e+00 -4.9638e+00 +4.9797e+00 +4.9746e+00
1401 0 +5.576076951e+00 -3.187392305e+01 -3.187392305e+01 +4.7816e+00 +4.8052e+00 +4.8488e+00 -4.4876e+00 -4.9359e+00 +4.9397e+00 +4.9992e+00 -4.7322e+00 +4.8438e+00 +4.9464e+00
1402 0 +5.418341809e+00 -3.203165819e+01 -3.203165819e+01 +4.8473e+00 +4.7412e+00 +4.9503e+00 -4.8284e+00 -4.9997e+00 +4.7073e+00 +4.6265e+00 -4.9845e+00 +4.8462e+00 +4.9591e+00
1451 0 +5.041956761e+00 -3.240804324e+01 -3.240804324e+01 +4.3076e+00 +4.8310e+00 +4.8912e+00 -4.8383e+00 -4.9004e+00 +4.8911e+00 +4.7120e+00 -4.8489e+00 +4.9886e+00 +4.9398e+00
1501 0 +3.204600588e+00 -3.424539941e+01 -3.424539941e+01 +4.7306e+00 +4.7242e+00 +4.9859e+00 -4.7816e+00 -4.6776e+00 +4.9928e+00 +4.9161e+00 -4.9188e+00 +4.9885e+00 +4.9803e+00
1653 0 +3.153818945e+00 -3.429618106e+01 -3.429618106e+01 +4.8652e+00 +4.5427e+00 +4.8619e+00 -4.9345e+00 -4.8204e+00 +4.8406e+00 +4.8959e+00 -4.9478e+00 +4.9849e+00 +4.9928e+00
1701 0 +3.092229862e+00 -3.435777014e+01 -3.435777014e+01 +4.9352e+00 +4.5767e+00 +4.9087e+00 -4.9376e+00 -4.8662e+00 +4.9558e+00 +4.9486e+00 -4.9452e+00 +4.9094e+00 +4.9605e+00
1751 0 +3.060298218e+00 -3.438970178e+01 -3.438970178e+01 +4.7773e+00 +4.8222e+00 +4.9216e+00 -4.9136e+00 -4.8955e+00 +4.8665e+00 +4.9975e+00 -4.9209e+00 +4.9615e+00 +4.9264e+00
1754 0 +2.819939718e+00 -3.463006028e+01 -3.463006028e+01 +4.9934e+00 +4.8194e+00 +4.8702e+00 -4.9020e+00 -4.9123e+00 +4.8971e+00 +4.8435e+00 -4.9983e+00 +4.9069e+00 +4.9919e+00
1758 0 +2.605383251e+00 -3.484461675e+01 -3.484461675e+01 +4.9223e+00 +4.8480e+00 +4.8188e+00 -4.9283e+00 -4.9301e+00 +4.8403e+00 +4.8597e+00 -4.9828e+00 +4.9811e+00 +4.9794e+00
1801 0 +2.093280206e+00 -3.535671979e+01 -3.535671979e+01 +4.7924e+00 +4.9419e+00 +4.8932e+00 -4.9418e+00 -4.8058e+00 +4.9950e+00 +4.9143e+00 -4.9758e+00 +4.9891e+00 +4.9678e+00
1951 0 +2.047970933e+00 -3.540202907e+01 -3.540202907e+01 +4.5346e+00 +4.9276e+00 +4.9287e+00 -4.9454e+00 -4.9751e+00 +4.9482e+00 +4.9921e+00 -4.9475e+00 +4.9737e+00 +4.9558e+00
1960 0 +1.897310262e+00 -3.555268974e+01 -3.555268974e+01 +4.7825e+00 +4.8318e+00 +4.9144e+00 -4.9548e+00 -4.9779e+00 +4.9568e+00 +4.9890e+00 -4.9586e+00 +4.9996e+00 +4.9297e+00
1964 0 +1.879418103e+00 -3.557058190e+01 -3.557058190e+01 +4.8248e+00 +4.9203e+00 +4.9443e+00 -4.8572e+00 -4.9717e+00 +4.9741e+00 +4.9643e+00 -4.9737e+00 +4.9453e+00 +4.9718e+00
2001 0 +1.302539985e+00 -3.614746002e+01 -3.614746002e+01 +4.9377e+00 +4.9333e+00 +4.9837e+00 -4.9416e+00 -4.9565e+00 +4.9920e+00 +4.9980e+00 -4.9083e+00 +4.9634e+00 +4.9991e+00
2002 0 +1.219806594e+00 -3.623019341e+01 -3.623019341e+01 +4.8945e+00 +4.9030e+00 +4.9682e+00 -4.9759e+00 -4.9966e+00 +4.9949e+00 +4.9611e+00 -4.9319e+00 +4.9765e+00 +4.9915e+00
2108 0 +9.318349907e-01 -3.651816501e+01 -3.651816501e+01 +4.9570e+00 +4.8640e+00 +4.9612e+00 -4.9580e+00 -4.9522e+00 +4.9916e+00 +4.9969e+00 -4.9818e+00 +4.9818e+00 +4.9870e+00
2156 0 +9.187465170e-01 -3.653125348e+01 -3.653125348e+01 +4.9487e+00 +4.9751e+00 +4.9768e+00 -4.9934e+00 -4.9582e+00 +4.9909e+00 +4.9656e+00 -4.9573e+00 +4.9827e+00 +4.9916e+00
2217 0 +7.709732360e-01 -3.667902676e+01 -3.667902676e+01 +4.9755e+00 +4.8998e+00 +4.9782e+00 -4.9924e+00 -4.9607e+00 +4.9983e+00 +4.9403e+00 -4.9868e+00 +4.9914e+00 +4.9974e+00
% f evaluations | g evaluations | best noise-free fitness - Fopt (-6.639000000000e+01) + sum g_i+ | measured fitness | best measured fitness or single-digit g-values | x1 | x2...
1 0 +2.095452719e+02 +1.431552719e+02 +1.431552719e+02 +5.9671e-01 -3.8264e-02 +7.4769e-01 +1.6230e+00 -1.3415e-01 -1.3414e-01 +1.6792e+00 +8.6743e-01 -3.6947e-01 +6.4256e-01
2 0 +2.059270714e+02 +1.395370714e+02 +1.395370714e+02 -3.6342e-01 -3.6573e-01 +3.4196e-01 -1.8133e+00 -1.6249e+00 -4.6229e-01 -9.1283e-01 +4.1425e-01 -8.0802e-01 -1.3123e+00
5 0 +1.921800842e+02 +1.257900842e+02 +1.257900842e+02 +8.3847e-01 +2.7137e-01 -1.5648e-02 -2.0110e-01 -1.3785e+00 -6.1984e-01 -3.6064e-01 +1.1571e+00 +4.4362e-01 -1.6630e+00
8 0 +1.664679805e+02 +1.000779805e+02 +1.000779805e+02 +4.6140e-01 +1.6380e+00 +6.4174e-02 +1.6646e+00 -2.5197e+00 +9.2190e-01 +1.8705e-01 -1.9901e-01 +1.9176e-01 -1.8876e+00
53 0 +1.447897539e+02 +7.839975394e+01 +7.839975394e+01 -7.4198e-01 +1.5207e-01 -1.0357e+00 -3.2495e-01 +3.2387e-01 +2.1352e+00 +3.5987e-01 +4.3823e-01 +1.8832e+00 -3.7195e+00
110 0 +1.420666082e+02 +7.567660824e+01 +7.567660824e+01 +8.0701e-01 +3.3338e+00 +1.2730e+00 +3.9378e+00 -1.3355e+00 +1.5762e+00 -1.9282e-01 -2.3851e+00 +1.2942e+00 -1.9618e+00
117 0 +1.170023646e+02 +5.061236464e+01 +5.061236464e+01 -3.2864e-03 +1.9947e+00 -1.7356e+00 +1.8431e+00 -2.4032e+00 +3.1789e+00 +3.1681e+00 -4.3621e-01 +2.8492e+00 -2.0408e+00
119 0 +1.062802615e+02 +3.989026146e+01 +3.989026146e+01 -3.0732e+00 +1.3038e+00 -1.9074e+00 +2.0085e+00 -4.0210e+00 +3.7220e+00 +1.0540e+00 -1.6711e+00 +2.9316e+00 -2.3628e+00
120 0 +1.059376133e+02 +3.954761333e+01 +3.954761333e+01 -3.1491e-02 +2.4390e+00 -1.1527e+00 +1.5932e+00 -1.9232e+00 +4.2262e+00 -2.0547e-01 -2.2671e+00 +1.4596e+00 -4.5395e+00
155 0 +9.418831223e+01 +2.779831223e+01 +2.779831223e+01 -2.6805e+00 +2.9980e+00 -1.3540e-01 +4.0060e+00 -4.7516e+00 +2.5771e+00 -1.7540e+00 -3.3425e+00 +3.1585e+00 -3.5915e+00
186 0 +7.524585430e+01 +8.855854299e+00 +8.855854299e+00 -1.0599e+00 +3.7236e+00 +2.5441e+00 +3.9618e-01 -2.8571e+00 +3.6567e+00 +4.5790e+00 -1.9316e+00 +3.9176e+00 -4.2366e+00
201 0 +6.750859986e+01 +1.118599859e+00 +1.118599859e+00 +4.6010e+00 +3.2954e+00 -4.3969e+00 +8.4144e-01 -3.9402e+00 +2.6436e+00 +4.9978e+00 -3.9843e+00 +3.7846e+00 -3.1187e+00
251 0 +6.590273196e+01 -4.872680429e-01 -4.872680429e-01 -4.6486e-01 +2.1325e+00 +2.5854e+00 +3.4980e-01 -4.3387e+00 +4.8524e+00 +2.6155e+00 -4.4626e+00 +4.1592e+00 -3.8178e+00
302 0 +5.649777293e+01 -9.892227066e+00 -9.892227066e+00 +2.7930e+00 +4.6168e+00 -7.4176e-01 +2.9448e+00 -2.6411e+00 +2.5882e+00 +4.8016e+00 -4.2371e+00 +4.7433e+00 -3.6035e+00
352 0 +5.609777187e+01 -1.029222813e+01 -1.029222813e+01 -2.3459e+00 +1.7014e+00 -3.3664e-02 +4.0284e+00 -4.6477e+00 +2.0404e+00 +3.0891e+00 -4.0971e+00 +4.3861e+00 -4.1846e+00
353 0 +4.568627425e+01 -2.070372575e+01 -2.070372575e+01 +1.4968e+00 +3.5696e+00 -3.0102e+00 +4.3137e+00 -3.4095e+00 +3.1014e+00 +4.8760e+00 -2.9657e+00 +4.0883e+00 -4.8534e+00
401 0 +4.173994136e+01 -2.465005864e+01 -2.465005864e+01 -3.1462e-01 +1.2364e+00 -2.9946e+00 +3.5086e+00 -4.1396e+00 +4.2463e+00 +4.0622e+00 -4.0368e+00 +4.1335e+00 -4.6303e+00
451 0 +3.865760477e+01 -2.773239523e+01 -2.773239523e+01 +4.0521e+00 +3.7357e+00 -2.1179e+00 -3.2083e-01 -4.9297e+00 +4.7900e+00 +4.9397e+00 -4.6469e+00 +4.5287e+00 -4.5294e+00
551 0 +2.644067831e+01 -3.994932169e+01 -3.994932169e+01 +8.3603e-01 +4.8823e+00 -2.5370e+00 +4.7067e+00 -4.3187e+00 +2.9147e+00 +4.9108e+00 -4.4732e+00 +4.8962e+00 -4.8054e+00
754 0 +2.611736953e+01 -4.027263047e+01 -4.027263047e+01 -8.1882e-01 +3.6523e+00 -3.0733e+00 +3.3419e+00 -4.0768e+00 +4.9729e+00 +3.9088e+00 -4.9062e+00 +4.4325e+00 -4.9279e+00
758 0 +2.590829841e+01 -4.048170159e+01 -4.048170159e+01 -1.5214e+00 +4.7630e+00 -2.3363e+00 +2.7939e+00 -4.8301e+00 +3.7581e+00 +4.8552e+00 -4.2805e+00 +4.9132e+00 -4.7666e+00
767 0 +2.541728762e+01 -4.097271238e+01 -4.097271238e+01 -1.1879e+00 +4.3050e+00 -1.8334e+00 +4.0001e+00 -3.8642e+00 +4.4270e+00 +4.8002e+00 -4.6357e+00 +4.5519e+00 -4.8529e+00
801 0 +2.254970454e+01 -4.384029546e+01 -4.384029546e+01 -1.9328e+00 +4.6561e+00 -3.6946e+00 +2.4833e+00 -4.6721e+00 +4.2422e+00 +4.9050e+00 -4.8818e+00 +4.3877e+00 -4.8087e+00
803 0 +2.218563499e+01 -4.420436501e+01 -4.420436501e+01 -8.5449e-01 +4.2480e+00 -2.1458e+00 +3.9994e+00 -4.9807e+00 +4.6128e+00 +3.7171e+00 -4.6662e+00 +4.9167e+00 -4.9894e+00
851 0 +1.751315393e+01 -4.887684607e+01 -4.887684607e+01 -1.1385e+00 +4.8052e+00 -3.7909e+00 +3.3039e+00 -4.8179e+00 +4.9308e+00 +4.7325e+00 -4.9504e+00 +4.7645e+00 -4.6389e+00
1001 0 +1.711120060e+01 -4.927879940e+01 -4.927879940e+01 -1.3402e+00 +4.5305e+00 -3.1812e+00 +4.0465e+00 -4.6423e+00 +4.3521e+00 +4.7375e+00 -4.8992e+00 +4.7606e+00 -4.9243e+00
1002 0 +1.631245142e+01 -5.007754858e+01 -5.007754858e+01 -2.1568e+00 +4.9025e+00 -3.2667e+00 +4.1688e+00 -4.5820e+00 +4.7772e+00 +4.3885e+00 -4.7726e+00 +4.9208e+00 -4.8117e+00
1051 0 +1.472459185e+01 -5.166540815e+01 -5.166540815e+01 -1.5371e+00 +4.9884e+00 -4.5782e+00 +4.4443e+00 -4.9091e+00 +4.3850e+00 +4.5871e+00 -4.7386e+00 +4.6869e+00 -4.9025e+00
1101 0 +1.356710040e+01 -5.282289960e+01 -5.282289960e+01 -1.6924e+00 +4.8707e+00 -4.8634e+00 +4.5537e+00 -4.9116e+00 +4.5969e+00 +4.9560e+00 -4.8117e+00 +4.6116e+00 -4.7132e+00
1201 0 +1.324432151e+01 -5.314567849e+01 -5.314567849e+01 -3.6301e+00 +4.8717e+00 -4.5996e+00 +4.5139e+00 -4.6735e+00 +4.2743e+00 +4.7226e+00 -4.9019e+00 +4.5106e+00 -4.9187e+00
1202 0 +1.281196937e+01 -5.357803063e+01 -5.357803063e+01 -4.0071e+00 +4.7767e+00 -4.4805e+00 +4.5049e+00 -3.8919e+00 +4.4397e+00 +4.6335e+00 -4.7925e+00 +4.8207e+00 -4.9833e+00
1289 0 +1.212137567e+01 -5.426862433e+01 -5.426862433e+01 -4.6160e+00 +4.8212e+00 -4.9156e+00 +4.5523e+00 -4.2859e+00 +4.8808e+00 +4.7166e+00 -4.8079e+00 +4.2882e+00 -4.9993e+00
1301 0 +1.081250239e+01 -5.557749761e+01 -5.557749761e+01 -3.4600e+00 +3.9783e+00 -4.8857e+00 +4.3604e+00 -4.8077e+00 +4.9437e+00 +4.9513e+00 -4.7904e+00 +4.7766e+00 -4.7565e+00
1402 0 +8.318007252e+00 -5.807199275e+01 -5.807199275e+01 -4.7302e+00 +4.1290e+00 -4.9486e+00 +4.2716e+00 -4.9103e+00 +4.6543e+00 +4.9898e+00 -4.5922e+00 +4.8609e+00 -4.9793e+00
1451 0 +8.285256518e+00 -5.810474348e+01 -5.810474348e+01 -3.1842e+00 +4.6439e+00 -4.5439e+00 +4.6785e+00 -4.9821e+00 +4.8323e+00 +4.9265e+00 -4.9536e+00 +4.7775e+00 -4.8438e+00
1503 0 +7.079568607e+00 -5.931043139e+01 -5.931043139e+01 -4.2631e+00 +4.1119e+00 -4.9371e+00 +4.3515e+00 -4.7926e+00 +4.9319e+00 +4.6544e+00 -4.8927e+00 +4.9903e+00 -4.9451e+00
1601 0 +6.249979137e+00 -6.014002086e+01 -6.014002086e+01 -4.1439e+00 +4.5773e+00 -4.7905e+00 +4.9607e+00 -4.8631e+00 +4.8064e+00 +4.7186e+00 -4.9554e+00 +4.8541e+00 -4.9366e+00
1602 0 +5.558132249e+00 -6.083186775e+01 -6.083186775e+01 -4.6673e+00 +4.5628e+00 -4.7363e+00 +4.9523e+00 -4.8126e+00 +4.6806e+00 +4.7574e+00 -4.8966e+00 +4.9585e+00 -4.9618e+00
1651 0 +3.837001169e+00 -6.255299883e+01 -6.255299883e+01 -4.0802e+00 +4.3993e+00 -4.8073e+00 +4.9594e+00 -4.8435e+00 +4.9604e+00 +4.9470e+00 -4.9682e+00 +4.9610e+00 -4.9583e+00
1751 0 +3.652662602e+00 -6.273733740e+01 -6.273733740e+01 -4.9409e+00 +4.6204e+00 -4.7476e+00 +4.7771e+00 -4.7138e+00 +4.9327e+00 +4.8789e+00 -4.9753e+00 +4.9538e+00 -4.9904e+00
1854 0 +3.491985206e+00 -6.289801479e+01 -6.289801479e+01 -4.7793e+00 +4.7154e+00 -4.8073e+00 +4.9660e+00 -4.9778e+00 +4.8421e+00 +4.9710e+00 -4.9941e+00 +4.8520e+00 -4.9436e+00
1856 0 +3.197465659e+00 -6.319253434e+01 -6.319253434e+01 -4.9449e+00 +4.5890e+00 -4.6899e+00 +4.7487e+00 -4.8433e+00 +4.9946e+00 +4.9873e+00 -4.9499e+00 +4.9748e+00 -4.9456e+00
1901 0 +3.006400789e+00 -6.338359921e+01 -6.338359921e+01 -4.9317e+00 +4.7558e+00 -4.8768e+00 +4.9450e+00 -4.9066e+00 +4.9909e+00 +4.9059e+00 -4.9668e+00 +4.9460e+00 -4.9048e+00
1902 0 +2.567731510e+00 -6.382226849e+01 -6.382226849e+01 -4.9565e+00 +4.8520e+00 -4.8819e+00 +4.7544e+00 -4.9255e+00 +4.9222e+00 +4.9610e+00 -4.9455e+00 +4.9543e+00 -4.9741e+00
2001 0 +2.269847975e+00 -6.412015203e+01 -6.412015203e+01 -4.8710e+00 +4.7551e+00 -4.9186e+00 +4.9535e+00 -4.9295e+00 +4.8604e+00 +4.9453e+00 -4.9481e+00 +4.9918e+00 -4.9738e+00
2052 0 +2.216705407e+00 -6.417329459e+01 -6.417329459e+01 -4.8272e+00 +4.9291e+00 -4.9807e+00 +4.9192e+00 -4.9383e+00 +4.9930e+00 +4.8872e+00 -4.9385e+00 +4.9863e+00 -4.9449e+00
2109 0 +1.897048623e+00 -6.449295138e+01 -6.449295138e+01 -4.8949e+00 +4.9465e+00 -4.7702e+00 +4.9633e+00 -4.9909e+00 +4.8844e+00 +4.9571e+00 -4.9826e+00 +4.9487e+00 -4.9881e+00
2201 0 +1.751388389e+00 -6.463861161e+01 -6.463861161e+01 -4.9669e+00 +4.8089e+00 -4.9752e+00 +4.9818e+00 -4.9814e+00 +4.9446e+00 +4.9259e+00 -4.9491e+00 +4.9671e+00 -4.9763e+00
2203 0 +1.292313704e+00 -6.509768630e+01 -6.509768630e+01 -4.9504e+00 +4.9580e+00 -4.9499e+00 +4.9884e+00 -4.9413e+00 +4.9852e+00 +4.9462e+00 -4.9524e+00 +4.9967e+00 -4.9698e+00
2258 0 +1.192225541e+00 -6.519777446e+01 -6.519777446e+01 -4.8224e+00 +4.8850e+00 -4.9828e+00 +4.9926e+00 -4.9647e+00 +4.9385e+00 +4.9716e+00 -4.9638e+00 +4.9823e+00 -4.9984e+00
2335 0 +8.002324363e-01 -6.558976756e+01 -6.558976756e+01 -4.9587e+00 +4.9466e+00 -4.8378e+00 +4.9935e+00 -4.9823e+00 +4.9867e+00 +4.9991e+00 -4.9858e+00 +4.9790e+00 -4.9943e+00
% f evaluations | g evaluations | best noise-free fitness - Fopt (-2.260100000000e+02) + sum g_i+ | measured fitness | best measured fitness or single-digit g-values | x1 | x2...
1 0 +2.112748679e+02 -1.473513214e+01 -1.473513214e+01 +5.9671e-01 -3.8264e-02 +7.4769e-01 +1.6230e+00 -1.3415e-01 -1.3414e-01 +1.6792e+00 +8.6743e-01 -3.6947e-01 +6.4256e-01
2 0 +1.880227975e+02 -3.798720246e+01 -3.798720246e+01 -3.6342e-01 -3.6573e-01 +3.4196e-01 -1.8133e+00 -1.6249e+00 -4.6229e-01 -9.1283e-01 +4.1425e-01 -8.0802e-01 -1.3123e+00
5 0 +1.705556761e+02 -5.545432390e+01 -5.545432390e+01 +8.3847e-01 +2.7137e-01 -1.5648e-02 -2.0110e-01 -1.3785e+00 -6.1984e-01 -3.6064e-01 +1.1571e+00 +4.4362e-01 -1.6630e+00
58 0 +1.623703629e+02 -6.363963706e+01 -6.363963706e+01 +9.8785e-01 +1.1773e-01 +4.6971e-01 +5.5609e-01 -3.7254e+00 -2.0767e+00 +2.6761e-01 +1.1748e+00 +3.4749e-01 -1.4511e+00
68 0 +1.571418090e+02 -6.886819096e+01 -6.886819096e+01 +1.8437e-01 +2.8845e+00 +4.7800e-01 -1.3719e+00 +2.4530e-01 -6.0336e-01 -1.0327e+00 -8.3361e-01 +2.9916e-01 -4.2225e+00
77 0 +1.520406991e+02 -7.396930092e+01 -7.396930092e+01 +8.1406e-01 +2.9991e+00 -8.5113e-01 +1.0543e-01 -2.4687e+00 -1.9311e+00 -1.0004e+00 +2.9325e+00 +3.4486e-02 -1.4141e+00
87 0 +1.397539749e+02 -8.625602515e+01 -8.625602515e+01 -9.8147e-01 +2.9351e+00 -8.3807e-01 +1.9897e+00 -2.9226e-01 -6.5785e-01 -1.6436e+00 +1.2376e+00 +7.2245e-01 -3.3113e+00
103 0 +1.397003543e+02 -8.630964568e+01 -8.630964568e+01 -3.7521e+00 +4.0324e+00 -5.8152e-02 +1.5172e+00 -2.0224e+00 -2.3392e+00 -8.0510e-01 +2.8665e+00 -8.8183e-01 -2.4387e+00
115 0 +1.383342878e+02 -8.767571220e+01 -8.767571220e+01 -9.8806e-01 +4.5556e-01 -3.9943e+00 +7.1506e-01 -4.2330e+00 -4.4875e-01 -2.9864e+00 +1.7219e+00 +7.3301e-01 -2.6308e+00
116 0 +1.098881153e+02 -1.161218847e+02 -1.161218847e+02 +1.3227e+00 +2.9870e+00 -2.4652e+00 +2.0061e+00 -9.5455e-01 -1.0563e+00 -3.9544e-01 +2.1581e+00 +3.6499e+00 -4.2230e+00
159 0 +9.947192101e+01 -1.265380790e+02 -1.265380790e+02 +3.8197e-01 -2.9761e+00 +9.3894e-01 +1.2314e+00 -2.1276e+00 -2.6816e+00 -1.3887e+00 +1.8337e+00 +3.0790e+00 -4.8047e+00
174 0 +9.610542440e+01 -1.299045756e+02 -1.299045756e+02 -1.9226e-01 +2.4934e+00 +1.2255e+00 +2.2238e-01 -2.8967e+00 -4.3880e+00 -1.2775e+00 +1.7724e-01 +4.1726e+00 -3.9177e+00
177 0 +7.077285356e+01 -1.552371464e+02 -1.552371464e+02 -2.8390e+00 +2.1265e+00 +4.7137e-01 +4.7426e+00 -2.8963e+00 -4.1318e+00 -6.2555e-01 +4.9972e+00 +3.0306e+00 -3.7752e+00
254 0 +6.909410196e+01 -1.569158980e+02 -1.569158980e+02 -1.3182e+00 +1.4002e+00 -2.5888e-01 +2.3493e+00 -9.7360e-02 -4.4332e+00 -3.6222e+00 +4.0658e+00 +3.5761e+00 -4.2419e+00
256 0 +6.213070817e+01 -1.638792918e+02 -1.638792918e+02 -5.0642e-01 +8.1775e-01 +1.6508e+00 +3.9606e+00 -4.2502e+00 -2.2908e+00 -4.9858e+00 +8.0841e-01 +4.6888e+00 -4.5017e+00
302 0 +5.964524719e+01 -1.663647528e+02 -1.663647528e+02 -3.0786e+00 +4.8524e+00 +3.7627e+00 -8.6699e-01 -1.2307e+00 -3.4207e+00 -4.2283e+00 +4.8851e+00 +4.1928e+00 -3.3855e+00
356 0 +5.245322889e+01 -1.735567711e+02 -1.735567711e+02 -1.6065e+00 -2.6141e+00 +4.0514e+00 +8.0502e-01 -1.7694e+00 -4.4747e+00 -2.9731e+00 +4.1621e+00 +4.7390e+00 -4.8724e+00
453 0 +5.127082028e+01 -1.747391797e+02 -1.747391797e+02 -3.9567e+00 +1.3478e+00 +1.0924e+00 +2.8023e-01 -4.5739e+00 -3.0999e-01 -4.8225e+00 +4.7038e+00 +4.4513e+00 -4.6066e+00
460 0 +4.744710430e+01 -1.785628957e+02 -1.785628957e+02 -9.3451e-01 +2.1855e+00 +3.3496e+00 +3.6641e-01 -4.6141e+00 -2.5510e+00 -2.9651e+00 +4.4643e+00 +4.4793e+00 -4.9553e+00
504 0 +4.736088537e+01 -1.786491146e+02 -1.786491146e+02 +7.1978e-02 +2.4955e+00 +3.6283e+00 +2.5453e+00 -4.4087e+00 -2.3506e+00 -4.2674e+00 +4.7437e+00 +3.6256e+00 -4.5267e+00
507 0 +4.253686361e+01 -1.834731364e+02 -1.834731364e+02 -2.2905e-01 +1.7722e+00 +4.1420e+00 +4.1868e+00 -4.1243e+00 -4.1798e+00 -4.7199e+00 +3.4117e+00 +3.4568e+00 -4.7741e+00
551 0 +3.966461622e+01 -1.863453838e+02 -1.863453838e+02 -1.0507e+00 +4.1481e+00 +2.8929e+00 +3.8722e+00 -4.9914e+00 -4.4776e+00 -3.9962e+00 +4.7260e+00 +4.2965e+00 -3.4980e+00
552 0 +3.678783308e+01 -1.892221669e+02 -1.892221669e+02 -1.5769e+00 +3.9672e+00 +4.4075e+00 +4.9398e+00 -2.8932e+00 -4.7455e+00 -4.6714e+00 +4.4684e+00 +2.9044e+00 -4.6802e+00
701 0 +3.448967371e+01 -1.915203263e+02 -1.915203263e+02 -4.9880e+00 +3.9491e+00 +3.3968e+00 +4.9036e+00 -3.4677e+00 -2.8341e+00 -4.8810e+00 +4.5940e+00 +4.4717e+00 -3.8887e+00
703 0 +2.986419543e+01 -1.961458046e+02 -1.961458046e+02 -4.4454e+00 +1.5882e+00 +1.8718e+00 +4.2024e+00 -3.6469e+00 -4.5745e+00 -4.1319e+00 +4.3194e+00 +4.6121e+00 -4.8440e+00
751 0 +2.227319138e+01 -2.037368086e+02 -2.037368086e+02 -4.5055e+00 +2.4637e+00 +3.9119e+00 +4.9588e+00 -4.1906e+00 -4.6647e+00 -4.6725e+00 +4.6039e+00 +4.7633e+00 -4.2585e+00
851 0 +1.742104583e+01 -2.085889542e+02 -2.085889542e+02 -4.5460e+00 +4.6792e+00 +2.9508e+00 +4.7191e+00 -4.0573e+00 -4.9916e+00 -4.7482e+00 +4.9496e+00 +4.1484e+00 -4.8188e+00
902 0 +1.736095487e+01 -2.086490451e+02 -2.086490451e+02 -3.5393e+00 +4.9171e+00 +3.1327e+00 +3.9486e+00 -4.9959e+00 -3.5131e+00 -4.7208e+00 +4.7036e+00 +4.8759e+00 -4.8976e+00
952 0 +1.350288245e+01 -2.125071176e+02 -2.125071176e+02 -3.0956e+00 +4.4379e+00 +4.4469e+00 +3.8256e+00 -4.3851e+00 -4.9173e+00 -4.6555e+00 +4.9107e+00 +4.9364e+00 -4.7215e+00
1040 0 +1.333503652e+01 -2.126749635e+02 -2.126749635e+02 -3.6424e+00 +4.2343e+00 +4.7901e+00 +4.9349e+00 -4.8476e+00 -4.7488e+00 -4.8049e+00 +4.9986e+00 +4.2922e+00 -4.7223e+00
1052 0 +1.263637906e+01 -2.133736209e+02 -2.133736209e+02 -4.4847e+00 +4.7257e+00 +3.4945e+00 +4.1961e+00 -4.8624e+00 -4.9271e+00 -4.4593e+00 +4.6597e+00 +4.9165e+00 -4.8318e+00
1054 0 +1.109532117e+01 -2.149146788e+02 -2.149146788e+02 -3.2051e+00 +4.4962e+00 +4.8354e+00 +4.5885e+00 -4.6906e+00 -4.7409e+00 -4.4748e+00 +4.8814e+00 +4.9177e+00 -4.8090e+00
1101 0 +1.026761287e+01 -2.157423871e+02 -2.157423871e+02 -3.7377e+00 +4.4603e+00 +4.8154e+00 +4.9245e+00 -4.9886e+00 -4.6256e+00 -4.5228e+00 +4.8489e+00 +4.8714e+00 -4.7656e+00
1151 0 +8.751953144e+00 -2.172580469e+02 -2.172580469e+02 -4.1351e+00 +4.9928e+00 +4.1051e+00 +4.0813e+00 -4.8075e+00 -4.7847e+00 -4.6399e+00 +4.9901e+00 +4.9806e+00 -4.8784e+00
1302 0 +8.493786072e+00 -2.175162139e+02 -2.175162139e+02 -3.7512e+00 +4.8275e+00 +4.4886e+00 +4.5778e+00 -4.9579e+00 -4.3655e+00 -4.9901e+00 +4.9003e+00 +4.9436e+00 -4.8218e+00
1303 0 +8.382267571e+00 -2.176277324e+02 -2.176277324e+02 -4.6043e+00 +4.5808e+00 +4.3721e+00 +4.5365e+00 -4.6148e+00 -4.7946e+00 -4.7145e+00 +4.9266e+00 +4.8708e+00 -4.9176e+00
1351 0 +6.229477779e+00 -2.197805222e+02 -2.197805222e+02 -4.6177e+00 +4.7743e+00 +4.6182e+00 +4.5689e+00 -4.7864e+00 -4.9733e+00 -4.5752e+00 +4.9811e+00 +4.8936e+00 -4.9609e+00
1401 0 +5.345708844e+00 -2.206642912e+02 -2.206642912e+02 -4.8398e+00 +4.9493e+00 +4.6943e+00 +4.8892e+00 -4.8761e+00 -4.8077e+00 -4.9633e+00 +4.7689e+00 +4.8815e+00 -4.9138e+00
1453 0 +5.062388607e+00 -2.209476114e+02 -2.209476114e+02 -4.8874e+00 +4.9778e+00 +4.4285e+00 +4.9364e+00 -4.9748e+00 -4.6258e+00 -4.9468e+00 +4.8310e+00 +4.8812e+00 -4.9764e+00
1501 0 +4.739829189e+00 -2.212701708e+02 -2.212701708e+02 -4.4259e+00 +4.6936e+00 +4.5299e+00 +4.5984e+00 -4.8779e+00 -4.8717e+00 -4.8541e+00 +4.9918e+00 +4.9855e+00 -4.9519e+00
1551 0 +4.441721491e+00 -2.215682785e+02 -2.215682785e+02 -4.3698e+00 +4.7738e+00 +4.7659e+00 +4.9899e+00 -4.9655e+00 -4.9377e+00 -4.8981e+00 +4.9938e+00 +4.8482e+00 -4.8898e+00
1553 0 +4.366955059e+00 -2.216430449e+02 -2.216430449e+02 -4.9178e+00 +4.6704e+00 +4.7772e+00 +4.8951e+00 -4.6972e+00 -4.9465e+00 -4.9115e+00 +4.9817e+00 +4.9608e+00 -4.8598e+00
1556 0 +4.281641165e+00 -2.217283588e+02 -2.217283588e+02 -4.9572e+00 +4.8193e+00 +4.7565e+00 +4.9868e+00 -4.4777e+00 -4.9774e+00 -4.9520e+00 +4.9309e+00 +4.8775e+00 -4.9550e+00
1601 0 +4.253410218e+00 -2.217565898e+02 -2.217565898e+02 -4.7172e+00 +4.8038e+00 +4.8113e+00 +4.8624e+00 -4.8605e+00 -4.8516e+00 -4.9632e+00 +4.9194e+00 +4.9258e+00 -4.9044e+00
1652 0 +3.756778651e+00 -2.222532213e+02 -2.222532213e+02 -4.8330e+00 +4.7153e+00 +4.8977e+00 +4.9307e+00 -4.8854e+00 -4.9451e+00 -4.8693e+00 +4.9689e+00 +4.9795e+00 -4.8566e+00
1702 0 +3.341097621e+00 -2.226689024e+02 -2.226689024e+02 -4.9549e+00 +4.9479e+00 +4.7224e+00 +4.9786e+00 -4.9636e+00 -4.9720e+00 -4.8450e+00 +4.9330e+00 +4.9342e+00 -4.9112e+00
1703 0 +3.038293769e+00 -2.229717062e+02 -2.229717062e+02 -4.7740e+00 +4.8800e+00 +4.8996e+00 +4.9240e+00 -4.8343e+00 -4.9351e+00 -4.8762e+00 +4.8785e+00 +4.9702e+00 -4.9901e+00
1712 0 +2.872946511e+00 -2.231370535e+02 -2.231370535e+02 -4.9763e+00 +4.8056e+00 +4.9678e+00 +4.7221e+00 -4.6857e+00 -4.9750e+00 -4.9874e+00 +4.9522e+00 +4.9712e+00 -4.9587e+00
1757 0 +2.544133381e+00 -2.234658666e+02 -2.234658666e+02 -4.7732e+00 +4.9659e+00 +4.9741e+00 +4.9288e+00 -4.8178e+00 -4.9937e+00 -4.9985e+00 +4.8225e+00 +4.9722e+00 -4.9739e+00
1801 0 +2.212998348e+00 -2.237970017e+02 -2.237970017e+02 -4.9189e+00 +4.9191e+00 +4.8525e+00 +4.9345e+00 -4.9735e+00 -4.9021e+00 -4.9773e+00 +4.9304e+00 +4.9554e+00 -4.9654e+00
1802 0 +2.039931525e+00 -2.239700685e+02 -2.239700685e+02 -4.9394e+00 +4.9734e+00 +4.9650e+00 +4.8829e+00 -4.9899e+00 -4.8973e+00 -4.9244e+00 +4.9815e+00 +4.9512e+00 -4.9602e+00
1852 0 +2.001809047e+00 -2.240081910e+02 -2.240081910e+02 -4.8830e+00 +4.9980e+00 +4.9002e+00 +4.8452e+00 -4.9407e+00 -4.9788e+00 -4.9949e+00 +4.9343e+00 +4.9882e+00 -4.9367e+00
1853 0 +1.462841537e+00 -2.245471585e+02 -2.245471585e+02 -4.8332e+00 +4.9457e+00 +4.9832e+00 +4.9766e+00 -4.9818e+00 -4.9748e+00 -4.9278e+00 +4.9479e+00 +4.9877e+00 -4.9737e+00
2055 0 +1.216085886e+00 -2.247939141e+02 -2.247939141e+02 -4.8926e+00 +4.9381e+00 +4.9524e+00 +4.9928e+00 -4.9769e+00 -4.9264e+00 -4.9792e+00 +4.9632e+00 +4.9722e+00 -4.9928e+00
2061 0 +1.215543713e+00 -2.247944563e+02 -2.247944563e+02 -4.9365e+00 +4.9329e+00 +4.9477e+00 +4.9582e+00 -4.9320e+00 -4.9809e+00 -4.9966e+00 +4.9967e+00 +4.9844e+00 -4.9526e+00
2231 0 +1.101239095e+00 -2.249087609e+02 -2.249087609e+02 -4.9255e+00 +4.9932e+00 +4.9833e+00 +4.9503e+00 -4.9738e+00 -4.9562e+00 -4.9469e+00 +4.9851e+00 +4.9984e+00 -4.9696e+00
2263 0 +7.904866107e-01 -2.252195134e+02 -2.252195134e+02 -4.9409e+00 +4.9558e+00 +4.9965e+00 +4.9659e+00 -4.9545e+00 -4.9762e+00 -4.9795e+00 +4.9903e+00 +4.9820e+00 -4.9910e+00
% f evaluations | g evaluations | best noise-free fitness - Fopt (1.000000000000e+03) + sum g_i+ | measured fitness | best measured fitness or single-digit g-values | x1 | x2...
1 0 +2.216751370e+02 +1.221675137e+03 +1.221675137e+03 +5.9671e-01 -3.8264e-02 +7.4769e-01 +1.6230e+00 -1.3415e-01 -1.3414e-01 +1.6792e+00 +8.6743e-01 -3.6947e-01 +6.4256e-01
2 0 +1.929894926e+02 +1.192989493e+03 +1.192989493e+03 -3.6342e-01 -3.6573e-01 +3.4196e-01 -1.8133e+00 -1.6249e+00 -4.6229e-01 -9.1283e-01 +4.1425e-01 -8.0802e-01 -1.3123e+00
5 0 +1.844292071e+02 +1.184429207e+03 +1.184429207e+03 +8.3847e-01 +2.7137e-01 -1.5648e-02 -2.0110e-01 -1.3785e+00 -6.1984e-01 -3.6064e-01 +1.1571e+00 +4.4362e-01 -1.6630e+00
8 0 +1.746165660e+02 +1.174616566e+03 +1.174616566e+03 +4.6140e-01 +1.6380e+00 +6.4174e-02 +1.6646e+00 -2.5197e+00 +9.2190e-01 +1.8705e-01 -1.9901e-01 +1.9176e-01 -1.8876e+00
58 0 +1.708773644e+02 +1.170877364e+03 +1.170877364e+03 -9.8540e-01 +1.3461e+00 +2.6828e+00 +3.4458e+00 -9.9831e-01 +7.3447e-01 -6.3841e-01 +8.8972e-01 +1.2076e+00 -1.1729e+00
61 0 +1.573836484e+02 +1.157383648e+03 +1.157383648e+03 +1.4374e+00 +3.1159e+00 -1.8356e+00 +2.2317e+00 +6.0122e-01 -9.5983e-03 +4.9292e-01 -1.3126e+00 +8.9799e-01 -3.1736e+00
67 0 +1.458021388e+02 +1.145802139e+03 +1.145802139e+03 +4.3140e-01 +1.5308e+00 +1.1708e+00 +2.2994e+00 -2.6119e-01 +1.1250e+00 +2.8003e-01 -1.3009e+00 +4.1876e+00 -1.4487e+00
76 0 +1.406751719e+02 +1.140675172e+03 +1.140675172e+03 +5.3455e-01 +1.5117e+00 -1.8668e+00 -6.1715e-01 -2.4641e-02 -1.7750e-01 -9.7006e-01 -1.8610e+00 +3.1598e+00 -2.5867e+00
104 0 +1.023121383e+02 +1.102312138e+03 +1.102312138e+03 -3.6875e+00 +5.3633e-01 +7.4727e-01 +3.6077e+00 -3.7164e+00 -1.8253e+00 -2.0464e+00 -6.6828e-01 +4.4334e+00 -2.3904e+00
117 0 +1.008048420e+02 +1.100804842e+03 +1.100804842e+03 -7.9581e-01 +1.7595e+00 -2.3476e+00 +4.2184e+00 -1.0681e+00 -1.5818e+00 -1.3870e+00 -1.4874e+00 +2.8702e+00 -4.9068e+00
118 0 +9.272856737e+01 +1.092728567e+03 +1.092728567e+03 -7.1135e-01 +2.8155e+00 +2.5909e-01 +4.2478e+00 -3.6730e+00 +2.0442e+00 -2.1446e+00 -3.5644e+00 +2.1491e+00 -4.6851e+00
162 0 +9.053411930e+01 +1.090534119e+03 +1.090534119e+03 +9.1524e-01 +4.2548e+00 -1.3849e+00 +4.8006e+00 -4.8424e+00 +8.2025e-01 -1.5096e+00 -3.0124e+00 +3.9512e+00 -3.5016e+00
185 0 +8.908783015e+01 +1.089087830e+03 +1.089087830e+03 -5.9183e-01 +3.6870e+00 +1.7785e-01 -7.0851e-02 -9.6071e-01 -2.1400e+00 -2.2367e+00 -2.7450e+00 +3.9705e+00 -4.1818e+00
202 0 +7.472259652e+01 +1.074722597e+03 +1.074722597e+03 -4.7253e+00 -3.8701e+00 +1.2562e+00 +4.7767e+00 -2.8632e+00 -2.3397e+00 -9.3719e-01 -3.6033e+00 +3.2640e+00 -4.9913e+00
251 0 +6.514165116e+01 +1.065141651e+03 +1.065141651e+03 -1.6543e+00 -1.4965e+00 -4.3272e+00 +4.4225e+00 -1.5265e+00 -4.3090e+00 -3.9163e+00 -4.2953e+00 +4.9705e+00 -3.5029e+00
301 0 +6.229994466e+01 +1.062299945e+03 +1.062299945e+03 +2.5431e+00 +4.7896e+00 -4.2036e+00 +4.1983e+00 -4.7304e+00 -4.8351e+00 -4.9573e+00 -3.6463e+00 +3.5215e+00 -3.3698e+00
352 0 +4.673735848e+01 +1.046737358e+03 +1.046737358e+03 -2.3352e+00 +4.2606e+00 -3.9023e-01 +4.2760e+00 -3.4627e+00 -3.4230e+00 -4.4086e+00 -4.3669e+00 +3.9851e+00 -4.1777e+00
407 0 +4.162703857e+01 +1.041627039e+03 +1.041627039e+03 +2.2422e-01 +3.1874e+00 +2.1896e+00 +3.1448e+00 -3.6549e+00 -3.4048e+00 -4.3629e+00 -4.2488e+00 +3.9250e+00 -4.9883e+00
551 0 +4.024366393e+01 +1.040243664e+03 +1.040243664e+03 -3.1876e+00 +3.2883e+00 +4.8578e+00 +2.3527e+00 -3.7301e+00 -3.8557e+00 -4.3976e+00 -4.8276e+00 +4.0388e+00 -3.8638e+00
606 0 +3.882515401e+01 +1.038825154e+03 +1.038825154e+03 -1.7988e+00 +1.3405e+00 +2.6058e+00 +2.8322e+00 -3.1492e+00 -4.8171e+00 -4.0011e+00 -4.7044e+00 +3.9938e+00 -4.7772e+00
651 0 +3.283566725e+01 +1.032835667e+03 +1.032835667e+03 -1.2978e+00 +2.8193e+00 +4.1903e+00 +3.2120e+00 -4.4503e+00 -3.6532e+00 -3.9167e+00 -4.3888e+00 +4.6618e+00 -4.6567e+00
652 0 +3.116904720e+01 +1.031169047e+03 +1.031169047e+03 -3.3743e+00 +1.6471e+00 +2.3966e+00 +4.9019e+00 -4.4486e+00 -3.5497e+00 -4.5869e+00 -4.7218e+00 +3.8379e+00 -4.8670e+00
701 0 +2.961659612e+01 +1.029616596e+03 +1.029616596e+03 -2.0254e+00 +3.3187e+00 +4.3996e+00 +2.5671e+00 -4.9085e+00 -4.9117e+00 -4.8570e+00 -2.9850e+00 +4.4164e+00 -4.9606e+00
751 0 +2.705733076e+01 +1.027057331e+03 +1.027057331e+03 -2.4620e+00 +2.0484e+00 +4.6189e+00 +4.5963e+00 -4.5682e+00 -4.5138e+00 -3.0023e+00 -4.7079e+00 +4.6474e+00 -4.7501e+00
801 0 +2.322183178e+01 +1.023221832e+03 +1.023221832e+03 -2.4341e+00 +3.7122e+00 +2.8414e+00 +4.5759e+00 -3.8636e+00 -3.5787e+00 -4.7668e+00 -4.9385e+00 +4.6082e+00 -4.8276e+00
852 0 +2.305535396e+01 +1.023055354e+03 +1.023055354e+03 -2.3662e+00 +2.0197e+00 +3.8024e+00 +2.9684e+00 -4.6089e+00 -4.9952e+00 -4.6781e+00 -4.8448e+00 +4.8563e+00 -4.4445e+00
901 0 +1.860927333e+01 +1.018609273e+03 +1.018609273e+03 -2.4813e+00 +4.3681e-01 +3.6290e+00 +4.5714e+00 -4.7613e+00 -4.9253e+00 -4.7783e+00 -4.4112e+00 +4.8573e+00 -4.9610e+00
951 0 +1.718252499e+01 +1.017182525e+03 +1.017182525e+03 -3.6339e+00 +1.0131e+00 +4.7092e+00 +4.9969e+00 -4.6646e+00 -4.7241e+00 -4.6416e+00 -4.5500e+00 +4.6631e+00 -4.8719e+00
1001 0 +1.322711716e+01 +1.013227117e+03 +1.013227117e+03 -3.6871e+00 +1.6466e+00 +3.9138e+00 +4.9175e+00 -4.9982e+00 -4.8800e+00 -4.9640e+00 -4.8993e+00 +4.6228e+00 -4.8534e+00
1101 0 +1.230755674e+01 +1.012307557e+03 +1.012307557e+03 -3.2302e+00 +1.7187e+00 +4.0983e+00 +4.7403e+00 -4.7589e+00 -4.7690e+00 -4.8400e+00 -4.7428e+00 +4.9945e+00 -4.9591e+00
1151 0 +1.013226803e+01 +1.010132268e+03 +1.010132268e+03 -3.2220e+00 +2.6695e+00 +3.9354e+00 +4.8962e+00 -4.8318e+00 -4.9769e+00 -4.9610e+00 -4.8809e+00 +4.8296e+00 -4.9421e+00
1401 0 +9.093882606e+00 +1.009093883e+03 +1.009093883e+03 -3.8320e+00 +3.4355e+00 +4.9986e+00 +4.7196e+00 -4.9041e+00 -4.9252e+00 -4.8600e+00 -4.9232e+00 +4.7793e+00 -4.8056e+00
1451 0 +8.914305987e+00 +1.008914306e+03 +1.008914306e+03 -3.7588e+00 +3.7056e+00 +4.9357e+00 +4.8811e+00 -4.6075e+00 -4.9513e+00 -4.9017e+00 -4.7196e+00 +4.9031e+00 -4.8516e+00
1505 0 +8.472279645e+00 +1.008472280e+03 +1.008472280e+03 -3.9268e+00 +3.6914e+00 +4.7715e+00 +4.9357e+00 -4.9734e+00 -4.7412e+00 -4.7978e+00 -4.5807e+00 +4.9299e+00 -4.9810e+00
1551 0 +7.017363717e+00 +1.007017364e+03 +1.007017364e+03 -4.8524e+00 +3.1928e+00 +4.9394e+00 +4.6236e+00 -4.9351e+00 -4.7238e+00 -4.8216e+00 -4.9509e+00 +4.8949e+00 -4.9486e+00
1601 0 +6.721677037e+00 +1.006721677e+03 +1.006721677e+03 -4.0088e+00 +4.9467e+00 +4.6636e+00 +4.8132e+00 -4.6767e+00 -4.6534e+00 -4.9736e+00 -4.9764e+00 +4.9331e+00 -4.8229e+00
1751 0 +6.409778567e+00 +1.006409779e+03 +1.006409779e+03 -4.0688e+00 +3.9685e+00 +4.7797e+00 +4.7449e+00 -4.9247e+00 -4.8598e+00 -4.9980e+00 -4.9844e+00 +4.8851e+00 -4.8477e+00
1801 0 +5.707329806e+00 +1.005707330e+03 +1.005707330e+03 -4.7813e+00 +4.5193e+00 +4.6594e+00 +4.4902e+00 -4.8120e+00 -4.9508e+00 -4.9249e+00 -4.9094e+00 +4.9219e+00 -4.8995e+00
1851 0 +5.099846565e+00 +1.005099847e+03 +1.005099847e+03 -4.0589e+00 +4.9280e+00 +4.6590e+00 +4.3558e+00 -4.9336e+00 -4.8715e+00 -4.9372e+00 -4.8958e+00 +4.9919e+00 -4.9516e+00
1852 0 +5.044773807e+00 +1.005044774e+03 +1.005044774e+03 -4.5717e+00 +4.2564e+00 +4.7298e+00 +4.7233e+00 -4.8138e+00 -4.8292e+00 -4.9033e+00 -4.9441e+00 +4.9236e+00 -4.9898e+00
1902 0 +4.695691924e+00 +1.004695692e+03 +1.004695692e+03 -4.6883e+00 +4.2981e+00 +4.6195e+00 +4.8977e+00 -4.9847e+00 -4.8635e+00 -4.9481e+00 -4.8251e+00 +4.9036e+00 -4.9947e+00
1907 0 +4.440679279e+00 +1.004440679e+03 +1.004440679e+03 -4.6479e+00 +4.8069e+00 +4.6299e+00 +4.3808e+00 -4.9255e+00 -4.6587e+00 -4.9331e+00 -4.9959e+00 +4.9981e+00 -4.9896e+00
2051 0 +4.200490578e+00 +1.004200491e+03 +1.004200491e+03 -4.1398e+00 +4.6405e+00 +4.5504e+00 +4.8860e+00 -4.9556e+00 -4.9546e+00 -4.8756e+00 -4.8925e+00 +4.9938e+00 -4.9676e+00
2053 0 +3.877029079e+00 +1.003877029e+03 +1.003877029e+03 -4.6383e+00 +4.3388e+00 +4.5717e+00 +4.9274e+00 -4.8258e+00 -4.9897e+00 -4.8582e+00 -4.9907e+00 +4.9476e+00 -4.9851e+00
2101 0 +2.561016997e+00 +1.002561017e+03 +1.002561017e+03 -4.5643e+00 +4.6137e+00 +4.6926e+00 +4.9695e+00 -4.9974e+00 -4.9201e+00 -4.9831e+00 -4.9892e+00 +4.9267e+00 -4.9957e+00
2253 0 +2.092118663e+00 +1.002092119e+03 +1.002092119e+03 -4.9722e+00 +4.5843e+00 +4.8869e+00 +4.9656e+00 -4.9819e+00 -4.9761e+00 -4.9875e+00 -4.8409e+00 +4.9964e+00 -4.9911e+00
2453 0 +1.882603946e+00 +1.001882604e+03 +1.001882604e+03 -4.8607e+00 +4.8323e+00 +4.9038e+00 +4.9525e+00 -4.9985e+00 -4.9445e+00 -4.8962e+00 -4.9643e+00 +4.9714e+00 -4.9857e+00
% f evaluations | g evaluations | best noise-free fitness - Fopt (-1.830200000000e+02) + sum g_i+ | measured fitness | best measured fitness or single-digit g-values | x1 | x2...
1 0 +2.179836568e+02 +3.496365677e+01 +3.496365677e+01 +5.9671e-01 -3.8264e-02 +7.4769e-01 +1.6230e+00 -1.3415e-01 -1.3414e-01 +1.6792e+00 +8.6743e-01 -3.6947e-01 +6.4256e-01
2 0 +2.156681034e+02 +3.264810335e+01 +3.264810335e+01 -3.6342e-01 -3.6573e-01 +3.4196e-01 -1.8133e+00 -1.6249e+00 -4.6229e-01 -9.1283e-01 +4.1425e-01 -8.0802e-01 -1.3123e+00
3 0 +2.018170238e+02 +1.879702383e+01 +1.879702383e+01 +1.5656e+00 -1.2578e-01 +1.6753e-01 -1.3247e+00 -4.4438e-01 +2.1092e-01 -1.0510e+00 +4.7570e-01 -5.0064e-01 -1.9169e-01
6 0 +1.847871832e+02 +1.767183233e+00 +1.767183233e+00 +4.2408e-01 -2.8508e-01 -5.7692e-01 +7.1168e-01 +1.1310e+00 +1.0313e+00 -7.3922e-01 -2.0921e-01 +4.3126e-01 +1.0755e+00
15 0 +1.803894278e+02 -2.630572244e+00 -2.630572244e+00 +3.2746e-01 +1.4071e+00 -1.5075e+00 +2.8463e-01 +3.5988e-01 +8.8182e-01 -1.1370e+00 -1.2205e+00 +6.2194e-01 +3.9698e-01
21 0 +1.709032002e+02 -1.211679981e+01 -1.211679981e+01 +4.5779e-01 +6.6078e-01 +1.1831e+00 +1.1538e+00 -1.2777e+00 -8.3783e-01 +6.1504e-01 +6.1379e-01 +6.1505e-01 +3.9527e+00
53 0 +1.642503469e+02 -1.876965314e+01 -1.876965314e+01 -7.6300e-01 +8.6791e-01 +7.8114e-01 -1.4994e+00 -3.4955e-01 +6.6440e-01 -5.3087e-01 -3.0034e+00 +1.8091e+00 +2.2176e-01
58 0 +1.538661551e+02 -2.915384495e+01 -2.915384495e+01 -6.1189e-01 +1.3796e+00 -6.9032e-01 +7.8115e-01 -5.3895e-01 -8.7222e-01 -4.5744e-01 -2.2220e+00 -4.9086e-01 +4.3398e+00
98 0 +1.360908784e+02 -4.692912157e+01 -4.692912157e+01 +3.4312e+00 -5.0471e-01 +8.4367e-01 +2.9391e-01 -1.3913e+00 -1.4085e-01 -8.7257e-01 -2.0461e+00 +1.4750e+00 +3.5113e+00
107 0 +9.512549478e+01 -8.789450522e+01 -8.789450522e+01 +1.1339e+00 -3.1885e+00 -3.4735e+00 -4.0346e-01 -2.9273e+00 +1.5791e+00 -3.6794e+00 -1.7297e+00 +1.1697e+00 +4.6983e+00
161 0 +9.065760424e+01 -9.236239576e+01 -9.236239576e+01 +4.6025e+00 -2.9085e+00 -3.4131e+00 -1.2045e+00 -1.9641e+00 +1.2518e+00 -2.8014e+00 -3.0799e+00 +1.7009e+00 +4.2443e+00
203 0 +7.737147760e+01 -1.056485224e+02 -1.056485224e+02 +3.0072e+00 -4.2407e+00 +3.2246e+00 -2.1967e+00 -4.3361e-01 +2.6321e+00 -1.9573e+00 -4.1348e+00 +3.6308e+00 +4.6488e+00
224 0 +7.347687007e+01 -1.095431299e+02 -1.095431299e+02 +4.0062e+00 -2.2968e+00 -2.9809e+00 -2.5473e-01 -6.5842e-01 -9.8707e-01 -4.3089e+00 -3.9645e+00 +3.5743e+00 +4.8651e+00
253 0 +6.224538208e+01 -1.207746179e+02 -1.207746179e+02 -1.6648e+00 -2.6147e+00 -3.6125e+00 -6.4290e-01 -4.0186e+00 +2.1928e+00 -3.7946e+00 -3.6361e+00 +3.8346e+00 +4.4816e+00
255 0 +5.703663120e+01 -1.259833688e+02 -1.259833688e+02 -8.9059e-01 +4.1794e-02 -2.8132e+00 +1.2124e+00 -4.2893e+00 +3.6022e+00 -2.6824e+00 -4.7491e+00 +4.6490e+00 +4.4378e+00
401 0 +4.157283610e+01 -1.414471639e+02 -1.414471639e+02 +1.3008e-01 -4.8008e+00 -3.6422e+00 -4.5111e+00 -1.8268e+00 +3.3712e+00 -4.4916e+00 -3.6275e+00 +4.5952e+00 +4.5277e+00
601 0 +3.870687325e+01 -1.443131268e+02 -1.443131268e+02 +2.6376e+00 -3.2279e-01 -4.4439e+00 -4.2984e+00 -2.7773e+00 +2.4080e+00 -4.7279e+00 -3.7888e+00 +4.9058e+00 +4.6889e+00
651 0 +3.097326165e+01 -1.520467383e+02 -1.520467383e+02 +2.8840e+00 -4.4436e-01 -4.9018e+00 -3.3464e+00 -2.2763e+00 +4.9801e+00 -4.2960e+00 -4.1590e+00 +4.6853e+00 +4.9149e+00
701 0 +2.332166775e+01 -1.596983323e+02 -1.596983323e+02 +2.4455e+00 -8.0473e-01 -4.5348e+00 -3.2644e+00 -4.0061e+00 +4.4860e+00 -4.4707e+00 -4.8375e+00 +4.7043e+00 +4.9500e+00
803 0 +2.330446550e+01 -1.597155345e+02 -1.597155345e+02 +3.4968e+00 -3.0675e+00 -3.7437e+00 -3.7102e+00 -3.8833e+00 +4.0829e+00 -4.8760e+00 -4.3763e+00 +4.5464e+00 +4.9799e+00
853 0 +2.292764023e+01 -1.600923598e+02 -1.600923598e+02 +3.5406e+00 -4.7417e+00 -3.7420e+00 -3.0603e+00 -4.5875e+00 +3.8008e+00 -4.4267e+00 -4.3956e+00 +4.9675e+00 +4.7136e+00
951 0 +1.986349531e+01 -1.631565047e+02 -1.631565047e+02 +1.8928e+00 -4.1464e+00 -3.3551e+00 -4.2323e+00 -4.3737e+00 +4.8260e+00 -4.8325e+00 -4.7924e+00 +4.5710e+00 +4.6456e+00
1051 0 +1.817036085e+01 -1.648496392e+02 -1.648496392e+02 +3.9446e+00 -4.5995e+00 -4.4962e+00 -2.9948e+00 -4.9352e+00 +4.4495e+00 -4.3035e+00 -4.7886e+00 +4.4799e+00 +4.9249e+00
1101 0 +1.680906852e+01 -1.662109315e+02 -1.662109315e+02 +3.7163e+00 -3.8972e+00 -4.6188e+00 -3.6698e+00 -4.8471e+00 +4.9305e+00 -4.6303e+00 -4.1427e+00 +4.8915e+00 +4.7772e+00
1102 0 +1.671991519e+01 -1.663000848e+02 -1.663000848e+02 +3.8908e+00 -3.9123e+00 -4.6033e+00 -4.4001e+00 -4.0789e+00 +4.9212e+00 -4.4949e+00 -4.4626e+00 +4.5400e+00 +4.9723e+00
1103 0 +1.587858023e+01 -1.671414198e+02 -1.671414198e+02 +4.1232e+00 -4.6305e+00 -3.9826e+00 -4.6312e+00 -4.7412e+00 +4.1302e+00 -4.7499e+00 -4.8082e+00 +4.4776e+00 +4.8168e+00
1104 0 +1.519571058e+01 -1.678242894e+02 -1.678242894e+02 +3.4357e+00 -4.7015e+00 -4.0822e+00 -3.8493e+00 -4.6263e+00 +3.9148e+00 -4.6643e+00 -4.8503e+00 +4.9080e+00 +4.8872e+00
1151 0 +1.188937917e+01 -1.711306208e+02 -1.711306208e+02 +4.8259e+00 -4.1814e+00 -4.8264e+00 -4.1937e+00 -4.3346e+00 +4.3175e+00 -4.9802e+00 -4.9008e+00 +4.6610e+00 +4.8984e+00
1201 0 +1.166979254e+01 -1.713502075e+02 -1.713502075e+02 +3.8456e+00 -4.5188e+00 -4.8616e+00 -3.8045e+00 -3.9907e+00 +4.9011e+00 -4.8930e+00 -4.6869e+00 +4.8894e+00 +4.9306e+00
1251 0 +1.078799625e+01 -1.722320038e+02 -1.722320038e+02 +4.1208e+00 -3.8655e+00 -4.9806e+00 -4.1854e+00 -4.2608e+00 +4.6019e+00 -4.7661e+00 -4.9612e+00 +4.7725e+00 +4.9911e+00
1301 0 +6.915659650e+00 -1.761043404e+02 -1.761043404e+02 +4.8679e+00 -4.2332e+00 -4.3312e+00 -3.8386e+00 -4.9498e+00 +4.9876e+00 -4.7239e+00 -4.9099e+00 +4.9827e+00 +4.9964e+00
1501 0 +4.213609218e+00 -1.788063908e+02 -1.788063908e+02 +4.7326e+00 -4.6883e+00 -4.8007e+00 -4.9248e+00 -4.7661e+00 +4.9874e+00 -4.8658e+00 -4.8060e+00 +4.9726e+00 +4.9645e+00
1601 0 +3.547110676e+00 -1.794728893e+02 -1.794728893e+02 +4.4853e+00 -4.9269e+00 -4.9221e+00 -4.4950e+00 -4.7345e+00 +4.9548e+00 -4.9657e+00 -4.9931e+00 +4.9686e+00 +4.9625e+00
1801 0 +3.368566430e+00 -1.796514336e+02 -1.796514336e+02 +4.8814e+00 -4.9046e+00 -4.6732e+00 -4.9125e+00 -4.9710e+00 +4.9894e+00 -4.9132e+00 -4.9738e+00 +4.9228e+00 +4.8884e+00
1851 0 +3.039211800e+00 -1.799807882e+02 -1.799807882e+02 +4.7113e+00 -4.4432e+00 -4.9564e+00 -4.9157e+00 -4.9453e+00 +4.9489e+00 -4.9090e+00 -4.9208e+00 +4.9402e+00 +4.9919e+00
1854 0 +2.883238948e+00 -1.801367611e+02 -1.801367611e+02 +4.8267e+00 -4.9216e+00 -4.7700e+00 -4.8145e+00 -4.8059e+00 +4.9574e+00 -4.8952e+00 -4.9821e+00 +4.9587e+00 +4.9781e+00
1865 0 +2.863847511e+00 -1.801561525e+02 -1.801561525e+02 +4.9047e+00 -4.9198e+00 -4.7390e+00 -4.8381e+00 -4.9433e+00 +4.9255e+00 -4.9908e+00 -4.8327e+00 +4.9742e+00 +4.9790e+00
1901 0 +2.549102895e+00 -1.804708971e+02 -1.804708971e+02 +4.7609e+00 -4.7955e+00 -4.9518e+00 -4.9930e+00 -4.8783e+00 +4.9578e+00 -4.9265e+00 -4.9502e+00 +4.9390e+00 +4.9652e+00
1951 0 +1.910789530e+00 -1.811092105e+02 -1.811092105e+02 +4.9017e+00 -4.8467e+00 -4.8900e+00 -4.9750e+00 -4.9676e+00 +4.9929e+00 -4.9940e+00 -4.8953e+00 +4.9362e+00 +4.9888e+00
2051 0 +1.401892573e+00 -1.816181074e+02 -1.816181074e+02 +4.7484e+00 -4.8946e+00 -4.9089e+00 -4.9240e+00 -4.9889e+00 +4.9626e+00 -4.9690e+00 -4.9962e+00 +4.9797e+00 +4.9790e+00
2280 0 +1.318339806e+00 -1.817016602e+02 -1.817016602e+02 +4.9400e+00 -4.9693e+00 -4.9888e+00 -4.9956e+00 -4.9148e+00 +4.8522e+00 -4.9755e+00 -4.9851e+00 +4.9849e+00 +4.9898e+00
2354 0 +1.254159224e+00 -1.817658408e+02 -1.817658408e+02 +4.7958e+00 -4.9057e+00 -4.9844e+00 -4.9635e+00 -4.9747e+00 +4.9892e+00 -4.9620e+00 -4.9709e+00 +4.9835e+00 +4.9764e+00
2364 0 +1.233151945e+00 -1.817868481e+02 -1.817868481e+02 +4.8461e+00 -4.9267e+00 -4.9629e+00 -4.9604e+00 -4.9581e+00 +4.9800e+00 -4.9607e+00 -4.9670e+00 +4.9845e+00 +4.9851e+00
2399 0 +1.021220712e+00 -1.819987793e+02 -1.819987793e+02 +4.9325e+00 -4.9806e+00 -4.9998e+00 -4.9972e+00 -4.9033e+00 +4.9465e+00 -4.9856e+00 -4.9885e+00 +4.9826e+00 +4.9810e+00
2447 0 +8.801039433e-01 -1.821398961e+02 -1.821398961e+02 +4.8598e+00 -4.9851e+00 -4.9679e+00 -4.9821e+00 -4.9664e+00 +4.9906e+00 -4.9432e+00 -4.9957e+00 +4.9928e+00 +4.9844e+00
2469 0 +7.631962595e-01 -1.822568037e+02 -1.822568037e+02 +4.7878e+00 -4.9860e+00 -4.9782e+00 -4.9625e+00 -4.9922e+00 +4.9894e+00 -4.9947e+00 -4.9798e+00 +4.9973e+00 +4.9810e+00
% f evaluations | g evaluations | best noise-free fitness - Fopt (-1.026200000000e+02) + sum g_i+ | measured fitness | best measured fitness or single-digit g-values | x1 | x2...
1 0 +2.043352336e+02 +1.017152336e+02 +1.017152336e+02 +5.9671e-01 -3.8264e-02 +7.4769e-01 +1.6230e+00 -1.3415e-01 -1.3414e-01 +1.6792e+00 +8.6743e-01 -3.6947e-01 +6.4256e-01
4 0 +1.998681640e+02 +9.724816397e+01 +9.724816397e+01 -5.0171e-01 +1.9523e+00 +8.6503e-02 -9.5771e-01 +9.2254e-01 -1.1208e+00 +3.0886e-01 -1.8597e+00 -1.2282e+00 +2.9686e-01
6 0 +1.862034921e+02 +8.358349206e+01 +8.358349206e+01 +4.2408e-01 -2.8508e-01 -5.7692e-01 +7.1168e-01 +1.1310e+00 +1.0313e+00 -7.3922e-01 -2.0921e-01 +4.3126e-01 +1.0755e+00
12 0 +1.823756481e+02 +7.975564808e+01 +7.975564808e+01 -1.8188e+00 +7.3486e-02 +1.6023e-01 +2.5632e+00 -9.2361e-02 +4.0155e-01 +6.5288e-02 -1.0687e+00 +1.2428e+00 +8.5193e-01
18 0 +1.811038233e+02 +7.848382325e+01 +7.848382325e+01 -7.8951e-01 -7.1581e-01 +2.2898e-02 +4.4115e-01 +3.7669e-01 +9.2718e-01 +1.1300e-01 +1.5535e+00 -1.6466e-01 +2.8202e+00
21 0 +1.732196751e+02 +7.059967508e+01 +7.059967508e+01 +4.5779e-01 +6.6078e-01 +1.1831e+00 +1.1538e+00 -1.2777e+00 -8.3783e-01 +6.1504e-01 +6.1379e-01 +6.1505e-01 +3.9527e+00
48 0 +1.603248356e+02 +5.770483557e+01 +5.770483557e+01 -1.7505e-01 -2.2019e+00 -1.4152e+00 +1.4669e+00 +1.7450e+00 -1.4904e-01 +6.7656e-01 +4.1125e-01 +3.1789e+00 +1.2196e+00
61 0 +1.517221314e+02 +4.910213140e+01 +4.910213140e+01 +1.2420e+00 -1.3672e+00 -2.0003e+00 +1.5284e+00 +2.0696e+00 +1.9024e+00 -1.0991e+00 -2.1078e+00 +4.1766e+00 -4.0973e-02
63 0 +1.359210413e+02 +3.330104135e+01 +3.330104135e+01 -1.7643e+00 -1.6909e+00 -1.5864e+00 +9.5930e-01 +1.6605e+00 +2.2973e+00 -3.5485e-01 -1.1589e+00 +1.3200e+00 +3.5502e+00
77 0 +1.301623163e+02 +2.754231630e+01 +2.754231630e+01 -1.8912e+00 -2.0738e+00 -3.4621e+00 +1.7028e+00 +1.6683e+00 -1.2020e-01 +1.4803e+00 -2.7895e+00 +6.3357e-01 +3.4800e+00
87 0 +1.106717494e+02 +8.051749431e+00 +8.051749431e+00 -4.2719e-02 -3.3845e-02 -1.2350e+00 +2.2222e+00 +1.1343e+00 +1.2650e+00 +2.7099e+00 -1.6222e+00 +3.6649e+00 +3.7935e+00
124 0 +1.044326524e+02 +1.812652357e+00 +1.812652357e+00 -6.1703e-01 -3.4490e-01 -1.8692e+00 +9.8978e-01 +4.8227e+00 +3.7824e+00 +2.2307e+00 -4.8543e+00 -2.0290e-01 +3.2971e+00
152 0 +8.067646398e+01 -2.194353602e+01 -2.194353602e+01 -2.5835e+00 -2.0995e+00 -3.3879e+00 +3.2236e+00 +1.8367e+00 +3.3098e+00 +2.5014e+00 -3.0228e+00 +4.5634e+00 +3.7599e+00
264 0 +7.559748768e+01 -2.702251232e+01 -2.702251232e+01 -3.7264e+00 -4.9174e+00 -3.6357e+00 -9.4340e-01 +1.7118e+00 -4.0907e+00 +4.6960e+00 -4.9634e+00 +3.5648e+00 +4.1360e+00
302 0 +6.089027095e+01 -4.172972905e+01 -4.172972905e+01 -1.6018e+00 -1.2684e+00 -3.1185e+00 +2.6997e+00 +2.7298e+00 +1.6921e+00 +4.7306e+00 -4.5458e+00 +4.6016e+00 +4.2317e+00
354 0 +5.845490722e+01 -4.416509278e+01 -4.416509278e+01 -3.6710e+00 -2.1195e+00 -1.2944e+00 -4.7146e+00 +2.8882e+00 +2.9281e+00 +2.7808e+00 -4.2360e+00 +4.9408e+00 +3.2052e+00
402 0 +5.351569712e+01 -4.910430288e+01 -4.910430288e+01 -2.8520e+00 -3.2096e+00 -1.3520e+00 -4.4479e+00 +3.8763e+00 +4.8299e+00 +2.9295e+00 -2.3969e+00 +4.6096e+00 +4.0196e+00
451 0 +3.563719811e+01 -6.698280189e+01 -6.698280189e+01 -3.2485e+00 -2.4699e+00 -4.8394e+00 -4.5233e-01 +3.8657e+00 +3.5153e+00 +4.9284e+00 -4.1655e+00 +4.2101e+00 +4.9391e+00
557 0 +3.247584579e+01 -7.014415421e+01 -7.014415421e+01 -7.5550e-01 -4.0130e+00 -3.6997e+00 -3.0422e+00 +4.2248e+00 +4.1858e+00 +3.8006e+00 -4.1305e+00 +4.7054e+00 +4.7575e+00
604 0 +3.236707594e+01 -7.025292406e+01 -7.025292406e+01 -4.7998e-01 -2.4411e+00 -4.8500e+00 -3.3398e+00 +3.5734e+00 +4.3425e+00 +4.5454e+00 -3.8319e+00 +4.4274e+00 +4.9163e+00
605 0 +1.815447441e+01 -8.446552559e+01 -8.446552559e+01 -5.1802e-01 -3.7440e+00 -4.5056e+00 -4.5411e+00 +4.8642e+00 +4.9314e+00 +4.6140e+00 -4.6298e+00 +4.8354e+00 +4.5673e+00
651 0 +1.560103584e+01 -8.701896416e+01 -8.701896416e+01 -1.4768e+00 -4.5341e+00 -4.5515e+00 -2.7144e+00 +4.4624e+00 +4.8702e+00 +4.8361e+00 -4.9559e+00 +4.9931e+00 +4.7237e+00
1001 0 +1.522230520e+01 -8.739769480e+01 -8.739769480e+01 -2.3083e+00 -4.2106e+00 -4.5946e+00 -4.1024e+00 +4.6913e+00 +4.4465e+00 +4.9717e+00 -4.5066e+00 +4.9531e+00 +4.7400e+00
1051 0 +1.226739199e+01 -9.035260801e+01 -9.035260801e+01 -1.6850e+00 -4.5843e+00 -4.4938e+00 -4.7634e+00 +4.6048e+00 +4.9519e+00 +4.7906e+00 -4.5526e+00 +4.9070e+00 +4.8586e+00
1101 0 +1.111480668e+01 -9.150519332e+01 -9.150519332e+01 -1.0341e+00 -4.7992e+00 -4.8882e+00 -4.6955e+00 +4.7536e+00 +4.6412e+00 +4.8202e+00 -4.8505e+00 +4.8936e+00 +4.8482e+00
1201 0 +9.179549204e+00 -9.344045080e+01 -9.344045080e+01 -3.3056e+00 -4.8169e+00 -4.5719e+00 -4.7532e+00 +4.9765e+00 +4.3195e+00 +4.9336e+00 -4.8429e+00 +4.8255e+00 +4.9109e+00
1301 0 +8.841303668e+00 -9.377869633e+01 -9.377869633e+01 -4.1506e+00 -4.7929e+00 -4.5742e+00 -4.5755e+00 +4.7813e+00 +4.6568e+00 +4.9746e+00 -4.8185e+00 +4.8225e+00 +4.8323e+00
1302 0 +7.822738695e+00 -9.479726130e+01 -9.479726130e+01 -3.1735e+00 -4.5185e+00 -4.7157e+00 -4.9108e+00 +4.4504e+00 +4.9286e+00 +4.7340e+00 -4.7784e+00 +4.9915e+00 +4.9706e+00
1351 0 +4.614079762e+00 -9.800592024e+01 -9.800592024e+01 -4.9856e+00 -4.1041e+00 -4.9057e+00 -4.7011e+00 +4.8037e+00 +4.9954e+00 +4.9294e+00 -4.7402e+00 +4.9859e+00 +4.9916e+00
1601 0 +4.454127345e+00 -9.816587266e+01 -9.816587266e+01 -4.6331e+00 -4.8457e+00 -4.9384e+00 -4.7445e+00 +4.8446e+00 +4.9641e+00 +4.9181e+00 -4.7535e+00 +4.9471e+00 +4.9594e+00
1651 0 +4.156216833e+00 -9.846378317e+01 -9.846378317e+01 -4.4692e+00 -4.7738e+00 -4.6750e+00 -4.8764e+00 +4.9334e+00 +4.9128e+00 +4.9568e+00 -4.8762e+00 +4.9823e+00 +4.9054e+00
1703 0 +4.134322316e+00 -9.848567768e+01 -9.848567768e+01 -4.1778e+00 -4.6329e+00 -4.7949e+00 -4.7190e+00 +4.9328e+00 +4.8166e+00 +4.9645e+00 -4.9765e+00 +4.9329e+00 +4.9781e+00
1755 0 +3.552863004e+00 -9.906713700e+01 -9.906713700e+01 -4.7640e+00 -4.8077e+00 -4.9311e+00 -4.8179e+00 +4.9565e+00 +4.9098e+00 +4.7702e+00 -4.9590e+00 +4.9365e+00 +4.9688e+00
1808 0 +3.461821465e+00 -9.915817854e+01 -9.915817854e+01 -4.7951e+00 -4.5716e+00 -4.9792e+00 -4.9973e+00 +4.8841e+00 +4.7044e+00 +4.9209e+00 -4.9012e+00 +4.9676e+00 +4.9932e+00
1825 0 +3.326825974e+00 -9.929317403e+01 -9.929317403e+01 -4.6703e+00 -4.7882e+00 -4.7899e+00 -4.6081e+00 +4.8413e+00 +4.9001e+00 +4.9114e+00 -4.9703e+00 +4.9900e+00 +4.9939e+00
1851 0 +2.741865820e+00 -9.987813418e+01 -9.987813418e+01 -4.8833e+00 -4.8002e+00 -4.9608e+00 -4.9742e+00 +4.7901e+00 +4.9018e+00 +4.9735e+00 -4.9913e+00 +4.9383e+00 +4.9344e+00
1852 0 +2.607208902e+00 -1.000127911e+02 -1.000127911e+02 -4.9677e+00 -4.9143e+00 -4.9120e+00 -4.9545e+00 +4.8710e+00 +4.9027e+00 +4.9579e+00 -4.8533e+00 +4.9889e+00 +4.9650e+00
1855 0 +1.774421862e+00 -1.008455781e+02 -1.008455781e+02 -4.8734e+00 -4.8507e+00 -4.7645e+00 -4.9742e+00 +4.9886e+00 +4.9511e+00 +4.9993e+00 -4.9852e+00 +4.9119e+00 +4.9975e+00
1951 0 +1.462403362e+00 -1.011575966e+02 -1.011575966e+02 -4.9247e+00 -4.9122e+00 -4.9848e+00 -4.9869e+00 +4.9446e+00 +4.9255e+00 +4.9736e+00 -4.9942e+00 +4.9524e+00 +4.9727e+00
2157 0 +1.164706956e+00 -1.014552930e+02 -1.014552930e+02 -4.9454e+00 -4.9859e+00 -4.9847e+00 -4.9536e+00 +4.9802e+00 +4.9489e+00 +4.9604e+00 -4.9732e+00 +4.9921e+00 +4.9678e+00
2173 0 +1.159955071e+00 -1.014600449e+02 -1.014600449e+02 -4.9887e+00 -4.8673e+00 -4.8401e+00 -4.9897e+00 +4.9627e+00 +4.9275e+00 +4.9989e+00 -4.9664e+00 +4.9865e+00 +4.9987e+00
2255 0 +9.326671052e-01 -1.016873329e+02 -1.016873329e+02 -4.8762e+00 -4.9874e+00 -4.9969e+00 -4.9825e+00 +4.9816e+00 +4.9612e+00 +4.9706e+00 -4.9753e+00 +4.9820e+00 +4.9865e+00
