% f evaluations | g evaluations | best noise-free fitness - Fopt (2.997000000000e+01) + sum g_i+ | measured fitness | best measured fitness or single-digit g-values | x1 | x2...
1 0 +1.462433005e+03 +1.492403005e+03 +1.492403005e+03 +5.9671e-01 -3.8264e-02 +7.4769e-01 +1.6230e+00 -1.3415e-01
2 0 +1.061073956e+03 +1.091043956e+03 +1.091043956e+03 -1.3414e-01 +1.6792e+00 +8.6743e-01 -3.6947e-01 +6.4256e-01
3 0 +9.472936951e+02 +9.772636951e+02 +9.772636951e+02 -3.6342e-01 -3.6573e-01 +3.4196e-01 -1.8133e+00 -1.6249e+00
5 0 +8.776131466e+02 +9.075831466e+02 +9.075831466e+02 +1.5656e+00 -1.2578e-01 +1.6753e-01 -1.3247e+00 -4.4438e-01
7 0 +8.010567977e+02 +8.310267977e+02 +8.310267977e+02 -5.0171e-01 +1.9523e+00 +8.6503e-02 -9.5771e-01 +9.2254e-01
8 0 +5.991701095e+02 +6.291401095e+02 +6.291401095e+02 -1.1208e+00 +3.0886e-01 -1.8597e+00 -1.2282e+00 +2.9686e-01
27 0 +4.097068194e+02 +4.396768194e+02 +4.396768194e+02 -5.9822e-01 -4.2879e-01 -1.7965e+00 -2.1827e+00 +1.7471e+00
56 0 +3.382873599e+02 +3.682573599e+02 +3.682573599e+02 -4.7807e-01 +2.7111e-01 -2.1966e+00 -2.8788e+00 +1.0426e+00
113 0 +2.587765347e+02 +2.887465347e+02 +2.887465347e+02 +7.2857e-01 -2.0728e+00 -3.0485e+00 -3.2539e+00 +1.6376e+00
121 0 +1.844085559e+02 +2.143785559e+02 +2.143785559e+02 +7.3085e-01 -5.7564e-01 -3.5475e+00 -2.1802e+00 +2.4659e+00
241 0 +1.506044426e+02 +1.805744426e+02 +1.805744426e+02 +5.4057e-01 +3.6954e-01 -3.4203e+00 -1.1070e+00 +4.2090e+00
256 0 +1.422999843e+02 +1.722699843e+02 +1.722699843e+02 +1.0061e+00 -1.7898e+00 -4.2278e+00 -1.8571e+00 +4.1193e+00
259 0 +1.127225462e+02 +1.426925462e+02 +1.426925462e+02 +3.1135e-01 -1.7908e+00 -3.7217e+00 -2.2485e+00 +2.7729e+00
295 0 +1.104387212e+02 +1.404087212e+02 +1.404087212e+02 -3.5350e-01 +1.1494e+00 -2.8348e+00 -2.0561e+00 +4.2836e+00
320 0 +7.007651205e+01 +1.000465121e+02 +1.000465121e+02 +1.6556e+00 -4.0321e+00 -4.2704e+00 -2.0350e+00 +2.6406e+00
399 0 +5.205284819e+01 +8.202284819e+01 +8.202284819e+01 +8.5669e-01 -1.3774e+00 -3.5524e+00 -1.8575e+00 +2.8475e+00
457 0 +3.403874388e+01 +6.400874388e+01 +6.400874388e+01 +1.0741e+00 -1.9252e+00 -3.7667e+00 -1.8279e+00 +2.9842e+00
458 0 +2.818471663e+01 +5.815471663e+01 +5.815471663e+01 +1.2589e+00 -2.3300e+00 -3.7599e+00 -1.9782e+00 +2.8272e+00
460 0 +2.347559587e+01 +5.344559587e+01 +5.344559587e+01 +1.0850e+00 -2.0051e+00 -3.7949e+00 -1.9538e+00 +3.1079e+00
473 0 +1.617107866e+01 +4.614107866e+01 +4.614107866e+01 +7.3694e-01 -1.4078e+00 -3.6119e+00 -1.8700e+00 +3.1842e+00
536 0 +1.115458101e+01 +4.112458101e+01 +4.112458101e+01 +9.5848e-01 -1.9431e+00 -3.7300e+00 -1.9265e+00 +2.9848e+00
708 0 +1.113915792e+01 +4.110915792e+01 +4.110915792e+01 +9.3459e-01 -1.8389e+00 -3.6457e+00 -1.9646e+00 +3.0082e+00
710 0 +9.344230763e+00 +3.931423076e+01 +3.931423076e+01 +9.4084e-01 -1.9612e+00 -3.6949e+00 -1.9716e+00 +2.9764e+00
725 0 +9.007969292e+00 +3.897796929e+01 +3.897796929e+01 +1.0527e+00 -2.1728e+00 -3.7870e+00 -2.0109e+00 +2.8918e+00
729 0 +7.611085887e+00 +3.758108589e+01 +3.758108589e+01 +8.8882e-01 -1.7131e+00 -3.6717e+00 -1.9419e+00 +3.0602e+00
738 0 +6.411481593e+00 +3.638148159e+01 +3.638148159e+01 +1.1139e+00 -2.3388e+00 -3.8219e+00 -2.0220e+00 +2.8551e+00
750 0 +3.889961350e+00 +3.385996135e+01 +3.385996135e+01 +1.0926e+00 -2.3002e+00 -3.8187e+00 -1.9921e+00 +2.8781e+00
795 0 +2.730621382e+00 +3.270062138e+01 +3.270062138e+01 +9.2761e-01 -1.8054e+00 -3.6837e+00 -1.9529e+00 +3.0577e+00
821 0 +2.600983474e+00 +3.257098347e+01 +3.257098347e+01 +9.6499e-01 -1.9705e+00 -3.7331e+00 -1.9605e+00 +3.0129e+00
869 0 +1.974405986e+00 +3.194440599e+01 +3.194440599e+01 +7.7024e-01 -1.4578e+00 -3.5971e+00 -1.9212e+00 +3.2095e+00
919 0 +1.378558710e+00 +3.134855871e+01 +3.134855871e+01 +8.8776e-01 -1.7325e+00 -3.6712e+00 -1.9416e+00 +3.0956e+00
1027 0 +9.875418756e-01 +3.095754188e+01 +3.095754188e+01 +9.7921e-01 -1.9837e+00 -3.7341e+00 -1.9669e+00 +3.0057e+00
1102 0 +8.992755529e-01 +3.086927555e+01 +3.086927555e+01 +9.2351e-01 -1.8386e+00 -3.6930e+00 -1.9546e+00 +3.0522e+00
1103 0 +8.559524802e-01 +3.082595248e+01 +3.082595248e+01 +9.2326e-01 -1.8248e+00 -3.6924e+00 -1.9503e+00 +3.0617e+00
1106 0 +7.563914614e-01 +3.072639146e+01 +3.072639146e+01 +9.0838e-01 -1.7992e+00 -3.6832e+00 -1.9491e+00 +3.0740e+00
1123 0 +5.394812026e-01 +3.050948120e+01 +3.050948120e+01 +9.3505e-01 -1.8669e+00 -3.7027e+00 -1.9577e+00 +3.0475e+00
1136 0 +3.387020329e-01 +3.030870203e+01 +3.030870203e+01 +8.8586e-01 -1.7286e+00 -3.6670e+00 -1.9438e+00 +3.1011e+00
1142 0 +3.217691134e-01 +3.029176911e+01 +3.029176911e+01 +8.9261e-01 -1.7480e+00 -3.6709e+00 -1.9462e+00 +3.0926e+00
1189 0 +2.102096855e-01 +3.018020969e+01 +3.018020969e+01 +8.6230e-01 -1.6735e+00 -3.6532e+00 -1.9392e+00 +3.1245e+00
1203 0 +1.431134117e-01 +3.011311341e+01 +3.011311341e+01 +8.7388e-01 -1.7043e+00 -3.6604e+00 -1.9420e+00 +3.1107e+00
% f evaluations | g evaluations | best noise-free fitness - Fopt (-5.171000000000e+01) + sum g_i+ | measured fitness | best measured fitness or single-digit g-values | x1 | x2...
1 0 +1.411116050e+03 +1.359406050e+03 +1.359406050e+03 +5.9671e-01 -3.8264e-02 +7.4769e-01 +1.6230e+00 -1.3415e-01
2 0 +1.255469916e+03 +1.203759916e+03 +1.203759916e+03 -1.3414e-01 +1.6792e+00 +8.6743e-01 -3.6947e-01 +6.4256e-01
5 0 +1.027844135e+03 +9.761341354e+02 +9.761341354e+02 +1.5656e+00 -1.2578e-01 +1.6753e-01 -1.3247e+00 -4.4438e-01
26 0 +8.248648866e+02 +7.731548866e+02 +7.731548866e+02 +1.2988e+00 +1.4105e+00 -1.7148e+00 +4.6693e-01 +9.9108e-01
28 0 +8.140967879e+02 +7.623867879e+02 +7.623867879e+02 +8.5816e-01 +2.3112e+00 -1.3457e+00 -1.6908e-01 +8.6516e-01
38 0 +6.901008114e+02 +6.383908114e+02 +6.383908114e+02 +1.5067e+00 +1.0704e+00 -1.2627e+00 -1.8217e+00 +4.5770e-01
68 0 +5.946077403e+02 +5.428977403e+02 +5.428977403e+02 +1.3200e+00 +2.2385e+00 -1.6158e+00 -1.6216e+00 +1.2270e+00
72 0 +5.789305639e+02 +5.272205639e+02 +5.272205639e+02 +2.7455e+00 +1.8888e+00 -1.0575e+00 -1.4784e+00 +1.2534e+00
82 0 +5.698797906e+02 +5.181697906e+02 +5.181697906e+02 +1.1376e+00 +8.7725e-01 -2.5926e+00 -1.3003e+00 +2.5364e+00
89 0 +4.674208372e+02 +4.157108372e+02 +4.157108372e+02 +3.6004e+00 +3.2464e+00 -3.3382e+00 -7.1466e-01 -3.5665e-02
93 0 +4.489172580e+02 +3.972072580e+02 +3.972072580e+02 +3.1447e+00 +2.1921e+00 -9.9169e-01 -3.1248e+00 -1.9437e-02
107 0 +2.374650109e+02 +1.857550109e+02 +1.857550109e+02 +2.5398e+00 +2.4851e+00 -2.9458e+00 -4.0617e+00 +2.1248e+00
161 0 +1.908853120e+02 +1.391753120e+02 +1.391753120e+02 +2.5126e+00 +2.9465e+00 -4.1701e+00 -4.6289e+00 +1.1863e+00
172 0 +1.032660092e+02 +5.155600925e+01 +5.155600925e+01 +1.8311e+00 +2.6787e+00 -3.6907e+00 -3.7545e+00 +1.5214e+00
247 0 +8.486129976e+01 +3.315129976e+01 +3.315129976e+01 +2.0601e+00 +2.9894e+00 -3.7050e+00 -3.9692e+00 +1.5749e+00
288 0 +7.832715598e+01 +2.661715598e+01 +2.661715598e+01 +2.1206e+00 +2.2762e+00 -4.0316e+00 -4.0505e+00 +2.1123e+00
295 0 +7.741725986e+01 +2.570725986e+01 +2.570725986e+01 +2.0501e+00 +2.5403e+00 -3.8114e+00 -3.6436e+00 +2.0708e+00
325 0 +6.083757251e+01 +9.127572513e+00 +9.127572513e+00 +2.2156e+00 +2.8026e+00 -3.8257e+00 -3.5342e+00 +1.8336e+00
340 0 +5.035370915e+01 -1.356290846e+00 -1.356290846e+00 +2.2678e+00 +2.4497e+00 -3.7458e+00 -3.7788e+00 +1.9060e+00
380 0 +4.568747832e+01 -6.022521676e+00 -6.022521676e+00 +2.0447e+00 +1.9407e+00 -3.9013e+00 -3.7675e+00 +2.1078e+00
382 0 +4.035850097e+01 -1.135149903e+01 -1.135149903e+01 +2.0520e+00 +2.2589e+00 -3.8481e+00 -3.7303e+00 +1.9104e+00
420 0 +3.585741983e+01 -1.585258017e+01 -1.585258017e+01 +2.0512e+00 +2.1766e+00 -3.9190e+00 -3.6110e+00 +2.0301e+00
430 0 +2.930899913e+01 -2.240100087e+01 -2.240100087e+01 +2.2745e+00 +2.2586e+00 -3.8136e+00 -3.6566e+00 +1.7275e+00
436 0 +2.611797297e+01 -2.559202703e+01 -2.559202703e+01 +2.3237e+00 +2.2500e+00 -3.7818e+00 -3.6194e+00 +1.7781e+00
449 0 +1.771680431e+01 -3.399319569e+01 -3.399319569e+01 +2.3324e+00 +2.5108e+00 -3.7733e+00 -3.5740e+00 +1.7307e+00
497 0 +1.512628200e+01 -3.658371800e+01 -3.658371800e+01 +2.3324e+00 +2.4384e+00 -3.7920e+00 -3.6516e+00 +1.6997e+00
578 0 +1.437417055e+01 -3.733582945e+01 -3.733582945e+01 +2.2752e+00 +2.4036e+00 -3.7565e+00 -3.7070e+00 +1.6973e+00
602 0 +1.352535202e+01 -3.818464798e+01 -3.818464798e+01 +2.3317e+00 +2.4821e+00 -3.7568e+00 -3.6961e+00 +1.6962e+00
604 0 +1.349454393e+01 -3.821545607e+01 -3.821545607e+01 +2.3132e+00 +2.4739e+00 -3.7285e+00 -3.7275e+00 +1.6594e+00
633 0 +1.340318836e+01 -3.830681164e+01 -3.830681164e+01 +2.2768e+00 +2.5233e+00 -3.7370e+00 -3.6623e+00 +1.6420e+00
642 0 +1.120100678e+01 -4.050899322e+01 -4.050899322e+01 +2.3090e+00 +2.5186e+00 -3.7354e+00 -3.6579e+00 +1.6892e+00
666 0 +1.054510824e+01 -4.116489176e+01 -4.116489176e+01 +2.3134e+00 +2.4950e+00 -3.7238e+00 -3.7041e+00 +1.6356e+00
671 0 +8.769460974e+00 -4.294053903e+01 -4.294053903e+01 +2.2811e+00 +2.4533e+00 -3.7833e+00 -3.6705e+00 +1.7209e+00
692 0 +6.507706015e+00 -4.520229398e+01 -4.520229398e+01 +2.2857e+00 +2.4287e+00 -3.7829e+00 -3.6597e+00 +1.7365e+00
805 0 +6.194158175e+00 -4.551584182e+01 -4.551584182e+01 +2.3363e+00 +2.5126e+00 -3.7243e+00 -3.6468e+00 +1.6442e+00
815 0 +5.776539147e+00 -4.593346085e+01 -4.593346085e+01 +2.3153e+00 +2.5020e+00 -3.7414e+00 -3.6649e+00 +1.6635e+00
831 0 +5.717567470e+00 -4.599243253e+01 -4.599243253e+01 +2.3210e+00 +2.5187e+00 -3.7298e+00 -3.6501e+00 +1.6511e+00
834 0 +5.287290594e+00 -4.642270941e+01 -4.642270941e+01 +2.3190e+00 +2.5056e+00 -3.7360e+00 -3.6628e+00 +1.6545e+00
876 0 +5.261820957e+00 -4.644817904e+01 -4.644817904e+01 +2.3345e+00 +2.5361e+00 -3.7078e+00 -3.6557e+00 +1.6210e+00
880 0 +4.807959705e+00 -4.690204030e+01 -4.690204030e+01 +2.3286e+00 +2.5276e+00 -3.7175e+00 -3.6601e+00 +1.6325e+00
913 0 +4.788774473e+00 -4.692122553e+01 -4.692122553e+01 +2.3765e+00 +2.6078e+00 -3.6645e+00 -3.6475e+00 +1.5530e+00
941 0 +4.684548700e+00 -4.702545130e+01 -4.702545130e+01 +2.3618e+00 +2.5904e+00 -3.6781e+00 -3.6521e+00 +1.5658e+00
951 0 +4.507775033e+00 -4.720222497e+01 -4.720222497e+01 +2.4080e+00 +2.6757e+00 -3.6168e+00 -3.6523e+00 +1.4793e+00
954 0 +3.657546071e+00 -4.805245393e+01 -4.805245393e+01 +2.3876e+00 +2.6504e+00 -3.6400e+00 -3.6614e+00 +1.5107e+00
1050 0 +3.423805561e+00 -4.828619444e+01 -4.828619444e+01 +2.3712e+00 +2.6180e+00 -3.6657e+00 -3.6547e+00 +1.5476e+00
1080 0 +2.762242953e+00 -4.894775705e+01 -4.894775705e+01 +2.4385e+00 +2.7620e+00 -3.5769e+00 -3.6498e+00 +1.4037e+00
1113 0 +2.187543114e+00 -4.952245689e+01 -4.952245689e+01 +2.4838e+00 +2.8660e+00 -3.5124e+00 -3.6522e+00 +1.3035e+00
1144 0 +2.168381298e+00 -4.954161870e+01 -4.954161870e+01 +2.4508e+00 +2.7864e+00 -3.5624e+00 -3.6533e+00 +1.3796e+00
1223 0 +2.149716015e+00 -4.956028399e+01 -4.956028399e+01 +2.5741e+00 +3.0618e+00 -3.4063e+00 -3.6389e+00 +1.1236e+00
1234 0 +1.992179894e+00 -4.971782011e+01 -4.971782011e+01 +2.5417e+00 +2.9893e+00 -3.4533e+00 -3.6545e+00 +1.1857e+00
% f evaluations | g evaluations | best noise-free fitness - Fopt (-2.799500000000e+02) + sum g_i+ | measured fitness | best measured fitness or single-digit g-values | x1 | x2...
1 0 +1.963968683e+03 +1.684018683e+03 +1.684018683e+03 +5.9671e-01 -3.8264e-02 +7.4769e-01 +1.6230e+00 -1.3415e-01
3 0 +1.700153570e+03 +1.420203570e+03 +1.420203570e+03 -3.6342e-01 -3.6573e-01 +3.4196e-01 -1.8133e+00 -1.6249e+00
4 0 +1.537194153e+03 +1.257244153e+03 +1.257244153e+03 -4.6229e-01 -9.1283e-01 +4.1425e-01 -8.0802e-01 -1.3123e+00
29 0 +1.435360709e+03 +1.155410709e+03 +1.155410709e+03 -2.5707e+00 -4.9216e-01 -4.5563e-01 -7.5250e-01 +1.5744e-01
32 0 +1.298637259e+03 +1.018687259e+03 +1.018687259e+03 -1.0938e+00 -2.0123e+00 +1.6331e+00 -1.9431e+00 -1.4123e-02
33 0 +1.204551055e+03 +9.246010545e+02 +9.246010545e+02 -6.1499e-01 -2.1131e+00 +2.0079e+00 -1.1901e+00 -1.2182e+00
36 0 +9.396202859e+02 +6.596702859e+02 +6.596702859e+02 -2.2342e+00 -1.1209e+00 +3.1154e+00 -1.5233e+00 -3.7563e+00
42 0 +2.633505776e+02 -1.659942239e+01 -1.659942239e+01 -4.0910e+00 -3.0803e+00 +2.5989e+00 -9.2096e-01 -4.3026e+00
71 0 +2.398555865e+02 -4.009441349e+01 -4.009441349e+01 -4.3841e+00 -3.1850e+00 +3.3956e+00 -1.2967e+00 -1.9319e+00
110 0 +2.324949575e+02 -4.745504252e+01 -4.745504252e+01 -3.9499e+00 -3.8154e+00 +2.4026e+00 -2.1574e+00 -3.4813e+00
146 0 +2.250555554e+02 -5.489444457e+01 -5.489444457e+01 -2.9333e+00 -4.4901e+00 +3.6848e+00 -1.2036e+00 -2.8196e+00
158 0 +1.552959217e+02 -1.246540783e+02 -1.246540783e+02 -4.1000e+00 -3.9958e+00 +3.3160e+00 -8.8488e-01 -2.2306e+00
179 0 +1.098522341e+02 -1.700977659e+02 -1.700977659e+02 -3.6057e+00 -3.8624e+00 +3.5032e+00 -1.1649e+00 -4.4143e+00
249 0 +8.931173676e+01 -1.906382632e+02 -1.906382632e+02 -3.6853e+00 -4.0717e+00 +2.8553e+00 -1.3346e+00 -3.3810e+00
277 0 +8.391017673e+01 -1.960398233e+02 -1.960398233e+02 -3.8135e+00 -3.8075e+00 +3.2644e+00 -1.4984e+00 -4.1624e+00
282 0 +6.202788758e+01 -2.179221124e+02 -2.179221124e+02 -4.4380e+00 -3.1344e+00 +3.9136e+00 -1.4325e+00 -3.5591e+00
337 0 +5.724008930e+01 -2.227099107e+02 -2.227099107e+02 -4.0653e+00 -3.4775e+00 +3.6505e+00 -1.5826e+00 -4.0895e+00
358 0 +5.716852019e+01 -2.227814798e+02 -2.227814798e+02 -4.1903e+00 -3.4730e+00 +3.9156e+00 -1.6026e+00 -4.0351e+00
388 0 +4.672064282e+01 -2.332293572e+02 -2.332293572e+02 -3.9519e+00 -3.5484e+00 +3.5465e+00 -1.5124e+00 -3.8229e+00
461 0 +3.317212835e+01 -2.467778717e+02 -2.467778717e+02 -4.0635e+00 -3.5551e+00 +3.6415e+00 -1.1989e+00 -3.6117e+00
495 0 +2.598517867e+01 -2.539648213e+02 -2.539648213e+02 -3.9264e+00 -3.6223e+00 +3.4765e+00 -1.2125e+00 -3.5328e+00
521 0 +2.334923516e+01 -2.566007648e+02 -2.566007648e+02 -4.0463e+00 -3.4759e+00 +3.7256e+00 -1.3111e+00 -3.7302e+00
608 0 +1.487830543e+01 -2.650716946e+02 -2.650716946e+02 -3.9062e+00 -3.6583e+00 +3.5340e+00 -1.2256e+00 -3.5383e+00
631 0 +1.372186492e+01 -2.662281351e+02 -2.662281351e+02 -3.8703e+00 -3.6658e+00 +3.7025e+00 -1.2005e+00 -3.5323e+00
664 0 +1.179434905e+01 -2.681556510e+02 -2.681556510e+02 -4.0631e+00 -3.5193e+00 +3.7998e+00 -1.3079e+00 -3.6488e+00
682 0 +7.937212233e+00 -2.720127878e+02 -2.720127878e+02 -3.9358e+00 -3.6086e+00 +3.7348e+00 -1.2751e+00 -3.6249e+00
741 0 +6.239451446e+00 -2.737105486e+02 -2.737105486e+02 -3.9433e+00 -3.6216e+00 +3.6586e+00 -1.2665e+00 -3.6017e+00
785 0 +6.059187376e+00 -2.738908126e+02 -2.738908126e+02 -4.0264e+00 -3.5326e+00 +3.7884e+00 -1.3148e+00 -3.6108e+00
796 0 +4.740026262e+00 -2.752099737e+02 -2.752099737e+02 -3.8320e+00 -3.7340e+00 +3.5144e+00 -1.1636e+00 -3.5505e+00
803 0 +4.031986124e+00 -2.759180139e+02 -2.759180139e+02 -3.8704e+00 -3.7059e+00 +3.5828e+00 -1.1881e+00 -3.5563e+00
846 0 +1.426856725e+00 -2.785231433e+02 -2.785231433e+02 -3.8079e+00 -3.7603e+00 +3.5210e+00 -1.1331e+00 -3.5309e+00
991 0 +1.387849976e+00 -2.785621500e+02 -2.785621500e+02 -3.7750e+00 -3.7958e+00 +3.4788e+00 -1.1043e+00 -3.5150e+00
1030 0 +1.262503127e+00 -2.786874969e+02 -2.786874969e+02 -3.6217e+00 -3.9535e+00 +3.2835e+00 -9.8303e-01 -3.4559e+00
1033 0 +1.095479075e+00 -2.788545209e+02 -2.788545209e+02 -3.7361e+00 -3.8311e+00 +3.4242e+00 -1.0796e+00 -3.5038e+00
1041 0 +1.052500708e+00 -2.788974993e+02 -2.788974993e+02 -3.6714e+00 -3.9003e+00 +3.3457e+00 -1.0247e+00 -3.4657e+00
1042 0 +9.025351501e-01 -2.790474648e+02 -2.790474648e+02 -3.7078e+00 -3.8663e+00 +3.3932e+00 -1.0524e+00 -3.4832e+00
1043 0 +8.298759785e-01 -2.791201240e+02 -2.791201240e+02 -3.7785e+00 -3.7895e+00 +3.4799e+00 -1.1137e+00 -3.5213e+00
1092 0 +7.735311578e-01 -2.791764688e+02 -2.791764688e+02 -3.6607e+00 -3.9160e+00 +3.3242e+00 -1.0122e+00 -3.4635e+00
1104 0 +6.593925785e-01 -2.792906074e+02 -2.792906074e+02 -3.6569e+00 -3.9151e+00 +3.3272e+00 -1.0111e+00 -3.4654e+00
1114 0 +5.249705664e-01 -2.794250294e+02 -2.794250294e+02 -3.6737e+00 -3.9001e+00 +3.3505e+00 -1.0212e+00 -3.4681e+00
% f evaluations | g evaluations | best noise-free fitness - Fopt (9.319900000000e+02) + sum g_i+ | measured fitness | best measured fitness or single-digit g-values | x1 | x2...
1 0 +8.100504528e+02 +1.742040453e+03 +1.742040453e+03 +5.9671e-01 -3.8264e-02 +7.4769e-01 +1.6230e+00 -1.3415e-01
2 0 +5.567058285e+02 +1.488695828e+03 +1.488695828e+03 -1.3414e-01 +1.6792e+00 +8.6743e-01 -3.6947e-01 +6.4256e-01
32 0 +3.053126593e+02 +1.237302659e+03 +1.237302659e+03 -8.6041e-01 -2.9162e-01 +1.7761e+00 -2.0574e+00 +1.5342e+00
55 0 +2.807233232e+02 +1.212713323e+03 +1.212713323e+03 +1.8086e-02 +5.2818e-01 +1.7395e+00 -2.8567e-01 +1.4721e+00
110 0 +1.813984972e+02 +1.113388497e+03 +1.113388497e+03 +1.7008e-01 +5.0479e-01 +2.0749e+00 -1.2255e+00 +2.6733e+00
111 0 +1.657295705e+02 +1.097719571e+03 +1.097719571e+03 +4.9870e-01 +6.2424e-01 +1.2850e+00 -1.8410e+00 +2.5599e+00
204 0 +1.411392034e+02 +1.073129203e+03 +1.073129203e+03 +1.0006e+00 +5.2430e-01 +2.1920e+00 -6.9735e-01 +2.0115e+00
209 0 +7.923710071e+01 +1.011227101e+03 +1.011227101e+03 +1.1858e+00 +9.9106e-01 +2.5324e+00 -1.0773e+00 +2.6473e+00
262 0 +6.365937787e+01 +9.956493779e+02 +9.956493779e+02 +1.2796e+00 +8.9153e-01 +2.4091e+00 -1.0112e+00 +2.5728e+00
310 0 +5.820756593e+01 +9.901975659e+02 +9.901975659e+02 +9.6426e-01 +7.7291e-01 +2.4250e+00 -1.1897e+00 +2.5545e+00
316 0 +4.958630144e+01 +9.815763014e+02 +9.815763014e+02 +9.8803e-01 +1.9398e-01 +2.1676e+00 -1.5844e+00 +2.6689e+00
358 0 +4.819901784e+01 +9.801890178e+02 +9.801890178e+02 +1.0612e+00 +7.7987e-01 +2.4071e+00 -1.3773e+00 +2.5749e+00
383 0 +4.213899607e+01 +9.741289961e+02 +9.741289961e+02 +1.2806e+00 +6.1906e-01 +2.9428e+00 -7.1005e-01 +2.4244e+00
385 0 +2.970457823e+01 +9.616945782e+02 +9.616945782e+02 +1.3518e+00 +8.6907e-01 +2.6623e+00 -9.7450e-01 +2.4036e+00
386 0 +1.981666807e+01 +9.518066681e+02 +9.518066681e+02 +9.9496e-01 +3.0097e-01 +2.0270e+00 -1.5531e+00 +2.6973e+00
425 0 +1.748660149e+01 +9.494766015e+02 +9.494766015e+02 +1.1587e+00 +6.7630e-01 +2.5456e+00 -1.1542e+00 +2.5286e+00
443 0 +1.594604874e+01 +9.479360487e+02 +9.479360487e+02 +1.0879e+00 +5.1908e-01 +2.3086e+00 -1.2744e+00 +2.6371e+00
451 0 +1.026909946e+01 +9.422590995e+02 +9.422590995e+02 +1.0432e+00 +4.2269e-01 +2.2039e+00 -1.4042e+00 +2.6620e+00
462 0 +1.024395353e+01 +9.422339535e+02 +9.422339535e+02 +1.0933e+00 +4.6368e-01 +2.3081e+00 -1.3360e+00 +2.6262e+00
512 0 +8.951263462e+00 +9.409412635e+02 +9.409412635e+02 +1.0930e+00 +4.6924e-01 +2.2579e+00 -1.3870e+00 +2.6481e+00
537 0 +7.445233977e+00 +9.394352340e+02 +9.394352340e+02 +1.0910e+00 +4.4215e-01 +2.2606e+00 -1.3534e+00 +2.6637e+00
580 0 +5.516526362e+00 +9.375065264e+02 +9.375065264e+02 +1.0897e+00 +4.4773e-01 +2.2424e+00 -1.3777e+00 +2.6607e+00
599 0 +5.239126556e+00 +9.372291266e+02 +9.372291266e+02 +1.1112e+00 +4.5879e-01 +2.2644e+00 -1.3582e+00 +2.6639e+00
640 0 +5.060209136e+00 +9.370502091e+02 +9.370502091e+02 +1.1124e+00 +4.6810e-01 +2.2761e+00 -1.3503e+00 +2.6546e+00
651 0 +5.032080790e+00 +9.370220808e+02 +9.370220808e+02 +1.1482e+00 +5.3437e-01 +2.3697e+00 -1.2474e+00 +2.6130e+00
658 0 +4.874470903e+00 +9.368644709e+02 +9.368644709e+02 +1.1391e+00 +5.1396e-01 +2.3384e+00 -1.2832e+00 +2.6275e+00
661 0 +4.139607004e+00 +9.361296070e+02 +9.361296070e+02 +1.1340e+00 +5.1227e-01 +2.3467e+00 -1.2731e+00 +2.6105e+00
665 0 +3.732452283e+00 +9.357224523e+02 +9.357224523e+02 +1.1322e+00 +5.0575e-01 +2.3312e+00 -1.2877e+00 +2.6241e+00
826 0 +3.728266337e+00 +9.357182663e+02 +9.357182663e+02 +1.1793e+00 +5.7751e-01 +2.4369e+00 -1.1804e+00 +2.5767e+00
827 0 +3.560907922e+00 +9.355509079e+02 +9.355509079e+02 +1.1651e+00 +5.5783e-01 +2.4075e+00 -1.2034e+00 +2.5841e+00
835 0 +2.950237470e+00 +9.349402375e+02 +9.349402375e+02 +1.1587e+00 +5.4609e-01 +2.4027e+00 -1.2132e+00 +2.5908e+00
879 0 +2.887685532e+00 +9.348776855e+02 +9.348776855e+02 +1.1438e+00 +5.2521e-01 +2.3681e+00 -1.2454e+00 +2.6026e+00
1020 0 +2.737270109e+00 +9.347272701e+02 +9.347272701e+02 +1.1715e+00 +5.7969e-01 +2.4553e+00 -1.1514e+00 +2.5563e+00
1046 0 +2.670606365e+00 +9.346606064e+02 +9.346606064e+02 +1.1917e+00 +6.1481e-01 +2.5090e+00 -1.0917e+00 +2.5309e+00
1056 0 +2.374327653e+00 +9.343643277e+02 +9.343643277e+02 +1.1796e+00 +5.9007e-01 +2.4666e+00 -1.1403e+00 +2.5546e+00
1106 0 +2.283826702e+00 +9.342738267e+02 +9.342738267e+02 +1.1990e+00 +6.1711e-01 +2.5103e+00 -1.0977e+00 +2.5377e+00
1155 0 +1.934506714e+00 +9.339245067e+02 +9.339245067e+02 +1.2209e+00 +6.6647e-01 +2.5849e+00 -1.0175e+00 +2.4947e+00
1166 0 +1.620524587e+00 +9.336105246e+02 +9.336105246e+02 +1.2522e+00 +7.3541e-01 +2.6882e+00 -9.1423e-01 +2.4440e+00
1173 0 +1.381541750e+00 +9.333715417e+02 +9.333715417e+02 +1.2341e+00 +6.8463e-01 +2.6167e+00 -9.9029e-01 +2.4827e+00
1175 0 +9.327579241e-01 +9.329227579e+02 +9.329227579e+02 +1.2544e+00 +7.3091e-01 +2.6878e+00 -9.1585e-01 +2.4473e+00
% f evaluations | g evaluations | best noise-free fitness - Fopt (1.133100000000e+02) + sum g_i+ | measured fitness | best measured fitness or single-digit g-values | x1 | x2...
1 0 +7.273805430e+02 +8.406905430e+02 +8.406905430e+02 +5.9671e-01 -3.8264e-02 +7.4769e-01 +1.6230e+00 -1.3415e-01
2 0 +4.123497099e+02 +5.256597099e+02 +5.256597099e+02 -1.3414e-01 +1.6792e+00 +8.6743e-01 -3.6947e-01 +6.4256e-01
22 0 +3.401513844e+02 +4.534613844e+02 +4.534613844e+02 +5.0405e-01 +1.9862e+00 +2.7458e-01 +3.5755e-01 +2.5554e-02
50 0 +3.396717428e+02 +4.529817428e+02 +4.529817428e+02 +7.1870e-01 +2.3100e+00 -7.8898e-01 -3.7455e-01 +1.5501e+00
54 0 +2.835341278e+02 +3.968441278e+02 +3.968441278e+02 +1.2728e+00 +1.0872e+00 +5.6650e-02 -2.1447e-01 +2.9186e-01
68 0 +2.516047318e+02 +3.649147318e+02 +3.649147318e+02 +1.7857e+00 +1.7302e+00 -5.7651e-01 +1.7232e+00 +7.5435e-01
80 0 +2.171679076e+02 +3.304779076e+02 +3.304779076e+02 +2.0290e+00 +2.3445e+00 +3.8133e-01 -8.2456e-01 +2.7967e-01
112 0 +2.005572701e+02 +3.138672701e+02 +3.138672701e+02 +9.3933e-01 +2.8638e+00 +6.0683e-01 -2.4112e-01 +1.1271e+00
121 0 +1.572189541e+02 +2.705289541e+02 +2.705289541e+02 +2.3408e+00 +2.3186e+00 -2.4662e-01 +1.2739e+00 +1.8825e-01
127 0 +1.243840978e+02 +2.376940978e+02 +2.376940978e+02 +2.0691e+00 +3.8953e+00 +1.0941e+00 +9.8494e-01 +9.5429e-01
132 0 +9.067773945e+01 +2.039877395e+02 +2.039877395e+02 +1.5412e+00 +4.2979e+00 +1.6395e+00 -1.4030e-01 +5.7677e-01
212 0 +8.484629058e+01 +1.981562906e+02 +1.981562906e+02 +2.2391e+00 +2.7628e+00 +2.5639e-01 +2.9968e-01 +4.2544e-01
267 0 +5.755105210e+01 +1.708610521e+02 +1.708610521e+02 +2.3135e+00 +1.8752e+00 -5.2652e-01 +5.5719e-01 +8.4073e-01
289 0 +4.184353678e+01 +1.551535368e+02 +1.551535368e+02 +2.2086e+00 +2.7656e+00 +3.7012e-01 +5.6394e-01 +6.2337e-01
311 0 +1.700254599e+01 +1.303125460e+02 +1.303125460e+02 +1.9945e+00 +3.7294e+00 +1.1742e+00 +4.7038e-01 +4.3121e-01
471 0 +1.316296029e+01 +1.264729603e+02 +1.264729603e+02 +2.2235e+00 +3.0985e+00 +4.7212e-01 +5.8355e-01 +7.4662e-01
472 0 +1.228131797e+01 +1.255913180e+02 +1.255913180e+02 +2.0816e+00 +3.2315e+00 +6.0071e-01 +5.1979e-01 +7.0106e-01
490 0 +1.025806286e+01 +1.235680629e+02 +1.235680629e+02 +2.0761e+00 +3.4359e+00 +7.8823e-01 +4.7408e-01 +6.3244e-01
519 0 +8.387992603e+00 +1.216979926e+02 +1.216979926e+02 +1.9893e+00 +3.6329e+00 +1.0306e+00 +4.0005e-01 +5.4137e-01
610 0 +7.858307210e+00 +1.211683072e+02 +1.211683072e+02 +1.9918e+00 +3.4949e+00 +9.4581e-01 +4.1351e-01 +5.7425e-01
614 0 +6.905356560e+00 +1.202153566e+02 +1.202153566e+02 +2.0652e+00 +3.2973e+00 +7.1150e-01 +4.6981e-01 +6.1599e-01
663 0 +3.183265383e+00 +1.164932654e+02 +1.164932654e+02 +2.1272e+00 +3.2068e+00 +5.9796e-01 +5.2609e-01 +6.6764e-01
748 0 +2.558584893e+00 +1.158685849e+02 +1.158685849e+02 +2.1639e+00 +3.1159e+00 +5.1184e-01 +5.1725e-01 +7.0319e-01
754 0 +2.205214234e+00 +1.155152142e+02 +1.155152142e+02 +2.2128e+00 +2.9285e+00 +3.1371e-01 +5.6062e-01 +7.5330e-01
786 0 +1.459792105e+00 +1.147697921e+02 +1.147697921e+02 +2.0798e+00 +3.3538e+00 +7.6513e-01 +4.6747e-01 +6.2675e-01
889 0 +1.359189975e+00 +1.146691900e+02 +1.146691900e+02 +2.1416e+00 +3.1651e+00 +5.5954e-01 +5.1591e-01 +6.8830e-01
962 0 +1.192877356e+00 +1.145028774e+02 +1.145028774e+02 +2.1460e+00 +3.1386e+00 +5.3661e-01 +5.1460e-01 +6.9761e-01
978 0 +7.529470409e-01 +1.140629470e+02 +1.140629470e+02 +2.1734e+00 +3.0364e+00 +4.3304e-01 +5.3183e-01 +7.2661e-01
1051 0 +4.708858048e-01 +1.137808858e+02 +1.137808858e+02 +2.1542e+00 +3.0927e+00 +4.9295e-01 +5.2106e-01 +7.0389e-01
1081 0 +2.878183181e-01 +1.135978183e+02 +1.135978183e+02 +2.1556e+00 +3.0914e+00 +4.9117e-01 +5.2126e-01 +7.0518e-01
1160 0 +2.849896766e-01 +1.135949897e+02 +1.135949897e+02 +2.1658e+00 +3.0648e+00 +4.6281e-01 +5.2807e-01 +7.1459e-01
1223 0 +1.439288172e-01 +1.134539288e+02 +1.134539288e+02 +2.1594e+00 +3.0812e+00 +4.8045e-01 +5.2320e-01 +7.0893e-01
% f evaluations | g evaluations | best noise-free fitness - Fopt (2.849000000000e+01) + sum g_i+ | measured fitness | best measured fitness or single-digit g-values | x1 | x2...
1 0 +1.335442911e+03 +1.363932911e+03 +1.363932911e+03 +5.9671e-01 -3.8264e-02 +7.4769e-01 +1.6230e+00 -1.3415e-01
2 0 +9.069835536e+02 +9.354735536e+02 +9.354735536e+02 -1.3414e-01 +1.6792e+00 +8.6743e-01 -3.6947e-01 +6.4256e-01
3 0 +4.708342661e+02 +4.993242661e+02 +4.993242661e+02 -3.6342e-01 -3.6573e-01 +3.4196e-01 -1.8133e+00 -1.6249e+00
33 0 +4.416716510e+02 +4.701616510e+02 +4.701616510e+02 -2.3154e+00 -3.9205e-01 +1.2383e+00 -9.6541e-01 -2.0251e+00
47 0 +3.182829881e+02 +3.467729881e+02 +3.467729881e+02 -2.3360e+00 -1.0082e+00 -2.0105e-02 -2.6939e+00 -2.8965e+00
54 0 +3.103675813e+02 +3.388575813e+02 +3.388575813e+02 -1.9228e+00 +7.8408e-01 +2.6713e+00 -4.1064e+00 +4.6936e-01
97 0 +2.944252638e+02 +3.229152638e+02 +3.229152638e+02 -2.0789e-01 -6.2870e-01 -1.0927e-01 -3.6794e+00 -5.0923e-01
107 0 +2.915953167e+02 +3.200853167e+02 +3.200853167e+02 -1.8475e+00 -1.6004e+00 +1.5691e+00 -3.7145e+00 -2.7672e+00
135 0 +2.285768251e+02 +2.570668251e+02 +2.570668251e+02 -2.2369e+00 -2.7396e-01 +1.1667e+00 -3.6629e+00 -1.1898e+00
141 0 +2.196435128e+02 +2.481335128e+02 +2.481335128e+02 -6.3296e-01 -2.7452e+00 -1.4294e-01 -3.1672e+00 -1.6550e+00
150 0 +2.167735889e+02 +2.452635889e+02 +2.452635889e+02 -2.6961e+00 +3.7032e-01 +1.5356e+00 -2.6308e+00 -2.4343e+00
166 0 +2.106843805e+02 +2.391743805e+02 +2.391743805e+02 -1.2926e+00 -1.3027e+00 +1.4104e+00 -3.4639e+00 -1.3549e+00
173 0 +1.331128840e+02 +1.616028840e+02 +1.616028840e+02 -5.7093e-01 -2.3388e+00 -3.1299e-01 -3.2444e+00 -2.9030e+00
214 0 +1.062272213e+02 +1.347172213e+02 +1.347172213e+02 -9.8155e-01 -1.0397e+00 +1.0329e+00 -3.9055e+00 -2.2796e+00
242 0 +9.632565043e+01 +1.248156504e+02 +1.248156504e+02 -1.3509e+00 -1.3454e+00 +4.1182e-01 -3.6421e+00 -2.3727e+00
257 0 +8.819770367e+01 +1.166877037e+02 +1.166877037e+02 -4.5109e-01 -2.9531e+00 -4.1735e-01 -3.8731e+00 -3.1622e+00
333 0 +8.631601302e+01 +1.148060130e+02 +1.148060130e+02 +2.5604e-01 -2.7915e+00 -6.6506e-01 -4.3196e+00 -2.9655e+00
360 0 +8.457173024e+01 +1.130617302e+02 +1.130617302e+02 -1.0961e-01 -2.9488e+00 -5.1297e-01 -3.9009e+00 -2.4051e+00
361 0 +8.276239738e+01 +1.112523974e+02 +1.112523974e+02 -2.5317e-01 -2.4815e+00 -3.6893e-01 -4.5269e+00 -2.7560e+00
384 0 +6.528651616e+01 +9.377651616e+01 +9.377651616e+01 -1.0909e-02 -2.4948e+00 -1.5361e-01 -4.3931e+00 -2.5935e+00
398 0 +4.827105938e+01 +7.676105938e+01 +7.676105938e+01 -5.4765e-01 -1.9275e+00 +4.9146e-02 -4.0060e+00 -1.9967e+00
415 0 +4.109956029e+01 +6.958956029e+01 +6.958956029e+01 -3.1367e-01 -2.2886e+00 -2.7557e-01 -4.1838e+00 -2.7450e+00
454 0 +3.704501149e+01 +6.553501149e+01 +6.553501149e+01 -4.2199e-01 -2.2494e+00 -8.2318e-02 -3.9555e+00 -2.2678e+00
455 0 +3.634034416e+01 +6.483034416e+01 +6.483034416e+01 -4.2191e-01 -2.2100e+00 -1.6951e-01 -3.8745e+00 -2.4283e+00
457 0 +9.774815228e+00 +3.826481523e+01 +3.826481523e+01 -3.9806e-01 -2.2920e+00 -1.3842e-01 -4.0375e+00 -2.4934e+00
539 0 +9.084339051e+00 +3.757433905e+01 +3.757433905e+01 -3.6679e-01 -2.3025e+00 -1.7565e-01 -4.0852e+00 -2.5061e+00
561 0 +7.659794472e+00 +3.614979447e+01 +3.614979447e+01 -2.9871e-01 -2.4676e+00 -2.3874e-01 -4.1052e+00 -2.5883e+00
597 0 +6.525631399e+00 +3.501563140e+01 +3.501563140e+01 -4.3420e-01 -2.2327e+00 -7.0406e-02 -4.0520e+00 -2.5009e+00
665 0 +2.811928212e+00 +3.130192821e+01 +3.130192821e+01 -5.4660e-01 -1.9795e+00 +5.5050e-02 -3.9845e+00 -2.4114e+00
708 0 +2.039828996e+00 +3.052982900e+01 +3.052982900e+01 -4.8130e-01 -2.1222e+00 -3.2302e-02 -4.0216e+00 -2.4770e+00
777 0 +1.727492948e+00 +3.021749295e+01 +3.021749295e+01 -5.6943e-01 -1.9507e+00 +7.5079e-02 -3.9857e+00 -2.3928e+00
798 0 +1.510699862e+00 +3.000069986e+01 +3.000069986e+01 -4.8144e-01 -2.1155e+00 -3.1889e-02 -4.0279e+00 -2.4584e+00
924 0 +1.358699121e+00 +2.984869912e+01 +2.984869912e+01 -7.0739e-01 -1.7117e+00 +2.2062e-01 -3.9007e+00 -2.2896e+00
988 0 +7.542278007e-01 +2.924422780e+01 +2.924422780e+01 -6.9063e-01 -1.7456e+00 +2.0133e-01 -3.9072e+00 -2.3096e+00
999 0 +7.524079102e-01 +2.924240791e+01 +2.924240791e+01 -7.0946e-01 -1.7082e+00 +2.2636e-01 -3.8943e+00 -2.2957e+00
1091 0 +7.319643429e-01 +2.922196434e+01 +2.922196434e+01 -6.3166e-01 -1.8486e+00 +1.3940e-01 -3.9452e+00 -2.3550e+00
1094 0 +5.317011921e-01 +2.902170119e+01 +2.902170119e+01 -6.3939e-01 -1.8305e+00 +1.4788e-01 -3.9374e+00 -2.3472e+00
1137 0 +3.713427995e-01 +2.886134280e+01 +2.886134280e+01 -6.6333e-01 -1.7919e+00 +1.7300e-01 -3.9225e+00 -2.3293e+00
1149 0 +3.336078548e-01 +2.882360785e+01 +2.882360785e+01 -6.2553e-01 -1.8577e+00 +1.3223e-01 -3.9458e+00 -2.3536e+00
1187 0 +2.817702055e-01 +2.877177021e+01 +2.877177021e+01 -5.3459e-01 -2.0234e+00 +3.0739e-02 -3.9971e+00 -2.4236e+00
1210 0 +1.723262822e-01 +2.866232628e+01 +2.866232628e+01 -6.2548e-01 -1.8592e+00 +1.3278e-01 -3.9450e+00 -2.3566e+00
1212 0 +1.655343093e-01 +2.865553431e+01 +2.865553431e+01 -6.9752e-01 -1.7275e+00 +2.1371e-01 -3.9045e+00 -2.3014e+00
% f evaluations | g evaluations | best noise-free fitness - Fopt (-7.405800000000e+02) + sum g_i+ | measured fitness | best measured fitness or single-digit g-values | x1 | x2...
1 0 +5.005784116e+02 -2.400015884e+02 -2.400015884e+02 +5.9671e-01 -3.8264e-02 +7.4769e-01 +1.6230e+00 -1.3415e-01
2 0 +4.804966425e+02 -2.600833575e+02 -2.600833575e+02 -1.3414e-01 +1.6792e+00 +8.6743e-01 -3.6947e-01 +6.4256e-01
7 0 +4.307350884e+02 -3.098449116e+02 -3.098449116e+02 -5.0171e-01 +1.9523e+00 +8.6503e-02 -9.5771e-01 +9.2254e-01
8 0 +2.665779677e+02 -4.740020323e+02 -4.740020323e+02 -1.1208e+00 +3.0886e-01 -1.8597e+00 -1.2282e+00 +2.9686e-01
38 0 +2.358899958e+02 -5.046900042e+02 -5.046900042e+02 -1.6258e+00 +6.5956e-01 -2.7254e+00 -1.3459e+00 +1.2277e+00
44 0 +1.855431639e+02 -5.550368361e+02 -5.550368361e+02 -8.0546e-01 +5.7158e-01 -1.2026e+00 +2.8035e-01 -2.4686e-01
103 0 +1.476914133e+02 -5.928885867e+02 -5.928885867e+02 -2.0698e+00 +1.0764e+00 -2.8938e+00 -2.5403e-01 -5.3432e-02
106 0 +1.376667176e+02 -6.029132824e+02 -6.029132824e+02 -8.0081e-01 +1.9411e+00 -2.6183e+00 -7.0744e-01 +1.5771e+00
124 0 +8.683669567e+01 -6.537433043e+02 -6.537433043e+02 -1.6919e+00 +1.7826e-01 -2.7764e+00 +3.5405e-02 -1.1791e+00
147 0 +7.899291697e+01 -6.615870830e+02 -6.615870830e+02 -1.2450e+00 +5.5293e-01 -2.7538e+00 -2.2676e-02 -6.0346e-01
231 0 +6.494151019e+01 -6.756384898e+02 -6.756384898e+02 -1.3697e+00 -1.0098e-01 -2.3871e+00 +4.6853e-01 -1.2180e+00
269 0 +4.600741342e+01 -6.945725866e+02 -6.945725866e+02 -1.5660e+00 +4.3865e-01 -2.4541e+00 -2.7927e-02 -4.0457e-01
313 0 +4.039533771e+01 -7.001846623e+02 -7.001846623e+02 -1.6656e+00 -2.2342e-01 -2.7875e+00 +2.0597e-01 -1.1785e+00
314 0 +3.746535748e+01 -7.031146425e+02 -7.031146425e+02 -2.0690e+00 -2.5436e-01 -2.7445e+00 +5.6717e-01 -1.5340e+00
361 0 +2.513480643e+01 -7.154451936e+02 -7.154451936e+02 -1.5807e+00 +3.2828e-01 -2.6442e+00 -5.0705e-03 -6.5456e-01
385 0 +2.487464636e+01 -7.157053536e+02 -7.157053536e+02 -1.9175e+00 -1.1464e-02 -2.8355e+00 +1.5267e-01 -1.0980e+00
388 0 +1.984916254e+01 -7.207308375e+02 -7.207308375e+02 -1.6744e+00 -1.8751e-02 -2.7884e+00 +1.2934e-01 -8.9328e-01
407 0 +1.834202529e+01 -7.222379747e+02 -7.222379747e+02 -1.8231e+00 -8.3949e-02 -2.8147e+00 +1.5237e-01 -1.0831e+00
421 0 +1.510270562e+01 -7.254772944e+02 -7.254772944e+02 -1.8174e+00 +2.1462e-02 -2.7588e+00 +1.7422e-01 -9.4822e-01
427 0 +1.151646193e+01 -7.290635381e+02 -7.290635381e+02 -1.7027e+00 -7.7570e-02 -2.6573e+00 +2.6881e-01 -1.0856e+00
441 0 +1.019749624e+01 -7.303825038e+02 -7.303825038e+02 -1.7325e+00 -4.8337e-02 -2.6636e+00 +1.9023e-01 -1.0379e+00
479 0 +9.468129096e+00 -7.311118709e+02 -7.311118709e+02 -1.7498e+00 -4.2377e-02 -2.6460e+00 +2.3883e-01 -1.0373e+00
492 0 +2.804457424e+00 -7.377755426e+02 -7.377755426e+02 -1.8086e+00 -9.6306e-02 -2.7090e+00 +2.6500e-01 -1.1556e+00
628 0 +2.519611115e+00 -7.380603889e+02 -7.380603889e+02 -1.7711e+00 -5.8810e-02 -2.7218e+00 +2.3835e-01 -1.0811e+00
647 0 +2.032471527e+00 -7.385475285e+02 -7.385475285e+02 -1.7359e+00 -1.5679e-02 -2.6941e+00 +2.0141e-01 -1.0075e+00
648 0 +1.596004263e+00 -7.389839957e+02 -7.389839957e+02 -1.8152e+00 -1.1839e-01 -2.7117e+00 +2.8186e-01 -1.1742e+00
676 0 +7.629830276e-01 -7.398170170e+02 -7.398170170e+02 -1.7314e+00 +3.5587e-03 -2.7109e+00 +1.8754e-01 -9.8104e-01
752 0 +4.719276283e-01 -7.401080724e+02 -7.401080724e+02 -1.7327e+00 +5.8085e-03 -2.7106e+00 +1.8435e-01 -9.7990e-01
793 0 +4.661497102e-01 -7.401138503e+02 -7.401138503e+02 -1.7492e+00 -2.1108e-02 -2.7063e+00 +2.0760e-01 -1.0223e+00
808 0 +4.250263619e-01 -7.401549736e+02 -7.401549736e+02 -1.7567e+00 -3.1575e-02 -2.7108e+00 +2.1427e-01 -1.0386e+00
879 0 +4.211750402e-01 -7.401588250e+02 -7.401588250e+02 -1.7811e+00 -6.3103e-02 -2.7110e+00 +2.3502e-01 -1.0846e+00
886 0 +3.116509850e-01 -7.402683490e+02 -7.402683490e+02 -1.7810e+00 -6.1932e-02 -2.7108e+00 +2.3537e-01 -1.0844e+00
940 0 +2.753709460e-01 -7.403046291e+02 -7.403046291e+02 -1.7499e+00 -1.9452e-02 -2.7081e+00 +2.0415e-01 -1.0185e+00
943 0 +2.617336623e-01 -7.403182663e+02 -7.403182663e+02 -1.7605e+00 -3.1986e-02 -2.7098e+00 +2.1415e-01 -1.0410e+00
946 0 +1.558001895e-01 -7.404241998e+02 -7.404241998e+02 -1.7661e+00 -4.1155e-02 -2.7113e+00 +2.2007e-01 -1.0524e+00
999 0 +7.835007028e-02 -7.405016499e+02 -7.405016499e+02 -1.7551e+00 -2.6013e-02 -2.7096e+00 +2.0898e-01 -1.0297e+00
1078 0 +6.457749690e-02 -7.405154225e+02 -7.405154225e+02 -1.7673e+00 -4.2189e-02 -2.7115e+00 +2.2106e-01 -1.0549e+00
1142 0 +5.120718655e-02 -7.405287928e+02 -7.405287928e+02 -1.7613e+00 -3.4597e-02 -2.7106e+00 +2.1546e-01 -1.0429e+00
1243 0 +4.283561312e-02 -7.405371644e+02 -7.405371644e+02 -1.7808e+00 -5.9869e-02 -2.7128e+00 +2.3369e-01 -1.0823e+00
% f evaluations | g evaluations | best noise-free fitness - Fopt (-5.177000000000e+01) + sum g_i+ | measured fitness | best measured fitness or single-digit g-values | x1 | x2...
1 0 +1.215753571e+03 +1.163983571e+03 +1.163983571e+03 +5.9671e-01 -3.8264e-02 +7.4769e-01 +1.6230e+00 -1.3415e-01
2 0 +7.485873643e+02 +6.968173643e+02 +6.968173643e+02 -1.3414e-01 +1.6792e+00 +8.6743e-01 -3.6947e-01 +6.4256e-01
7 0 +6.443022971e+02 +5.925322971e+02 +5.925322971e+02 -5.0171e-01 +1.9523e+00 +8.6503e-02 -9.5771e-01 +9.2254e-01
33 0 +6.083900115e+02 +5.566200115e+02 +5.566200115e+02 -2.7643e+00 +1.8812e+00 +3.8023e-01 -6.1570e-01 +1.1640e+00
46 0 +5.577207378e+02 +5.059507378e+02 +5.059507378e+02 -2.0305e+00 +3.7050e+00 +2.6389e-02 -1.7020e+00 +1.6775e+00
57 0 +5.266073451e+02 +4.748373451e+02 +4.748373451e+02 -1.5955e-01 +3.6291e+00 -2.2328e-01 -1.6508e+00 +1.4875e+00
59 0 +4.855098883e+02 +4.337398883e+02 +4.337398883e+02 -4.0828e-01 +1.7113e+00 +8.6149e-01 -2.0475e+00 +2.2091e+00
65 0 +4.585190925e+02 +4.067490925e+02 +4.067490925e+02 -2.5824e+00 +3.2354e+00 -6.0824e-01 -3.5034e+00 +1.4271e+00
91 0 +3.860679107e+02 +3.342979107e+02 +3.342979107e+02 -1.1379e+00 +4.5410e+00 +5.9255e-01 -4.9592e+00 +4.2970e+00
114 0 +3.041420841e+02 +2.523720841e+02 +2.523720841e+02 -1.4753e+00 +1.2931e+00 +1.1678e+00 -3.1765e+00 +3.1710e+00
118 0 +1.238849151e+02 +7.211491508e+01 +7.211491508e+01 -5.1272e-01 +2.8435e+00 +2.5829e+00 -3.8204e+00 +3.7009e+00
213 0 +1.087744089e+02 +5.700440887e+01 +5.700440887e+01 -2.2366e+00 +1.3435e+00 +1.9978e+00 -3.6911e+00 +3.4324e+00
265 0 +6.440863210e+01 +1.263863210e+01 +1.263863210e+01 -2.9529e+00 +1.3407e+00 +1.9538e+00 -3.4080e+00 +3.7763e+00
354 0 +4.434055177e+01 -7.429448230e+00 -7.429448230e+00 -2.6276e+00 +1.3914e+00 +2.1838e+00 -3.4997e+00 +3.8740e+00
358 0 +4.271885636e+01 -9.051143640e+00 -9.051143640e+00 -2.6306e+00 +1.5965e+00 +1.9735e+00 -3.6678e+00 +3.9356e+00
381 0 +4.038295070e+01 -1.138704930e+01 -1.138704930e+01 -3.4824e+00 +8.9996e-01 +2.1810e+00 -3.6004e+00 +3.7447e+00
452 0 +3.961771668e+01 -1.215228332e+01 -1.215228332e+01 -3.4243e+00 +9.0239e-01 +2.0264e+00 -3.6009e+00 +3.7220e+00
462 0 +3.590216456e+01 -1.586783544e+01 -1.586783544e+01 -2.5590e+00 +1.6028e+00 +2.1174e+00 -3.5959e+00 +3.8770e+00
463 0 +2.375037937e+01 -2.801962063e+01 -2.801962063e+01 -2.2813e+00 +1.7692e+00 +2.0572e+00 -3.6837e+00 +3.7932e+00
481 0 +1.658498723e+01 -3.518501277e+01 -3.518501277e+01 -1.8889e+00 +2.0361e+00 +2.2286e+00 -3.7857e+00 +3.8299e+00
521 0 +1.063240570e+01 -4.113759430e+01 -4.113759430e+01 -2.7742e+00 +1.3358e+00 +2.1992e+00 -3.6607e+00 +3.7660e+00
588 0 +8.563072757e+00 -4.320692724e+01 -4.320692724e+01 -2.4567e+00 +1.6383e+00 +2.1915e+00 -3.7414e+00 +3.8156e+00
678 0 +7.991709530e+00 -4.377829047e+01 -4.377829047e+01 -2.2233e+00 +1.7968e+00 +2.1798e+00 -3.7953e+00 +3.8876e+00
703 0 +6.211517006e+00 -4.555848299e+01 -4.555848299e+01 -2.4547e+00 +1.6168e+00 +2.2317e+00 -3.7571e+00 +3.8493e+00
739 0 +4.798350634e+00 -4.697164937e+01 -4.697164937e+01 -2.3312e+00 +1.7105e+00 +2.2249e+00 -3.7687e+00 +3.8270e+00
770 0 +2.674540773e+00 -4.909545923e+01 -4.909545923e+01 -2.1728e+00 +1.8391e+00 +2.2160e+00 -3.8207e+00 +3.8595e+00
849 0 +1.952700351e+00 -4.981729965e+01 -4.981729965e+01 -2.5164e+00 +1.5539e+00 +2.2006e+00 -3.7490e+00 +3.8202e+00
950 0 +1.094405784e+00 -5.067559422e+01 -5.067559422e+01 -2.4169e+00 +1.6395e+00 +2.2083e+00 -3.7737e+00 +3.8277e+00
1171 0 +1.015096314e+00 -5.075490369e+01 -5.075490369e+01 -2.4310e+00 +1.6259e+00 +2.2120e+00 -3.7700e+00 +3.8296e+00
1196 0 +7.092694325e-01 -5.106073057e+01 -5.106073057e+01 -2.3278e+00 +1.7093e+00 +2.2124e+00 -3.7858e+00 +3.8359e+00
1200 0 +4.338484821e-01 -5.133615152e+01 -5.133615152e+01 -2.2212e+00 +1.7979e+00 +2.2069e+00 -3.8039e+00 +3.8413e+00
% f evaluations | g evaluations | best noise-free fitness - Fopt (-2.229800000000e+02) + sum g_i+ | measured fitness | best measured fitness or single-digit g-values | x1 | x2...
1 0 +1.618134889e+03 +1.395154889e+03 +1.395154889e+03 +5.9671e-01 -3.8264e-02 +7.4769e-01 +1.6230e+00 -1.3415e-01
9 0 +1.500900101e+03 +1.277920101e+03 +1.277920101e+03 +8.3847e-01 +2.7137e-01 -1.5648e-02 -2.0110e-01 -1.3785e+00
15 0 +1.128744425e+03 +9.057644253e+02 +9.057644253e+02 +4.6140e-01 +1.6380e+00 +6.4174e-02 +1.6646e+00 -2.5197e+00
30 0 +1.051729592e+03 +8.287495915e+02 +8.287495915e+02 +7.7633e-01 +6.9528e-01 -2.0366e+00 +1.9369e+00 -1.2946e+00
44 0 +8.608433239e+02 +6.378633239e+02 +6.378633239e+02 +2.5471e+00 +3.7936e-01 -9.5842e-01 +1.0444e+00 -2.0441e+00
56 0 +4.031758039e+02 +1.801958039e+02 +1.801958039e+02 +3.3906e+00 +6.7359e-01 -1.1190e+00 +2.9323e+00 -3.0760e+00
59 0 +2.709341152e+02 +4.795411521e+01 +4.795411521e+01 +3.3368e+00 +1.6377e+00 -2.0583e+00 +3.5963e+00 -4.2908e+00
91 0 +2.538104952e+02 +3.083049521e+01 +3.083049521e+01 +3.6639e+00 +1.1766e+00 -1.9118e+00 +2.9994e+00 -3.1816e+00
94 0 +1.532795499e+02 -6.970045012e+01 -6.970045012e+01 +4.0913e+00 +6.8144e-01 -3.3651e+00 +2.7250e+00 -2.9837e+00
138 0 +1.273033649e+02 -9.567663515e+01 -9.567663515e+01 +3.4722e+00 -1.1950e+00 -3.1959e+00 +1.3110e+00 -3.9341e+00
158 0 +1.056879916e+02 -1.172920084e+02 -1.172920084e+02 +2.8769e+00 +2.0113e+00 -2.4060e+00 +2.7489e+00 -4.0521e+00
235 0 +7.662016930e+01 -1.463598307e+02 -1.463598307e+02 +2.9069e+00 +6.5150e-01 -2.8517e+00 +2.3723e+00 -3.8618e+00
263 0 +6.506147171e+01 -1.579185283e+02 -1.579185283e+02 +2.8262e+00 +1.8724e+00 -2.8731e+00 +3.1001e+00 -3.8617e+00
274 0 +5.107320172e+01 -1.719067983e+02 -1.719067983e+02 +3.1289e+00 +1.0771e+00 -2.7978e+00 +2.6975e+00 -3.9645e+00
339 0 +3.757732708e+01 -1.854026729e+02 -1.854026729e+02 +3.5652e+00 +2.3912e-01 -3.3658e+00 +2.0748e+00 -3.6984e+00
350 0 +3.014363938e+01 -1.928363606e+02 -1.928363606e+02 +3.3573e+00 +3.7103e-01 -3.1981e+00 +2.2688e+00 -3.8825e+00
383 0 +3.011314044e+01 -1.928668596e+02 -1.928668596e+02 +3.1575e+00 +5.4063e-01 -3.1418e+00 +2.1886e+00 -4.0247e+00
399 0 +2.605352802e+01 -1.969264720e+02 -1.969264720e+02 +3.1438e+00 +6.9150e-01 -3.0630e+00 +2.2915e+00 -4.0532e+00
409 0 +1.970506125e+01 -2.032749387e+02 -2.032749387e+02 +3.3235e+00 +3.6054e-01 -3.1857e+00 +2.2938e+00 -3.7188e+00
427 0 +1.186804977e+01 -2.111119502e+02 -2.111119502e+02 +3.5535e+00 +9.5320e-02 -3.2671e+00 +2.0748e+00 -3.6898e+00
592 0 +1.093285346e+01 -2.120471465e+02 -2.120471465e+02 +3.5548e+00 -9.2870e-02 -3.2346e+00 +2.0346e+00 -3.7289e+00
611 0 +1.088885145e+01 -2.120911485e+02 -2.120911485e+02 +3.2901e+00 +5.3664e-01 -3.1051e+00 +2.2367e+00 -3.9048e+00
631 0 +4.919146595e+00 -2.180608534e+02 -2.180608534e+02 +3.3968e+00 +3.4911e-01 -3.1464e+00 +2.1866e+00 -3.7829e+00
642 0 +3.611305860e+00 -2.193686941e+02 -2.193686941e+02 +3.5102e+00 +6.3237e-02 -3.2229e+00 +2.0454e+00 -3.7376e+00
649 0 +3.230902579e+00 -2.197490974e+02 -2.197490974e+02 +3.5660e+00 -3.2575e-02 -3.2497e+00 +1.9952e+00 -3.7253e+00
665 0 +1.522449939e+00 -2.214575501e+02 -2.214575501e+02 +3.4534e+00 +1.8457e-01 -3.1896e+00 +2.1185e+00 -3.7728e+00
836 0 +1.413467758e+00 -2.215665322e+02 -2.215665322e+02 +3.5945e+00 -8.8348e-02 -3.2612e+00 +1.9988e+00 -3.6957e+00
848 0 +1.399787138e+00 -2.215802129e+02 -2.215802129e+02 +3.5416e+00 +1.9170e-02 -3.2318e+00 +2.0401e+00 -3.7308e+00
886 0 +1.006493345e+00 -2.219735067e+02 -2.219735067e+02 +3.4759e+00 +1.3411e-01 -3.2022e+00 +2.0955e+00 -3.7581e+00
965 0 +8.549447011e-01 -2.221250553e+02 -2.221250553e+02 +3.4349e+00 +2.2107e-01 -3.1754e+00 +2.1359e+00 -3.7729e+00
993 0 +6.164060900e-01 -2.223635939e+02 -2.223635939e+02 +3.4777e+00 +1.3737e-01 -3.1963e+00 +2.0984e+00 -3.7552e+00
1067 0 +2.683186388e-01 -2.227116814e+02 -2.227116814e+02 +3.4665e+00 +1.6322e-01 -3.1907e+00 +2.1081e+00 -3.7618e+00
1123 0 +1.564660099e-01 -2.228235340e+02 -2.228235340e+02 +3.4352e+00 +2.2184e-01 -3.1753e+00 +2.1336e+00 -3.7780e+00
% f evaluations | g evaluations | best noise-free fitness - Fopt (5.860000000000e+00) + sum g_i+ | measured fitness | best measured fitness or single-digit g-values | x1 | x2...
1 0 +1.155300555e+03 +1.161160555e+03 +1.161160555e+03 +5.9671e-01 -3.8264e-02 +7.4769e-01 +1.6230e+00 -1.3415e-01
2 0 +1.017084860e+03 +1.022944860e+03 +1.022944860e+03 -1.3414e-01 +1.6792e+00 +8.6743e-01 -3.6947e-01 +6.4256e-01
7 0 +9.041528243e+02 +9.100128243e+02 +9.100128243e+02 -5.0171e-01 +1.9523e+00 +8.6503e-02 -9.5771e-01 +9.2254e-01
23 0 +7.350601760e+02 +7.409201760e+02 +7.409201760e+02 -1.8188e+00 +7.3486e-02 +1.6023e-01 +2.5632e+00 -9.2361e-02
27 0 +6.048913116e+02 +6.107513116e+02 +6.107513116e+02 +2.5777e-01 +1.4212e+00 -4.9416e-01 +2.8388e+00 +1.7491e-01
38 0 +5.951625127e+02 +6.010225127e+02 +6.010225127e+02 -1.7726e+00 +2.5888e+00 +6.7464e-01 +1.4517e+00 -7.9271e-01
49 0 +5.807666349e+02 +5.866266349e+02 +5.866266349e+02 -1.5577e+00 +5.5975e-01 -3.9786e-01 +2.5350e+00 +3.7057e-01
62 0 +4.800521508e+02 +4.859121508e+02 +4.859121508e+02 -3.9916e+00 +3.4485e-01 -8.9671e-01 +3.0195e+00 -7.5802e-01
66 0 +4.547880238e+02 +4.606480238e+02 +4.606480238e+02 -2.3260e+00 +2.8641e+00 +1.1405e+00 +2.5105e+00 -1.5662e-02
88 0 +3.836640915e+02 +3.895240915e+02 +3.895240915e+02 -2.4409e+00 +1.7609e+00 -2.2881e+00 +2.3607e+00 +1.8558e+00
105 0 +3.159592610e+02 +3.218192610e+02 +3.218192610e+02 -4.3858e+00 +7.6615e-01 -1.6335e+00 +2.3048e+00 +2.5899e+00
108 0 +1.998440930e+02 +2.057040930e+02 +2.057040930e+02 -3.7520e+00 +1.5509e+00 -1.5728e+00 +2.4466e+00 +1.9906e+00
120 0 +1.912759698e+02 +1.971359698e+02 +1.971359698e+02 -3.1007e+00 +2.4253e+00 -1.1391e+00 +4.9866e-01 +3.5228e+00
203 0 +1.533340746e+02 +1.591940746e+02 +1.591940746e+02 -2.7635e+00 +2.2939e+00 -1.1912e+00 +1.9458e+00 +1.7454e+00
218 0 +1.511312215e+02 +1.569912215e+02 +1.569912215e+02 -3.1650e+00 +1.7767e+00 -1.4910e-01 +3.9273e+00 +1.2642e+00
241 0 +1.364817876e+02 +1.423417876e+02 +1.423417876e+02 -2.1277e+00 +2.4634e+00 -4.4411e-01 +3.1741e+00 +1.0750e+00
280 0 +1.162758512e+02 +1.221358512e+02 +1.221358512e+02 -2.7153e+00 +2.0322e+00 -4.3027e-01 +2.6320e+00 +1.1988e+00
285 0 +1.113832243e+02 +1.172432243e+02 +1.172432243e+02 -2.7852e+00 +2.3657e+00 -9.3378e-01 +1.9248e+00 +2.1835e+00
310 0 +1.056845675e+02 +1.115445675e+02 +1.115445675e+02 -3.4918e+00 +1.8394e+00 -4.9427e-01 +2.3102e+00 +1.2298e+00
313 0 +9.316322815e+01 +9.902322815e+01 +9.902322815e+01 -3.1067e+00 +1.7666e+00 -7.1236e-01 +3.0712e+00 +1.2273e+00
359 0 +8.182324407e+01 +8.768324407e+01 +8.768324407e+01 -3.2013e+00 +1.9738e+00 -4.0507e-01 +2.6330e+00 +1.5648e+00
392 0 +7.535076543e+01 +8.121076543e+01 +8.121076543e+01 -3.6358e+00 +1.8896e+00 -8.2479e-01 +2.3339e+00 +1.2295e+00
426 0 +4.945797297e+01 +5.531797297e+01 +5.531797297e+01 -3.7875e+00 +2.1433e+00 -8.9098e-01 +1.5506e+00 +2.0557e+00
433 0 +3.905559863e+01 +4.491559863e+01 +4.491559863e+01 -3.4626e+00 +2.0181e+00 -4.7225e-01 +2.8805e+00 +1.3310e+00
464 0 +3.349412001e+01 +3.935412001e+01 +3.935412001e+01 -3.4527e+00 +1.9817e+00 -6.1135e-01 +2.8071e+00 +1.4286e+00
483 0 +2.373501591e+01 +2.959501591e+01 +2.959501591e+01 -3.2893e+00 +2.0991e+00 -6.8768e-01 +2.5638e+00 +1.7071e+00
508 0 +2.016666919e+01 +2.602666919e+01 +2.602666919e+01 -3.2793e+00 +2.0334e+00 -6.8602e-01 +2.6494e+00 +1.5750e+00
527 0 +1.568064412e+01 +2.154064412e+01 +2.154064412e+01 -3.2818e+00 +2.0546e+00 -5.8590e-01 +2.7899e+00 +1.4612e+00
586 0 +1.518975436e+01 +2.104975436e+01 +2.104975436e+01 -3.4148e+00 +2.0838e+00 -8.0035e-01 +2.3236e+00 +1.7637e+00
612 0 +1.230079700e+01 +1.816079700e+01 +1.816079700e+01 -3.2647e+00 +2.0585e+00 -5.7240e-01 +2.7995e+00 +1.3312e+00
629 0 +1.183941100e+01 +1.769941100e+01 +1.769941100e+01 -3.3871e+00 +2.0512e+00 -6.6437e-01 +2.4859e+00 +1.5611e+00
647 0 +7.312749562e+00 +1.317274956e+01 +1.317274956e+01 -3.3571e+00 +2.0585e+00 -6.7441e-01 +2.5377e+00 +1.5564e+00
762 0 +6.017046762e+00 +1.187704676e+01 +1.187704676e+01 -3.5162e+00 +2.0536e+00 -7.4763e-01 +2.3100e+00 +1.7042e+00
777 0 +5.648040432e+00 +1.150804043e+01 +1.150804043e+01 -3.4962e+00 +2.0587e+00 -7.5904e-01 +2.3506e+00 +1.6997e+00
779 0 +3.837839318e+00 +9.697839318e+00 +9.697839318e+00 -3.5083e+00 +2.0477e+00 -7.8331e-01 +2.2789e+00 +1.7668e+00
810 0 +2.285004451e+00 +8.145004451e+00 +8.145004451e+00 -3.4684e+00 +2.0540e+00 -7.4437e-01 +2.3679e+00 +1.6861e+00
882 0 +2.176361547e+00 +8.036361547e+00 +8.036361547e+00 -3.5708e+00 +2.0471e+00 -8.3576e-01 +2.1483e+00 +1.8385e+00
932 0 +1.162815876e+00 +7.022815876e+00 +7.022815876e+00 -3.7235e+00 +2.0182e+00 -9.6903e-01 +1.8396e+00 +2.0627e+00
1114 0 +8.253384693e-01 +6.685338469e+00 +6.685338469e+00 -3.6892e+00 +2.0264e+00 -9.3829e-01 +1.9123e+00 +2.0139e+00
1120 0 +6.845365062e-01 +6.544536506e+00 +6.544536506e+00 -3.7308e+00 +2.0212e+00 -9.7516e-01 +1.8253e+00 +2.0659e+00
