% f evaluations | g evaluations | best noise-free fitness - Fopt (1.238300000000e+02) + sum g_i+ | measured fitness | best measured fitness or single-digit g-values | x1 | x2...
1 0 +7.736152776e+01 +2.011915278e+02 +2.011915278e+02 +5.9671e-01 -3.8264e-02
3 0 +5.157291611e-01 +1.243457292e+02 +1.243457292e+02 -1.3415e-01 -1.3414e-01
11 0 +1.159952271e-01 +1.239459952e+02 +1.239459952e+02 -1.5244e-01 +2.3666e-01
31 0 +9.792914462e-02 +1.239279291e+02 +1.239279291e+02 -1.5997e-01 +1.1671e-01
35 0 +4.030924328e-02 +1.238703092e+02 +1.238703092e+02 -1.0564e-01 +3.8011e-01
101 0 +3.186642573e-02 +1.238618664e+02 +1.238618664e+02 -1.1425e-01 +3.5726e-01
102 0 +3.072592334e-02 +1.238607259e+02 +1.238607259e+02 -1.1089e-01 +3.7065e-01
111 0 +2.981329635e-02 +1.238598133e+02 +1.238598133e+02 -1.1727e-01 +3.6193e-01
112 0 +2.453111968e-02 +1.238545311e+02 +1.238545311e+02 -1.0980e-01 +3.8812e-01
114 0 +2.399338031e-02 +1.238539934e+02 +1.238539934e+02 -1.0834e-01 +3.9285e-01
121 0 +2.259257291e-02 +1.238525926e+02 +1.238525926e+02 -1.0822e-01 +4.0130e-01
134 0 +2.242816857e-02 +1.238524282e+02 +1.238524282e+02 -1.0796e-01 +4.0188e-01
135 0 +2.123807168e-02 +1.238512381e+02 +1.238512381e+02 -1.0593e-01 +4.1603e-01
144 0 +2.009612246e-02 +1.238500961e+02 +1.238500961e+02 -1.0454e-01 +4.1725e-01
145 0 +1.888050792e-02 +1.238488805e+02 +1.238488805e+02 -9.9039e-02 +4.5289e-01
147 0 +1.817962675e-02 +1.238481796e+02 +1.238481796e+02 -9.9392e-02 +4.3301e-01
153 0 +1.770638193e-02 +1.238477064e+02 +1.238477064e+02 -9.0623e-02 +4.6253e-01
154 0 +1.601392080e-02 +1.238460139e+02 +1.238460139e+02 -8.6973e-02 +5.0827e-01
162 0 +1.545793925e-02 +1.238454579e+02 +1.238454579e+02 -9.1979e-02 +4.6184e-01
166 0 +1.020326249e-02 +1.238402033e+02 +1.238402033e+02 -8.5862e-02 +4.9721e-01
177 0 +6.122821056e-03 +1.238361228e+02 +1.238361228e+02 -7.3593e-02 +5.4375e-01
191 0 +6.089510765e-03 +1.238360895e+02 +1.238360895e+02 -7.1480e-02 +5.4959e-01
194 0 +6.036637812e-03 +1.238360366e+02 +1.238360366e+02 -7.4206e-02 +5.4444e-01
197 0 +5.500348155e-03 +1.238355003e+02 +1.238355003e+02 -6.9301e-02 +5.6900e-01
203 0 +4.092207146e-03 +1.238340922e+02 +1.238340922e+02 -6.6987e-02 +5.7267e-01
212 0 +3.812404295e-03 +1.238338124e+02 +1.238338124e+02 -6.5785e-02 +5.7737e-01
222 0 +3.651854851e-03 +1.238336519e+02 +1.238336519e+02 -6.5080e-02 +5.7944e-01
234 0 +3.613959907e-03 +1.238336140e+02 +1.238336140e+02 -6.2596e-02 +5.8504e-01
243 0 +3.358563821e-03 +1.238333586e+02 +1.238333586e+02 -6.3734e-02 +5.8517e-01
252 0 +3.335021063e-03 +1.238333350e+02 +1.238333350e+02 -6.3334e-02 +5.8782e-01
253 0 +3.261367541e-03 +1.238332614e+02 +1.238332614e+02 -6.3285e-02 +5.8632e-01
254 0 +3.254532250e-03 +1.238332545e+02 +1.238332545e+02 -6.3183e-02 +5.8619e-01
263 0 +3.196732289e-03 +1.238331967e+02 +1.238331967e+02 -6.2968e-02 +5.8804e-01
264 0 +3.013780856e-03 +1.238330138e+02 +1.238330138e+02 -6.2086e-02 +5.9104e-01
265 0 +2.846077160e-03 +1.238328461e+02 +1.238328461e+02 -6.1139e-02 +5.9382e-01
271 0 +2.726786670e-03 +1.238327268e+02 +1.238327268e+02 -5.9219e-02 +5.9891e-01
281 0 +2.632200602e-03 +1.238326322e+02 +1.238326322e+02 -6.0091e-02 +5.9818e-01
291 0 +2.250309771e-03 +1.238322503e+02 +1.238322503e+02 -5.7711e-02 +6.0624e-01
301 0 +1.945531970e-03 +1.238319455e+02 +1.238319455e+02 -5.5856e-02 +6.1542e-01
311 0 +1.922456234e-03 +1.238319225e+02 +1.238319225e+02 -5.5427e-02 +6.1428e-01
313 0 +1.868702950e-03 +1.238318687e+02 +1.238318687e+02 -5.5294e-02 +6.1514e-01
315 0 +1.669713483e-03 +1.238316697e+02 +1.238316697e+02 -5.4202e-02 +6.1981e-01
321 0 +1.572793225e-03 +1.238315728e+02 +1.238315728e+02 -5.3208e-02 +6.2276e-01
331 0 +1.552419900e-03 +1.238315524e+02 +1.238315524e+02 -5.2726e-02 +6.2408e-01
341 0 +1.429797868e-03 +1.238314298e+02 +1.238314298e+02 -5.2310e-02 +6.2636e-01
353 0 +1.331256236e-03 +1.238313313e+02 +1.238313313e+02 -5.1588e-02 +6.2910e-01
361 0 +1.259793511e-03 +1.238312598e+02 +1.238312598e+02 -5.1217e-02 +6.3117e-01
362 0 +1.180808125e-03 +1.238311808e+02 +1.238311808e+02 -5.0518e-02 +6.3343e-01
365 0 +1.164375720e-03 +1.238311644e+02 +1.238311644e+02 -5.0397e-02 +6.3395e-01
371 0 +1.085196726e-03 +1.238310852e+02 +1.238310852e+02 -4.9739e-02 +6.3646e-01
375 0 +1.065426924e-03 +1.238310654e+02 +1.238310654e+02 -4.9563e-02 +6.3709e-01
377 0 +1.054367481e-03 +1.238310544e+02 +1.238310544e+02 -4.9469e-02 +6.3745e-01
382 0 +9.906387689e-04 +1.238309906e+02 +1.238309906e+02 -4.8768e-02 +6.3957e-01
391 0 +8.698352633e-04 +1.238308698e+02 +1.238308698e+02 -4.7385e-02 +6.4632e-01
392 0 +7.919408461e-04 +1.238307919e+02 +1.238307919e+02 -4.2818e-02 +6.6480e-01
395 0 +7.344216495e-04 +1.238307344e+02 +1.238307344e+02 -4.6076e-02 +6.5087e-01
396 0 +7.235290414e-04 +1.238307235e+02 +1.238307235e+02 -4.4569e-02 +6.5745e-01
402 0 +6.662939957e-04 +1.238306663e+02 +1.238306663e+02 -4.4839e-02 +6.5581e-01
405 0 +6.171295983e-04 +1.238306171e+02 +1.238306171e+02 -4.3898e-02 +6.5943e-01
411 0 +6.039295718e-04 +1.238306039e+02 +1.238306039e+02 -4.4481e-02 +6.5670e-01
419 0 +4.719611936e-04 +1.238304720e+02 +1.238304720e+02 -4.0497e-02 +6.7214e-01
424 0 +4.125683659e-04 +1.238304126e+02 +1.238304126e+02 -4.0930e-02 +6.6999e-01
430 0 +3.708005968e-04 +1.238303708e+02 +1.238303708e+02 -3.8806e-02 +6.7804e-01
431 0 +3.387569635e-04 +1.238303388e+02 +1.238303388e+02 -3.8751e-02 +6.7803e-01
441 0 +2.830244921e-04 +1.238302830e+02 +1.238302830e+02 -4.0299e-02 +6.7054e-01
451 0 +2.192105034e-04 +1.238302192e+02 +1.238302192e+02 -3.8653e-02 +6.7720e-01
474 0 +1.415544274e-04 +1.238301416e+02 +1.238301416e+02 -3.7304e-02 +6.8140e-01
478 0 +1.002577813e-04 +1.238301003e+02 +1.238301003e+02 -3.6044e-02 +6.8600e-01
489 0 +3.444697541e-05 +1.238300344e+02 +1.238300344e+02 -3.3675e-02 +6.9388e-01
% f evaluations | g evaluations | best noise-free fitness - Fopt (4.751000000000e+01) + sum g_i+ | measured fitness | best measured fitness or single-digit g-values | x1 | x2...
1 0 +1.601969008e-01 +4.767019690e+01 +4.767019690e+01 +5.9671e-01 -3.8264e-02
35 0 +8.522428143e-02 +4.759522428e+01 +4.759522428e+01 +2.1309e-01 +1.1054e-01
63 0 +2.470682104e-02 +4.753470682e+01 +4.753470682e+01 +4.1635e-01 +4.8724e-02
312 0 +2.399111722e-02 +4.753399112e+01 +4.753399112e+01 +4.1440e-01 +5.4802e-02
317 0 +2.336766390e-02 +4.753336766e+01 +4.753336766e+01 +4.0695e-01 +5.5801e-02
325 0 +2.243491531e-02 +4.753243492e+01 +4.753243492e+01 +4.5792e-01 +4.0769e-02
326 0 +2.159457343e-02 +4.753159457e+01 +4.753159457e+01 +4.1683e-01 +5.1422e-02
327 0 +1.893964693e-02 +4.752893965e+01 +4.752893965e+01 +4.5537e-01 +4.0244e-02
332 0 +1.827195103e-02 +4.752827195e+01 +4.752827195e+01 +4.4146e-01 +4.1489e-02
335 0 +1.667611815e-02 +4.752667612e+01 +4.752667612e+01 +4.6313e-01 +3.6653e-02
338 0 +1.350267175e-02 +4.752350267e+01 +4.752350267e+01 +4.7652e-01 +3.0199e-02
349 0 +1.184182484e-02 +4.752184182e+01 +4.752184182e+01 +4.9475e-01 +2.3808e-02
350 0 +1.122684974e-02 +4.752122685e+01 +4.752122685e+01 +5.0839e-01 +1.5162e-02
356 0 +6.958496905e-03 +4.751695850e+01 +4.751695850e+01 +5.5100e-01 -1.3036e-03
374 0 +6.426546638e-03 +4.751642655e+01 +4.751642655e+01 +5.5079e-01 +1.6740e-03
381 0 +5.115711882e-03 +4.751511571e+01 +4.751511571e+01 +5.6508e-01 -4.3790e-03
441 0 +4.890724172e-03 +4.751489072e+01 +4.751489072e+01 +5.6447e-01 -4.7222e-03
454 0 +4.218749649e-03 +4.751421875e+01 +4.751421875e+01 +5.7511e-01 -8.8493e-03
462 0 +4.199192217e-03 +4.751419919e+01 +4.751419919e+01 +5.7447e-01 -8.8064e-03
463 0 +3.655904335e-03 +4.751365590e+01 +4.751365590e+01 +5.8295e-01 -1.2290e-02
484 0 +3.417878562e-03 +4.751341788e+01 +4.751341788e+01 +5.8902e-01 -1.4396e-02
% f evaluations | g evaluations | best noise-free fitness - Fopt (5.534000000000e+01) + sum g_i+ | measured fitness | best measured fitness or single-digit g-values | x1 | x2...
1 0 +1.641795000e+00 +5.698179500e+01 +5.698179500e+01 +5.9671e-01 -3.8264e-02
3 0 +8.841254452e-01 +5.622412545e+01 +5.622412545e+01 -1.3415e-01 -1.3414e-01
17 0 +2.912190978e-01 +5.563121910e+01 +5.563121910e+01 +6.1212e-02 -1.3466e-01
44 0 +1.903327491e-01 +5.553033275e+01 +5.553033275e+01 +1.2550e-01 -1.4953e-01
114 0 +1.896097135e-01 +5.552960971e+01 +5.552960971e+01 +1.2918e-01 -1.4577e-01
123 0 +1.797968887e-01 +5.551979689e+01 +5.551979689e+01 +8.5084e-02 -1.6233e-01
124 0 +1.733606181e-01 +5.551336062e+01 +5.551336062e+01 +7.9320e-02 -1.4840e-01
135 0 +1.561956540e-01 +5.549619565e+01 +5.549619565e+01 +6.8277e-02 -1.5665e-01
141 0 +1.470471944e-01 +5.548704719e+01 +5.548704719e+01 +4.8981e-02 -1.5946e-01
163 0 +1.440071789e-01 +5.548400718e+01 +5.548400718e+01 +4.2738e-02 -1.6060e-01
171 0 +1.425196489e-01 +5.548251965e+01 +5.548251965e+01 +3.9099e-02 -1.6096e-01
172 0 +1.407791147e-01 +5.548077911e+01 +5.548077911e+01 +3.5971e-02 -1.6513e-01
183 0 +1.393958872e-01 +5.547939589e+01 +5.547939589e+01 +3.3294e-02 -1.6240e-01
192 0 +1.361524184e-01 +5.547615242e+01 +5.547615242e+01 +2.3031e-02 -1.6853e-01
203 0 +1.335750616e-01 +5.547357506e+01 +5.547357506e+01 +2.1895e-02 -1.6629e-01
213 0 +1.320149723e-01 +5.547201497e+01 +5.547201497e+01 +1.7009e-02 -1.6832e-01
214 0 +1.309907455e-01 +5.547099075e+01 +5.547099075e+01 +1.5630e-02 -1.6799e-01
222 0 +1.304162183e-01 +5.547041622e+01 +5.547041622e+01 +1.5046e-02 -1.6703e-01
224 0 +1.285874122e-01 +5.546858741e+01 +5.546858741e+01 +8.6368e-03 -1.7001e-01
233 0 +1.280957908e-01 +5.546809579e+01 +5.546809579e+01 +3.6323e-04 -1.7330e-01
234 0 +1.227907320e-01 +5.546279073e+01 +5.546279073e+01 -2.4626e-03 -1.7037e-01
241 0 +1.170366231e-01 +5.545703662e+01 +5.545703662e+01 -1.5787e-02 -1.7186e-01
243 0 +1.170205848e-01 +5.545702058e+01 +5.545702058e+01 -1.6416e-02 -1.7284e-01
254 0 +1.147942927e-01 +5.545479429e+01 +5.545479429e+01 -2.1299e-02 -1.7218e-01
262 0 +1.124016622e-01 +5.545240166e+01 +5.545240166e+01 -3.2248e-02 -1.7695e-01
264 0 +1.091639524e-01 +5.544916395e+01 +5.544916395e+01 -4.4773e-02 -1.7961e-01
271 0 +1.074887557e-01 +5.544748876e+01 +5.544748876e+01 -4.1233e-02 -1.7377e-01
284 0 +1.055708978e-01 +5.544557090e+01 +5.544557090e+01 -4.6456e-02 -1.7792e-01
287 0 +9.863946144e-02 +5.543863946e+01 +5.543863946e+01 -6.2734e-02 -1.7760e-01
290 0 +9.087688285e-02 +5.543087688e+01 +5.543087688e+01 -8.3783e-02 -1.8101e-01
298 0 +7.736085954e-02 +5.541736086e+01 +5.541736086e+01 -1.4828e-01 -1.9273e-01
306 0 +7.352749987e-02 +5.541352750e+01 +5.541352750e+01 -1.4267e-01 -1.8981e-01
307 0 +7.316734221e-02 +5.541316734e+01 +5.541316734e+01 -1.3983e-01 -1.8855e-01
313 0 +6.501596946e-02 +5.540501597e+01 +5.540501597e+01 -1.7054e-01 -1.8773e-01
342 0 +5.693553908e-02 +5.539693554e+01 +5.539693554e+01 -1.9967e-01 -1.9035e-01
351 0 +5.643278690e-02 +5.539643279e+01 +5.539643279e+01 -1.9806e-01 -1.9112e-01
353 0 +5.404509391e-02 +5.539404509e+01 +5.539404509e+01 -2.0623e-01 -1.9227e-01
354 0 +5.251482704e-02 +5.539251483e+01 +5.539251483e+01 -2.1273e-01 -1.9254e-01
362 0 +4.634347044e-02 +5.538634347e+01 +5.538634347e+01 -2.3850e-01 -1.9598e-01
365 0 +4.610078395e-02 +5.538610078e+01 +5.538610078e+01 -2.4096e-01 -1.9658e-01
373 0 +4.347029265e-02 +5.538347029e+01 +5.538347029e+01 -2.5809e-01 -1.9862e-01
381 0 +4.320299771e-02 +5.538320300e+01 +5.538320300e+01 -2.6643e-01 -1.9385e-01
392 0 +3.997358394e-02 +5.537997358e+01 +5.537997358e+01 -2.6772e-01 -1.9602e-01
394 0 +3.502725532e-02 +5.537502726e+01 +5.537502726e+01 -2.9242e-01 -1.9932e-01
398 0 +3.266836870e-02 +5.537266837e+01 +5.537266837e+01 -3.0522e-01 -2.0004e-01
416 0 +3.044886191e-02 +5.537044886e+01 +5.537044886e+01 -3.2702e-01 -1.9746e-01
431 0 +2.895037943e-02 +5.536895038e+01 +5.536895038e+01 -3.2986e-01 -1.9823e-01
441 0 +2.764750853e-02 +5.536764751e+01 +5.536764751e+01 -3.4330e-01 -1.9814e-01
442 0 +2.695898346e-02 +5.536695898e+01 +5.536695898e+01 -3.3634e-01 -2.0107e-01
452 0 +2.593771361e-02 +5.536593771e+01 +5.536593771e+01 -3.4090e-01 -2.0050e-01
463 0 +2.591280103e-02 +5.536591280e+01 +5.536591280e+01 -3.4297e-01 -2.0139e-01
464 0 +2.507385728e-02 +5.536507386e+01 +5.536507386e+01 -3.4893e-01 -2.0177e-01
465 0 +2.356400927e-02 +5.536356401e+01 +5.536356401e+01 -3.5604e-01 -2.0132e-01
471 0 +2.351905871e-02 +5.536351906e+01 +5.536351906e+01 -3.6083e-01 -2.0248e-01
472 0 +2.293904080e-02 +5.536293904e+01 +5.536293904e+01 -3.6517e-01 -2.0268e-01
475 0 +2.200847967e-02 +5.536200848e+01 +5.536200848e+01 -3.7271e-01 -2.0306e-01
483 0 +1.992683319e-02 +5.535992683e+01 +5.535992683e+01 -3.8073e-01 -2.0214e-01
493 0 +1.966325912e-02 +5.535966326e+01 +5.535966326e+01 -3.8283e-01 -2.0117e-01
496 0 +1.731349380e-02 +5.535731349e+01 +5.535731349e+01 -4.0147e-01 -2.0302e-01
% f evaluations | g evaluations | best noise-free fitness - Fopt (-9.033000000000e+01) + sum g_i+ | measured fitness | best measured fitness or single-digit g-values | x1 | x2...
1 0 +1.456295539e+01 -7.576704461e+01 -7.576704461e+01 +5.9671e-01 -3.8264e-02
5 0 +6.761083068e+00 -8.356891693e+01 -8.356891693e+01 -3.6947e-01 +6.4256e-01
16 0 +3.239668798e+00 -8.709033120e+01 -8.709033120e+01 -2.6085e-01 +3.1757e-01
21 0 +1.978407188e+00 -8.835159281e+01 -8.835159281e+01 -4.5897e-01 +4.8972e-01
30 0 +3.147895879e-01 -9.001521041e+01 -9.001521041e+01 +1.4829e-01 +1.2410e-01
35 0 +7.826152653e-02 -9.025173847e+01 -9.025173847e+01 -2.8063e-01 +4.6212e-01
42 0 +1.395698721e-02 -9.031604301e+01 -9.031604301e+01 -2.3626e-01 +4.1329e-01
115 0 +9.971990521e-03 -9.032002801e+01 -9.032002801e+01 -2.9225e-01 +4.5150e-01
135 0 +7.607090230e-03 -9.032239291e+01 -9.032239291e+01 -2.8588e-01 +4.5132e-01
151 0 +7.006017075e-03 -9.032299398e+01 -9.032299398e+01 -2.9417e-01 +4.5492e-01
164 0 +6.336131413e-03 -9.032366387e+01 -9.032366387e+01 -2.9625e-01 +4.5768e-01
212 0 +6.315765455e-03 -9.032368423e+01 -9.032368423e+01 -2.9691e-01 +4.5774e-01
214 0 +6.149507365e-03 -9.032385049e+01 -9.032385049e+01 -2.9861e-01 +4.5898e-01
232 0 +5.989287965e-03 -9.032401071e+01 -9.032401071e+01 -3.0147e-01 +4.6065e-01
235 0 +5.953225425e-03 -9.032404677e+01 -9.032404677e+01 -3.0122e-01 +4.6064e-01
241 0 +5.745366174e-03 -9.032425463e+01 -9.032425463e+01 -3.0294e-01 +4.6212e-01
244 0 +5.737918805e-03 -9.032426208e+01 -9.032426208e+01 -3.0309e-01 +4.6218e-01
245 0 +5.704925231e-03 -9.032429507e+01 -9.032429507e+01 -3.0501e-01 +4.6306e-01
251 0 +5.561652543e-03 -9.032443835e+01 -9.032443835e+01 -3.0619e-01 +4.6398e-01
253 0 +4.888094556e-03 -9.032511191e+01 -9.032511191e+01 -3.1398e-01 +4.6950e-01
261 0 +4.231560862e-03 -9.032576844e+01 -9.032576844e+01 -3.2488e-01 +4.7665e-01
262 0 +3.848683924e-03 -9.032615132e+01 -9.032615132e+01 -3.2906e-01 +4.7971e-01
269 0 +3.839078543e-03 -9.032616092e+01 -9.032616092e+01 -3.2838e-01 +4.7938e-01
272 0 +2.121881292e-03 -9.032787812e+01 -9.032787812e+01 -3.5508e-01 +4.9839e-01
281 0 +1.587899391e-03 -9.032841210e+01 -9.032841210e+01 -3.6612e-01 +5.0582e-01
282 0 +1.551997700e-03 -9.032844800e+01 -9.032844800e+01 -3.6699e-01 +5.0618e-01
283 0 +1.469771298e-03 -9.032853023e+01 -9.032853023e+01 -3.7009e-01 +5.0881e-01
285 0 +8.912627705e-04 -9.032910874e+01 -9.032910874e+01 -3.8724e-01 +5.2046e-01
291 0 +5.775678320e-04 -9.032942243e+01 -9.032942243e+01 -4.0231e-01 +5.3068e-01
296 0 +1.303654666e-04 -9.032986963e+01 -9.032986963e+01 -4.1835e-01 +5.4042e-01
325 0 +1.187908016e-04 -9.032988121e+01 -9.032988121e+01 -4.2063e-01 +5.4229e-01
333 0 +8.218881875e-05 -9.032991781e+01 -9.032991781e+01 -4.2317e-01 +5.4388e-01
358 0 +6.018737150e-05 -9.032993981e+01 -9.032993981e+01 -4.2503e-01 +5.4485e-01
372 0 +5.462017660e-05 -9.032994538e+01 -9.032994538e+01 -4.2571e-01 +5.4547e-01
386 0 +4.307689463e-05 -9.032995692e+01 -9.032995692e+01 -4.2753e-01 +5.4647e-01
388 0 +3.165921881e-05 -9.032996834e+01 -9.032996834e+01 -4.3337e-01 +5.5065e-01
397 0 +7.559653568e-06 -9.032999244e+01 -9.032999244e+01 -4.3482e-01 +5.5143e-01
404 0 +3.874521852e-06 -9.032999613e+01 -9.032999613e+01 -4.3637e-01 +5.5243e-01
414 0 +2.451265999e-06 -9.032999755e+01 -9.032999755e+01 -4.3676e-01 +5.5257e-01
418 0 +1.171656962e-06 -9.032999883e+01 -9.032999883e+01 -4.3740e-01 +5.5301e-01
435 0 +1.029359822e-06 -9.032999897e+01 -9.032999897e+01 -4.3772e-01 +5.5328e-01
446 0 +8.745635824e-07 -9.032999913e+01 -9.032999913e+01 -4.3918e-01 +5.5425e-01
448 0 +3.155527963e-07 -9.032999968e+01 -9.032999968e+01 -4.3815e-01 +5.5352e-01
456 0 +3.850250607e-08 -9.032999996e+01 -9.032999996e+01 -4.3953e-01 +5.5443e-01
457 0 +9.361073694e-09 -9.032999999e+01 -9.032999999e+01 -4.3933e-01 +5.5430e-01
% f evaluations | g evaluations | best noise-free fitness - Fopt (6.561000000000e+01) + sum g_i+ | measured fitness | best measured fitness or single-digit g-values | x1 | x2...
1 0 +4.209695466e+01 +1.077069547e+02 +1.077069547e+02 +5.9671e-01 -3.8264e-02
3 0 +3.242565344e+00 +6.885256534e+01 +6.885256534e+01 -1.3415e-01 -1.3414e-01
6 0 +3.656765691e-01 +6.597567657e+01 +6.597567657e+01 -3.6342e-01 -3.6573e-01
27 0 +2.266761234e-01 +6.583667612e+01 +6.583667612e+01 -1.3073e-01 +1.4144e-01
52 0 +1.903513224e-01 +6.580035132e+01 +6.580035132e+01 -1.5708e-01 +9.0174e-02
59 0 +1.824018072e-01 +6.579240181e+01 +6.579240181e+01 -3.1641e-01 -3.7954e-01
62 0 +6.134554280e-02 +6.567134554e+01 +6.567134554e+01 -2.6697e-01 -1.6621e-01
64 0 +5.169804768e-02 +6.566169805e+01 +6.566169805e+01 -2.7692e-01 -1.9353e-01
73 0 +4.849467785e-02 +6.565849468e+01 +6.565849468e+01 -2.8082e-01 -2.0423e-01
78 0 +4.204686408e-02 +6.565204686e+01 +6.565204686e+01 -2.9027e-01 -2.6366e-01
79 0 +2.583226554e-02 +6.563583227e+01 +6.563583227e+01 -3.2360e-01 -3.5504e-01
80 0 +1.382405511e-02 +6.562382406e+01 +6.562382406e+01 -3.5022e-01 -4.0468e-01
263 0 +1.368002596e-02 +6.562368003e+01 +6.562368003e+01 -3.2576e-01 -3.4487e-01
271 0 +1.312261700e-02 +6.562312262e+01 +6.562312262e+01 -3.2748e-01 -3.4913e-01
274 0 +1.305657482e-02 +6.562305657e+01 +6.562305657e+01 -3.2813e-01 -3.4989e-01
281 0 +1.249826979e-02 +6.562249827e+01 +6.562249827e+01 -3.2920e-01 -3.5463e-01
286 0 +1.243061373e-02 +6.562243061e+01 +6.562243061e+01 -3.2947e-01 -3.5506e-01
290 0 +1.197241671e-02 +6.562197242e+01 +6.562197242e+01 -3.3123e-01 -3.5916e-01
299 0 +1.041806553e-02 +6.562041807e+01 +6.562041807e+01 -3.3587e-01 -3.7331e-01
300 0 +1.034848639e-02 +6.562034849e+01 +6.562034849e+01 -3.3616e-01 -3.7402e-01
304 0 +1.032463766e-02 +6.562032464e+01 +6.562032464e+01 -3.3664e-01 -3.7473e-01
307 0 +1.006984536e-02 +6.562006985e+01 +6.562006985e+01 -3.3710e-01 -3.7674e-01
312 0 +8.569395329e-03 +6.561856940e+01 +6.561856940e+01 -3.4239e-01 -3.9226e-01
313 0 +7.904641309e-03 +6.561790464e+01 +6.561790464e+01 -3.4645e-01 -4.0272e-01
321 0 +5.983044161e-03 +6.561598304e+01 +6.561598304e+01 -3.6343e-01 -4.5139e-01
334 0 +5.946290518e-03 +6.561594629e+01 +6.561594629e+01 -3.6315e-01 -4.5065e-01
335 0 +5.583427168e-03 +6.561558343e+01 +6.561558343e+01 -3.6548e-01 -4.5792e-01
348 0 +4.974567182e-03 +6.561497457e+01 +6.561497457e+01 -3.7044e-01 -4.7344e-01
363 0 +4.564805011e-03 +6.561456481e+01 +6.561456481e+01 -3.6859e-01 -4.6864e-01
367 0 +4.394134945e-03 +6.561439413e+01 +6.561439413e+01 -3.6016e-01 -4.4632e-01
371 0 +4.286649788e-03 +6.561428665e+01 +6.561428665e+01 -3.6103e-01 -4.4876e-01
382 0 +3.969645825e-03 +6.561396965e+01 +6.561396965e+01 -3.6357e-01 -4.5612e-01
394 0 +3.728250390e-03 +6.561372825e+01 +6.561372825e+01 -3.7328e-01 -4.8397e-01
405 0 +3.692287739e-03 +6.561369229e+01 +6.561369229e+01 -3.6341e-01 -4.5694e-01
409 0 +3.431371048e-03 +6.561343137e+01 +6.561343137e+01 -3.7293e-01 -4.8351e-01
410 0 +3.382283677e-03 +6.561338228e+01 +6.561338228e+01 -3.7544e-01 -4.9108e-01
416 0 +3.351740664e-03 +6.561335174e+01 +6.561335174e+01 -3.6492e-01 -4.6215e-01
418 0 +2.263733126e-03 +6.561226373e+01 +6.561226373e+01 -3.7554e-01 -4.9400e-01
428 0 +2.215130970e-03 +6.561221513e+01 +6.561221513e+01 -3.7574e-01 -4.9471e-01
434 0 +2.173112118e-03 +6.561217311e+01 +6.561217311e+01 -3.7674e-01 -4.9772e-01
436 0 +1.944158805e-03 +6.561194416e+01 +6.561194416e+01 -3.7578e-01 -4.9581e-01
441 0 +1.574757811e-03 +6.561157476e+01 +6.561157476e+01 -3.7625e-01 -4.9921e-01
470 0 +1.331193711e-03 +6.561133119e+01 +6.561133119e+01 -3.7819e-01 -5.0573e-01
476 0 +1.222244041e-03 +6.561122224e+01 +6.561122224e+01 -3.8051e-01 -5.1219e-01
481 0 +1.205551400e-03 +6.561120555e+01 +6.561120555e+01 -3.7915e-01 -5.0916e-01
499 0 +9.750979316e-04 +6.561097510e+01 +6.561097510e+01 -3.8120e-01 -5.1661e-01
% f evaluations | g evaluations | best noise-free fitness - Fopt (9.348200000000e+02) + sum g_i+ | measured fitness | best measured fitness or single-digit g-values | x1 | x2...
1 0 +2.688011283e+01 +9.617001128e+02 +9.617001128e+02 +5.9671e-01 -3.8264e-02
3 0 +2.436735683e+01 +9.591873568e+02 +9.591873568e+02 -1.3415e-01 -1.3414e-01
5 0 +7.540128032e+00 +9.423601280e+02 +9.423601280e+02 -3.6947e-01 +6.4256e-01
9 0 +4.911948120e+00 +9.397319481e+02 +9.397319481e+02 -9.1283e-01 +4.1425e-01
21 0 +2.025960854e+00 +9.368459609e+02 +9.368459609e+02 -6.7379e-01 +2.7986e-01
32 0 +1.887895804e+00 +9.367078958e+02 +9.367078958e+02 -9.2062e-01 +2.1698e-01
33 0 +1.462988290e+00 +9.362829883e+02 +9.362829883e+02 -7.6050e-01 +3.5941e-01
40 0 +6.134938109e-01 +9.354334938e+02 +9.354334938e+02 -3.0968e-01 +4.0557e-01
50 0 +6.105513603e-01 +9.354305514e+02 +9.354305514e+02 -2.8225e-01 +4.0126e-01
56 0 +3.104883376e-01 +9.351304883e+02 +9.351304883e+02 -1.1183e-01 +2.9032e-01
65 0 +2.874517842e-01 +9.351074518e+02 +9.351074518e+02 +2.4877e-02 +1.6894e-01
69 0 +2.711549703e-01 +9.350911550e+02 +9.350911550e+02 -6.9175e-02 +2.5971e-01
91 0 +2.184978700e-01 +9.350384979e+02 +9.350384979e+02 -3.1752e-03 +2.2107e-01
125 0 +1.726044590e-01 +9.349926045e+02 +9.349926045e+02 +5.4131e-02 +1.7237e-01
137 0 +1.445740989e-01 +9.349645741e+02 +9.349645741e+02 +9.7083e-02 +1.3752e-01
157 0 +1.398178877e-01 +9.349598179e+02 +9.349598179e+02 +1.0905e-01 +1.2096e-01
162 0 +1.397018438e-01 +9.349597018e+02 +9.349597018e+02 +1.0493e-01 +1.3076e-01
177 0 +1.263839232e-01 +9.349463839e+02 +9.349463839e+02 +1.2832e-01 +1.1122e-01
178 0 +1.064312576e-01 +9.349264313e+02 +9.349264313e+02 +1.6234e-01 +7.7298e-02
188 0 +9.762545025e-02 +9.349176255e+02 +9.349176255e+02 +1.7939e-01 +6.1068e-02
189 0 +9.274720014e-02 +9.349127472e+02 +9.349127472e+02 +1.9628e-01 +5.0187e-02
205 0 +8.719597446e-02 +9.349071960e+02 +9.349071960e+02 +2.0086e-01 +4.0058e-02
207 0 +8.588880279e-02 +9.349058888e+02 +9.349058888e+02 +2.0386e-01 +3.6803e-02
208 0 +8.478306428e-02 +9.349047831e+02 +9.349047831e+02 +2.1098e-01 +3.5111e-02
212 0 +7.731075077e-02 +9.348973108e+02 +9.348973108e+02 +2.2210e-01 +1.9742e-02
221 0 +7.635385403e-02 +9.348963539e+02 +9.348963539e+02 +2.3389e-01 +1.3594e-02
227 0 +6.179802807e-02 +9.348817980e+02 +9.348817980e+02 +2.6111e-01 -2.1607e-02
234 0 +6.095717528e-02 +9.348809572e+02 +9.348809572e+02 +2.6116e-01 -1.9734e-02
235 0 +6.035378193e-02 +9.348803538e+02 +9.348803538e+02 +2.6340e-01 -2.3029e-02
245 0 +5.799768336e-02 +9.348779977e+02 +9.348779977e+02 +2.7502e-01 -3.7578e-02
256 0 +5.710297847e-02 +9.348771030e+02 +9.348771030e+02 +2.7641e-01 -3.8721e-02
261 0 +5.526847857e-02 +9.348752685e+02 +9.348752685e+02 +2.8215e-01 -3.7446e-02
262 0 +5.157702259e-02 +9.348715770e+02 +9.348715770e+02 +2.8656e-01 -4.4836e-02
273 0 +4.604377828e-02 +9.348660438e+02 +9.348660438e+02 +3.0244e-01 -6.3724e-02
286 0 +3.737590328e-02 +9.348573759e+02 +9.348573759e+02 +3.3111e-01 -9.1959e-02
288 0 +3.556865415e-02 +9.348555687e+02 +9.348555687e+02 +3.5178e-01 -1.1147e-01
291 0 +3.474906802e-02 +9.348547491e+02 +9.348547491e+02 +3.3816e-01 -1.0104e-01
309 0 +3.429164429e-02 +9.348542916e+02 +9.348542916e+02 +3.6275e-01 -1.2295e-01
310 0 +3.175969348e-02 +9.348517597e+02 +9.348517597e+02 +3.4899e-01 -1.1276e-01
317 0 +2.724047747e-02 +9.348472405e+02 +9.348472405e+02 +3.6683e-01 -1.3229e-01
329 0 +2.575212462e-02 +9.348457521e+02 +9.348457521e+02 +3.7982e-01 -1.5207e-01
339 0 +2.317163805e-02 +9.348431716e+02 +9.348431716e+02 +4.1126e-01 -1.7889e-01
341 0 +2.293224298e-02 +9.348429322e+02 +9.348429322e+02 +4.2674e-01 -1.9602e-01
343 0 +1.526833272e-02 +9.348352683e+02 +9.348352683e+02 +4.1961e-01 -1.9551e-01
351 0 +1.426285371e-02 +9.348342629e+02 +9.348342629e+02 +4.2745e-01 -2.0241e-01
378 0 +1.368019011e-02 +9.348336802e+02 +9.348336802e+02 +4.2807e-01 -2.0536e-01
383 0 +1.294885234e-02 +9.348329489e+02 +9.348329489e+02 +4.3268e-01 -2.0953e-01
394 0 +1.155818759e-02 +9.348315582e+02 +9.348315582e+02 +4.4036e-01 -2.1992e-01
429 0 +1.097120890e-02 +9.348309712e+02 +9.348309712e+02 +4.4388e-01 -2.2399e-01
430 0 +1.079614092e-02 +9.348307961e+02 +9.348307961e+02 +4.4720e-01 -2.2635e-01
431 0 +1.062680729e-02 +9.348306268e+02 +9.348306268e+02 +4.4605e-01 -2.2622e-01
432 0 +1.053252218e-02 +9.348305325e+02 +9.348305325e+02 +4.5369e-01 -2.3314e-01
444 0 +8.910858248e-03 +9.348289109e+02 +9.348289109e+02 +4.5843e-01 -2.4047e-01
447 0 +7.214041575e-03 +9.348272140e+02 +9.348272140e+02 +4.7713e-01 -2.6200e-01
451 0 +6.525963206e-03 +9.348265260e+02 +9.348265260e+02 +4.7673e-01 -2.6281e-01
453 0 +6.213185909e-03 +9.348262132e+02 +9.348262132e+02 +4.8482e-01 -2.7166e-01
461 0 +5.581577579e-03 +9.348255816e+02 +9.348255816e+02 +4.8686e-01 -2.7482e-01
466 0 +5.557099848e-03 +9.348255571e+02 +9.348255571e+02 +4.8619e-01 -2.7420e-01
469 0 +4.555419054e-03 +9.348245554e+02 +9.348245554e+02 +4.9299e-01 -2.8409e-01
479 0 +2.045538756e-03 +9.348220455e+02 +9.348220455e+02 +5.2302e-01 -3.2215e-01
% f evaluations | g evaluations | best noise-free fitness - Fopt (-6.371000000000e+01) + sum g_i+ | measured fitness | best measured fitness or single-digit g-values | x1 | x2...
1 0 +5.828919543e+00 -5.788108046e+01 -5.788108046e+01 +5.9671e-01 -3.8264e-02
14 0 +3.601008366e+00 -6.010899163e+01 -6.010899163e+01 -6.4712e-01 +4.1440e-01
15 0 +2.042629278e+00 -6.166737072e+01 -6.166737072e+01 -2.3501e-01 +3.6390e-01
21 0 +1.379190507e+00 -6.233080949e+01 -6.233080949e+01 -4.9599e-01 +2.0145e-01
31 0 +6.339934653e-01 -6.307600653e+01 -6.307600653e+01 -3.1133e-01 +3.1367e-01
35 0 +2.534176881e-01 -6.345658231e+01 -6.345658231e+01 -5.7262e-02 +2.2110e-01
76 0 +2.265410240e-01 -6.348345898e+01 -6.348345898e+01 -7.7379e-02 +2.1547e-01
91 0 +2.201957705e-01 -6.348980423e+01 -6.348980423e+01 -6.8778e-02 +2.1092e-01
92 0 +1.895277656e-01 -6.352047223e+01 -6.352047223e+01 -2.0347e-02 +1.8930e-01
116 0 +1.721516217e-01 -6.353784838e+01 -6.353784838e+01 +1.2340e-02 +1.7359e-01
126 0 +1.496124565e-01 -6.356038754e+01 -6.356038754e+01 +4.7305e-02 +1.6298e-01
127 0 +1.466152863e-01 -6.356338471e+01 -6.356338471e+01 +7.4338e-02 +1.4181e-01
131 0 +1.417552469e-01 -6.356824475e+01 -6.356824475e+01 +1.1142e-01 +1.4147e-01
132 0 +1.402483111e-01 -6.356975169e+01 -6.356975169e+01 +6.4844e-02 +1.5288e-01
133 0 +1.354820742e-01 -6.357451793e+01 -6.357451793e+01 +8.8933e-02 +1.4796e-01
134 0 +8.085755825e-02 -6.362914244e+01 -6.362914244e+01 +2.1747e-01 +7.9511e-02
143 0 +7.432102722e-02 -6.363567897e+01 -6.363567897e+01 +2.1751e-01 +7.5170e-02
151 0 +7.218527453e-02 -6.363781473e+01 -6.363781473e+01 +2.2723e-01 +7.1139e-02
154 0 +6.723518991e-02 -6.364276481e+01 -6.364276481e+01 +2.7576e-01 +4.7324e-02
163 0 +6.316487148e-02 -6.364683513e+01 -6.364683513e+01 +2.5212e-01 +5.6028e-02
185 0 +6.228132545e-02 -6.364771867e+01 -6.364771867e+01 +2.5253e-01 +5.4106e-02
188 0 +5.993184579e-02 -6.365006815e+01 -6.365006815e+01 +2.7405e-01 +4.5525e-02
193 0 +5.910219024e-02 -6.365089781e+01 -6.365089781e+01 +2.6608e-01 +4.3978e-02
196 0 +5.885805463e-02 -6.365114195e+01 -6.365114195e+01 +2.8359e-01 +4.0579e-02
197 0 +5.431538436e-02 -6.365568462e+01 -6.365568462e+01 +2.8882e-01 +3.5989e-02
201 0 +5.350824874e-02 -6.365649175e+01 -6.365649175e+01 +2.8205e-01 +3.7615e-02
206 0 +5.205822901e-02 -6.365794177e+01 -6.365794177e+01 +2.8963e-01 +2.9989e-02
218 0 +4.644034812e-02 -6.366355965e+01 -6.366355965e+01 +3.0665e-01 +2.0936e-02
246 0 +4.626947747e-02 -6.366373052e+01 -6.366373052e+01 +3.1498e-01 +1.9495e-02
251 0 +4.488926385e-02 -6.366511074e+01 -6.366511074e+01 +3.1578e-01 +1.8074e-02
255 0 +4.478668064e-02 -6.366521332e+01 -6.366521332e+01 +3.1845e-01 +1.6942e-02
261 0 +4.383813295e-02 -6.366616187e+01 -6.366616187e+01 +3.1589e-01 +1.5989e-02
263 0 +4.351793563e-02 -6.366648206e+01 -6.366648206e+01 +3.1971e-01 +1.5271e-02
273 0 +4.228751706e-02 -6.366771248e+01 -6.366771248e+01 +3.2485e-01 +8.7290e-03
274 0 +4.207135685e-02 -6.366792864e+01 -6.366792864e+01 +3.2712e-01 +6.9498e-03
275 0 +4.148723500e-02 -6.366851277e+01 -6.366851277e+01 +3.2532e-01 +1.0752e-02
283 0 +4.036592702e-02 -6.366963407e+01 -6.366963407e+01 +3.3086e-01 +7.9096e-03
286 0 +3.209241528e-02 -6.367790758e+01 -6.367790758e+01 +3.7176e-01 -1.6724e-02
293 0 +2.992680626e-02 -6.368007319e+01 -6.368007319e+01 +3.7608e-01 -2.0823e-02
305 0 +2.704881561e-02 -6.368295118e+01 -6.368295118e+01 +3.8949e-01 -2.9733e-02
316 0 +2.501264697e-02 -6.368498735e+01 -6.368498735e+01 +4.1364e-01 -4.3290e-02
317 0 +2.347036971e-02 -6.368652963e+01 -6.368652963e+01 +4.1057e-01 -4.2873e-02
329 0 +2.016129215e-02 -6.368983871e+01 -6.368983871e+01 +4.2665e-01 -5.6054e-02
338 0 +1.876624146e-02 -6.369123376e+01 -6.369123376e+01 +4.3878e-01 -6.1525e-02
356 0 +1.843346012e-02 -6.369156654e+01 -6.369156654e+01 +4.4772e-01 -6.6680e-02
369 0 +1.587005321e-02 -6.369412995e+01 -6.369412995e+01 +4.5217e-01 -7.1962e-02
441 0 +1.586918364e-02 -6.369413082e+01 -6.369413082e+01 +4.5305e-01 -7.2145e-02
442 0 +1.550626507e-02 -6.369449373e+01 -6.369449373e+01 +4.5444e-01 -7.3645e-02
452 0 +1.401852289e-02 -6.369598148e+01 -6.369598148e+01 +4.6689e-01 -8.1290e-02
461 0 +1.389306563e-02 -6.369610693e+01 -6.369610693e+01 +4.7317e-01 -8.4736e-02
463 0 +1.287423919e-02 -6.369712576e+01 -6.369712576e+01 +4.7388e-01 -8.6465e-02
% f evaluations | g evaluations | best noise-free fitness - Fopt (1.000000000000e+03) + sum g_i+ | measured fitness | best measured fitness or single-digit g-values | x1 | x2...
1 0 +8.893015042e+00 +1.008893015e+03 +1.008893015e+03 +5.9671e-01 -3.8264e-02
12 0 +5.608066242e+00 +1.005608066e+03 +1.005608066e+03 +7.6216e-01 -8.4299e-02
16 0 +1.308874420e+00 +1.001308874e+03 +1.001308874e+03 +1.0719e-02 +1.1216e-01
23 0 +5.492723437e-01 +1.000549272e+03 +1.000549272e+03 +3.9647e-01 +2.8467e-01
24 0 +4.083434952e-01 +1.000408343e+03 +1.000408343e+03 +2.4444e-01 +2.8566e-01
61 0 +3.259407624e-01 +1.000325941e+03 +1.000325941e+03 +1.9772e-01 +2.5571e-01
73 0 +2.696533399e-01 +1.000269653e+03 +1.000269653e+03 +7.6305e-02 +2.3158e-01
101 0 +2.047980360e-01 +1.000204798e+03 +1.000204798e+03 +3.6211e-02 +1.9571e-01
117 0 +1.908070786e-01 +1.000190807e+03 +1.000190807e+03 +1.9483e-02 +1.9130e-01
132 0 +1.813127054e-01 +1.000181313e+03 +1.000181313e+03 +4.9801e-03 +1.8596e-01
146 0 +1.734178075e-01 +1.000173418e+03 +1.000173418e+03 -9.4340e-03 +1.8229e-01
161 0 +1.687415856e-01 +1.000168742e+03 +1.000168742e+03 -1.5882e-02 +1.7721e-01
171 0 +1.680148845e-01 +1.000168015e+03 +1.000168015e+03 -1.7131e-02 +1.7676e-01
173 0 +1.667352426e-01 +1.000166735e+03 +1.000166735e+03 -1.9958e-02 +1.7398e-01
182 0 +1.666005008e-01 +1.000166601e+03 +1.000166601e+03 -1.9736e-02 +1.7616e-01
185 0 +1.639315643e-01 +1.000163932e+03 +1.000163932e+03 -2.4478e-02 +1.7232e-01
187 0 +1.592519074e-01 +1.000159252e+03 +1.000159252e+03 -3.2445e-02 +1.6918e-01
192 0 +1.574333247e-01 +1.000157433e+03 +1.000157433e+03 -3.6631e-02 +1.6916e-01
201 0 +1.387793547e-01 +1.000138779e+03 +1.000138779e+03 -7.1136e-02 +1.5217e-01
203 0 +1.382426647e-01 +1.000138243e+03 +1.000138243e+03 -7.3028e-02 +1.5182e-01
211 0 +1.284670308e-01 +1.000128467e+03 +1.000128467e+03 -9.5433e-02 +1.3503e-01
213 0 +9.967966461e-02 +1.000099680e+03 +1.000099680e+03 -1.6571e-01 +9.5786e-02
222 0 +7.074433697e-02 +1.000070744e+03 +1.000070744e+03 -2.5356e-01 +5.5241e-02
223 0 +4.439141162e-02 +1.000044391e+03 +1.000044391e+03 -3.4724e-01 -4.3448e-03
236 0 +3.102314368e-02 +1.000031023e+03 +1.000031023e+03 -3.9645e-01 -3.8372e-02
251 0 +2.895356192e-02 +1.000028954e+03 +1.000028954e+03 -3.8425e-01 -3.2628e-02
273 0 +2.402751740e-02 +1.000024028e+03 +1.000024028e+03 -4.1114e-01 -5.5494e-02
292 0 +2.355144088e-02 +1.000023551e+03 +1.000023551e+03 -4.1278e-01 -5.1976e-02
299 0 +2.022681824e-02 +1.000020227e+03 +1.000020227e+03 -4.3399e-01 -6.6407e-02
300 0 +1.960367789e-02 +1.000019604e+03 +1.000019604e+03 -4.3262e-01 -6.6184e-02
363 0 +1.862991106e-02 +1.000018630e+03 +1.000018630e+03 -4.4836e-01 -7.6030e-02
365 0 +1.819780170e-02 +1.000018198e+03 +1.000018198e+03 -4.3998e-01 -7.1553e-02
378 0 +1.815693208e-02 +1.000018157e+03 +1.000018157e+03 -4.5976e-01 -8.3430e-02
385 0 +1.606818166e-02 +1.000016068e+03 +1.000016068e+03 -4.5397e-01 -8.1361e-02
411 0 +1.567756368e-02 +1.000015678e+03 +1.000015678e+03 -4.5255e-01 -8.1325e-02
427 0 +1.469176293e-02 +1.000014692e+03 +1.000014692e+03 -4.6441e-01 -8.8614e-02
428 0 +1.437041482e-02 +1.000014370e+03 +1.000014370e+03 -4.6545e-01 -8.9545e-02
441 0 +1.429355134e-02 +1.000014294e+03 +1.000014294e+03 -4.6241e-01 -8.9811e-02
442 0 +1.427227383e-02 +1.000014272e+03 +1.000014272e+03 -4.6884e-01 -9.1582e-02
448 0 +1.328432843e-02 +1.000013284e+03 +1.000013284e+03 -4.6938e-01 -9.3176e-02
% f evaluations | g evaluations | best noise-free fitness - Fopt (3.197000000000e+01) + sum g_i+ | measured fitness | best measured fitness or single-digit g-values | x1 | x2...
1 0 +9.096253119e+01 +1.229325312e+02 +1.229325312e+02 +5.9671e-01 -3.8264e-02
2 0 +8.292808290e+01 +1.148980829e+02 +1.148980829e+02 +7.4769e-01 +1.6230e+00
3 0 +2.291857879e-01 +3.219918579e+01 +3.219918579e+01 -1.3415e-01 -1.3414e-01
60 0 +2.141393294e-01 +3.218413933e+01 +3.218413933e+01 -1.5667e-01 -4.0129e-02
78 0 +1.116725214e-01 +3.208167252e+01 +3.208167252e+01 -6.4895e-03 -2.8796e-01
87 0 +1.012882603e-01 +3.207128826e+01 +3.207128826e+01 -8.2980e-03 -2.8367e-01
104 0 +9.965492647e-02 +3.206965493e+01 +3.206965493e+01 -1.5454e-02 -2.4050e-01
105 0 +7.712180421e-02 +3.204712180e+01 +3.204712180e+01 -1.7779e-02 -2.4445e-01
126 0 +5.936680738e-02 +3.202936681e+01 +3.202936681e+01 +5.5851e-02 -3.2933e-01
225 0 +5.812677985e-02 +3.202812678e+01 +3.202812678e+01 -3.4768e-03 -2.6997e-01
233 0 +5.584865081e-02 +3.202584865e+01 +3.202584865e+01 +1.1422e-03 -2.7642e-01
241 0 +5.583174545e-02 +3.202583175e+01 +3.202583175e+01 +2.4339e-03 -2.8140e-01
243 0 +5.581056540e-02 +3.202581057e+01 +3.202581057e+01 +1.9200e-03 -2.7669e-01
253 0 +5.525531088e-02 +3.202525531e+01 +3.202525531e+01 +2.3214e-03 -2.7828e-01
257 0 +5.505616954e-02 +3.202505617e+01 +3.202505617e+01 +6.0698e-03 -2.8036e-01
258 0 +5.346252333e-02 +3.202346252e+01 +3.202346252e+01 +7.8098e-03 -2.8377e-01
263 0 +5.143274296e-02 +3.202143274e+01 +3.202143274e+01 +1.2187e-02 -2.8988e-01
271 0 +5.131521062e-02 +3.202131521e+01 +3.202131521e+01 +1.4855e-02 -2.9127e-01
291 0 +5.119033529e-02 +3.202119034e+01 +3.202119034e+01 +1.2632e-02 -2.9078e-01
293 0 +5.094442807e-02 +3.202094443e+01 +3.202094443e+01 +1.6718e-02 -2.9308e-01
301 0 +5.058007181e-02 +3.202058007e+01 +3.202058007e+01 +1.4439e-02 -2.9433e-01
304 0 +4.986308686e-02 +3.201986309e+01 +3.201986309e+01 +1.6069e-02 -2.9513e-01
305 0 +4.978090573e-02 +3.201978091e+01 +3.201978091e+01 +1.6885e-02 -2.9760e-01
306 0 +4.949440254e-02 +3.201949440e+01 +3.201949440e+01 +1.7122e-02 -2.9614e-01
311 0 +4.940227361e-02 +3.201940227e+01 +3.201940227e+01 +1.7294e-02 -2.9664e-01
315 0 +4.888228038e-02 +3.201888228e+01 +3.201888228e+01 +1.8769e-02 -2.9901e-01
316 0 +4.862082952e-02 +3.201862083e+01 +3.201862083e+01 +2.0467e-02 -3.0220e-01
318 0 +4.846419567e-02 +3.201846420e+01 +3.201846420e+01 +1.9826e-02 -2.9989e-01
321 0 +4.691089971e-02 +3.201691090e+01 +3.201691090e+01 +2.5464e-02 -3.0824e-01
332 0 +4.478452227e-02 +3.201478452e+01 +3.201478452e+01 +3.4487e-02 -3.2010e-01
347 0 +4.407499400e-02 +3.201407499e+01 +3.201407499e+01 +3.4195e-02 -3.1875e-01
348 0 +4.389079460e-02 +3.201389079e+01 +3.201389079e+01 +3.4981e-02 -3.1978e-01
351 0 +4.232973164e-02 +3.201232973e+01 +3.201232973e+01 +3.7925e-02 -3.2209e-01
370 0 +4.145294957e-02 +3.201145295e+01 +3.201145295e+01 +4.0223e-02 -3.2437e-01
379 0 +4.051138623e-02 +3.201051139e+01 +3.201051139e+01 +4.3887e-02 -3.2628e-01
386 0 +3.942583645e-02 +3.200942584e+01 +3.200942584e+01 +4.7375e-02 -3.3339e-01
387 0 +3.853315844e-02 +3.200853316e+01 +3.200853316e+01 +4.9661e-02 -3.3561e-01
389 0 +3.658068918e-02 +3.200658069e+01 +3.200658069e+01 +5.5364e-02 -3.4137e-01
393 0 +3.456688913e-02 +3.200456689e+01 +3.200456689e+01 +6.1997e-02 -3.4841e-01
394 0 +3.287999913e-02 +3.200288000e+01 +3.200288000e+01 +6.7878e-02 -3.5482e-01
402 0 +2.934208315e-02 +3.199934208e+01 +3.199934208e+01 +8.0711e-02 -3.6937e-01
404 0 +2.837490194e-02 +3.199837490e+01 +3.199837490e+01 +8.4678e-02 -3.7327e-01
413 0 +2.729258911e-02 +3.199729259e+01 +3.199729259e+01 +9.1166e-02 -3.7920e-01
425 0 +2.643464303e-02 +3.199643464e+01 +3.199643464e+01 +9.2662e-02 -3.8184e-01
432 0 +2.606524139e-02 +3.199606524e+01 +3.199606524e+01 +9.4216e-02 -3.8351e-01
433 0 +2.582857395e-02 +3.199582857e+01 +3.199582857e+01 +9.4519e-02 -3.8509e-01
437 0 +2.518311259e-02 +3.199518311e+01 +3.199518311e+01 +9.8548e-02 -3.9069e-01
452 0 +2.359830584e-02 +3.199359831e+01 +3.199359831e+01 +1.0460e-01 -3.9493e-01
464 0 +2.321157179e-02 +3.199321157e+01 +3.199321157e+01 +1.0610e-01 -3.9844e-01
482 0 +2.299266360e-02 +3.199299266e+01 +3.199299266e+01 +1.0650e-01 -3.9818e-01
491 0 +2.260165841e-02 +3.199260166e+01 +3.199260166e+01 +1.0841e-01 -3.9958e-01
% f evaluations | g evaluations | best noise-free fitness - Fopt (5.819000000000e+01) + sum g_i+ | measured fitness | best measured fitness or single-digit g-values | x1 | x2...
1 0 +6.035091873e+01 +1.185409187e+02 +1.185409187e+02 +5.9671e-01 -3.8264e-02
2 0 +6.162617722e+00 +6.435261772e+01 +6.435261772e+01 +7.4769e-01 +1.6230e+00
3 0 +2.568679612e-01 +5.844686796e+01 +5.844686796e+01 -1.3415e-01 -1.3414e-01
53 0 +2.162802838e-01 +5.840628028e+01 +5.840628028e+01 -2.0700e-01 -5.8983e-02
81 0 +2.003423459e-01 +5.839034235e+01 +5.839034235e+01 -1.9106e-01 -6.1055e-02
132 0 +1.931876059e-01 +5.838318761e+01 +5.838318761e+01 -1.7968e-01 -6.9201e-02
154 0 +1.876950903e-01 +5.837769509e+01 +5.837769509e+01 -1.6198e-01 -7.9667e-02
155 0 +1.848918555e-01 +5.837489186e+01 +5.837489186e+01 -1.7050e-01 -7.7780e-02
163 0 +1.837375623e-01 +5.837373756e+01 +5.837373756e+01 -1.7164e-01 -7.9462e-02
171 0 +1.801393789e-01 +5.837013938e+01 +5.837013938e+01 -1.6219e-01 -8.3445e-02
172 0 +1.782422915e-01 +5.836824229e+01 +5.836824229e+01 -1.6389e-01 -8.5552e-02
183 0 +1.659602471e-01 +5.835596025e+01 +5.835596025e+01 -1.4605e-01 -1.0148e-01
192 0 +1.649557009e-01 +5.835495570e+01 +5.835495570e+01 -1.4449e-01 -1.0275e-01
203 0 +1.600973427e-01 +5.835009734e+01 +5.835009734e+01 -1.3650e-01 -1.0617e-01
213 0 +1.559743294e-01 +5.834597433e+01 +5.834597433e+01 -1.3037e-01 -1.1132e-01
218 0 +1.552880624e-01 +5.834528806e+01 +5.834528806e+01 -1.1904e-01 -1.1449e-01
220 0 +1.471414852e-01 +5.833714149e+01 +5.833714149e+01 -1.1435e-01 -1.2161e-01
223 0 +1.398017490e-01 +5.832980175e+01 +5.832980175e+01 -9.8917e-02 -1.3939e-01
225 0 +1.327970296e-01 +5.832279703e+01 +5.832279703e+01 -8.2945e-02 -1.4164e-01
226 0 +1.286533262e-01 +5.831865333e+01 +5.831865333e+01 -5.2219e-02 -1.5866e-01
231 0 +1.150417224e-01 +5.830504172e+01 +5.830504172e+01 -5.6543e-02 -1.6647e-01
245 0 +1.086191605e-01 +5.829861916e+01 +5.829861916e+01 -4.1051e-02 -1.7273e-01
259 0 +1.052468277e-01 +5.829524683e+01 +5.829524683e+01 -3.4270e-02 -1.7749e-01
262 0 +1.002324528e-01 +5.829023245e+01 +5.829023245e+01 -2.5921e-02 -1.8568e-01
272 0 +9.784397308e-02 +5.828784397e+01 +5.828784397e+01 -1.4520e-02 -1.9658e-01
281 0 +9.129955252e-02 +5.828129955e+01 +5.828129955e+01 -4.4850e-03 -1.9824e-01
284 0 +9.064729814e-02 +5.828064730e+01 +5.828064730e+01 -3.7300e-03 -1.9989e-01
288 0 +8.593677455e-02 +5.827593677e+01 +5.827593677e+01 +4.1682e-02 -2.3615e-01
289 0 +8.100674584e-02 +5.827100675e+01 +5.827100675e+01 +2.6002e-02 -2.2203e-01
293 0 +6.790957805e-02 +5.825790958e+01 +5.825790958e+01 +8.5781e-02 -2.6158e-01
294 0 +6.269456393e-02 +5.825269456e+01 +5.825269456e+01 +8.4944e-02 -2.5894e-01
301 0 +6.107267072e-02 +5.825107267e+01 +5.825107267e+01 +7.7485e-02 -2.5110e-01
305 0 +6.089588120e-02 +5.825089588e+01 +5.825089588e+01 +8.5132e-02 -2.5806e-01
314 0 +5.790064138e-02 +5.824790064e+01 +5.824790064e+01 +9.0248e-02 -2.5993e-01
318 0 +4.312700770e-02 +5.823312701e+01 +5.823312701e+01 +1.5728e-01 -3.0052e-01
329 0 +4.108741960e-02 +5.823108742e+01 +5.823108742e+01 +1.4809e-01 -2.9142e-01
331 0 +3.744942289e-02 +5.822744942e+01 +5.822744942e+01 +1.6406e-01 -3.0119e-01
346 0 +3.373194413e-02 +5.822373194e+01 +5.822373194e+01 +1.8841e-01 -3.1123e-01
347 0 +2.897597003e-02 +5.821897597e+01 +5.821897597e+01 +2.0534e-01 -3.2441e-01
348 0 +2.665055623e-02 +5.821665056e+01 +5.821665056e+01 +2.1483e-01 -3.2864e-01
380 0 +2.463844152e-02 +5.821463844e+01 +5.821463844e+01 +2.2599e-01 -3.3475e-01
393 0 +2.425827682e-02 +5.821425828e+01 +5.821425828e+01 +2.2746e-01 -3.3457e-01
404 0 +2.069881355e-02 +5.821069881e+01 +5.821069881e+01 +2.4938e-01 -3.4724e-01
412 0 +2.009173115e-02 +5.821009173e+01 +5.821009173e+01 +2.5182e-01 -3.4771e-01
422 0 +1.998418693e-02 +5.820998419e+01 +5.820998419e+01 +2.5249e-01 -3.4810e-01
424 0 +1.900154186e-02 +5.820900154e+01 +5.820900154e+01 +2.5998e-01 -3.5114e-01
431 0 +1.747146912e-02 +5.820747147e+01 +5.820747147e+01 +2.7071e-01 -3.5844e-01
451 0 +1.745219645e-02 +5.820745220e+01 +5.820745220e+01 +2.8303e-01 -3.6632e-01
453 0 +1.586691325e-02 +5.820586691e+01 +5.820586691e+01 +2.8134e-01 -3.6216e-01
455 0 +1.350755460e-02 +5.820350755e+01 +5.820350755e+01 +2.9814e-01 -3.7099e-01
463 0 +1.272045268e-02 +5.820272045e+01 +5.820272045e+01 +3.0572e-01 -3.7447e-01
471 0 +1.047342718e-02 +5.820047343e+01 +5.820047343e+01 +3.2281e-01 -3.8391e-01
483 0 +9.550187099e-03 +5.819955019e+01 +5.819955019e+01 +3.3134e-01 -3.8808e-01
491 0 +8.602698294e-03 +5.819860270e+01 +5.819860270e+01 +3.4608e-01 -3.9418e-01
492 0 +8.025324893e-03 +5.819802532e+01 +5.819802532e+01 +3.8238e-01 -4.1016e-01
495 0 +3.812559844e-03 +5.819381256e+01 +5.819381256e+01 +4.0383e-01 -4.2419e-01
