% f evaluations | g evaluations | best noise-free fitness - Fopt (1.238300000000e+02) + sum g_i+ | measured fitness | best measured fitness or single-digit g-values | x1 | x2...
1 0 +3.290044558e+03 +3.413874558e+03 +3.413874558e+03 +5.9671e-01 -3.8264e-02 +7.4769e-01 +1.6230e+00 -1.3415e-01 -1.3414e-01 +1.6792e+00 +8.6743e-01 -3.6947e-01 +6.4256e-01
2 0 +1.686800048e+03 +1.810630048e+03 +1.810630048e+03 -3.6342e-01 -3.6573e-01 +3.4196e-01 -1.8133e+00 -1.6249e+00 -4.6229e-01 -9.1283e-01 +4.1425e-01 -8.0802e-01 -1.3123e+00
3 0 +9.989359862e+02 +1.122765986e+03 +1.122765986e+03 +1.5656e+00 -1.2578e-01 +1.6753e-01 -1.3247e+00 -4.4438e-01 +2.1092e-01 -1.0510e+00 +4.7570e-01 -5.0064e-01 -1.9169e-01
22 0 +9.264084469e+02 +1.050238447e+03 +1.050238447e+03 +6.7089e-01 +1.2356e+00 +1.0540e+00 +7.5139e-01 -2.1527e-01 +8.5897e-01 -6.7283e-01 -1.3682e-01 -3.8536e-01 +1.8187e-01
31 0 +3.060416277e+02 +4.298716277e+02 +4.298716277e+02 -7.2900e-01 -4.6018e-01 +8.4729e-01 +7.1037e-01 +7.9098e-02 +2.1733e-01 +1.3777e+00 -4.9157e-01 +6.4710e-01 -1.0219e-01
57 0 +3.001650005e+02 +4.239950005e+02 +4.239950005e+02 +7.2708e-01 +2.8274e-01 +7.5207e-01 -2.0155e-01 +7.4894e-01 +7.2160e-01 +3.7999e-01 +2.3014e-02 +1.1376e+00 -1.7426e-01
110 0 +2.615688056e+02 +3.853988056e+02 +3.853988056e+02 -7.0247e-01 -1.0278e+00 -1.9899e-01 +1.3132e-01 +7.5719e-01 -1.4229e-01 -8.8749e-01 -5.6626e-01 +3.4906e-01 -5.1211e-01
119 0 +2.194958338e+02 +3.433258338e+02 +3.433258338e+02 +1.8186e-03 +1.2987e-01 +7.0269e-01 +1.3205e+00 +6.8746e-01 +4.7592e-01 +1.5485e-01 -2.1299e-01 +1.0954e+00 -7.6741e-01
148 0 +1.712812863e+02 +2.951112863e+02 +2.951112863e+02 -5.4156e-01 -2.6004e-02 +6.3468e-01 +7.1612e-01 -3.5124e-01 +7.1481e-01 +1.2973e-01 -2.9876e-01 -6.6474e-02 +4.1963e-01
151 0 +1.463648899e+02 +2.701948899e+02 +2.701948899e+02 +6.4539e-01 +4.2834e-02 +4.2504e-01 +4.5889e-01 -1.3613e-02 +9.6359e-01 -2.6618e-01 -8.1197e-01 +5.2084e-01 -7.6473e-01
175 0 +1.119875417e+02 +2.358175417e+02 +2.358175417e+02 -5.0045e-01 +4.0885e-03 -1.7448e-02 +4.2493e-01 +7.4435e-01 -4.5415e-01 +8.9350e-02 -5.1169e-01 +5.9624e-01 -3.6545e-02
201 0 +8.951455156e+01 +2.133445516e+02 +2.133445516e+02 -1.0884e-01 -4.1625e-01 +7.1707e-01 +1.0691e+00 +2.8677e-01 -4.8790e-01 +7.4373e-02 -5.1751e-01 +7.6036e-01 -2.4312e-01
202 0 +6.495442875e+01 +1.887844288e+02 +1.887844288e+02 -5.8435e-02 +1.3647e-01 +9.4643e-01 +7.9475e-01 +4.2719e-01 +4.7353e-02 -4.7943e-02 -7.3977e-01 +9.9897e-01 -1.3424e-01
307 0 +6.257425708e+01 +1.864042571e+02 +1.864042571e+02 -6.2263e-02 -8.6958e-02 +8.5179e-01 +1.4832e-01 +1.8662e-01 +2.8685e-01 -5.7342e-01 -6.8685e-01 +5.2826e-01 -3.4419e-01
352 0 +4.856094002e+01 +1.723909400e+02 +1.723909400e+02 +1.1805e-01 -3.5322e-01 +6.3820e-01 +3.1844e-01 +5.5003e-01 +3.9544e-01 -4.2981e-01 -2.4452e-01 +7.0062e-01 -2.8304e-01
353 0 +2.144765364e+01 +1.452776536e+02 +1.452776536e+02 +7.2036e-02 +5.2960e-02 +4.8630e-01 +7.6768e-01 +5.7222e-01 -1.3450e-01 -3.6048e-01 -7.0126e-01 +7.6128e-01 -3.9414e-01
448 0 +2.133525346e+01 +1.451652535e+02 +1.451652535e+02 +5.3047e-01 -9.0323e-02 +7.4367e-01 +1.1448e-01 +1.8220e-01 +3.9940e-01 -5.9555e-01 -6.3397e-01 +7.8838e-01 -4.9814e-01
451 0 +1.398610427e+01 +1.378161043e+02 +1.378161043e+02 -4.0433e-02 +2.3875e-03 +2.6215e-01 +7.3307e-01 +4.2930e-01 +1.1284e-01 +2.8039e-02 -4.6281e-01 +7.5569e-01 -2.4103e-01
606 0 +1.223559766e+01 +1.360655977e+02 +1.360655977e+02 +1.4205e-01 -8.1376e-03 +4.9840e-01 +6.1686e-01 +5.2646e-01 -2.8591e-02 -2.2135e-01 -4.2959e-01 +8.4438e-01 -2.0201e-01
701 0 +1.063330721e+01 +1.344633072e+02 +1.344633072e+02 -3.9755e-04 +1.0119e-02 +3.9007e-01 +6.7122e-01 +5.0338e-01 -2.6305e-02 -1.8068e-01 -5.0555e-01 +9.5666e-01 -3.7487e-01
758 0 +1.029024539e+01 +1.341202454e+02 +1.341202454e+02 +5.4520e-02 -3.5333e-02 +4.7688e-01 +7.3829e-01 +5.5287e-01 -9.8056e-02 -2.7774e-01 -4.2689e-01 +8.7864e-01 -2.3846e-01
815 0 +9.884976288e+00 +1.337149763e+02 +1.337149763e+02 +6.2164e-02 +1.0661e-01 +3.7881e-01 +6.9718e-01 +4.9931e-01 +3.8776e-02 -1.6040e-01 -4.0834e-01 +9.4743e-01 -2.8507e-01
829 0 +9.774879737e+00 +1.336048797e+02 +1.336048797e+02 +1.2315e-01 +4.6788e-02 +4.1088e-01 +7.0936e-01 +5.2548e-01 -1.8363e-02 -3.2041e-01 -4.6378e-01 +9.7935e-01 -3.1862e-01
857 0 +8.951922007e+00 +1.327819220e+02 +1.327819220e+02 +8.4846e-03 +1.3760e-02 +3.5349e-01 +7.7694e-01 +5.3758e-01 -1.2230e-02 -2.1608e-01 -4.8680e-01 +9.5286e-01 -2.7602e-01
1009 0 +8.772596384e+00 +1.326025964e+02 +1.326025964e+02 +4.6054e-02 +3.1987e-02 +3.9292e-01 +6.8706e-01 +5.2675e-01 -4.6609e-02 -2.4777e-01 -4.3643e-01 +9.6002e-01 -2.8413e-01
1010 0 +8.768829177e+00 +1.325988292e+02 +1.325988292e+02 -1.1415e-02 +5.7790e-02 +3.4761e-01 +7.3297e-01 +4.7968e-01 -7.3318e-02 -9.3654e-02 -4.3393e-01 +9.2855e-01 -3.1372e-01
1026 0 +8.721070411e+00 +1.325510704e+02 +1.325510704e+02 +2.9299e-02 +1.0890e-02 +3.9202e-01 +7.1832e-01 +4.8659e-01 -8.5963e-02 -1.9888e-01 -4.4406e-01 +9.4711e-01 -2.8730e-01
1051 0 +8.366706090e+00 +1.321967061e+02 +1.321967061e+02 +1.0800e-02 +2.8690e-02 +3.5914e-01 +7.1975e-01 +4.9453e-01 -6.2264e-02 -1.4335e-01 -4.4591e-01 +9.3192e-01 -2.5988e-01
1063 0 +8.354977110e+00 +1.321849771e+02 +1.321849771e+02 -2.2403e-02 +8.1645e-02 +3.1942e-01 +7.5340e-01 +4.6723e-01 -3.6369e-02 -1.0332e-01 -4.2531e-01 +9.6139e-01 -2.9565e-01
1101 0 +8.229216880e+00 +1.320592169e+02 +1.320592169e+02 -2.0676e-02 +2.8269e-02 +3.1153e-01 +7.5159e-01 +4.5870e-01 -5.8311e-02 -1.2624e-01 -4.5291e-01 +9.5901e-01 -2.8247e-01
1151 0 +7.973321141e+00 +1.318033211e+02 +1.318033211e+02 -6.4424e-02 +4.8521e-02 +2.8470e-01 +7.4185e-01 +4.2280e-01 -3.5549e-02 -7.1797e-02 -4.0377e-01 +9.7053e-01 -2.6985e-01
1368 0 +7.943378465e+00 +1.317733785e+02 +1.317733785e+02 -7.9558e-02 +9.8196e-02 +2.6417e-01 +7.4410e-01 +3.0779e-01 +2.3005e-02 -7.4532e-03 -4.2189e-01 +9.3925e-01 -1.9888e-01
1402 0 +7.414279236e+00 +1.312442792e+02 +1.312442792e+02 -1.1874e-01 +1.4934e-01 +2.3420e-01 +7.0415e-01 +2.5274e-01 +6.3340e-02 +9.5030e-02 -4.0645e-01 +9.7605e-01 -2.4288e-01
1654 0 +7.220121448e+00 +1.310501214e+02 +1.310501214e+02 -1.9462e-01 +1.2924e-01 +1.9924e-01 +6.9790e-01 +1.7153e-01 +1.1299e-01 +1.4226e-01 -3.9152e-01 +9.5275e-01 -1.9326e-01
1691 0 +7.194858845e+00 +1.310248588e+02 +1.310248588e+02 -1.6683e-01 +1.6088e-01 +1.8709e-01 +7.1294e-01 +1.5890e-01 +1.8132e-01 +1.7366e-01 -3.7947e-01 +9.9736e-01 -2.2666e-01
1701 0 +7.145165895e+00 +1.309751659e+02 +1.309751659e+02 -1.9521e-01 +1.6313e-01 +1.6969e-01 +6.9335e-01 +2.0575e-01 +1.4450e-01 +1.5285e-01 -3.8987e-01 +9.8469e-01 -2.2994e-01
1704 0 +7.121024543e+00 +1.309510245e+02 +1.309510245e+02 -1.6176e-01 +1.4595e-01 +1.8236e-01 +6.8856e-01 +1.4642e-01 +1.5061e-01 +1.2269e-01 -3.5673e-01 +9.2227e-01 -2.0087e-01
1708 0 +6.920560627e+00 +1.307505606e+02 +1.307505606e+02 -2.0559e-01 +2.0670e-01 +1.5719e-01 +6.7541e-01 +1.6139e-01 +1.9262e-01 +1.7271e-01 -3.8002e-01 +9.5911e-01 -2.1517e-01
1716 0 +6.834816008e+00 +1.306648160e+02 +1.306648160e+02 -2.2671e-01 +1.9957e-01 +1.6254e-01 +6.9491e-01 +1.0825e-01 +2.5288e-01 +1.8891e-01 -3.7453e-01 +9.5298e-01 -1.7356e-01
1788 0 +6.783563889e+00 +1.306135639e+02 +1.306135639e+02 -1.9779e-01 +2.2577e-01 +1.5502e-01 +6.7088e-01 +6.3701e-02 +2.3897e-01 +1.6771e-01 -3.4068e-01 +9.3373e-01 -1.7298e-01
1809 0 +6.492030132e+00 +1.303220301e+02 +1.303220301e+02 -2.1683e-01 +2.4370e-01 +1.5239e-01 +6.3250e-01 +2.5129e-02 +2.5827e-01 +2.5865e-01 -3.5909e-01 +9.3452e-01 -1.5659e-01
2003 0 +6.468094365e+00 +1.302980944e+02 +1.302980944e+02 -2.2944e-01 +2.8239e-01 +1.6669e-01 +6.4885e-01 +2.1291e-04 +2.9106e-01 +2.3182e-01 -3.4087e-01 +9.1779e-01 -1.4646e-01
2052 0 +6.372917700e+00 +1.302029177e+02 +1.302029177e+02 -1.8846e-01 +3.0217e-01 +1.2434e-01 +6.1396e-01 +8.3012e-03 +3.4637e-01 +2.4995e-01 -3.5865e-01 +9.2499e-01 -1.1141e-01
2111 0 +6.357017897e+00 +1.301870179e+02 +1.301870179e+02 -1.9037e-01 +2.6228e-01 +1.4040e-01 +6.1258e-01 +2.4134e-02 +2.8178e-01 +2.2669e-01 -3.5848e-01 +9.0897e-01 -1.2364e-01
2141 0 +6.238465306e+00 +1.300684653e+02 +1.300684653e+02 -2.1093e-01 +3.3677e-01 +1.3855e-01 +5.1759e-01 -8.0696e-02 +3.4679e-01 +3.2685e-01 -3.4070e-01 +8.7541e-01 -6.1425e-02
2145 0 +6.231119357e+00 +1.300611194e+02 +1.300611194e+02 -2.3470e-01 +3.6234e-01 +1.5257e-01 +5.3067e-01 -1.1109e-01 +3.8177e-01 +3.2156e-01 -3.6779e-01 +8.3904e-01 -4.1238e-03
2156 0 +6.205282629e+00 +1.300352826e+02 +1.300352826e+02 -2.4867e-01 +3.4529e-01 +1.4712e-01 +5.3469e-01 -5.1911e-02 +3.9361e-01 +3.2708e-01 -3.4426e-01 +9.1025e-01 -3.7077e-02
2182 0 +5.930201786e+00 +1.297602018e+02 +1.297602018e+02 -1.9817e-01 +3.3826e-01 +1.3071e-01 +5.4883e-01 -1.2416e-01 +3.8666e-01 +3.0719e-01 -3.3362e-01 +8.1417e-01 -1.4983e-02
2185 0 +5.912810456e+00 +1.297428105e+02 +1.297428105e+02 -2.0871e-01 +3.2037e-01 +1.3435e-01 +5.6890e-01 -9.6541e-02 +3.9256e-01 +2.9651e-01 -3.2933e-01 +8.5334e-01 -3.9889e-02
2203 0 +5.732284469e+00 +1.295622845e+02 +1.295622845e+02 -2.2469e-01 +4.0606e-01 +1.3055e-01 +5.3348e-01 -1.2682e-01 +4.3760e-01 +3.3439e-01 -3.4013e-01 +8.1772e-01 -1.8857e-02
2213 0 +5.643485782e+00 +1.294734858e+02 +1.294734858e+02 -2.0521e-01 +3.9526e-01 +1.2275e-01 +5.1740e-01 -9.5987e-02 +4.1823e-01 +3.2668e-01 -3.1692e-01 +8.4929e-01 -2.5860e-02
2367 0 +5.425071511e+00 +1.292550715e+02 +1.292550715e+02 -1.4207e-01 +4.3516e-01 +1.0663e-01 +4.7412e-01 -1.5700e-01 +4.5576e-01 +3.8158e-01 -3.1160e-01 +8.1658e-01 +4.7893e-02
% f evaluations | g evaluations | best noise-free fitness - Fopt (4.751000000000e+01) + sum g_i+ | measured fitness | best measured fitness or single-digit g-values | x1 | x2...
1 0 +6.586402251e+03 +6.633912251e+03 +6.633912251e+03 +5.9671e-01 -3.8264e-02 +7.4769e-01 +1.6230e+00 -1.3415e-01 -1.3414e-01 +1.6792e+00 +8.6743e-01 -3.6947e-01 +6.4256e-01
3 0 +2.814880431e+03 +2.862390431e+03 +2.862390431e+03 +1.5656e+00 -1.2578e-01 +1.6753e-01 -1.3247e+00 -4.4438e-01 +2.1092e-01 -1.0510e+00 +4.7570e-01 -5.0064e-01 -1.9169e-01
4 0 +2.605589169e+03 +2.653099169e+03 +2.653099169e+03 -5.0171e-01 +1.9523e+00 +8.6503e-02 -9.5771e-01 +9.2254e-01 -1.1208e+00 +3.0886e-01 -1.8597e+00 -1.2282e+00 +2.9686e-01
6 0 +7.068155918e+02 +7.543255918e+02 +7.543255918e+02 +4.2408e-01 -2.8508e-01 -5.7692e-01 +7.1168e-01 +1.1310e+00 +1.0313e+00 -7.3922e-01 -2.0921e-01 +4.3126e-01 +1.0755e+00
20 0 +3.385041336e+02 +3.860141336e+02 +3.860141336e+02 -3.4651e-01 +9.5640e-01 +3.1409e-01 -1.1457e+00 +2.7318e-01 +4.8532e-01 -7.8386e-01 +2.5373e-01 +1.5821e-01 -1.0430e+00
34 0 +2.560512940e+02 +3.035612940e+02 +3.035612940e+02 +8.7753e-02 -7.9725e-01 +1.7580e-01 -5.7716e-01 +1.0751e+00 -4.7057e-02 -7.2550e-01 -2.2139e-01 +5.1293e-01 -4.6372e-01
102 0 +2.088341662e+02 +2.563441662e+02 +2.563441662e+02 -2.9108e-01 +1.3576e-01 +4.1954e-01 -4.6449e-01 +1.2581e+00 -7.6247e-01 -1.1861e-01 -7.0164e-01 +4.7609e-02 +1.0059e-01
118 0 +2.020221520e+02 +2.495321520e+02 +2.495321520e+02 -8.0963e-01 +5.7879e-01 -6.7723e-02 -1.1970e+00 +5.1665e-01 +2.8919e-02 +2.0577e-02 +5.7570e-01 -2.3890e-01 -2.4243e-01
134 0 +1.887452387e+02 +2.362552387e+02 +2.362552387e+02 -3.2780e-01 -1.3898e-01 -8.3112e-01 -1.2411e+00 +1.0803e+00 -1.8408e-01 -2.0169e-01 +3.2881e-01 +1.0084e+00 -4.5441e-01
152 0 +1.731807482e+02 +2.206907482e+02 +2.206907482e+02 -3.8838e-01 +2.8579e-01 -1.0617e-01 -4.8412e-01 +1.3198e+00 -1.7744e-01 -4.3044e-01 +8.0074e-01 +8.5781e-01 -1.5016e-01
183 0 +1.056272018e+02 +1.531372018e+02 +1.531372018e+02 -8.6007e-01 -1.3065e-01 -3.7650e-01 -9.8121e-01 +1.0254e+00 +3.9993e-01 -1.3841e-01 +5.6961e-01 +1.8618e-01 -1.3970e-01
308 0 +8.105736410e+01 +1.285673641e+02 +1.285673641e+02 -5.1780e-01 -2.9317e-01 -7.3621e-01 +3.6847e-01 +7.8682e-01 +2.2464e-02 -5.7099e-01 +3.5883e-02 +4.4920e-01 -7.0537e-02
364 0 +7.161821206e+01 +1.191282121e+02 +1.191282121e+02 -4.6650e-01 -5.6247e-01 +3.2103e-01 -3.3822e-01 +1.1219e-01 +1.7817e-01 -5.9864e-02 +6.4777e-01 +4.1788e-01 -6.4020e-01
412 0 +5.577102152e+01 +1.032810215e+02 +1.032810215e+02 -8.6746e-01 -1.3575e-01 -1.3739e-01 -1.4737e-01 +9.6283e-01 -3.5303e-01 -4.0327e-01 -1.7049e-01 -1.8205e-01 +1.4031e-01
451 0 +4.791884254e+01 +9.542884254e+01 +9.542884254e+01 -8.7741e-01 -1.1897e-01 -1.8146e-01 -4.3663e-01 +9.7979e-01 -5.0582e-01 +9.5308e-03 +4.8510e-03 +4.0276e-01 +3.8160e-02
482 0 +4.653651214e+01 +9.404651214e+01 +9.404651214e+01 -7.7980e-01 -2.4534e-01 -3.5980e-01 -6.0267e-01 +7.3302e-01 -2.5455e-01 -3.4820e-01 +4.3456e-01 +1.8077e-01 +2.6269e-01
490 0 +3.245138463e+01 +7.996138463e+01 +7.996138463e+01 -6.1557e-01 -3.7924e-01 -1.7165e-01 -9.4979e-02 +3.0065e-01 -3.4107e-01 +1.3090e-01 +4.2258e-01 +1.0365e-01 -4.1353e-01
502 0 +2.925985208e+01 +7.676985208e+01 +7.676985208e+01 -9.3748e-01 -1.5483e-01 -3.4080e-01 -2.1627e-01 +8.4709e-01 -3.1330e-01 -1.4349e-01 +2.3236e-01 +2.4695e-01 -3.2765e-03
507 0 +2.815987384e+01 +7.566987384e+01 +7.566987384e+01 -4.4599e-01 -7.4907e-01 -2.9289e-03 -3.4172e-01 +1.0590e-01 -1.9855e-01 +3.5222e-01 +4.3802e-01 +3.2983e-02 -3.3394e-01
554 0 +2.613291931e+01 +7.364291931e+01 +7.364291931e+01 -1.0744e+00 -5.2895e-01 -1.2362e-01 -5.7843e-01 +7.8599e-01 -3.6517e-01 -2.1923e-02 +2.2119e-01 +3.6784e-01 -3.9065e-01
556 0 +1.480171188e+01 +6.231171188e+01 +6.231171188e+01 -8.6663e-01 -4.3002e-01 -3.9678e-02 -4.4865e-02 +7.4360e-01 -2.0782e-01 +5.4002e-02 +4.0528e-01 +2.3645e-01 -2.3669e-01
701 0 +1.073518386e+01 +5.824518386e+01 +5.824518386e+01 -8.1559e-01 -5.4572e-01 -5.4588e-02 -2.2577e-01 +5.8028e-01 -3.0994e-01 +8.1405e-02 +4.1007e-01 +2.6272e-01 -2.8840e-01
886 0 +1.034103259e+01 +5.785103259e+01 +5.785103259e+01 -8.8048e-01 -6.0664e-01 -1.0810e-01 -2.0168e-01 +8.5615e-01 -4.0314e-01 +5.6639e-02 +4.0002e-01 +1.9795e-01 -1.8908e-01
924 0 +9.167681181e+00 +5.667768118e+01 +5.667768118e+01 -7.3512e-01 -6.5924e-01 -3.2390e-02 -1.5667e-01 +5.3545e-01 -4.1184e-01 +2.0321e-01 +5.2487e-01 +1.8573e-01 -3.3397e-01
943 0 +8.962036374e+00 +5.647203637e+01 +5.647203637e+01 -7.7197e-01 -5.6106e-01 +5.6963e-02 -1.3765e-01 +5.8489e-01 -4.5126e-01 +9.3161e-02 +5.3870e-01 +2.1381e-01 -2.8051e-01
961 0 +8.720457358e+00 +5.623045736e+01 +5.623045736e+01 -7.8560e-01 -6.1357e-01 +9.0810e-02 -2.2393e-01 +6.5315e-01 -4.0081e-01 +1.3257e-01 +5.1070e-01 +1.6873e-01 -2.6239e-01
1104 0 +8.531926663e+00 +5.604192666e+01 +5.604192666e+01 -7.5548e-01 -5.9816e-01 +3.9583e-02 -1.5024e-01 +5.8469e-01 -4.1890e-01 +1.8267e-01 +5.7621e-01 +2.1115e-01 -3.2072e-01
1201 0 +8.277793518e+00 +5.578779352e+01 +5.578779352e+01 -7.6261e-01 -6.0090e-01 +4.5058e-02 -2.1943e-01 +5.2302e-01 -3.9998e-01 +2.1327e-01 +5.0297e-01 +2.0674e-01 -3.8023e-01
1203 0 +7.559130038e+00 +5.506913004e+01 +5.506913004e+01 -7.3997e-01 -6.4899e-01 +1.2613e-01 -2.1337e-01 +4.1296e-01 -4.5621e-01 +2.2670e-01 +5.5957e-01 +1.3400e-01 -3.4642e-01
1405 0 +7.450462765e+00 +5.496046277e+01 +5.496046277e+01 -7.1648e-01 -6.4826e-01 +1.2745e-01 -2.1424e-01 +4.4426e-01 -4.3899e-01 +1.7854e-01 +5.5247e-01 +1.5012e-01 -3.5864e-01
1514 0 +7.353454385e+00 +5.486345438e+01 +5.486345438e+01 -6.5264e-01 -6.0238e-01 +1.7197e-01 -3.0270e-01 +3.2516e-01 -4.3194e-01 +2.2326e-01 +5.2372e-01 +1.6334e-01 -3.8698e-01
1515 0 +7.174928180e+00 +5.468492818e+01 +5.468492818e+01 -7.0387e-01 -5.9393e-01 +1.8010e-01 -2.3533e-01 +3.3034e-01 -4.6447e-01 +2.4413e-01 +5.3266e-01 +1.6285e-01 -3.9281e-01
1585 0 +6.997284186e+00 +5.450728419e+01 +5.450728419e+01 -6.5891e-01 -5.8913e-01 +1.7765e-01 -2.9602e-01 +2.9740e-01 -4.7183e-01 +2.7682e-01 +5.0603e-01 +1.1968e-01 -3.7730e-01
1701 0 +6.802988937e+00 +5.431298894e+01 +5.431298894e+01 -6.3158e-01 -6.1958e-01 +1.8874e-01 -2.9123e-01 +2.7393e-01 -4.5798e-01 +2.5679e-01 +4.9120e-01 +1.4980e-01 -3.9903e-01
1774 0 +6.783622474e+00 +5.429362247e+01 +5.429362247e+01 -6.1370e-01 -6.2456e-01 +2.1031e-01 -3.4891e-01 +1.8582e-01 -4.7363e-01 +3.0214e-01 +4.8655e-01 +9.8291e-02 -4.0730e-01
1792 0 +6.761275682e+00 +5.427127568e+01 +5.427127568e+01 -6.1636e-01 -5.7349e-01 +2.2600e-01 -3.1728e-01 +1.6746e-01 -4.6073e-01 +3.2365e-01 +4.8044e-01 +1.4875e-01 -4.1676e-01
1802 0 +6.724625565e+00 +5.423462556e+01 +5.423462556e+01 -5.8220e-01 -5.8430e-01 +2.3459e-01 -3.1934e-01 +2.0823e-01 -4.8296e-01 +2.7758e-01 +4.6833e-01 +1.0488e-01 -3.8991e-01
1844 0 +6.519951226e+00 +5.402995123e+01 +5.402995123e+01 -6.1048e-01 -5.7678e-01 +2.6048e-01 -3.4323e-01 +1.5963e-01 -4.5839e-01 +3.2467e-01 +4.7091e-01 +1.2591e-01 -4.2829e-01
1852 0 +6.456241266e+00 +5.396624127e+01 +5.396624127e+01 -5.8422e-01 -6.0652e-01 +2.6578e-01 -3.2039e-01 +1.5962e-01 -4.8599e-01 +2.8958e-01 +4.6853e-01 +1.0816e-01 -3.9254e-01
1909 0 +6.312740545e+00 +5.382274054e+01 +5.382274054e+01 -5.5066e-01 -6.1179e-01 +3.2037e-01 -3.7963e-01 +1.3131e-01 -4.5850e-01 +3.0681e-01 +4.4164e-01 +8.1213e-02 -4.4345e-01
2072 0 +6.033474670e+00 +5.354347467e+01 +5.354347467e+01 -5.0103e-01 -6.0757e-01 +3.3124e-01 -4.0375e-01 +7.9707e-02 -4.8815e-01 +3.2892e-01 +4.0129e-01 +1.0435e-01 -4.3239e-01
2104 0 +5.911048222e+00 +5.342104822e+01 +5.342104822e+01 -5.1255e-01 -6.0101e-01 +3.1740e-01 -4.0161e-01 +6.9340e-02 -4.8686e-01 +3.3972e-01 +4.2360e-01 +6.8282e-02 -4.1984e-01
2162 0 +5.762609708e+00 +5.327260971e+01 +5.327260971e+01 -4.8538e-01 -5.8539e-01 +3.4634e-01 -4.3219e-01 +6.6690e-03 -5.1410e-01 +3.5075e-01 +3.6984e-01 +6.8400e-02 -4.1754e-01
2222 0 +5.761250412e+00 +5.327125041e+01 +5.327125041e+01 -4.1670e-01 -5.8597e-01 +3.9719e-01 -4.7756e-01 -5.9366e-02 -5.1754e-01 +3.6976e-01 +3.3316e-01 +5.3116e-02 -4.0744e-01
2230 0 +5.704469373e+00 +5.321446937e+01 +5.321446937e+01 -4.3057e-01 -5.8405e-01 +3.8492e-01 -4.8160e-01 -3.1994e-02 -4.9422e-01 +3.4934e-01 +3.2065e-01 +4.5828e-02 -4.2820e-01
2280 0 +5.650010292e+00 +5.316001029e+01 +5.316001029e+01 -4.4972e-01 -6.0643e-01 +3.7646e-01 -4.7549e-01 -2.4349e-02 -5.0855e-01 +3.4301e-01 +3.1526e-01 +1.2981e-02 -4.1202e-01
2292 0 +5.594823283e+00 +5.310482328e+01 +5.310482328e+01 -3.9721e-01 -5.6135e-01 +4.3664e-01 -4.6941e-01 -4.5865e-02 -4.9836e-01 +3.2402e-01 +2.4610e-01 -5.1104e-02 -3.9192e-01
2386 0 +5.420708480e+00 +5.293070848e+01 +5.293070848e+01 -3.4383e-01 -5.7417e-01 +4.9820e-01 -5.3475e-01 -1.6886e-01 -5.1405e-01 +3.3157e-01 +1.9459e-01 -6.5993e-02 -3.7124e-01
2467 0 +5.037934982e+00 +5.254793498e+01 +5.254793498e+01 -3.3629e-01 -5.1302e-01 +5.4691e-01 -5.3077e-01 -1.2440e-01 -5.6629e-01 +3.2559e-01 +1.6887e-01 -9.3999e-02 -3.2945e-01
% f evaluations | g evaluations | best noise-free fitness - Fopt (5.534000000000e+01) + sum g_i+ | measured fitness | best measured fitness or single-digit g-values | x1 | x2...
1 0 +1.023923227e+03 +1.079263227e+03 +1.079263227e+03 +5.9671e-01 -3.8264e-02 +7.4769e-01 +1.6230e+00 -1.3415e-01 -1.3414e-01 +1.6792e+00 +8.6743e-01 -3.6947e-01 +6.4256e-01
9 0 +7.990277377e+02 +8.543677377e+02 +8.543677377e+02 -1.1967e-01 +4.5711e-01 +1.5779e+00 -4.1827e-01 -7.0849e-01 -4.0176e-01 +1.0154e+00 +4.2875e-01 -4.2976e-01 +6.1327e-01
10 0 +3.214354854e+02 +3.767754854e+02 +3.767754854e+02 +1.9708e-01 +1.0686e+00 -6.0205e-01 -2.2766e-01 -2.9211e-01 -1.3635e+00 +3.9612e-01 +3.6106e-01 +1.0511e-01 -1.3459e-01
81 0 +3.199451612e+02 +3.752851612e+02 +3.752851612e+02 +8.4014e-02 +5.6902e-01 +9.6894e-01 +9.2354e-01 +1.9796e-01 +5.6443e-01 +8.5560e-01 +1.0579e+00 +3.8958e-01 +6.2380e-01
106 0 +3.177970084e+02 +3.731370084e+02 +3.731370084e+02 -3.8908e-01 +2.9545e-01 -2.4514e-01 -3.6174e-01 -1.2686e-01 -8.2735e-01 -8.9094e-01 -3.6984e-01 +2.3354e-01 -6.0675e-02
125 0 +1.173331635e+02 +1.726731635e+02 +1.726731635e+02 -6.0327e-01 +1.2680e+00 -1.4685e-01 -7.5632e-01 -2.8603e-01 +4.0800e-01 -1.3425e-01 -1.8147e-02 +5.8757e-01 +1.3636e-01
252 0 +1.040666947e+02 +1.594066947e+02 +1.594066947e+02 -1.9360e-01 +1.3836e+00 -4.1760e-01 -8.6536e-01 +1.8294e-01 +2.8054e-01 +3.3477e-01 +3.1857e-01 +6.6773e-01 +1.8069e-01
257 0 +8.678098986e+01 +1.421209899e+02 +1.421209899e+02 -2.9183e-01 +1.2196e-01 -1.7280e-02 -4.6438e-02 -2.7514e-01 +9.1816e-02 -7.8729e-03 -1.4531e-01 +3.3669e-01 +2.9172e-01
267 0 +7.856660864e+01 +1.339066086e+02 +1.339066086e+02 -5.8733e-01 +7.4967e-01 -2.4879e-01 -5.4984e-01 -1.8950e-01 +2.9514e-01 +3.5237e-02 +3.3101e-01 +3.0020e-01 +1.3182e-01
301 0 +7.271995572e+01 +1.280599557e+02 +1.280599557e+02 -3.7539e-01 +7.7396e-01 +2.1874e-01 -2.8431e-01 -1.2549e-01 -2.7441e-01 +5.4357e-02 +1.3555e-02 +4.6788e-01 -7.9375e-02
344 0 +6.269511538e+01 +1.180351154e+02 +1.180351154e+02 +6.9245e-01 +9.1397e-01 -1.6096e-01 -2.1653e-01 +1.4056e-01 -3.2949e-01 +8.4748e-01 +2.3016e-02 +1.0357e+00 -6.5457e-03
351 0 +4.115751193e+01 +9.649751193e+01 +9.649751193e+01 -1.7595e-01 +6.5647e-01 -4.1699e-01 +6.0351e-02 -3.6691e-01 -1.7539e-02 -2.1687e-01 +3.4880e-01 +4.2321e-01 +4.4262e-02
392 0 +3.927644791e+01 +9.461644791e+01 +9.461644791e+01 +3.6684e-01 +7.9977e-01 +1.2815e-01 -9.7910e-03 -7.2784e-02 -4.3488e-01 +3.3525e-01 +2.0651e-01 +1.0456e+00 +3.4513e-01
506 0 +3.175675928e+01 +8.709675928e+01 +8.709675928e+01 +1.5441e-01 +7.5282e-01 -6.7996e-03 -4.6628e-02 -3.2219e-01 -3.6863e-01 -1.3607e-01 +5.1371e-01 +8.8977e-01 +4.1163e-01
558 0 +2.208043219e+01 +7.742043219e+01 +7.742043219e+01 -3.0230e-01 +9.0199e-01 -2.0439e-01 -1.3252e-01 -2.2137e-01 -2.9964e-01 -1.8800e-01 +5.3304e-01 +1.0059e+00 -7.5145e-02
580 0 +1.857143618e+01 +7.391143618e+01 +7.391143618e+01 -1.8975e-01 +6.3930e-01 -5.4648e-01 -3.7683e-02 -4.1399e-01 -1.5227e-01 -2.7398e-01 +7.1950e-01 +7.5848e-01 +1.8341e-01
611 0 +1.724489060e+01 +7.258489060e+01 +7.258489060e+01 +5.4686e-02 +8.1594e-01 -1.4923e-01 -1.1368e-01 -2.1693e-01 -4.1263e-01 -3.6099e-01 +5.7164e-01 +8.6262e-01 +1.5737e-01
713 0 +1.604250674e+01 +7.138250674e+01 +7.138250674e+01 -2.4072e-01 +6.8134e-01 -2.1794e-01 -2.7254e-01 -1.9081e-01 -3.4778e-01 -2.3699e-01 +5.5860e-01 +9.9375e-01 +2.1194e-01
756 0 +1.248140161e+01 +6.782140161e+01 +6.782140161e+01 -1.1332e-01 +7.9503e-01 -3.4499e-01 -1.9976e-01 -2.8277e-01 -3.0059e-01 -3.5073e-01 +7.7067e-01 +9.5886e-01 +1.6032e-01
855 0 +1.135971931e+01 +6.669971931e+01 +6.669971931e+01 -1.0330e-01 +8.6669e-01 -3.2295e-01 -1.8529e-01 -2.6420e-01 -3.4493e-01 -2.5293e-01 +5.3749e-01 +1.0111e+00 +1.2481e-01
922 0 +1.127651613e+01 +6.661651613e+01 +6.661651613e+01 -8.0591e-03 +7.7628e-01 -1.7624e-01 -1.8237e-01 -2.7279e-01 -3.4020e-01 -2.3271e-01 +6.7764e-01 +1.0126e+00 +9.6076e-02
942 0 +1.103311148e+01 +6.637311148e+01 +6.637311148e+01 -1.6906e-01 +7.3843e-01 -3.0374e-01 -1.1010e-01 -3.9623e-01 -3.5279e-01 -2.6481e-01 +6.5245e-01 +8.0034e-01 +1.8296e-01
954 0 +1.013439450e+01 +6.547439450e+01 +6.547439450e+01 -9.8638e-02 +7.5349e-01 -2.8205e-01 -2.2869e-01 -3.3680e-01 -3.0309e-01 -1.9676e-01 +6.1442e-01 +9.0635e-01 +1.3100e-01
1004 0 +1.005829257e+01 +6.539829257e+01 +6.539829257e+01 -7.6424e-02 +7.9970e-01 -3.0538e-01 -2.5474e-01 -3.4206e-01 -4.3446e-01 -2.7812e-01 +5.8894e-01 +8.8477e-01 +2.3140e-01
1051 0 +9.298915600e+00 +6.463891560e+01 +6.463891560e+01 -7.4608e-02 +8.1886e-01 -2.7301e-01 -2.2928e-01 -3.4881e-01 -3.8539e-01 -2.7301e-01 +6.0547e-01 +9.3857e-01 +1.8187e-01
1153 0 +9.033501251e+00 +6.437350125e+01 +6.437350125e+01 -1.1118e-01 +7.4258e-01 -4.1131e-01 -1.6546e-01 -3.4617e-01 -3.8968e-01 -3.2147e-01 +6.3114e-01 +7.9658e-01 +2.2491e-01
1262 0 +8.986746089e+00 +6.432674609e+01 +6.432674609e+01 -1.3603e-01 +7.7930e-01 -3.2381e-01 -1.6809e-01 -3.3727e-01 -4.0865e-01 -3.2809e-01 +6.3176e-01 +8.0880e-01 +1.7288e-01
1266 0 +8.921226926e+00 +6.426122693e+01 +6.426122693e+01 -1.3948e-01 +7.5225e-01 -3.2931e-01 -1.9693e-01 -3.1651e-01 -4.0187e-01 -3.4503e-01 +5.6008e-01 +8.5363e-01 +1.7505e-01
1307 0 +8.851144348e+00 +6.419114435e+01 +6.419114435e+01 -9.7817e-02 +7.0656e-01 -3.7549e-01 -1.5233e-01 -3.3308e-01 -3.5922e-01 -3.9703e-01 +5.7636e-01 +8.5573e-01 +1.9599e-01
1312 0 +8.780306267e+00 +6.412030627e+01 +6.412030627e+01 -9.9346e-02 +7.5198e-01 -3.9716e-01 -1.7755e-01 -3.2563e-01 -3.9558e-01 -3.6795e-01 +6.2880e-01 +7.7912e-01 +1.9825e-01
1355 0 +8.721317527e+00 +6.406131753e+01 +6.406131753e+01 -8.2083e-02 +7.3754e-01 -3.9741e-01 -1.6756e-01 -3.4743e-01 -3.9096e-01 -4.3945e-01 +5.8213e-01 +8.0139e-01 +2.0756e-01
1460 0 +8.595362873e+00 +6.393536287e+01 +6.393536287e+01 -1.3300e-01 +6.7582e-01 -4.5897e-01 -1.2466e-01 -4.0258e-01 -3.7692e-01 -4.6262e-01 +5.1380e-01 +7.5734e-01 +2.4223e-01
1474 0 +8.582379054e+00 +6.392237905e+01 +6.392237905e+01 -1.0588e-01 +6.9860e-01 -4.2620e-01 -9.3008e-02 -3.2675e-01 -3.8684e-01 -4.0654e-01 +5.5977e-01 +6.9372e-01 +2.5205e-01
1560 0 +8.348505326e+00 +6.368850533e+01 +6.368850533e+01 -1.3795e-01 +7.0036e-01 -4.6953e-01 -9.6385e-02 -3.4709e-01 -3.5893e-01 -4.5202e-01 +5.5846e-01 +7.2622e-01 +2.5245e-01
1601 0 +8.277640242e+00 +6.361764024e+01 +6.361764024e+01 -1.5202e-01 +6.8517e-01 -5.0842e-01 -7.9673e-02 -3.5528e-01 -3.8291e-01 -4.5881e-01 +4.9077e-01 +6.8011e-01 +2.4463e-01
1605 0 +8.264653791e+00 +6.360465379e+01 +6.360465379e+01 -8.2580e-02 +6.9440e-01 -4.5004e-01 -1.0017e-01 -3.3217e-01 -3.8831e-01 -4.5959e-01 +4.9898e-01 +6.7829e-01 +2.4356e-01
1653 0 +8.023868670e+00 +6.336386867e+01 +6.336386867e+01 -7.3807e-02 +6.6810e-01 -5.7275e-01 -3.9545e-02 -3.5947e-01 -4.0615e-01 -4.6209e-01 +4.4704e-01 +6.1264e-01 +2.3480e-01
1717 0 +7.931521421e+00 +6.327152142e+01 +6.327152142e+01 -6.7697e-02 +6.5040e-01 -5.4634e-01 -2.9787e-03 -3.6602e-01 -3.9116e-01 -4.8943e-01 +4.8528e-01 +6.2502e-01 +2.7430e-01
1802 0 +7.490887568e+00 +6.283088757e+01 +6.283088757e+01 -8.5697e-03 +5.7068e-01 -6.0271e-01 +6.4462e-02 -4.3111e-01 -3.7102e-01 -5.2462e-01 +3.8453e-01 +5.2805e-01 +2.2667e-01
1903 0 +7.370923696e+00 +6.271092370e+01 +6.271092370e+01 +2.7116e-02 +5.6095e-01 -6.3023e-01 +4.2170e-02 -4.2269e-01 -3.9161e-01 -4.7022e-01 +3.4299e-01 +5.1936e-01 +2.5067e-01
1904 0 +7.279551414e+00 +6.261955141e+01 +6.261955141e+01 +1.6341e-02 +5.9267e-01 -6.5683e-01 +3.9107e-02 -4.1809e-01 -3.7876e-01 -5.1198e-01 +3.3295e-01 +5.3670e-01 +2.4615e-01
2109 0 +7.202123026e+00 +6.254212303e+01 +6.254212303e+01 +5.3259e-02 +5.3693e-01 -6.7684e-01 +1.2878e-01 -4.3998e-01 -3.8989e-01 -5.2855e-01 +3.1465e-01 +4.9688e-01 +2.1469e-01
2111 0 +7.090393059e+00 +6.243039306e+01 +6.243039306e+01 +3.8017e-02 +5.5985e-01 -6.6578e-01 +7.9029e-02 -4.1170e-01 -3.9678e-01 -5.3391e-01 +3.4084e-01 +5.1441e-01 +2.5112e-01
2133 0 +7.032898781e+00 +6.237289878e+01 +6.237289878e+01 +7.5660e-02 +5.3561e-01 -6.9010e-01 +7.8649e-02 -4.2789e-01 -4.1119e-01 -5.5302e-01 +3.1821e-01 +5.1131e-01 +2.4153e-01
2151 0 +7.003762225e+00 +6.234376223e+01 +6.234376223e+01 +7.6545e-02 +5.4881e-01 -6.4451e-01 +6.9775e-02 -4.0949e-01 -4.0117e-01 -5.5290e-01 +3.4006e-01 +5.1738e-01 +2.4322e-01
2153 0 +6.866545471e+00 +6.220654547e+01 +6.220654547e+01 +1.1308e-01 +4.9552e-01 -6.7898e-01 +1.1956e-01 -4.2250e-01 -3.9485e-01 -5.2572e-01 +3.0915e-01 +4.8409e-01 +2.3294e-01
2301 0 +6.806777327e+00 +6.214677733e+01 +6.214677733e+01 +1.5934e-01 +4.4069e-01 -6.8381e-01 +1.0431e-01 -4.5232e-01 -4.4691e-01 -5.0248e-01 +1.9331e-01 +4.6242e-01 +1.9544e-01
2312 0 +6.762863065e+00 +6.210286306e+01 +6.210286306e+01 +1.9460e-01 +4.2392e-01 -7.0530e-01 +1.5533e-01 -4.2940e-01 -4.2929e-01 -5.7937e-01 +2.2777e-01 +4.5290e-01 +1.9431e-01
2355 0 +6.568351255e+00 +6.190835125e+01 +6.190835125e+01 +1.9468e-01 +4.1522e-01 -6.7395e-01 +1.5682e-01 -4.2924e-01 -4.4697e-01 -5.7207e-01 +1.7319e-01 +4.3266e-01 +1.8849e-01
% f evaluations | g evaluations | best noise-free fitness - Fopt (-9.033000000000e+01) + sum g_i+ | measured fitness | best measured fitness or single-digit g-values | x1 | x2...
1 0 +2.444699479e+03 +2.354369479e+03 +2.354369479e+03 +5.9671e-01 -3.8264e-02 +7.4769e-01 +1.6230e+00 -1.3415e-01 -1.3414e-01 +1.6792e+00 +8.6743e-01 -3.6947e-01 +6.4256e-01
3 0 +1.314897473e+03 +1.224567473e+03 +1.224567473e+03 +1.5656e+00 -1.2578e-01 +1.6753e-01 -1.3247e+00 -4.4438e-01 +2.1092e-01 -1.0510e+00 +4.7570e-01 -5.0064e-01 -1.9169e-01
4 0 +1.250276144e+03 +1.159946144e+03 +1.159946144e+03 -5.0171e-01 +1.9523e+00 +8.6503e-02 -9.5771e-01 +9.2254e-01 -1.1208e+00 +3.0886e-01 -1.8597e+00 -1.2282e+00 +2.9686e-01
7 0 +8.598506198e+02 +7.695206198e+02 +7.695206198e+02 -3.7917e-01 -8.5659e-02 -1.0063e+00 -1.0962e+00 +9.1253e-01 +1.4562e+00 +2.7990e-02 +1.1035e+00 +4.6164e-01 -5.4512e-01
10 0 +3.269921739e+02 +2.366621739e+02 +2.366621739e+02 +1.9708e-01 +1.0686e+00 -6.0205e-01 -2.2766e-01 -2.9211e-01 -1.3635e+00 +3.9612e-01 +3.6106e-01 +1.0511e-01 -1.3459e-01
35 0 +3.255980972e+02 +2.352680972e+02 +2.352680972e+02 -7.2222e-01 +3.4369e-01 +3.4497e-01 -4.0694e-01 -3.7104e-01 +3.3205e-01 -1.3481e+00 -1.3075e+00 -6.1844e-01 -1.1345e-01
52 0 +9.294307742e+01 +2.613077421e+00 +2.613077421e+00 +3.4061e-01 +3.4771e-01 -2.7638e-01 -1.3722e+00 -1.2533e-02 +1.5354e-01 -5.3608e-01 -7.2476e-01 +1.7758e-02 -1.8432e-01
201 0 +4.787911251e+01 -4.245088749e+01 -4.245088749e+01 +9.4809e-02 +4.3562e-01 +3.4516e-01 -8.3813e-01 +1.5981e-01 -3.9924e-01 -4.8580e-01 -7.5580e-01 -4.9891e-01 -8.5992e-02
359 0 +2.560205885e+01 -6.472794115e+01 -6.472794115e+01 +1.2970e-01 +4.7749e-01 -7.3591e-02 -7.0443e-01 +4.0874e-01 -3.6933e-01 -2.0810e-01 -8.5338e-01 -4.6334e-01 +3.1757e-01
501 0 +2.394265803e+01 -6.638734197e+01 -6.638734197e+01 -1.4056e-01 +4.9800e-01 +4.8133e-02 -9.8049e-01 +6.2177e-02 -3.4500e-01 -4.4166e-01 -5.6484e-01 -4.0625e-01 -7.3329e-02
522 0 +2.291768590e+01 -6.741231410e+01 -6.741231410e+01 -4.3496e-02 +7.1388e-01 +1.6370e-01 -9.0192e-01 -1.5299e-01 -2.7481e-01 -3.4671e-01 -5.2950e-01 -4.9983e-01 +1.4731e-01
551 0 +1.653090128e+01 -7.379909872e+01 -7.379909872e+01 -2.5368e-01 +4.8360e-01 +4.8094e-02 -1.0327e+00 -1.4355e-01 -2.4060e-01 -4.1049e-01 -6.8806e-01 -4.1420e-01 +5.9458e-02
605 0 +1.304070498e+01 -7.728929502e+01 -7.728929502e+01 -2.4904e-01 +4.9923e-01 +9.2154e-02 -8.6501e-01 -1.0764e-01 -3.1886e-01 -3.5198e-01 -6.9318e-01 -5.3235e-01 +1.0903e-01
651 0 +1.238558418e+01 -7.794441582e+01 -7.794441582e+01 -3.0516e-01 +6.1855e-01 -2.1472e-02 -7.8741e-01 +4.5227e-02 -3.3265e-01 -2.7464e-01 -6.6967e-01 -4.7611e-01 +1.7908e-01
655 0 +1.224495585e+01 -7.808504415e+01 -7.808504415e+01 -1.5810e-01 +5.7767e-01 -5.0955e-02 -7.7595e-01 -1.1079e-01 -3.4545e-01 -3.7714e-01 -8.0109e-01 -3.8531e-01 +7.5002e-02
668 0 +1.076766949e+01 -7.956233051e+01 -7.956233051e+01 -1.9575e-01 +5.1890e-01 -1.7355e-01 -7.5103e-01 +1.6157e-01 -4.3170e-01 -2.2662e-01 -6.2905e-01 -5.0003e-01 +1.9987e-01
701 0 +1.057292408e+01 -7.975707592e+01 -7.975707592e+01 -2.5019e-01 +4.9519e-01 -1.9455e-02 -8.5606e-01 +1.5402e-02 -4.5063e-01 -3.2163e-01 -7.9195e-01 -5.6352e-01 +1.5495e-01
755 0 +1.050348597e+01 -7.982651403e+01 -7.982651403e+01 -2.4906e-01 +6.0459e-01 -9.4458e-02 -8.2041e-01 -5.4017e-02 -4.1475e-01 -2.6247e-01 -8.1592e-01 -4.8022e-01 +1.9621e-03
852 0 +1.016393698e+01 -8.016606302e+01 -8.016606302e+01 -1.1646e-01 +5.6370e-01 -1.3176e-01 -7.0802e-01 +1.3014e-01 -5.2921e-01 -1.5256e-01 -7.0013e-01 -4.5533e-01 +1.5841e-01
856 0 +9.822166803e+00 -8.050783320e+01 -8.050783320e+01 -1.6073e-01 +5.5394e-01 -1.0999e-01 -7.4492e-01 +8.2829e-02 -4.1508e-01 -1.8550e-01 -7.1917e-01 -4.4508e-01 +9.9667e-02
859 0 +9.490261559e+00 -8.083973844e+01 -8.083973844e+01 -2.3145e-01 +5.6761e-01 -1.2236e-01 -7.2637e-01 +1.1196e-01 -4.3769e-01 -2.3101e-01 -7.0507e-01 -5.7132e-01 +1.9519e-01
974 0 +9.314444452e+00 -8.101555555e+01 -8.101555555e+01 -2.3112e-01 +6.1321e-01 -1.4545e-01 -6.6594e-01 +6.3465e-02 -4.5863e-01 -1.8820e-01 -7.9310e-01 -4.6411e-01 +2.0356e-01
1001 0 +9.298859342e+00 -8.103114066e+01 -8.103114066e+01 -1.8965e-01 +5.9843e-01 -3.0080e-02 -7.9979e-01 +2.6582e-03 -4.2663e-01 -2.7406e-01 -8.2277e-01 -4.7329e-01 +9.4252e-02
1012 0 +9.167897067e+00 -8.116210293e+01 -8.116210293e+01 -2.1912e-01 +5.8970e-01 -9.0262e-02 -7.3271e-01 +7.3896e-02 -5.1547e-01 -2.5787e-01 -7.7653e-01 -5.2163e-01 +2.3783e-01
1057 0 +8.886753683e+00 -8.144324632e+01 -8.144324632e+01 -1.8657e-01 +5.7930e-01 -8.6827e-02 -7.9045e-01 -2.7172e-02 -4.3763e-01 -2.8761e-01 -7.8947e-01 -5.3190e-01 +1.3489e-01
1102 0 +8.519637612e+00 -8.181036239e+01 -8.181036239e+01 -2.3535e-01 +5.5173e-01 -8.9955e-02 -7.5194e-01 +9.8597e-02 -4.3967e-01 -2.1133e-01 -7.9224e-01 -4.7280e-01 +1.4800e-01
1152 0 +8.486735309e+00 -8.184326469e+01 -8.184326469e+01 -2.1820e-01 +5.7563e-01 -1.1011e-01 -7.3737e-01 +1.1949e-01 -4.8658e-01 -1.9883e-01 -8.2647e-01 -4.7769e-01 +2.0652e-01
1206 0 +8.315483752e+00 -8.201451625e+01 -8.201451625e+01 -1.9569e-01 +5.6408e-01 -9.8978e-02 -7.1137e-01 +1.4677e-01 -4.3357e-01 -2.0587e-01 -7.8359e-01 -4.9641e-01 +1.6462e-01
1210 0 +8.133196186e+00 -8.219680381e+01 -8.219680381e+01 -2.2045e-01 +5.5152e-01 -1.3645e-01 -6.7343e-01 +1.7598e-01 -4.7281e-01 -1.5311e-01 -7.7840e-01 -4.8947e-01 +2.5468e-01
1306 0 +8.057206270e+00 -8.227279373e+01 -8.227279373e+01 -2.0277e-01 +5.6255e-01 -1.2570e-01 -6.3488e-01 +1.8768e-01 -4.8656e-01 -1.3546e-01 -7.8758e-01 -4.3989e-01 +2.5870e-01
1328 0 +7.858328016e+00 -8.247167198e+01 -8.247167198e+01 -1.7667e-01 +5.2303e-01 -1.4294e-01 -5.7916e-01 +2.7910e-01 -4.6708e-01 -1.5846e-01 -7.4636e-01 -4.2842e-01 +2.7657e-01
1354 0 +7.653218522e+00 -8.267678148e+01 -8.267678148e+01 -1.4587e-01 +5.3208e-01 -1.1894e-01 -6.1926e-01 +2.5444e-01 -4.5589e-01 -1.1800e-01 -7.4718e-01 -4.3809e-01 +3.0420e-01
1501 0 +7.634942574e+00 -8.269505743e+01 -8.269505743e+01 -1.2072e-01 +5.1594e-01 -1.6598e-01 -5.3554e-01 +3.4655e-01 -4.1380e-01 -8.2618e-02 -7.9513e-01 -4.3640e-01 +3.5067e-01
1506 0 +7.401770614e+00 -8.292822939e+01 -8.292822939e+01 -1.0556e-01 +4.8248e-01 -1.6567e-01 -5.4197e-01 +3.6479e-01 -4.7152e-01 -4.2082e-02 -7.5952e-01 -4.1678e-01 +3.3770e-01
1701 0 +7.397642042e+00 -8.293235796e+01 -8.293235796e+01 -1.1571e-01 +5.0029e-01 -1.8976e-01 -5.8666e-01 +3.6039e-01 -4.4504e-01 -5.8548e-02 -7.6714e-01 -3.9487e-01 +3.6985e-01
1748 0 +7.018788440e+00 -8.331121156e+01 -8.331121156e+01 -7.6705e-02 +4.3578e-01 -1.5504e-01 -4.7636e-01 +4.1638e-01 -4.1195e-01 -4.1616e-03 -7.3369e-01 -3.8424e-01 +4.3342e-01
1805 0 +7.008350164e+00 -8.332164984e+01 -8.332164984e+01 -2.0706e-02 +4.0274e-01 -1.8162e-01 -4.8743e-01 +4.6350e-01 -4.1420e-01 +3.4918e-02 -7.4921e-01 -3.4393e-01 +4.6202e-01
1860 0 +6.964421535e+00 -8.336557847e+01 -8.336557847e+01 -2.8415e-02 +4.2716e-01 -1.6161e-01 -4.9075e-01 +4.4307e-01 -4.0685e-01 +3.9831e-02 -7.6802e-01 -3.8799e-01 +4.2912e-01
1902 0 +6.910268535e+00 -8.341973146e+01 -8.341973146e+01 -2.8513e-02 +4.1947e-01 -1.5590e-01 -4.9330e-01 +4.3668e-01 -3.9721e-01 +8.7157e-02 -7.4779e-01 -3.0354e-01 +5.0422e-01
1952 0 +6.792249530e+00 -8.353775047e+01 -8.353775047e+01 -5.6329e-02 +4.0806e-01 -1.7801e-01 -4.7548e-01 +4.1855e-01 -3.8838e-01 +5.3383e-02 -7.5033e-01 -3.6828e-01 +4.5554e-01
2102 0 +6.774928247e+00 -8.355507175e+01 -8.355507175e+01 -4.7068e-02 +4.2049e-01 -1.5397e-01 -4.8809e-01 +4.1797e-01 -4.0523e-01 +7.8176e-02 -8.0199e-01 -3.5499e-01 +4.5389e-01
2105 0 +6.432799580e+00 -8.389720042e+01 -8.389720042e+01 -1.8052e-02 +3.7459e-01 -1.6643e-01 -4.3544e-01 +4.6577e-01 -3.7656e-01 +1.2341e-01 -7.4152e-01 -3.1437e-01 +5.2139e-01
2210 0 +6.306685067e+00 -8.402331493e+01 -8.402331493e+01 -1.1905e-02 +3.3011e-01 -1.3514e-01 -4.0789e-01 +4.8665e-01 -3.6205e-01 +1.6609e-01 -7.5923e-01 -2.7416e-01 +5.5929e-01
2255 0 +6.301413927e+00 -8.402858607e+01 -8.402858607e+01 +2.1089e-02 +3.2483e-01 -8.6515e-02 -4.0494e-01 +4.3074e-01 -3.4568e-01 +2.3807e-01 -7.4301e-01 -2.2186e-01 +5.8205e-01
2326 0 +5.976453625e+00 -8.435354637e+01 -8.435354637e+01 +2.2624e-02 +2.9162e-01 -9.7038e-02 -3.8704e-01 +5.0955e-01 -3.1955e-01 +2.5479e-01 -7.4380e-01 -2.1921e-01 +6.0775e-01
2447 0 +5.920898383e+00 -8.440910162e+01 -8.440910162e+01 +5.0596e-02 +2.6604e-01 +1.0910e-02 -3.4251e-01 +4.4859e-01 -2.9581e-01 +3.3065e-01 -7.1785e-01 -2.0945e-01 +6.2863e-01
2460 0 +5.714805746e+00 -8.461519425e+01 -8.461519425e+01 +8.4671e-02 +1.8305e-01 +1.4289e-02 -3.0499e-01 +5.2340e-01 -2.9144e-01 +3.3761e-01 -7.1515e-01 -1.8266e-01 +6.7848e-01
% f evaluations | g evaluations | best noise-free fitness - Fopt (6.561000000000e+01) + sum g_i+ | measured fitness | best measured fitness or single-digit g-values | x1 | x2...
1 0 +2.238440594e+03 +2.304050594e+03 +2.304050594e+03 +5.9671e-01 -3.8264e-02 +7.4769e-01 +1.6230e+00 -1.3415e-01 -1.3414e-01 +1.6792e+00 +8.6743e-01 -3.6947e-01 +6.4256e-01
3 0 +6.909469089e+02 +7.565569089e+02 +7.565569089e+02 +1.5656e+00 -1.2578e-01 +1.6753e-01 -1.3247e+00 -4.4438e-01 +2.1092e-01 -1.0510e+00 +4.7570e-01 -5.0064e-01 -1.9169e-01
6 0 +5.142907129e+02 +5.799007129e+02 +5.799007129e+02 +4.2408e-01 -2.8508e-01 -5.7692e-01 +7.1168e-01 +1.1310e+00 +1.0313e+00 -7.3922e-01 -2.0921e-01 +4.3126e-01 +1.0755e+00
22 0 +3.547311215e+02 +4.203411215e+02 +4.203411215e+02 +6.7089e-01 +1.2356e+00 +1.0540e+00 +7.5139e-01 -2.1527e-01 +8.5897e-01 -6.7283e-01 -1.3682e-01 -3.8536e-01 +1.8187e-01
41 0 +3.360756058e+02 +4.016856058e+02 +4.016856058e+02 -1.4944e+00 -4.9938e-01 +1.0524e-01 +1.4698e-01 -3.5007e-01 +7.2285e-01 -9.6762e-01 -4.2379e-02 +2.2030e-01 +6.1444e-01
96 0 +2.543738741e+02 +3.199838741e+02 +3.199838741e+02 -1.1018e-01 +3.3541e-01 +1.3290e+00 -3.5915e-02 -3.3220e-01 -2.8421e-01 +2.3016e-01 -5.6430e-01 -1.2187e-01 -9.6379e-02
108 0 +1.433654673e+02 +2.089754673e+02 +2.089754673e+02 -8.3423e-01 -3.6506e-01 -2.9321e-01 +2.3435e-01 +9.9823e-02 -1.6463e-01 -1.0624e+00 +5.1319e-01 +4.2502e-01 +2.1216e-01
152 0 +1.039467277e+02 +1.695567277e+02 +1.695567277e+02 -1.5146e-02 +4.1374e-02 +1.8030e-01 +8.9529e-03 -4.5505e-01 +2.1320e-01 -7.6123e-01 +4.5876e-01 +2.9376e-01 -1.7659e-01
157 0 +1.035799418e+02 +1.691899418e+02 +1.691899418e+02 +4.5358e-01 -2.0437e-01 +1.0714e-01 +5.6497e-01 -6.7668e-02 +3.5413e-01 -5.0739e-01 +3.2014e-01 +1.1397e-01 +6.3176e-01
201 0 +6.522850204e+01 +1.308385020e+02 +1.308385020e+02 -7.7579e-01 +1.3823e-02 +3.1207e-01 +3.5567e-01 -3.5557e-01 +7.0566e-01 -9.1448e-01 +4.7797e-01 +2.0972e-01 +3.6128e-02
251 0 +5.359934718e+01 +1.192093472e+02 +1.192093472e+02 -6.3368e-01 +4.4751e-02 +6.3086e-01 +2.9918e-01 -1.8564e-02 +1.3872e-01 -6.5489e-01 -9.6283e-03 +3.7293e-01 +1.7945e-01
405 0 +5.003233431e+01 +1.156423343e+02 +1.156423343e+02 -3.8765e-01 -2.4187e-02 +2.3773e-01 +8.1060e-02 -3.6105e-02 -7.4748e-02 -9.7301e-01 +1.5046e-02 +2.3811e-01 +2.8461e-01
412 0 +4.853869963e+01 +1.141486996e+02 +1.141486996e+02 -3.5871e-01 -7.2278e-02 +8.6430e-01 +4.2871e-01 -3.8707e-01 +6.0605e-01 -7.6210e-01 +7.3660e-02 +3.9031e-01 +3.1799e-01
415 0 +4.675300259e+01 +1.123630026e+02 +1.123630026e+02 +4.5104e-01 +2.5917e-02 +6.6204e-01 +2.3261e-01 -6.8532e-02 -2.0533e-01 -6.6691e-01 -1.7726e-01 +1.5961e-01 +3.9198e-01
417 0 +3.291023025e+01 +9.852023025e+01 +9.852023025e+01 -6.5329e-01 -2.3325e-01 +7.1861e-01 +1.1148e-01 -5.5033e-01 +3.1155e-01 -9.9771e-01 +3.4963e-01 +2.4088e-01 +2.5073e-01
504 0 +2.779091715e+01 +9.340091715e+01 +9.340091715e+01 +1.9664e-01 -6.8254e-02 +8.1623e-01 +3.0236e-01 -4.7811e-01 +1.5929e-01 -7.6019e-01 +9.8359e-02 +5.6738e-01 +4.8851e-01
523 0 +1.888095460e+01 +8.449095460e+01 +8.449095460e+01 -1.5649e-01 +2.6815e-01 +7.1364e-01 +4.3710e-01 -3.2258e-01 +2.4588e-01 -1.0326e+00 +2.0045e-01 +3.4346e-01 +4.7163e-01
635 0 +1.754966073e+01 +8.315966073e+01 +8.315966073e+01 -1.7498e-03 +7.6045e-02 +9.4195e-01 +2.6996e-01 -4.5748e-01 +2.3987e-01 -8.9303e-01 +1.4619e-01 +1.5551e-01 +2.9023e-01
701 0 +1.414296888e+01 +7.975296888e+01 +7.975296888e+01 +5.7724e-02 +2.8896e-01 +8.2097e-01 +5.0215e-01 -4.0174e-01 +2.9157e-01 -9.7421e-01 +1.7982e-01 +3.5586e-01 +3.5168e-01
753 0 +1.101216828e+01 +7.662216828e+01 +7.662216828e+01 -3.6581e-02 +2.0453e-01 +9.4989e-01 +3.6696e-01 -4.3761e-01 +2.5451e-01 -1.0122e+00 +3.0898e-01 +3.5832e-01 +3.4141e-01
785 0 +1.094010979e+01 +7.655010979e+01 +7.655010979e+01 +1.2730e-01 +1.2832e-01 +1.0071e+00 +3.2732e-01 -5.2139e-01 +3.2329e-01 -6.7165e-01 +1.1166e-01 +3.3752e-01 +2.2321e-01
803 0 +9.598661533e+00 +7.520866153e+01 +7.520866153e+01 +1.0916e-01 +2.0317e-01 +1.0111e+00 +3.5075e-01 -4.5104e-01 +2.9505e-01 -7.5269e-01 +1.8262e-01 +3.2936e-01 +2.7288e-01
1003 0 +9.550411340e+00 +7.516041134e+01 +7.516041134e+01 +1.9362e-01 +1.4708e-01 +1.0588e+00 +3.5551e-01 -4.9839e-01 +2.3211e-01 -7.0590e-01 +1.1442e-01 +3.1087e-01 +3.2101e-01
1016 0 +9.273304189e+00 +7.488330419e+01 +7.488330419e+01 +2.5672e-01 +2.2339e-01 +1.0655e+00 +3.5475e-01 -4.7726e-01 +2.7498e-01 -6.6260e-01 +1.4745e-01 +2.6484e-01 +2.5393e-01
1101 0 +9.159742341e+00 +7.476974234e+01 +7.476974234e+01 +2.6105e-01 +1.6384e-01 +1.0828e+00 +3.5762e-01 -4.6232e-01 +2.3880e-01 -5.8620e-01 +8.7158e-02 +2.1192e-01 +3.1369e-01
1201 0 +8.988680328e+00 +7.459868033e+01 +7.459868033e+01 +2.3418e-01 +1.6370e-01 +1.0532e+00 +3.5354e-01 -4.6445e-01 +3.2299e-01 -6.5233e-01 +8.9320e-02 +2.9156e-01 +2.9799e-01
1210 0 +8.954147650e+00 +7.456414765e+01 +7.456414765e+01 +2.5856e-01 +1.6673e-01 +1.0138e+00 +3.3642e-01 -4.5685e-01 +1.9514e-01 -4.2930e-01 +1.2552e-01 +1.8853e-01 +3.1605e-01
1221 0 +8.625331235e+00 +7.423533124e+01 +7.423533124e+01 +2.7578e-01 +1.5820e-01 +9.8069e-01 +3.6835e-01 -4.7586e-01 +3.1924e-01 -5.1639e-01 +1.8425e-01 +2.3194e-01 +2.8787e-01
1251 0 +8.426533719e+00 +7.403653372e+01 +7.403653372e+01 +2.2091e-01 +1.9389e-01 +1.0323e+00 +3.7544e-01 -4.6432e-01 +2.8776e-01 -5.6526e-01 +1.2114e-01 +2.3660e-01 +2.7906e-01
1301 0 +8.393840510e+00 +7.400384051e+01 +7.400384051e+01 +2.7185e-01 +1.5253e-01 +1.0286e+00 +3.5732e-01 -4.7691e-01 +2.8498e-01 -5.9853e-01 +1.3255e-01 +2.5991e-01 +2.6030e-01
1303 0 +8.313287378e+00 +7.392328738e+01 +7.392328738e+01 +2.4220e-01 +1.8450e-01 +9.9948e-01 +3.6765e-01 -4.7637e-01 +2.5915e-01 -5.0884e-01 +1.1251e-01 +2.3861e-01 +2.8727e-01
1306 0 +8.029777375e+00 +7.363977737e+01 +7.363977737e+01 +2.5783e-01 +1.1606e-01 +1.0307e+00 +3.6435e-01 -4.9111e-01 +2.5811e-01 -4.7870e-01 +1.2825e-01 +2.3694e-01 +3.0431e-01
1421 0 +7.883488965e+00 +7.349348897e+01 +7.349348897e+01 +2.8230e-01 +1.4440e-01 +1.0257e+00 +3.5442e-01 -4.8429e-01 +2.5529e-01 -4.3155e-01 +1.4892e-01 +2.2070e-01 +2.8862e-01
1459 0 +7.847319369e+00 +7.345731937e+01 +7.345731937e+01 +2.6538e-01 +1.4065e-01 +1.0295e+00 +3.2917e-01 -5.2117e-01 +2.7421e-01 -3.3491e-01 +1.7168e-01 +1.4972e-01 +2.6005e-01
1509 0 +7.717244641e+00 +7.332724464e+01 +7.332724464e+01 +3.0644e-01 +7.9502e-02 +1.0644e+00 +3.6511e-01 -5.2665e-01 +2.8238e-01 -2.9525e-01 +1.6265e-01 +1.1689e-01 +2.5887e-01
1667 0 +7.702824335e+00 +7.331282433e+01 +7.331282433e+01 +3.0031e-01 +7.4498e-02 +1.0737e+00 +3.4713e-01 -4.8824e-01 +2.9614e-01 -3.4303e-01 +1.7033e-01 +1.6110e-01 +2.9823e-01
1671 0 +7.596795049e+00 +7.320679505e+01 +7.320679505e+01 +2.3373e-01 +2.2335e-02 +1.0022e+00 +3.4398e-01 -5.0828e-01 +2.9538e-01 -1.9319e-01 +1.6774e-01 +7.7865e-02 +2.8372e-01
1749 0 +7.524677189e+00 +7.313467719e+01 +7.313467719e+01 +2.5396e-01 +8.1180e-02 +1.0564e+00 +3.0509e-01 -4.9521e-01 +3.0912e-01 -2.5836e-01 +1.7153e-01 +1.0073e-01 +2.9086e-01
1759 0 +7.483199809e+00 +7.309319981e+01 +7.309319981e+01 +2.4552e-01 +6.2695e-02 +1.0230e+00 +2.9162e-01 -5.0143e-01 +2.5152e-01 -1.3919e-01 +1.8185e-01 +7.5512e-02 +2.8232e-01
1803 0 +7.422255791e+00 +7.303225579e+01 +7.303225579e+01 +2.6793e-01 +7.1537e-02 +1.0706e+00 +3.3284e-01 -4.8327e-01 +2.7663e-01 -2.2665e-01 +1.7657e-01 +1.3361e-01 +2.8390e-01
1806 0 +7.335690725e+00 +7.294569073e+01 +7.294569073e+01 +2.5342e-01 +5.3918e-02 +1.0483e+00 +3.6170e-01 -5.2466e-01 +3.0329e-01 -1.7458e-01 +1.5640e-01 +9.6868e-02 +2.6478e-01
1828 0 +7.289319411e+00 +7.289931941e+01 +7.289931941e+01 +2.4322e-01 +5.0882e-02 +1.0313e+00 +3.1015e-01 -5.0514e-01 +3.1638e-01 -1.8298e-01 +1.6016e-01 +9.9611e-02 +2.6414e-01
1830 0 +7.182179649e+00 +7.279217965e+01 +7.279217965e+01 +2.5091e-01 +3.5736e-02 +1.0746e+00 +3.1341e-01 -5.0438e-01 +2.9124e-01 -1.8234e-01 +1.7458e-01 +8.1464e-02 +2.5464e-01
1852 0 +7.138495051e+00 +7.274849505e+01 +7.274849505e+01 +2.4182e-01 +2.8218e-02 +1.0742e+00 +2.8388e-01 -5.2191e-01 +3.0529e-01 -1.5384e-01 +1.7045e-01 +8.0262e-02 +2.6265e-01
1858 0 +7.084013589e+00 +7.269401359e+01 +7.269401359e+01 +2.3611e-01 +4.9823e-02 +1.0295e+00 +3.0703e-01 -5.2486e-01 +2.8281e-01 -1.5494e-01 +1.7597e-01 +6.5355e-02 +2.7481e-01
1952 0 +6.949029733e+00 +7.255902973e+01 +7.255902973e+01 +2.1972e-01 +4.0020e-02 +1.0613e+00 +3.3218e-01 -5.3461e-01 +2.9365e-01 -1.3360e-01 +1.6759e-01 +8.4797e-02 +2.6283e-01
2001 0 +6.885545016e+00 +7.249554502e+01 +7.249554502e+01 +2.0292e-01 +1.7493e-02 +1.0747e+00 +3.0512e-01 -5.4637e-01 +3.0419e-01 -1.1107e-01 +1.7578e-01 +5.7139e-02 +2.3141e-01
2065 0 +6.838528381e+00 +7.244852838e+01 +7.244852838e+01 +1.6855e-01 +2.2782e-02 +1.0771e+00 +2.8921e-01 -5.3479e-01 +3.1486e-01 -4.8820e-02 +1.8141e-01 +6.1949e-02 +2.0041e-01
2121 0 +6.724133918e+00 +7.233413392e+01 +7.233413392e+01 +1.6114e-01 -6.2125e-03 +1.0953e+00 +2.8418e-01 -5.2295e-01 +3.1076e-01 +4.7479e-02 +1.9213e-01 +1.6562e-02 +1.9428e-01
2122 0 +6.657448524e+00 +7.226744852e+01 +7.226744852e+01 +1.8770e-01 -5.0218e-03 +1.0733e+00 +2.8878e-01 -5.4427e-01 +3.1745e-01 +7.5641e-03 +1.8443e-01 +2.8283e-02 +2.2534e-01
2153 0 +6.602574232e+00 +7.221257423e+01 +7.221257423e+01 +1.5524e-01 +1.2822e-02 +1.0500e+00 +2.5996e-01 -5.2106e-01 +3.0757e-01 +5.1892e-02 +1.7715e-01 +1.9878e-02 +2.1071e-01
2206 0 +6.490246942e+00 +7.210024694e+01 +7.210024694e+01 +1.5138e-01 -8.0636e-03 +1.0672e+00 +2.5095e-01 -5.3649e-01 +2.9280e-01 +9.5903e-02 +1.9176e-01 -5.0731e-03 +1.7438e-01
2255 0 +6.268513731e+00 +7.187851373e+01 +7.187851373e+01 +8.7696e-02 -2.3085e-02 +1.0320e+00 +2.5174e-01 -5.3687e-01 +3.0555e-01 +1.8480e-01 +1.8212e-01 -5.2663e-02 +1.0278e-01
2306 0 +6.251178756e+00 +7.186117876e+01 +7.186117876e+01 +1.0032e-01 -2.7151e-02 +1.0442e+00 +2.5462e-01 -5.6987e-01 +3.4364e-01 +1.7343e-01 +2.1777e-01 -2.8983e-02 +1.2722e-01
2322 0 +6.040581633e+00 +7.165058163e+01 +7.165058163e+01 +2.0527e-02 -2.1103e-02 +1.0201e+00 +2.2168e-01 -5.4680e-01 +3.2655e-01 +2.6864e-01 +1.9742e-01 -6.7852e-02 +8.2545e-02
% f evaluations | g evaluations | best noise-free fitness - Fopt (9.348200000000e+02) + sum g_i+ | measured fitness | best measured fitness or single-digit g-values | x1 | x2...
1 0 +1.902517623e+03 +2.837337623e+03 +2.837337623e+03 +5.9671e-01 -3.8264e-02 +7.4769e-01 +1.6230e+00 -1.3415e-01 -1.3414e-01 +1.6792e+00 +8.6743e-01 -3.6947e-01 +6.4256e-01
2 0 +1.867535930e+03 +2.802355930e+03 +2.802355930e+03 -3.6342e-01 -3.6573e-01 +3.4196e-01 -1.8133e+00 -1.6249e+00 -4.6229e-01 -9.1283e-01 +4.1425e-01 -8.0802e-01 -1.3123e+00
6 0 +1.504326103e+03 +2.439146103e+03 +2.439146103e+03 +4.2408e-01 -2.8508e-01 -5.7692e-01 +7.1168e-01 +1.1310e+00 +1.0313e+00 -7.3922e-01 -2.0921e-01 +4.3126e-01 +1.0755e+00
9 0 +8.705206681e+02 +1.805340668e+03 +1.805340668e+03 -1.1967e-01 +4.5711e-01 +1.5779e+00 -4.1827e-01 -7.0849e-01 -4.0176e-01 +1.0154e+00 +4.2875e-01 -4.2976e-01 +6.1327e-01
10 0 +5.819633947e+02 +1.516783395e+03 +1.516783395e+03 +1.9708e-01 +1.0686e+00 -6.0205e-01 -2.2766e-01 -2.9211e-01 -1.3635e+00 +3.9612e-01 +3.6106e-01 +1.0511e-01 -1.3459e-01
46 0 +4.741385353e+02 +1.408958535e+03 +1.408958535e+03 +3.7321e-02 +1.0551e+00 -8.8573e-01 +6.0405e-01 -4.3026e-01 -6.9287e-01 -7.0304e-03 -9.3524e-01 -4.5365e-01 -1.0979e+00
55 0 +3.575801336e+02 +1.292400134e+03 +1.292400134e+03 -1.1048e-01 +1.0040e+00 -5.1548e-01 +7.4942e-03 -7.0237e-01 -1.2605e-01 +4.5505e-01 -7.0876e-01 +9.2934e-01 +8.4989e-02
62 0 +3.475926744e+02 +1.282412674e+03 +1.282412674e+03 -5.0410e-01 +9.0089e-01 +1.1005e-01 +4.6073e-01 +1.5666e-01 -9.8350e-01 +1.4935e+00 -3.4650e-01 -1.0869e+00 -1.7503e-01
70 0 +2.506227687e+02 +1.185442769e+03 +1.185442769e+03 +2.9715e-01 +3.9156e-01 +7.0140e-01 +4.3215e-01 -4.9737e-01 -3.7502e-01 +8.0644e-01 -5.4138e-02 -1.7218e+00 -5.3213e-01
76 0 +1.204569202e+02 +1.055276920e+03 +1.055276920e+03 -4.0539e-01 +1.2183e-01 +1.6957e-02 +2.0648e-01 +2.9527e-01 -5.1404e-01 +7.2567e-01 -5.2934e-01 +6.8802e-02 +4.7431e-01
216 0 +1.030343142e+02 +1.037854314e+03 +1.037854314e+03 -7.0699e-01 +7.0009e-01 -1.2285e-01 +8.3732e-02 -5.6165e-01 -3.5521e-01 +7.3653e-01 -7.9951e-01 -8.9956e-01 -2.1142e-01
309 0 +1.021410504e+02 +1.036961050e+03 +1.036961050e+03 -5.5875e-01 -9.4125e-02 -1.2802e-03 +1.1495e-01 -2.3011e-01 -5.9306e-01 +1.0002e+00 -2.3740e-01 -7.4187e-01 +3.1802e-01
310 0 +9.873730906e+01 +1.033557309e+03 +1.033557309e+03 -6.1286e-01 +6.8754e-01 +1.1957e-01 -1.4379e-02 -5.5690e-01 -1.9605e-01 +8.8181e-02 -4.3478e-01 -9.7375e-01 -7.3778e-01
312 0 +9.646752906e+01 +1.031287529e+03 +1.031287529e+03 -8.2039e-01 -3.4283e-01 +9.0071e-02 +2.1954e-01 +4.9808e-01 +6.6623e-02 +4.7588e-01 -3.0720e-01 -1.1564e+00 -2.9388e-01
346 0 +6.891632152e+01 +1.003736322e+03 +1.003736322e+03 -8.9848e-01 +4.3439e-01 +5.1762e-02 +1.4487e-01 -4.4935e-01 +1.0109e-01 +9.8611e-01 -6.3331e-01 -6.8317e-01 -3.1217e-01
355 0 +4.725368880e+01 +9.820736888e+02 +9.820736888e+02 -7.4092e-01 -2.4442e-01 -9.0239e-03 +3.4966e-01 -3.8326e-01 +8.4553e-02 +3.8484e-01 -6.2930e-02 -7.9953e-01 -6.7609e-01
372 0 +3.427235549e+01 +9.690923555e+02 +9.690923555e+02 -9.1295e-01 -1.6538e-01 -1.8508e-01 +4.2103e-01 +3.9541e-02 -4.3556e-01 +8.3255e-01 -2.2702e-01 -2.7127e-01 +5.4300e-01
454 0 +2.720869161e+01 +9.620286916e+02 +9.620286916e+02 -6.6935e-01 -1.3174e-01 +1.7720e-01 +5.3737e-01 -3.4494e-01 -4.7158e-01 +5.6223e-01 -6.4448e-01 -9.7639e-01 -5.2290e-01
489 0 +2.258678363e+01 +9.574067836e+02 +9.574067836e+02 -7.8536e-01 +9.6969e-02 +1.4481e-01 +3.6097e-01 -3.7908e-01 -3.6056e-01 +8.6239e-01 -3.9156e-01 -7.1111e-01 -1.4950e-01
504 0 +1.884814380e+01 +9.536681438e+02 +9.536681438e+02 -8.9559e-01 -5.4786e-02 +2.3345e-01 +3.8134e-01 -1.2240e-01 -3.0511e-01 +5.6154e-01 -3.4700e-01 -8.6295e-01 -1.1410e-01
601 0 +1.752002602e+01 +9.523400260e+02 +9.523400260e+02 -7.5962e-01 +1.7161e-01 +1.4097e-01 +3.6191e-01 -2.2635e-01 -3.7938e-01 +6.5457e-01 -4.8459e-01 -1.0544e+00 -2.6884e-01
603 0 +1.565026597e+01 +9.504702660e+02 +9.504702660e+02 -8.3858e-01 +1.2046e-01 +9.5017e-02 +3.9968e-01 -1.5787e-01 -1.8110e-01 +4.8864e-01 -3.6651e-01 -1.0019e+00 -4.5776e-01
698 0 +1.415420973e+01 +9.489742097e+02 +9.489742097e+02 -4.8181e-01 +4.2210e-02 +1.6133e-01 +4.0363e-01 -2.3708e-01 -2.4120e-01 +3.9126e-01 -2.9951e-01 -8.0674e-01 -7.1222e-01
755 0 +1.312107415e+01 +9.479410742e+02 +9.479410742e+02 -6.1168e-01 -3.1067e-03 +1.2689e-01 +4.0197e-01 -2.8047e-01 -2.7329e-01 +4.4650e-01 -3.8498e-01 -9.4990e-01 -4.7375e-01
793 0 +1.202154593e+01 +9.468415459e+02 +9.468415459e+02 -6.3192e-01 +1.0488e-01 +1.9925e-01 +5.1432e-01 -2.2885e-01 -2.0241e-01 +4.6276e-01 -4.7258e-01 -1.0715e+00 -5.9352e-01
816 0 +1.157984921e+01 +9.463998492e+02 +9.463998492e+02 -5.5632e-01 +1.2288e-01 +1.3332e-01 +3.6064e-01 -1.7288e-01 -1.2153e-01 +4.8246e-01 -3.6975e-01 -1.0977e+00 -5.8274e-01
943 0 +1.104256733e+01 +9.458625673e+02 +9.458625673e+02 -5.2665e-01 +3.1074e-02 +1.6467e-01 +4.1324e-01 -3.1568e-01 -1.1581e-01 +4.7913e-01 -4.1020e-01 -1.0129e+00 -6.9608e-01
951 0 +1.030163702e+01 +9.451216370e+02 +9.451216370e+02 -5.8692e-01 +6.3923e-02 +2.0598e-01 +4.1194e-01 -2.6733e-01 -1.1088e-01 +3.9489e-01 -3.6429e-01 -1.0005e+00 -5.9628e-01
973 0 +9.958709051e+00 +9.447787091e+02 +9.447787091e+02 -5.7405e-01 +7.6187e-02 +1.0781e-01 +4.4221e-01 -2.2932e-01 -1.8801e-01 +5.4265e-01 -4.2963e-01 -1.0272e+00 -5.2070e-01
1001 0 +9.473316370e+00 +9.442933164e+02 +9.442933164e+02 -5.5101e-01 +3.8203e-02 +1.8119e-01 +4.0826e-01 -2.0752e-01 -1.6192e-01 +4.6995e-01 -3.2549e-01 -1.0464e+00 -6.2278e-01
1052 0 +9.417817693e+00 +9.442378177e+02 +9.442378177e+02 -5.3602e-01 +2.3773e-02 +2.1452e-01 +4.4518e-01 -2.8110e-01 -1.9930e-01 +4.5705e-01 -2.7564e-01 -1.0297e+00 -6.2196e-01
1062 0 +9.378394716e+00 +9.441983947e+02 +9.441983947e+02 -5.8529e-01 +5.4095e-02 +1.9695e-01 +3.9515e-01 -2.0120e-01 -1.8968e-01 +5.2074e-01 -3.8213e-01 -1.0146e+00 -5.6617e-01
1101 0 +9.240552625e+00 +9.440605526e+02 +9.440605526e+02 -5.5889e-01 +6.4554e-02 +2.1977e-01 +4.2363e-01 -2.7286e-01 -1.9381e-01 +5.2778e-01 -3.1616e-01 -9.8902e-01 -5.9685e-01
1115 0 +9.177792522e+00 +9.439977925e+02 +9.439977925e+02 -4.6352e-01 +4.5946e-02 +2.3779e-01 +3.7339e-01 -2.8173e-01 -1.2290e-01 +3.4842e-01 -2.7661e-01 -9.8804e-01 -6.4468e-01
1168 0 +8.986307879e+00 +9.438063079e+02 +9.438063079e+02 -4.3070e-01 +3.4087e-02 +2.3463e-01 +4.0729e-01 -2.8159e-01 -1.5531e-01 +3.6584e-01 -2.4339e-01 -9.3463e-01 -6.9950e-01
1209 0 +8.955574594e+00 +9.437755746e+02 +9.437755746e+02 -4.9921e-01 +7.2287e-02 +2.4405e-01 +4.1400e-01 -2.3732e-01 -1.1626e-01 +4.0004e-01 -2.2471e-01 -9.7479e-01 -6.1530e-01
1255 0 +8.846027652e+00 +9.436660277e+02 +9.436660277e+02 -5.1513e-01 +4.8681e-02 +2.2132e-01 +3.9480e-01 -2.4375e-01 -1.4686e-01 +4.1584e-01 -2.3530e-01 -9.7644e-01 -6.6766e-01
1291 0 +8.711979847e+00 +9.435319798e+02 +9.435319798e+02 -4.5477e-01 -3.2861e-02 +2.5448e-01 +4.0451e-01 -2.8354e-01 -1.5121e-01 +3.3827e-01 -1.3778e-01 -9.4533e-01 -6.9553e-01
1304 0 +8.539992022e+00 +9.433599920e+02 +9.433599920e+02 -4.5539e-01 +2.0671e-02 +1.9695e-01 +4.0479e-01 -2.9601e-01 -1.1318e-01 +3.3956e-01 -1.6478e-01 -9.3947e-01 -6.8174e-01
1401 0 +8.425557169e+00 +9.432455572e+02 +9.432455572e+02 -4.2478e-01 +1.8724e-02 +2.5108e-01 +3.7463e-01 -3.2580e-01 -7.8933e-02 +3.4269e-01 -8.4700e-02 -9.0319e-01 -6.8961e-01
1507 0 +8.271093806e+00 +9.430910938e+02 +9.430910938e+02 -4.1662e-01 -1.1300e-02 +2.5336e-01 +3.9187e-01 -3.4027e-01 -1.0022e-01 +2.4316e-01 -2.9706e-02 -8.7122e-01 -6.6244e-01
1558 0 +7.902336365e+00 +9.427223364e+02 +9.427223364e+02 -4.3806e-01 -3.1076e-02 +2.6101e-01 +3.8944e-01 -3.1899e-01 -6.9678e-02 +2.5947e-01 +2.8598e-02 -8.9143e-01 -7.1398e-01
1586 0 +7.892018768e+00 +9.427120188e+02 +9.427120188e+02 -4.1382e-01 -2.2741e-02 +3.0353e-01 +3.8305e-01 -3.1968e-01 -8.1882e-02 +2.2319e-01 +6.7070e-02 -9.1699e-01 -7.1059e-01
1707 0 +7.775284448e+00 +9.425952844e+02 +9.425952844e+02 -4.2405e-01 -7.1186e-02 +2.9589e-01 +3.6890e-01 -3.3415e-01 -1.2302e-01 +2.4040e-01 +6.1368e-02 -8.6634e-01 -6.9616e-01
1757 0 +7.633525947e+00 +9.424535259e+02 +9.424535259e+02 -3.9095e-01 -6.7984e-02 +2.9550e-01 +4.0725e-01 -3.8507e-01 -8.3229e-02 +1.7201e-01 +1.0671e-01 -8.7403e-01 -6.9886e-01
1804 0 +7.490047287e+00 +9.423100473e+02 +9.423100473e+02 -3.6673e-01 -1.2904e-01 +3.1575e-01 +3.6543e-01 -4.0653e-01 -1.0967e-01 +1.8483e-01 +1.5529e-01 -8.2527e-01 -6.8924e-01
1856 0 +7.270154555e+00 +9.420901546e+02 +9.420901546e+02 -3.9033e-01 -1.1551e-01 +3.2797e-01 +3.6399e-01 -3.8198e-01 -8.0244e-02 +1.5119e-01 +2.0137e-01 -8.3967e-01 -6.5401e-01
1972 0 +7.083340273e+00 +9.419033403e+02 +9.419033403e+02 -3.1767e-01 -1.9929e-01 +3.6236e-01 +3.7107e-01 -4.1774e-01 -1.1417e-01 +1.3963e-01 +3.5093e-01 -7.7060e-01 -6.2412e-01
2054 0 +7.045533781e+00 +9.418655338e+02 +9.418655338e+02 -3.5025e-01 -1.8909e-01 +3.6968e-01 +3.2007e-01 -4.2883e-01 -9.5023e-02 +2.1668e-01 +4.1649e-01 -7.1436e-01 -6.2860e-01
2102 0 +6.852541215e+00 +9.416725412e+02 +9.416725412e+02 -3.5289e-01 -2.0118e-01 +3.8334e-01 +3.3698e-01 -4.1019e-01 -9.2246e-02 +1.9712e-01 +4.1034e-01 -7.2370e-01 -6.5523e-01
2153 0 +6.774982244e+00 +9.415949822e+02 +9.415949822e+02 -3.0759e-01 -2.7283e-01 +3.9826e-01 +3.1115e-01 -3.6314e-01 -1.0288e-01 +1.9163e-01 +4.8051e-01 -6.2464e-01 -5.8416e-01
2281 0 +6.568658434e+00 +9.413886584e+02 +9.413886584e+02 -3.2194e-01 -2.6198e-01 +3.8483e-01 +3.4591e-01 -4.0892e-01 -6.9901e-02 +1.7519e-01 +4.6630e-01 -7.1698e-01 -5.7876e-01
2339 0 +6.529935633e+00 +9.413499356e+02 +9.413499356e+02 -2.9474e-01 -3.0490e-01 +4.0611e-01 +3.1916e-01 -3.9604e-01 -9.7793e-02 +1.8939e-01 +6.1697e-01 -6.4218e-01 -5.6043e-01
2351 0 +6.502046196e+00 +9.413220462e+02 +9.413220462e+02 -2.5394e-01 -2.9189e-01 +3.7972e-01 +3.1600e-01 -3.5945e-01 -1.0524e-01 +1.9891e-01 +4.7543e-01 -6.6367e-01 -5.7052e-01
2371 0 +6.495291590e+00 +9.413152916e+02 +9.413152916e+02 -2.8206e-01 -2.7596e-01 +4.1329e-01 +3.2067e-01 -3.7806e-01 -1.4544e-01 +1.9178e-01 +5.3303e-01 -6.4663e-01 -6.0877e-01
2406 0 +6.463761467e+00 +9.412837615e+02 +9.412837615e+02 -2.8350e-01 -2.8270e-01 +3.9754e-01 +3.2778e-01 -3.4357e-01 -8.3430e-02 +2.0907e-01 +4.9566e-01 -6.4744e-01 -5.4153e-01
2457 0 +6.402510536e+00 +9.412225105e+02 +9.412225105e+02 -2.6380e-01 -2.7328e-01 +3.7128e-01 +3.4169e-01 -3.6713e-01 -8.3050e-02 +2.2154e-01 +4.9584e-01 -6.5098e-01 -5.3626e-01
2459 0 +6.384560376e+00 +9.412045604e+02 +9.412045604e+02 -2.7794e-01 -2.5050e-01 +3.5626e-01 +3.2938e-01 -3.9234e-01 -1.1522e-01 +1.8010e-01 +5.2854e-01 -6.4407e-01 -5.4063e-01
2495 0 +6.170043118e+00 +9.409900431e+02 +9.409900431e+02 -2.4157e-01 -3.1161e-01 +4.0769e-01 +3.1932e-01 -3.9713e-01 -8.5313e-02 +1.9160e-01 +5.4749e-01 -6.3855e-01 -5.5257e-01
% f evaluations | g evaluations | best noise-free fitness - Fopt (-6.371000000000e+01) + sum g_i+ | measured fitness | best measured fitness or single-digit g-values | x1 | x2...
1 0 +1.611144065e+03 +1.547434065e+03 +1.547434065e+03 +5.9671e-01 -3.8264e-02 +7.4769e-01 +1.6230e+00 -1.3415e-01 -1.3414e-01 +1.6792e+00 +8.6743e-01 -3.6947e-01 +6.4256e-01
9 0 +1.280976501e+03 +1.217266501e+03 +1.217266501e+03 -1.1967e-01 +4.5711e-01 +1.5779e+00 -4.1827e-01 -7.0849e-01 -4.0176e-01 +1.0154e+00 +4.2875e-01 -4.2976e-01 +6.1327e-01
10 0 +7.360643450e+02 +6.723543450e+02 +6.723543450e+02 +1.9708e-01 +1.0686e+00 -6.0205e-01 -2.2766e-01 -2.9211e-01 -1.3635e+00 +3.9612e-01 +3.6106e-01 +1.0511e-01 -1.3459e-01
16 0 +7.176856034e+02 +6.539756034e+02 +6.539756034e+02 +3.5049e-01 +4.4645e-01 -5.8002e-01 +3.3225e-01 +3.9307e-01 -6.1435e-01 +1.9658e+00 +5.7383e-01 -1.0913e+00 +7.5655e-01
30 0 +6.346634408e+02 +5.709534408e+02 +5.709534408e+02 -1.0812e-01 -3.9300e-01 -4.8936e-01 +9.4960e-01 +4.5702e-01 -5.9291e-01 +9.9960e-01 +4.0730e-01 +9.1286e-01 +7.2963e-01
51 0 +5.451089136e+02 +4.813989136e+02 +4.813989136e+02 -3.4687e-02 -1.6603e+00 -5.5286e-01 -3.8602e-01 -5.4444e-01 -7.3819e-01 +8.7600e-01 +4.1784e-01 -8.2252e-01 +7.7550e-01
52 0 +3.625500833e+02 +2.988400833e+02 +2.988400833e+02 -7.9705e-01 -4.3635e-01 -5.9998e-01 +3.4185e-01 -6.5424e-01 -2.6430e-01 +9.8869e-01 +4.5393e-01 +5.2768e-02 +1.3654e+00
56 0 +1.183026395e+02 +5.459263948e+01 +5.459263948e+01 -2.7685e-01 +2.8171e-01 -1.3710e+00 -6.3913e-01 +2.9852e-01 -6.8737e-02 +9.3533e-01 -2.8674e-01 -3.4235e-01 +3.6483e-01
152 0 +1.158661925e+02 +5.215619246e+01 +5.215619246e+01 +2.5677e-01 -3.1022e-01 -5.0929e-01 -3.5777e-01 +6.1132e-01 -2.0471e-01 +1.3210e+00 +3.5663e-01 -5.5734e-02 -3.4230e-01
212 0 +9.234808765e+01 +2.863808765e+01 +2.863808765e+01 +3.2799e-01 -2.3463e-01 -1.0438e+00 -1.0118e+00 -3.2331e-01 -7.7975e-01 +7.0220e-01 +3.5725e-01 +1.1149e-01 +6.9454e-02
258 0 +8.006628236e+01 +1.635628236e+01 +1.635628236e+01 +1.4271e-02 -2.4786e-01 -6.0250e-01 -1.5650e-01 +1.3316e-01 -3.7367e-01 +1.7607e-01 +2.0793e-01 +3.1984e-02 -1.4755e-02
315 0 +2.569067714e+01 -3.801932286e+01 -3.801932286e+01 -4.5213e-01 +3.9512e-01 -8.7189e-01 -1.5923e-01 +3.3889e-01 -2.4760e-01 +4.6534e-01 +5.9400e-01 -6.8686e-01 -2.1583e-03
509 0 +1.524518744e+01 -4.846481256e+01 -4.846481256e+01 -2.0851e-01 -3.5031e-01 -8.8169e-01 -5.7959e-01 +1.7758e-01 -3.7734e-01 +8.1252e-01 +2.4315e-01 -3.6533e-01 +3.7549e-01
703 0 +1.333792577e+01 -5.037207423e+01 -5.037207423e+01 -1.3426e-01 -3.4105e-01 -8.5812e-01 -4.9450e-01 +3.6155e-01 -4.2948e-01 +7.6787e-01 +3.3497e-01 -4.5102e-01 +2.7368e-01
777 0 +1.147578123e+01 -5.223421877e+01 -5.223421877e+01 -3.0220e-01 -4.2906e-02 -7.5049e-01 -5.5917e-01 +3.6370e-01 -3.3768e-01 +7.8670e-01 +3.4835e-01 -4.5571e-01 +2.3565e-01
854 0 +1.131098428e+01 -5.239901572e+01 -5.239901572e+01 -2.5113e-01 -1.5459e-01 -8.1806e-01 -5.1341e-01 +3.1155e-01 -4.8671e-01 +7.9110e-01 +3.5548e-01 -4.2735e-01 +1.6879e-01
872 0 +1.090722232e+01 -5.280277768e+01 -5.280277768e+01 -3.1400e-01 -2.6895e-01 -8.3801e-01 -5.3257e-01 +2.4508e-01 -5.0379e-01 +8.4473e-01 +3.9868e-01 -3.5257e-01 +2.9348e-01
943 0 +1.068219140e+01 -5.302780860e+01 -5.302780860e+01 -2.5492e-01 -2.2999e-01 -6.8539e-01 -4.9441e-01 +3.1943e-01 -4.7518e-01 +8.5025e-01 +3.5562e-01 -4.0392e-01 +3.3977e-01
967 0 +1.063102870e+01 -5.307897130e+01 -5.307897130e+01 -3.7085e-01 -7.6776e-02 -6.9370e-01 -4.5015e-01 +2.7043e-01 -4.0062e-01 +8.2528e-01 +4.5394e-01 -5.6359e-01 +2.0647e-01
969 0 +9.931408102e+00 -5.377859190e+01 -5.377859190e+01 -2.7410e-01 -1.6524e-01 -7.0933e-01 -4.0772e-01 +3.5191e-01 -4.0009e-01 +8.1882e-01 +3.8395e-01 -4.4845e-01 +1.8998e-01
1026 0 +9.782647786e+00 -5.392735221e+01 -5.392735221e+01 -3.3717e-01 -2.0128e-01 -7.4343e-01 -4.9501e-01 +3.4030e-01 -3.9455e-01 +9.0083e-01 +3.8201e-01 -5.1849e-01 +2.8588e-01
1051 0 +9.096375334e+00 -5.461362467e+01 -5.461362467e+01 -3.1127e-01 -1.3312e-01 -7.3397e-01 -4.5918e-01 +3.4392e-01 -3.6337e-01 +8.9157e-01 +4.0891e-01 -5.3164e-01 +2.4007e-01
1107 0 +9.054752534e+00 -5.465524747e+01 -5.465524747e+01 -3.0241e-01 -1.2197e-01 -6.9937e-01 -3.7823e-01 +2.9086e-01 -3.3918e-01 +8.2806e-01 +4.2906e-01 -5.7007e-01 +1.7035e-01
1116 0 +8.926951337e+00 -5.478304866e+01 -5.478304866e+01 -2.7358e-01 -1.1085e-01 -6.8704e-01 -3.8785e-01 +2.9646e-01 -3.1361e-01 +8.2045e-01 +3.8897e-01 -5.7442e-01 +1.8047e-01
1162 0 +8.643243812e+00 -5.506675619e+01 -5.506675619e+01 -2.9349e-01 -4.4673e-02 -6.9512e-01 -4.1799e-01 +3.6407e-01 -3.1494e-01 +8.0578e-01 +3.7064e-01 -5.5763e-01 +1.4014e-01
1305 0 +8.499437400e+00 -5.521056260e+01 -5.521056260e+01 -3.0658e-01 -2.6280e-02 -7.1889e-01 -3.4894e-01 +3.7129e-01 -3.2071e-01 +7.7107e-01 +3.7055e-01 -6.4001e-01 +1.0809e-01
1371 0 +8.216344320e+00 -5.549365568e+01 -5.549365568e+01 -3.3294e-01 -4.0952e-03 -7.2180e-01 -2.9983e-01 +3.8292e-01 -2.9770e-01 +7.6819e-01 +4.1209e-01 -6.1660e-01 +8.1404e-02
1482 0 +8.139117956e+00 -5.557088204e+01 -5.557088204e+01 -2.8139e-01 +1.3348e-01 -6.2159e-01 -2.5992e-01 +4.1412e-01 -3.1883e-01 +6.9041e-01 +4.0937e-01 -6.4371e-01 +7.2736e-03
1610 0 +8.136824870e+00 -5.557317513e+01 -5.557317513e+01 -2.7324e-01 +1.2911e-01 -6.7011e-01 -2.2910e-01 +4.1750e-01 -3.0254e-01 +6.6577e-01 +4.5789e-01 -6.2495e-01 +2.3538e-02
1651 0 +8.080287925e+00 -5.562971207e+01 -5.562971207e+01 -2.5628e-01 +9.9165e-02 -6.9871e-01 -2.6188e-01 +3.7465e-01 -3.0808e-01 +6.8524e-01 +4.0603e-01 -6.3939e-01 -1.8475e-02
1652 0 +8.043380254e+00 -5.566661975e+01 -5.566661975e+01 -2.3719e-01 +1.3778e-01 -6.6966e-01 -2.5635e-01 +4.2987e-01 -3.0537e-01 +6.5485e-01 +4.2868e-01 -6.5102e-01 -1.4206e-02
1701 0 +7.887912055e+00 -5.582208795e+01 -5.582208795e+01 -2.6178e-01 +1.1138e-01 -7.0054e-01 -2.6686e-01 +4.1021e-01 -2.9617e-01 +6.7429e-01 +4.2745e-01 -6.2924e-01 -1.5218e-02
1703 0 +7.805122591e+00 -5.590487741e+01 -5.590487741e+01 -2.9034e-01 +1.4558e-01 -6.5474e-01 -2.0892e-01 +3.5257e-01 -2.8529e-01 +6.6727e-01 +4.4411e-01 -6.3244e-01 -2.6184e-02
1707 0 +7.786597182e+00 -5.592340282e+01 -5.592340282e+01 -3.1493e-01 +1.4465e-01 -6.6175e-01 -2.3270e-01 +4.4463e-01 -2.9209e-01 +6.4559e-01 +4.1524e-01 -6.4508e-01 -3.3923e-02
1716 0 +7.719704726e+00 -5.599029527e+01 -5.599029527e+01 -2.5453e-01 +1.2019e-01 -6.5187e-01 -2.1272e-01 +4.0317e-01 -2.4401e-01 +6.3945e-01 +4.3809e-01 -6.2153e-01 -8.1330e-02
1753 0 +7.617941911e+00 -5.609205809e+01 -5.609205809e+01 -2.8810e-01 +1.6999e-01 -6.7569e-01 -2.3185e-01 +3.9794e-01 -3.0581e-01 +6.3076e-01 +4.4708e-01 -6.3143e-01 -5.5372e-02
1766 0 +7.424275724e+00 -5.628572428e+01 -5.628572428e+01 -2.7374e-01 +2.0131e-01 -6.2287e-01 -2.2215e-01 +4.1193e-01 -2.7233e-01 +5.9893e-01 +4.3690e-01 -6.4248e-01 -7.5784e-02
1774 0 +7.355355121e+00 -5.635464488e+01 -5.635464488e+01 -2.6853e-01 +2.1065e-01 -6.6899e-01 -2.0667e-01 +4.1893e-01 -2.5072e-01 +6.1371e-01 +4.4964e-01 -6.5530e-01 -1.0131e-01
1801 0 +7.326727884e+00 -5.638327212e+01 -5.638327212e+01 -2.9976e-01 +1.9058e-01 -6.6719e-01 -2.1928e-01 +4.0824e-01 -2.7196e-01 +5.9502e-01 +4.3339e-01 -6.3972e-01 -6.9369e-02
1805 0 +7.310535322e+00 -5.639946468e+01 -5.639946468e+01 -2.5640e-01 +1.9236e-01 -6.3352e-01 -2.1773e-01 +4.2825e-01 -2.8577e-01 +5.6623e-01 +4.1180e-01 -6.6672e-01 -1.1926e-01
1884 0 +7.096599308e+00 -5.661340069e+01 -5.661340069e+01 -2.1159e-01 +2.9824e-01 -6.5827e-01 -1.9386e-01 +4.0414e-01 -2.5645e-01 +4.2067e-01 +4.4779e-01 -6.5305e-01 -2.1713e-01
2051 0 +6.995146893e+00 -5.671485311e+01 -5.671485311e+01 -2.3400e-01 +3.3297e-01 -6.3191e-01 -2.0515e-01 +3.7243e-01 -2.6724e-01 +4.2946e-01 +4.3073e-01 -6.8477e-01 -2.1819e-01
2103 0 +6.846410851e+00 -5.686358915e+01 -5.686358915e+01 -2.0353e-01 +3.5030e-01 -6.3028e-01 -1.7461e-01 +4.2409e-01 -2.4168e-01 +4.5127e-01 +4.4306e-01 -6.4876e-01 -2.1189e-01
2109 0 +6.732275502e+00 -5.697772450e+01 -5.697772450e+01 -2.3518e-01 +3.6011e-01 -6.4127e-01 -1.6180e-01 +3.9591e-01 -2.3767e-01 +3.9774e-01 +4.3983e-01 -6.8470e-01 -2.4088e-01
2156 0 +6.635904453e+00 -5.707409555e+01 -5.707409555e+01 -2.5015e-01 +3.3418e-01 -6.4554e-01 -1.8314e-01 +3.9771e-01 -2.5035e-01 +3.7571e-01 +4.3503e-01 -6.7659e-01 -2.0415e-01
2304 0 +6.322291476e+00 -5.738770852e+01 -5.738770852e+01 -2.1889e-01 +4.4341e-01 -5.9499e-01 -1.8591e-01 +4.5190e-01 -2.6065e-01 +2.8981e-01 +4.5910e-01 -6.5444e-01 -2.0596e-01
2413 0 +6.212329707e+00 -5.749767029e+01 -5.749767029e+01 -1.7709e-01 +4.8740e-01 -5.9288e-01 -1.6131e-01 +4.4690e-01 -2.5368e-01 +2.1399e-01 +4.4705e-01 -6.2653e-01 -2.4456e-01
2436 0 +6.198274625e+00 -5.751172537e+01 -5.751172537e+01 -1.5620e-01 +4.6666e-01 -5.9683e-01 -1.8217e-01 +4.5437e-01 -2.2638e-01 +2.0999e-01 +4.4139e-01 -6.6862e-01 -2.4946e-01
2452 0 +5.999662027e+00 -5.771033797e+01 -5.771033797e+01 -1.7742e-01 +4.6356e-01 -5.9594e-01 -1.7604e-01 +4.2923e-01 -2.4881e-01 +1.9584e-01 +4.3493e-01 -6.6746e-01 -2.4483e-01
% f evaluations | g evaluations | best noise-free fitness - Fopt (1.000000000000e+03) + sum g_i+ | measured fitness | best measured fitness or single-digit g-values | x1 | x2...
1 0 +6.952327183e+02 +1.695232718e+03 +1.695232718e+03 +5.9671e-01 -3.8264e-02 +7.4769e-01 +1.6230e+00 -1.3415e-01 -1.3414e-01 +1.6792e+00 +8.6743e-01 -3.6947e-01 +6.4256e-01
7 0 +5.795683502e+02 +1.579568350e+03 +1.579568350e+03 -3.7917e-01 -8.5659e-02 -1.0063e+00 -1.0962e+00 +9.1253e-01 +1.4562e+00 +2.7990e-02 +1.1035e+00 +4.6164e-01 -5.4512e-01
34 0 +5.775642290e+02 +1.577564229e+03 +1.577564229e+03 +8.7753e-02 -7.9725e-01 +1.7580e-01 -5.7716e-01 +1.0751e+00 -4.7057e-02 -7.2550e-01 -2.2139e-01 +5.1293e-01 -4.6372e-01
63 0 +4.876638230e+02 +1.487663823e+03 +1.487663823e+03 -2.5670e-01 +4.2245e-02 -2.8206e-01 -1.1669e+00 +8.0548e-01 -2.2518e-02 +2.3552e-01 +1.7858e+00 -3.9935e-01 -4.6997e-01
64 0 +3.951589245e+02 +1.395158925e+03 +1.395158925e+03 -1.8494e-01 +8.7055e-01 -3.6726e-01 -6.1235e-01 +8.3156e-01 +1.3363e+00 +8.3260e-01 +2.2400e+00 -9.1234e-01 -7.1575e-01
70 0 +3.174672484e+02 +1.317467248e+03 +1.317467248e+03 -1.0138e+00 -1.0583e+00 +2.0940e-01 +1.7653e-01 +2.6142e-01 +1.1217e+00 +6.3307e-01 +7.8673e-02 +3.6840e-01 +3.0104e-01
73 0 +2.438187859e+02 +1.243818786e+03 +1.243818786e+03 -6.1409e-01 +7.0204e-01 +8.3526e-03 -3.3611e-01 +4.5338e-01 +4.6663e-01 +3.5930e-01 +7.7334e-01 +3.5448e-01 +6.6188e-01
101 0 +2.164696745e+02 +1.216469675e+03 +1.216469675e+03 -1.2931e+00 -9.0497e-01 +5.1847e-01 +1.0948e-01 +1.0396e-01 +3.8259e-03 +6.8065e-01 +9.1114e-01 -5.2694e-01 -3.3403e-01
139 0 +1.593559380e+02 +1.159355938e+03 +1.159355938e+03 -1.3728e+00 -1.4333e-01 +3.7622e-01 +1.4325e-01 +1.0232e+00 +8.8064e-02 +2.2899e-01 +9.7998e-01 -3.0087e-01 -6.0548e-01
205 0 +1.517734277e+02 +1.151773428e+03 +1.151773428e+03 -1.3410e+00 -2.0560e-01 +4.7981e-01 -4.9297e-01 +5.2288e-01 +4.4341e-01 +6.4451e-01 +9.5105e-01 +9.2216e-03 -3.7968e-01
226 0 +1.480915007e+02 +1.148091501e+03 +1.148091501e+03 -9.3682e-01 -1.3387e-01 +1.1988e-01 -3.1643e-01 +8.5368e-01 +4.2312e-01 +4.1637e-01 +1.1026e-01 -8.9172e-01 +9.4550e-02
239 0 +1.341939937e+02 +1.134193994e+03 +1.134193994e+03 -1.5731e+00 -1.9896e-01 -2.4749e-01 -1.0765e+00 +9.5830e-01 -1.2980e-01 +2.6603e-02 +2.3536e-01 -1.1766e-01 -7.4987e-01
251 0 +8.476217116e+01 +1.084762171e+03 +1.084762171e+03 -1.0386e+00 -1.2669e-01 +2.6530e-01 -4.4618e-01 +8.0321e-01 -3.4739e-01 +5.9232e-01 +4.9036e-01 -5.8066e-02 -6.7502e-01
272 0 +8.446029873e+01 +1.084460299e+03 +1.084460299e+03 -6.3144e-01 -2.7674e-01 -6.7154e-02 -1.2902e-01 +4.5667e-01 -3.3314e-01 +3.6295e-02 +5.2993e-01 -3.4810e-01 +1.6169e-03
312 0 +8.237976398e+01 +1.082379764e+03 +1.082379764e+03 -1.4793e+00 -4.2445e-01 +2.8671e-01 -1.1955e-01 +3.3068e-01 +4.2517e-01 +3.0995e-01 +2.3259e-01 -6.4164e-01 -8.1776e-02
401 0 +5.928539011e+01 +1.059285390e+03 +1.059285390e+03 -1.4553e+00 -1.2842e-01 +1.5407e-01 -8.8819e-02 +8.5653e-01 -1.9150e-01 +1.3554e-01 -1.6697e-01 -7.2626e-02 -4.7095e-01
425 0 +5.629252346e+01 +1.056292523e+03 +1.056292523e+03 -1.1363e+00 +3.9380e-02 +7.3053e-01 -1.0671e-01 +5.5651e-01 -2.6534e-02 +6.8894e-03 +1.8378e-01 -2.3986e-01 -5.4466e-01
453 0 +2.254150433e+01 +1.022541504e+03 +1.022541504e+03 -1.4381e+00 -3.7612e-01 +8.8408e-02 -5.1945e-01 +2.6636e-01 -1.0880e-01 +7.2675e-02 +2.3526e-02 +7.6989e-02 -4.5390e-01
616 0 +2.051620254e+01 +1.020516203e+03 +1.020516203e+03 -1.2168e+00 -1.6080e-01 +3.0346e-03 -6.4983e-01 +4.1306e-01 -3.6884e-01 +2.6533e-01 +1.8517e-01 -2.6441e-02 -3.8827e-01
623 0 +1.818240164e+01 +1.018182402e+03 +1.018182402e+03 -1.4417e+00 -4.2153e-01 -1.6248e-01 -7.3981e-01 +5.8441e-01 -1.1186e-01 +2.3162e-01 -5.3248e-02 -1.4243e-01 -5.1987e-01
629 0 +1.805125531e+01 +1.018051255e+03 +1.018051255e+03 -1.3835e+00 -1.3016e-01 -6.4248e-02 -3.7978e-01 +4.2243e-01 -3.2806e-01 +2.1802e-01 +1.8278e-01 -5.0825e-02 -3.7811e-01
660 0 +1.523774749e+01 +1.015237747e+03 +1.015237747e+03 -1.3079e+00 -1.0809e-01 +5.1088e-02 -2.7067e-01 +4.5273e-01 -3.1783e-01 +7.5311e-02 +1.4380e-01 +1.8049e-01 -3.4109e-01
703 0 +1.453870379e+01 +1.014538704e+03 +1.014538704e+03 -1.5139e+00 -2.0854e-01 +1.3911e-01 -4.6494e-01 +4.7249e-01 -2.8209e-01 +1.1631e-01 +1.5879e-01 +4.9817e-02 -3.9668e-01
753 0 +1.358978160e+01 +1.013589782e+03 +1.013589782e+03 -1.3317e+00 -2.7721e-01 +3.9686e-02 -5.4934e-01 +4.2267e-01 -2.6538e-01 +1.5042e-01 +1.0215e-01 +1.0530e-01 -5.0101e-01
756 0 +1.170975351e+01 +1.011709754e+03 +1.011709754e+03 -1.4733e+00 -2.5834e-01 +2.6292e-02 -3.6085e-01 +4.5854e-01 -1.9365e-01 +1.6702e-01 +2.1799e-01 +7.3303e-02 -3.9500e-01
839 0 +1.143683388e+01 +1.011436834e+03 +1.011436834e+03 -1.4291e+00 -3.9044e-01 +2.4540e-02 -6.5752e-01 +4.8655e-01 -2.0828e-01 +2.9568e-01 +1.1259e-01 -3.2564e-02 -3.4656e-01
852 0 +1.138592596e+01 +1.011385926e+03 +1.011385926e+03 -1.3655e+00 -3.0392e-01 +3.3023e-02 -3.9169e-01 +4.0837e-01 -1.8259e-01 +1.2705e-01 +3.2870e-01 +5.3210e-02 -4.4039e-01
902 0 +1.059755462e+01 +1.010597555e+03 +1.010597555e+03 -1.3282e+00 -2.6274e-01 +8.3893e-02 -2.9565e-01 +4.6616e-01 -2.1976e-01 +8.9329e-02 +2.7872e-01 +1.5773e-01 -3.9864e-01
955 0 +1.051987254e+01 +1.010519873e+03 +1.010519873e+03 -1.2992e+00 -2.5085e-01 +8.0665e-02 -3.5184e-01 +4.4533e-01 -2.0296e-01 +1.6824e-02 +3.1531e-01 +1.2350e-01 -4.2252e-01
963 0 +1.042654002e+01 +1.010426540e+03 +1.010426540e+03 -1.3762e+00 -3.2126e-01 +5.3032e-02 -3.8015e-01 +4.4476e-01 -2.7912e-01 +1.2461e-01 +2.5270e-01 +6.4783e-02 -4.8188e-01
1025 0 +1.042452747e+01 +1.010424527e+03 +1.010424527e+03 -1.3069e+00 -2.3564e-01 +2.9507e-02 -2.7336e-01 +4.7824e-01 -1.9959e-01 +1.0470e-01 +2.8908e-01 +1.2273e-01 -4.9564e-01
1041 0 +1.001422028e+01 +1.010014220e+03 +1.010014220e+03 -1.2442e+00 -2.3418e-01 +7.4390e-02 -2.8454e-01 +4.6266e-01 -2.0038e-01 +1.0688e-02 +3.0216e-01 +1.0713e-01 -5.2200e-01
1070 0 +9.592940986e+00 +1.009592941e+03 +1.009592941e+03 -1.2481e+00 -1.7861e-01 +2.1086e-01 -2.4574e-01 +3.9078e-01 -3.1314e-01 +3.1630e-02 +2.9601e-01 +1.1534e-01 -5.6579e-01
1164 0 +9.313979269e+00 +1.009313979e+03 +1.009313979e+03 -1.2417e+00 -2.0568e-01 +1.9264e-01 -2.1187e-01 +4.2708e-01 -2.0872e-01 +1.5729e-02 +2.7257e-01 +1.0302e-01 -5.6391e-01
1203 0 +9.272798785e+00 +1.009272799e+03 +1.009272799e+03 -1.2609e+00 -1.1555e-01 +1.7979e-01 -2.0371e-01 +4.5005e-01 -2.5015e-01 +3.3374e-02 +2.5257e-01 +1.4526e-01 -5.3739e-01
1241 0 +9.190646620e+00 +1.009190647e+03 +1.009190647e+03 -1.2343e+00 -1.3165e-01 +2.0224e-01 -1.7136e-01 +4.2449e-01 -2.5452e-01 +2.3784e-03 +2.5228e-01 +1.0143e-01 -6.0818e-01
1246 0 +9.161478238e+00 +1.009161478e+03 +1.009161478e+03 -1.2615e+00 -2.0077e-01 +1.6573e-01 -2.8617e-01 +4.4041e-01 -2.5879e-01 +3.7093e-02 +2.9319e-01 +1.3477e-01 -5.3639e-01
1253 0 +9.057865605e+00 +1.009057866e+03 +1.009057866e+03 -1.1432e+00 -1.2750e-01 +2.2605e-01 -1.3372e-01 +3.9714e-01 -2.6867e-01 -3.2992e-02 +2.3764e-01 +1.5114e-01 -6.5962e-01
1359 0 +8.872753517e+00 +1.008872754e+03 +1.008872754e+03 -1.1672e+00 -9.5138e-02 +2.4882e-01 -1.4125e-01 +4.0912e-01 -2.9913e-01 -1.2562e-02 +2.1924e-01 +1.4105e-01 -6.1924e-01
1451 0 +8.711814296e+00 +1.008711814e+03 +1.008711814e+03 -1.1478e+00 -1.4066e-01 +3.2644e-01 -1.7518e-01 +3.9170e-01 -3.2043e-01 -3.4604e-02 +2.1641e-01 +1.4882e-01 -6.0416e-01
1471 0 +8.698267199e+00 +1.008698267e+03 +1.008698267e+03 -1.1200e+00 -1.1342e-01 +3.3841e-01 -1.5993e-01 +3.9360e-01 -2.5826e-01 -7.0707e-02 +1.8501e-01 +1.5738e-01 -6.4587e-01
1553 0 +8.675485149e+00 +1.008675485e+03 +1.008675485e+03 -1.0940e+00 -1.2423e-01 +3.3250e-01 -1.1679e-01 +3.6872e-01 -3.3100e-01 -4.4000e-02 +1.9312e-01 +1.4936e-01 -6.2154e-01
1558 0 +8.632721725e+00 +1.008632722e+03 +1.008632722e+03 -1.0668e+00 -1.0399e-01 +4.1637e-01 -1.0455e-01 +3.3899e-01 -3.0223e-01 -5.8874e-02 +1.8818e-01 +1.5588e-01 -6.6585e-01
1567 0 +8.581563883e+00 +1.008581564e+03 +1.008581564e+03 -1.1585e+00 -1.7222e-01 +2.8514e-01 -1.3937e-01 +4.0318e-01 -2.6573e-01 -1.5339e-02 +1.9751e-01 +1.7352e-01 -6.0013e-01
1574 0 +8.550920900e+00 +1.008550921e+03 +1.008550921e+03 -1.1138e+00 -1.3465e-01 +3.0216e-01 -1.5834e-01 +3.8781e-01 -2.8887e-01 -4.1615e-03 +2.3558e-01 +1.2190e-01 -6.4029e-01
1601 0 +8.506879719e+00 +1.008506880e+03 +1.008506880e+03 -1.1142e+00 -1.2324e-01 +3.2999e-01 -1.5993e-01 +3.7489e-01 -3.1321e-01 +1.3662e-03 +2.1936e-01 +1.6360e-01 -6.0092e-01
1604 0 +8.316555239e+00 +1.008316555e+03 +1.008316555e+03 -1.0413e+00 -1.0014e-01 +4.3658e-01 -1.5116e-01 +3.4361e-01 -3.0260e-01 -5.3842e-03 +1.0842e-01 +1.4802e-01 -6.4893e-01
1610 0 +8.204947774e+00 +1.008204948e+03 +1.008204948e+03 -1.0553e+00 -1.2367e-01 +3.4518e-01 -1.4009e-01 +3.5514e-01 -3.1858e-01 -9.1612e-03 +1.7523e-01 +1.6471e-01 -6.4674e-01
1689 0 +8.114295704e+00 +1.008114296e+03 +1.008114296e+03 -9.1731e-01 -9.6419e-02 +4.4904e-01 -7.7189e-02 +2.9591e-01 -2.9952e-01 +7.7444e-03 +7.7028e-02 +1.7367e-01 -7.0592e-01
1804 0 +7.914177606e+00 +1.007914178e+03 +1.007914178e+03 -9.5761e-01 -9.8278e-02 +4.6541e-01 -1.3644e-01 +3.1361e-01 -2.8622e-01 -7.8294e-03 +8.3613e-02 +1.5120e-01 -7.4864e-01
1806 0 +7.812256048e+00 +1.007812256e+03 +1.007812256e+03 -9.0522e-01 -1.5444e-02 +4.8728e-01 -1.1322e-01 +2.8535e-01 -3.1777e-01 -3.8338e-02 +7.4443e-02 +1.3816e-01 -7.4872e-01
1958 0 +7.502973915e+00 +1.007502974e+03 +1.007502974e+03 -9.0816e-01 -3.3449e-02 +5.3082e-01 -9.8858e-02 +3.1898e-01 -3.1214e-01 -1.1510e-02 +6.2517e-02 +1.3008e-01 -7.5382e-01
2001 0 +7.317615115e+00 +1.007317615e+03 +1.007317615e+03 -8.5983e-01 -3.6570e-02 +5.5396e-01 -1.3844e-01 +3.1181e-01 -3.0132e-01 -2.3716e-02 +3.4673e-02 +1.1272e-01 -7.4866e-01
2059 0 +7.220493478e+00 +1.007220493e+03 +1.007220493e+03 -8.5777e-01 -4.5126e-03 +5.9279e-01 -1.3220e-01 +2.5484e-01 -3.5016e-01 -1.6882e-02 +2.1276e-03 +9.3205e-02 -7.4767e-01
2110 0 +7.165069115e+00 +1.007165069e+03 +1.007165069e+03 -7.4985e-01 +2.3489e-02 +6.2908e-01 -1.3348e-01 +2.6226e-01 -3.4078e-01 -2.1985e-02 -1.1603e-02 +1.0556e-01 -7.6202e-01
2152 0 +6.857008386e+00 +1.006857008e+03 +1.006857008e+03 -7.4485e-01 +1.3925e-02 +6.4218e-01 -1.6142e-01 +2.5047e-01 -3.6689e-01 -4.8790e-02 -1.4859e-02 +5.9930e-02 -7.3231e-01
2317 0 +6.826532414e+00 +1.006826532e+03 +1.006826532e+03 -7.0323e-01 +4.5616e-02 +7.0351e-01 -1.5870e-01 +2.6658e-01 -3.4762e-01 -7.4641e-02 -1.0295e-01 +4.7619e-02 -7.4203e-01
2360 0 +6.705966539e+00 +1.006705967e+03 +1.006705967e+03 -6.3444e-01 +8.7661e-02 +6.9430e-01 -1.9306e-01 +2.1058e-01 -3.8063e-01 -3.9007e-02 -7.3421e-02 +2.5813e-02 -7.3891e-01
% f evaluations | g evaluations | best noise-free fitness - Fopt (3.197000000000e+01) + sum g_i+ | measured fitness | best measured fitness or single-digit g-values | x1 | x2...
1 0 +1.755501781e+03 +1.787471781e+03 +1.787471781e+03 +5.9671e-01 -3.8264e-02 +7.4769e-01 +1.6230e+00 -1.3415e-01 -1.3414e-01 +1.6792e+00 +8.6743e-01 -3.6947e-01 +6.4256e-01
2 0 +9.804125674e+02 +1.012382567e+03 +1.012382567e+03 -3.6342e-01 -3.6573e-01 +3.4196e-01 -1.8133e+00 -1.6249e+00 -4.6229e-01 -9.1283e-01 +4.1425e-01 -8.0802e-01 -1.3123e+00
9 0 +9.312962585e+02 +9.632662585e+02 +9.632662585e+02 -1.1967e-01 +4.5711e-01 +1.5779e+00 -4.1827e-01 -7.0849e-01 -4.0176e-01 +1.0154e+00 +4.2875e-01 -4.2976e-01 +6.1327e-01
10 0 +1.950489300e+02 +2.270189300e+02 +2.270189300e+02 +1.9708e-01 +1.0686e+00 -6.0205e-01 -2.2766e-01 -2.9211e-01 -1.3635e+00 +3.9612e-01 +3.6106e-01 +1.0511e-01 -1.3459e-01
137 0 +1.578443503e+02 +1.898143503e+02 +1.898143503e+02 -6.4251e-01 +5.3171e-01 -7.5210e-01 -1.6312e-01 -6.9750e-01 -3.7366e-01 -8.7386e-01 +3.3534e-01 +3.3424e-01 +5.2135e-02
151 0 +1.404415958e+02 +1.724115958e+02 +1.724115958e+02 -8.3299e-01 +5.5611e-01 -6.8202e-01 -3.0259e-01 -2.7047e-01 -6.8442e-01 -6.5346e-02 +5.9523e-01 +2.9581e-01 -8.4828e-02
157 0 +1.346177627e+02 +1.665877627e+02 +1.665877627e+02 -5.6282e-01 +6.8690e-01 -7.6337e-01 -8.6000e-01 -5.8396e-02 -5.9288e-01 -6.5285e-01 -8.8263e-02 +1.1947e-01 -5.9123e-02
165 0 +7.908130124e+01 +1.110513012e+02 +1.110513012e+02 -2.3961e-01 +4.6831e-01 -3.1673e-01 -9.3670e-01 +6.2993e-01 -4.8096e-01 -7.2067e-01 -4.9476e-02 +3.9889e-01 -3.2477e-01
204 0 +5.217375149e+01 +8.414375149e+01 +8.414375149e+01 -3.3437e-01 -6.0698e-02 -9.4225e-01 -4.7652e-01 +4.2520e-01 -1.0363e+00 -4.3338e-01 -2.0447e-01 +7.2514e-01 -6.0650e-01
212 0 +4.475732025e+01 +7.672732025e+01 +7.672732025e+01 -4.3013e-01 -4.1489e-02 -4.0516e-01 -1.0316e+00 +2.4087e-01 -5.6292e-01 -7.6224e-01 +9.1754e-02 +4.9642e-01 +5.4120e-02
452 0 +2.632135927e+01 +5.829135927e+01 +5.829135927e+01 -4.8775e-01 +3.4672e-01 -1.0948e+00 -2.1327e-01 -8.5287e-02 -7.9273e-01 -1.1037e-01 +1.2902e-01 +6.3190e-01 -4.7517e-01
501 0 +1.664371991e+01 +4.861371991e+01 +4.861371991e+01 -5.4842e-01 +1.0391e-01 -9.5646e-01 -4.6361e-01 -8.7823e-02 -6.6212e-01 -3.0614e-01 -2.3541e-02 +6.7493e-01 -4.7040e-01
553 0 +1.414470719e+01 +4.611470719e+01 +4.611470719e+01 -4.6397e-01 +2.4351e-02 -1.1758e+00 -2.1492e-01 -1.3663e-01 -6.8531e-01 -1.0052e-01 -1.7233e-01 +4.8681e-01 -2.6464e-01
619 0 +1.334822174e+01 +4.531822174e+01 +4.531822174e+01 -3.9427e-01 +1.3442e-01 -9.5125e-01 -3.6238e-01 -4.4065e-02 -7.0002e-01 -3.5381e-01 -8.6778e-02 +4.6846e-01 -4.2217e-01
707 0 +1.289364044e+01 +4.486364044e+01 +4.486364044e+01 -3.4966e-01 +8.8007e-02 -1.0737e+00 -3.4734e-01 -1.3716e-01 -6.9614e-01 -1.9257e-01 -1.4810e-01 +3.9340e-01 -4.4731e-01
771 0 +1.249580262e+01 +4.446580262e+01 +4.446580262e+01 -4.4996e-01 -1.7299e-02 -1.1077e+00 -3.3517e-01 -1.3167e-01 -6.5336e-01 -1.0124e-01 -5.2870e-02 +5.6163e-01 -2.8872e-01
802 0 +1.214122429e+01 +4.411122429e+01 +4.411122429e+01 -4.9324e-01 -5.9929e-02 -1.0368e+00 -3.3043e-01 -2.5779e-01 -6.6135e-01 -1.0949e-01 -1.4675e-01 +4.6983e-01 -2.7782e-01
807 0 +1.065590283e+01 +4.262590283e+01 +4.262590283e+01 -3.1979e-01 +5.8637e-05 -1.0037e+00 -2.5105e-01 -2.0036e-01 -6.5216e-01 -9.1764e-02 -1.2679e-01 +4.3736e-01 -3.8878e-01
864 0 +9.807173049e+00 +4.177717305e+01 +4.177717305e+01 -4.1440e-01 +8.2175e-02 -1.0119e+00 -2.7369e-01 -8.9829e-02 -7.8113e-01 -6.8604e-02 -1.5189e-01 +5.5006e-01 -4.0087e-01
982 0 +9.663336774e+00 +4.163333677e+01 +4.163333677e+01 -3.5662e-01 -5.4983e-02 -9.3203e-01 -1.7026e-01 -1.6822e-01 -6.8001e-01 -8.4709e-03 -2.3046e-01 +4.5962e-01 -3.6933e-01
1018 0 +9.487077044e+00 +4.145707704e+01 +4.145707704e+01 -4.3306e-01 -8.5057e-02 -1.0387e+00 -2.7869e-01 -1.0539e-01 -6.8002e-01 +3.9350e-02 -2.3758e-01 +4.8540e-01 -3.6376e-01
1052 0 +8.999220386e+00 +4.096922039e+01 +4.096922039e+01 -3.7515e-01 -9.2352e-02 -9.7782e-01 -2.1099e-01 -1.3566e-01 -7.1428e-01 +1.0236e-05 -2.3534e-01 +4.8795e-01 -3.5438e-01
1063 0 +8.672149632e+00 +4.064214963e+01 +4.064214963e+01 -4.1803e-01 -3.8577e-02 -9.7601e-01 -2.5040e-01 -1.5543e-01 -6.8062e-01 +3.3290e-02 -1.8618e-01 +4.5793e-01 -3.4032e-01
1202 0 +8.490235664e+00 +4.046023566e+01 +4.046023566e+01 -3.8234e-01 -6.0504e-02 -9.7651e-01 -2.9616e-01 -1.8683e-01 -6.7977e-01 -2.2325e-02 -2.1332e-01 +5.3142e-01 -3.5541e-01
1251 0 +8.452079308e+00 +4.042207931e+01 +4.042207931e+01 -3.9843e-01 -1.4365e-01 -9.3780e-01 -2.8434e-01 -1.6850e-01 -6.5758e-01 +7.7438e-02 -2.2651e-01 +4.8872e-01 -3.3906e-01
1252 0 +8.323517905e+00 +4.029351791e+01 +4.029351791e+01 -3.8038e-01 -9.5362e-02 -9.6443e-01 -2.2707e-01 -2.1094e-01 -6.4909e-01 +1.3639e-02 -2.3649e-01 +4.9043e-01 -3.2449e-01
1301 0 +8.270079618e+00 +4.024007962e+01 +4.024007962e+01 -3.6965e-01 -1.1578e-01 -9.9519e-01 -2.7857e-01 -2.2738e-01 -6.5692e-01 +3.9541e-02 -2.5071e-01 +4.9707e-01 -3.4410e-01
1361 0 +7.916422344e+00 +3.988642234e+01 +3.988642234e+01 -3.5989e-01 -1.5909e-01 -9.5085e-01 -2.4198e-01 -1.8160e-01 -5.9122e-01 +9.2658e-02 -2.8910e-01 +4.7425e-01 -3.1800e-01
1556 0 +7.734505788e+00 +3.970450579e+01 +3.970450579e+01 -3.5374e-01 -2.2722e-01 -9.2562e-01 -2.1199e-01 -2.0673e-01 -5.6461e-01 +1.2989e-01 -3.0278e-01 +4.6687e-01 -3.1458e-01
1610 0 +7.609173035e+00 +3.957917304e+01 +3.957917304e+01 -3.4219e-01 -2.9002e-01 -9.4458e-01 -2.2085e-01 -2.2803e-01 -5.4617e-01 +1.8862e-01 -2.8758e-01 +4.6575e-01 -2.7501e-01
1758 0 +7.453731821e+00 +3.942373182e+01 +3.942373182e+01 -3.6162e-01 -2.9194e-01 -8.9339e-01 -2.3208e-01 -2.1253e-01 -5.0014e-01 +1.8713e-01 -3.1707e-01 +4.6603e-01 -2.3788e-01
1783 0 +7.327975335e+00 +3.929797534e+01 +3.929797534e+01 -3.4129e-01 -3.1960e-01 -8.8868e-01 -2.1598e-01 -2.0538e-01 -4.9510e-01 +2.1664e-01 -3.3894e-01 +4.9972e-01 -2.1897e-01
1796 0 +7.267449572e+00 +3.923744957e+01 +3.923744957e+01 -3.3189e-01 -3.4304e-01 -9.0115e-01 -2.5099e-01 -2.2561e-01 -4.7767e-01 +2.5140e-01 -3.5697e-01 +4.9728e-01 -2.5272e-01
1930 0 +7.184213884e+00 +3.915421388e+01 +3.915421388e+01 -3.3763e-01 -3.4595e-01 -8.3492e-01 -2.5441e-01 -1.9903e-01 -4.1736e-01 +2.5955e-01 -3.4395e-01 +5.0008e-01 -1.8288e-01
1939 0 +6.993558688e+00 +3.896355869e+01 +3.896355869e+01 -3.3733e-01 -4.2896e-01 -8.2131e-01 -2.5319e-01 -2.1198e-01 -3.7642e-01 +2.8858e-01 -3.5005e-01 +4.9744e-01 -1.7947e-01
2022 0 +6.849890413e+00 +3.881989041e+01 +3.881989041e+01 -3.0096e-01 -4.6724e-01 -7.5660e-01 -2.7046e-01 -2.1986e-01 -2.8943e-01 +2.8113e-01 -4.5260e-01 +5.5608e-01 -9.2879e-02
2101 0 +6.587879230e+00 +3.855787923e+01 +3.855787923e+01 -2.7539e-01 -4.8599e-01 -7.8232e-01 -2.6542e-01 -2.2857e-01 -2.9376e-01 +3.3222e-01 -4.0477e-01 +5.3349e-01 -1.2908e-01
2156 0 +6.354511869e+00 +3.832451187e+01 +3.832451187e+01 -2.8110e-01 -4.9961e-01 -7.0942e-01 -2.7868e-01 -1.8798e-01 -2.2047e-01 +3.5552e-01 -4.5977e-01 +5.4199e-01 -1.1783e-01
2179 0 +6.340754862e+00 +3.831075486e+01 +3.831075486e+01 -2.9640e-01 -5.1910e-01 -7.0373e-01 -3.1033e-01 -1.7963e-01 -1.9974e-01 +3.7163e-01 -4.8285e-01 +5.8084e-01 -1.0175e-01
2353 0 +6.153983959e+00 +3.812398396e+01 +3.812398396e+01 -2.7625e-01 -5.6063e-01 -5.8741e-01 -3.1977e-01 -1.7084e-01 -1.0677e-01 +3.5686e-01 -5.0710e-01 +5.5192e-01 -3.0541e-02
2428 0 +6.075682477e+00 +3.804568248e+01 +3.804568248e+01 -2.5975e-01 -5.0007e-01 -6.0691e-01 -3.8564e-01 -1.3039e-01 -9.3760e-02 +4.1328e-01 -5.3486e-01 +5.9985e-01 -3.5372e-02
2451 0 +5.953628950e+00 +3.792362895e+01 +3.792362895e+01 -2.6939e-01 -5.2648e-01 -6.0819e-01 -3.6376e-01 -1.7474e-01 -1.2822e-01 +4.3148e-01 -5.2533e-01 +5.7580e-01 -3.1465e-02
% f evaluations | g evaluations | best noise-free fitness - Fopt (5.819000000000e+01) + sum g_i+ | measured fitness | best measured fitness or single-digit g-values | x1 | x2...
1 0 +2.639490045e+03 +2.697680045e+03 +2.697680045e+03 +5.9671e-01 -3.8264e-02 +7.4769e-01 +1.6230e+00 -1.3415e-01 -1.3414e-01 +1.6792e+00 +8.6743e-01 -3.6947e-01 +6.4256e-01
2 0 +1.642335504e+03 +1.700525504e+03 +1.700525504e+03 -3.6342e-01 -3.6573e-01 +3.4196e-01 -1.8133e+00 -1.6249e+00 -4.6229e-01 -9.1283e-01 +4.1425e-01 -8.0802e-01 -1.3123e+00
5 0 +6.991738804e+02 +7.573638804e+02 +7.573638804e+02 +8.3847e-01 +2.7137e-01 -1.5648e-02 -2.0110e-01 -1.3785e+00 -6.1984e-01 -3.6064e-01 +1.1571e+00 +4.4362e-01 -1.6630e+00
31 0 +2.560415548e+02 +3.142315548e+02 +3.142315548e+02 -7.2900e-01 -4.6018e-01 +8.4729e-01 +7.1037e-01 +7.9098e-02 +2.1733e-01 +1.3777e+00 -4.9157e-01 +6.4710e-01 -1.0219e-01
70 0 +8.863533291e+01 +1.468253329e+02 +1.468253329e+02 +6.6688e-01 -4.1376e-01 +3.4769e-01 +6.8873e-02 -5.8903e-01 +1.0822e+00 +2.5085e-01 -3.5518e-01 +9.1567e-01 -7.2690e-01
220 0 +4.286521201e+01 +1.010552120e+02 +1.010552120e+02 +7.1230e-02 -1.6899e-01 +7.7117e-01 +2.9695e-01 -6.1680e-01 +6.6978e-01 +6.7078e-01 -2.8908e-01 +2.7258e-01 -2.8076e-01
268 0 +3.001246369e+01 +8.820246369e+01 +8.820246369e+01 +8.6684e-01 -4.6706e-01 +3.7475e-01 +1.2374e-01 -6.0457e-01 +1.5682e-01 +2.5027e-01 +2.1762e-02 +5.4095e-01 -4.2988e-01
351 0 +2.842369866e+01 +8.661369866e+01 +8.661369866e+01 +4.7420e-01 +1.7505e-01 +8.2405e-01 +4.7809e-01 -7.4580e-01 +6.9292e-01 +6.8761e-01 -3.7723e-02 +6.5031e-01 -5.5905e-01
468 0 +2.572795659e+01 +8.391795659e+01 +8.391795659e+01 +5.7859e-01 -2.3264e-02 +5.4774e-01 +2.9038e-01 -5.3717e-01 +1.3968e-01 +1.1100e-01 -2.9738e-01 +7.8107e-01 -4.3541e-01
480 0 +2.330460235e+01 +8.149460235e+01 +8.149460235e+01 +5.6309e-01 +3.0539e-02 +4.9790e-01 +1.9313e-01 -5.8463e-01 +4.4321e-01 +2.8804e-01 -1.5399e-01 +7.4466e-01 -5.9307e-01
502 0 +2.323727351e+01 +8.142727351e+01 +8.142727351e+01 +4.8986e-01 -8.8192e-02 +4.7652e-01 +1.5974e-01 -5.7484e-01 +3.9862e-01 +2.9409e-01 -1.2677e-01 +5.1514e-01 -4.9634e-01
554 0 +1.359762444e+01 +7.178762444e+01 +7.178762444e+01 +7.2597e-01 -1.1438e-01 +6.9890e-01 +3.4321e-01 -7.2630e-01 +2.8958e-01 +2.9188e-01 -2.4952e-01 +5.1758e-01 -5.7232e-01
701 0 +1.041288254e+01 +6.860288254e+01 +6.860288254e+01 +8.0066e-01 -1.0940e-01 +6.4533e-01 +2.3878e-01 -6.0669e-01 +3.2622e-01 +3.2207e-01 -3.0846e-01 +5.5104e-01 -5.8250e-01
869 0 +1.040777706e+01 +6.859777706e+01 +6.859777706e+01 +7.7722e-01 -1.3468e-01 +4.5961e-01 +1.6927e-01 -7.1502e-01 +1.6031e-01 +2.4633e-01 -3.6302e-01 +5.7527e-01 -5.7606e-01
902 0 +9.771182062e+00 +6.796118206e+01 +6.796118206e+01 +7.7353e-01 -1.4053e-01 +5.4404e-01 +2.6694e-01 -6.7262e-01 +2.9075e-01 +2.9867e-01 -2.9057e-01 +5.1523e-01 -5.2896e-01
904 0 +9.741363955e+00 +6.793136396e+01 +6.793136396e+01 +7.9660e-01 -2.2023e-01 +5.3143e-01 +1.7299e-01 -7.0617e-01 +2.2057e-01 +2.8358e-01 -3.3862e-01 +5.1563e-01 -5.0862e-01
974 0 +9.700225203e+00 +6.789022520e+01 +6.789022520e+01 +7.9511e-01 -1.3732e-01 +5.4532e-01 +2.2046e-01 -6.5980e-01 +2.6627e-01 +2.0562e-01 -3.3509e-01 +5.2226e-01 -5.6919e-01
1010 0 +9.381832504e+00 +6.757183250e+01 +6.757183250e+01 +7.7479e-01 -2.1460e-01 +5.1631e-01 +1.9029e-01 -6.9623e-01 +1.7949e-01 +1.7664e-01 -2.9868e-01 +5.1518e-01 -5.0842e-01
1055 0 +9.335219064e+00 +6.752521906e+01 +6.752521906e+01 +7.7956e-01 -1.4472e-01 +5.6696e-01 +2.4755e-01 -6.3226e-01 +2.9357e-01 +2.8478e-01 -3.7207e-01 +5.6091e-01 -5.2123e-01
1106 0 +8.659255341e+00 +6.684925534e+01 +6.684925534e+01 +7.8972e-01 -1.9584e-01 +5.2995e-01 +2.1322e-01 -7.0835e-01 +1.9046e-01 +1.8432e-01 -3.5106e-01 +5.8148e-01 -4.5529e-01
1201 0 +8.634524738e+00 +6.682452474e+01 +6.682452474e+01 +8.0908e-01 -1.6069e-01 +4.7024e-01 +1.8792e-01 -7.2333e-01 +1.6865e-01 +1.7186e-01 -3.2269e-01 +5.8001e-01 -4.2546e-01
1306 0 +8.515664158e+00 +6.670566416e+01 +6.670566416e+01 +8.0811e-01 -2.4214e-01 +4.8016e-01 +2.0195e-01 -7.3314e-01 +1.4971e-01 +1.9293e-01 -2.8671e-01 +6.0580e-01 -4.0953e-01
1346 0 +8.483658939e+00 +6.667365894e+01 +6.667365894e+01 +7.9950e-01 -2.1402e-01 +4.5403e-01 +2.0214e-01 -7.6574e-01 +7.4744e-02 +1.5905e-01 -2.6875e-01 +5.8513e-01 -3.7066e-01
1356 0 +8.250468935e+00 +6.644046893e+01 +6.644046893e+01 +7.7499e-01 -2.3908e-01 +4.9057e-01 +1.8928e-01 -7.5548e-01 +9.3671e-02 +1.1264e-01 -2.8904e-01 +5.8137e-01 -3.6801e-01
1410 0 +8.083420947e+00 +6.627342095e+01 +6.627342095e+01 +7.7281e-01 -2.4764e-01 +4.8208e-01 +1.8283e-01 -7.3347e-01 +9.5281e-02 +1.0685e-01 -2.6843e-01 +5.9112e-01 -2.7134e-01
1538 0 +7.993558046e+00 +6.618355805e+01 +6.618355805e+01 +7.4392e-01 -2.9801e-01 +4.6626e-01 +1.4952e-01 -7.9331e-01 +5.1431e-02 +9.3939e-02 -2.6118e-01 +6.1095e-01 -1.9071e-01
1653 0 +7.884854065e+00 +6.607485407e+01 +6.607485407e+01 +7.0393e-01 -3.3410e-01 +4.4324e-01 +1.9366e-01 -7.8889e-01 +7.3158e-02 +5.4630e-02 -2.5690e-01 +6.1039e-01 -2.0528e-01
1656 0 +7.820336674e+00 +6.601033667e+01 +6.601033667e+01 +7.3341e-01 -3.0445e-01 +4.5561e-01 +1.4982e-01 -8.0924e-01 +5.5619e-02 +6.2450e-02 -2.4610e-01 +5.9542e-01 -1.7709e-01
1715 0 +7.694369191e+00 +6.588436919e+01 +6.588436919e+01 +6.7823e-01 -3.4411e-01 +4.3905e-01 +1.9514e-01 -8.3281e-01 +1.6130e-02 +3.5935e-02 -2.1467e-01 +5.9405e-01 -1.6538e-01
1724 0 +7.650768951e+00 +6.584076895e+01 +6.584076895e+01 +6.7698e-01 -3.4378e-01 +4.2431e-01 +1.6052e-01 -8.0183e-01 +1.9704e-02 +2.6508e-02 -1.8360e-01 +6.1025e-01 -1.4016e-01
1761 0 +7.560361082e+00 +6.575036108e+01 +6.575036108e+01 +6.6274e-01 -3.6737e-01 +4.1815e-01 +1.7451e-01 -8.2971e-01 -1.6858e-02 +1.6317e-02 -2.0874e-01 +6.3216e-01 -9.7696e-02
1802 0 +7.413787763e+00 +6.560378776e+01 +6.560378776e+01 +6.1495e-01 -3.6312e-01 +4.3403e-01 +1.7656e-01 -8.0881e-01 -1.8032e-02 +1.0510e-02 -2.3312e-01 +5.9039e-01 -1.0185e-01
1826 0 +7.226627554e+00 +6.541662755e+01 +6.541662755e+01 +6.2533e-01 -3.6283e-01 +4.2928e-01 +1.8095e-01 -8.1635e-01 -2.3079e-02 -3.6533e-02 -1.9664e-01 +6.2741e-01 -6.4609e-02
1867 0 +7.122784578e+00 +6.531278458e+01 +6.531278458e+01 +5.9677e-01 -3.6657e-01 +4.4066e-01 +1.8754e-01 -8.2129e-01 -2.4471e-02 -3.9772e-02 -1.9190e-01 +6.2581e-01 -4.2380e-02
2006 0 +6.982534062e+00 +6.517253406e+01 +6.517253406e+01 +4.7234e-01 -4.0483e-01 +3.8516e-01 +2.1268e-01 -8.2541e-01 -6.3160e-02 -1.2276e-01 -2.0761e-01 +5.4035e-01 +1.1322e-01
2101 0 +6.949725898e+00 +6.513972590e+01 +6.513972590e+01 +4.9347e-01 -4.0906e-01 +3.8073e-01 +2.0504e-01 -8.4879e-01 -6.3691e-02 -1.1310e-01 -1.9379e-01 +5.7418e-01 +9.1216e-02
2155 0 +6.807493761e+00 +6.499749376e+01 +6.499749376e+01 +4.7484e-01 -4.1794e-01 +4.0111e-01 +2.2620e-01 -8.6479e-01 -5.3209e-02 -1.2818e-01 -2.1206e-01 +5.9628e-01 +1.0527e-01
2209 0 +6.756641414e+00 +6.494664141e+01 +6.494664141e+01 +4.8902e-01 -4.2625e-01 +4.2716e-01 +2.0744e-01 -8.6385e-01 -1.3919e-02 -1.3913e-01 -1.9094e-01 +5.7635e-01 +7.9567e-02
2223 0 +6.751491213e+00 +6.494149121e+01 +6.494149121e+01 +4.1615e-01 -4.0171e-01 +3.7608e-01 +2.0034e-01 -8.2886e-01 -3.6584e-02 -1.4743e-01 -1.8127e-01 +5.5356e-01 +1.2741e-01
2225 0 +6.373575341e+00 +6.456357534e+01 +6.456357534e+01 +3.7931e-01 -4.6508e-01 +3.8501e-01 +2.3204e-01 -8.5066e-01 -4.6067e-02 -1.7845e-01 -1.8473e-01 +5.3484e-01 +1.2709e-01
2354 0 +6.328948782e+00 +6.451894878e+01 +6.451894878e+01 +3.4355e-01 -4.6880e-01 +3.7772e-01 +2.7715e-01 -8.5371e-01 -2.9693e-02 -2.0845e-01 -1.4583e-01 +5.1870e-01 +1.0735e-01
2412 0 +6.266400179e+00 +6.445640018e+01 +6.445640018e+01 +3.4666e-01 -4.5339e-01 +3.8141e-01 +2.5488e-01 -8.5362e-01 +4.7130e-03 -2.1273e-01 -1.6156e-01 +4.8485e-01 +1.5147e-01
