% f evaluations | g evaluations | best noise-free fitness - Fopt (7.627000000000e+01) + sum g_i+ | measured fitness | best measured fitness or single-digit g-values | x1 | x2...
1 0 +1.552914355e+06 +1.552990625e+06 +1.552990625e+06 +5.9671e-01 -3.8264e-02 +7.4769e-01 +1.6230e+00 -1.3415e-01 -1.3414e-01 +1.6792e+00 +8.6743e-01 -3.6947e-01 +6.4256e-01
2 0 +6.218440916e+05 +6.219203616e+05 +6.219203616e+05 -3.6342e-01 -3.6573e-01 +3.4196e-01 -1.8133e+00 -1.6249e+00 -4.6229e-01 -9.1283e-01 +4.1425e-01 -8.0802e-01 -1.3123e+00
3 0 +1.868508053e+05 +1.869270753e+05 +1.869270753e+05 +1.5656e+00 -1.2578e-01 +1.6753e-01 -1.3247e+00 -4.4438e-01 +2.1092e-01 -1.0510e+00 +4.7570e-01 -5.0064e-01 -1.9169e-01
4 0 +1.355190486e+04 +1.362817486e+04 +1.362817486e+04 -5.0171e-01 +1.9523e+00 +8.6503e-02 -9.5771e-01 +9.2254e-01 -1.1208e+00 +3.0886e-01 -1.8597e+00 -1.2282e+00 +2.9686e-01
11 0 +8.121793620e+01 +1.574879362e+02 +1.574879362e+02 -1.3154e+00 -3.2065e-01 -2.4271e-01 -7.0228e-01 -6.1286e-02 +5.0405e-01 +1.9862e+00 +2.7458e-01 +3.5755e-01 +2.5554e-02
75 0 +6.881418224e+01 +1.450841822e+02 +1.450841822e+02 -8.2185e-01 +1.0221e+00 -6.2877e-01 -7.4901e-01 +9.7745e-02 +1.7353e-01 -1.2227e+00 +4.1954e-02 +1.3040e+00 +5.5568e-03
128 0 +4.246235525e+01 +1.187323552e+02 +1.187323552e+02 +6.3882e-01 +1.4340e+00 -9.9105e-01 -1.4700e-01 +1.1166e-01 -6.5185e-02 -1.3377e+00 -2.7850e-02 +1.2717e-01 +2.8953e-01
705 0 +3.881394206e+01 +1.150839421e+02 +1.150839421e+02 -4.0290e-02 +1.0828e-01 -9.2891e-01 -8.0343e-01 +2.4146e-01 +1.0332e-01 +9.9186e-01 -3.7134e-01 +1.2551e+00 +1.0013e+00
718 0 +3.200323970e+01 +1.082732397e+02 +1.082732397e+02 +2.8464e-01 -8.4997e-01 -7.7157e-01 -1.9516e-01 +8.8771e-02 -1.1079e+00 +1.3298e+00 +4.6214e-01 +1.4314e+00 +3.0706e-01
1123 0 +3.127582172e+01 +1.075458217e+02 +1.075458217e+02 -2.6633e+00 -1.5408e+00 -1.2480e+00 -1.5088e+00 -1.0320e+00 -6.9562e-01 +1.4139e+00 +1.0984e+00 +2.1334e+00 +3.8483e+00
1195 0 +2.900268064e+01 +1.052726806e+02 +1.052726806e+02 -1.1038e+00 -1.7835e+00 +1.6913e-01 -1.6697e+00 -2.0934e+00 -1.4267e+00 -1.0230e-01 +2.2097e+00 +2.7038e+00 +1.9397e+00
1615 0 +2.851645279e+01 +1.047864528e+02 +1.047864528e+02 -1.7132e+00 +1.3789e-01 -3.5279e+00 +1.5690e+00 +4.7666e-01 -2.3054e+00 -7.5754e-01 +2.6130e+00 +1.5875e-01 +2.5010e+00
1644 0 +2.355340913e+01 +9.982340913e+01 +9.982340913e+01 -3.6500e+00 -9.5189e-01 -1.7255e+00 -5.5740e-01 -5.6628e-01 -2.2726e+00 -2.0158e+00 +2.2749e+00 -5.9916e-02 +1.7683e+00
1651 0 +2.211966966e+01 +9.838966966e+01 +9.838966966e+01 -9.2906e-01 -4.1018e-01 -2.5415e+00 -7.3032e-01 -3.6828e-01 -2.5770e+00 -2.2879e+00 +2.8380e+00 +3.9549e-01 +2.1624e+00
1665 0 +2.027645962e+01 +9.654645962e+01 +9.654645962e+01 -5.8638e-01 -2.5682e+00 -3.8227e+00 +1.4995e+00 +7.6387e-01 -3.1296e+00 -1.1479e+00 +1.2781e+00 -2.6608e+00 +1.8169e+00
1666 0 +1.696006193e+01 +9.323006193e+01 +9.323006193e+01 -1.1750e+00 -8.4652e-01 -1.9913e+00 +7.1061e-01 +2.1079e-01 -3.4210e+00 -1.5708e+00 +8.3337e-01 -2.1879e+00 +1.3165e+00
1934 0 +1.388508590e+01 +9.015508590e+01 +9.015508590e+01 -3.2015e+00 -2.0972e+00 -1.3571e+00 -9.5581e-01 -1.6669e+00 -3.0444e+00 -2.2154e+00 +2.7092e+00 -1.3002e+00 +2.7698e+00
1952 0 +7.244045433e+00 +8.351404543e+01 +8.351404543e+01 -2.7547e+00 -2.8772e+00 -4.3561e-01 +1.3382e-01 -1.5342e+00 -3.3579e+00 -3.9846e-01 +9.8171e-01 -2.1487e+00 +2.2451e+00
1989 0 +5.628733626e+00 +8.189873363e+01 +8.189873363e+01 -1.0349e+00 -2.2153e+00 -1.3274e+00 -1.6389e-01 -1.3373e+00 -3.2798e+00 -1.7485e-01 +7.4041e-01 -1.5446e-01 +4.0303e+00
2165 0 +5.114279917e+00 +8.138427992e+01 +8.138427992e+01 -1.4645e+00 -2.8228e+00 -3.5891e-01 +1.0085e+00 -1.8100e+00 -3.1864e+00 +2.8950e-01 +6.1495e-01 -1.8355e+00 +2.7508e+00
2203 0 +4.740710353e+00 +8.101071035e+01 +8.101071035e+01 -1.3233e+00 -1.4731e+00 -1.1729e+00 +3.8340e-01 -1.9191e+00 -1.9957e+00 -1.1442e+00 +1.2105e+00 -7.3788e-01 +3.7907e+00
2206 0 +3.682885230e+00 +7.995288523e+01 +7.995288523e+01 -1.3832e+00 -1.7927e+00 -6.7410e-01 +6.3447e-01 -1.8594e+00 -2.3793e+00 -9.1566e-01 +1.8716e+00 -1.4883e+00 +2.1163e+00
2261 0 +3.534497096e+00 +7.980449710e+01 +7.980449710e+01 -1.5555e+00 -2.5061e+00 -9.2540e-01 +7.3297e-01 -1.6224e+00 -2.1982e+00 -1.0987e-01 +4.8726e-01 -1.4793e+00 +3.1640e+00
2268 0 +2.776204497e+00 +7.904620450e+01 +7.904620450e+01 -4.1790e-01 -2.7111e+00 -8.1121e-01 +7.3554e-01 -1.9660e+00 -1.5209e+00 -8.1255e-01 +4.2776e-01 -6.5919e-01 +2.8760e+00
2302 0 +2.742119075e+00 +7.901211908e+01 +7.901211908e+01 -1.6854e+00 -3.5910e+00 -1.4490e+00 +3.0497e-02 -1.2656e+00 -2.0212e+00 -9.4593e-01 +7.4847e-01 -1.7166e+00 +2.3432e+00
2319 0 +2.050409771e+00 +7.832040977e+01 +7.832040977e+01 -8.2757e-01 -4.2092e+00 -1.3638e+00 +3.4599e-01 -1.7869e+00 -2.1945e+00 -4.7589e-01 +8.3979e-01 -3.2599e-01 +3.1156e+00
2362 0 +1.918124788e+00 +7.818812479e+01 +7.818812479e+01 -7.7061e-01 -2.8626e+00 -1.3807e+00 +4.0092e-01 -1.4204e+00 -2.5179e+00 -7.2441e-01 +8.6591e-01 -1.9583e+00 +2.8039e+00
2390 0 +1.017442713e+00 +7.728744271e+01 +7.728744271e+01 -8.8874e-01 -3.0003e+00 -8.3105e-01 +4.7780e-01 -1.6586e+00 -2.1172e+00 -1.7511e-01 +8.1254e-01 -1.5029e+00 +2.4119e+00
2406 0 +6.583957809e-01 +7.692839578e+01 +7.692839578e+01 -1.3839e+00 -2.8233e+00 -1.3411e+00 +5.2112e-01 -1.6472e+00 -1.8232e+00 -8.6638e-01 +1.4921e+00 -1.2206e+00 +2.5155e+00
% f evaluations | g evaluations | best noise-free fitness - Fopt (-2.255000000000e+01) + sum g_i+ | measured fitness | best measured fitness or single-digit g-values | x1 | x2...
1 0 +4.591578469e+05 +4.591352969e+05 +4.591352969e+05 +5.9671e-01 -3.8264e-02 +7.4769e-01 +1.6230e+00 -1.3415e-01 -1.3414e-01 +1.6792e+00 +8.6743e-01 -3.6947e-01 +6.4256e-01
2 0 +4.059641924e+05 +4.059416424e+05 +4.059416424e+05 -3.6342e-01 -3.6573e-01 +3.4196e-01 -1.8133e+00 -1.6249e+00 -4.6229e-01 -9.1283e-01 +4.1425e-01 -8.0802e-01 -1.3123e+00
5 0 +2.064410243e+04 +2.062155243e+04 +2.062155243e+04 +8.3847e-01 +2.7137e-01 -1.5648e-02 -2.0110e-01 -1.3785e+00 -6.1984e-01 -3.6064e-01 +1.1571e+00 +4.4362e-01 -1.6630e+00
20 0 +4.194544284e+03 +4.171994284e+03 +4.171994284e+03 -3.4651e-01 +9.5640e-01 +3.1409e-01 -1.1457e+00 +2.7318e-01 +4.8532e-01 -7.8386e-01 +2.5373e-01 +1.5821e-01 -1.0430e+00
45 0 +3.853335733e+03 +3.830785733e+03 +3.830785733e+03 +4.8407e-01 +6.7305e-02 -1.9674e+00 +1.0880e-02 -1.2045e+00 +7.6967e-01 +4.6660e-01 -8.3988e-01 -4.1387e-01 -9.5921e-01
50 0 +3.474848783e+03 +3.452298783e+03 +3.452298783e+03 +9.2027e-02 +1.5799e+00 +1.7737e-01 -7.6128e-01 +1.6231e+00 +6.3891e-01 -9.3725e-01 -9.0339e-02 -7.7562e-01 -1.2828e+00
77 0 +1.974976985e+03 +1.952426985e+03 +1.952426985e+03 +3.2735e-01 -1.7275e-02 -9.6717e-01 +1.3470e+00 -1.9425e-01 +4.4597e-01 +1.3797e-01 -2.4723e-01 -8.3752e-01 -9.0797e-01
83 0 +4.429798589e+02 +4.204298589e+02 +4.204298589e+02 -4.2992e-01 +1.3590e-01 -5.9397e-01 +8.3769e-01 -6.3265e-01 -9.3494e-01 -6.3945e-01 -1.4568e-01 +4.2790e-01 +4.2778e-01
113 0 +3.766505485e+02 +3.541005485e+02 +3.541005485e+02 -1.0704e+00 +4.7898e-01 -7.1774e-01 -4.9873e-01 -1.7690e+00 +1.4121e+00 -2.2171e-01 -3.6010e-01 +1.3672e+00 +6.0260e-01
153 0 +7.509089543e+01 +5.254089543e+01 +5.254089543e+01 -6.5831e-01 +1.3340e+00 +4.3873e-01 -3.8481e-01 -6.8905e-01 -3.2902e-01 -1.0780e+00 +2.5703e-01 +1.6780e+00 +9.7945e-01
309 0 +6.315648002e+01 +4.060648002e+01 +4.060648002e+01 -4.0765e-02 +1.0263e+00 -9.4143e-01 -4.8770e-01 -1.6441e+00 +9.8213e-01 +2.1963e-01 +1.9690e-01 +9.9149e-01 +1.0157e+00
606 0 +6.009761603e+01 +3.754761603e+01 +3.754761603e+01 -6.4360e-01 +1.5794e+00 -1.1104e+00 -1.1505e+00 -1.9193e+00 +9.8520e-01 -9.9854e-01 -4.7095e-01 +1.2735e+00 -2.8564e-01
1328 0 +5.953119258e+01 +3.698119258e+01 +3.698119258e+01 -1.0771e+00 -1.3001e+00 -1.1940e-01 -1.8239e+00 +2.0926e+00 +8.9969e-01 +1.2968e+00 +2.4104e-01 +6.6524e-01 +5.8513e-03
1537 0 +4.537060805e+01 +2.282060805e+01 +2.282060805e+01 -3.7968e-01 -3.2281e-02 -5.1660e-01 -9.4255e-01 +3.2323e-01 -6.0275e-01 -5.5817e-02 -4.1784e-01 +1.1021e+00 -1.9604e-01
1551 0 +3.945609365e+01 +1.690609365e+01 +1.690609365e+01 +2.3232e-01 +1.6487e+00 +5.1663e-02 -1.7805e+00 +3.1515e-01 -3.8202e-01 -5.4466e-01 -8.4611e-01 +8.7109e-03 -1.1883e-01
1562 0 +2.978535555e+01 +7.235355547e+00 +7.235355547e+00 +1.8993e-01 +5.6480e-01 +1.3447e-01 -1.8404e+00 +3.6743e-01 +1.4875e+00 +5.0800e-01 -3.4825e+00 +2.6711e+00 -1.1375e+00
1725 0 +2.107495656e+01 -1.475043440e+00 -1.475043440e+00 +5.8766e-01 +3.3600e+00 +2.2615e+00 -2.4240e+00 +2.6970e-01 +1.5877e+00 -1.4019e+00 -3.9065e+00 +1.9094e+00 -1.5537e+00
1784 0 +1.428465132e+01 -8.265348677e+00 -8.265348677e+00 +4.5996e+00 +4.3160e+00 +1.9244e+00 -1.9091e+00 +2.0739e+00 +8.6456e-01 +7.1626e-01 -4.0904e+00 +2.5026e+00 -1.5881e+00
1955 0 +1.088228937e+01 -1.166771063e+01 -1.166771063e+01 +2.6047e+00 +3.5631e+00 +1.0960e+00 -1.7498e+00 +1.3517e+00 +3.3019e-01 -3.7288e-01 -3.7046e+00 +1.6379e+00 -1.2712e+00
2053 0 +1.006740970e+01 -1.248259030e+01 -1.248259030e+01 +9.5713e-01 +2.8693e+00 +2.7081e+00 -2.6471e+00 +1.6276e+00 +3.0110e-01 -8.0390e-01 -3.7484e+00 +1.4823e+00 -7.6605e-01
2054 0 +5.914922576e+00 -1.663507742e+01 -1.663507742e+01 +2.8769e+00 +3.3202e+00 +3.4087e+00 -1.2020e+00 +1.2760e+00 -2.5750e-01 -1.7690e-01 -3.3186e+00 +2.3612e+00 -4.9777e-01
2099 0 +5.109797564e+00 -1.744020244e+01 -1.744020244e+01 +2.6191e+00 +3.3728e+00 +2.8304e+00 -2.6754e+00 +1.6322e+00 -2.0370e-01 +8.0282e-02 -2.1293e+00 +2.0037e+00 -3.8348e-01
2110 0 +2.820271992e+00 -1.972972801e+01 -1.972972801e+01 +2.6390e+00 +3.2731e+00 +2.6162e+00 -2.2711e+00 +1.4085e+00 -3.1276e-01 +1.9227e-01 -3.8306e+00 +2.7749e+00 +1.5373e-01
2255 0 +2.221175978e+00 -2.032882402e+01 -2.032882402e+01 +2.2618e+00 +2.1386e+00 +1.6298e+00 -2.6036e+00 +1.3933e+00 -9.8988e-01 +8.0899e-01 -4.4079e+00 +2.0671e+00 +5.0403e-01
2401 0 +2.048923367e+00 -2.050107663e+01 -2.050107663e+01 +2.3441e+00 +2.1309e+00 +1.6103e+00 -2.4233e+00 +2.6268e+00 -1.6292e+00 +5.4804e-01 -3.9752e+00 +2.2214e+00 +2.1242e-01
2451 0 +2.023645941e+00 -2.052635406e+01 -2.052635406e+01 +2.6044e+00 +2.7079e+00 +1.7308e+00 -2.9432e+00 +1.7826e+00 -1.2493e+00 +4.3647e-01 -4.4501e+00 +2.6484e+00 -3.8465e-02
2454 0 +1.430413218e+00 -2.111958678e+01 -2.111958678e+01 +2.2610e+00 +1.8725e+00 +2.6728e+00 -2.9341e+00 +2.1662e+00 -1.3178e+00 +7.1404e-01 -4.4141e+00 +2.7113e+00 -1.5604e-01
% f evaluations | g evaluations | best noise-free fitness - Fopt (1.366000000000e+01) + sum g_i+ | measured fitness | best measured fitness or single-digit g-values | x1 | x2...
1 0 +5.397776853e+05 +5.397913453e+05 +5.397913453e+05 +5.9671e-01 -3.8264e-02 +7.4769e-01 +1.6230e+00 -1.3415e-01 -1.3414e-01 +1.6792e+00 +8.6743e-01 -3.6947e-01 +6.4256e-01
4 0 +1.417905962e+02 +1.554505962e+02 +1.554505962e+02 -5.0171e-01 +1.9523e+00 +8.6503e-02 -9.5771e-01 +9.2254e-01 -1.1208e+00 +3.0886e-01 -1.8597e+00 -1.2282e+00 +2.9686e-01
694 0 +1.030201152e+02 +1.166801152e+02 +1.166801152e+02 +1.6664e+00 +1.1606e+00 -9.6351e-01 +1.5904e+00 +1.9298e+00 -3.7805e+00 -1.7161e+00 +8.9822e-01 -8.6372e-01 -2.3790e-01
837 0 +8.977420792e+01 +1.034342079e+02 +1.034342079e+02 +2.7630e+00 +3.5145e+00 +1.1940e-01 +1.8876e+00 -2.4337e+00 -2.0716e+00 -5.0535e-01 +1.2859e+00 -1.8014e+00 +1.4529e+00
864 0 +8.477268454e+01 +9.843268454e+01 +9.843268454e+01 +1.5606e+00 +1.8261e+00 +1.2352e+00 -1.3621e-01 +1.1513e+00 -2.6464e+00 +9.5682e-01 +1.8839e+00 -9.9061e-01 -1.0076e+00
935 0 +7.456063862e+01 +8.822063862e+01 +8.822063862e+01 +9.8427e-01 +2.1397e+00 -3.9291e-01 +5.2011e-01 -7.4502e-01 -2.6040e+00 -5.2477e-01 +5.8820e-01 +8.8459e-01 +1.4146e+00
1443 0 +5.440134265e+01 +6.806134265e+01 +6.806134265e+01 +7.9167e-01 +3.1704e+00 +1.9420e+00 -7.1044e-01 +2.2180e-01 -2.3374e-01 +1.0486e+00 -8.7444e-01 +1.6247e-01 +2.0961e+00
1465 0 +4.475660436e+01 +5.841660436e+01 +5.841660436e+01 -2.2478e-01 +5.4161e-01 +1.9379e-01 -1.4608e-01 -4.9482e-01 +8.1497e-01 +3.0075e+00 -1.4166e+00 +5.1846e-01 +1.0255e+00
1502 0 +4.247249356e+01 +5.613249356e+01 +5.613249356e+01 +2.3872e+00 +3.6638e-01 +2.8932e-01 +1.9185e-01 -9.2918e-01 +2.0153e-01 +2.8734e+00 -1.6414e+00 +3.6625e-02 +8.4871e-01
1623 0 +3.747248690e+01 +5.113248690e+01 +5.113248690e+01 +4.8483e-01 +3.4744e+00 +3.1807e+00 -6.3278e-01 +6.1426e-01 -1.1912e+00 +1.6059e+00 -3.3049e+00 -5.9822e-02 -2.5109e+00
1702 0 +2.000183201e+01 +3.366183201e+01 +3.366183201e+01 -6.5308e-01 +7.6834e-01 +4.6883e+00 +1.5411e+00 +1.4925e-01 -9.0903e-01 +3.2928e+00 -4.2280e+00 +1.6862e-01 -1.7191e+00
1785 0 +1.881118717e+01 +3.247118717e+01 +3.247118717e+01 +9.7334e-01 +6.3919e-01 +2.8214e+00 +1.1363e+00 -2.3624e+00 -8.8008e-01 +4.1118e+00 -1.2871e+00 -1.7706e-01 -1.4194e+00
1910 0 +1.839837622e+01 +3.205837622e+01 +3.205837622e+01 +8.7633e-01 +2.5105e+00 +2.9983e+00 +1.6875e+00 -1.1152e+00 -2.7644e+00 +1.2048e+00 -2.7513e+00 +4.5090e-01 -2.7451e+00
1925 0 +1.820157417e+01 +3.186157417e+01 +3.186157417e+01 +1.5009e+00 +1.4686e+00 +3.0994e+00 +2.1092e+00 -9.7759e-01 -1.0483e+00 +2.7260e+00 -1.6432e+00 -2.5757e-01 -1.1926e+00
1953 0 +1.496892877e+01 +2.862892877e+01 +2.862892877e+01 +1.8701e+00 +1.3274e+00 +2.7474e+00 -1.6784e-01 +3.0425e-01 -2.5207e+00 +2.6064e+00 -2.1047e+00 +9.6285e-01 -3.7440e+00
1978 0 +1.151351792e+01 +2.517351792e+01 +2.517351792e+01 +9.8467e-01 +1.6219e+00 +1.7418e+00 +8.8881e-02 +2.4327e-01 -9.0867e-01 +2.5840e+00 -2.7446e+00 +1.6831e+00 -2.6077e+00
2060 0 +1.099634261e+01 +2.465634261e+01 +2.465634261e+01 +3.9250e-01 +7.4446e-01 +2.5266e+00 +6.3920e-01 +2.5812e-01 -2.0175e-01 +3.5031e+00 -4.6371e+00 -1.1321e-01 -3.2495e+00
2131 0 +4.856359604e+00 +1.851635960e+01 +1.851635960e+01 -3.8583e-01 +1.2411e+00 +2.7455e+00 +1.6387e+00 -1.0287e+00 -8.7868e-01 +3.4459e+00 -3.3608e+00 +8.7394e-01 -3.6699e+00
2201 0 +3.915922384e+00 +1.757592238e+01 +1.757592238e+01 +2.9852e-03 +1.4639e+00 +2.2269e+00 +1.1001e+00 -1.1574e+00 -6.4700e-01 +3.6694e+00 -4.3166e+00 +1.3249e+00 -4.8284e+00
2309 0 +3.180493601e+00 +1.684049360e+01 +1.684049360e+01 +1.8396e-01 +3.2762e+00 +3.2430e+00 +7.3484e-01 -1.5367e+00 -8.0107e-01 +3.1167e+00 -2.9093e+00 +5.3279e-02 -4.2032e+00
2352 0 +2.184232462e+00 +1.584423246e+01 +1.584423246e+01 -4.8324e-01 +2.8207e+00 +2.9963e+00 +2.6675e-01 -8.1304e-01 -1.7695e-01 +3.4679e+00 -3.3439e+00 +4.3496e-01 -4.0371e+00
2394 0 +1.872934907e+00 +1.553293491e+01 +1.553293491e+01 +1.1057e+00 +2.0898e+00 +2.9016e+00 +7.3619e-01 -1.6246e+00 -6.5012e-01 +3.6522e+00 -3.8291e+00 +5.9023e-01 -3.9783e+00
% f evaluations | g evaluations | best noise-free fitness - Fopt (9.378400000000e+02) + sum g_i+ | measured fitness | best measured fitness or single-digit g-values | x1 | x2...
1 0 +1.015271303e+07 +1.015365087e+07 +1.015365087e+07 +5.9671e-01 -3.8264e-02 +7.4769e-01 +1.6230e+00 -1.3415e-01 -1.3414e-01 +1.6792e+00 +8.6743e-01 -3.6947e-01 +6.4256e-01
3 0 +9.688708469e+06 +9.689646309e+06 +9.689646309e+06 +1.5656e+00 -1.2578e-01 +1.6753e-01 -1.3247e+00 -4.4438e-01 +2.1092e-01 -1.0510e+00 +4.7570e-01 -5.0064e-01 -1.9169e-01
4 0 +2.131023532e+04 +2.224807532e+04 +2.224807532e+04 -5.0171e-01 +1.9523e+00 +8.6503e-02 -9.5771e-01 +9.2254e-01 -1.1208e+00 +3.0886e-01 -1.8597e+00 -1.2282e+00 +2.9686e-01
69 0 +6.114478793e+03 +7.052318793e+03 +7.052318793e+03 -1.4441e+00 +1.4855e+00 -5.4204e-01 -1.4013e+00 +1.0126e+00 -1.8369e-01 -6.0569e-02 -7.9055e-01 +6.5721e-01 -2.0349e-01
98 0 +3.315548567e+03 +4.253388567e+03 +4.253388567e+03 +2.5219e+00 +1.2253e+00 +3.9498e-01 -8.0629e-02 -6.7464e-01 +1.7568e+00 -1.3194e+00 -3.0969e+00 +1.2300e+00 +1.7446e+00
117 0 +2.604798536e+03 +3.542638536e+03 +3.542638536e+03 -9.6752e-01 +1.3587e+00 -1.3871e-01 -3.6107e+00 +1.4186e+00 -1.9038e+00 +9.4208e-01 -9.5436e-01 +1.6503e+00 -1.0348e+00
146 0 +1.747080436e+03 +2.684920436e+03 +2.684920436e+03 -1.5697e+00 +1.7556e-01 -8.6330e-01 -2.6294e+00 +2.6916e+00 +1.0745e+00 -3.0380e+00 +8.7748e-01 -7.1548e-01 +2.2702e+00
156 0 +1.043012356e+03 +1.980852356e+03 +1.980852356e+03 -2.2273e+00 +8.3446e-01 +5.2116e-01 -3.3377e+00 +7.5080e-01 +7.3646e-01 -7.3799e-01 +1.3305e+00 -2.6312e-01 +2.0703e+00
225 0 +1.016444827e+02 +1.039484483e+03 +1.039484483e+03 -9.8451e-01 +1.8630e+00 -7.7251e-02 -2.6595e+00 +1.2120e+00 -8.7011e-01 +1.6120e+00 -1.6087e+00 +1.0709e+00 -2.1692e+00
460 0 +8.216360625e+01 +1.020003606e+03 +1.020003606e+03 -2.3073e+00 +1.3911e+00 +6.8473e-02 -1.6059e+00 +2.6685e+00 +2.5427e+00 -3.5476e+00 +1.4105e+00 -6.0005e-01 +4.1229e-01
530 0 +7.932157604e+01 +1.017161576e+03 +1.017161576e+03 -3.3610e+00 +2.9097e+00 +3.2687e+00 -1.7607e+00 -1.3182e+00 -9.1201e-02 +1.1452e+00 -1.2143e+00 -1.8261e+00 -1.9894e+00
555 0 +7.558497140e+01 +1.013424971e+03 +1.013424971e+03 -3.5154e+00 +2.8813e+00 +4.1893e+00 -1.0111e+00 -3.0592e+00 +3.7346e-01 -1.0969e+00 -1.1121e+00 -1.4117e+00 -8.5523e-01
577 0 +4.410829717e+01 +9.819482972e+02 +9.819482972e+02 -4.7123e+00 +3.5460e+00 +1.3886e+00 -1.8290e+00 -2.0318e+00 +2.1111e+00 -7.8704e-01 +2.4298e+00 -1.3683e+00 +1.1900e+00
1737 0 +3.397812349e+01 +9.718181235e+02 +9.718181235e+02 -2.9379e+00 +4.2068e+00 +1.9165e+00 -1.3923e+00 -6.8500e-01 +1.5369e+00 -1.5435e+00 +1.6945e+00 -1.7711e+00 +7.4062e-01
1907 0 +2.374351275e+01 +9.615835127e+02 +9.615835127e+02 -2.7353e+00 +2.1097e+00 +3.1454e+00 +7.3205e-01 -9.0393e-01 +1.7844e+00 -3.2770e+00 +1.7150e+00 +4.0856e-01 +2.9737e+00
1960 0 +2.277638075e+01 +9.606163807e+02 +9.606163807e+02 -6.6941e-01 +4.2311e+00 +4.1048e+00 +1.3847e+00 -3.5635e+00 +4.3770e+00 -2.6635e+00 +1.3910e+00 +2.2319e-01 +3.5068e+00
2030 0 +1.544587308e+01 +9.532858731e+02 +9.532858731e+02 -1.8623e+00 +4.2964e+00 +3.6377e+00 -1.2544e+00 -3.8410e-02 +3.1048e+00 -1.9848e+00 +2.6678e+00 +5.6794e-01 +1.3293e-01
2060 0 +4.941185425e+00 +9.427811854e+02 +9.427811854e+02 -8.2928e-01 +3.5696e+00 +4.8679e+00 -6.0242e-01 -1.1933e+00 +2.7367e+00 -2.1409e+00 +2.7202e+00 +2.2097e+00 +2.3229e+00
2403 0 +4.713135843e+00 +9.425531358e+02 +9.425531358e+02 -3.1281e-01 +2.8263e+00 +3.4879e+00 -7.9788e-01 -7.5464e-01 +4.0942e+00 -2.9855e+00 +2.5050e+00 +2.5916e+00 +2.3084e+00
2451 0 +4.013312174e+00 +9.418533122e+02 +9.418533122e+02 -3.7751e-01 +3.8875e+00 +4.6231e+00 -8.5991e-01 -2.0109e+00 +3.4841e+00 -2.5345e+00 +2.8090e+00 +3.1589e+00 +2.1613e+00
2477 0 +3.033957139e+00 +9.408739571e+02 +9.408739571e+02 -1.0030e+00 +3.5334e+00 +3.7352e+00 -1.6547e+00 -1.3436e+00 +2.6249e+00 -1.6962e+00 +2.2612e+00 +1.2174e+00 +1.9242e+00
2478 0 +3.006903310e+00 +9.408469033e+02 +9.408469033e+02 +3.5258e-01 +3.8919e+00 +4.0362e+00 -1.4655e+00 -1.6270e+00 +3.1172e+00 -1.7777e+00 +1.8504e+00 +1.4324e+00 +2.2183e+00
% f evaluations | g evaluations | best noise-free fitness - Fopt (-7.872000000000e+01) + sum g_i+ | measured fitness | best measured fitness or single-digit g-values | x1 | x2...
1 0 +4.964310655e+05 +4.963523455e+05 +4.963523455e+05 +5.9671e-01 -3.8264e-02 +7.4769e-01 +1.6230e+00 -1.3415e-01 -1.3414e-01 +1.6792e+00 +8.6743e-01 -3.6947e-01 +6.4256e-01
6 0 +3.485965655e+04 +3.478093655e+04 +3.478093655e+04 +4.2408e-01 -2.8508e-01 -5.7692e-01 +7.1168e-01 +1.1310e+00 +1.0313e+00 -7.3922e-01 -2.0921e-01 +4.3126e-01 +1.0755e+00
9 0 +1.426922370e+04 +1.419050370e+04 +1.419050370e+04 -1.1967e-01 +4.5711e-01 +1.5779e+00 -4.1827e-01 -7.0849e-01 -4.0176e-01 +1.0154e+00 +4.2875e-01 -4.2976e-01 +6.1327e-01
26 0 +2.899273654e+03 +2.820553654e+03 +2.820553654e+03 -1.1609e+00 +1.0179e+00 +2.2222e+00 +1.1325e+00 -1.4194e+00 -3.8423e-01 +1.3669e+00 -6.0767e-01 +5.4382e-01 +8.7463e-01
73 0 +1.932676092e+03 +1.853956092e+03 +1.853956092e+03 +1.4065e-02 -1.9183e+00 +1.7993e+00 +7.2524e-01 +1.8302e+00 +1.8136e+00 +1.4905e+00 +1.6434e+00 +2.2767e+00 +1.4778e+00
93 0 +6.761189282e+01 -1.110810718e+01 -1.110810718e+01 -4.9479e-01 -5.0871e-01 +2.7598e-01 +2.5058e+00 +8.9431e-01 -6.0322e-01 +1.6383e-01 -9.3808e-02 +1.2440e+00 +3.5734e-01
1484 0 +6.620195260e+01 -1.251804740e+01 -1.251804740e+01 -1.1238e+00 -1.8496e-01 -3.1947e+00 +3.4305e+00 -1.0158e+00 +1.1149e+00 +2.3600e+00 +7.6969e-01 +3.7913e+00 +1.3600e-02
1552 0 +6.109857537e+01 -1.762142463e+01 -1.762142463e+01 -6.3813e-01 +3.4325e-01 +3.8950e-04 +1.2408e+00 +5.4614e-01 +9.2904e-01 +1.4456e+00 +2.5236e+00 +1.2894e+00 +5.7686e-01
1604 0 +5.613660994e+01 -2.258339006e+01 -2.258339006e+01 -1.1038e+00 -1.0872e-01 -4.9866e+00 +2.9010e+00 -2.0126e+00 +4.4254e-01 +2.0063e+00 +1.8183e+00 +3.3074e+00 +3.4516e-01
1627 0 +5.424511945e+01 -2.447488055e+01 -2.447488055e+01 +1.8234e+00 +1.2737e-01 +1.2945e+00 -3.9859e-01 +1.1916e-02 +1.5831e+00 +2.6300e+00 +3.8271e+00 +1.9673e+00 +8.0981e-01
1673 0 +4.976524921e+01 -2.895475079e+01 -2.895475079e+01 +4.7796e-01 -2.5072e+00 +5.9378e-01 -2.8259e-01 -1.1485e+00 +9.0455e-01 +2.8565e+00 +1.1143e+00 +1.6800e+00 +8.4448e-01
1686 0 +3.684883922e+01 -4.187116078e+01 -4.187116078e+01 +2.3159e+00 -7.4011e-01 -1.8577e-01 +3.3708e-01 -2.1569e+00 -3.3058e-02 +3.1348e+00 +3.8854e+00 +3.4900e+00 +1.1853e+00
1697 0 +3.671009834e+01 -4.200990166e+01 -4.200990166e+01 +5.0324e-01 +1.4407e+00 +1.1730e+00 +7.9549e-01 -1.5225e+00 -1.3256e+00 +3.1776e+00 +3.6861e+00 +4.0629e+00 -1.5865e-01
1764 0 +3.541459024e+01 -4.330540976e+01 -4.330540976e+01 -3.6645e-01 -2.5048e+00 +3.9451e-01 -2.0949e-01 +7.3173e-01 -1.0788e+00 +2.3925e+00 +2.1478e+00 +4.3019e+00 -9.3050e-02
1811 0 +3.497257296e+01 -4.374742704e+01 -4.374742704e+01 +1.1961e+00 -3.1240e+00 -1.5888e+00 +3.4572e+00 -4.7053e-01 -3.0983e+00 +3.0329e-01 +7.2224e-01 +2.2199e+00 +3.1355e-01
1866 0 +3.442347403e+01 -4.429652597e+01 -4.429652597e+01 +2.1367e+00 -2.6705e+00 -9.0136e-01 +2.5683e+00 -2.8968e+00 -1.5896e+00 +2.0249e+00 -6.9992e-01 +3.6838e+00 +1.0308e+00
1887 0 +3.037998149e+01 -4.834001851e+01 -4.834001851e+01 -1.0531e-01 -9.4455e-01 -2.0995e+00 +2.7104e+00 +1.2330e+00 -2.3107e+00 +1.6960e+00 +4.0822e+00 +3.5396e+00 -1.6192e+00
1908 0 +2.757597300e+01 -5.114402700e+01 -5.114402700e+01 +1.7227e+00 -3.1510e+00 -2.7767e+00 -1.4285e+00 -3.5930e+00 -3.4366e+00 +2.8709e+00 +4.0964e+00 +4.9581e+00 +1.0083e+00
1914 0 +2.650228012e+01 -5.221771988e+01 -5.221771988e+01 +4.6604e+00 -4.8526e+00 -2.5748e+00 +1.0280e+00 -1.9562e+00 -4.3579e+00 +1.1684e+00 -4.8601e-02 +4.4771e+00 -3.8573e-01
1952 0 +2.602186418e+01 -5.269813582e+01 -5.269813582e+01 +1.9719e-02 -3.0053e+00 -3.2366e-01 +5.3119e-01 -1.7699e-01 -2.7807e+00 +2.4294e+00 +3.2581e+00 +2.0845e+00 -1.0562e+00
1961 0 +2.235988703e+01 -5.636011297e+01 -5.636011297e+01 +4.7330e+00 -1.7424e-01 -1.3896e+00 -2.4130e+00 -4.9634e-01 -2.1273e+00 +2.7157e+00 +3.5553e+00 +3.9250e+00 -2.5388e+00
2020 0 +9.832311245e+00 -6.888768876e+01 -6.888768876e+01 +3.8095e+00 -2.5394e+00 -2.6236e+00 -8.4620e-01 -2.6968e+00 -3.0009e+00 +1.8070e+00 +1.5549e+00 +2.3233e+00 -6.7729e-01
2113 0 +6.053302004e+00 -7.266669800e+01 -7.266669800e+01 +4.6078e+00 -1.6967e+00 -2.6197e+00 -8.0249e-01 -2.8757e+00 -4.5598e+00 +2.2303e+00 +3.2646e+00 +3.7158e+00 -1.4401e+00
2153 0 +5.969279736e+00 -7.275072026e+01 -7.275072026e+01 +2.3354e+00 -1.6501e+00 -2.6020e+00 +2.2419e-01 -1.4729e+00 -2.7268e+00 +1.7365e+00 +1.6965e+00 +3.2262e+00 -1.1329e+00
2207 0 +5.135737758e+00 -7.358426224e+01 -7.358426224e+01 +3.8091e+00 -1.2257e+00 -2.3249e+00 -6.7969e-01 -2.5669e+00 -4.5815e+00 +1.7497e+00 +3.2355e+00 +4.0800e+00 -8.3117e-01
2256 0 +4.189815942e+00 -7.453018406e+01 -7.453018406e+01 +3.3704e+00 -9.0903e-01 -2.2472e+00 -1.0666e+00 -2.5398e+00 -3.3610e+00 +2.6904e+00 +3.1842e+00 +4.4186e+00 -1.2437e+00
2259 0 +4.013262441e+00 -7.470673756e+01 -7.470673756e+01 +3.0391e+00 -8.3656e-01 -2.2113e+00 -5.0814e-01 -1.6333e+00 -4.3737e+00 +2.6609e+00 +2.7109e+00 +4.1278e+00 -2.9899e+00
2313 0 +3.344663262e+00 -7.537533674e+01 -7.537533674e+01 +3.4203e+00 -1.6448e+00 -1.0869e+00 -7.7861e-01 -1.2157e+00 -2.8776e+00 +2.6360e+00 +3.1329e+00 +3.3218e+00 -1.6539e+00
2351 0 +2.926432927e+00 -7.579356707e+01 -7.579356707e+01 +3.5619e+00 -2.3347e+00 -1.9969e+00 -5.5153e-01 -1.5083e+00 -3.7597e+00 +2.5197e+00 +2.6325e+00 +3.1912e+00 -2.2530e+00
2352 0 +1.076664831e+00 -7.764333517e+01 -7.764333517e+01 +2.9910e+00 -1.1263e+00 -1.5365e+00 +1.3888e-02 -1.9445e+00 -3.2951e+00 +2.5569e+00 +2.9764e+00 +3.8153e+00 -1.3524e+00
% f evaluations | g evaluations | best noise-free fitness - Fopt (-4.151000000000e+01) + sum g_i+ | measured fitness | best measured fitness or single-digit g-values | x1 | x2...
1 0 +1.856812029e+06 +1.856770519e+06 +1.856770519e+06 +5.9671e-01 -3.8264e-02 +7.4769e-01 +1.6230e+00 -1.3415e-01 -1.3414e-01 +1.6792e+00 +8.6743e-01 -3.6947e-01 +6.4256e-01
2 0 +6.316008743e+05 +6.315593643e+05 +6.315593643e+05 -3.6342e-01 -3.6573e-01 +3.4196e-01 -1.8133e+00 -1.6249e+00 -4.6229e-01 -9.1283e-01 +4.1425e-01 -8.0802e-01 -1.3123e+00
3 0 +4.251113892e+05 +4.250698792e+05 +4.250698792e+05 +1.5656e+00 -1.2578e-01 +1.6753e-01 -1.3247e+00 -4.4438e-01 +2.1092e-01 -1.0510e+00 +4.7570e-01 -5.0064e-01 -1.9169e-01
9 0 +1.274423060e+05 +1.274007960e+05 +1.274007960e+05 -1.1967e-01 +4.5711e-01 +1.5779e+00 -4.1827e-01 -7.0849e-01 -4.0176e-01 +1.0154e+00 +4.2875e-01 -4.2976e-01 +6.1327e-01
28 0 +1.201777722e+04 +1.197626722e+04 +1.197626722e+04 +1.5413e+00 -1.3359e+00 +1.2632e+00 +1.1023e-01 -8.8151e-01 +5.6210e-01 +2.9906e-01 -5.0022e-01 +1.6980e-01 -2.8531e-01
58 0 +3.891272810e+03 +3.849762810e+03 +3.849762810e+03 +1.0917e-01 +4.9258e-01 +1.7596e+00 -1.0150e+00 -5.2787e-01 -1.0274e+00 -4.4166e-01 +8.5854e-01 -1.2361e+00 +6.3500e-01
62 0 +7.206074034e+02 +6.790974034e+02 +6.790974034e+02 -8.7208e-01 +1.1734e+00 +1.7190e+00 -3.1802e-01 +1.4059e-02 -1.1442e+00 +1.4919e-01 +4.4749e-02 -1.4659e+00 +2.8825e-01
97 0 +3.091369529e+02 +2.676269529e+02 +2.676269529e+02 +3.8491e-01 +1.3426e+00 +1.2835e+00 -3.0650e-01 +3.2438e-01 -3.4287e+00 +1.1997e+00 +1.1666e+00 -8.5903e-01 -6.3102e-01
110 0 +3.053825018e+02 +2.638725018e+02 +2.638725018e+02 +1.5186e-02 +1.7283e+00 +1.2789e+00 -1.9018e+00 -1.6232e+00 +9.0950e-02 +1.4928e+00 -7.9401e-01 +1.2807e+00 +4.0511e-01
245 0 +1.391905536e+02 +9.768055362e+01 +9.768055362e+01 -1.7354e+00 +1.6290e+00 +2.0648e+00 -1.1957e+00 +9.6620e-01 +4.2741e-01 +1.7057e+00 -2.8685e-02 -1.8013e+00 -5.1077e-01
517 0 +1.268941731e+02 +8.538417310e+01 +8.538417310e+01 -1.7814e+00 +1.4484e+00 +2.6436e-01 -1.8868e-01 -2.0827e-02 -1.1816e+00 +1.0334e+00 -5.4978e-01 -2.6242e+00 -1.5531e-01
522 0 +1.185106242e+02 +7.700062421e+01 +7.700062421e+01 -2.0580e+00 +8.2701e-01 -5.2946e-01 -1.8874e+00 -1.6504e-01 -1.9238e+00 -4.9193e-01 -4.8690e-01 -2.8114e+00 -2.9125e-01
589 0 +8.556507042e+01 +4.405507042e+01 +4.405507042e+01 -2.0441e+00 +1.9086e+00 -1.2917e+00 +7.4162e-01 +1.5417e+00 -1.8123e+00 -2.4971e-01 -1.8388e+00 -3.0608e+00 +5.9925e-01
1097 0 +7.231375277e+01 +3.080375277e+01 +3.080375277e+01 -3.6292e+00 -1.3225e-01 +7.9335e-01 +1.1243e+00 -3.7506e+00 -5.2278e-01 -6.3694e-01 -2.4783e-01 -4.9457e+00 +4.0110e+00
1109 0 +7.110638159e+01 +2.959638159e+01 +2.959638159e+01 -1.3373e+00 +1.8358e+00 -7.4718e-01 +2.5351e+00 +7.4458e-01 -6.8556e-01 +2.0144e-01 -1.2313e+00 -3.9041e+00 +2.8210e+00
1117 0 +5.212726356e+01 +1.061726356e+01 +1.061726356e+01 -6.1853e-01 -1.3291e+00 +2.1756e-01 +3.0924e+00 -2.0003e+00 +1.6799e+00 -2.1967e+00 -2.0137e+00 -3.9288e+00 +1.6659e+00
1127 0 +4.210250154e+01 +5.925015450e-01 +5.925015450e-01 +1.0306e+00 +3.4465e-01 -9.1302e-01 -1.8687e+00 -3.1569e+00 -1.2323e+00 -3.2576e+00 -2.5595e-01 -1.2157e+00 +2.2841e+00
1160 0 +3.924280121e+01 -2.267198789e+00 -2.267198789e+00 +3.9944e-01 -4.0586e+00 -9.0435e-01 +2.1268e+00 -1.9614e+00 -2.2533e+00 -2.1980e+00 -1.1736e+00 -1.6089e+00 +4.2956e+00
1559 0 +2.864507595e+01 -1.286492405e+01 -1.286492405e+01 +2.7247e+00 -1.2810e+00 -3.6071e+00 -3.2776e+00 -1.5844e+00 -7.8597e-01 -1.9945e+00 +8.2971e-02 -2.7122e+00 -1.1036e+00
1711 0 +2.209562996e+01 -1.941437004e+01 -1.941437004e+01 +3.0049e+00 -7.0423e-01 -4.1690e+00 -1.9574e+00 -1.4201e+00 -3.0163e-01 -1.0796e+00 -4.3183e-01 -2.8094e+00 -1.5689e-01
1805 0 +1.702052336e+01 -2.448947664e+01 -2.448947664e+01 +8.6749e-01 -5.1775e-01 -2.7719e+00 -2.4094e+00 -1.9160e+00 +9.3969e-03 -2.3889e-01 -8.3336e-01 -1.9100e+00 +1.3157e+00
1843 0 +1.408058130e+01 -2.742941870e+01 -2.742941870e+01 +2.1881e+00 -2.6766e+00 -1.6536e+00 -2.6131e-01 -3.0154e+00 -3.8430e-02 -1.3093e+00 -6.5975e-01 -1.6889e+00 +1.0345e+00
1903 0 +1.264506871e+01 -2.886493129e+01 -2.886493129e+01 +9.8400e-01 -3.4218e-01 -1.6935e+00 -2.0915e+00 -3.6389e+00 -3.3558e-01 -1.4916e+00 -6.6949e-01 -6.6941e-01 +3.8099e+00
1954 0 +9.705957553e+00 -3.180404245e+01 -3.180404245e+01 +1.9240e+00 -2.4042e-01 -1.4056e+00 -1.6701e+00 -2.7073e+00 +4.1737e-01 -1.1661e+00 +7.3234e-02 -1.4681e+00 +3.3836e+00
1956 0 +5.731034799e+00 -3.577896520e+01 -3.577896520e+01 +2.4451e+00 -8.3037e-01 -1.4315e+00 -2.5521e-01 -4.0704e+00 -8.9751e-01 -2.2062e+00 +3.8358e-01 -1.8003e+00 +4.0689e+00
2146 0 +5.113212999e+00 -3.639678700e+01 -3.639678700e+01 +2.6444e+00 -9.1701e-01 -3.9843e+00 -6.8859e-01 -4.6131e+00 +1.9418e-01 -2.6222e+00 -2.8996e-04 -4.1007e+00 +4.0267e+00
2251 0 +4.214062883e+00 -3.729593712e+01 -3.729593712e+01 +2.7792e+00 -1.0710e+00 -3.1670e+00 -2.8733e-01 -3.9443e+00 -8.1482e-03 -1.3636e+00 -3.5824e-01 -2.1583e+00 +4.4725e+00
2309 0 +4.122622782e+00 -3.738737722e+01 -3.738737722e+01 +3.3760e+00 -1.8358e+00 -2.7823e+00 -8.2794e-01 -3.6930e+00 -9.1007e-01 -2.9620e+00 +1.0934e-01 -2.2600e+00 +2.2405e+00
2332 0 +3.661839932e+00 -3.784816007e+01 -3.784816007e+01 +1.6883e+00 -4.0001e-01 -2.8233e+00 -1.6354e+00 -3.7279e+00 -3.4320e-01 -2.4682e+00 -5.3682e-02 -3.3209e+00 +1.9652e+00
2353 0 +3.421828521e+00 -3.808817148e+01 -3.808817148e+01 +2.4981e+00 -1.6803e+00 -2.7064e+00 -1.6425e+00 -4.2831e+00 +3.1654e-02 -2.3725e+00 +3.3901e-01 -3.2123e+00 +1.9730e+00
2357 0 +1.737462071e+00 -3.977253793e+01 -3.977253793e+01 +2.7986e+00 -1.1060e+00 -3.4033e+00 -1.6060e+00 -3.4163e+00 -7.7191e-01 -3.1151e+00 +7.5245e-02 -2.7580e+00 +3.1203e+00
2404 0 +1.713099860e+00 -3.979690014e+01 -3.979690014e+01 +2.9321e+00 -8.0659e-01 -2.9081e+00 -1.0331e+00 -3.1238e+00 -9.5774e-01 -2.1944e+00 +6.0459e-01 -2.8924e+00 +3.2082e+00
2410 0 +1.641966888e+00 -3.986803311e+01 -3.986803311e+01 +2.5989e+00 -8.7298e-01 -3.0064e+00 -1.0707e+00 -3.5382e+00 -5.8064e-01 -2.6537e+00 -3.0910e-01 -2.1731e+00 +3.3747e+00
2455 0 +1.601494218e+00 -3.990850578e+01 -3.990850578e+01 +2.7644e+00 -1.1640e+00 -3.1811e+00 -9.4180e-01 -4.4276e+00 -2.3723e-01 -1.9418e+00 +1.6378e-01 -2.7843e+00 +3.8583e+00
2467 0 +1.487376766e+00 -4.002262323e+01 -4.002262323e+01 +2.7426e+00 -1.6684e+00 -2.6081e+00 -7.0222e-01 -2.8799e+00 -2.8384e-01 -2.0477e+00 +2.6977e-01 -2.8277e+00 +3.2487e+00
% f evaluations | g evaluations | best noise-free fitness - Fopt (1.320700000000e+02) + sum g_i+ | measured fitness | best measured fitness or single-digit g-values | x1 | x2...
1 0 +1.307220624e+06 +1.307352694e+06 +1.307352694e+06 +5.9671e-01 -3.8264e-02 +7.4769e-01 +1.6230e+00 -1.3415e-01 -1.3414e-01 +1.6792e+00 +8.6743e-01 -3.6947e-01 +6.4256e-01
2 0 +6.417404060e+05 +6.418724760e+05 +6.418724760e+05 -3.6342e-01 -3.6573e-01 +3.4196e-01 -1.8133e+00 -1.6249e+00 -4.6229e-01 -9.1283e-01 +4.1425e-01 -8.0802e-01 -1.3123e+00
3 0 +1.364909878e+05 +1.366230578e+05 +1.366230578e+05 +1.5656e+00 -1.2578e-01 +1.6753e-01 -1.3247e+00 -4.4438e-01 +2.1092e-01 -1.0510e+00 +4.7570e-01 -5.0064e-01 -1.9169e-01
6 0 +3.707159746e+04 +3.720366746e+04 +3.720366746e+04 +4.2408e-01 -2.8508e-01 -5.7692e-01 +7.1168e-01 +1.1310e+00 +1.0313e+00 -7.3922e-01 -2.0921e-01 +4.3126e-01 +1.0755e+00
11 0 +5.701200035e+03 +5.833270035e+03 +5.833270035e+03 -1.3154e+00 -3.2065e-01 -2.4271e-01 -7.0228e-01 -6.1286e-02 +5.0405e-01 +1.9862e+00 +2.7458e-01 +3.5755e-01 +2.5554e-02
34 0 +1.701501380e+03 +1.833571380e+03 +1.833571380e+03 +8.7753e-02 -7.9725e-01 +1.7580e-01 -5.7716e-01 +1.0751e+00 -4.7057e-02 -7.2550e-01 -2.2139e-01 +5.1293e-01 -4.6372e-01
62 0 +1.909490392e+02 +3.230190392e+02 +3.230190392e+02 +2.5233e-01 -1.1161e+00 -9.1819e-01 +1.1358e-01 +8.1389e-01 +4.6543e-01 -2.1561e+00 +2.0449e-01 -9.4532e-01 +2.4657e-01
65 0 +7.456406172e+01 +2.066340617e+02 +2.066340617e+02 -6.0475e-01 -9.3443e-01 -1.1377e+00 +1.3273e-01 +1.0701e+00 +9.6536e-01 -1.8837e-01 +1.2325e+00 +3.6653e-01 +9.7527e-01
230 0 +7.396606361e+01 +2.060360636e+02 +2.060360636e+02 -8.0956e-01 +4.7711e-01 -1.1451e+00 +2.2191e-01 +1.3364e+00 +1.7178e+00 -5.2741e-01 +2.5395e-01 +9.7090e-02 -2.8957e-01
255 0 +3.166215781e+01 +1.637321578e+02 +1.637321578e+02 -1.2454e+00 +1.7630e+00 -1.9472e-01 +1.0158e+00 +1.0952e+00 +1.8790e+00 +1.1201e-01 +5.6928e-01 +4.3913e-01 -1.1855e-01
405 0 +3.072197194e+01 +1.627919719e+02 +1.627919719e+02 +1.1726e+00 +3.3400e+00 +8.0344e-01 -3.0404e-01 +1.3103e+00 +3.3719e-01 -5.1016e-01 -2.1949e+00 +6.2195e-01 -1.3689e+00
930 0 +2.580896864e+01 +1.578789686e+02 +1.578789686e+02 -1.7986e+00 +3.8664e+00 +6.2829e-01 -1.0885e+00 +2.8518e+00 +7.7592e-01 -2.2472e-01 -3.6645e-01 -2.0575e-01 -1.7533e+00
1405 0 +1.096134277e+01 +1.430313428e+02 +1.430313428e+02 -1.9495e+00 +3.1793e+00 +2.6178e+00 +8.2845e-01 +8.5862e-02 -9.3021e-01 +1.4962e+00 +2.0932e+00 +3.4954e-01 -4.0860e+00
1752 0 +8.153383746e+00 +1.402233837e+02 +1.402233837e+02 -1.8766e+00 +3.2352e+00 +3.2219e+00 +1.4475e+00 -4.2140e-01 -1.3781e+00 +1.8137e+00 +4.8625e-01 -7.1552e-01 -1.8308e+00
1951 0 +2.252377779e+00 +1.343223778e+02 +1.343223778e+02 -2.5991e+00 +3.6171e+00 +2.6350e+00 +8.3436e-01 -6.5381e-02 +4.2064e-01 +1.6694e+00 +1.5563e-03 -3.4337e-01 -2.4538e+00
2101 0 +2.162230654e+00 +1.342322307e+02 +1.342322307e+02 -2.1844e+00 +3.6035e+00 +2.8177e+00 +1.1638e-01 +2.7242e-01 -1.5060e-01 +1.7416e+00 +6.0532e-01 +1.6233e-01 -2.0330e+00
2102 0 +1.891173215e+00 +1.339611732e+02 +1.339611732e+02 -2.1735e+00 +3.2508e+00 +2.0549e+00 -5.5261e-01 +5.2479e-01 +1.4960e-01 +1.5668e+00 -1.0501e-03 -1.1314e-01 -2.4563e+00
2111 0 +1.430055848e+00 +1.335000558e+02 +1.335000558e+02 -1.9746e+00 +3.5560e+00 +2.4851e+00 -9.0633e-02 +9.3631e-02 +3.2193e-01 +1.1707e+00 +4.5164e-02 -3.1495e-01 -1.9987e+00
2251 0 +8.968843577e-01 +1.329668844e+02 +1.329668844e+02 -2.2256e+00 +3.5867e+00 +3.4141e+00 +3.8402e-02 +2.7629e-02 +4.9669e-01 +7.8143e-01 +2.3728e-02 +2.2457e-01 -2.9126e+00
2330 0 +5.905063248e-01 +1.326605063e+02 +1.326605063e+02 -2.3151e+00 +3.3316e+00 +2.8747e+00 -3.5262e-01 -7.7671e-02 +2.8972e-01 +1.0552e+00 +1.0578e-01 -4.2695e-01 -2.4300e+00
2430 0 +4.812941877e-01 +1.325512942e+02 +1.325512942e+02 -2.3165e+00 +4.0217e+00 +3.2759e+00 +1.8092e-01 +3.4569e-02 +3.5394e-01 +1.4720e+00 -1.1008e-01 +9.0144e-02 -2.4204e+00
2484 0 +3.527900152e-01 +1.324227900e+02 +1.324227900e+02 -2.2812e+00 +3.8747e+00 +3.1795e+00 -3.4618e-02 -3.3615e-01 +1.9499e-01 +1.3003e+00 +6.9873e-02 -4.8453e-01 -2.5659e+00
% f evaluations | g evaluations | best noise-free fitness - Fopt (9.725000000000e+01) + sum g_i+ | measured fitness | best measured fitness or single-digit g-values | x1 | x2...
1 0 +6.732509323e+05 +6.733481823e+05 +6.733481823e+05 +5.9671e-01 -3.8264e-02 +7.4769e-01 +1.6230e+00 -1.3415e-01 -1.3414e-01 +1.6792e+00 +8.6743e-01 -3.6947e-01 +6.4256e-01
3 0 +4.857483733e+05 +4.858456233e+05 +4.858456233e+05 +1.5656e+00 -1.2578e-01 +1.6753e-01 -1.3247e+00 -4.4438e-01 +2.1092e-01 -1.0510e+00 +4.7570e-01 -5.0064e-01 -1.9169e-01
4 0 +1.863674020e+05 +1.864646520e+05 +1.864646520e+05 -5.0171e-01 +1.9523e+00 +8.6503e-02 -9.5771e-01 +9.2254e-01 -1.1208e+00 +3.0886e-01 -1.8597e+00 -1.2282e+00 +2.9686e-01
10 0 +1.080543103e+05 +1.081515603e+05 +1.081515603e+05 +1.9708e-01 +1.0686e+00 -6.0205e-01 -2.2766e-01 -2.9211e-01 -1.3635e+00 +3.9612e-01 +3.6106e-01 +1.0511e-01 -1.3459e-01
11 0 +3.061842291e+04 +3.071567291e+04 +3.071567291e+04 -1.3154e+00 -3.2065e-01 -2.4271e-01 -7.0228e-01 -6.1286e-02 +5.0405e-01 +1.9862e+00 +2.7458e-01 +3.5755e-01 +2.5554e-02
47 0 +1.330748666e+04 +1.340473666e+04 +1.340473666e+04 +2.0647e+00 +1.3526e-01 -5.9973e-01 +3.1398e-01 -1.2328e-02 -1.2097e-01 +7.1417e-01 +8.5751e-01 -4.3050e-01 -4.7582e-01
54 0 +2.253564747e+03 +2.350814747e+03 +2.350814747e+03 +1.7191e+00 +2.6545e-01 -8.6954e-01 +7.4693e-01 +1.0475e+00 -5.4596e-01 +7.9088e-01 -9.4786e-01 +2.6635e-01 +8.7233e-01
89 0 +1.985367754e+03 +2.082617754e+03 +2.082617754e+03 +3.6767e-01 -2.6266e-01 -1.7210e+00 +7.2744e-01 +1.9246e-01 -6.9160e-01 +5.9577e-01 +5.7539e-01 +9.2829e-01 +6.7520e-01
138 0 +6.514883026e+01 +1.623988303e+02 +1.623988303e+02 -6.0912e-01 -2.0157e-01 -1.2814e+00 +3.8599e-01 -2.2208e-01 -8.9151e-01 +5.5848e-02 +1.3270e+00 +1.6433e-01 -8.3413e-01
333 0 +5.332274499e+01 +1.505727450e+02 +1.505727450e+02 -8.0832e-02 -1.9035e-01 -6.5638e-01 -1.4616e+00 +3.9506e-01 -2.2977e+00 +1.1846e+00 +2.5063e-02 +1.1686e-01 +1.5923e+00
550 0 +5.041819335e+01 +1.476681934e+02 +1.476681934e+02 -4.4257e-01 +2.1058e-01 -1.1007e+00 -4.7119e-01 -1.5771e-02 -1.6990e+00 +3.3769e-01 -1.6402e-01 +4.1750e-01 -5.0931e-02
602 0 +3.395222811e+01 +1.312022281e+02 +1.312022281e+02 -4.2623e-01 +8.5081e-01 -1.8539e+00 +5.1606e-02 +4.5373e-01 +3.6146e-01 +1.6091e-01 -2.1451e+00 -6.5655e-01 -4.4825e-01
783 0 +2.953926523e+01 +1.267892652e+02 +1.267892652e+02 -5.3911e-01 +5.5193e-01 -3.9611e-01 -7.2524e-01 +7.8823e-01 -1.4667e+00 +1.1030e-01 -1.0042e+00 -8.8903e-01 -2.9868e-01
1270 0 +2.374480440e+01 +1.209948044e+02 +1.209948044e+02 -3.7137e-01 +2.4839e+00 -1.4358e+00 +1.0798e+00 +8.3336e-01 +2.1671e+00 -1.5299e+00 -3.0801e+00 -1.4368e+00 -4.4649e-02
1515 0 +2.314429083e+01 +1.203942908e+02 +1.203942908e+02 +4.9891e-01 +2.2991e+00 +7.5589e-01 -1.8435e+00 +1.6265e+00 -1.3645e-01 -1.0424e+00 -3.8182e+00 -4.3765e+00 -1.3598e+00
1553 0 +1.694328047e+01 +1.141932805e+02 +1.141932805e+02 +2.5349e+00 +1.1201e+00 +5.3980e-01 +3.7207e-01 +9.2232e-01 +1.1687e+00 +1.0460e+00 -9.0870e-01 -2.5737e+00 -2.4257e-01
1563 0 +1.310966889e+01 +1.103596689e+02 +1.103596689e+02 +8.5020e-01 +7.0608e-01 +1.5202e+00 -1.7373e+00 +2.9591e+00 +3.3333e-03 -6.1496e-01 -2.8815e+00 -3.0007e+00 -6.3908e-01
1654 0 +1.267195583e+01 +1.099219558e+02 +1.099219558e+02 +1.8020e+00 -1.8662e-01 +1.4082e+00 -3.4479e-01 +4.4689e+00 +2.5173e-01 -6.9199e-01 -2.4617e+00 -2.4727e+00 +9.0328e-01
1901 0 +1.215403444e+01 +1.094040344e+02 +1.094040344e+02 +6.8701e-01 +6.8435e-01 +1.1799e-01 +4.0062e-01 +3.2395e+00 +3.3028e-01 -4.8882e-01 -2.2323e+00 -1.8729e+00 +2.1687e+00
1995 0 +8.265381835e+00 +1.055153818e+02 +1.055153818e+02 +1.3668e+00 +1.1800e+00 -1.3471e-01 +1.7977e+00 +3.9877e+00 +2.0576e+00 -1.3285e-02 -4.7001e+00 -2.0845e+00 +7.9463e-01
2002 0 +7.752102393e+00 +1.050021024e+02 +1.050021024e+02 +4.8798e-01 +9.4594e-01 -7.3703e-01 +5.4077e-01 +1.8285e+00 +5.3417e-01 +3.8760e-01 -2.3165e+00 -1.4481e+00 +1.1044e+00
2003 0 +6.902602847e+00 +1.041526028e+02 +1.041526028e+02 +1.5182e+00 +2.3818e-01 +2.0686e-01 -1.2626e-01 +3.9791e+00 +6.7417e-01 +1.8970e-01 -4.1768e+00 -2.7547e+00 +2.0787e-01
2033 0 +5.249517910e+00 +1.024995179e+02 +1.024995179e+02 -2.8185e-01 +1.6505e+00 +7.4023e-02 +1.6156e+00 +3.4207e+00 +1.1836e+00 +3.5235e-01 -3.4733e+00 -3.0787e+00 +1.6814e+00
2059 0 +4.432069304e+00 +1.016820693e+02 +1.016820693e+02 +1.7353e+00 +1.0179e-01 +8.3573e-02 +2.4614e-01 +3.6126e+00 +9.6044e-01 +1.1155e+00 -3.9129e+00 -2.5518e+00 +5.4976e-02
2061 0 +4.141403607e+00 +1.013914036e+02 +1.013914036e+02 +1.0422e+00 +5.4080e-01 +1.3869e+00 -4.4000e-01 +3.1582e+00 +1.2752e+00 +1.9652e+00 -3.5587e+00 -2.9866e+00 -4.1995e-01
2073 0 +3.595976321e+00 +1.008459763e+02 +1.008459763e+02 +2.3072e-01 +1.2633e+00 +1.5569e+00 +1.0492e+00 +3.5002e+00 +4.8279e-01 +1.5533e+00 -3.2715e+00 -2.1100e+00 +1.2965e+00
2252 0 +2.223207748e+00 +9.947320775e+01 +9.947320775e+01 +7.0743e-01 +1.5963e+00 +1.1568e+00 +6.7800e-01 +3.0477e+00 +8.3381e-01 +6.8604e-01 -3.0685e+00 -2.9861e+00 +1.1322e+00
2262 0 +1.988823712e+00 +9.923882371e+01 +9.923882371e+01 +9.8416e-01 +6.0033e-01 +5.9696e-01 +4.0712e-01 +2.7278e+00 +1.3731e+00 +1.1631e+00 -2.7142e+00 -1.8480e+00 +3.9659e-01
2304 0 +1.410089603e+00 +9.866008960e+01 +9.866008960e+01 +7.9754e-01 +1.5408e+00 +9.3798e-01 +6.8206e-02 +2.3606e+00 +9.3870e-01 +1.2785e+00 -3.3646e+00 -2.4159e+00 +6.4748e-01
2353 0 +1.218466071e+00 +9.846846607e+01 +9.846846607e+01 +7.7577e-01 +1.3298e+00 +5.0910e-01 +7.5658e-02 +2.5918e+00 +1.7593e+00 +7.2326e-01 -3.5384e+00 -2.6965e+00 +2.8721e-01
2359 0 +1.068640775e+00 +9.831864077e+01 +9.831864077e+01 +5.3706e-01 +1.2441e+00 +1.3292e+00 +1.1522e-01 +3.1751e+00 +1.0359e+00 +8.9135e-01 -3.1826e+00 -2.5008e+00 +1.1691e+00
2457 0 +7.123764727e-01 +9.796237647e+01 +9.796237647e+01 +9.1809e-01 +7.0778e-01 +4.4770e-01 -4.2000e-01 +2.9980e+00 +1.1304e+00 +1.1395e+00 -3.4436e+00 -2.4636e+00 +1.1471e+00
% f evaluations | g evaluations | best noise-free fitness - Fopt (-2.033000000000e+01) + sum g_i+ | measured fitness | best measured fitness or single-digit g-values | x1 | x2...
1 0 +2.814711601e+07 +2.814709568e+07 +2.814709568e+07 +5.9671e-01 -3.8264e-02 +7.4769e-01 +1.6230e+00 -1.3415e-01 -1.3414e-01 +1.6792e+00 +8.6743e-01 -3.6947e-01 +6.4256e-01
3 0 +2.728984832e+07 +2.728982799e+07 +2.728982799e+07 +1.5656e+00 -1.2578e-01 +1.6753e-01 -1.3247e+00 -4.4438e-01 +2.1092e-01 -1.0510e+00 +4.7570e-01 -5.0064e-01 -1.9169e-01
6 0 +2.425356646e+07 +2.425354613e+07 +2.425354613e+07 +4.2408e-01 -2.8508e-01 -5.7692e-01 +7.1168e-01 +1.1310e+00 +1.0313e+00 -7.3922e-01 -2.0921e-01 +4.3126e-01 +1.0755e+00
18 0 +2.211353518e+07 +2.211351485e+07 +2.211351485e+07 -7.8951e-01 -7.1581e-01 +2.2898e-02 +4.4115e-01 +3.7669e-01 +9.2718e-01 +1.1300e-01 +1.5535e+00 -1.6466e-01 +2.8202e+00
23 0 +2.126225833e+07 +2.126223800e+07 +2.126223800e+07 +2.4147e+00 -1.7673e+00 +7.8626e-01 -1.5127e+00 -3.7193e-01 +1.1890e+00 +1.6428e-01 -9.7774e-01 -6.1530e-01 +7.7960e-01
51 0 +1.651170570e+07 +1.651168537e+07 +1.651168537e+07 +2.9686e-01 -8.8688e-01 -5.5353e-01 +1.2743e+00 -8.4525e-01 -6.0240e-01 -9.9691e-01 +1.0803e+00 +3.2467e-01 +3.2086e+00
52 0 +1.580095022e+07 +1.580092989e+07 +1.580092989e+07 +9.6563e-03 -5.4498e-01 -8.9465e-01 +5.0934e-01 -6.4917e-01 -3.9304e-01 -4.9713e-01 +3.6665e+00 -1.2394e-01 +3.3995e+00
53 0 +1.335623184e+07 +1.335621151e+07 +1.335621151e+07 -9.6218e-01 -1.5837e+00 +1.1139e+00 +1.7792e+00 +1.8267e+00 +1.3842e-01 -1.0759e+00 +7.5461e-01 -8.9864e-01 +2.8741e+00
55 0 +1.172722498e+07 +1.172720465e+07 +1.172720465e+07 +1.5024e+00 -2.1468e+00 +4.8005e-01 -1.1817e+00 +7.4578e-01 +4.9702e-01 -1.1346e+00 +1.2471e+00 -1.3005e+00 +1.9197e+00
58 0 +4.726219143e+06 +4.726198813e+06 +4.726198813e+06 +3.1451e+00 -5.6751e-01 -1.8715e+00 -1.0183e+00 +3.4368e-01 +2.2820e+00 -1.9289e+00 +1.1389e+00 -8.2777e-01 +2.6599e+00
101 0 +3.283765570e+06 +3.283745240e+06 +3.283745240e+06 +4.0015e+00 -7.9597e-01 -1.3982e+00 +1.0227e+00 +1.7014e-01 +2.4627e+00 -9.8850e-01 +1.6132e+00 +8.3458e-01 +2.7556e+00
102 0 +1.365461366e+05 +1.365258066e+05 +1.365258066e+05 +3.9890e+00 -3.4965e+00 -2.7563e+00 +1.8949e+00 -1.2291e+00 +2.9631e+00 +8.5356e-01 +8.3460e-01 -2.6621e+00 +4.2183e+00
103 0 +1.221721581e+05 +1.221518281e+05 +1.221518281e+05 +4.3141e+00 -3.6279e-01 -2.3664e+00 +3.3144e+00 +1.1801e+00 +2.3994e+00 -8.1028e-01 -2.2932e-03 -1.9624e+00 +4.0488e+00
104 0 +3.678681566e+03 +3.658351566e+03 +3.658351566e+03 +3.5399e+00 -4.1329e+00 -1.4222e-01 -4.4697e-01 +7.9439e-01 +2.9210e+00 -3.5743e-02 +3.0510e+00 -2.1009e+00 +3.9944e+00
165 0 +1.990399793e+03 +1.970069793e+03 +1.970069793e+03 +2.9506e+00 -1.7182e+00 -2.4110e+00 +2.9586e+00 +1.4701e+00 +1.3534e+00 -3.8868e+00 +1.0789e+00 -1.2059e+00 +2.2355e+00
168 0 +1.138629711e+03 +1.118299711e+03 +1.118299711e+03 +2.7355e+00 -2.7773e+00 +3.4333e-01 +4.8507e+00 +3.2181e-01 -1.1915e+00 -2.3337e+00 +1.4825e+00 +7.6346e-01 +4.8100e+00
263 0 +8.356196812e+01 +6.323196812e+01 +6.323196812e+01 +3.8484e+00 -2.4595e+00 +3.0925e-01 +2.4863e+00 +3.2885e+00 +9.9545e-02 -4.9667e+00 +3.6284e+00 -1.3400e-01 +2.7592e-01
274 0 +8.286395326e+01 +6.253395326e+01 +6.253395326e+01 +1.6676e+00 +3.3593e-01 +5.9418e-01 +3.8895e+00 -3.7397e+00 +1.6076e+00 -1.8991e+00 -1.5663e+00 -4.6942e+00 +4.4647e+00
306 0 +2.416400446e+01 +3.834004456e+00 +3.834004456e+00 +4.1450e+00 +1.6396e+00 +8.5251e-01 +2.3961e+00 -5.7031e-01 +1.7224e+00 -3.2949e+00 +3.1633e+00 -1.4394e+00 +2.5172e+00
2367 0 +2.289725879e+01 +2.567258791e+00 +2.567258791e+00 +3.8723e+00 -7.9677e-01 -2.6762e-01 +2.8463e+00 +1.4452e+00 +4.1065e+00 -2.9407e+00 +8.7003e-01 -1.1082e-01 +1.7881e+00
2389 0 +1.843868176e+01 -1.891318239e+00 -1.891318239e+00 +4.0824e+00 -2.5877e-01 +9.9852e-01 +3.1615e+00 +1.6655e+00 +3.6315e+00 -3.3742e+00 +1.2387e+00 -7.3878e-01 +5.3835e-01
2418 0 +1.432961826e+01 -6.000381738e+00 -6.000381738e+00 +4.8524e+00 +2.1344e-01 +2.8141e-01 +2.7372e+00 +1.5114e+00 +4.1490e+00 -2.5956e+00 +2.2887e+00 +6.3194e-01 +1.5132e+00
2455 0 +1.286664747e+01 -7.463352529e+00 -7.463352529e+00 +3.5945e+00 -1.7461e-01 +1.8579e+00 +3.6912e+00 +8.8326e-01 +4.1953e+00 -2.6572e+00 +6.9513e-01 -4.2923e-01 +1.5842e+00
% f evaluations | g evaluations | best noise-free fitness - Fopt (9.431000000000e+01) + sum g_i+ | measured fitness | best measured fitness or single-digit g-values | x1 | x2...
1 0 +1.950994288e+06 +1.951088598e+06 +1.951088598e+06 +5.9671e-01 -3.8264e-02 +7.4769e-01 +1.6230e+00 -1.3415e-01 -1.3414e-01 +1.6792e+00 +8.6743e-01 -3.6947e-01 +6.4256e-01
2 0 +8.980451868e+05 +8.981394968e+05 +8.981394968e+05 -3.6342e-01 -3.6573e-01 +3.4196e-01 -1.8133e+00 -1.6249e+00 -4.6229e-01 -9.1283e-01 +4.1425e-01 -8.0802e-01 -1.3123e+00
8 0 +2.762718679e+05 +2.763661779e+05 +2.763661779e+05 +4.6140e-01 +1.6380e+00 +6.4174e-02 +1.6646e+00 -2.5197e+00 +9.2190e-01 +1.8705e-01 -1.9901e-01 +1.9176e-01 -1.8876e+00
51 0 +9.043131429e+04 +9.052562429e+04 +9.052562429e+04 +1.0347e+00 +1.3049e+00 +6.5667e-01 -1.8810e-01 -3.0833e+00 -3.5284e-01 +2.2815e+00 -1.1803e+00 +9.5762e-01 +6.1759e-02
52 0 +1.735512597e+04 +1.744943597e+04 +1.744943597e+04 -1.0455e+00 -4.0228e-01 +1.2441e+00 -9.1335e-01 -1.3938e+00 -1.1973e+00 +9.9138e-01 +1.2468e+00 -1.2400e+00 +6.4026e-01
54 0 +9.096636377e+03 +9.190946377e+03 +9.190946377e+03 -9.3059e-01 +6.3930e-01 +1.9904e+00 -7.0592e-01 -1.0995e+00 -4.0487e-01 +1.1080e+00 +1.0647e+00 -1.1583e+00 +5.7283e-01
60 0 +1.908201288e+02 +2.851301288e+02 +2.851301288e+02 +7.1370e-01 +1.4154e+00 +1.5815e+00 +6.2401e-01 -1.5801e+00 -4.3393e-01 +2.9168e+00 -4.7293e-01 +9.7996e-01 +6.2187e-01
149 0 +6.080306369e+01 +1.551130637e+02 +1.551130637e+02 -3.9191e-01 +1.9824e+00 +2.0477e+00 -2.4210e-02 +3.9091e-01 -1.3229e+00 +2.5523e+00 +3.9933e-01 +3.7323e-01 -4.0325e-01
1722 0 +5.515328166e+01 +1.494632817e+02 +1.494632817e+02 -1.4482e+00 +1.7219e+00 +3.9770e-01 +1.2329e+00 -4.1725e-01 -1.3977e+00 +7.7147e-01 -2.7501e-01 -2.1421e+00 -7.4223e-01
1757 0 +5.496772310e+01 +1.492777231e+02 +1.492777231e+02 -1.6703e+00 +3.9006e+00 -5.6447e-02 +5.0932e-01 -9.4470e-02 -9.2615e-01 +2.1501e-01 -1.7891e+00 -1.0006e+00 -2.7593e+00
1856 0 +5.334315753e+01 +1.476531575e+02 +1.476531575e+02 -1.2622e+00 +1.8909e+00 +3.4800e-01 +4.2283e-01 -4.4204e-01 -3.5944e+00 -1.7752e+00 +2.2932e+00 -2.6934e+00 -4.4713e+00
1876 0 +4.757133993e+01 +1.418813399e+02 +1.418813399e+02 -3.3900e+00 -1.1147e+00 +1.2888e+00 +5.0755e-01 +1.6021e+00 -2.7030e+00 +1.6098e+00 -1.7534e+00 -2.6041e+00 -1.2843e+00
1965 0 +4.581225578e+01 +1.401222558e+02 +1.401222558e+02 -3.4261e+00 -5.5715e-01 +4.4742e-01 -3.1693e-01 +2.1210e+00 -2.3967e+00 +2.4547e+00 -3.0114e-01 -2.0029e+00 -6.6159e-01
1975 0 +4.403298445e+01 +1.383429844e+02 +1.383429844e+02 -3.8532e+00 +1.4786e+00 +9.6883e-02 +9.5952e-01 -2.3976e-02 -2.2895e+00 -1.0242e+00 +2.7280e+00 -2.7875e+00 -2.7944e+00
1983 0 +3.847678566e+01 +1.327867857e+02 +1.327867857e+02 -4.7622e+00 +1.0759e-01 +1.6386e+00 +1.0937e+00 +1.7703e-02 -1.7884e+00 -1.0495e+00 +1.7076e+00 -3.9028e+00 -9.1471e-01
1992 0 +3.563648623e+01 +1.299464862e+02 +1.299464862e+02 -4.9913e+00 +1.6331e-01 +1.3259e+00 +2.9978e-01 +1.7958e+00 +2.5380e-01 -5.6814e-01 +1.0137e+00 -4.0174e+00 -1.8275e+00
2039 0 +3.556738093e+01 +1.298773809e+02 +1.298773809e+02 -4.2428e+00 +1.2088e+00 -3.6276e-02 +3.2840e+00 +2.5587e+00 -2.3230e+00 +4.3210e-01 -2.0860e+00 -4.1117e+00 -3.4497e+00
2052 0 +2.957117521e+01 +1.238811752e+02 +1.238811752e+02 -3.7496e+00 +1.5974e+00 +2.3183e-01 +2.2601e+00 +1.2449e+00 -3.9612e+00 -4.7243e-01 +2.0576e+00 -2.8867e+00 -4.0509e+00
2058 0 +2.823302329e+01 +1.225430233e+02 +1.225430233e+02 -3.3745e+00 +3.1139e+00 +1.2043e+00 +2.6044e+00 +8.3435e-01 -2.9475e+00 +3.6211e-01 +2.6390e-01 -5.0330e-01 -4.3571e+00
2082 0 +1.594556949e+01 +1.102555695e+02 +1.102555695e+02 -3.7629e+00 +2.0306e+00 +2.0375e+00 +1.2069e+00 +1.1729e+00 -2.2599e+00 -7.0987e-01 -2.5977e-02 -3.2028e+00 -2.2474e+00
2126 0 +1.373138959e+01 +1.080413896e+02 +1.080413896e+02 -4.0349e+00 +4.3326e+00 +1.4891e+00 +1.0566e+00 +2.6666e+00 -1.9288e+00 -3.4343e-01 +4.8088e-01 -3.2428e+00 -2.2089e+00
2187 0 +7.700448674e+00 +1.020104487e+02 +1.020104487e+02 -4.9369e+00 +2.2782e+00 +3.6335e+00 +1.6623e+00 +2.9527e+00 -2.0184e+00 +4.2272e-01 +1.5197e-01 -2.5667e+00 -1.8784e+00
2408 0 +6.381163144e+00 +1.006911631e+02 +1.006911631e+02 -3.7011e+00 +2.4891e+00 +4.4322e+00 +1.0045e+00 +4.4894e+00 -2.6272e+00 +1.0707e+00 +1.1691e+00 -1.8948e+00 -3.0875e+00
2411 0 +5.809387960e+00 +1.001193880e+02 +1.001193880e+02 -2.3732e+00 +2.9990e+00 +4.0075e+00 +2.6752e+00 +3.9801e+00 -1.6237e+00 +1.9321e-01 -2.9113e-01 -3.7069e+00 -3.1127e+00
2456 0 +5.389409766e+00 +9.969940977e+01 +9.969940977e+01 -2.5166e+00 +2.8782e+00 +3.4855e+00 +2.5103e+00 +3.1072e+00 -2.7610e+00 -4.1529e-01 +8.2253e-01 -3.3072e+00 -3.9003e+00
2461 0 +4.862307207e+00 +9.917230721e+01 +9.917230721e+01 -3.4386e+00 +2.3609e+00 +3.8935e+00 +9.7113e-01 +3.2067e+00 -2.9547e+00 +5.8653e-01 +1.0618e+00 -2.6973e+00 -1.6738e+00
