% f evaluations | g evaluations | best noise-free fitness - Fopt (7.135000000000e+01) + sum g_i+ | measured fitness | best measured fitness or single-digit g-values | x1 | x2...
1 0 +1.876019234e+01 +9.011019234e+01 +9.011019234e+01 +5.9671e-01 -3.8264e-02
4 0 +7.077934523e+00 +7.842793452e+01 +7.842793452e+01 +1.6792e+00 +8.6743e-01
17 0 +1.392382265e+00 +7.274238227e+01 +7.274238227e+01 +1.6215e+00 +9.0186e-01
119 0 +3.142308646e-01 +7.166423086e+01 +7.166423086e+01 +1.4123e+00 +9.3287e-01
149 0 +1.545096295e-01 +7.150450963e+01 +7.150450963e+01 +1.4077e+00 +9.1359e-01
161 0 +3.614070819e-02 +7.138614071e+01 +7.138614071e+01 +1.4471e+00 +9.1224e-01
179 0 +5.365662404e-03 +7.135536566e+01 +7.135536566e+01 +1.4541e+00 +9.2127e-01
293 0 +7.875606325e-04 +7.135078756e+01 +7.135078756e+01 +1.4406e+00 +9.1931e-01
356 0 +2.013703777e-05 +7.135002014e+01 +7.135002014e+01 +1.4504e+00 +9.1940e-01
% f evaluations | g evaluations | best noise-free fitness - Fopt (-3.552200000000e+02) + sum g_i+ | measured fitness | best measured fitness or single-digit g-values | x1 | x2...
1 0 +5.932143259e+01 -2.958985674e+02 -2.958985674e+02 +5.9671e-01 -3.8264e-02
21 0 +1.877511817e+01 -3.364448818e+02 -3.364448818e+02 +6.4580e-01 -1.0583e+00
32 0 +1.603237139e+01 -3.391876286e+02 -3.391876286e+02 -7.9356e-01 -2.4128e+00
38 0 +3.913532605e+00 -3.513064674e+02 -3.513064674e+02 -6.8096e-01 -2.6325e+00
85 0 +1.816464794e+00 -3.534035352e+02 -3.534035352e+02 -5.9904e-01 -2.7252e+00
114 0 +1.475126947e+00 -3.537448731e+02 -3.537448731e+02 +1.6378e+00 +2.6481e+00
124 0 +9.492911849e-02 -3.551250709e+02 -3.551250709e+02 +1.1287e+00 +2.4484e+00
177 0 +3.083522416e-02 -3.551891648e+02 -3.551891648e+02 +1.1870e+00 +2.4780e+00
341 0 +1.144349944e-02 -3.552085565e+02 -3.552085565e+02 +1.1589e+00 +2.4600e+00
466 0 +1.107262072e-02 -3.552089274e+02 -3.552089274e+02 +1.1648e+00 +2.4669e+00
% f evaluations | g evaluations | best noise-free fitness - Fopt (9.917000000000e+01) + sum g_i+ | measured fitness | best measured fitness or single-digit g-values | x1 | x2...
1 0 +6.408215168e+01 +1.632521517e+02 +1.632521517e+02 +5.9671e-01 -3.8264e-02
2 0 +3.931986844e+01 +1.384898684e+02 +1.384898684e+02 +7.4769e-01 +1.6230e+00
12 0 +3.230244998e+01 +1.314724500e+02 +1.314724500e+02 -1.3277e+00 +1.8007e+00
19 0 +2.252239745e+01 +1.216923975e+02 +1.216923975e+02 -1.4295e-02 +1.4028e+00
30 0 +1.511094909e+01 +1.142809491e+02 +1.142809491e+02 +6.5282e-01 +1.4867e+00
42 0 +2.475081341e+00 +1.016450813e+02 +1.016450813e+02 +9.5506e-01 +8.8203e-01
44 0 +9.050096209e-01 +1.000750096e+02 +1.000750096e+02 +3.1081e-01 +1.6258e+00
66 0 +3.448651419e-01 +9.951486514e+01 +9.951486514e+01 +3.3952e-01 +1.6042e+00
94 0 +7.476608792e-02 +9.924476609e+01 +9.924476609e+01 +4.5489e-01 +1.4604e+00
142 0 +3.855870920e-02 +9.920855871e+01 +9.920855871e+01 +5.1600e-01 +1.3784e+00
158 0 +3.370983146e-02 +9.920370983e+01 +9.920370983e+01 +5.0551e-01 +1.3874e+00
189 0 +1.997637394e-02 +9.918997637e+01 +9.918997637e+01 +5.1325e-01 +1.3827e+00
227 0 +1.205509102e-02 +9.918205509e+01 +9.918205509e+01 +5.2732e-01 +1.3829e+00
230 0 +2.818877559e-03 +9.917281888e+01 +9.917281888e+01 +5.1201e-01 +1.3912e+00
355 0 +9.893314900e-04 +9.917098933e+01 +9.917098933e+01 +5.2430e-01 +1.3809e+00
363 0 +6.902011846e-05 +9.917006902e+01 +9.917006902e+01 +5.1996e-01 +1.3831e+00
436 0 +1.450358431e-05 +9.917001450e+01 +9.917001450e+01 +5.2034e-01 +1.3829e+00
438 0 +6.694362767e-06 +9.917000669e+01 +9.917000669e+01 +5.2076e-01 +1.3827e+00
% f evaluations | g evaluations | best noise-free fitness - Fopt (-5.179100000000e+02) + sum g_i+ | measured fitness | best measured fitness or single-digit g-values | x1 | x2...
1 0 +7.771971472e+01 -4.401902853e+02 -4.401902853e+02 +5.9671e-01 -3.8264e-02
5 0 +7.683614405e+01 -4.410738560e+02 -4.410738560e+02 -3.6947e-01 +6.4256e-01
7 0 +3.898235035e+01 -4.789276497e+02 -4.789276497e+02 +3.4196e-01 -1.8133e+00
14 0 +3.143421786e+01 -4.864757821e+02 -4.864757821e+02 +1.8165e+00 -1.0403e+00
28 0 +2.869952267e+01 -4.892104773e+02 -4.892104773e+02 +2.4481e+00 -3.0408e+00
30 0 +1.084275106e+01 -5.070672489e+02 -5.070672489e+02 +2.0931e+00 -2.7260e-01
31 0 +4.216016151e+00 -5.136939838e+02 -5.136939838e+02 -1.6908e-01 -1.1083e+00
43 0 +3.727050619e+00 -5.141829494e+02 -5.141829494e+02 +2.1011e+00 -6.2295e-01
69 0 +1.325885334e+00 -5.165841147e+02 -5.165841147e+02 +2.2174e+00 -4.6229e-01
112 0 +8.122519707e-01 -5.170977480e+02 -5.170977480e+02 +2.8856e+00 +1.4755e-01
146 0 +5.584110862e-01 -5.173515889e+02 -5.173515889e+02 +2.5040e+00 -1.6489e-01
159 0 +3.578481880e-01 -5.175521518e+02 -5.175521518e+02 +2.5268e+00 -1.5158e-01
185 0 +4.636015950e-02 -5.178636398e+02 -5.178636398e+02 +2.6344e+00 -5.3778e-02
235 0 +1.401222779e-02 -5.178959878e+02 -5.178959878e+02 +2.5891e+00 -7.8374e-02
311 0 +9.300929634e-03 -5.179006991e+02 -5.179006991e+02 +2.5973e+00 -6.4430e-02
340 0 +1.076323394e-03 -5.179089237e+02 -5.179089237e+02 +2.6005e+00 -6.4601e-02
359 0 +6.654088954e-04 -5.179093346e+02 -5.179093346e+02 +2.6079e+00 -6.2296e-02
475 0 +5.294882255e-04 -5.179094705e+02 -5.179094705e+02 +2.5942e+00 -7.2316e-02
% f evaluations | g evaluations | best noise-free fitness - Fopt (-5.721000000000e+01) + sum g_i+ | measured fitness | best measured fitness or single-digit g-values | x1 | x2...
1 0 +2.349400551e+01 -3.371599449e+01 -3.371599449e+01 +5.9671e-01 -3.8264e-02
3 0 +2.057296210e+01 -3.663703790e+01 -3.663703790e+01 -1.3415e-01 -1.3414e-01
4 0 +1.348011489e+01 -4.372988511e+01 -4.372988511e+01 +1.6792e+00 +8.6743e-01
19 0 +1.238939299e+01 -4.482060701e+01 -4.482060701e+01 +5.1829e-01 +3.6448e-01
36 0 +2.216511143e+00 -5.499348886e+01 -5.499348886e+01 +6.5695e-01 +6.4992e-01
50 0 +1.497694775e+00 -5.571230522e+01 -5.571230522e+01 +6.5671e-01 +6.3079e-01
72 0 +1.493432090e+00 -5.571656791e+01 -5.571656791e+01 +6.3727e-01 +6.5592e-01
84 0 +1.138044672e+00 -5.607195533e+01 -5.607195533e+01 +6.3447e-01 +6.7939e-01
93 0 +8.105284873e-01 -5.639947151e+01 -5.639947151e+01 +6.1144e-01 +6.9075e-01
124 0 +3.155991268e-01 -5.689440087e+01 -5.689440087e+01 +5.8233e-01 +7.3757e-01
175 0 +2.565877180e-02 -5.718434123e+01 -5.718434123e+01 +3.8001e-01 +9.5482e-01
195 0 +1.461313632e-02 -5.719538686e+01 -5.719538686e+01 +3.7485e-01 +9.5193e-01
237 0 +4.126042676e-03 -5.720587396e+01 -5.720587396e+01 +3.8949e-01 +9.3888e-01
259 0 +1.084203084e-03 -5.720891580e+01 -5.720891580e+01 +3.7702e-01 +9.4635e-01
280 0 +6.537991346e-05 -5.720993462e+01 -5.720993462e+01 +3.8048e-01 +9.4459e-01
347 0 +6.045051592e-05 -5.720993955e+01 -5.720993955e+01 +3.8248e-01 +9.4382e-01
348 0 +5.416011556e-05 -5.720994584e+01 -5.720994584e+01 +3.8362e-01 +9.4337e-01
421 0 +4.375820368e-05 -5.720995624e+01 -5.720995624e+01 +3.8089e-01 +9.4440e-01
423 0 +3.262135593e-05 -5.720996738e+01 -5.720996738e+01 +3.8196e-01 +9.4392e-01
448 0 +1.253279027e-05 -5.720998747e+01 -5.720998747e+01 +3.8339e-01 +9.4313e-01
% f evaluations | g evaluations | best noise-free fitness - Fopt (6.626000000000e+01) + sum g_i+ | measured fitness | best measured fitness or single-digit g-values | x1 | x2...
1 0 +1.472412562e+02 +2.135012562e+02 +2.135012562e+02 +5.9671e-01 -3.8264e-02
3 0 +6.414909670e+01 +1.304090967e+02 +1.304090967e+02 -1.3415e-01 -1.3414e-01
4 0 +4.058838415e+01 +1.068483841e+02 +1.068483841e+02 +1.6792e+00 +8.6743e-01
5 0 +4.467008837e+00 +7.072700884e+01 +7.072700884e+01 -3.6947e-01 +6.4256e-01
14 0 +3.251388529e+00 +6.951138853e+01 +6.951138853e+01 -4.8018e-01 +1.0083e+00
15 0 +2.887974547e+00 +6.914797455e+01 +6.914797455e+01 -3.6951e-01 +4.2936e-01
21 0 +1.703879676e+00 +6.796387968e+01 +6.796387968e+01 -4.3224e-01 +9.9722e-01
35 0 +8.097592124e-01 +6.706975921e+01 +6.706975921e+01 -4.6018e-01 +1.0924e+00
43 0 +4.383035949e-01 +6.669830359e+01 +6.669830359e+01 -4.6053e-01 +1.1166e+00
56 0 +3.885233315e-01 +6.664852333e+01 +6.664852333e+01 -5.1340e-01 +1.3050e+00
83 0 +2.652719434e-01 +6.652527194e+01 +6.652527194e+01 -4.1147e-01 +1.0331e+00
92 0 +1.730718355e-01 +6.643307184e+01 +6.643307184e+01 -4.2744e-01 +1.0823e+00
101 0 +1.575231777e-01 +6.641752318e+01 +6.641752318e+01 -4.3671e-01 +1.1154e+00
143 0 +1.427773497e-01 +6.640277735e+01 +6.640277735e+01 -4.4717e-01 +1.1186e+00
151 0 +1.289589681e-01 +6.638895897e+01 +6.638895897e+01 -4.4670e-01 +1.1429e+00
153 0 +3.800143483e-02 +6.629800143e+01 +6.629800143e+01 -4.4463e-01 +1.1285e+00
162 0 +3.586937702e-02 +6.629586938e+01 +6.629586938e+01 -4.5326e-01 +1.1488e+00
182 0 +1.464487132e-02 +6.627464487e+01 +6.627464487e+01 -4.7887e-01 +1.2087e+00
220 0 +8.264398451e-03 +6.626826440e+01 +6.626826440e+01 -4.6839e-01 +1.1953e+00
246 0 +4.327508920e-03 +6.626432751e+01 +6.626432751e+01 -4.7555e-01 +1.2215e+00
295 0 +3.693796324e-03 +6.626369380e+01 +6.626369380e+01 -4.8063e-01 +1.2313e+00
297 0 +1.424874754e-03 +6.626142487e+01 +6.626142487e+01 -4.7755e-01 +1.2196e+00
302 0 +1.333173596e-03 +6.626133317e+01 +6.626133317e+01 -4.7637e-01 +1.2184e+00
336 0 +3.285072021e-04 +6.626032851e+01 +6.626032851e+01 -4.7803e-01 +1.2219e+00
% f evaluations | g evaluations | best noise-free fitness - Fopt (-1.386200000000e+02) + sum g_i+ | measured fitness | best measured fitness or single-digit g-values | x1 | x2...
1 0 +2.378128087e+01 -1.148387191e+02 -1.148387191e+02 +5.9671e-01 -3.8264e-02
7 0 +1.850710327e+01 -1.201128967e+02 -1.201128967e+02 +3.4196e-01 -1.8133e+00
13 0 +2.979714344e+00 -1.356402857e+02 -1.356402857e+02 -6.7593e-01 -2.4176e+00
77 0 +2.157473767e+00 -1.364625262e+02 -1.364625262e+02 +1.9661e+00 -3.9797e+00
95 0 +1.822734232e+00 -1.367972658e+02 -1.367972658e+02 +2.0310e+00 -3.8691e+00
99 0 +1.713212502e+00 -1.369067875e+02 -1.369067875e+02 +1.9316e+00 -3.6336e+00
105 0 +1.474815418e+00 -1.371451846e+02 -1.371451846e+02 +2.0147e+00 -3.7535e+00
110 0 +7.022765735e-01 -1.379177234e+02 -1.379177234e+02 +2.0224e+00 -4.2179e+00
118 0 +3.145067794e-01 -1.383054932e+02 -1.383054932e+02 +1.9744e+00 -3.8009e+00
140 0 +2.187346402e-01 -1.384012654e+02 -1.384012654e+02 +1.9880e+00 -3.9700e+00
243 0 +1.079214499e-01 -1.385120786e+02 -1.385120786e+02 +2.0153e+00 -4.0713e+00
259 0 +8.630361530e-02 -1.385336964e+02 -1.385336964e+02 +2.0098e+00 -4.0097e+00
271 0 +8.760468557e-03 -1.386112395e+02 -1.386112395e+02 +2.0054e+00 -3.9807e+00
277 0 +3.960650807e-03 -1.386160393e+02 -1.386160393e+02 +2.0003e+00 -3.9574e+00
278 0 +3.905302329e-03 -1.386160947e+02 -1.386160947e+02 +2.0046e+00 -3.9670e+00
330 0 +1.651347514e-03 -1.386183487e+02 -1.386183487e+02 +2.0001e+00 -3.9532e+00
% f evaluations | g evaluations | best noise-free fitness - Fopt (7.313900000000e+02) + sum g_i+ | measured fitness | best measured fitness or single-digit g-values | x1 | x2...
1 0 +8.674165798e+01 +8.181316580e+02 +8.181316580e+02 +5.9671e-01 -3.8264e-02
3 0 +4.911042708e+01 +7.805004271e+02 +7.805004271e+02 -1.3415e-01 -1.3414e-01
7 0 +1.324106043e+01 +7.446310604e+02 +7.446310604e+02 +3.4196e-01 -1.8133e+00
21 0 +1.003804085e+01 +7.414280409e+02 +7.414280409e+02 +5.6489e-01 -1.6079e+00
29 0 +6.343061773e+00 +7.377330618e+02 +7.377330618e+02 -1.3424e+00 -1.0052e+00
126 0 +4.211661195e-01 +7.318111661e+02 +7.318111661e+02 -1.2745e+00 -9.2296e-01
156 0 +1.949781479e-01 +7.315849781e+02 +7.315849781e+02 -1.3533e+00 -7.4372e-01
316 0 +1.092421113e-01 +7.314992421e+02 +7.314992421e+02 -1.3189e+00 -8.2682e-01
321 0 +2.229577198e-02 +7.314122958e+02 +7.314122958e+02 -1.2999e+00 -9.2121e-01
328 0 +9.147314015e-03 +7.313991473e+02 +7.313991473e+02 -1.3066e+00 -8.8427e-01
384 0 +1.552122804e-03 +7.313915521e+02 +7.313915521e+02 -1.3046e+00 -8.9840e-01
% f evaluations | g evaluations | best noise-free fitness - Fopt (7.526000000000e+01) + sum g_i+ | measured fitness | best measured fitness or single-digit g-values | x1 | x2...
1 0 +6.794538791e+01 +1.432053879e+02 +1.432053879e+02 +5.9671e-01 -3.8264e-02
4 0 +5.930386647e+01 +1.345638665e+02 +1.345638665e+02 +1.6792e+00 +8.6743e-01
7 0 +1.959903938e+01 +9.485903938e+01 +9.485903938e+01 +3.4196e-01 -1.8133e+00
15 0 +4.934838635e+00 +8.019483863e+01 +8.019483863e+01 +1.6412e+00 -2.0967e+00
33 0 +2.968361943e+00 +7.822836194e+01 +7.822836194e+01 +1.6672e+00 -2.0618e+00
45 0 +9.539812903e-01 +7.621398129e+01 +7.621398129e+01 +1.9076e+00 -1.5905e+00
64 0 +6.748089283e-01 +7.593480893e+01 +7.593480893e+01 +1.7983e+00 -1.8009e+00
123 0 +6.197241693e-01 +7.587972417e+01 +7.587972417e+01 +1.6852e+00 -1.8866e+00
160 0 +2.318324256e-01 +7.549183243e+01 +7.549183243e+01 +1.7271e+00 -1.8583e+00
171 0 +9.628929621e-02 +7.535628930e+01 +7.535628930e+01 +1.7261e+00 -1.8233e+00
212 0 +9.395345630e-02 +7.535395346e+01 +7.535395346e+01 +1.7210e+00 -1.8249e+00
225 0 +9.089463854e-02 +7.535089464e+01 +7.535089464e+01 +1.7634e+00 -1.7899e+00
227 0 +4.964731873e-02 +7.530964732e+01 +7.530964732e+01 +1.7310e+00 -1.8257e+00
273 0 +1.253400221e-02 +7.527253400e+01 +7.527253400e+01 +1.7896e+00 -1.7615e+00
274 0 +9.660741241e-03 +7.526966074e+01 +7.526966074e+01 +1.7846e+00 -1.7689e+00
286 0 +3.505551132e-03 +7.526350555e+01 +7.526350555e+01 +1.8275e+00 -1.7191e+00
290 0 +2.579881377e-04 +7.526025799e+01 +7.526025799e+01 +1.8058e+00 -1.7429e+00
480 0 +1.311359174e-04 +7.526013114e+01 +7.526013114e+01 +1.8083e+00 -1.7408e+00
% f evaluations | g evaluations | best noise-free fitness - Fopt (-4.913000000000e+01) + sum g_i+ | measured fitness | best measured fitness or single-digit g-values | x1 | x2...
1 0 +1.790270696e+02 +1.298970696e+02 +1.298970696e+02 +5.9671e-01 -3.8264e-02
2 0 +1.296712992e+02 +8.054129920e+01 +8.054129920e+01 +7.4769e-01 +1.6230e+00
3 0 +1.808965611e+01 -3.104034389e+01 -3.104034389e+01 -1.3415e-01 -1.3414e-01
15 0 +1.769152589e+01 -3.143847411e+01 -3.143847411e+01 +2.8341e-02 -1.3653e-01
25 0 +1.613943627e+01 -3.299056373e+01 -3.299056373e+01 -2.1984e-01 +2.3638e-01
33 0 +1.585993738e+01 -3.327006262e+01 -3.327006262e+01 -5.9833e-01 -1.6566e-01
35 0 +1.417259727e+01 -3.495740273e+01 -3.495740273e+01 -5.1580e-01 -1.1025e-01
36 0 +1.062368599e+01 -3.850631401e+01 -3.850631401e+01 -3.8651e-01 -2.2176e-01
49 0 +1.032481599e+01 -3.880518401e+01 -3.880518401e+01 -2.2459e-01 -1.4160e-01
68 0 +6.039864947e+00 -4.309013505e+01 -4.309013505e+01 -4.0888e-01 -2.1533e-01
262 0 +5.796661731e+00 -4.333333827e+01 -4.333333827e+01 -4.1056e-01 -2.1513e-01
296 0 +5.658595027e+00 -4.347140497e+01 -4.347140497e+01 -4.1340e-01 -2.1755e-01
366 0 +5.410172533e+00 -4.371982747e+01 -4.371982747e+01 -4.1681e-01 -2.1950e-01
379 0 +5.271637385e+00 -4.385836261e+01 -4.385836261e+01 -4.1464e-01 -2.1894e-01
420 0 +5.133150454e+00 -4.399684955e+01 -4.399684955e+01 -4.1871e-01 -2.2092e-01
429 0 +5.094277169e+00 -4.403572283e+01 -4.403572283e+01 -4.1855e-01 -2.2080e-01
