% f evaluations | g evaluations | best noise-free fitness - Fopt (7.135000000000e+01) + sum g_i+ | measured fitness | best measured fitness or single-digit g-values | x1 | x2...
1 0 +7.446886989e+01 +1.458188699e+02 +1.458188699e+02 +5.9671e-01 -3.8264e-02 +7.4769e-01 +1.6230e+00 -1.3415e-01
3 0 +5.113084942e+01 +1.224808494e+02 +1.224808494e+02 -3.6342e-01 -3.6573e-01 +3.4196e-01 -1.8133e+00 -1.6249e+00
18 0 +4.266526997e+01 +1.140152700e+02 +1.140152700e+02 -4.0176e-01 +1.0154e+00 +4.2875e-01 -4.2976e-01 +6.1327e-01
30 0 +4.265673830e+01 +1.140067383e+02 +1.140067383e+02 +2.8876e-01 -3.0534e-01 -3.4074e-01 -1.4881e-01 +2.1765e+00
31 0 +6.670556267e+00 +7.802055627e+01 +7.802055627e+01 +6.8824e-01 -1.1040e+00 +1.6129e+00 -2.5879e+00 +1.3718e+00
77 0 +4.504798614e+00 +7.585479861e+01 +7.585479861e+01 +1.2199e-01 -7.4224e-01 +1.3229e+00 -2.4975e+00 +1.3690e+00
307 0 +4.189222604e+00 +7.553922260e+01 +7.553922260e+01 +3.5303e-01 -8.9075e-01 +1.3570e+00 -2.3339e+00 +1.4729e+00
329 0 +1.623715438e+00 +7.297371544e+01 +7.297371544e+01 +3.6905e-01 -8.4656e-01 +1.2079e+00 -2.4430e+00 +1.3488e+00
358 0 +9.990007108e-01 +7.234900071e+01 +7.234900071e+01 +2.3316e-01 -1.0558e+00 +1.4795e+00 -2.6913e+00 +1.4777e+00
425 0 +6.922075886e-01 +7.204220759e+01 +7.204220759e+01 +3.8196e-01 -8.5539e-01 +9.7467e-01 -2.1684e+00 +1.3270e+00
506 0 +5.297534170e-01 +7.187975342e+01 +7.187975342e+01 +3.9592e-01 -8.6563e-01 +1.1209e+00 -2.4398e+00 +1.3034e+00
527 0 +4.399278963e-01 +7.178992790e+01 +7.178992790e+01 +2.9149e-01 -8.9966e-01 +1.2302e+00 -2.6397e+00 +1.3237e+00
706 0 +4.099521884e-01 +7.175995219e+01 +7.175995219e+01 +2.9411e-01 -9.1982e-01 +1.2480e+00 -2.5825e+00 +1.3135e+00
739 0 +4.063757122e-01 +7.175637571e+01 +7.175637571e+01 +3.0572e-01 -8.9548e-01 +1.1926e+00 -2.5554e+00 +1.3106e+00
748 0 +3.707921983e-01 +7.172079220e+01 +7.172079220e+01 +2.5731e-01 -9.2083e-01 +1.2609e+00 -2.6169e+00 +1.2883e+00
755 0 +3.444114864e-01 +7.169441149e+01 +7.169441149e+01 +3.0435e-01 -8.9389e-01 +1.2106e+00 -2.5777e+00 +1.3217e+00
770 0 +3.427550962e-01 +7.169275510e+01 +7.169275510e+01 +3.3092e-01 -9.1179e-01 +1.2067e+00 -2.5743e+00 +1.2759e+00
791 0 +2.823210895e-01 +7.163232109e+01 +7.163232109e+01 +3.2309e-01 -8.7675e-01 +1.1911e+00 -2.5500e+00 +1.3114e+00
812 0 +2.770554305e-01 +7.162705543e+01 +7.162705543e+01 +3.0238e-01 -9.0117e-01 +1.2030e+00 -2.5475e+00 +1.3264e+00
844 0 +2.402431079e-01 +7.159024311e+01 +7.159024311e+01 +3.3440e-01 -8.7903e-01 +1.1809e+00 -2.5320e+00 +1.3222e+00
855 0 +2.379597707e-01 +7.158795977e+01 +7.158795977e+01 +3.3615e-01 -8.7225e-01 +1.1663e+00 -2.5500e+00 +1.3005e+00
912 0 +2.353694847e-01 +7.158536948e+01 +7.158536948e+01 +3.7970e-01 -8.6520e-01 +1.1424e+00 -2.5240e+00 +1.2934e+00
918 0 +2.305386453e-01 +7.158053865e+01 +7.158053865e+01 +3.3241e-01 -8.8236e-01 +1.1881e+00 -2.5745e+00 +1.3094e+00
923 0 +2.239011521e-01 +7.157390115e+01 +7.157390115e+01 +3.4044e-01 -8.7593e-01 +1.1730e+00 -2.5731e+00 +1.2933e+00
1193 0 +1.955819464e-01 +7.154558195e+01 +7.154558195e+01 +3.5523e-01 -8.7203e-01 +1.1513e+00 -2.5414e+00 +1.3024e+00
% f evaluations | g evaluations | best noise-free fitness - Fopt (-3.552200000000e+02) + sum g_i+ | measured fitness | best measured fitness or single-digit g-values | x1 | x2...
1 0 +9.960213824e+01 -2.556178618e+02 -2.556178618e+02 +5.9671e-01 -3.8264e-02 +7.4769e-01 +1.6230e+00 -1.3415e-01
2 0 +9.589743832e+01 -2.593225617e+02 -2.593225617e+02 -1.3414e-01 +1.6792e+00 +8.6743e-01 -3.6947e-01 +6.4256e-01
3 0 +5.554821623e+01 -2.996717838e+02 -2.996717838e+02 -3.6342e-01 -3.6573e-01 +3.4196e-01 -1.8133e+00 -1.6249e+00
8 0 +3.140876179e+01 -3.238112382e+02 -3.238112382e+02 -1.1208e+00 +3.0886e-01 -1.8597e+00 -1.2282e+00 +2.9686e-01
30 0 +2.437979693e+01 -3.308402031e+02 -3.308402031e+02 -2.4648e+00 -6.9987e-01 +2.0871e-02 -9.9009e-01 -1.2883e+00
43 0 +1.717371948e+01 -3.380462805e+02 -3.380462805e+02 -3.8042e+00 -3.2068e-01 -3.0558e-02 +2.4370e-01 +2.9733e-01
49 0 +1.161913122e+01 -3.436008688e+02 -3.436008688e+02 -2.5363e-01 -5.4976e-02 -8.8519e-01 -3.0716e+00 +6.9898e-01
74 0 +1.048172439e+01 -3.447382756e+02 -3.447382756e+02 -2.5832e+00 -1.1651e+00 -6.2538e-01 -1.2508e-01 -1.9271e+00
222 0 +9.255988759e+00 -3.459640112e+02 -3.459640112e+02 -1.7136e+00 +1.0464e+00 -3.7346e+00 -1.8888e+00 -2.4016e+00
224 0 +4.620400293e+00 -3.505995997e+02 -3.505995997e+02 -2.5961e+00 -5.0063e-01 -2.5554e-01 -7.0195e-01 -1.5659e+00
612 0 +4.128523447e+00 -3.510914766e+02 -3.510914766e+02 -1.3345e+00 +6.6596e-01 -3.9818e+00 -2.8027e+00 -1.8211e+00
728 0 +2.235112324e+00 -3.529848877e+02 -3.529848877e+02 -1.5078e+00 +8.0207e-01 -4.4073e+00 -2.8584e+00 -2.0041e+00
758 0 +2.232811027e+00 -3.529871890e+02 -3.529871890e+02 -1.5105e+00 +8.0593e-01 -4.2273e+00 -2.7302e+00 -1.9813e+00
776 0 +1.816883664e+00 -3.534031163e+02 -3.534031163e+02 -1.5242e+00 +8.4374e-01 -4.1757e+00 -2.7157e+00 -1.9929e+00
801 0 +1.727760214e+00 -3.534922398e+02 -3.534922398e+02 -1.4579e+00 +6.4335e-01 -4.1915e+00 -2.7173e+00 -1.9892e+00
933 0 +1.681878719e+00 -3.535381213e+02 -3.535381213e+02 -1.4779e+00 +7.6983e-01 -4.3563e+00 -2.8710e+00 -1.9962e+00
1051 0 +1.137839117e+00 -3.540821609e+02 -3.540821609e+02 -1.3303e+00 +5.9661e-01 -4.1667e+00 -2.7790e+00 -1.8371e+00
1241 0 +7.469341004e-01 -3.544730659e+02 -3.544730659e+02 -1.4217e+00 +6.7861e-01 -4.4024e+00 -2.8769e+00 -1.9578e+00
% f evaluations | g evaluations | best noise-free fitness - Fopt (9.917000000000e+01) + sum g_i+ | measured fitness | best measured fitness or single-digit g-values | x1 | x2...
1 0 +7.486993682e+01 +1.740399368e+02 +1.740399368e+02 +5.9671e-01 -3.8264e-02 +7.4769e-01 +1.6230e+00 -1.3415e-01
6 0 +2.244151693e+01 +1.216115169e+02 +1.216115169e+02 +2.1092e-01 -1.0510e+00 +4.7570e-01 -5.0064e-01 -1.9169e-01
13 0 +1.944891373e+01 +1.186189137e+02 +1.186189137e+02 -3.7917e-01 -8.5659e-02 -1.0063e+00 -1.0962e+00 +9.1253e-01
31 0 +1.406377580e+01 +1.132337758e+02 +1.132337758e+02 +1.3919e-01 -8.2601e-01 -9.3468e-02 -2.6649e-01 +1.4636e+00
86 0 +1.079522420e+01 +1.099652242e+02 +1.099652242e+02 -6.9730e-01 -1.4274e+00 -3.6123e-01 -2.2419e-01 +1.3634e+00
99 0 +1.058491956e+01 +1.097549196e+02 +1.097549196e+02 -9.7837e-01 +4.3916e-01 +1.0033e+00 -7.8602e-01 -1.3837e+00
119 0 +7.681230591e+00 +1.068512306e+02 +1.068512306e+02 -4.8177e-01 -6.2194e-01 -3.4283e-01 -1.2063e+00 +1.1548e+00
181 0 +7.064380601e+00 +1.062343806e+02 +1.062343806e+02 -5.7826e-01 -3.9013e-01 +2.0642e-02 -9.7744e-01 +8.8034e-01
202 0 +6.936701661e+00 +1.061067017e+02 +1.061067017e+02 -6.7790e-01 -6.5484e-02 -7.7926e-01 -3.9573e-01 +1.7188e+00
213 0 +5.704735530e+00 +1.048747355e+02 +1.048747355e+02 -8.3227e-01 -1.3519e-01 +1.8668e-01 -1.3157e+00 +1.1475e+00
227 0 +5.545493254e+00 +1.047154933e+02 +1.047154933e+02 -7.7782e-01 -4.1677e-01 -1.1064e+00 -4.6396e-01 +1.7400e+00
280 0 +4.737803612e+00 +1.039078036e+02 +1.039078036e+02 -7.6408e-01 -5.4853e-01 -7.6318e-02 -1.4386e+00 +8.5381e-01
290 0 +4.527314419e+00 +1.036973144e+02 +1.036973144e+02 -9.7310e-01 -2.2384e-01 -5.5451e-01 -1.1891e+00 +1.4198e+00
302 0 +3.407831357e+00 +1.025778314e+02 +1.025778314e+02 -7.4529e-01 -2.8113e-01 +5.7643e-02 -1.2224e+00 +1.1348e+00
304 0 +1.835901467e+00 +1.010059015e+02 +1.010059015e+02 -7.7981e-01 -3.5055e-01 -4.9842e-01 -1.1338e+00 +1.3826e+00
380 0 +1.507527858e+00 +1.006775279e+02 +1.006775279e+02 -7.8794e-01 -2.2055e-01 -7.0176e-02 -1.1454e+00 +1.1502e+00
408 0 +1.472729013e+00 +1.006427290e+02 +1.006427290e+02 -7.9553e-01 -3.1322e-01 -7.1023e-02 -1.1936e+00 +1.2396e+00
454 0 +9.879563096e-01 +1.001579563e+02 +1.001579563e+02 -7.5987e-01 -3.1101e-01 -5.6765e-02 -1.2586e+00 +1.1173e+00
523 0 +8.066079281e-01 +9.997660793e+01 +9.997660793e+01 -7.6006e-01 -4.0909e-01 +1.4362e-03 -1.1272e+00 +1.2328e+00
528 0 +7.229451910e-01 +9.989294519e+01 +9.989294519e+01 -7.4208e-01 -3.7401e-01 -1.5141e-01 -1.1020e+00 +1.2281e+00
726 0 +6.647720397e-01 +9.983477204e+01 +9.983477204e+01 -7.1374e-01 -3.6700e-01 -1.3996e-01 -1.1557e+00 +1.2178e+00
797 0 +6.488833865e-01 +9.981888339e+01 +9.981888339e+01 -7.0716e-01 -3.8983e-01 -1.4134e-01 -1.1865e+00 +1.1996e+00
814 0 +5.681334785e-01 +9.973813348e+01 +9.973813348e+01 -7.0267e-01 -3.6907e-01 -1.7096e-01 -1.1864e+00 +1.2048e+00
850 0 +5.194536195e-01 +9.968945362e+01 +9.968945362e+01 -7.2528e-01 -3.8121e-01 -1.2863e-01 -1.1923e+00 +1.1838e+00
898 0 +4.982488262e-01 +9.966824883e+01 +9.966824883e+01 -7.1020e-01 -3.7887e-01 -1.6540e-01 -1.1840e+00 +1.2106e+00
913 0 +4.403378351e-01 +9.961033784e+01 +9.961033784e+01 -7.1171e-01 -3.8956e-01 -1.6305e-01 -1.1836e+00 +1.2047e+00
1011 0 +3.839464318e-01 +9.955394643e+01 +9.955394643e+01 -7.0577e-01 -3.8467e-01 -1.6291e-01 -1.1802e+00 +1.2031e+00
% f evaluations | g evaluations | best noise-free fitness - Fopt (-5.179100000000e+02) + sum g_i+ | measured fitness | best measured fitness or single-digit g-values | x1 | x2...
1 0 +1.668669367e+01 -5.012233063e+02 -5.012233063e+02 +5.9671e-01 -3.8264e-02 +7.4769e-01 +1.6230e+00 -1.3415e-01
8 0 +1.394012739e+01 -5.039698726e+02 -5.039698726e+02 -1.1208e+00 +3.0886e-01 -1.8597e+00 -1.2282e+00 +2.9686e-01
90 0 +1.108976151e+01 -5.068202385e+02 -5.068202385e+02 +1.7709e-04 +2.1424e+00 -1.7905e+00 +3.0100e+00 +3.3285e-01
211 0 +9.593794296e+00 -5.083162057e+02 -5.083162057e+02 +4.1307e-01 +6.5423e-02 -4.1247e-01 +1.7120e+00 +5.1063e-01
241 0 +6.174496967e+00 -5.117355030e+02 -5.117355030e+02 +6.1810e-01 +2.6001e-01 -1.6688e-01 +5.3951e-01 +1.0166e+00
326 0 +5.128424518e+00 -5.127815755e+02 -5.127815755e+02 +8.6243e-01 -2.4934e-02 -4.1919e-02 +4.5908e-01 +1.4081e+00
372 0 +2.016177624e+00 -5.158938224e+02 -5.158938224e+02 +8.9509e-01 +2.7798e-01 -2.1459e-01 +3.2160e-01 +1.5300e+00
499 0 +1.697495564e+00 -5.162125044e+02 -5.162125044e+02 +5.4591e-01 +1.0660e+00 +5.3479e-03 -1.0100e+00 +7.7425e-01
539 0 +1.642123064e+00 -5.162678769e+02 -5.162678769e+02 +5.6924e-01 +1.1693e+00 -1.4348e-01 -1.2090e+00 +8.2173e-01
546 0 +1.158871515e+00 -5.167511285e+02 -5.167511285e+02 +4.9077e-01 +7.7714e-01 +7.3530e-02 -1.1211e+00 +8.9355e-01
568 0 +6.622630155e-01 -5.172477370e+02 -5.172477370e+02 +4.3849e-01 +9.0855e-01 -1.9345e-01 -1.1969e+00 +8.5842e-01
582 0 +6.487654885e-01 -5.172612345e+02 -5.172612345e+02 +4.7030e-01 +9.3663e-01 -1.1040e-01 -1.1223e+00 +8.0335e-01
628 0 +1.852346046e-01 -5.177247654e+02 -5.177247654e+02 +4.4016e-01 +9.7524e-01 -1.2317e-01 -1.2674e+00 +7.8106e-01
683 0 +1.207144730e-01 -5.177892855e+02 -5.177892855e+02 +3.8012e-01 +8.7700e-01 -1.6285e-01 -1.2449e+00 +7.7387e-01
901 0 +1.151856590e-01 -5.177948143e+02 -5.177948143e+02 +3.4833e-01 +8.6994e-01 -1.8855e-01 -1.1703e+00 +7.6656e-01
946 0 +4.233280350e-02 -5.178676672e+02 -5.178676672e+02 +3.2208e-01 +7.9748e-01 -1.8979e-01 -1.0668e+00 +7.7603e-01
% f evaluations | g evaluations | best noise-free fitness - Fopt (-5.721000000000e+01) + sum g_i+ | measured fitness | best measured fitness or single-digit g-values | x1 | x2...
1 0 +8.736249735e+01 +3.015249735e+01 +3.015249735e+01 +5.9671e-01 -3.8264e-02 +7.4769e-01 +1.6230e+00 -1.3415e-01
3 0 +3.006729433e+01 -2.714270567e+01 -2.714270567e+01 -3.6342e-01 -3.6573e-01 +3.4196e-01 -1.8133e+00 -1.6249e+00
11 0 +1.892218357e+01 -3.828781643e+01 -3.828781643e+01 +4.2408e-01 -2.8508e-01 -5.7692e-01 +7.1168e-01 +1.1310e+00
72 0 +1.866001055e+01 -3.854998945e+01 -3.854998945e+01 +1.7981e+00 -6.2804e-01 +3.8971e-01 -1.8521e+00 -5.4557e-01
121 0 +9.228936185e+00 -4.798106382e+01 -4.798106382e+01 +2.3635e+00 -4.6752e-01 +1.1420e-01 -1.6149e+00 -3.8717e-01
248 0 +9.011341743e+00 -4.819865826e+01 -4.819865826e+01 +1.2018e+00 +3.2005e-01 -4.0299e-01 -8.8446e-01 -1.4235e+00
261 0 +6.847181004e+00 -5.036281900e+01 -5.036281900e+01 +5.0830e-02 -7.0599e-01 +3.2173e-01 -1.7886e-01 -8.3652e-01
389 0 +6.395024547e+00 -5.081497545e+01 -5.081497545e+01 +3.8666e-01 -8.4369e-01 +2.2407e-01 -5.4693e-01 -7.5217e-01
395 0 +6.215454804e+00 -5.099454520e+01 -5.099454520e+01 +6.0817e-02 -8.2063e-01 +1.4030e-01 -8.9012e-01 -8.2736e-01
410 0 +4.460406442e+00 -5.274959356e+01 -5.274959356e+01 -3.0270e-01 -4.4987e-01 +2.0786e-01 -1.0105e+00 -1.0692e+00
505 0 +1.717301084e+00 -5.549269892e+01 -5.549269892e+01 -1.7446e-01 -6.4978e-01 +1.2393e-01 -1.2207e+00 -1.1666e+00
590 0 +1.715005786e+00 -5.549499421e+01 -5.549499421e+01 -2.8643e-01 -5.5102e-01 +2.2527e-01 -1.2301e+00 -1.0940e+00
673 0 +1.453083295e+00 -5.575691670e+01 -5.575691670e+01 -1.3434e-02 -8.0734e-01 +1.4865e-01 -1.2481e+00 -1.0903e+00
681 0 +9.599351522e-01 -5.625006485e+01 -5.625006485e+01 -1.0541e-01 -7.1096e-01 +1.7614e-01 -1.2495e+00 -1.1068e+00
762 0 +7.992144645e-01 -5.641078554e+01 -5.641078554e+01 -7.5216e-02 -7.2649e-01 +1.2089e-01 -1.2924e+00 -1.1544e+00
831 0 +7.612752153e-01 -5.644872478e+01 -5.644872478e+01 -1.2151e-01 -7.1302e-01 +7.2721e-02 -1.2878e+00 -1.1922e+00
896 0 +6.690438068e-01 -5.654095619e+01 -5.654095619e+01 -9.5422e-02 -6.7922e-01 +6.3163e-02 -1.2930e+00 -1.1981e+00
915 0 +6.388448662e-01 -5.657115513e+01 -5.657115513e+01 -8.4094e-02 -7.2110e-01 +9.6381e-02 -1.3136e+00 -1.1747e+00
958 0 +4.637101777e-01 -5.674628982e+01 -5.674628982e+01 -1.1409e-01 -7.2431e-01 +4.8600e-02 -1.3217e+00 -1.2115e+00
965 0 +4.087602364e-01 -5.680123976e+01 -5.680123976e+01 -1.1816e-01 -7.0643e-01 +6.9224e-02 -1.3051e+00 -1.2046e+00
982 0 +2.634088640e-01 -5.694659114e+01 -5.694659114e+01 -9.7470e-02 -7.2480e-01 +7.0184e-02 -1.3316e+00 -1.2013e+00
1222 0 +2.326323103e-01 -5.697736769e+01 -5.697736769e+01 -1.1271e-01 -7.1175e-01 +4.7790e-02 -1.3270e+00 -1.2136e+00
% f evaluations | g evaluations | best noise-free fitness - Fopt (6.626000000000e+01) + sum g_i+ | measured fitness | best measured fitness or single-digit g-values | x1 | x2...
1 0 +8.820622849e+01 +1.544662285e+02 +1.544662285e+02 +5.9671e-01 -3.8264e-02 +7.4769e-01 +1.6230e+00 -1.3415e-01
5 0 +4.417165334e+01 +1.104316533e+02 +1.104316533e+02 +1.5656e+00 -1.2578e-01 +1.6753e-01 -1.3247e+00 -4.4438e-01
9 0 +4.399379149e+01 +1.102537915e+02 +1.102537915e+02 +8.3847e-01 +2.7137e-01 -1.5648e-02 -2.0110e-01 -1.3785e+00
16 0 +1.958782640e+01 +8.584782640e+01 +8.584782640e+01 +9.2190e-01 +1.8705e-01 -1.9901e-01 +1.9176e-01 -1.8876e+00
25 0 +9.739598777e+00 +7.599959878e+01 +7.599959878e+01 +8.9103e-01 -8.0939e-01 +1.5028e+00 -1.3019e+00 +6.8686e-01
59 0 +7.690798872e+00 +7.395079887e+01 +7.395079887e+01 +1.3632e+00 +8.6094e-01 -6.1763e-01 -1.1601e+00 -8.1539e-01
82 0 +2.444218776e+00 +6.870421878e+01 +6.870421878e+01 +7.4539e-01 -9.2796e-01 +7.3398e-01 -1.2228e+00 +6.5876e-01
247 0 +1.495661830e+00 +6.775566183e+01 +6.775566183e+01 +8.2778e-01 -7.5998e-01 +9.0972e-01 -1.3920e+00 +5.7605e-01
255 0 +5.993541473e-01 +6.685935415e+01 +6.685935415e+01 +8.0904e-01 -8.3527e-01 +7.4270e-01 -1.2770e+00 +5.4883e-01
319 0 +3.335957181e-01 +6.659359572e+01 +6.659359572e+01 +8.0241e-01 -7.3663e-01 +6.6633e-01 -1.2628e+00 +5.2832e-01
353 0 +2.001553745e-01 +6.646015537e+01 +6.646015537e+01 +9.4118e-01 -7.9793e-01 +7.3204e-01 -1.3085e+00 +4.6026e-01
430 0 +1.813576541e-01 +6.644135765e+01 +6.644135765e+01 +1.0077e+00 -8.3227e-01 +7.5818e-01 -1.3128e+00 +4.3191e-01
445 0 +5.599446562e-02 +6.631599447e+01 +6.631599447e+01 +1.0959e+00 -7.4523e-01 +5.3101e-01 -1.1935e+00 +2.9624e-01
539 0 +4.828101515e-02 +6.630828102e+01 +6.630828102e+01 +1.0763e+00 -7.6608e-01 +6.9381e-01 -1.2242e+00 +3.0105e-01
577 0 +2.675898986e-02 +6.628675899e+01 +6.628675899e+01 +1.0281e+00 -7.7912e-01 +7.1449e-01 -1.2495e+00 +3.4815e-01
592 0 +2.198733930e-02 +6.628198734e+01 +6.628198734e+01 +1.0548e+00 -7.5843e-01 +6.7711e-01 -1.2234e+00 +3.2680e-01
609 0 +1.751250354e-02 +6.627751250e+01 +6.627751250e+01 +1.0537e+00 -7.5546e-01 +6.7616e-01 -1.2209e+00 +3.0634e-01
618 0 +1.102724087e-02 +6.627102724e+01 +6.627102724e+01 +1.0619e+00 -7.5621e-01 +6.4621e-01 -1.2097e+00 +3.0854e-01
665 0 +6.151728394e-03 +6.626615173e+01 +6.626615173e+01 +1.0605e+00 -7.4925e-01 +6.6335e-01 -1.2106e+00 +3.0454e-01
815 0 +6.014285733e-03 +6.626601429e+01 +6.626601429e+01 +1.0328e+00 -7.4450e-01 +6.5082e-01 -1.1999e+00 +3.1919e-01
845 0 +2.472325322e-03 +6.626247233e+01 +6.626247233e+01 +1.0348e+00 -7.4104e-01 +6.5761e-01 -1.2006e+00 +3.1732e-01
949 0 +2.539522033e-04 +6.626025395e+01 +6.626025395e+01 +1.0382e+00 -7.5799e-01 +6.6750e-01 -1.2223e+00 +3.2720e-01
% f evaluations | g evaluations | best noise-free fitness - Fopt (-1.386200000000e+02) + sum g_i+ | measured fitness | best measured fitness or single-digit g-values | x1 | x2...
1 0 +7.089111692e+01 -6.772888308e+01 -6.772888308e+01 +5.9671e-01 -3.8264e-02 +7.4769e-01 +1.6230e+00 -1.3415e-01
3 0 +1.325662276e+01 -1.253633772e+02 -1.253633772e+02 -3.6342e-01 -3.6573e-01 +3.4196e-01 -1.8133e+00 -1.6249e+00
309 0 +7.424973501e+00 -1.311950265e+02 -1.311950265e+02 +9.1559e-02 -2.4904e+00 +1.7762e+00 +1.9220e+00 -1.0720e+00
399 0 +4.481999019e+00 -1.341380010e+02 -1.341380010e+02 -5.1457e-01 -2.4181e+00 +2.2240e+00 +2.1390e+00 -1.1369e+00
402 0 +1.178894722e+00 -1.374411053e+02 -1.374411053e+02 -3.6487e-01 -2.5802e+00 +1.8135e+00 +1.8553e+00 -9.8259e-01
664 0 +1.029119100e+00 -1.375908809e+02 -1.375908809e+02 +4.6409e-02 -2.9136e+00 +4.3968e-02 +5.5350e-01 +4.6726e-01
688 0 +7.769941438e-01 -1.378430059e+02 -1.378430059e+02 -1.0408e-01 -2.7578e+00 +4.8827e-01 +4.7095e-01 +3.6583e-01
701 0 +7.087282157e-01 -1.379112718e+02 -1.379112718e+02 -8.6348e-02 -2.9214e+00 +3.2465e-01 +4.6277e-01 +5.1766e-01
736 0 +6.380475737e-01 -1.379819524e+02 -1.379819524e+02 +1.7105e-01 -3.0080e+00 +2.6245e-01 +4.1953e-01 +5.0107e-01
759 0 +5.675129658e-01 -1.380524870e+02 -1.380524870e+02 -1.3005e-01 -3.0142e+00 +3.6070e-01 +3.7959e-01 +5.6853e-01
760 0 +3.032148947e-01 -1.383167851e+02 -1.383167851e+02 +9.4793e-02 -2.8674e+00 +2.2188e-01 +4.7757e-01 +3.5164e-01
785 0 +2.458526353e-01 -1.383741474e+02 -1.383741474e+02 +7.3867e-03 -3.0284e+00 +3.3833e-01 +4.2184e-01 +4.3882e-01
833 0 +1.538008388e-01 -1.384661992e+02 -1.384661992e+02 +5.9046e-02 -2.9178e+00 +3.2438e-01 +4.7279e-01 +3.5649e-01
848 0 +1.349287506e-01 -1.384850712e+02 -1.384850712e+02 +1.1997e-01 -2.9222e+00 +2.5132e-01 +4.6872e-01 +3.8895e-01
866 0 +4.024994987e-02 -1.385797501e+02 -1.385797501e+02 +1.6000e-01 -3.0087e+00 +2.5377e-01 +4.5816e-01 +4.1824e-01
956 0 +3.904298384e-02 -1.385809570e+02 -1.385809570e+02 +1.0646e-01 -2.9875e+00 +3.0453e-01 +4.5380e-01 +3.9843e-01
962 0 +1.124922030e-02 -1.386087508e+02 -1.386087508e+02 +9.8408e-02 -2.9942e+00 +3.1633e-01 +4.4261e-01 +4.1691e-01
1078 0 +1.026164904e-02 -1.386097384e+02 -1.386097384e+02 +8.0686e-02 -2.9842e+00 +2.9908e-01 +4.4322e-01 +4.2679e-01
1091 0 +6.314473904e-03 -1.386136855e+02 -1.386136855e+02 +1.0629e-01 -2.9773e+00 +2.9030e-01 +4.4820e-01 +4.1679e-01
1113 0 +2.844963107e-03 -1.386171550e+02 -1.386171550e+02 +1.0265e-01 -2.9870e+00 +2.9654e-01 +4.5070e-01 +4.1869e-01
% f evaluations | g evaluations | best noise-free fitness - Fopt (7.313900000000e+02) + sum g_i+ | measured fitness | best measured fitness or single-digit g-values | x1 | x2...
1 0 +2.046415366e+02 +9.360315366e+02 +9.360315366e+02 +5.9671e-01 -3.8264e-02 +7.4769e-01 +1.6230e+00 -1.3415e-01
2 0 +1.421874192e+02 +8.735774192e+02 +8.735774192e+02 -1.3414e-01 +1.6792e+00 +8.6743e-01 -3.6947e-01 +6.4256e-01
3 0 +1.010786191e+02 +8.324686191e+02 +8.324686191e+02 -3.6342e-01 -3.6573e-01 +3.4196e-01 -1.8133e+00 -1.6249e+00
5 0 +2.831534046e+01 +7.597053405e+02 +7.597053405e+02 +1.5656e+00 -1.2578e-01 +1.6753e-01 -1.3247e+00 -4.4438e-01
74 0 +2.730318695e+01 +7.586931870e+02 +7.586931870e+02 -6.3031e-01 -8.3111e-01 +5.2029e-01 -1.4382e+00 +4.0782e-01
80 0 +2.064041736e+01 +7.520304174e+02 +7.520304174e+02 -1.5956e+00 -4.2447e-01 +7.2728e-01 -1.2503e+00 +8.7365e-01
105 0 +1.380426983e+01 +7.451942698e+02 +7.451942698e+02 -2.1083e+00 -1.1271e+00 +4.7172e-01 -2.7393e+00 +1.6147e+00
414 0 +9.204396131e+00 +7.405943961e+02 +7.405943961e+02 -1.0095e+00 +2.3439e+00 +1.4181e-01 +8.1551e-01 +3.4595e+00
451 0 +6.851235361e+00 +7.382412354e+02 +7.382412354e+02 +2.5889e+00 -3.7456e-01 -3.5917e+00 -9.2269e-01 +3.5835e+00
714 0 +5.052061124e+00 +7.364420611e+02 +7.364420611e+02 +2.2001e+00 -1.2147e+00 -2.6225e+00 -3.4935e-01 +3.0592e+00
877 0 +3.885603363e+00 +7.352756034e+02 +7.352756034e+02 -4.8737e+00 +1.4708e+00 +4.1489e+00 +1.2440e+00 +1.9012e+00
903 0 +1.862296515e+00 +7.332522965e+02 +7.332522965e+02 -4.7119e+00 +1.6821e+00 +3.6030e+00 +1.0519e+00 +2.0148e+00
% f evaluations | g evaluations | best noise-free fitness - Fopt (7.526000000000e+01) + sum g_i+ | measured fitness | best measured fitness or single-digit g-values | x1 | x2...
1 0 +3.167498302e+01 +1.069349830e+02 +1.069349830e+02 +5.9671e-01 -3.8264e-02 +7.4769e-01 +1.6230e+00 -1.3415e-01
14 0 +1.971392701e+01 +9.497392701e+01 +9.497392701e+01 +1.4562e+00 +2.7990e-02 +1.1035e+00 +4.6164e-01 -5.4512e-01
30 0 +1.223897077e+01 +8.749897077e+01 +8.749897077e+01 -2.1886e-01 +6.0979e-01 +1.3382e+00 +2.9251e-01 +1.6138e+00
340 0 +1.210283434e+01 +8.736283434e+01 +8.736283434e+01 +3.8499e-01 +9.9741e-01 +6.0451e-01 -3.2450e+00 +1.0315e-01
400 0 +9.542558288e+00 +8.480255829e+01 +8.480255829e+01 +1.4337e+00 -2.5947e+00 -1.0827e+00 -1.1897e+00 -2.4691e-01
437 0 +6.854001957e+00 +8.211400196e+01 +8.211400196e+01 +2.2188e+00 -2.4093e+00 -1.0180e+00 -1.0976e+00 -2.0476e-02
470 0 +6.485149672e+00 +8.174514967e+01 +8.174514967e+01 +1.9707e+00 -2.8181e+00 -8.5906e-01 -9.7852e-01 -4.2302e-01
541 0 +5.656876583e+00 +8.091687658e+01 +8.091687658e+01 +1.9365e+00 -2.3169e+00 -1.2000e+00 -1.2644e+00 -3.0892e-01
554 0 +2.220078257e+00 +7.748007826e+01 +7.748007826e+01 +1.3811e+00 -2.8669e+00 -9.8737e-01 -1.1291e+00 -4.2830e-01
556 0 +1.172813689e+00 +7.643281369e+01 +7.643281369e+01 +1.2699e+00 -2.6805e+00 -8.0589e-01 -9.7334e-01 -5.2131e-01
806 0 +1.122144123e+00 +7.638214412e+01 +7.638214412e+01 +9.8397e-01 -2.9784e+00 -8.3613e-01 -1.1154e+00 -6.4797e-01
812 0 +5.066109562e-01 +7.576661096e+01 +7.576661096e+01 +1.3098e+00 -2.8653e+00 -8.8743e-01 -1.0222e+00 -5.3178e-01
854 0 +3.339040779e-01 +7.559390408e+01 +7.559390408e+01 +1.2606e+00 -2.8514e+00 -7.9360e-01 -9.2639e-01 -5.7829e-01
863 0 +3.236511358e-01 +7.558365114e+01 +7.558365114e+01 +1.0293e+00 -3.0530e+00 -8.6660e-01 -1.1138e+00 -5.8995e-01
891 0 +2.592643593e-01 +7.551926436e+01 +7.551926436e+01 +1.1475e+00 -2.9145e+00 -7.5015e-01 -9.3980e-01 -6.2182e-01
921 0 +2.017749998e-01 +7.546177500e+01 +7.546177500e+01 +1.1475e+00 -2.8870e+00 -7.9382e-01 -9.7273e-01 -5.8641e-01
925 0 +2.014407871e-01 +7.546144079e+01 +7.546144079e+01 +1.1536e+00 -2.9126e+00 -7.9777e-01 -9.8114e-01 -6.2055e-01
974 0 +1.606804212e-01 +7.542068042e+01 +7.542068042e+01 +1.1055e+00 -2.9317e+00 -7.3900e-01 -9.1017e-01 -6.5136e-01
1079 0 +1.130192636e-01 +7.537301926e+01 +7.537301926e+01 +1.1766e+00 -2.8649e+00 -7.7593e-01 -9.4012e-01 -6.1541e-01
1085 0 +1.077761226e-01 +7.536777612e+01 +7.536777612e+01 +1.1732e+00 -2.8865e+00 -7.7201e-01 -9.3595e-01 -6.1553e-01
1137 0 +1.022315800e-01 +7.536223158e+01 +7.536223158e+01 +1.1907e+00 -2.9194e+00 -8.1656e-01 -9.9124e-01 -5.9994e-01
1149 0 +9.854656452e-02 +7.535854656e+01 +7.535854656e+01 +1.1933e+00 -2.9119e+00 -7.8579e-01 -9.5958e-01 -6.0113e-01
1196 0 +6.955326987e-02 +7.532955327e+01 +7.532955327e+01 +1.2002e+00 -2.9098e+00 -7.9550e-01 -9.6243e-01 -5.9970e-01
1209 0 +6.693865779e-02 +7.532693866e+01 +7.532693866e+01 +1.1746e+00 -2.9221e+00 -7.9030e-01 -9.6765e-01 -6.0698e-01
% f evaluations | g evaluations | best noise-free fitness - Fopt (-4.913000000000e+01) + sum g_i+ | measured fitness | best measured fitness or single-digit g-values | x1 | x2...
1 0 +9.278563647e+01 +4.365563647e+01 +4.365563647e+01 +5.9671e-01 -3.8264e-02 +7.4769e-01 +1.6230e+00 -1.3415e-01
8 0 +8.321498474e+01 +3.408498474e+01 +3.408498474e+01 -1.1208e+00 +3.0886e-01 -1.8597e+00 -1.2282e+00 +2.9686e-01
11 0 +3.866106911e+01 -1.046893089e+01 -1.046893089e+01 +4.2408e-01 -2.8508e-01 -5.7692e-01 +7.1168e-01 +1.1310e+00
16 0 +3.589504818e+01 -1.323495182e+01 -1.323495182e+01 +9.2190e-01 +1.8705e-01 -1.9901e-01 +1.9176e-01 -1.8876e+00
43 0 +3.159033991e+01 -1.753966009e+01 -1.753966009e+01 +1.8248e-01 +7.6055e-01 -1.4650e+00 +5.2301e-01 -1.5262e+00
45 0 +2.655335638e+01 -2.257664362e+01 -2.257664362e+01 +4.8265e-01 -1.0884e+00 -1.3218e+00 +3.3167e-01 +1.5311e+00
47 0 +1.032787611e+01 -3.880212389e+01 -3.880212389e+01 +1.1320e+00 -9.5500e-01 -1.2021e+00 +1.1998e+00 +1.2231e+00
263 0 +9.472649549e+00 -3.965735045e+01 -3.965735045e+01 +1.2316e+00 -7.5266e-01 -2.3321e+00 +3.0089e+00 -6.1254e-02
285 0 +6.009822625e+00 -4.312017737e+01 -4.312017737e+01 +1.9746e+00 -1.6568e-01 -2.7542e+00 +2.8889e+00 -1.8488e-01
326 0 +5.990618607e+00 -4.313938139e+01 -4.313938139e+01 +2.1103e+00 -7.1576e-01 -4.3405e+00 +4.4637e+00 -3.8602e-01
414 0 +4.212551493e+00 -4.491744851e+01 -4.491744851e+01 +1.7208e+00 -9.0365e-01 -2.0256e+00 +3.2051e+00 -2.8163e-01
498 0 +3.642563482e+00 -4.548743652e+01 -4.548743652e+01 +1.2736e+00 -8.2394e-01 -2.0880e+00 +2.6348e+00 +2.5063e-01
501 0 +3.177004923e+00 -4.595299508e+01 -4.595299508e+01 +1.5608e+00 -6.8785e-01 -2.3129e+00 +2.9717e+00 -1.3792e-01
526 0 +2.011283897e+00 -4.711871610e+01 -4.711871610e+01 +1.2447e+00 -8.1287e-01 -1.9906e+00 +2.7885e+00 -1.1267e-01
600 0 +1.997774318e+00 -4.713222568e+01 -4.713222568e+01 +1.5491e+00 -7.1004e-01 -2.1576e+00 +2.7990e+00 -3.5667e-02
605 0 +1.617049532e+00 -4.751295047e+01 -4.751295047e+01 +1.1355e+00 -8.7734e-01 -1.9130e+00 +2.7501e+00 +2.6992e-03
635 0 +1.494043211e+00 -4.763595679e+01 -4.763595679e+01 +1.2315e+00 -9.8851e-01 -1.7639e+00 +2.9354e+00 -1.6783e-01
691 0 +1.237267922e+00 -4.789273208e+01 -4.789273208e+01 +1.2572e+00 -1.2365e+00 -1.6774e+00 +3.1055e+00 -2.6084e-01
726 0 +1.040383854e+00 -4.808961615e+01 -4.808961615e+01 +1.0407e+00 -1.0616e+00 -1.6391e+00 +2.9734e+00 -2.0548e-01
738 0 +9.892108055e-01 -4.814078919e+01 -4.814078919e+01 +1.2955e+00 -1.0217e+00 -1.8986e+00 +3.1470e+00 -2.8520e-01
809 0 +6.922111038e-02 -4.906077889e+01 -4.906077889e+01 +1.2220e+00 -1.1956e+00 -1.4554e+00 +3.0606e+00 -2.5319e-01
930 0 +3.892342212e-02 -4.909107658e+01 -4.909107658e+01 +1.2273e+00 -1.2403e+00 -1.4699e+00 +3.0383e+00 -2.5175e-01
1082 0 +2.646000995e-02 -4.910353999e+01 -4.910353999e+01 +1.2686e+00 -1.2786e+00 -1.3827e+00 +3.0680e+00 -2.7508e-01
1085 0 +9.915713817e-03 -4.912008429e+01 -4.912008429e+01 +1.2654e+00 -1.2767e+00 -1.4118e+00 +3.0669e+00 -2.6982e-01
1245 0 +6.354706081e-03 -4.912364529e+01 -4.912364529e+01 +1.2582e+00 -1.2525e+00 -1.4200e+00 +3.0545e+00 -2.6862e-01
