% f evaluations | g evaluations | best noise-free fitness - Fopt (-5.235000000000e+01) + sum g_i+ | measured fitness | best measured fitness or single-digit g-values | x1 | x2...
1 0 +1.634578993e+02 +1.111078993e+02 +1.111078993e+02 +5.9671e-01 -3.8264e-02 +7.4769e-01 +1.6230e+00 -1.3415e-01 -1.3414e-01 +1.6792e+00 +8.6743e-01 -3.6947e-01 +6.4256e-01
2 0 +6.756621326e+01 +1.521621326e+01 +1.521621326e+01 -3.6342e-01 -3.6573e-01 +3.4196e-01 -1.8133e+00 -1.6249e+00 -4.6229e-01 -9.1283e-01 +4.1425e-01 -8.0802e-01 -1.3123e+00
3 0 +5.722398768e+01 +4.873987676e+00 +4.873987676e+00 +1.5656e+00 -1.2578e-01 +1.6753e-01 -1.3247e+00 -4.4438e-01 +2.1092e-01 -1.0510e+00 +4.7570e-01 -5.0064e-01 -1.9169e-01
5 0 +4.444349623e+01 -7.906503766e+00 -7.906503766e+00 +8.3847e-01 +2.7137e-01 -1.5648e-02 -2.0110e-01 -1.3785e+00 -6.1984e-01 -3.6064e-01 +1.1571e+00 +4.4362e-01 -1.6630e+00
7 0 +3.417658431e+01 -1.817341569e+01 -1.817341569e+01 -3.7917e-01 -8.5659e-02 -1.0063e+00 -1.0962e+00 +9.1253e-01 +1.4562e+00 +2.7990e-02 +1.1035e+00 +4.6164e-01 -5.4512e-01
14 0 +2.740615737e+01 -2.494384263e+01 -2.494384263e+01 -1.4507e+00 +1.6856e-01 -9.6230e-01 +5.7359e-01 -8.1942e-01 +1.6499e+00 -6.8325e-01 -2.2206e-01 +9.1352e-01 -1.1309e+00
43 0 +1.526603843e+01 -3.708396157e+01 -3.708396157e+01 +2.1607e+00 +1.8553e+00 -1.4896e-01 +1.0716e+00 +7.4538e-01 +1.4686e+00 -8.6492e-01 +7.8605e-01 +1.1584e+00 -1.6587e+00
51 0 +1.439735470e+01 -3.795264530e+01 -3.795264530e+01 +1.3598e-01 +2.6054e+00 +1.7712e-01 -7.9014e-01 +3.5519e-01 +1.6044e+00 -1.0327e+00 -1.5941e+00 +2.8079e+00 -2.7005e+00
53 0 +1.240050951e+01 -3.994949049e+01 -3.994949049e+01 +3.4688e-01 +2.8230e-01 +3.4645e-01 +4.7095e-01 +2.5696e+00 +4.0422e+00 -3.1174e+00 -7.9361e-01 -3.3138e-02 -2.6982e+00
64 0 +9.235941222e+00 -4.311405878e+01 -4.311405878e+01 -2.1252e-01 +1.1034e+00 +6.1321e-01 -1.2794e+00 +1.2874e+00 +1.9396e+00 -1.6421e+00 -1.6055e+00 +1.7905e+00 -2.9421e+00
88 0 +6.956933134e+00 -4.539306687e+01 -4.539306687e+01 +9.1240e-01 +8.2378e-01 +1.9372e-01 -8.0600e-02 +5.8952e-01 +1.3354e+00 -3.3982e+00 -5.5455e-01 +1.8431e+00 -2.5092e-01
153 0 +6.366802012e+00 -4.598319799e+01 -4.598319799e+01 +2.9814e+00 -1.0624e+00 +5.7848e-01 -1.8757e+00 -3.8957e-01 +4.9856e+00 -3.9510e+00 -2.5220e+00 +3.9908e+00 -2.0660e+00
205 0 +5.722535349e+00 -4.662746465e+01 -4.662746465e+01 +1.6780e+00 -1.2611e+00 +1.4727e+00 -1.4497e+00 +8.7221e-01 +2.4307e+00 -2.5638e+00 +8.0939e-01 +3.5085e+00 -1.1976e+00
227 0 +4.748480041e+00 -4.760151996e+01 -4.760151996e+01 -2.8106e-01 -6.3226e-01 +8.8668e-01 -3.9314e+00 -1.5824e-01 +2.3527e+00 -3.0510e+00 -1.8011e+00 +2.1808e+00 -9.3426e-01
252 0 +4.499191756e+00 -4.785080824e+01 -4.785080824e+01 -1.1784e+00 -1.3299e-01 +1.5710e+00 -8.8667e-01 -2.0467e+00 +4.5998e+00 -4.7320e+00 -1.3696e+00 +1.3022e+00 -7.7401e-01
253 0 +3.752334485e+00 -4.859766551e+01 -4.859766551e+01 -1.6823e-02 -1.0252e+00 +1.5616e+00 -1.5822e-01 -2.1272e-02 +3.0634e+00 -4.5142e+00 +7.8044e-01 +2.6462e+00 -1.7151e+00
302 0 +3.433755661e+00 -4.891624434e+01 -4.891624434e+01 -1.9934e+00 -1.7115e+00 +1.8305e+00 -1.2100e+00 -4.7164e-01 +3.3412e+00 -2.5355e+00 +4.3382e-01 +2.6004e+00 -6.7474e-01
306 0 +2.276212497e+00 -5.007378750e+01 -5.007378750e+01 +5.6086e-01 -1.0906e+00 +8.9318e-01 -2.6714e+00 -2.2130e+00 +4.0066e+00 -3.5948e+00 +3.3431e-01 +2.3757e+00 -1.8025e+00
401 0 +1.498300649e+00 -5.085169935e+01 -5.085169935e+01 -7.4747e-01 -1.7793e+00 +4.0799e+00 -2.4510e+00 -1.6775e+00 +3.5972e+00 -3.1492e+00 +2.7285e-01 +2.9613e+00 -1.9469e+00
552 0 +1.417126805e+00 -5.093287320e+01 -5.093287320e+01 -1.2156e+00 -2.3214e+00 +2.3204e+00 -1.7093e+00 -2.5298e+00 +3.4303e+00 -3.6164e+00 +1.1838e-01 +2.5377e+00 -1.4383e+00
562 0 +1.096572367e+00 -5.125342763e+01 -5.125342763e+01 -7.1184e-01 -1.2176e+00 +3.2691e+00 -1.7043e+00 -1.0015e+00 +3.2737e+00 -4.3115e+00 +2.8181e-01 +2.0846e+00 -1.2847e+00
563 0 +7.815964463e-01 -5.156840355e+01 -5.156840355e+01 -1.2192e+00 -4.3811e-01 +3.0341e+00 -2.6449e+00 -1.3873e+00 +4.0499e+00 -3.9298e+00 +3.4670e-01 +2.2837e+00 -1.7431e+00
653 0 +5.794814492e-01 -5.177051855e+01 -5.177051855e+01 -9.6869e-01 -7.7751e-01 +2.5909e+00 -2.3762e+00 -1.5121e+00 +4.2153e+00 -4.3039e+00 +2.3339e-01 +3.0924e+00 -2.0189e+00
655 0 +5.114733852e-01 -5.183852661e+01 -5.183852661e+01 -9.6214e-01 -1.2593e+00 +2.8043e+00 -2.3516e+00 -1.7180e+00 +4.2950e+00 -4.1228e+00 +6.4488e-01 +2.9261e+00 -1.7028e+00
804 0 +4.672038263e-01 -5.188279617e+01 -5.188279617e+01 -7.3394e-01 -1.7537e+00 +2.5921e+00 -2.4183e+00 -1.2962e+00 +3.5847e+00 -3.4086e+00 +4.0687e-01 +2.5560e+00 -1.4849e+00
874 0 +2.994501451e-01 -5.205054985e+01 -5.205054985e+01 -7.1180e-01 -1.2600e+00 +2.6040e+00 -2.2813e+00 -1.5291e+00 +4.0248e+00 -3.9178e+00 +3.9303e-01 +2.4118e+00 -2.1136e+00
902 0 +2.313314211e-01 -5.211866858e+01 -5.211866858e+01 -8.1710e-01 -1.5308e+00 +2.2844e+00 -2.6473e+00 -1.4778e+00 +3.9256e+00 -4.0986e+00 -7.5817e-02 +2.7791e+00 -1.6653e+00
911 0 +1.599653409e-01 -5.219003466e+01 -5.219003466e+01 -8.4492e-01 -1.3624e+00 +2.2243e+00 -2.4875e+00 -1.5312e+00 +3.6685e+00 -3.5041e+00 +3.5594e-01 +2.8789e+00 -1.6070e+00
1005 0 +9.666186625e-02 -5.225333813e+01 -5.225333813e+01 -9.3712e-01 -1.3162e+00 +2.4752e+00 -2.3239e+00 -1.4383e+00 +3.9954e+00 -4.1350e+00 +7.7243e-02 +2.5618e+00 -1.5973e+00
1112 0 +9.099372957e-02 -5.225900627e+01 -5.225900627e+01 -9.5968e-01 -1.2513e+00 +2.4164e+00 -2.5766e+00 -1.5240e+00 +3.5637e+00 -3.6414e+00 +7.6608e-02 +2.6599e+00 -1.6724e+00
1113 0 +5.692304628e-02 -5.229307695e+01 -5.229307695e+01 -9.0612e-01 -1.2387e+00 +2.3157e+00 -2.3062e+00 -1.5672e+00 +3.6012e+00 -3.7389e+00 +1.8234e-01 +2.7040e+00 -1.7388e+00
1153 0 +2.426906700e-02 -5.232573093e+01 -5.232573093e+01 -8.7103e-01 -1.2404e+00 +2.4543e+00 -2.4745e+00 -1.4854e+00 +3.7400e+00 -3.8046e+00 +1.0932e-01 +2.7548e+00 -1.7015e+00
1461 0 +1.754898864e-02 -5.233245101e+01 -5.233245101e+01 -8.3706e-01 -1.2227e+00 +2.6456e+00 -2.3682e+00 -1.5135e+00 +3.6863e+00 -3.9180e+00 +3.3034e-02 +2.7674e+00 -1.6728e+00
1613 0 +1.682867887e-02 -5.233317132e+01 -5.233317132e+01 -8.5998e-01 -1.3099e+00 +2.6398e+00 -2.3572e+00 -1.4489e+00 +3.6848e+00 -3.7326e+00 +2.7821e-02 +2.7981e+00 -1.5793e+00
1618 0 +1.359827007e-02 -5.233640173e+01 -5.233640173e+01 -8.7050e-01 -1.2751e+00 +2.5980e+00 -2.3676e+00 -1.4427e+00 +3.7435e+00 -3.7954e+00 +5.6113e-02 +2.8296e+00 -1.6189e+00
1646 0 +1.166708794e-02 -5.233833291e+01 -5.233833291e+01 -8.9502e-01 -1.2399e+00 +2.5556e+00 -2.3945e+00 -1.4385e+00 +3.6982e+00 -3.8760e+00 +8.8460e-02 +2.7848e+00 -1.7003e+00
1704 0 +9.939651434e-03 -5.234006035e+01 -5.234006035e+01 -8.6233e-01 -1.2728e+00 +2.5840e+00 -2.3503e+00 -1.4262e+00 +3.7353e+00 -3.8764e+00 +6.2504e-02 +2.8419e+00 -1.7245e+00
1753 0 +9.435411046e-03 -5.234056459e+01 -5.234056459e+01 -8.6868e-01 -1.2777e+00 +2.5960e+00 -2.3620e+00 -1.4409e+00 +3.7623e+00 -3.8224e+00 +4.7038e-02 +2.8115e+00 -1.6746e+00
1786 0 +9.185592711e-03 -5.234081441e+01 -5.234081441e+01 -8.5173e-01 -1.2442e+00 +2.6576e+00 -2.3694e+00 -1.4427e+00 +3.7205e+00 -3.8107e+00 +5.2195e-02 +2.8302e+00 -1.6836e+00
1801 0 +7.913279611e-03 -5.234208672e+01 -5.234208672e+01 -8.7891e-01 -1.2377e+00 +2.5890e+00 -2.3942e+00 -1.4422e+00 +3.7489e+00 -3.8614e+00 +8.4908e-02 +2.7987e+00 -1.6723e+00
1806 0 +7.846612331e-03 -5.234215339e+01 -5.234215339e+01 -8.9562e-01 -1.2359e+00 +2.5382e+00 -2.3610e+00 -1.4723e+00 +3.6968e+00 -3.7618e+00 +9.2710e-02 +2.7354e+00 -1.6521e+00
1854 0 +5.192947691e-03 -5.234480705e+01 -5.234480705e+01 -8.6251e-01 -1.2425e+00 +2.5764e+00 -2.3535e+00 -1.4988e+00 +3.6814e+00 -3.7393e+00 +6.3383e-02 +2.7645e+00 -1.6845e+00
1908 0 +4.954979743e-03 -5.234504502e+01 -5.234504502e+01 -8.5988e-01 -1.2927e+00 +2.5064e+00 -2.3545e+00 -1.4855e+00 +3.6885e+00 -3.7561e+00 +7.1305e-02 +2.8014e+00 -1.6933e+00
1933 0 +4.862823586e-03 -5.234513718e+01 -5.234513718e+01 -8.6327e-01 -1.2227e+00 +2.5359e+00 -2.3639e+00 -1.4943e+00 +3.7631e+00 -3.8476e+00 +9.9326e-02 +2.7893e+00 -1.7670e+00
1954 0 +4.681332441e-03 -5.234531867e+01 -5.234531867e+01 -8.6756e-01 -1.2821e+00 +2.4954e+00 -2.3582e+00 -1.4834e+00 +3.6671e+00 -3.7782e+00 +7.0978e-02 +2.8099e+00 -1.7045e+00
2067 0 +3.796554444e-03 -5.234620345e+01 -5.234620345e+01 -8.5357e-01 -1.2618e+00 +2.5804e+00 -2.3513e+00 -1.4692e+00 +3.7248e+00 -3.7992e+00 +5.4512e-02 +2.7967e+00 -1.7196e+00
2077 0 +2.643662947e-03 -5.234735634e+01 -5.234735634e+01 -8.7208e-01 -1.2619e+00 +2.5356e+00 -2.3618e+00 -1.4776e+00 +3.6981e+00 -3.8260e+00 +6.1888e-02 +2.7791e+00 -1.7012e+00
2211 0 +2.522394638e-03 -5.234747761e+01 -5.234747761e+01 -8.5495e-01 -1.2790e+00 +2.5377e+00 -2.3615e+00 -1.5051e+00 +3.7342e+00 -3.8556e+00 +4.8191e-02 +2.7861e+00 -1.6995e+00
2302 0 +1.931999179e-03 -5.234806800e+01 -5.234806800e+01 -8.6814e-01 -1.2699e+00 +2.5376e+00 -2.3591e+00 -1.4983e+00 +3.6978e+00 -3.8881e+00 +4.3372e-02 +2.7770e+00 -1.6985e+00
2354 0 +1.733321153e-03 -5.234826668e+01 -5.234826668e+01 -8.6553e-01 -1.2620e+00 +2.5377e+00 -2.3622e+00 -1.5045e+00 +3.7350e+00 -3.8919e+00 +4.7072e-02 +2.7633e+00 -1.7087e+00
2374 0 +1.457542427e-03 -5.234854246e+01 -5.234854246e+01 -8.7792e-01 -1.2315e+00 +2.5643e+00 -2.3654e+00 -1.4796e+00 +3.6862e+00 -3.8406e+00 +5.1911e-02 +2.7707e+00 -1.7208e+00
% f evaluations | g evaluations | best noise-free fitness - Fopt (-1.795400000000e+02) + sum g_i+ | measured fitness | best measured fitness or single-digit g-values | x1 | x2...
1 0 +4.548581657e+01 -1.340541834e+02 -1.340541834e+02 +5.9671e-01 -3.8264e-02 +7.4769e-01 +1.6230e+00 -1.3415e-01 -1.3414e-01 +1.6792e+00 +8.6743e-01 -3.6947e-01 +6.4256e-01
7 0 +4.153914109e+01 -1.380008589e+02 -1.380008589e+02 -3.7917e-01 -8.5659e-02 -1.0063e+00 -1.0962e+00 +9.1253e-01 +1.4562e+00 +2.7990e-02 +1.1035e+00 +4.6164e-01 -5.4512e-01
11 0 +3.768042005e+01 -1.418595799e+02 -1.418595799e+02 -1.3154e+00 -3.2065e-01 -2.4271e-01 -7.0228e-01 -6.1286e-02 +5.0405e-01 +1.9862e+00 +2.7458e-01 +3.5755e-01 +2.5554e-02
17 0 +3.724786350e+01 -1.422921365e+02 -1.422921365e+02 -8.7468e-01 +8.8708e-01 +1.2586e+00 -7.2068e-01 +1.0634e+00 +5.1278e-01 +9.2206e-01 +1.9968e+00 -1.4539e-01 -6.5374e-01
42 0 +2.716884756e+01 -1.523711524e+02 -1.523711524e+02 +8.1161e-01 -1.0246e+00 -1.4341e+00 +1.3777e+00 +4.3231e-01 -6.4849e-01 +1.6512e+00 +2.1567e-01 +1.2793e+00 +1.6752e-01
48 0 +1.958367471e+01 -1.599563253e+02 -1.599563253e+02 -1.7505e-01 -2.2019e+00 -1.4152e+00 +1.4669e+00 +1.7450e+00 -1.4904e-01 +6.7656e-01 +4.1125e-01 +3.1789e+00 +1.2196e+00
52 0 +1.926655192e+01 -1.602734481e+02 -1.602734481e+02 +1.7512e+00 -9.6348e-01 -1.6195e+00 +1.6269e+00 +1.0329e+00 -8.2236e-01 +4.7819e-01 +2.0122e+00 +4.5772e+00 -3.8957e-01
53 0 +5.607951397e+00 -1.739320486e+02 -1.739320486e+02 -1.5095e+00 -1.0628e+00 -1.6507e+00 +2.3644e+00 +2.7315e+00 -2.1656e+00 +3.8104e+00 +3.0146e+00 +1.3854e+00 +6.5413e-01
164 0 +2.523434282e+00 -1.770165657e+02 -1.770165657e+02 +1.6314e+00 +4.5972e-01 -3.3741e+00 +2.8687e+00 +4.7486e+00 -7.5596e-02 +3.8587e+00 +3.3329e+00 +1.7048e+00 +3.2398e+00
357 0 +2.387482094e+00 -1.771525179e+02 -1.771525179e+02 -3.6576e-01 +1.3082e+00 -3.9534e+00 +2.9211e+00 +3.5668e+00 -1.0712e+00 +3.6627e+00 +4.3786e+00 -5.7254e-01 +6.4370e-01
401 0 +1.118820451e+00 -1.784211795e+02 -1.784211795e+02 +2.4524e-01 -3.0627e-02 -3.4152e+00 +2.1426e+00 +4.1149e+00 -3.7003e-01 +3.8414e+00 +4.3156e+00 -3.8846e-01 +3.0892e+00
555 0 +1.083911810e+00 -1.784560882e+02 -1.784560882e+02 +5.2711e-02 +8.1253e-01 -3.5633e+00 +2.6594e+00 +3.3455e+00 -2.7871e-01 +4.4515e+00 +3.2785e+00 -3.4066e-01 +1.7602e+00
651 0 +7.571769523e-01 -1.787828230e+02 -1.787828230e+02 +5.7162e-01 +8.4337e-01 -3.5269e+00 +2.5542e+00 +4.1239e+00 -1.1510e+00 +3.5925e+00 +2.8802e+00 +6.4378e-01 +2.2184e+00
652 0 +5.651511178e-01 -1.789748489e+02 -1.789748489e+02 +1.1295e+00 +7.0133e-01 -3.8537e+00 +2.5827e+00 +4.2753e+00 -7.8275e-01 +3.7285e+00 +3.9485e+00 -2.1257e-01 +1.9091e+00
709 0 +4.513365136e-01 -1.790886635e+02 -1.790886635e+02 +3.0968e-01 +4.6546e-01 -3.9901e+00 +2.3922e+00 +3.5897e+00 -6.5982e-01 +4.0022e+00 +3.4430e+00 +5.7928e-01 +2.1717e+00
753 0 +2.429723126e-01 -1.792970277e+02 -1.792970277e+02 +4.6156e-01 +1.6264e-01 -3.6941e+00 +2.4634e+00 +3.7589e+00 -4.6585e-01 +3.9387e+00 +3.5270e+00 +1.7100e-01 +1.9072e+00
851 0 +1.125111678e-01 -1.794274888e+02 -1.794274888e+02 +5.7662e-01 +4.9274e-01 -3.7207e+00 +2.2882e+00 +3.6935e+00 -5.9616e-01 +3.8251e+00 +3.6603e+00 +2.2014e-01 +1.7326e+00
962 0 +9.189704782e-02 -1.794481030e+02 -1.794481030e+02 +7.3763e-01 +3.9205e-01 -3.5071e+00 +2.1631e+00 +3.7176e+00 -3.6401e-01 +3.7455e+00 +3.6353e+00 +8.7939e-02 +1.8028e+00
985 0 +7.146565285e-02 -1.794685343e+02 -1.794685343e+02 +5.9873e-01 +4.0388e-01 -3.5263e+00 +2.5537e+00 +4.0370e+00 -4.6049e-01 +3.5986e+00 +3.6221e+00 +2.7560e-01 +2.2130e+00
1051 0 +6.947650880e-02 -1.794705235e+02 -1.794705235e+02 +7.9275e-01 +6.9478e-01 -3.5269e+00 +2.2068e+00 +3.7179e+00 -4.1931e-01 +3.6463e+00 +3.5163e+00 +2.4741e-01 +2.0439e+00
1069 0 +6.877775820e-02 -1.794712222e+02 -1.794712222e+02 +7.1362e-01 +3.6775e-01 -3.4250e+00 +2.2779e+00 +3.9040e+00 -6.6886e-01 +3.6765e+00 +3.7876e+00 +1.7379e-01 +2.0259e+00
1152 0 +6.005000622e-02 -1.794799500e+02 -1.794799500e+02 +6.4757e-01 +5.8309e-01 -3.4422e+00 +2.1743e+00 +3.7673e+00 -5.2284e-01 +3.7163e+00 +3.6430e+00 +2.3424e-01 +2.0665e+00
1153 0 +3.757571722e-02 -1.795024243e+02 -1.795024243e+02 +8.5604e-01 +5.5737e-01 -3.4900e+00 +2.2307e+00 +3.7576e+00 -5.0759e-01 +3.5883e+00 +3.3702e+00 +2.0285e-01 +2.0069e+00
1224 0 +2.806573603e-02 -1.795119343e+02 -1.795119343e+02 +7.9913e-01 +5.5520e-01 -3.4368e+00 +2.2528e+00 +3.8231e+00 -5.1619e-01 +3.8056e+00 +3.6746e+00 +1.4096e-01 +2.0455e+00
1401 0 +1.575949165e-02 -1.795242405e+02 -1.795242405e+02 +7.6834e-01 +4.5550e-01 -3.4865e+00 +2.5026e+00 +3.8682e+00 -3.9641e-01 +3.6895e+00 +3.5806e+00 +2.4510e-01 +2.0291e+00
1491 0 +1.393257109e-02 -1.795260674e+02 -1.795260674e+02 +8.1455e-01 +4.9760e-01 -3.4514e+00 +2.4128e+00 +3.8540e+00 -5.2844e-01 +3.5834e+00 +3.5030e+00 +9.8997e-02 +1.9551e+00
1522 0 +1.133565041e-02 -1.795286643e+02 -1.795286643e+02 +8.4603e-01 +5.3346e-01 -3.5208e+00 +2.4241e+00 +3.8080e+00 -4.5055e-01 +3.6559e+00 +3.5317e+00 +1.8293e-01 +1.9934e+00
1611 0 +8.008408457e-03 -1.795319916e+02 -1.795319916e+02 +8.4469e-01 +4.6916e-01 -3.3866e+00 +2.4402e+00 +3.8634e+00 -4.1218e-01 +3.5979e+00 +3.5401e+00 +2.6471e-01 +2.0793e+00
1655 0 +6.617531179e-03 -1.795333825e+02 -1.795333825e+02 +8.8481e-01 +5.0895e-01 -3.4080e+00 +2.4180e+00 +3.8316e+00 -4.7371e-01 +3.5802e+00 +3.4690e+00 +1.7402e-01 +1.9949e+00
1740 0 +3.717974083e-03 -1.795362820e+02 -1.795362820e+02 +7.8737e-01 +4.5097e-01 -3.4289e+00 +2.4264e+00 +3.8855e+00 -4.8395e-01 +3.6517e+00 +3.6395e+00 +2.3538e-01 +2.0119e+00
1971 0 +3.679727401e-03 -1.795363203e+02 -1.795363203e+02 +8.1664e-01 +4.7233e-01 -3.4267e+00 +2.4372e+00 +3.8724e+00 -4.5697e-01 +3.6340e+00 +3.5916e+00 +2.6476e-01 +2.0579e+00
2002 0 +3.186406721e-03 -1.795368136e+02 -1.795368136e+02 +8.0142e-01 +4.9682e-01 -3.4244e+00 +2.4225e+00 +3.8615e+00 -4.5735e-01 +3.6117e+00 +3.5664e+00 +2.7610e-01 +2.0599e+00
2027 0 +2.949562019e-03 -1.795370504e+02 -1.795370504e+02 +7.8230e-01 +5.1087e-01 -3.4334e+00 +2.3847e+00 +3.8404e+00 -4.5466e-01 +3.6657e+00 +3.5963e+00 +2.6239e-01 +2.0562e+00
2060 0 +2.298137244e-03 -1.795377019e+02 -1.795377019e+02 +8.2836e-01 +5.2001e-01 -3.4008e+00 +2.4052e+00 +3.8529e+00 -4.5575e-01 +3.6320e+00 +3.5568e+00 +2.2000e-01 +2.0633e+00
2117 0 +1.948202287e-03 -1.795380518e+02 -1.795380518e+02 +7.7977e-01 +5.0950e-01 -3.4128e+00 +2.3888e+00 +3.8564e+00 -4.6027e-01 +3.6594e+00 +3.5935e+00 +2.6276e-01 +2.0833e+00
2154 0 +1.316117983e-03 -1.795386839e+02 -1.795386839e+02 +8.4210e-01 +5.0911e-01 -3.4182e+00 +2.4350e+00 +3.8571e+00 -4.5092e-01 +3.6476e+00 +3.5837e+00 +2.4643e-01 +2.0461e+00
2220 0 +1.099712409e-03 -1.795389003e+02 -1.795389003e+02 +8.2451e-01 +5.0726e-01 -3.4215e+00 +2.4275e+00 +3.8572e+00 -4.6793e-01 +3.6275e+00 +3.5598e+00 +2.3670e-01 +2.0447e+00
2229 0 +9.502292222e-04 -1.795390498e+02 -1.795390498e+02 +8.1801e-01 +5.2687e-01 -3.4209e+00 +2.4314e+00 +3.8626e+00 -4.8250e-01 +3.6244e+00 +3.5635e+00 +2.4632e-01 +2.0667e+00
2254 0 +9.034102374e-04 -1.795390966e+02 -1.795390966e+02 +8.1344e-01 +5.0855e-01 -3.4177e+00 +2.4313e+00 +3.8626e+00 -4.5883e-01 +3.6273e+00 +3.5714e+00 +2.6107e-01 +2.0667e+00
2311 0 +7.241381048e-04 -1.795392759e+02 -1.795392759e+02 +8.0896e-01 +5.1391e-01 -3.4113e+00 +2.4226e+00 +3.8591e+00 -4.5018e-01 +3.6389e+00 +3.5722e+00 +2.6045e-01 +2.0766e+00
2364 0 +4.798280397e-04 -1.795395202e+02 -1.795395202e+02 +8.0475e-01 +5.2163e-01 -3.4233e+00 +2.4238e+00 +3.8582e+00 -4.5979e-01 +3.6562e+00 +3.5802e+00 +2.5174e-01 +2.0719e+00
% f evaluations | g evaluations | best noise-free fitness - Fopt (7.731000000000e+01) + sum g_i+ | measured fitness | best measured fitness or single-digit g-values | x1 | x2...
1 0 +3.671257325e+01 +1.140225733e+02 +1.140225733e+02 +5.9671e-01 -3.8264e-02 +7.4769e-01 +1.6230e+00 -1.3415e-01 -1.3414e-01 +1.6792e+00 +8.6743e-01 -3.6947e-01 +6.4256e-01
3 0 +3.287109558e+01 +1.101810956e+02 +1.101810956e+02 +1.5656e+00 -1.2578e-01 +1.6753e-01 -1.3247e+00 -4.4438e-01 +2.1092e-01 -1.0510e+00 +4.7570e-01 -5.0064e-01 -1.9169e-01
4 0 +1.467831331e+01 +9.198831331e+01 +9.198831331e+01 -5.0171e-01 +1.9523e+00 +8.6503e-02 -9.5771e-01 +9.2254e-01 -1.1208e+00 +3.0886e-01 -1.8597e+00 -1.2282e+00 +2.9686e-01
27 0 +1.188657945e+01 +8.919657945e+01 +8.919657945e+01 -8.2693e-01 +4.0475e-02 -3.1413e+00 -9.2439e-01 -1.5257e-01 -1.1478e+00 +1.7324e+00 -1.3301e+00 -3.4004e-01 +2.3074e-01
49 0 +8.340605350e+00 +8.565060535e+01 +8.565060535e+01 -2.7918e-02 -8.5554e-01 -1.5064e+00 +3.0346e-01 -6.5635e-01 -1.3223e+00 -5.4657e-01 -9.8155e-01 +1.7871e+00 +9.8164e-01
51 0 +6.623017445e+00 +8.393301744e+01 +8.393301744e+01 +1.3219e+00 +5.3469e-01 -2.9438e+00 -7.5088e-01 +7.1110e-01 -4.6855e-01 -9.8493e-02 -3.2586e+00 +2.2515e-01 +1.4155e+00
54 0 +4.451859668e+00 +8.176185967e+01 +8.176185967e+01 +1.3050e+00 +1.8485e-01 -2.9029e+00 +2.8808e-01 -1.5932e+00 -2.7020e+00 +2.8706e-01 -1.4539e+00 +1.2017e+00 +1.7962e+00
253 0 +4.415356629e+00 +8.172535663e+01 +8.172535663e+01 +1.6647e+00 -2.1331e+00 -7.3190e-01 -1.7721e+00 -4.0743e-01 -5.1715e-01 +5.5697e-01 -1.9847e+00 +1.7425e+00 +2.6543e+00
273 0 +4.150179518e+00 +8.146017952e+01 +8.146017952e+01 +1.0273e+00 +7.5393e-01 -1.9294e+00 -2.5537e+00 -2.1136e-01 -1.6884e-01 +2.8376e-02 -6.0092e-01 +1.7377e+00 +3.4539e+00
308 0 +2.403143207e+00 +7.971314321e+01 +7.971314321e+01 +1.1857e+00 -5.3625e-03 -1.1909e+00 -2.9691e+00 +3.7112e-01 -1.2011e+00 +4.4482e-01 -6.8070e-01 +1.5658e+00 +2.1920e+00
376 0 +2.324351899e+00 +7.963435190e+01 +7.963435190e+01 +1.1279e+00 -1.3146e-01 -2.5401e+00 -1.6041e+00 +6.7903e-01 -2.6119e+00 +8.9054e-01 -1.8750e+00 +1.0241e+00 +3.9797e+00
401 0 +1.970729691e+00 +7.928072969e+01 +7.928072969e+01 +6.4313e-01 +1.3776e-01 -2.1940e+00 -1.2207e+00 +8.8481e-01 -1.4127e+00 -4.8175e-01 -1.7174e+00 +5.4562e-01 +2.5138e+00
402 0 +1.587589521e+00 +7.889758952e+01 +7.889758952e+01 +1.8930e+00 -1.7053e-01 -2.6149e+00 -2.7189e+00 +8.2089e-01 -1.7165e+00 +3.8356e-01 -1.4526e+00 +9.4601e-01 +3.3167e+00
414 0 +9.206432168e-01 +7.823064322e+01 +7.823064322e+01 +7.3242e-01 -1.2734e+00 -1.5248e+00 -2.3685e+00 +1.3156e+00 -1.7165e+00 +1.0714e+00 -1.2796e+00 +1.1944e+00 +2.2963e+00
552 0 +6.027739692e-01 +7.791277397e+01 +7.791277397e+01 +3.9119e-01 -8.5863e-02 -2.2243e+00 -1.5433e+00 +9.6276e-01 -1.7272e+00 +9.5015e-01 -2.2152e+00 +1.5248e+00 +2.0740e+00
681 0 +5.828833221e-01 +7.789288332e+01 +7.789288332e+01 +7.7974e-01 -7.5199e-01 -2.8367e+00 -2.1032e+00 +8.8262e-01 -2.6669e+00 +9.1690e-01 -1.5319e+00 +1.3371e+00 +2.5332e+00
701 0 +5.484667936e-01 +7.785846679e+01 +7.785846679e+01 +7.4262e-01 -3.0788e-01 -2.7856e+00 -1.5367e+00 +1.3266e+00 -1.9447e+00 +7.4828e-01 -2.0151e+00 +1.2112e+00 +2.2912e+00
715 0 +3.883333287e-01 +7.769833333e+01 +7.769833333e+01 +5.9283e-01 -8.8054e-01 -1.9319e+00 -2.0439e+00 +6.7345e-01 -2.6096e+00 +7.3721e-01 -1.2111e+00 +1.1952e+00 +2.5103e+00
802 0 +2.521555743e-01 +7.756215557e+01 +7.756215557e+01 +9.7749e-01 -5.7958e-01 -2.1342e+00 -2.0405e+00 +1.1460e+00 -1.9208e+00 +1.0261e+00 -2.0560e+00 +1.7543e+00 +2.6163e+00
832 0 +2.435872670e-01 +7.755358727e+01 +7.755358727e+01 +8.3399e-01 -9.2812e-01 -2.0594e+00 -1.8320e+00 +1.0378e+00 -2.3201e+00 +1.1142e+00 -2.0684e+00 +1.7709e+00 +3.0171e+00
901 0 +2.171128226e-01 +7.752711282e+01 +7.752711282e+01 +8.6007e-01 -4.2354e-01 -2.1632e+00 -1.8916e+00 +1.1164e+00 -2.5142e+00 +8.8014e-01 -2.1874e+00 +1.8314e+00 +3.1035e+00
917 0 +1.961819434e-01 +7.750618194e+01 +7.750618194e+01 +6.5503e-01 -6.3074e-01 -2.4786e+00 -1.6296e+00 +9.9241e-01 -2.2039e+00 +8.4512e-01 -1.9661e+00 +1.8310e+00 +2.5197e+00
1004 0 +1.004710976e-01 +7.741047110e+01 +7.741047110e+01 +8.7365e-01 -3.6630e-01 -2.3118e+00 -1.7581e+00 +1.0082e+00 -2.0255e+00 +8.7120e-01 -1.7731e+00 +1.4582e+00 +2.5311e+00
1017 0 +9.959431432e-02 +7.740959431e+01 +7.740959431e+01 +1.0852e+00 -6.1678e-01 -2.0517e+00 -1.7356e+00 +8.1722e-01 -2.4501e+00 +7.7220e-01 -1.7041e+00 +1.2527e+00 +2.9593e+00
1153 0 +9.836303408e-02 +7.740836303e+01 +7.740836303e+01 +1.1897e+00 -6.0695e-01 -2.2337e+00 -1.7682e+00 +9.2195e-01 -2.5732e+00 +7.8728e-01 -1.8761e+00 +1.4041e+00 +2.8188e+00
1155 0 +8.946046384e-02 +7.739946046e+01 +7.739946046e+01 +1.0639e+00 -5.5826e-01 -2.0119e+00 -1.7667e+00 +1.0514e+00 -2.4985e+00 +8.4323e-01 -1.7260e+00 +1.3525e+00 +2.9134e+00
1175 0 +6.205369563e-02 +7.737205370e+01 +7.737205370e+01 +7.7127e-01 -5.7366e-01 -2.1511e+00 -1.7341e+00 +1.1015e+00 -2.4493e+00 +7.7125e-01 -1.7691e+00 +1.5835e+00 +2.6441e+00
1236 0 +3.959480955e-02 +7.734959481e+01 +7.734959481e+01 +7.1292e-01 -6.3970e-01 -2.1551e+00 -1.9485e+00 +9.5119e-01 -2.3722e+00 +8.2968e-01 -2.0059e+00 +1.5827e+00 +2.6628e+00
1304 0 +2.551218899e-02 +7.733551219e+01 +7.733551219e+01 +8.3857e-01 -6.2778e-01 -2.0678e+00 -1.7733e+00 +1.0882e+00 -2.3701e+00 +7.7205e-01 -1.7883e+00 +1.3910e+00 +2.6557e+00
1316 0 +2.000206387e-02 +7.733000206e+01 +7.733000206e+01 +9.5383e-01 -5.0793e-01 -2.1441e+00 -1.8130e+00 +1.0762e+00 -2.3615e+00 +8.0080e-01 -1.8954e+00 +1.3688e+00 +2.7220e+00
1459 0 +1.583353658e-02 +7.732583354e+01 +7.732583354e+01 +9.9131e-01 -5.5328e-01 -2.1333e+00 -1.8082e+00 +1.0477e+00 -2.3023e+00 +7.9841e-01 -1.8164e+00 +1.3170e+00 +2.6388e+00
1485 0 +1.197397226e-02 +7.732197397e+01 +7.732197397e+01 +8.4641e-01 -5.7952e-01 -2.2018e+00 -1.8661e+00 +9.8640e-01 -2.2455e+00 +8.6063e-01 -1.8079e+00 +1.4405e+00 +2.6115e+00
1560 0 +8.825792298e-03 +7.731882579e+01 +7.731882579e+01 +8.1666e-01 -5.7069e-01 -2.1779e+00 -1.8566e+00 +1.0322e+00 -2.3352e+00 +7.9181e-01 -1.9339e+00 +1.5282e+00 +2.5576e+00
1669 0 +5.060588725e-03 +7.731506059e+01 +7.731506059e+01 +8.5102e-01 -6.2889e-01 -2.1107e+00 -1.8437e+00 +1.0093e+00 -2.3463e+00 +8.0635e-01 -1.8339e+00 +1.4499e+00 +2.6054e+00
1897 0 +4.983547717e-03 +7.731498355e+01 +7.731498355e+01 +9.0972e-01 -6.0208e-01 -2.1510e+00 -1.8732e+00 +1.0414e+00 -2.3524e+00 +7.8877e-01 -1.9202e+00 +1.4289e+00 +2.6595e+00
1935 0 +4.424852937e-03 +7.731442485e+01 +7.731442485e+01 +8.8711e-01 -5.6041e-01 -2.1858e+00 -1.8473e+00 +1.0535e+00 -2.3244e+00 +8.1085e-01 -1.8836e+00 +1.4455e+00 +2.6348e+00
1945 0 +2.476817399e-03 +7.731247682e+01 +7.731247682e+01 +9.2980e-01 -5.4182e-01 -2.1975e+00 -1.8631e+00 +1.0402e+00 -2.3493e+00 +7.9484e-01 -1.8833e+00 +1.4101e+00 +2.6558e+00
2136 0 +2.179513609e-03 +7.731217951e+01 +7.731217951e+01 +8.9183e-01 -6.0227e-01 -2.1592e+00 -1.8670e+00 +1.0219e+00 -2.3455e+00 +7.9409e-01 -1.8596e+00 +1.4009e+00 +2.6207e+00
2240 0 +1.553402062e-03 +7.731155340e+01 +7.731155340e+01 +9.0387e-01 -5.5788e-01 -2.1747e+00 -1.8801e+00 +1.0304e+00 -2.3500e+00 +7.9471e-01 -1.8890e+00 +1.4113e+00 +2.6699e+00
2303 0 +1.210674283e-03 +7.731121067e+01 +7.731121067e+01 +9.2109e-01 -5.9443e-01 -2.1413e+00 -1.8829e+00 +1.0062e+00 -2.3751e+00 +7.8405e-01 -1.8608e+00 +1.3732e+00 +2.6660e+00
2430 0 +9.460063186e-04 +7.731094601e+01 +7.731094601e+01 +9.0206e-01 -6.5983e-01 -2.1182e+00 -1.9178e+00 +9.9508e-01 -2.3842e+00 +7.9012e-01 -1.8775e+00 +1.3970e+00 +2.6719e+00
% f evaluations | g evaluations | best noise-free fitness - Fopt (3.992000000000e+01) + sum g_i+ | measured fitness | best measured fitness or single-digit g-values | x1 | x2...
1 0 +4.191187515e+01 +8.183187515e+01 +8.183187515e+01 +5.9671e-01 -3.8264e-02 +7.4769e-01 +1.6230e+00 -1.3415e-01 -1.3414e-01 +1.6792e+00 +8.6743e-01 -3.6947e-01 +6.4256e-01
3 0 +2.572461063e+01 +6.564461063e+01 +6.564461063e+01 +1.5656e+00 -1.2578e-01 +1.6753e-01 -1.3247e+00 -4.4438e-01 +2.1092e-01 -1.0510e+00 +4.7570e-01 -5.0064e-01 -1.9169e-01
9 0 +1.804862331e+01 +5.796862331e+01 +5.796862331e+01 -1.1967e-01 +4.5711e-01 +1.5779e+00 -4.1827e-01 -7.0849e-01 -4.0176e-01 +1.0154e+00 +4.2875e-01 -4.2976e-01 +6.1327e-01
21 0 +1.733867257e+01 +5.725867257e+01 +5.725867257e+01 +4.5779e-01 +6.6078e-01 +1.1831e+00 +1.1538e+00 -1.2777e+00 -8.3783e-01 +6.1504e-01 +6.1379e-01 +6.1505e-01 +3.9527e+00
51 0 +1.632503466e+01 +5.624503466e+01 +5.624503466e+01 +1.3570e-01 +5.8343e-01 +8.7979e-01 +4.2972e-02 -1.9223e+00 -1.1419e+00 -7.7178e-01 +6.0401e-01 -5.4816e-02 +2.2381e+00
52 0 +1.529135497e+01 +5.521135497e+01 +5.521135497e+01 -1.5651e+00 +3.0875e-01 +7.6090e-01 +2.3366e-01 -1.7969e+00 -1.1193e+00 +4.7707e-02 +7.0107e-01 -2.5939e-01 +2.7379e+00
56 0 +7.774935857e+00 +4.769493586e+01 +4.769493586e+01 +1.2963e+00 -8.2256e-01 +3.0580e+00 -6.3682e-02 -8.5342e-01 -8.3654e-01 +1.4653e+00 +7.8035e-01 +1.9255e+00 +3.4806e+00
59 0 +6.697440193e+00 +4.661744019e+01 +4.661744019e+01 +1.7200e+00 +1.8648e-01 +1.9280e+00 -5.8140e-01 -1.3888e+00 +7.6822e-02 +4.2763e-01 +2.1981e-01 +1.5897e+00 +1.6967e+00
110 0 +6.053569809e+00 +4.597356981e+01 +4.597356981e+01 +6.2591e-01 -1.1432e+00 +2.3545e+00 +8.1870e-01 -3.2660e+00 +1.0080e+00 +1.6306e+00 -9.8965e-03 +1.4504e+00 +2.4364e+00
162 0 +4.327313682e+00 +4.424731368e+01 +4.424731368e+01 +3.8384e+00 -6.4849e-01 +1.9431e+00 -1.0416e+00 -1.9782e+00 +2.8995e+00 +1.7004e+00 +2.1662e+00 +4.1264e+00 +1.9970e+00
201 0 +3.670838262e+00 +4.359083826e+01 +4.359083826e+01 +3.4034e+00 -2.0806e-01 +3.0636e+00 -4.1191e-01 -3.9163e+00 +2.1049e+00 +3.1200e+00 +4.0793e-01 +3.1880e+00 +3.7921e+00
318 0 +3.228372991e+00 +4.314837299e+01 +4.314837299e+01 +3.3816e+00 -7.2880e-01 +2.4341e+00 -3.9490e+00 -2.2679e+00 +1.7319e+00 +1.8294e+00 +6.1984e-01 +2.5149e+00 +4.0819e+00
351 0 +2.603963106e+00 +4.252396311e+01 +4.252396311e+01 +2.1104e+00 -1.5717e+00 +3.0474e+00 -1.9622e+00 -1.8448e+00 +1.9494e+00 +1.3546e+00 -1.1338e+00 +1.4911e+00 +3.3594e+00
407 0 +9.649013914e-01 +4.088490139e+01 +4.088490139e+01 +3.5600e+00 -1.7889e+00 +1.7807e+00 -1.9883e+00 -2.2559e+00 +2.6430e+00 +2.1884e+00 -3.2331e-01 +2.7671e+00 +2.6978e+00
436 0 +7.817269531e-01 +4.070172695e+01 +4.070172695e+01 +3.8911e+00 -6.5167e-01 +2.7875e+00 -1.5069e+00 -1.6561e+00 +2.0479e+00 +1.9017e+00 -1.2293e+00 +3.2547e+00 +3.3732e+00
561 0 +7.240263179e-01 +4.064402632e+01 +4.064402632e+01 +3.6520e+00 -1.0415e+00 +2.3536e+00 -2.7836e+00 -1.7373e+00 +3.0648e+00 +1.7991e+00 -3.5580e-01 +3.1314e+00 +4.2190e+00
606 0 +5.586886107e-01 +4.047868861e+01 +4.047868861e+01 +4.4207e+00 -1.2691e+00 +2.6856e+00 -2.4576e+00 -2.5786e+00 +2.1350e+00 +1.9915e+00 -4.7169e-01 +2.5968e+00 +3.0223e+00
651 0 +5.373028647e-01 +4.045730286e+01 +4.045730286e+01 +3.7375e+00 -8.6158e-01 +2.4397e+00 -2.2493e+00 -2.4523e+00 +2.2153e+00 +2.1693e+00 -3.4546e-01 +3.1828e+00 +2.7179e+00
664 0 +5.325354596e-01 +4.045253546e+01 +4.045253546e+01 +4.0852e+00 -1.1288e+00 +2.5610e+00 -2.3092e+00 -1.3565e+00 +2.1482e+00 +1.9455e+00 -1.3034e-01 +2.7201e+00 +3.4799e+00
670 0 +5.169060406e-01 +4.043690604e+01 +4.043690604e+01 +4.0421e+00 -1.4814e+00 +2.5104e+00 -2.5186e+00 -2.1688e+00 +2.8010e+00 +2.3605e+00 -8.5886e-01 +2.6621e+00 +3.5553e+00
711 0 +4.732369957e-01 +4.039323700e+01 +4.039323700e+01 +3.7569e+00 -7.0009e-01 +2.6295e+00 -2.1700e+00 -2.2558e+00 +2.5074e+00 +2.6562e+00 -8.0264e-01 +2.8347e+00 +3.5332e+00
751 0 +4.664642832e-01 +4.038646428e+01 +4.038646428e+01 +4.2108e+00 -1.0658e+00 +2.6507e+00 -2.2752e+00 -2.4564e+00 +2.2186e+00 +2.2530e+00 -8.3972e-01 +2.9295e+00 +3.9036e+00
801 0 +2.354171554e-01 +4.015541716e+01 +4.015541716e+01 +3.8391e+00 -1.3213e+00 +2.6637e+00 -2.3897e+00 -2.0075e+00 +2.2267e+00 +2.3140e+00 -6.7917e-01 +2.8637e+00 +3.5190e+00
869 0 +1.180890964e-01 +4.003808910e+01 +4.003808910e+01 +3.9250e+00 -9.2479e-01 +2.3786e+00 -2.0287e+00 -1.7784e+00 +2.5325e+00 +2.0534e+00 -8.3399e-01 +3.0056e+00 +3.5979e+00
1003 0 +1.101442729e-01 +4.003014427e+01 +4.003014427e+01 +3.9975e+00 -8.6613e-01 +2.2808e+00 -2.1555e+00 -2.0156e+00 +2.2761e+00 +2.0908e+00 -5.7376e-01 +3.3095e+00 +3.5132e+00
1005 0 +5.968172890e-02 +3.997968173e+01 +3.997968173e+01 +3.9759e+00 -9.3099e-01 +2.5589e+00 -2.0523e+00 -1.7272e+00 +2.4230e+00 +2.4256e+00 -5.6771e-01 +3.1987e+00 +3.5398e+00
1066 0 +4.486580719e-02 +3.996486581e+01 +3.996486581e+01 +3.9348e+00 -1.0187e+00 +2.5600e+00 -2.3165e+00 -2.1743e+00 +2.4301e+00 +2.2272e+00 -6.6186e-01 +3.2355e+00 +3.4131e+00
1129 0 +4.482912482e-02 +3.996482912e+01 +3.996482912e+01 +3.9654e+00 -1.0416e+00 +2.2406e+00 -2.1588e+00 -1.9555e+00 +2.2358e+00 +2.3285e+00 -4.6646e-01 +3.0006e+00 +3.4415e+00
1152 0 +4.289513183e-02 +3.996289513e+01 +3.996289513e+01 +3.9652e+00 -1.1073e+00 +2.2513e+00 -2.2032e+00 -1.8946e+00 +2.2677e+00 +2.2737e+00 -5.8718e-01 +3.0285e+00 +3.4747e+00
1154 0 +2.899803094e-02 +3.994899803e+01 +3.994899803e+01 +4.0115e+00 -1.0360e+00 +2.3813e+00 -2.1071e+00 -1.9007e+00 +2.3076e+00 +2.2618e+00 -6.3627e-01 +3.0674e+00 +3.3637e+00
1208 0 +1.123581468e-02 +3.993123581e+01 +3.993123581e+01 +3.9847e+00 -1.0244e+00 +2.4350e+00 -2.2319e+00 -2.0294e+00 +2.3911e+00 +2.1971e+00 -6.4352e-01 +3.0525e+00 +3.4132e+00
1515 0 +9.297090978e-03 +3.992929709e+01 +3.992929709e+01 +3.9180e+00 -1.0070e+00 +2.2817e+00 -2.2392e+00 -1.9610e+00 +2.3713e+00 +2.2586e+00 -5.8033e-01 +3.1020e+00 +3.4449e+00
1670 0 +7.706072369e-03 +3.992770607e+01 +3.992770607e+01 +3.9507e+00 -1.0066e+00 +2.3277e+00 -2.2183e+00 -1.9989e+00 +2.3766e+00 +2.2618e+00 -5.7921e-01 +3.0680e+00 +3.4640e+00
1731 0 +6.020843239e-03 +3.992602084e+01 +3.992602084e+01 +3.9493e+00 -1.0417e+00 +2.4870e+00 -2.2400e+00 -1.9409e+00 +2.4035e+00 +2.2812e+00 -6.0016e-01 +3.1207e+00 +3.4919e+00
1804 0 +5.806070971e-03 +3.992580607e+01 +3.992580607e+01 +3.9244e+00 -9.9000e-01 +2.3554e+00 -2.2324e+00 -1.9716e+00 +2.4059e+00 +2.2569e+00 -5.8071e-01 +3.0958e+00 +3.4626e+00
1857 0 +3.499995773e-03 +3.992350000e+01 +3.992350000e+01 +3.9457e+00 -1.0300e+00 +2.3170e+00 -2.2587e+00 -1.9976e+00 +2.3662e+00 +2.2775e+00 -5.8686e-01 +3.0351e+00 +3.4612e+00
1872 0 +1.522378142e-03 +3.992152238e+01 +3.992152238e+01 +3.9483e+00 -1.0304e+00 +2.3563e+00 -2.2730e+00 -2.0057e+00 +2.3674e+00 +2.2790e+00 -6.1484e-01 +3.0433e+00 +3.4396e+00
2217 0 +1.182827787e-03 +3.992118283e+01 +3.992118283e+01 +3.9472e+00 -1.0277e+00 +2.3728e+00 -2.2397e+00 -1.9990e+00 +2.3759e+00 +2.2497e+00 -6.1997e-01 +3.0827e+00 +3.4442e+00
2317 0 +1.099366693e-03 +3.992109937e+01 +3.992109937e+01 +3.9400e+00 -1.0341e+00 +2.3333e+00 -2.2549e+00 -2.0045e+00 +2.3759e+00 +2.2493e+00 -5.9477e-01 +3.0561e+00 +3.4451e+00
2406 0 +8.813570889e-04 +3.992088136e+01 +3.992088136e+01 +3.9475e+00 -1.0296e+00 +2.3861e+00 -2.2589e+00 -2.0015e+00 +2.3762e+00 +2.2542e+00 -6.1142e-01 +3.0755e+00 +3.4478e+00
2418 0 +7.918703495e-04 +3.992079187e+01 +3.992079187e+01 +3.9300e+00 -1.0498e+00 +2.3523e+00 -2.2860e+00 -2.0239e+00 +2.3714e+00 +2.2455e+00 -5.8721e-01 +3.0835e+00 +3.4361e+00
% f evaluations | g evaluations | best noise-free fitness - Fopt (-5.661000000000e+01) + sum g_i+ | measured fitness | best measured fitness or single-digit g-values | x1 | x2...
1 0 +5.307357013e+01 -3.536429873e+00 -3.536429873e+00 +5.9671e-01 -3.8264e-02 +7.4769e-01 +1.6230e+00 -1.3415e-01 -1.3414e-01 +1.6792e+00 +8.6743e-01 -3.6947e-01 +6.4256e-01
9 0 +4.407777287e+01 -1.253222713e+01 -1.253222713e+01 -1.1967e-01 +4.5711e-01 +1.5779e+00 -4.1827e-01 -7.0849e-01 -4.0176e-01 +1.0154e+00 +4.2875e-01 -4.2976e-01 +6.1327e-01
26 0 +3.869066297e+01 -1.791933703e+01 -1.791933703e+01 -1.1609e+00 +1.0179e+00 +2.2222e+00 +1.1325e+00 -1.4194e+00 -3.8423e-01 +1.3669e+00 -6.0767e-01 +5.4382e-01 +8.7463e-01
51 0 +3.530864356e+01 -2.130135644e+01 -2.130135644e+01 +3.1042e-01 +5.2507e-01 +2.9372e+00 +8.8282e-02 -8.7239e-01 -8.9162e-01 +2.7531e+00 +1.2754e+00 -2.3622e-01 +3.9207e-01
52 0 +3.058057463e+01 -2.602942537e+01 -2.602942537e+01 +6.1082e-01 +4.4685e-02 -2.3481e-01 +1.1770e-01 -3.2350e+00 -5.2491e-01 +3.1904e+00 -1.3958e+00 -3.2326e-01 +1.1118e+00
53 0 +2.617740871e+01 -3.043259129e+01 -3.043259129e+01 -6.7045e-01 -7.1176e-01 +1.1731e+00 -5.8018e-02 -1.5740e+00 -1.0474e+00 +2.1311e+00 -1.1388e+00 -7.4502e-01 +3.6075e-01
57 0 +2.147874213e+01 -3.513125787e+01 -3.513125787e+01 +1.5720e-01 -2.0282e-02 +2.2770e+00 +4.7007e-01 -4.9373e-01 -6.6212e-02 +2.2370e+00 -1.7711e+00 -1.1593e+00 +2.5433e-01
101 0 +1.417872510e+01 -4.243127490e+01 -4.243127490e+01 -1.5404e+00 +1.3296e+00 +2.2345e+00 -4.3396e-02 -2.4062e+00 -4.6399e-01 +2.0615e+00 -2.3417e+00 -2.7137e+00 +8.3838e-02
125 0 +1.400699311e+01 -4.260300689e+01 -4.260300689e+01 +1.4991e+00 +1.5714e+00 +2.3782e+00 -1.0120e+00 -2.9729e+00 +5.1952e-01 +4.9716e+00 -6.0202e-01 -3.0670e+00 +2.7016e+00
130 0 +1.380667059e+01 -4.280332941e+01 -4.280332941e+01 +1.5565e+00 -4.0287e-02 +8.7966e-01 -2.7787e+00 -2.9025e+00 +3.5042e-01 +3.0469e+00 -1.0372e+00 -1.9543e+00 -7.8988e-01
136 0 +1.164446230e+01 -4.496553770e+01 -4.496553770e+01 -6.6331e-02 +1.8317e+00 +3.1232e+00 -1.4662e+00 -3.1782e+00 -5.5668e-01 +8.7928e-01 -2.2868e+00 -1.3145e+00 -1.6130e+00
151 0 +1.072155882e+01 -4.588844118e+01 -4.588844118e+01 +7.6193e-02 +2.0535e+00 +2.2377e+00 -1.5326e+00 -3.6998e+00 -1.1225e+00 +2.8967e+00 -1.3699e+00 -1.9627e+00 -1.4245e+00
154 0 +1.026387177e+01 -4.634612823e+01 -4.634612823e+01 +1.0550e+00 +6.8579e-01 +3.2111e+00 -9.0226e-01 -1.7976e+00 -7.6480e-01 +4.6884e+00 -1.5248e+00 -3.9732e+00 -3.3570e-01
203 0 +7.321693378e+00 -4.928830662e+01 -4.928830662e+01 +3.5612e+00 +1.8977e+00 +4.3039e+00 +2.8969e-01 -1.2312e+00 +1.7240e+00 +2.9102e+00 -3.9064e+00 -3.8661e+00 -4.5191e-02
206 0 +2.553203560e+00 -5.405679644e+01 -5.405679644e+01 +1.8680e+00 +3.3000e+00 +1.9389e+00 -1.9298e+00 -2.5313e+00 +1.7432e+00 +3.6001e+00 -2.3560e+00 -3.1812e+00 -1.1200e+00
458 0 +1.907581669e+00 -5.470241833e+01 -5.470241833e+01 +1.0122e+00 +2.3727e+00 +3.0661e+00 -3.1225e+00 -3.8184e+00 +2.1165e+00 +2.3583e+00 -4.5243e+00 -3.3255e+00 -5.7046e-01
525 0 +1.899912663e+00 -5.471008734e+01 -5.471008734e+01 +2.5909e+00 +2.8724e+00 +3.5684e+00 -4.7777e+00 -2.6805e+00 +2.4090e+00 +2.3843e+00 -3.8366e+00 -3.1199e+00 -9.8515e-02
538 0 +1.741380008e+00 -5.486861999e+01 -5.486861999e+01 +1.4992e+00 +2.0886e+00 +4.1039e+00 -3.5529e+00 -3.6090e+00 +2.3839e+00 +2.0918e+00 -3.9182e+00 -3.2043e+00 -3.7784e-01
555 0 +1.282176669e+00 -5.532782333e+01 -5.532782333e+01 +1.4307e+00 +3.2564e+00 +2.5430e+00 -3.2348e+00 -3.8999e+00 +2.0522e+00 +2.8498e+00 -3.7761e+00 -3.5465e+00 -1.2969e+00
602 0 +6.784034299e-01 -5.593159657e+01 -5.593159657e+01 +1.7025e+00 +2.7340e+00 +3.5921e+00 -2.8943e+00 -3.0853e+00 +2.7421e+00 +2.8972e+00 -3.9296e+00 -3.3231e+00 -3.5301e-01
720 0 +6.588786661e-01 -5.595112133e+01 -5.595112133e+01 +1.4920e+00 +2.7729e+00 +2.5248e+00 -3.7746e+00 -2.9412e+00 +2.6120e+00 +2.2996e+00 -3.6039e+00 -3.5871e+00 -5.2595e-01
727 0 +4.348924864e-01 -5.617510751e+01 -5.617510751e+01 +1.8097e+00 +3.1794e+00 +2.7318e+00 -3.5524e+00 -3.3691e+00 +2.2200e+00 +2.9744e+00 -3.0122e+00 -3.8919e+00 -1.0379e+00
803 0 +2.659043672e-01 -5.634409563e+01 -5.634409563e+01 +2.1498e+00 +2.7650e+00 +3.3130e+00 -3.1071e+00 -3.2067e+00 +2.2086e+00 +2.6547e+00 -3.6229e+00 -3.8828e+00 -5.9195e-01
857 0 +2.413974442e-01 -5.636860256e+01 -5.636860256e+01 +2.3712e+00 +2.9410e+00 +3.3272e+00 -3.1043e+00 -3.1134e+00 +2.4706e+00 +2.8084e+00 -3.4579e+00 -3.4497e+00 -8.7723e-01
904 0 +2.227433341e-01 -5.638725667e+01 -5.638725667e+01 +2.0033e+00 +2.6952e+00 +2.9824e+00 -3.1637e+00 -3.2435e+00 +2.1350e+00 +2.8029e+00 -2.9234e+00 -3.3429e+00 -8.5833e-01
905 0 +1.758695195e-01 -5.643413048e+01 -5.643413048e+01 +2.1718e+00 +2.7842e+00 +3.3999e+00 -3.4627e+00 -3.3878e+00 +2.4020e+00 +3.0039e+00 -3.4726e+00 -3.8868e+00 -9.6515e-01
951 0 +1.421191009e-01 -5.646788090e+01 -5.646788090e+01 +2.1073e+00 +2.9157e+00 +3.2745e+00 -3.3855e+00 -2.9564e+00 +2.3857e+00 +2.7511e+00 -3.5154e+00 -3.8627e+00 -1.0458e+00
1008 0 +1.083034099e-01 -5.650169659e+01 -5.650169659e+01 +2.0517e+00 +2.9525e+00 +3.2338e+00 -3.1873e+00 -3.1301e+00 +2.4142e+00 +2.5194e+00 -3.3185e+00 -3.5631e+00 -9.7347e-01
1010 0 +3.399315231e-02 -5.657600685e+01 -5.657600685e+01 +1.9934e+00 +2.8839e+00 +3.2023e+00 -3.1618e+00 -3.1833e+00 +2.2915e+00 +2.7136e+00 -3.3806e+00 -3.6318e+00 -7.5684e-01
1105 0 +2.913569298e-02 -5.658086431e+01 -5.658086431e+01 +1.9191e+00 +2.7610e+00 +3.2190e+00 -3.2011e+00 -2.9761e+00 +2.3777e+00 +2.6198e+00 -3.4705e+00 -3.5930e+00 -7.9959e-01
1273 0 +1.886339502e-02 -5.659113660e+01 -5.659113660e+01 +1.9099e+00 +2.9833e+00 +3.2036e+00 -3.2707e+00 -3.2287e+00 +2.2169e+00 +2.7591e+00 -3.3575e+00 -3.5916e+00 -6.7748e-01
1465 0 +1.380798955e-02 -5.659619201e+01 -5.659619201e+01 +1.9056e+00 +2.9945e+00 +3.1740e+00 -3.2910e+00 -3.2357e+00 +2.2692e+00 +2.7026e+00 -3.3138e+00 -3.7255e+00 -6.8622e-01
1680 0 +1.333677143e-02 -5.659666323e+01 -5.659666323e+01 +1.9314e+00 +3.0563e+00 +3.1865e+00 -3.2083e+00 -3.1900e+00 +2.2352e+00 +2.6652e+00 -3.3589e+00 -3.6326e+00 -6.5681e-01
1710 0 +8.522925390e-03 -5.660147707e+01 -5.660147707e+01 +2.0106e+00 +3.0055e+00 +3.2111e+00 -3.2901e+00 -3.2015e+00 +2.2599e+00 +2.7159e+00 -3.3251e+00 -3.6593e+00 -7.7459e-01
1738 0 +6.140573796e-03 -5.660385943e+01 -5.660385943e+01 +1.9433e+00 +2.9737e+00 +3.1763e+00 -3.2270e+00 -3.0629e+00 +2.2967e+00 +2.5825e+00 -3.3400e+00 -3.5446e+00 -7.2738e-01
1874 0 +4.258500088e-03 -5.660574150e+01 -5.660574150e+01 +1.9578e+00 +3.0018e+00 +3.1701e+00 -3.2611e+00 -3.0971e+00 +2.2810e+00 +2.6750e+00 -3.3569e+00 -3.5990e+00 -7.3716e-01
2037 0 +3.948039369e-03 -5.660605196e+01 -5.660605196e+01 +1.9726e+00 +2.9566e+00 +3.1691e+00 -3.2418e+00 -3.0653e+00 +2.2520e+00 +2.6301e+00 -3.2407e+00 -3.5302e+00 -7.7911e-01
2077 0 +3.589296979e-03 -5.660641070e+01 -5.660641070e+01 +1.9358e+00 +2.9225e+00 +3.1648e+00 -3.2697e+00 -3.0297e+00 +2.2827e+00 +2.6562e+00 -3.2976e+00 -3.5446e+00 -7.7601e-01
2081 0 +2.871482931e-03 -5.660712852e+01 -5.660712852e+01 +1.9230e+00 +2.9627e+00 +3.2158e+00 -3.2729e+00 -3.1095e+00 +2.2750e+00 +2.6398e+00 -3.3185e+00 -3.6377e+00 -7.3407e-01
2164 0 +2.718779132e-03 -5.660728122e+01 -5.660728122e+01 +1.9814e+00 +2.9143e+00 +3.2078e+00 -3.2712e+00 -3.0839e+00 +2.3054e+00 +2.6328e+00 -3.3049e+00 -3.6001e+00 -7.9583e-01
2166 0 +2.492125532e-03 -5.660750787e+01 -5.660750787e+01 +1.9496e+00 +2.9523e+00 +3.1551e+00 -3.2417e+00 -3.0019e+00 +2.2804e+00 +2.6125e+00 -3.2703e+00 -3.5298e+00 -7.7351e-01
2171 0 +2.395071214e-03 -5.660760493e+01 -5.660760493e+01 +1.9253e+00 +2.9458e+00 +3.2024e+00 -3.2930e+00 -3.0165e+00 +2.2829e+00 +2.6331e+00 -3.2819e+00 -3.5940e+00 -7.7315e-01
2190 0 +2.086430208e-03 -5.660791357e+01 -5.660791357e+01 +1.9549e+00 +2.9604e+00 +3.1493e+00 -3.2615e+00 -3.0008e+00 +2.2887e+00 +2.6219e+00 -3.2632e+00 -3.5515e+00 -7.7033e-01
2269 0 +1.925458820e-03 -5.660807454e+01 -5.660807454e+01 +1.9615e+00 +2.9239e+00 +3.2436e+00 -3.2990e+00 -3.0675e+00 +2.2925e+00 +2.6299e+00 -3.2967e+00 -3.6225e+00 -7.9156e-01
2285 0 +1.774276066e-03 -5.660822572e+01 -5.660822572e+01 +1.9359e+00 +2.9533e+00 +3.1994e+00 -3.2853e+00 -2.9966e+00 +2.2762e+00 +2.5961e+00 -3.2396e+00 -3.5760e+00 -7.7736e-01
2370 0 +1.274842307e-03 -5.660872516e+01 -5.660872516e+01 +1.9697e+00 +2.9443e+00 +3.2105e+00 -3.3044e+00 -3.0316e+00 +2.2770e+00 +2.6129e+00 -3.2130e+00 -3.6034e+00 -8.0396e-01
2398 0 +7.846829922e-04 -5.660921532e+01 -5.660921532e+01 +1.9305e+00 +2.9265e+00 +3.1986e+00 -3.3010e+00 -3.0272e+00 +2.2962e+00 +2.6269e+00 -3.2752e+00 -3.5984e+00 -7.7608e-01
2492 0 +6.649383441e-04 -5.660933506e+01 -5.660933506e+01 +1.9529e+00 +2.9339e+00 +3.2062e+00 -3.2716e+00 -3.0647e+00 +2.2721e+00 +2.6099e+00 -3.2416e+00 -3.5852e+00 -7.7806e-01
% f evaluations | g evaluations | best noise-free fitness - Fopt (3.270000000000e+01) + sum g_i+ | measured fitness | best measured fitness or single-digit g-values | x1 | x2...
1 0 +4.398156541e+01 +7.668156541e+01 +7.668156541e+01 +5.9671e-01 -3.8264e-02 +7.4769e-01 +1.6230e+00 -1.3415e-01 -1.3414e-01 +1.6792e+00 +8.6743e-01 -3.6947e-01 +6.4256e-01
11 0 +3.254071479e+01 +6.524071479e+01 +6.524071479e+01 -1.3154e+00 -3.2065e-01 -2.4271e-01 -7.0228e-01 -6.1286e-02 +5.0405e-01 +1.9862e+00 +2.7458e-01 +3.5755e-01 +2.5554e-02
12 0 +3.196303947e+01 +6.466303947e+01 +6.466303947e+01 -1.8188e+00 +7.3486e-02 +1.6023e-01 +2.5632e+00 -9.2361e-02 +4.0155e-01 +6.5288e-02 -1.0687e+00 +1.2428e+00 +8.5193e-01
17 0 +2.954551750e+01 +6.224551750e+01 +6.224551750e+01 -8.7468e-01 +8.8708e-01 +1.2586e+00 -7.2068e-01 +1.0634e+00 +5.1278e-01 +9.2206e-01 +1.9968e+00 -1.4539e-01 -6.5374e-01
18 0 +2.755922381e+01 +6.025922381e+01 +6.025922381e+01 -7.8951e-01 -7.1581e-01 +2.2898e-02 +4.4115e-01 +3.7669e-01 +9.2718e-01 +1.1300e-01 +1.5535e+00 -1.6466e-01 +2.8202e+00
25 0 +2.696047175e+01 +5.966047175e+01 +5.966047175e+01 -6.9252e-01 -1.4736e-02 +6.0499e-01 +9.6576e-01 -1.1003e+00 -2.3450e-01 -3.7495e-01 -5.5333e-01 +1.8655e+00 +5.0498e-01
29 0 +2.144542836e+01 +5.414542836e+01 +5.414542836e+01 +2.1352e-01 +7.6213e-01 +1.6860e+00 -1.1378e+00 +2.2330e+00 -1.8521e+00 -5.1785e-02 +6.8832e-01 +3.8099e-01 -5.2270e-01
51 0 +1.829502160e+01 +5.099502160e+01 +5.099502160e+01 +8.4815e-01 -4.6016e-01 +1.4456e+00 -1.6963e+00 +2.2415e+00 -1.1876e+00 +6.9537e-01 +1.3074e+00 +1.5749e+00 +7.3869e-01
52 0 +1.148990757e+01 +4.418990757e+01 +4.418990757e+01 -2.0303e+00 -1.8161e+00 +2.5885e-01 +4.9642e-01 +2.6496e+00 -4.2350e+00 -4.0757e-01 +1.6315e-01 +1.0946e-01 +7.3065e-01
56 0 +9.260461596e+00 +4.196046160e+01 +4.196046160e+01 -1.4628e+00 -6.2976e-01 +8.7348e-01 -6.7514e-01 +4.4545e-01 -7.7908e-01 +7.7760e-02 +5.6735e-01 +1.9821e+00 +1.3083e+00
76 0 +7.757373137e+00 +4.045737314e+01 +4.045737314e+01 +4.4895e-02 -1.6832e+00 +2.1833e-01 +1.2424e-01 +2.3848e-01 -1.6162e+00 -7.1765e-01 +1.8517e+00 +1.3296e+00 +2.3882e+00
79 0 +3.844858946e+00 +3.654485895e+01 +3.654485895e+01 -1.5573e+00 -1.0605e+00 -7.5949e-01 +7.6621e-01 +1.0388e+00 -1.3334e+00 -1.8967e+00 +1.7058e+00 +1.9937e+00 +3.1538e+00
101 0 +3.843381894e+00 +3.654338189e+01 +3.654338189e+01 -2.4794e+00 -3.0607e+00 +1.4862e+00 +1.3075e+00 -6.9259e-01 -1.5426e+00 -4.2078e+00 +1.4721e+00 +2.5623e+00 +3.8481e+00
201 0 +2.905235222e+00 +3.560523522e+01 +3.560523522e+01 -1.6008e+00 -3.1194e+00 -4.0060e-01 +3.4933e-01 +3.9938e-01 -2.7762e+00 -3.4615e+00 +3.0781e+00 +2.9951e+00 +2.9484e+00
361 0 +2.467760772e+00 +3.516776077e+01 +3.516776077e+01 -2.1526e+00 -1.5395e+00 +6.3342e-01 +7.9743e-01 +1.1377e+00 -2.3357e+00 -3.7494e+00 +3.4319e+00 +1.7198e+00 +3.1288e+00
395 0 +2.245705494e+00 +3.494570549e+01 +3.494570549e+01 -2.7350e+00 -2.1452e+00 +3.8166e-01 +1.4520e+00 +5.4705e-01 -1.4567e+00 -4.4757e+00 +2.0041e+00 +3.4094e+00 +3.4718e+00
401 0 +1.807666404e+00 +3.450766640e+01 +3.450766640e+01 -2.4706e+00 -2.7577e+00 +1.1138e+00 +6.3251e-01 -3.5378e-01 -5.5409e-01 -3.5492e+00 +3.1027e+00 +2.5728e+00 +3.1290e+00
451 0 +1.549748700e+00 +3.424974870e+01 +3.424974870e+01 -1.1565e+00 -1.7527e+00 +8.8312e-01 +7.9476e-01 +1.6511e-01 -4.6317e-01 -3.2352e+00 +2.9992e+00 +4.0205e+00 +2.7126e+00
458 0 +1.062332885e+00 +3.376233288e+01 +3.376233288e+01 -2.8132e+00 -1.7442e+00 +1.0147e-01 +1.4944e+00 +2.7707e-01 -1.0944e+00 -3.9263e+00 +3.7638e+00 +3.5406e+00 +3.2839e+00
502 0 +1.030638126e+00 +3.373063813e+01 +3.373063813e+01 -2.8928e+00 -1.6292e+00 +5.8783e-01 +1.6208e+00 -5.1493e-01 -7.9924e-01 -3.1712e+00 +3.0514e+00 +3.6114e+00 +2.2348e+00
503 0 +1.029613988e+00 +3.372961399e+01 +3.372961399e+01 -2.7493e+00 -1.1058e+00 +8.5125e-01 +1.5673e+00 -5.8292e-01 -8.5527e-01 -2.8378e+00 +3.9455e+00 +2.9536e+00 +2.9001e+00
551 0 +6.753450519e-01 +3.337534505e+01 +3.337534505e+01 -2.3334e+00 -1.5249e+00 +9.4227e-01 +1.3606e+00 -5.3670e-01 -1.5243e+00 -3.1089e+00 +2.6515e+00 +3.8034e+00 +3.3739e+00
651 0 +6.099542120e-01 +3.330995421e+01 +3.330995421e+01 -2.5753e+00 -1.9343e+00 +5.8500e-01 +1.2494e+00 -3.1585e-01 -1.7345e+00 -2.7093e+00 +3.5416e+00 +3.6318e+00 +3.0289e+00
676 0 +5.077173986e-01 +3.320771740e+01 +3.320771740e+01 -2.1785e+00 -1.2885e+00 +2.8128e-03 +1.0120e+00 -5.0273e-01 -1.0949e+00 -2.9502e+00 +2.5985e+00 +2.6219e+00 +2.7879e+00
701 0 +3.687068559e-01 +3.306870686e+01 +3.306870686e+01 -2.4209e+00 -1.4115e+00 +3.4565e-01 +1.3639e+00 -4.0502e-01 -1.3348e+00 -3.2313e+00 +2.6680e+00 +3.2598e+00 +3.3147e+00
751 0 +2.704440353e-01 +3.297044404e+01 +3.297044404e+01 -2.4379e+00 -2.1212e+00 +6.5453e-01 +1.2192e+00 -2.9296e-01 -1.1719e+00 -3.0954e+00 +3.0815e+00 +3.1992e+00 +3.1230e+00
754 0 +2.548221507e-01 +3.295482215e+01 +3.295482215e+01 -1.9910e+00 -1.9139e+00 +3.1093e-01 +1.3219e+00 +1.7133e-02 -1.0680e+00 -2.6230e+00 +2.9360e+00 +2.9807e+00 +3.5172e+00
801 0 +2.374423486e-01 +3.293744235e+01 +3.293744235e+01 -2.3220e+00 -2.0350e+00 +1.7308e-01 +1.3907e+00 +9.4564e-02 -1.3627e+00 -3.1061e+00 +3.4458e+00 +3.2596e+00 +3.2400e+00
806 0 +1.694425836e-01 +3.286944258e+01 +3.286944258e+01 -2.1533e+00 -1.8784e+00 +3.4862e-01 +1.2165e+00 +8.1776e-02 -1.4606e+00 -2.8219e+00 +3.3552e+00 +3.2269e+00 +2.9268e+00
855 0 +1.566338212e-01 +3.285663382e+01 +3.285663382e+01 -2.1648e+00 -1.7247e+00 +1.3658e-01 +1.1210e+00 +1.9377e-01 -1.2034e+00 -2.8775e+00 +3.2211e+00 +3.0300e+00 +3.4039e+00
857 0 +1.475595984e-01 +3.284755960e+01 +3.284755960e+01 -2.1647e+00 -1.6885e+00 +2.1048e-01 +9.9919e-01 -6.9636e-02 -1.4815e+00 -2.8480e+00 +3.3665e+00 +3.4102e+00 +2.9986e+00
905 0 +8.830186716e-02 +3.278830187e+01 +3.278830187e+01 -2.1055e+00 -1.7540e+00 +4.5097e-01 +1.4125e+00 -1.7806e-01 -1.0851e+00 -2.8590e+00 +3.1052e+00 +3.0131e+00 +3.2391e+00
1006 0 +6.908747753e-02 +3.276908748e+01 +3.276908748e+01 -2.3053e+00 -1.7196e+00 +4.8438e-01 +1.2831e+00 -2.2804e-01 -1.2736e+00 -2.8888e+00 +3.0797e+00 +3.1732e+00 +2.9953e+00
1077 0 +5.758062784e-02 +3.275758063e+01 +3.275758063e+01 -2.0371e+00 -1.6984e+00 +3.3956e-01 +1.2694e+00 -2.7698e-01 -1.4021e+00 -2.8614e+00 +3.0086e+00 +3.2103e+00 +3.2119e+00
1097 0 +3.885296400e-02 +3.273885296e+01 +3.273885296e+01 -2.1746e+00 -1.7123e+00 +3.8119e-01 +1.3633e+00 -7.3914e-02 -1.3326e+00 -2.8912e+00 +3.0661e+00 +3.2404e+00 +3.3280e+00
1118 0 +3.381695130e-02 +3.273381695e+01 +3.273381695e+01 -2.2185e+00 -1.6927e+00 +2.2003e-01 +1.2578e+00 -9.1588e-02 -1.2413e+00 -2.9013e+00 +3.0692e+00 +3.2513e+00 +3.1147e+00
1262 0 +2.901602794e-02 +3.272901603e+01 +3.272901603e+01 -2.2013e+00 -1.7464e+00 +3.8275e-01 +1.3013e+00 -1.2808e-01 -1.4147e+00 -2.8870e+00 +3.2121e+00 +3.2938e+00 +3.2377e+00
1337 0 +2.596201600e-02 +3.272596202e+01 +3.272596202e+01 -2.1474e+00 -1.6699e+00 +3.3417e-01 +1.3256e+00 -2.1422e-01 -1.2952e+00 -2.9633e+00 +3.1258e+00 +3.1047e+00 +3.2113e+00
1365 0 +2.334684494e-02 +3.272334684e+01 +3.272334684e+01 -2.1929e+00 -1.7311e+00 +3.4305e-01 +1.3682e+00 -1.2485e-01 -1.3299e+00 -2.9044e+00 +3.0223e+00 +3.2100e+00 +3.1816e+00
1375 0 +2.039396351e-02 +3.272039396e+01 +3.272039396e+01 -2.2066e+00 -1.6676e+00 +3.2582e-01 +1.3985e+00 -1.1446e-01 -1.3531e+00 -2.9681e+00 +3.1372e+00 +3.1424e+00 +3.0795e+00
1421 0 +1.790804948e-02 +3.271790805e+01 +3.271790805e+01 -2.1924e+00 -1.7078e+00 +3.2857e-01 +1.3066e+00 -1.0786e-01 -1.3131e+00 -2.9448e+00 +3.2281e+00 +3.1453e+00 +3.1973e+00
1430 0 +1.787271638e-02 +3.271787272e+01 +3.271787272e+01 -2.1554e+00 -1.6528e+00 +3.5086e-01 +1.4483e+00 -1.6645e-01 -1.3579e+00 -2.9114e+00 +3.1691e+00 +3.1897e+00 +3.0895e+00
1473 0 +1.636251047e-02 +3.271636251e+01 +3.271636251e+01 -2.1747e+00 -1.7129e+00 +4.3269e-01 +1.2913e+00 -2.0689e-01 -1.2588e+00 -2.8648e+00 +3.0458e+00 +3.2126e+00 +3.1243e+00
1475 0 +1.403824406e-02 +3.271403824e+01 +3.271403824e+01 -2.1288e+00 -1.7209e+00 +3.9776e-01 +1.4202e+00 -1.3335e-01 -1.3093e+00 -2.8815e+00 +3.1417e+00 +3.1373e+00 +3.0467e+00
1492 0 +6.804808350e-03 +3.270680481e+01 +3.270680481e+01 -2.1201e+00 -1.5969e+00 +3.1989e-01 +1.3530e+00 -1.7475e-01 -1.3551e+00 -2.9238e+00 +3.1696e+00 +3.1713e+00 +3.0789e+00
1756 0 +5.382224414e-03 +3.270538222e+01 +3.270538222e+01 -2.1479e+00 -1.6638e+00 +2.6126e-01 +1.3873e+00 -6.9420e-02 -1.3552e+00 -2.9111e+00 +3.1724e+00 +3.1912e+00 +3.1641e+00
1759 0 +4.942997742e-03 +3.270494300e+01 +3.270494300e+01 -2.1610e+00 -1.6196e+00 +3.0835e-01 +1.3955e+00 -9.9190e-02 -1.3801e+00 -2.9305e+00 +3.2361e+00 +3.2028e+00 +3.1291e+00
1863 0 +4.752264629e-03 +3.270475226e+01 +3.270475226e+01 -2.1402e+00 -1.6514e+00 +3.0357e-01 +1.4195e+00 -1.1202e-01 -1.3493e+00 -2.9156e+00 +3.1666e+00 +3.1594e+00 +3.1430e+00
1873 0 +3.913176321e-03 +3.270391318e+01 +3.270391318e+01 -2.1206e+00 -1.6585e+00 +2.8452e-01 +1.3581e+00 -6.4804e-02 -1.3634e+00 -2.8808e+00 +3.2187e+00 +3.2411e+00 +3.1680e+00
1919 0 +3.573212824e-03 +3.270357321e+01 +3.270357321e+01 -2.1191e+00 -1.6431e+00 +3.6714e-01 +1.3795e+00 -1.7848e-01 -1.3038e+00 -2.9045e+00 +3.1504e+00 +3.1425e+00 +3.1408e+00
1969 0 +3.450717622e-03 +3.270345072e+01 +3.270345072e+01 -2.1338e+00 -1.6165e+00 +3.4625e-01 +1.3467e+00 -1.5302e-01 -1.3574e+00 -2.9141e+00 +3.2358e+00 +3.2078e+00 +3.1474e+00
2002 0 +3.394642494e-03 +3.270339464e+01 +3.270339464e+01 -2.1358e+00 -1.6318e+00 +3.3475e-01 +1.3499e+00 -1.5871e-01 -1.3566e+00 -2.9168e+00 +3.2310e+00 +3.1911e+00 +3.1331e+00
2070 0 +2.431292556e-03 +3.270243129e+01 +3.270243129e+01 -2.1460e+00 -1.6097e+00 +3.1020e-01 +1.3460e+00 -1.4286e-01 -1.3647e+00 -2.9270e+00 +3.2124e+00 +3.2104e+00 +3.1400e+00
2102 0 +1.936983896e-03 +3.270193698e+01 +3.270193698e+01 -2.1470e+00 -1.6239e+00 +2.8212e-01 +1.3216e+00 -1.1986e-01 -1.3418e+00 -2.9255e+00 +3.2105e+00 +3.2004e+00 +3.1441e+00
2191 0 +1.887375503e-03 +3.270188738e+01 +3.270188738e+01 -2.1148e+00 -1.5853e+00 +3.0271e-01 +1.3186e+00 -1.8092e-01 -1.3147e+00 -2.9232e+00 +3.1865e+00 +3.1643e+00 +3.1162e+00
2304 0 +1.531857280e-03 +3.270153186e+01 +3.270153186e+01 -2.1073e+00 -1.5925e+00 +2.9625e-01 +1.3458e+00 -1.6048e-01 -1.3452e+00 -2.9120e+00 +3.2020e+00 +3.1824e+00 +3.1319e+00
2361 0 +1.492722290e-03 +3.270149272e+01 +3.270149272e+01 -2.1160e+00 -1.5924e+00 +3.2971e-01 +1.3449e+00 -1.9068e-01 -1.3307e+00 -2.9160e+00 +3.1695e+00 +3.1746e+00 +3.1157e+00
2388 0 +9.787046922e-04 +3.270097870e+01 +3.270097870e+01 -2.1238e+00 -1.6105e+00 +3.2991e-01 +1.3197e+00 -1.8805e-01 -1.3198e+00 -2.9110e+00 +3.1670e+00 +3.1836e+00 +3.1246e+00
2474 0 +9.771549496e-04 +3.270097715e+01 +3.270097715e+01 -2.0948e+00 -1.5918e+00 +3.2897e-01 +1.3121e+00 -2.1487e-01 -1.3179e+00 -2.9027e+00 +3.1689e+00 +3.1731e+00 +3.1099e+00
2498 0 +7.833063004e-04 +3.270078331e+01 +3.270078331e+01 -2.1098e+00 -1.6175e+00 +3.0558e-01 +1.3013e+00 -1.7120e-01 -1.3007e+00 -2.9068e+00 +3.1672e+00 +3.1723e+00 +3.1491e+00
% f evaluations | g evaluations | best noise-free fitness - Fopt (-3.943000000000e+01) + sum g_i+ | measured fitness | best measured fitness or single-digit g-values | x1 | x2...
1 0 +1.995957095e+01 -1.947042905e+01 -1.947042905e+01 +5.9671e-01 -3.8264e-02 +7.4769e-01 +1.6230e+00 -1.3415e-01 -1.3414e-01 +1.6792e+00 +8.6743e-01 -3.6947e-01 +6.4256e-01
4 0 +1.863019311e+01 -2.079980689e+01 -2.079980689e+01 -5.0171e-01 +1.9523e+00 +8.6503e-02 -9.5771e-01 +9.2254e-01 -1.1208e+00 +3.0886e-01 -1.8597e+00 -1.2282e+00 +2.9686e-01
5 0 +1.617992472e+01 -2.325007528e+01 -2.325007528e+01 +8.3847e-01 +2.7137e-01 -1.5648e-02 -2.0110e-01 -1.3785e+00 -6.1984e-01 -3.6064e-01 +1.1571e+00 +4.4362e-01 -1.6630e+00
10 0 +1.379599655e+01 -2.563400345e+01 -2.563400345e+01 +1.9708e-01 +1.0686e+00 -6.0205e-01 -2.2766e-01 -2.9211e-01 -1.3635e+00 +3.9612e-01 +3.6106e-01 +1.0511e-01 -1.3459e-01
22 0 +1.082487093e+01 -2.860512907e+01 -2.860512907e+01 +6.7089e-01 +1.2356e+00 +1.0540e+00 +7.5139e-01 -2.1527e-01 +8.5897e-01 -6.7283e-01 -1.3682e-01 -3.8536e-01 +1.8187e-01
37 0 +9.696730804e+00 -2.973326920e+01 -2.973326920e+01 +6.1935e-01 +1.6327e+00 -8.7601e-03 +5.0171e-01 +7.9014e-01 -3.0122e-01 +3.2409e-01 +1.1259e-01 +1.9768e-01 -6.7301e-01
57 0 +8.279717343e+00 -3.115028266e+01 -3.115028266e+01 +1.0399e+00 +2.9913e+00 +2.4165e+00 +2.5678e+00 +1.2295e+00 -4.0638e-01 -1.5480e+00 -1.1924e+00 -1.4479e-01 -1.8957e-01
88 0 +7.688112426e+00 -3.174188757e+01 -3.174188757e+01 +8.1312e-01 +9.7961e-01 +1.6245e+00 +9.5045e-01 +1.8726e+00 -3.9132e-01 +4.0806e-02 +2.0577e+00 +1.3246e+00 -6.1027e-01
96 0 +5.041613014e+00 -3.438838699e+01 -3.438838699e+01 +4.8697e-01 +3.2016e+00 +1.5600e+00 +1.9556e+00 +1.2339e+00 -1.3054e+00 -1.2903e+00 +1.7251e+00 -1.3236e+00 +7.8742e-01
102 0 +3.452682149e+00 -3.597731785e+01 -3.597731785e+01 +2.0205e+00 +4.0531e+00 +1.6924e+00 +2.8803e+00 +3.5153e-01 -7.0654e-01 -2.3492e+00 +2.4771e+00 -7.4310e-01 +1.4359e+00
251 0 +1.682152331e+00 -3.774784767e+01 -3.774784767e+01 +3.2421e+00 +2.8145e+00 +2.5121e+00 +1.8080e+00 +9.2528e-01 -4.1477e-01 -2.1575e-01 +2.0847e+00 -6.1121e-01 +1.3902e+00
352 0 +1.632672250e+00 -3.779732775e+01 -3.779732775e+01 +2.6585e+00 +3.5321e+00 +2.7648e+00 +1.2063e+00 +1.9076e+00 -1.3345e+00 -7.4676e-01 +2.6309e+00 -1.3591e+00 +1.6241e+00
360 0 +1.226118282e+00 -3.820388172e+01 -3.820388172e+01 +4.1697e+00 +3.2799e+00 +3.5598e+00 +1.8123e+00 +1.3078e+00 -1.5062e+00 -2.1335e+00 +2.9843e+00 -4.6598e-01 +1.7814e+00
507 0 +1.147487895e+00 -3.828251211e+01 -3.828251211e+01 +3.1815e+00 +2.7002e+00 +2.0738e+00 +2.0268e+00 +8.9636e-01 -1.3268e+00 -1.2913e+00 +2.6268e+00 -1.4170e-01 +2.4225e+00
551 0 +4.264223488e-01 -3.900357765e+01 -3.900357765e+01 +3.4623e+00 +3.4934e+00 +3.3733e+00 +1.2743e+00 +1.5524e+00 -1.6933e+00 -1.0301e+00 +3.1139e+00 -7.2350e-01 +2.6773e+00
821 0 +4.127868629e-01 -3.901721314e+01 -3.901721314e+01 +3.6366e+00 +3.1546e+00 +2.9281e+00 +1.1396e+00 +1.0365e+00 -1.5784e+00 -9.5241e-01 +2.3498e+00 -1.1694e+00 +2.7028e+00
851 0 +1.965634201e-01 -3.923343658e+01 -3.923343658e+01 +3.9914e+00 +3.2507e+00 +3.0275e+00 +1.6519e+00 +8.5832e-01 -1.2005e+00 -9.7796e-01 +2.7700e+00 -1.0705e+00 +2.3997e+00
967 0 +1.445441890e-01 -3.928545581e+01 -3.928545581e+01 +3.7259e+00 +3.1237e+00 +3.0886e+00 +1.1959e+00 +1.0264e+00 -1.4375e+00 -1.0946e+00 +2.6016e+00 -6.5165e-01 +2.5559e+00
1019 0 +1.352817057e-01 -3.929471829e+01 -3.929471829e+01 +3.6902e+00 +3.3220e+00 +3.0315e+00 +1.2990e+00 +8.4702e-01 -1.3862e+00 -1.3506e+00 +2.8799e+00 -9.8593e-01 +2.5032e+00
1049 0 +1.267697065e-01 -3.930323029e+01 -3.930323029e+01 +3.5090e+00 +3.2849e+00 +2.8580e+00 +1.6211e+00 +1.0646e+00 -1.1347e+00 -1.2516e+00 +2.8920e+00 -7.0174e-01 +2.5892e+00
1060 0 +7.318005996e-02 -3.935681994e+01 -3.935681994e+01 +3.5695e+00 +3.3010e+00 +3.0668e+00 +1.4989e+00 +8.6481e-01 -1.1322e+00 -1.1071e+00 +2.8961e+00 -7.4815e-01 +2.5866e+00
1216 0 +5.931498163e-02 -3.937068502e+01 -3.937068502e+01 +3.6451e+00 +3.2155e+00 +3.0059e+00 +1.4440e+00 +1.0121e+00 -1.2546e+00 -1.0343e+00 +2.8179e+00 -5.7414e-01 +2.5652e+00
1356 0 +3.602206559e-02 -3.939397793e+01 -3.939397793e+01 +3.6328e+00 +3.2746e+00 +2.9314e+00 +1.4696e+00 +9.8591e-01 -1.2069e+00 -1.0492e+00 +2.7069e+00 -8.0541e-01 +2.5092e+00
1469 0 +3.208656384e-02 -3.939791344e+01 -3.939791344e+01 +3.8242e+00 +3.3695e+00 +3.0453e+00 +1.4636e+00 +1.0052e+00 -1.4101e+00 -1.0468e+00 +2.6995e+00 -7.7975e-01 +2.3821e+00
1476 0 +1.031191736e-02 -3.941968808e+01 -3.941968808e+01 +3.7470e+00 +3.3154e+00 +2.9555e+00 +1.4180e+00 +1.0403e+00 -1.2548e+00 -1.2085e+00 +2.7494e+00 -8.4948e-01 +2.4347e+00
1739 0 +8.783929580e-03 -3.942121607e+01 -3.942121607e+01 +3.7658e+00 +3.4106e+00 +2.9240e+00 +1.4777e+00 +1.0966e+00 -1.2639e+00 -1.0804e+00 +2.7016e+00 -7.8467e-01 +2.4720e+00
1931 0 +7.817724985e-03 -3.942218228e+01 -3.942218228e+01 +3.7998e+00 +3.3462e+00 +2.9226e+00 +1.4210e+00 +1.0524e+00 -1.1641e+00 -1.1918e+00 +2.7272e+00 -8.9650e-01 +2.4241e+00
1941 0 +4.145291918e-03 -3.942585471e+01 -3.942585471e+01 +3.7846e+00 +3.3720e+00 +2.9051e+00 +1.4531e+00 +1.0976e+00 -1.2262e+00 -1.1631e+00 +2.7233e+00 -8.5611e-01 +2.4368e+00
2083 0 +4.111374532e-03 -3.942588863e+01 -3.942588863e+01 +3.7509e+00 +3.3504e+00 +2.9315e+00 +1.4639e+00 +1.0386e+00 -1.1758e+00 -1.1255e+00 +2.7478e+00 -7.9905e-01 +2.4647e+00
2109 0 +3.609959327e-03 -3.942639004e+01 -3.942639004e+01 +3.8025e+00 +3.3599e+00 +2.9212e+00 +1.4862e+00 +1.0447e+00 -1.1924e+00 -1.0962e+00 +2.7067e+00 -8.2708e-01 +2.4346e+00
2153 0 +3.555257789e-03 -3.942644474e+01 -3.942644474e+01 +3.8021e+00 +3.3464e+00 +2.9308e+00 +1.4455e+00 +1.0483e+00 -1.1853e+00 -1.1340e+00 +2.7039e+00 -8.1935e-01 +2.4234e+00
2219 0 +3.015404840e-03 -3.942698460e+01 -3.942698460e+01 +3.7772e+00 +3.3677e+00 +2.8781e+00 +1.4527e+00 +1.0949e+00 -1.1734e+00 -1.1378e+00 +2.7094e+00 -8.4565e-01 +2.4510e+00
2228 0 +2.075234778e-03 -3.942792477e+01 -3.942792477e+01 +3.8042e+00 +3.3642e+00 +2.9078e+00 +1.4640e+00 +1.0446e+00 -1.1865e+00 -1.1077e+00 +2.6957e+00 -7.7676e-01 +2.4496e+00
2243 0 +1.454821107e-03 -3.942854518e+01 -3.942854518e+01 +3.7705e+00 +3.4031e+00 +2.9087e+00 +1.4271e+00 +1.1533e+00 -1.2036e+00 -1.1426e+00 +2.7096e+00 -8.0880e-01 +2.4478e+00
2354 0 +1.425553436e-03 -3.942857445e+01 -3.942857445e+01 +3.7719e+00 +3.4159e+00 +2.9087e+00 +1.4491e+00 +1.1361e+00 -1.1932e+00 -1.1432e+00 +2.7181e+00 -7.9725e-01 +2.4569e+00
2397 0 +1.365048556e-03 -3.942863495e+01 -3.942863495e+01 +3.7517e+00 +3.4033e+00 +2.8917e+00 +1.4624e+00 +1.1546e+00 -1.2239e+00 -1.1125e+00 +2.7238e+00 -7.9150e-01 +2.4689e+00
2430 0 +1.089537398e-03 -3.942891046e+01 -3.942891046e+01 +3.7770e+00 +3.3802e+00 +2.9084e+00 +1.4686e+00 +1.0887e+00 -1.1982e+00 -1.1174e+00 +2.7222e+00 -7.9569e-01 +2.4547e+00
2458 0 +5.453876468e-04 -3.942945461e+01 -3.942945461e+01 +3.7822e+00 +3.3685e+00 +2.9068e+00 +1.4453e+00 +1.0802e+00 -1.1869e+00 -1.1138e+00 +2.7057e+00 -7.8158e-01 +2.4582e+00
% f evaluations | g evaluations | best noise-free fitness - Fopt (4.197200000000e+02) + sum g_i+ | measured fitness | best measured fitness or single-digit g-values | x1 | x2...
1 0 +2.794924951e+01 +4.476692495e+02 +4.476692495e+02 +5.9671e-01 -3.8264e-02 +7.4769e-01 +1.6230e+00 -1.3415e-01 -1.3414e-01 +1.6792e+00 +8.6743e-01 -3.6947e-01 +6.4256e-01
4 0 +2.564290517e+01 +4.453629052e+02 +4.453629052e+02 -5.0171e-01 +1.9523e+00 +8.6503e-02 -9.5771e-01 +9.2254e-01 -1.1208e+00 +3.0886e-01 -1.8597e+00 -1.2282e+00 +2.9686e-01
10 0 +1.907499793e+01 +4.387949979e+02 +4.387949979e+02 +1.9708e-01 +1.0686e+00 -6.0205e-01 -2.2766e-01 -2.9211e-01 -1.3635e+00 +3.9612e-01 +3.6106e-01 +1.0511e-01 -1.3459e-01
33 0 +1.381951911e+01 +4.335395191e+02 +4.335395191e+02 +1.9700e-01 +6.9516e-01 -7.1822e-01 +2.1924e+00 -9.0602e-01 -1.1142e+00 +1.2581e+00 +8.9166e-01 +7.2412e-01 +7.2835e-01
40 0 +1.163437534e+01 +4.313543753e+02 +4.313543753e+02 -7.9841e-01 +5.9192e-01 -1.2202e+00 +1.9315e+00 +1.2794e+00 -3.6918e-01 -1.6131e+00 +1.4539e+00 -1.4540e-02 +1.3378e+00
51 0 +1.025090102e+01 +4.299709010e+02 +4.299709010e+02 -6.6077e-01 +2.2520e+00 -1.2511e+00 +2.3234e+00 +1.3776e+00 -1.5098e+00 -1.5201e-01 +1.7597e+00 -1.3611e+00 -6.0371e-01
54 0 +8.100120696e+00 +4.278201207e+02 +4.278201207e+02 -1.8449e+00 +1.2027e+00 +7.6347e-01 +2.0949e+00 +1.1778e+00 -1.5753e+00 +2.4316e-01 +3.0869e-01 -1.2580e+00 +2.0078e+00
104 0 +7.480000990e+00 +4.272000010e+02 +4.272000010e+02 -2.5008e-01 +2.9747e+00 -2.9659e+00 +2.2104e+00 +2.3036e+00 -5.1039e-01 +9.2515e-01 +2.5890e+00 +1.2124e+00 +3.1991e+00
109 0 +3.345688609e+00 +4.230656886e+02 +4.230656886e+02 -1.8346e+00 +3.1921e+00 +4.1150e-02 +2.0862e+00 +2.8188e+00 -2.2336e+00 -1.0889e+00 -3.7755e-01 +1.0897e+00 +4.7299e+00
311 0 +2.224236072e+00 +4.219442361e+02 +4.219442361e+02 -1.6655e+00 +2.8219e+00 -6.0430e-01 +3.6011e+00 +1.5814e+00 -1.9991e+00 -3.7087e-01 -8.9550e-02 -2.6973e-01 +3.0371e+00
351 0 +1.373590284e+00 +4.210935903e+02 +4.210935903e+02 -9.1759e-01 +2.2879e+00 -9.8205e-01 +4.5479e+00 +3.9250e+00 -1.2735e+00 -7.8304e-01 -7.2679e-03 -1.1384e+00 +3.3910e+00
511 0 +7.237786884e-01 +4.204437787e+02 +4.204437787e+02 -1.2648e+00 +2.6454e+00 -1.2865e+00 +3.3199e+00 +3.6398e+00 -2.5096e+00 -1.0394e+00 -6.5113e-01 -1.6291e-01 +4.6202e+00
656 0 +7.222923414e-01 +4.204422923e+02 +4.204422923e+02 -1.7811e+00 +2.4711e+00 -1.4844e+00 +3.2595e+00 +3.4630e+00 -1.7288e+00 -1.7346e+00 -1.6120e-01 -3.4383e-01 +3.8367e+00
657 0 +7.204520811e-01 +4.204404521e+02 +4.204404521e+02 -1.1793e+00 +2.2764e+00 -1.1705e+00 +3.3022e+00 +3.0574e+00 -2.2357e+00 -2.1835e+00 -4.8455e-01 -7.1959e-01 +4.2440e+00
658 0 +6.702038902e-01 +4.203902039e+02 +4.203902039e+02 -1.0488e+00 +2.4479e+00 -1.6140e+00 +3.1626e+00 +3.4028e+00 -2.3114e+00 -8.5589e-01 -9.1727e-01 -3.1387e-01 +3.6002e+00
751 0 +6.467667220e-01 +4.203667667e+02 +4.203667667e+02 -1.5436e+00 +3.3047e+00 -1.5404e+00 +3.4317e+00 +3.0376e+00 -1.7645e+00 -6.7833e-01 -5.3779e-01 -4.8022e-01 +3.6210e+00
752 0 +3.245449080e-01 +4.200445449e+02 +4.200445449e+02 -1.2119e+00 +2.5782e+00 -1.5031e+00 +3.9470e+00 +3.4938e+00 -1.9393e+00 -7.9742e-01 -4.0132e-01 -6.2484e-01 +3.9853e+00
754 0 +2.864881687e-01 +4.200064882e+02 +4.200064882e+02 -1.3665e+00 +2.2365e+00 -1.2410e+00 +3.4030e+00 +3.1846e+00 -2.0530e+00 -8.3419e-01 -6.0410e-01 -8.7969e-01 +4.0907e+00
755 0 +2.743429949e-01 +4.199943430e+02 +4.199943430e+02 -1.1456e+00 +2.4848e+00 -1.3122e+00 +3.0785e+00 +3.4070e+00 -2.4556e+00 -1.4426e+00 -9.4560e-02 -8.5574e-01 +4.2738e+00
822 0 +2.049878925e-01 +4.199249879e+02 +4.199249879e+02 -1.0624e+00 +2.6893e+00 -9.7690e-01 +3.5508e+00 +3.5073e+00 -2.8403e+00 -1.2887e+00 -1.1428e-01 -8.6753e-01 +4.0265e+00
951 0 +1.645187141e-01 +4.198845187e+02 +4.198845187e+02 -1.0663e+00 +2.4789e+00 -1.5513e+00 +3.6352e+00 +3.2622e+00 -2.2738e+00 -1.0580e+00 -3.9493e-01 -7.4596e-01 +3.9463e+00
958 0 +1.565082518e-01 +4.198765083e+02 +4.198765083e+02 -1.0076e+00 +2.4053e+00 -1.3832e+00 +3.7210e+00 +3.2510e+00 -2.2973e+00 -1.3294e+00 -2.6014e-01 -1.0217e+00 +3.9516e+00
969 0 +9.323380656e-02 +4.198132338e+02 +4.198132338e+02 -1.2368e+00 +2.7435e+00 -1.2844e+00 +3.6718e+00 +3.4326e+00 -2.4239e+00 -1.0650e+00 -2.8496e-01 -6.2581e-01 +3.7966e+00
1017 0 +6.119727767e-02 +4.197811973e+02 +4.197811973e+02 -1.1623e+00 +2.7648e+00 -1.2267e+00 +3.3339e+00 +3.0775e+00 -2.0626e+00 -1.0879e+00 -3.6493e-01 -1.0427e+00 +4.0433e+00
1115 0 +5.358310822e-02 +4.197735831e+02 +4.197735831e+02 -1.1780e+00 +2.8127e+00 -1.4808e+00 +3.4875e+00 +3.3012e+00 -2.2448e+00 -1.2309e+00 -2.0655e-01 -8.9312e-01 +3.9240e+00
1235 0 +5.315738233e-02 +4.197731574e+02 +4.197731574e+02 -1.3027e+00 +2.6322e+00 -1.3663e+00 +3.5622e+00 +3.2860e+00 -2.0541e+00 -1.0995e+00 -4.0488e-01 -8.5404e-01 +4.0278e+00
1252 0 +3.147370752e-02 +4.197514737e+02 +4.197514737e+02 -1.1566e+00 +2.7793e+00 -1.2822e+00 +3.5335e+00 +3.2818e+00 -2.3056e+00 -1.1595e+00 -2.6243e-01 -9.0043e-01 +3.9143e+00
1343 0 +2.409385181e-02 +4.197440939e+02 +4.197440939e+02 -1.2175e+00 +2.6103e+00 -1.3676e+00 +3.4927e+00 +3.2781e+00 -2.1726e+00 -1.2033e+00 -2.5703e-01 -8.0831e-01 +3.9057e+00
1365 0 +1.701053080e-02 +4.197370105e+02 +4.197370105e+02 -1.1951e+00 +2.7087e+00 -1.3524e+00 +3.5208e+00 +3.2078e+00 -2.2661e+00 -1.2194e+00 -1.7296e-01 -8.9615e-01 +4.0323e+00
1431 0 +1.506939423e-02 +4.197350694e+02 +4.197350694e+02 -1.2032e+00 +2.7073e+00 -1.3050e+00 +3.5240e+00 +3.3122e+00 -2.3380e+00 -1.1850e+00 -1.8337e-01 -8.5812e-01 +4.0131e+00
1451 0 +1.411643703e-02 +4.197341164e+02 +4.197341164e+02 -1.1847e+00 +2.6410e+00 -1.2944e+00 +3.5665e+00 +3.2570e+00 -2.2442e+00 -1.2092e+00 -2.1352e-01 -8.8538e-01 +3.9988e+00
1510 0 +9.689753910e-03 +4.197296898e+02 +4.197296898e+02 -1.1817e+00 +2.7972e+00 -1.3248e+00 +3.5351e+00 +3.1958e+00 -2.2730e+00 -1.2061e+00 -2.7037e-01 -8.6648e-01 +3.9882e+00
1511 0 +8.454001830e-03 +4.197284540e+02 +4.197284540e+02 -1.1595e+00 +2.6469e+00 -1.3624e+00 +3.5003e+00 +3.2187e+00 -2.2160e+00 -1.1528e+00 -2.8617e-01 -9.0646e-01 +3.9642e+00
1647 0 +6.645940910e-03 +4.197266459e+02 +4.197266459e+02 -1.2217e+00 +2.7311e+00 -1.3354e+00 +3.5129e+00 +3.2278e+00 -2.1841e+00 -1.1583e+00 -2.8823e-01 -9.0714e-01 +4.0393e+00
1671 0 +5.818816238e-03 +4.197258188e+02 +4.197258188e+02 -1.1606e+00 +2.7250e+00 -1.3361e+00 +3.5775e+00 +3.1837e+00 -2.1933e+00 -1.1005e+00 -3.3933e-01 -9.0028e-01 +3.9716e+00
1884 0 +4.543293588e-03 +4.197245433e+02 +4.197245433e+02 -1.1715e+00 +2.7069e+00 -1.2904e+00 +3.5873e+00 +3.2647e+00 -2.3013e+00 -1.1498e+00 -2.3567e-01 -8.9110e-01 +3.9946e+00
1942 0 +3.341555257e-03 +4.197233416e+02 +4.197233416e+02 -1.1644e+00 +2.7277e+00 -1.2652e+00 +3.5724e+00 +3.1865e+00 -2.2160e+00 -1.1305e+00 -2.7407e-01 -9.4104e-01 +4.0028e+00
1972 0 +1.878839961e-03 +4.197218788e+02 +4.197218788e+02 -1.1623e+00 +2.7645e+00 -1.2585e+00 +3.6024e+00 +3.1960e+00 -2.2331e+00 -1.1078e+00 -2.8156e-01 -9.3902e-01 +4.0048e+00
2147 0 +1.805705211e-03 +4.197218057e+02 +4.197218057e+02 -1.1726e+00 +2.7304e+00 -1.3464e+00 +3.5434e+00 +3.1757e+00 -2.1947e+00 -1.1442e+00 -3.0573e-01 -9.1010e-01 +3.9934e+00
2191 0 +7.895740039e-04 +4.197207896e+02 +4.197207896e+02 -1.1795e+00 +2.7285e+00 -1.3163e+00 +3.5745e+00 +3.1954e+00 -2.1794e+00 -1.1236e+00 -2.8567e-01 -9.2976e-01 +3.9970e+00
2409 0 +7.390262573e-04 +4.197207390e+02 +4.197207390e+02 -1.1592e+00 +2.7491e+00 -1.2995e+00 +3.5909e+00 +3.2147e+00 -2.2580e+00 -1.1297e+00 -2.8313e-01 -9.0895e-01 +3.9867e+00
2412 0 +5.158247882e-04 +4.197205158e+02 +4.197205158e+02 -1.1736e+00 +2.7672e+00 -1.3185e+00 +3.5627e+00 +3.1916e+00 -2.2165e+00 -1.1228e+00 -2.7421e-01 -9.3670e-01 +4.0146e+00
% f evaluations | g evaluations | best noise-free fitness - Fopt (7.640000000000e+00) + sum g_i+ | measured fitness | best measured fitness or single-digit g-values | x1 | x2...
1 0 +5.720541878e+01 +6.484541878e+01 +6.484541878e+01 +5.9671e-01 -3.8264e-02 +7.4769e-01 +1.6230e+00 -1.3415e-01 -1.3414e-01 +1.6792e+00 +8.6743e-01 -3.6947e-01 +6.4256e-01
3 0 +4.950612195e+01 +5.714612195e+01 +5.714612195e+01 +1.5656e+00 -1.2578e-01 +1.6753e-01 -1.3247e+00 -4.4438e-01 +2.1092e-01 -1.0510e+00 +4.7570e-01 -5.0064e-01 -1.9169e-01
4 0 +2.418742676e+01 +3.182742676e+01 +3.182742676e+01 -5.0171e-01 +1.9523e+00 +8.6503e-02 -9.5771e-01 +9.2254e-01 -1.1208e+00 +3.0886e-01 -1.8597e+00 -1.2282e+00 +2.9686e-01
50 0 +2.078342027e+01 +2.842342027e+01 +2.842342027e+01 +9.2027e-02 +1.5799e+00 +1.7737e-01 -7.6128e-01 +1.6231e+00 +6.3891e-01 -9.3725e-01 -9.0339e-02 -7.7562e-01 -1.2828e+00
53 0 +1.221176524e+01 +1.985176524e+01 +1.985176524e+01 +2.2642e-01 +3.2897e+00 -4.4288e-01 +1.8997e+00 +2.6662e+00 -1.2615e+00 -1.3179e+00 +1.2614e-01 -2.3165e+00 -8.4949e-01
57 0 +9.634039626e+00 +1.727403963e+01 +1.727403963e+01 +1.7359e+00 +2.3998e+00 +6.7809e-01 +8.3382e-01 +7.8779e-01 +1.9399e+00 +3.5172e-02 +4.6670e-01 -1.9952e+00 -8.4935e-02
102 0 +6.502542648e+00 +1.414254265e+01 +1.414254265e+01 +1.4428e-01 +2.4056e+00 +1.6703e+00 +1.5307e+00 +3.8897e+00 +2.9266e+00 -2.0685e-01 -7.0163e-01 -2.3457e+00 +1.9309e-01
201 0 +5.795843684e+00 +1.343584368e+01 +1.343584368e+01 +2.6874e-01 +3.8149e+00 +2.1258e+00 +2.8225e+00 +1.8615e+00 +6.5888e-01 +1.0308e+00 +3.7346e-01 -1.5014e+00 -1.0002e+00
260 0 +3.836479730e+00 +1.147647973e+01 +1.147647973e+01 +2.1396e+00 +2.2815e+00 +1.4109e+00 +3.9774e+00 +3.7083e+00 +1.5184e+00 +2.1417e-01 +7.1773e-01 -1.6109e+00 -2.9371e+00
301 0 +3.818885756e+00 +1.145888576e+01 +1.145888576e+01 +2.2414e+00 +1.9557e+00 +2.9353e+00 +3.1882e+00 +4.2931e+00 +2.5777e+00 -5.7565e-01 -2.9829e+00 -2.6441e+00 -1.5671e+00
368 0 +3.816271963e+00 +1.145627196e+01 +1.145627196e+01 +1.1994e+00 +2.9290e+00 +1.9838e+00 +3.7877e+00 +3.4953e+00 +3.9489e+00 -5.3072e-01 -2.4348e+00 -1.1466e+00 -2.2799e+00
401 0 +2.629128806e+00 +1.026912881e+01 +1.026912881e+01 +2.9401e+00 +2.1447e+00 +4.2985e+00 +4.5730e+00 +2.6485e+00 +3.6216e+00 +3.3914e-01 -1.8743e+00 -1.8236e+00 -2.2031e+00
457 0 +1.912550303e+00 +9.552550303e+00 +9.552550303e+00 +3.0571e+00 +2.5551e+00 +2.4827e+00 +3.3500e+00 +3.2709e+00 +2.1365e+00 +2.6339e-01 +2.2842e-01 -2.7540e+00 -2.2357e+00
510 0 +1.895173818e+00 +9.535173818e+00 +9.535173818e+00 +4.5060e+00 +2.4207e+00 +2.5434e+00 +3.5005e+00 +1.8945e+00 +2.8346e+00 +1.1259e+00 -5.0546e-01 -1.2756e+00 -4.1239e+00
559 0 +1.531218640e+00 +9.171218640e+00 +9.171218640e+00 +3.1878e+00 +2.4137e+00 +3.2820e+00 +4.3530e+00 +3.6812e+00 +2.9191e+00 +1.3137e+00 -1.2924e+00 -9.4986e-01 -2.7484e+00
612 0 +1.449750442e+00 +9.089750442e+00 +9.089750442e+00 +3.2276e+00 +2.9518e+00 +3.0712e+00 +4.8030e+00 +1.9210e+00 +2.2094e+00 -4.2126e-02 -1.3751e+00 -1.6396e+00 -2.8385e+00
644 0 +1.250613043e+00 +8.890613043e+00 +8.890613043e+00 +3.7026e+00 +1.6838e+00 +2.9259e+00 +4.5391e+00 +1.8328e+00 +2.8138e+00 +3.3812e-01 -1.8905e-02 -1.9027e+00 -2.5980e+00
661 0 +9.271852933e-01 +8.567185293e+00 +8.567185293e+00 +3.7929e+00 +2.5713e+00 +2.7233e+00 +4.0140e+00 +3.6538e+00 +2.4826e+00 +1.0650e-01 -3.9153e-01 -1.9913e+00 -2.2435e+00
701 0 +7.069677147e-01 +8.346967715e+00 +8.346967715e+00 +3.3239e+00 +2.9719e+00 +2.3491e+00 +4.7566e+00 +3.0061e+00 +3.0642e+00 +6.3718e-01 -2.2401e-01 -1.7905e+00 -2.5122e+00
821 0 +6.582066941e-01 +8.298206694e+00 +8.298206694e+00 +3.5575e+00 +3.1678e+00 +2.2953e+00 +3.4930e+00 +2.8165e+00 +3.2096e+00 +6.1614e-01 -8.8795e-01 -1.7138e+00 -2.9726e+00
851 0 +3.999076334e-01 +8.039907633e+00 +8.039907633e+00 +3.7145e+00 +2.8591e+00 +2.5448e+00 +4.1161e+00 +2.5382e+00 +2.5168e+00 +7.1755e-01 -4.5531e-01 -1.9219e+00 -2.7689e+00
903 0 +2.791240525e-01 +7.919124052e+00 +7.919124052e+00 +3.2092e+00 +2.9474e+00 +2.8672e+00 +3.5635e+00 +2.9519e+00 +2.5686e+00 +5.9974e-01 -5.6717e-01 -1.7704e+00 -2.9780e+00
917 0 +2.683797125e-01 +7.908379712e+00 +7.908379712e+00 +3.6208e+00 +2.7919e+00 +2.7167e+00 +3.8371e+00 +2.3195e+00 +2.6894e+00 +7.7143e-01 -6.3505e-01 -1.3616e+00 -2.8172e+00
961 0 +2.064604985e-01 +7.846460498e+00 +7.846460498e+00 +3.4327e+00 +2.0889e+00 +2.7071e+00 +4.2251e+00 +2.6304e+00 +3.1556e+00 +4.2377e-01 -5.0356e-01 -1.7449e+00 -2.7593e+00
1002 0 +1.919075566e-01 +7.831907557e+00 +7.831907557e+00 +3.5746e+00 +2.7414e+00 +2.6463e+00 +3.6969e+00 +2.3919e+00 +3.0231e+00 +7.0537e-01 -7.5997e-01 -1.4773e+00 -2.8454e+00
1052 0 +1.324725705e-01 +7.772472571e+00 +7.772472571e+00 +3.4929e+00 +2.4969e+00 +2.7729e+00 +3.6381e+00 +2.6422e+00 +2.8665e+00 +5.0400e-01 -5.7577e-01 -1.7228e+00 -2.7574e+00
1111 0 +1.223862072e-01 +7.762386207e+00 +7.762386207e+00 +3.4539e+00 +2.8494e+00 +2.7384e+00 +3.9400e+00 +3.0316e+00 +2.8209e+00 +5.7318e-01 -6.8504e-01 -1.2917e+00 -2.8700e+00
1199 0 +1.214934801e-01 +7.761493480e+00 +7.761493480e+00 +3.3818e+00 +2.5847e+00 +2.7798e+00 +4.0523e+00 +2.3125e+00 +3.0039e+00 +5.3120e-01 -6.5071e-01 -1.3381e+00 -2.8119e+00
1203 0 +7.132774074e-02 +7.711327741e+00 +7.711327741e+00 +3.4884e+00 +2.5177e+00 +2.8004e+00 +3.8839e+00 +2.7759e+00 +2.8476e+00 +5.6807e-01 -7.2022e-01 -1.3111e+00 -2.7207e+00
1304 0 +5.360749446e-02 +7.693607494e+00 +7.693607494e+00 +3.3720e+00 +2.6089e+00 +2.7410e+00 +3.8505e+00 +2.6866e+00 +2.8492e+00 +5.2241e-01 -6.7706e-01 -1.4163e+00 -2.9142e+00
1356 0 +4.817317827e-02 +7.688173178e+00 +7.688173178e+00 +3.4632e+00 +2.4925e+00 +2.6902e+00 +4.0798e+00 +2.8119e+00 +2.7945e+00 +5.6879e-01 -6.9512e-01 -1.6702e+00 -2.8494e+00
1401 0 +4.209627663e-02 +7.682096277e+00 +7.682096277e+00 +3.4550e+00 +2.4912e+00 +2.8562e+00 +4.0465e+00 +2.7468e+00 +2.9048e+00 +5.3618e-01 -6.7769e-01 -1.5622e+00 -2.8379e+00
1420 0 +3.472614258e-02 +7.674726143e+00 +7.674726143e+00 +3.3122e+00 +2.6442e+00 +2.7814e+00 +3.9809e+00 +2.8069e+00 +2.9214e+00 +5.6473e-01 -5.7184e-01 -1.3895e+00 -2.8322e+00
1428 0 +3.060661875e-02 +7.670606619e+00 +7.670606619e+00 +3.4665e+00 +2.5412e+00 +2.8519e+00 +3.9382e+00 +2.8168e+00 +2.7795e+00 +5.0982e-01 -6.3610e-01 -1.5620e+00 -2.8380e+00
1471 0 +3.028486781e-02 +7.670284868e+00 +7.670284868e+00 +3.4356e+00 +2.6671e+00 +2.7662e+00 +3.9304e+00 +2.7280e+00 +2.9132e+00 +5.8444e-01 -6.7847e-01 -1.3792e+00 -2.8177e+00
1503 0 +2.710898933e-02 +7.667108989e+00 +7.667108989e+00 +3.4840e+00 +2.7064e+00 +2.6102e+00 +3.9349e+00 +2.7727e+00 +2.8342e+00 +6.0653e-01 -6.9683e-01 -1.4034e+00 -2.8020e+00
1516 0 +2.437337877e-02 +7.664373379e+00 +7.664373379e+00 +3.4310e+00 +2.6346e+00 +2.7995e+00 +3.9011e+00 +2.6909e+00 +2.8452e+00 +5.4195e-01 -5.9597e-01 -1.5391e+00 -2.8361e+00
1653 0 +2.104231386e-02 +7.661042314e+00 +7.661042314e+00 +3.4447e+00 +2.6309e+00 +2.8752e+00 +3.8895e+00 +2.6789e+00 +2.9161e+00 +5.3306e-01 -6.0710e-01 -1.4779e+00 -2.7781e+00
1662 0 +1.721092700e-02 +7.657210927e+00 +7.657210927e+00 +3.4970e+00 +2.6179e+00 +2.7487e+00 +3.8917e+00 +2.7840e+00 +2.8425e+00 +4.6026e-01 -5.9869e-01 -1.4777e+00 -2.7839e+00
1685 0 +1.118679721e-02 +7.651186797e+00 +7.651186797e+00 +3.4462e+00 +2.6073e+00 +2.7331e+00 +4.0088e+00 +2.7613e+00 +2.8752e+00 +5.1015e-01 -6.9520e-01 -1.4514e+00 -2.8331e+00
1784 0 +1.087825654e-02 +7.650878257e+00 +7.650878257e+00 +3.4290e+00 +2.6332e+00 +2.7336e+00 +3.9959e+00 +2.7722e+00 +2.8827e+00 +4.7159e-01 -6.6054e-01 -1.4408e+00 -2.8412e+00
1805 0 +9.303547137e-03 +7.649303547e+00 +7.649303547e+00 +3.4756e+00 +2.7061e+00 +2.7761e+00 +3.8841e+00 +2.7960e+00 +2.9124e+00 +5.3600e-01 -6.1260e-01 -1.5179e+00 -2.7819e+00
1872 0 +4.599370427e-03 +7.644599370e+00 +7.644599370e+00 +3.4447e+00 +2.5876e+00 +2.7751e+00 +3.9859e+00 +2.8077e+00 +2.9101e+00 +5.5464e-01 -6.3314e-01 -1.4901e+00 -2.7698e+00
2104 0 +3.375845875e-03 +7.643375846e+00 +7.643375846e+00 +3.4921e+00 +2.6468e+00 +2.7471e+00 +3.9507e+00 +2.7936e+00 +2.9240e+00 +5.4215e-01 -6.2319e-01 -1.5128e+00 -2.7544e+00
2182 0 +3.233531474e-03 +7.643233531e+00 +7.643233531e+00 +3.5105e+00 +2.6865e+00 +2.7255e+00 +3.9329e+00 +2.8382e+00 +2.8994e+00 +5.6500e-01 -6.4930e-01 -1.5362e+00 -2.7589e+00
2239 0 +1.707737305e-03 +7.641707737e+00 +7.641707737e+00 +3.4952e+00 +2.6164e+00 +2.6988e+00 +3.9640e+00 +2.8215e+00 +2.9044e+00 +5.8285e-01 -6.6408e-01 -1.5065e+00 -2.7499e+00
2293 0 +1.372265774e-03 +7.641372266e+00 +7.641372266e+00 +3.5111e+00 +2.6388e+00 +2.7377e+00 +3.9434e+00 +2.8445e+00 +2.8982e+00 +5.5343e-01 -6.3939e-01 -1.5415e+00 -2.7486e+00
2467 0 +1.135852098e-03 +7.641135852e+00 +7.641135852e+00 +3.5063e+00 +2.6462e+00 +2.7436e+00 +3.9342e+00 +2.8272e+00 +2.8912e+00 +5.5237e-01 -6.4491e-01 -1.5278e+00 -2.7606e+00
% f evaluations | g evaluations | best noise-free fitness - Fopt (-1.276800000000e+02) + sum g_i+ | measured fitness | best measured fitness or single-digit g-values | x1 | x2...
1 0 +5.942865527e+01 -6.825134473e+01 -6.825134473e+01 +5.9671e-01 -3.8264e-02 +7.4769e-01 +1.6230e+00 -1.3415e-01 -1.3414e-01 +1.6792e+00 +8.6743e-01 -3.6947e-01 +6.4256e-01
4 0 +3.585481446e+01 -9.182518554e+01 -9.182518554e+01 -5.0171e-01 +1.9523e+00 +8.6503e-02 -9.5771e-01 +9.2254e-01 -1.1208e+00 +3.0886e-01 -1.8597e+00 -1.2282e+00 +2.9686e-01
8 0 +2.440927263e+01 -1.032707274e+02 -1.032707274e+02 +4.6140e-01 +1.6380e+00 +6.4174e-02 +1.6646e+00 -2.5197e+00 +9.2190e-01 +1.8705e-01 -1.9901e-01 +1.9176e-01 -1.8876e+00
15 0 +1.944559288e+01 -1.082344071e+02 -1.082344071e+02 +3.2746e-01 +1.4071e+00 -1.5075e+00 +2.8463e-01 +3.5988e-01 +8.8182e-01 -1.1370e+00 -1.2205e+00 +6.2194e-01 +3.9698e-01
53 0 +1.485671379e+01 -1.128232862e+02 -1.128232862e+02 -2.0853e+00 +1.3426e+00 -1.1365e+00 +7.4670e-01 -2.1373e+00 +4.6263e-01 -2.0527e+00 -1.8164e+00 +2.6036e+00 +2.8439e-01
54 0 +1.376125973e+01 -1.139187403e+02 -1.139187403e+02 +5.1277e-01 +6.9471e-01 -5.6270e-01 -2.0884e-01 -1.8263e+00 +7.0030e-01 -1.4375e+00 -1.7199e+00 +7.7272e-01 +1.8799e-01
55 0 +1.363208746e+01 -1.140479125e+02 -1.140479125e+02 -6.2296e-01 +7.7703e-01 -2.1797e-01 -2.2122e-01 -4.2761e-01 -4.1345e-01 -1.0191e+00 -2.5416e+00 +1.4715e+00 +1.2826e-01
90 0 +1.223092039e+01 -1.154490796e+02 -1.154490796e+02 +8.7579e-01 +1.5945e+00 +5.4551e-01 +1.8323e+00 +1.5343e-01 -4.2538e-01 +3.0591e-01 -3.6909e+00 +2.0890e+00 +1.5769e-01
91 0 +1.019654497e+01 -1.174834550e+02 -1.174834550e+02 +5.7819e-01 +1.0279e+00 +1.0307e-01 +1.5952e+00 -1.2703e+00 +9.1526e-01 -9.2866e-01 -1.6820e+00 +2.6960e+00 +2.0130e-01
106 0 +9.466915906e+00 -1.182130841e+02 -1.182130841e+02 -9.8353e-01 +1.2320e+00 +6.7336e-01 +2.9209e-02 -2.1680e+00 -6.7882e-01 -2.8522e+00 -1.9866e+00 +1.9304e+00 +1.1178e+00
110 0 +8.132247304e+00 -1.195477527e+02 -1.195477527e+02 +8.7290e-02 +3.7429e+00 +1.1404e+00 +6.7144e-01 -3.7524e+00 +1.4414e+00 -2.6280e+00 -2.8192e+00 +3.8443e+00 -3.4487e-01
114 0 +5.926613915e+00 -1.217533861e+02 -1.217533861e+02 +2.4462e+00 +2.4238e+00 -2.6633e-01 +1.9836e+00 -1.8945e+00 -2.4839e+00 -3.0621e+00 -4.0148e+00 +3.4962e+00 +1.6466e+00
300 0 +5.263630007e+00 -1.224163700e+02 -1.224163700e+02 +2.2289e+00 +3.6478e+00 +1.2624e+00 +2.1000e+00 -6.7931e-01 -8.2201e-01 -1.6054e+00 -1.1521e+00 +4.8331e+00 +2.3570e+00
301 0 +4.415877425e+00 -1.232641226e+02 -1.232641226e+02 +3.7964e+00 +1.3603e+00 +1.7355e+00 +2.0976e+00 -3.3876e+00 -1.5519e+00 -3.7366e+00 -3.2927e+00 +4.5742e+00 +3.5660e+00
393 0 +3.649706407e+00 -1.240302936e+02 -1.240302936e+02 +2.0096e+00 +3.2394e+00 +1.1478e+00 +7.2896e-01 -2.3871e+00 -1.4261e+00 -4.3693e+00 -4.4032e+00 +4.3784e+00 +3.2276e+00
410 0 +3.415011254e+00 -1.242649887e+02 -1.242649887e+02 +1.9049e+00 +3.2579e+00 +1.5569e+00 +6.2362e-01 -8.8859e-01 -9.1841e-01 -1.7459e+00 -2.7788e+00 +2.2856e+00 +2.3877e+00
453 0 +3.163468593e+00 -1.245165314e+02 -1.245165314e+02 +3.0270e+00 +2.4634e+00 +2.6692e+00 +7.4014e-01 -4.0831e+00 -9.7084e-01 -3.2217e+00 -2.0179e+00 +4.1778e+00 +3.7588e+00
454 0 +2.663631633e+00 -1.250163684e+02 -1.250163684e+02 +1.4731e+00 +4.4520e+00 +1.5991e+00 +6.8173e-01 -1.7914e+00 -3.0585e+00 -3.1194e+00 -3.2102e+00 +4.5418e+00 +3.1585e+00
511 0 +1.632890247e+00 -1.260471098e+02 -1.260471098e+02 +2.8538e+00 +3.6564e+00 +3.2963e+00 +3.5963e-01 -3.0584e+00 -2.6555e+00 -3.0097e+00 -4.4256e+00 +4.3053e+00 +3.3825e+00
531 0 +1.253974632e+00 -1.264260254e+02 -1.264260254e+02 +1.8750e+00 +2.5759e+00 +2.0624e+00 +1.7462e-01 -3.3049e+00 -1.7977e+00 -2.1857e+00 -3.8655e+00 +3.7708e+00 +3.3294e+00
617 0 +8.266809906e-01 -1.268533190e+02 -1.268533190e+02 +2.1359e+00 +3.4514e+00 +3.4880e+00 +5.6402e-01 -2.9727e+00 -1.7197e+00 -2.1378e+00 -3.2616e+00 +3.5474e+00 +3.2808e+00
660 0 +7.206668878e-01 -1.269593331e+02 -1.269593331e+02 +2.0623e+00 +4.6411e+00 +2.1985e+00 +8.3379e-01 -2.8298e+00 -1.7981e+00 -2.2134e+00 -3.6325e+00 +2.7536e+00 +3.3617e+00
674 0 +6.647367063e-01 -1.270152633e+02 -1.270152633e+02 +2.7669e+00 +3.4139e+00 +2.0160e+00 +8.3173e-01 -3.0592e+00 -2.1745e+00 -2.3742e+00 -3.6865e+00 +3.1470e+00 +3.7446e+00
751 0 +3.465794010e-01 -1.273334206e+02 -1.273334206e+02 +2.2704e+00 +3.5734e+00 +2.0382e+00 +7.1134e-01 -2.8822e+00 -1.9158e+00 -1.9877e+00 -3.1937e+00 +3.1612e+00 +3.5380e+00
812 0 +3.354218620e-01 -1.273445781e+02 -1.273445781e+02 +2.4888e+00 +3.7693e+00 +2.3638e+00 +4.5606e-01 -2.5220e+00 -1.8520e+00 -2.4769e+00 -3.6659e+00 +3.6761e+00 +3.4655e+00
855 0 +3.185513337e-01 -1.273614487e+02 -1.273614487e+02 +2.0623e+00 +3.6182e+00 +2.6498e+00 -7.4029e-02 -2.6242e+00 -1.8993e+00 -2.2398e+00 -3.5990e+00 +3.3965e+00 +3.2509e+00
873 0 +2.124819580e-01 -1.274675180e+02 -1.274675180e+02 +2.2823e+00 +3.8157e+00 +2.4518e+00 +3.8874e-01 -2.9458e+00 -1.6555e+00 -2.8406e+00 -3.8567e+00 +3.2019e+00 +3.5224e+00
959 0 +2.108706060e-01 -1.274691294e+02 -1.274691294e+02 +2.5180e+00 +3.9035e+00 +2.6098e+00 +7.5467e-01 -3.1794e+00 -1.5813e+00 -2.6206e+00 -3.9726e+00 +3.4533e+00 +3.3503e+00
1005 0 +1.019838431e-01 -1.275780162e+02 -1.275780162e+02 +2.2524e+00 +3.8477e+00 +2.6442e+00 +6.5349e-01 -2.7081e+00 -1.7966e+00 -2.6669e+00 -3.5518e+00 +3.2108e+00 +3.5717e+00
1106 0 +9.564215904e-02 -1.275843578e+02 -1.275843578e+02 +2.1432e+00 +3.9449e+00 +2.6001e+00 +5.9563e-01 -3.0850e+00 -1.9981e+00 -2.4045e+00 -3.6394e+00 +3.3822e+00 +3.3265e+00
1133 0 +7.793976952e-02 -1.276020602e+02 -1.276020602e+02 +2.2464e+00 +3.8270e+00 +2.3220e+00 +5.2629e-01 -3.0334e+00 -2.0574e+00 -2.3650e+00 -3.6425e+00 +3.3115e+00 +3.2201e+00
1138 0 +7.113935399e-02 -1.276088606e+02 -1.276088606e+02 +2.1824e+00 +3.8562e+00 +2.5085e+00 +6.3376e-01 -2.9236e+00 -1.9855e+00 -2.4907e+00 -4.0265e+00 +3.5251e+00 +3.3300e+00
1167 0 +6.037106418e-02 -1.276196289e+02 -1.276196289e+02 +2.3246e+00 +3.9182e+00 +2.5961e+00 +6.9108e-01 -2.8288e+00 -1.7152e+00 -2.4518e+00 -3.7945e+00 +3.3665e+00 +3.4388e+00
1254 0 +5.811911592e-02 -1.276218809e+02 -1.276218809e+02 +2.3886e+00 +3.6995e+00 +2.4949e+00 +5.4319e-01 -2.8073e+00 -1.8999e+00 -2.2882e+00 -3.7465e+00 +3.3460e+00 +3.3365e+00
1270 0 +1.467443849e-02 -1.276653256e+02 -1.276653256e+02 +2.2800e+00 +3.7595e+00 +2.5306e+00 +6.1731e-01 -2.8302e+00 -1.8482e+00 -2.3553e+00 -3.7306e+00 +3.3414e+00 +3.3885e+00
1325 0 +1.131230726e-02 -1.276686877e+02 -1.276686877e+02 +2.2348e+00 +3.7847e+00 +2.4281e+00 +4.1388e-01 -2.8572e+00 -1.8487e+00 -2.3889e+00 -3.6507e+00 +3.3734e+00 +3.4243e+00
1708 0 +7.269067656e-03 -1.276727309e+02 -1.276727309e+02 +2.1911e+00 +3.8099e+00 +2.4843e+00 +6.0859e-01 -2.8119e+00 -1.9492e+00 -2.4060e+00 -3.6761e+00 +3.3332e+00 +3.4359e+00
1750 0 +5.571628909e-03 -1.276744284e+02 -1.276744284e+02 +2.2649e+00 +3.7846e+00 +2.4833e+00 +6.2382e-01 -2.8165e+00 -1.8734e+00 -2.3956e+00 -3.7027e+00 +3.2975e+00 +3.4456e+00
1969 0 +4.688102965e-03 -1.276753119e+02 -1.276753119e+02 +2.2330e+00 +3.7779e+00 +2.5014e+00 +5.4917e-01 -2.7384e+00 -1.8589e+00 -2.3462e+00 -3.6026e+00 +3.3178e+00 +3.4748e+00
2022 0 +4.306193345e-03 -1.276756938e+02 -1.276756938e+02 +2.2560e+00 +3.8167e+00 +2.5267e+00 +5.5038e-01 -2.7334e+00 -1.8590e+00 -2.3915e+00 -3.5346e+00 +3.2741e+00 +3.4718e+00
2040 0 +3.269442581e-03 -1.276767306e+02 -1.276767306e+02 +2.2594e+00 +3.8033e+00 +2.5069e+00 +5.8419e-01 -2.7691e+00 -1.8475e+00 -2.3778e+00 -3.5882e+00 +3.2879e+00 +3.4861e+00
2051 0 +3.243733583e-03 -1.276767563e+02 -1.276767563e+02 +2.2542e+00 +3.7758e+00 +2.5120e+00 +5.4531e-01 -2.7321e+00 -1.8546e+00 -2.3788e+00 -3.5355e+00 +3.2642e+00 +3.4781e+00
2064 0 +3.188135001e-03 -1.276768119e+02 -1.276768119e+02 +2.2620e+00 +3.7909e+00 +2.5133e+00 +5.7487e-01 -2.7604e+00 -1.8439e+00 -2.3588e+00 -3.5840e+00 +3.2872e+00 +3.4796e+00
2107 0 +3.133328917e-03 -1.276768667e+02 -1.276768667e+02 +2.2428e+00 +3.7922e+00 +2.5016e+00 +5.8940e-01 -2.7551e+00 -1.8631e+00 -2.3683e+00 -3.5900e+00 +3.2835e+00 +3.4862e+00
2164 0 +2.491273181e-03 -1.276775087e+02 -1.276775087e+02 +2.2589e+00 +3.8024e+00 +2.5276e+00 +5.5405e-01 -2.7724e+00 -1.8443e+00 -2.3700e+00 -3.5715e+00 +3.3020e+00 +3.4783e+00
2348 0 +1.947319589e-03 -1.276780527e+02 -1.276780527e+02 +2.2821e+00 +3.8050e+00 +2.5248e+00 +5.5030e-01 -2.8140e+00 -1.8489e+00 -2.3628e+00 -3.6054e+00 +3.3148e+00 +3.4249e+00
2372 0 +1.861830171e-03 -1.276781382e+02 -1.276781382e+02 +2.2531e+00 +3.7902e+00 +2.5238e+00 +5.5150e-01 -2.7601e+00 -1.8564e+00 -2.3622e+00 -3.5489e+00 +3.2836e+00 +3.4636e+00
2406 0 +1.824742900e-03 -1.276781753e+02 -1.276781753e+02 +2.2537e+00 +3.7669e+00 +2.4927e+00 +5.1784e-01 -2.8144e+00 -1.8443e+00 -2.3377e+00 -3.5977e+00 +3.3212e+00 +3.4544e+00
2432 0 +1.793222480e-03 -1.276782068e+02 -1.276782068e+02 +2.2607e+00 +3.7731e+00 +2.5209e+00 +5.1387e-01 -2.7752e+00 -1.8564e+00 -2.3479e+00 -3.5632e+00 +3.3096e+00 +3.4384e+00
2474 0 +1.413183396e-03 -1.276785868e+02 -1.276785868e+02 +2.2398e+00 +3.7745e+00 +2.4988e+00 +5.5386e-01 -2.8093e+00 -1.8653e+00 -2.3457e+00 -3.6270e+00 +3.3280e+00 +3.4614e+00
2495 0 +8.441696481e-04 -1.276791558e+02 -1.276791558e+02 +2.2597e+00 +3.7837e+00 +2.5008e+00 +5.4947e-01 -2.7982e+00 -1.8767e+00 -2.4020e+00 -3.6232e+00 +3.3021e+00 +3.4388e+00
