% f evaluations | g evaluations | best noise-free fitness - Fopt (2.997000000000e+01) + sum g_i+ | measured fitness | best measured fitness or single-digit g-values | x1 | x2...
1 0 +1.462433005e+03 +1.492403005e+03 +1.492403005e+03 +5.9671e-01 -3.8264e-02 +7.4769e-01 +1.6230e+00 -1.3415e-01
2 0 +1.061073956e+03 +1.091043956e+03 +1.091043956e+03 -1.3414e-01 +1.6792e+00 +8.6743e-01 -3.6947e-01 +6.4256e-01
3 0 +9.472936951e+02 +9.772636951e+02 +9.772636951e+02 -3.6342e-01 -3.6573e-01 +3.4196e-01 -1.8133e+00 -1.6249e+00
5 0 +8.776131466e+02 +9.075831466e+02 +9.075831466e+02 +1.5656e+00 -1.2578e-01 +1.6753e-01 -1.3247e+00 -4.4438e-01
7 0 +8.010567977e+02 +8.310267977e+02 +8.310267977e+02 -5.0171e-01 +1.9523e+00 +8.6503e-02 -9.5771e-01 +9.2254e-01
8 0 +5.991701095e+02 +6.291401095e+02 +6.291401095e+02 -1.1208e+00 +3.0886e-01 -1.8597e+00 -1.2282e+00 +2.9686e-01
26 0 +3.503008417e+02 +3.802708417e+02 +3.802708417e+02 +3.4244e-01 +2.0661e+00 -1.7893e+00 -2.5988e+00 +1.9049e+00
28 0 +2.939783315e+02 +3.239483315e+02 +3.239483315e+02 +6.3812e-01 +1.2126e+00 -2.5098e+00 -1.8141e+00 +1.8443e+00
70 0 +2.790328696e+02 +3.090028696e+02 +3.090028696e+02 +5.0366e-01 +7.8325e-01 -3.8066e+00 -2.0294e+00 +4.6969e+00
96 0 +1.661270262e+02 +1.960970262e+02 +1.960970262e+02 +6.8059e-02 -1.8387e-01 -3.0225e+00 -2.5692e+00 +3.5582e+00
153 0 +1.206909193e+02 +1.506609193e+02 +1.506609193e+02 +7.6225e-01 -2.0483e+00 -3.6005e+00 -1.7504e+00 +3.5844e+00
185 0 +5.809795312e+01 +8.806795312e+01 +8.806795312e+01 +7.3445e-01 -7.7690e-01 -3.3600e+00 -1.6680e+00 +3.5570e+00
255 0 +5.531223796e+01 +8.528223796e+01 +8.528223796e+01 +8.4959e-01 -2.4179e+00 -3.9759e+00 -1.9821e+00 +3.0454e+00
259 0 +3.697364818e+01 +6.694364818e+01 +6.694364818e+01 +5.9700e-01 -1.2790e+00 -3.5901e+00 -1.7759e+00 +3.4525e+00
347 0 +2.967960736e+01 +5.964960736e+01 +5.964960736e+01 +8.9319e-01 -1.8705e+00 -3.8307e+00 -1.8800e+00 +3.1778e+00
387 0 +2.548066263e+01 +5.545066263e+01 +5.545066263e+01 +1.0576e+00 -1.8186e+00 -3.7136e+00 -1.8690e+00 +3.0757e+00
394 0 +2.132121803e+01 +5.129121803e+01 +5.129121803e+01 +1.0440e+00 -1.9334e+00 -3.7117e+00 -1.8799e+00 +2.9921e+00
422 0 +1.615682651e+01 +4.612682651e+01 +4.612682651e+01 +9.5256e-01 -1.8698e+00 -3.7669e+00 -1.9111e+00 +3.0794e+00
459 0 +1.149923214e+01 +4.146923214e+01 +4.146923214e+01 +8.9152e-01 -1.8101e+00 -3.7230e+00 -1.9044e+00 +3.1194e+00
463 0 +8.572943517e+00 +3.854294352e+01 +3.854294352e+01 +8.7789e-01 -1.8202e+00 -3.6679e+00 -1.9681e+00 +3.0591e+00
508 0 +8.450615918e+00 +3.842061592e+01 +3.842061592e+01 +8.8771e-01 -1.7654e+00 -3.6465e+00 -1.9849e+00 +3.0514e+00
542 0 +7.385720963e+00 +3.735572096e+01 +3.735572096e+01 +9.3687e-01 -1.9197e+00 -3.7059e+00 -1.9422e+00 +3.0427e+00
590 0 +5.965014806e+00 +3.593501481e+01 +3.593501481e+01 +9.7980e-01 -1.9470e+00 -3.7397e+00 -1.9540e+00 +3.0643e+00
593 0 +5.703555434e+00 +3.567355543e+01 +3.567355543e+01 +9.7805e-01 -1.9661e+00 -3.7153e+00 -1.9829e+00 +3.0202e+00
616 0 +5.651584585e+00 +3.562158459e+01 +3.562158459e+01 +9.1875e-01 -1.8702e+00 -3.7162e+00 -1.9707e+00 +3.0581e+00
619 0 +3.936756142e+00 +3.390675614e+01 +3.390675614e+01 +9.6707e-01 -1.9364e+00 -3.7199e+00 -1.9724e+00 +2.9948e+00
943 0 +1.330782721e+00 +3.130078272e+01 +3.130078272e+01 +9.9515e-01 -2.0224e+00 -3.7434e+00 -1.9691e+00 +2.9971e+00
% f evaluations | g evaluations | best noise-free fitness - Fopt (-5.171000000000e+01) + sum g_i+ | measured fitness | best measured fitness or single-digit g-values | x1 | x2...
1 0 +1.411116050e+03 +1.359406050e+03 +1.359406050e+03 +5.9671e-01 -3.8264e-02 +7.4769e-01 +1.6230e+00 -1.3415e-01
2 0 +1.255469916e+03 +1.203759916e+03 +1.203759916e+03 -1.3414e-01 +1.6792e+00 +8.6743e-01 -3.6947e-01 +6.4256e-01
5 0 +1.027844135e+03 +9.761341354e+02 +9.761341354e+02 +1.5656e+00 -1.2578e-01 +1.6753e-01 -1.3247e+00 -4.4438e-01
26 0 +7.863320052e+02 +7.346220052e+02 +7.346220052e+02 +8.2945e-01 +2.9225e-01 -1.4731e+00 -2.7567e+00 +1.0668e-01
28 0 +7.290194288e+02 +6.773094288e+02 +6.773094288e+02 +1.5893e+00 +1.7220e+00 -5.9835e-01 -1.7965e+00 +9.5917e-01
51 0 +2.167641398e+02 +1.650541398e+02 +1.650541398e+02 +2.7440e+00 +3.3937e+00 -3.0815e+00 -2.0463e+00 +1.5143e+00
83 0 +1.998855696e+02 +1.481755696e+02 +1.481755696e+02 +3.0569e+00 +2.2504e+00 -2.8015e+00 -3.5095e+00 +1.6614e+00
85 0 +9.069629619e+01 +3.898629619e+01 +3.898629619e+01 +2.2635e+00 +3.0829e+00 -3.5269e+00 -4.3347e+00 +1.0893e+00
161 0 +8.499393600e+01 +3.328393600e+01 +3.328393600e+01 +2.9496e+00 +4.6283e+00 -2.4968e+00 -3.6968e+00 -5.1337e-01
237 0 +6.980608303e+01 +1.809608303e+01 +1.809608303e+01 +2.9326e+00 +4.1020e+00 -2.6727e+00 -3.3344e+00 +7.0990e-02
308 0 +5.453103134e+01 +2.821031341e+00 +2.821031341e+00 +2.2974e+00 +2.6635e+00 -3.7876e+00 -4.0167e+00 +1.5377e+00
331 0 +4.548831680e+01 -6.221683201e+00 -6.221683201e+00 +2.3313e+00 +2.7119e+00 -3.4668e+00 -3.9223e+00 +1.3859e+00
343 0 +3.561126434e+01 -1.609873566e+01 -1.609873566e+01 +2.4929e+00 +2.9694e+00 -3.5871e+00 -3.8722e+00 +1.2408e+00
350 0 +3.326537935e+01 -1.844462065e+01 -1.844462065e+01 +2.5094e+00 +3.1807e+00 -3.2553e+00 -3.7114e+00 +1.0662e+00
357 0 +9.339264597e+00 -4.237073540e+01 -4.237073540e+01 +2.5688e+00 +2.9285e+00 -3.4731e+00 -3.6301e+00 +1.2325e+00
520 0 +5.180708598e+00 -4.652929140e+01 -4.652929140e+01 +2.5631e+00 +3.0262e+00 -3.4362e+00 -3.6433e+00 +1.1376e+00
639 0 +4.438117881e+00 -4.727188212e+01 -4.727188212e+01 +2.5773e+00 +3.1198e+00 -3.3917e+00 -3.6351e+00 +1.0857e+00
658 0 +3.086828266e+00 -4.862317173e+01 -4.862317173e+01 +2.5516e+00 +3.0485e+00 -3.4164e+00 -3.6439e+00 +1.1456e+00
761 0 +2.539570414e+00 -4.917042959e+01 -4.917042959e+01 +2.5834e+00 +3.0607e+00 -3.4085e+00 -3.6495e+00 +1.1176e+00
773 0 +2.515651437e+00 -4.919434856e+01 -4.919434856e+01 +2.5713e+00 +3.0462e+00 -3.4056e+00 -3.6698e+00 +1.1305e+00
867 0 +2.495149423e+00 -4.921485058e+01 -4.921485058e+01 +2.6156e+00 +3.1450e+00 -3.3425e+00 -3.6619e+00 +1.0360e+00
870 0 +1.924045424e+00 -4.978595458e+01 -4.978595458e+01 +2.6013e+00 +3.0991e+00 -3.3782e+00 -3.6507e+00 +1.0774e+00
1183 0 +1.470660210e+00 -5.023933979e+01 -5.023933979e+01 +2.6378e+00 +3.1991e+00 -3.3265e+00 -3.6496e+00 +9.8414e-01
1190 0 +1.277983489e+00 -5.043201651e+01 -5.043201651e+01 +2.6693e+00 +3.2712e+00 -3.2792e+00 -3.6482e+00 +9.1284e-01
1216 0 +1.059119303e+00 -5.065088070e+01 -5.065088070e+01 +2.6584e+00 +3.2473e+00 -3.2912e+00 -3.6603e+00 +9.3712e-01
1246 0 +1.027728687e+00 -5.068227131e+01 -5.068227131e+01 +2.6574e+00 +3.2545e+00 -3.2874e+00 -3.6621e+00 +9.2811e-01
% f evaluations | g evaluations | best noise-free fitness - Fopt (-2.799500000000e+02) + sum g_i+ | measured fitness | best measured fitness or single-digit g-values | x1 | x2...
1 0 +1.963968683e+03 +1.684018683e+03 +1.684018683e+03 +5.9671e-01 -3.8264e-02 +7.4769e-01 +1.6230e+00 -1.3415e-01
3 0 +1.700153570e+03 +1.420203570e+03 +1.420203570e+03 -3.6342e-01 -3.6573e-01 +3.4196e-01 -1.8133e+00 -1.6249e+00
4 0 +1.537194153e+03 +1.257244153e+03 +1.257244153e+03 -4.6229e-01 -9.1283e-01 +4.1425e-01 -8.0802e-01 -1.3123e+00
26 0 +1.114805400e+03 +8.348554001e+02 +8.348554001e+02 -2.5374e+00 -1.2254e+00 +2.0421e-01 +7.7170e-01 -2.5148e+00
37 0 +8.515548504e+02 +5.716048504e+02 +5.716048504e+02 -2.6658e+00 -1.6444e+00 +1.7152e+00 -1.5664e-01 -2.6069e+00
43 0 +8.315306586e+02 +5.515806586e+02 +5.515806586e+02 -2.6741e+00 -2.4174e+00 +1.3540e-01 -1.6730e+00 -2.0539e+00
51 0 +5.493268199e+02 +2.693768199e+02 +2.693768199e+02 -3.7423e+00 -2.8633e+00 +1.2611e+00 +1.9957e-01 -4.3393e+00
58 0 +5.428376544e+02 +2.628876544e+02 +2.628876544e+02 -2.3588e+00 -4.2209e+00 +1.4081e+00 -1.6129e+00 -1.4390e+00
61 0 +5.307374399e+02 +2.507874399e+02 +2.507874399e+02 -4.6164e+00 -1.6598e+00 +3.8271e+00 -1.9165e+00 -1.5395e+00
76 0 +3.854136800e+02 +1.054636800e+02 +1.054636800e+02 -3.7943e+00 -4.7360e+00 +4.0910e+00 -7.0226e-02 -4.3494e+00
78 0 +3.807014085e+02 +1.007514085e+02 +1.007514085e+02 -2.0475e+00 -4.4437e+00 +3.2546e+00 -1.5136e+00 -3.1063e+00
82 0 +2.781253509e+02 -1.824649055e+00 -1.824649055e+00 -3.4512e+00 -3.4848e+00 +3.5492e+00 +2.3295e-01 -2.0798e+00
106 0 +2.309597928e+02 -4.899020716e+01 -4.899020716e+01 -2.9235e+00 -4.4512e+00 +1.3898e+00 -4.6261e-01 -2.1137e+00
126 0 +1.658824422e+02 -1.140675578e+02 -1.140675578e+02 -3.3819e+00 -4.9125e+00 +2.1751e+00 +6.2638e-02 -2.3673e+00
156 0 +1.569199508e+02 -1.230300492e+02 -1.230300492e+02 -4.5418e+00 -3.1123e+00 +3.1856e+00 -1.2378e+00 -3.3846e+00
157 0 +1.253400436e+02 -1.546099564e+02 -1.546099564e+02 -3.2173e+00 -4.9581e+00 +2.3903e+00 -3.2791e-01 -3.0504e+00
260 0 +1.178762452e+02 -1.620737548e+02 -1.620737548e+02 -4.3967e+00 -3.0136e+00 +3.9781e+00 -1.1847e+00 -3.0918e+00
266 0 +1.085137533e+02 -1.714362467e+02 -1.714362467e+02 -3.4508e+00 -4.5602e+00 +3.0258e+00 -9.2878e-01 -3.1754e+00
278 0 +6.640885162e+01 -2.135411484e+02 -2.135411484e+02 -4.6088e+00 -2.9451e+00 +4.3797e+00 -1.5190e+00 -3.4351e+00
313 0 +5.335881409e+01 -2.265911859e+02 -2.265911859e+02 -4.5228e+00 -3.1132e+00 +4.1251e+00 -1.6185e+00 -3.4963e+00
331 0 +5.214662702e+01 -2.278033730e+02 -2.278033730e+02 -4.2103e+00 -3.2938e+00 +4.4272e+00 -1.5735e+00 -3.7914e+00
475 0 +4.330881290e+01 -2.366411871e+02 -2.366411871e+02 -4.5038e+00 -2.9249e+00 +4.3401e+00 -1.7970e+00 -3.8275e+00
489 0 +4.192194047e+01 -2.380280595e+02 -2.380280595e+02 -4.7810e+00 -2.6179e+00 +4.8235e+00 -1.9614e+00 -4.0531e+00
500 0 +4.132987281e+01 -2.386201272e+02 -2.386201272e+02 -4.6524e+00 -2.9631e+00 +4.3245e+00 -1.7885e+00 -3.7774e+00
501 0 +4.109730249e+01 -2.388526975e+02 -2.388526975e+02 -4.8867e+00 -2.7112e+00 +4.7770e+00 -1.9324e+00 -3.9307e+00
503 0 +3.634721507e+01 -2.436027849e+02 -2.436027849e+02 -4.8649e+00 -2.7065e+00 +4.7687e+00 -1.9667e+00 -3.9149e+00
522 0 +3.121560808e+01 -2.487343919e+02 -2.487343919e+02 -4.7033e+00 -2.7917e+00 +4.5725e+00 -1.8452e+00 -3.9136e+00
549 0 +2.954804457e+01 -2.504019554e+02 -2.504019554e+02 -4.7081e+00 -2.7769e+00 +4.7691e+00 -1.9116e+00 -4.0608e+00
577 0 +2.465351761e+01 -2.552964824e+02 -2.552964824e+02 -4.7222e+00 -2.7776e+00 +4.6396e+00 -1.8835e+00 -3.9627e+00
580 0 +2.380779674e+01 -2.561422033e+02 -2.561422033e+02 -4.7605e+00 -2.7594e+00 +4.6885e+00 -1.9185e+00 -3.9619e+00
590 0 +2.172229988e+01 -2.582277001e+02 -2.582277001e+02 -4.7471e+00 -2.7343e+00 +4.7483e+00 -1.9373e+00 -4.0167e+00
683 0 +2.085282954e+01 -2.590971705e+02 -2.590971705e+02 -4.7344e+00 -2.7526e+00 +4.7187e+00 -1.9431e+00 -4.0197e+00
693 0 +2.059455335e+01 -2.593554467e+02 -2.593554467e+02 -4.7249e+00 -2.7740e+00 +4.7160e+00 -1.9181e+00 -3.9768e+00
715 0 +2.031009601e+01 -2.596399040e+02 -2.596399040e+02 -4.6513e+00 -2.8425e+00 +4.6367e+00 -1.8780e+00 -3.9668e+00
721 0 +1.933759989e+01 -2.606124001e+02 -2.606124001e+02 -4.6598e+00 -2.8292e+00 +4.6369e+00 -1.8698e+00 -3.9619e+00
738 0 +1.697752286e+01 -2.629724771e+02 -2.629724771e+02 -4.4472e+00 -3.0667e+00 +4.3960e+00 -1.6913e+00 -3.8993e+00
823 0 +1.412260823e+01 -2.658273918e+02 -2.658273918e+02 -4.4040e+00 -3.1265e+00 +4.3117e+00 -1.6237e+00 -3.7937e+00
889 0 +1.109993078e+01 -2.688500692e+02 -2.688500692e+02 -3.9758e+00 -3.6073e+00 +3.7189e+00 -1.2217e+00 -3.5349e+00
911 0 +9.972648946e+00 -2.699773511e+02 -2.699773511e+02 -4.0013e+00 -3.5403e+00 +3.7248e+00 -1.3133e+00 -3.6126e+00
918 0 +9.053742667e+00 -2.708962573e+02 -2.708962573e+02 -3.9768e+00 -3.6052e+00 +3.7404e+00 -1.2434e+00 -3.5813e+00
990 0 +8.001313675e+00 -2.719486863e+02 -2.719486863e+02 -3.4983e+00 -4.0899e+00 +3.0805e+00 -9.0176e-01 -3.3700e+00
1006 0 +5.877993825e+00 -2.740720062e+02 -2.740720062e+02 -3.5573e+00 -4.0203e+00 +3.2340e+00 -9.2489e-01 -3.3803e+00
1032 0 +5.749972157e+00 -2.742000278e+02 -2.742000278e+02 -3.6364e+00 -3.9459e+00 +3.3420e+00 -9.8963e-01 -3.4505e+00
1037 0 +3.742375859e+00 -2.762076241e+02 -2.762076241e+02 -3.6001e+00 -3.9846e+00 +3.2231e+00 -9.4527e-01 -3.4159e+00
1069 0 +3.729481154e+00 -2.762205188e+02 -2.762205188e+02 -3.5291e+00 -4.0422e+00 +3.1700e+00 -9.0053e-01 -3.3834e+00
1105 0 +3.270366226e+00 -2.766796338e+02 -2.766796338e+02 -3.6484e+00 -3.9248e+00 +3.3386e+00 -1.0154e+00 -3.4642e+00
1111 0 +1.265643151e+00 -2.786843568e+02 -2.786843568e+02 -3.6437e+00 -3.9315e+00 +3.3123e+00 -9.9366e-01 -3.4443e+00
1221 0 +9.137007824e-01 -2.790362992e+02 -2.790362992e+02 -3.6061e+00 -3.9722e+00 +3.2636e+00 -9.6734e-01 -3.4432e+00
% f evaluations | g evaluations | best noise-free fitness - Fopt (9.319900000000e+02) + sum g_i+ | measured fitness | best measured fitness or single-digit g-values | x1 | x2...
1 0 +8.100504528e+02 +1.742040453e+03 +1.742040453e+03 +5.9671e-01 -3.8264e-02 +7.4769e-01 +1.6230e+00 -1.3415e-01
2 0 +5.567058285e+02 +1.488695828e+03 +1.488695828e+03 -1.3414e-01 +1.6792e+00 +8.6743e-01 -3.6947e-01 +6.4256e-01
26 0 +3.007815482e+02 +1.232771548e+03 +1.232771548e+03 +5.7046e-02 +8.9839e-01 +1.9886e+00 -1.6515e+00 +1.1424e+00
51 0 +2.988421022e+02 +1.230832102e+03 +1.230832102e+03 -2.8840e-02 +1.6271e+00 +2.9599e+00 -1.4699e+00 +2.2456e+00
53 0 +2.420076777e+02 +1.173997678e+03 +1.173997678e+03 +1.8715e+00 +1.0531e+00 +2.8974e+00 -2.1131e+00 +2.3921e+00
57 0 +1.352364712e+02 +1.067226471e+03 +1.067226471e+03 +7.1895e-01 +3.6962e-01 +1.1870e+00 -2.8158e+00 +2.8516e+00
77 0 +1.126353351e+02 +1.044625335e+03 +1.044625335e+03 +1.0719e+00 +1.5459e+00 +4.2769e+00 +5.9350e-01 +1.3039e+00
84 0 +9.709316733e+01 +1.029083167e+03 +1.029083167e+03 +7.9758e-01 +2.5038e-01 +2.4717e+00 -6.8042e-01 +2.5372e+00
202 0 +8.089188075e+01 +1.012881881e+03 +1.012881881e+03 +1.3850e+00 +6.2242e-01 +2.3390e+00 -9.3976e-01 +2.3998e+00
204 0 +7.698682558e+01 +1.008976826e+03 +1.008976826e+03 +1.7304e+00 +5.9384e-01 +2.5396e+00 -1.1222e+00 +2.7099e+00
211 0 +5.333141429e+01 +9.853214143e+02 +9.853214143e+02 +1.1010e+00 +5.4968e-01 +2.5657e+00 -8.2242e-01 +2.5871e+00
239 0 +5.120876493e+01 +9.831987649e+02 +9.831987649e+02 +1.6233e+00 +1.0619e+00 +2.8464e+00 -7.1231e-01 +2.5090e+00
251 0 +1.751045424e+01 +9.495004542e+02 +9.495004542e+02 +1.1001e+00 +6.2351e-01 +2.5692e+00 -1.0209e+00 +2.4217e+00
348 0 +9.254904899e+00 +9.412449049e+02 +9.412449049e+02 +1.1672e+00 +5.5989e-01 +2.4929e+00 -1.0852e+00 +2.5454e+00
432 0 +9.013345727e+00 +9.410033457e+02 +9.410033457e+02 +1.2465e+00 +6.8712e-01 +2.5508e+00 -1.0545e+00 +2.5088e+00
453 0 +8.305208068e+00 +9.402952081e+02 +9.402952081e+02 +1.2664e+00 +6.7038e-01 +2.6233e+00 -1.0193e+00 +2.5096e+00
458 0 +7.252326217e+00 +9.392423262e+02 +9.392423262e+02 +1.2389e+00 +6.4006e-01 +2.5476e+00 -1.0828e+00 +2.5529e+00
487 0 +7.021202005e+00 +9.390112020e+02 +9.390112020e+02 +1.2487e+00 +6.5794e-01 +2.5596e+00 -1.0566e+00 +2.5422e+00
526 0 +5.377440115e+00 +9.373674401e+02 +9.373674401e+02 +1.2576e+00 +6.7049e-01 +2.6032e+00 -1.0059e+00 +2.5058e+00
533 0 +3.682017537e+00 +9.356720175e+02 +9.356720175e+02 +1.2306e+00 +6.7709e-01 +2.6217e+00 -9.9499e-01 +2.4933e+00
570 0 +2.805035606e+00 +9.347950356e+02 +9.347950356e+02 +1.2080e+00 +6.4812e-01 +2.5508e+00 -1.0580e+00 +2.5187e+00
695 0 +2.629614520e+00 +9.346196145e+02 +9.346196145e+02 +1.2672e+00 +7.3735e-01 +2.6844e+00 -9.2118e-01 +2.4504e+00
% f evaluations | g evaluations | best noise-free fitness - Fopt (1.133100000000e+02) + sum g_i+ | measured fitness | best measured fitness or single-digit g-values | x1 | x2...
1 0 +7.273805430e+02 +8.406905430e+02 +8.406905430e+02 +5.9671e-01 -3.8264e-02 +7.4769e-01 +1.6230e+00 -1.3415e-01
2 0 +4.123497099e+02 +5.256597099e+02 +5.256597099e+02 -1.3414e-01 +1.6792e+00 +8.6743e-01 -3.6947e-01 +6.4256e-01
22 0 +3.401513844e+02 +4.534613844e+02 +4.534613844e+02 +5.0405e-01 +1.9862e+00 +2.7458e-01 +3.5755e-01 +2.5554e-02
26 0 +2.617177976e+02 +3.750277976e+02 +3.750277976e+02 +1.1911e+00 +3.4214e+00 +1.0245e+00 -1.1566e+00 +1.6338e+00
28 0 +2.376999200e+02 +3.510099200e+02 +3.510099200e+02 +1.3621e+00 +2.3329e+00 +1.0713e+00 -1.2411e+00 +9.5527e-01
55 0 +2.343960111e+02 +3.477060111e+02 +3.477060111e+02 +1.4826e+00 +1.8845e+00 -2.2469e-01 -1.2504e+00 +1.1719e+00
62 0 +1.670542784e+02 +2.803642784e+02 +2.803642784e+02 +2.2249e+00 +2.5043e+00 +8.3100e-01 +4.6915e-01 +5.7769e-01
78 0 +1.136516066e+02 +2.269616066e+02 +2.269616066e+02 +1.8705e+00 +4.2065e+00 +1.9277e+00 +5.1941e-01 +5.9696e-01
126 0 +1.112437885e+02 +2.245537885e+02 +2.245537885e+02 +2.7693e+00 +2.3262e+00 -1.4343e-01 +1.1541e+00 +9.1779e-01
154 0 +6.712938933e+01 +1.804393893e+02 +1.804393893e+02 +2.2607e+00 +2.7425e+00 +3.1100e-01 +2.5492e-01 +1.0281e+00
176 0 +6.410753228e+01 +1.774175323e+02 +1.774175323e+02 +2.8467e+00 +1.2369e+00 -1.3968e+00 +7.8342e-01 +1.1939e+00
226 0 +5.139569808e+01 +1.647056981e+02 +1.647056981e+02 +2.5107e+00 +2.5482e+00 -3.1943e-01 +1.0151e+00 +9.7296e-01
237 0 +4.863492778e+01 +1.619449278e+02 +1.619449278e+02 +2.5107e+00 +1.9229e+00 -5.6943e-01 +6.6517e-01 +1.1554e+00
255 0 +3.548858646e+01 +1.487985865e+02 +1.487985865e+02 +2.4347e+00 +1.7912e+00 -7.9386e-01 +7.4998e-01 +1.1669e+00
284 0 +3.305898662e+01 +1.463689866e+02 +1.463689866e+02 +2.3476e+00 +2.5246e+00 -2.1652e-01 +7.0720e-01 +1.0427e+00
326 0 +3.249114249e+01 +1.458011425e+02 +1.458011425e+02 +2.5026e+00 +2.3513e+00 -4.1600e-01 +7.3446e-01 +1.0615e+00
328 0 +3.243171637e+01 +1.457417164e+02 +1.457417164e+02 +2.3105e+00 +2.3500e+00 -1.9733e-01 +5.2405e-01 +1.0523e+00
336 0 +2.795730084e+01 +1.412673008e+02 +1.412673008e+02 +2.4371e+00 +1.9534e+00 -7.4306e-01 +7.3453e-01 +1.0434e+00
355 0 +1.701391462e+01 +1.303239146e+02 +1.303239146e+02 +2.4202e+00 +1.9985e+00 -5.9121e-01 +6.5021e-01 +1.0399e+00
377 0 +1.694640687e+01 +1.302564069e+02 +1.302564069e+02 +2.3783e+00 +2.2190e+00 -3.5317e-01 +6.0041e-01 +9.9762e-01
402 0 +1.524219524e+01 +1.285521952e+02 +1.285521952e+02 +2.3754e+00 +2.2915e+00 -3.0357e-01 +6.2561e-01 +9.9435e-01
430 0 +9.355260136e+00 +1.226652601e+02 +1.226652601e+02 +2.4152e+00 +2.2538e+00 -3.6991e-01 +6.8498e-01 +9.5500e-01
480 0 +8.661252975e+00 +1.219712530e+02 +1.219712530e+02 +2.3500e+00 +2.3664e+00 -2.6645e-01 +6.2828e-01 +9.4393e-01
523 0 +7.732666769e+00 +1.210426668e+02 +1.210426668e+02 +2.3742e+00 +2.3784e+00 -2.5198e-01 +6.4672e-01 +9.1569e-01
546 0 +7.259407906e+00 +1.205694079e+02 +1.205694079e+02 +2.3858e+00 +2.2939e+00 -3.3801e-01 +6.4889e-01 +9.6320e-01
558 0 +7.105374888e+00 +1.204153749e+02 +1.204153749e+02 +2.3849e+00 +2.3204e+00 -3.1265e-01 +6.5516e-01 +9.4059e-01
589 0 +6.971454159e+00 +1.202814542e+02 +1.202814542e+02 +2.3505e+00 +2.4447e+00 -1.8240e-01 +6.3943e-01 +8.9216e-01
598 0 +5.474595283e+00 +1.187845953e+02 +1.187845953e+02 +2.3484e+00 +2.4699e+00 -1.5464e-01 +6.3251e-01 +9.0918e-01
853 0 +5.021977965e+00 +1.183319780e+02 +1.183319780e+02 +2.2414e+00 +2.8771e+00 +2.6229e-01 +5.7873e-01 +7.8780e-01
883 0 +4.895980663e+00 +1.182059807e+02 +1.182059807e+02 +2.2379e+00 +2.7628e+00 +1.6984e-01 +5.8178e-01 +7.9724e-01
885 0 +3.597596815e+00 +1.169075968e+02 +1.169075968e+02 +2.2198e+00 +2.9190e+00 +3.1186e-01 +5.5439e-01 +7.4760e-01
903 0 +3.330993022e+00 +1.166409930e+02 +1.166409930e+02 +2.2172e+00 +2.8712e+00 +2.7628e-01 +5.5697e-01 +7.7889e-01
914 0 +2.712330644e+00 +1.160223306e+02 +1.160223306e+02 +2.2421e+00 +2.8076e+00 +1.9258e-01 +5.8643e-01 +7.9604e-01
928 0 +1.113489739e+00 +1.144234897e+02 +1.144234897e+02 +2.2155e+00 +2.8928e+00 +2.8851e-01 +5.5410e-01 +7.6684e-01
1094 0 +1.063091520e+00 +1.143730915e+02 +1.143730915e+02 +2.2179e+00 +2.8722e+00 +2.6447e-01 +5.5796e-01 +7.7423e-01
1114 0 +9.837116448e-01 +1.142937116e+02 +1.142937116e+02 +2.2013e+00 +2.9353e+00 +3.2932e-01 +5.5048e-01 +7.5176e-01
1118 0 +9.390142120e-01 +1.142490142e+02 +1.142490142e+02 +2.1956e+00 +2.9542e+00 +3.5076e-01 +5.4053e-01 +7.4841e-01
1123 0 +8.865492837e-01 +1.141965493e+02 +1.141965493e+02 +2.1956e+00 +2.9523e+00 +3.4678e-01 +5.4622e-01 +7.5201e-01
1126 0 +4.714952210e-01 +1.137814952e+02 +1.137814952e+02 +2.1266e+00 +3.1932e+00 +5.9647e-01 +5.0091e-01 +6.7344e-01
% f evaluations | g evaluations | best noise-free fitness - Fopt (2.849000000000e+01) + sum g_i+ | measured fitness | best measured fitness or single-digit g-values | x1 | x2...
1 0 +1.335442911e+03 +1.363932911e+03 +1.363932911e+03 +5.9671e-01 -3.8264e-02 +7.4769e-01 +1.6230e+00 -1.3415e-01
2 0 +9.069835536e+02 +9.354735536e+02 +9.354735536e+02 -1.3414e-01 +1.6792e+00 +8.6743e-01 -3.6947e-01 +6.4256e-01
3 0 +4.708342661e+02 +4.993242661e+02 +4.993242661e+02 -3.6342e-01 -3.6573e-01 +3.4196e-01 -1.8133e+00 -1.6249e+00
26 0 +3.534844213e+02 +3.819744213e+02 +3.819744213e+02 -1.7554e+00 +3.1006e-01 +4.1381e-01 -4.4823e+00 -1.6716e+00
28 0 +2.616733952e+02 +2.901633952e+02 +2.901633952e+02 -2.6089e+00 -2.6043e-01 +1.8406e+00 -2.6228e+00 -2.3299e+00
32 0 +2.269758894e+02 +2.554658894e+02 +2.554658894e+02 -1.8236e+00 +1.6176e+00 +1.3342e+00 -3.2112e+00 -1.2801e+00
34 0 +1.897405791e+02 +2.182305791e+02 +2.182305791e+02 -1.7923e+00 +4.3004e-01 +1.3081e+00 -2.4679e+00 -1.0117e+00
62 0 +1.285704995e+02 +1.570604995e+02 +1.570604995e+02 -1.3996e+00 -7.8882e-01 +3.9159e-01 -3.6062e+00 -1.6628e+00
155 0 +1.265420223e+02 +1.550320223e+02 +1.550320223e+02 -1.3527e+00 -1.1485e+00 +9.1132e-01 -3.2543e+00 -1.5138e+00
177 0 +1.102281949e+02 +1.387181949e+02 +1.387181949e+02 -1.2124e+00 -5.8034e-01 +9.6760e-01 -3.8162e+00 -2.5637e+00
206 0 +9.355152700e+01 +1.220415270e+02 +1.220415270e+02 -1.5758e+00 -8.8551e-01 +9.1699e-01 -3.6109e+00 -2.1864e+00
231 0 +9.297978579e+01 +1.214697858e+02 +1.214697858e+02 -3.5386e-01 -1.5123e+00 +4.7590e-02 -4.1119e+00 -2.4221e+00
276 0 +2.504764236e+01 +5.353764236e+01 +5.353764236e+01 -5.5435e-01 -1.9014e+00 +7.6966e-02 -4.1059e+00 -2.3081e+00
351 0 +1.513943871e+01 +4.362943871e+01 +4.362943871e+01 -6.6502e-01 -1.8760e+00 +1.6997e-01 -3.9317e+00 -2.2746e+00
379 0 +9.112267420e+00 +3.760226742e+01 +3.760226742e+01 -8.3986e-01 -1.4358e+00 +3.9383e-01 -3.8401e+00 -2.2328e+00
482 0 +8.921266524e+00 +3.741126652e+01 +3.741126652e+01 -5.2853e-01 -1.9567e+00 +4.3095e-02 -4.0129e+00 -2.3752e+00
491 0 +7.510675593e+00 +3.600067559e+01 +3.600067559e+01 -5.5056e-01 -1.9812e+00 +7.8074e-02 -3.9698e+00 -2.3751e+00
511 0 +7.068102420e+00 +3.555810242e+01 +3.555810242e+01 -5.8057e-01 -1.9064e+00 +1.1929e-01 -3.9730e+00 -2.3973e+00
610 0 +5.610121127e+00 +3.410012113e+01 +3.410012113e+01 -5.8705e-01 -1.9452e+00 +1.0464e-01 -3.9637e+00 -2.4003e+00
615 0 +3.526740326e+00 +3.201674033e+01 +3.201674033e+01 -6.0375e-01 -1.9262e+00 +9.4276e-02 -3.9448e+00 -2.3845e+00
641 0 +3.487049723e+00 +3.197704972e+01 +3.197704972e+01 -6.0021e-01 -1.8914e+00 +9.6649e-02 -3.9538e+00 -2.3884e+00
675 0 +3.237650325e+00 +3.172765033e+01 +3.172765033e+01 -6.4037e-01 -1.8566e+00 +1.3433e-01 -3.9363e+00 -2.3437e+00
878 0 +2.910798490e+00 +3.140079849e+01 +3.140079849e+01 -5.7841e-01 -1.9538e+00 +8.4436e-02 -3.9854e+00 -2.3960e+00
895 0 +2.656057727e+00 +3.114605773e+01 +3.114605773e+01 -6.1514e-01 -1.8732e+00 +1.2960e-01 -3.9623e+00 -2.3717e+00
973 0 +2.462651740e+00 +3.095265174e+01 +3.095265174e+01 -5.7096e-01 -1.9657e+00 +6.0255e-02 -3.9770e+00 -2.3908e+00
1006 0 +1.584136651e+00 +3.007413665e+01 +3.007413665e+01 -5.8119e-01 -1.9335e+00 +8.1542e-02 -3.9766e+00 -2.3876e+00
1013 0 +1.558154836e+00 +3.004815484e+01 +3.004815484e+01 -5.7014e-01 -1.9632e+00 +7.1109e-02 -3.9838e+00 -2.3926e+00
1015 0 +1.508029140e+00 +2.999802914e+01 +2.999802914e+01 -5.7749e-01 -1.9477e+00 +7.9848e-02 -3.9807e+00 -2.3949e+00
1020 0 +1.412012229e+00 +2.990201223e+01 +2.990201223e+01 -6.0931e-01 -1.8968e+00 +1.0923e-01 -3.9595e+00 -2.3710e+00
1043 0 +1.024204216e+00 +2.951420422e+01 +2.951420422e+01 -6.0818e-01 -1.8941e+00 +1.0829e-01 -3.9573e+00 -2.3757e+00
1063 0 +8.173423055e-01 +2.930734231e+01 +2.930734231e+01 -5.9993e-01 -1.9045e+00 +1.0241e-01 -3.9602e+00 -2.3695e+00
1215 0 +7.891212538e-01 +2.927912125e+01 +2.927912125e+01 -5.9286e-01 -1.9167e+00 +9.5030e-02 -3.9605e+00 -2.3767e+00
1244 0 +6.354660244e-01 +2.912546602e+01 +2.912546602e+01 -6.2134e-01 -1.8709e+00 +1.2657e-01 -3.9475e+00 -2.3644e+00
% f evaluations | g evaluations | best noise-free fitness - Fopt (-7.405800000000e+02) + sum g_i+ | measured fitness | best measured fitness or single-digit g-values | x1 | x2...
1 0 +5.005784116e+02 -2.400015884e+02 -2.400015884e+02 +5.9671e-01 -3.8264e-02 +7.4769e-01 +1.6230e+00 -1.3415e-01
2 0 +4.804966425e+02 -2.600833575e+02 -2.600833575e+02 -1.3414e-01 +1.6792e+00 +8.6743e-01 -3.6947e-01 +6.4256e-01
7 0 +4.307350884e+02 -3.098449116e+02 -3.098449116e+02 -5.0171e-01 +1.9523e+00 +8.6503e-02 -9.5771e-01 +9.2254e-01
8 0 +2.665779677e+02 -4.740020323e+02 -4.740020323e+02 -1.1208e+00 +3.0886e-01 -1.8597e+00 -1.2282e+00 +2.9686e-01
29 0 +2.016639410e+02 -5.389160590e+02 -5.389160590e+02 +2.2323e-01 +9.8785e-01 -1.4382e+00 +1.9762e-02 +7.8345e-01
34 0 +1.929445010e+02 -5.476354990e+02 -5.476354990e+02 -1.3914e+00 +7.2287e-01 -1.4914e+00 -1.1907e-01 +2.5102e-01
51 0 +1.613846100e+02 -5.791953900e+02 -5.791953900e+02 -1.0453e+00 +2.1526e+00 -2.8515e+00 -9.1538e-01 +1.5605e+00
76 0 +1.363276566e+02 -6.042523434e+02 -6.042523434e+02 -6.9687e-01 +1.3942e+00 -1.8756e+00 -7.5422e-01 +7.8353e-01
126 0 +8.678300575e+01 -6.537969942e+02 -6.537969942e+02 -1.1876e+00 +3.5699e-01 -3.0584e+00 -3.9364e-01 -2.2832e-02
151 0 +8.567571932e+01 -6.549042807e+02 -6.549042807e+02 -1.5408e+00 +1.9659e-01 -3.1361e+00 +1.1896e-01 -9.7144e-01
201 0 +5.466679495e+01 -6.859132050e+02 -6.859132050e+02 -1.2106e+00 +2.6675e-01 -2.4850e+00 +1.7874e-01 -4.6410e-01
227 0 +4.201483986e+01 -6.985651601e+02 -6.985651601e+02 -1.3611e+00 +6.3463e-01 -2.9469e+00 -3.2758e-01 -6.4855e-03
251 0 +2.678820218e+01 -7.137917978e+02 -7.137917978e+02 -1.2002e+00 +5.1137e-01 -2.5649e+00 -9.6163e-02 -1.6810e-01
328 0 +2.008726665e+01 -7.204927333e+02 -7.204927333e+02 -1.4459e+00 +4.5371e-01 -2.7491e+00 -1.3344e-01 -3.9033e-01
380 0 +1.421397838e+01 -7.263660216e+02 -7.263660216e+02 -1.3900e+00 +3.6413e-01 -2.6891e+00 -4.1815e-02 -4.3762e-01
389 0 +8.633950877e+00 -7.319460491e+02 -7.319460491e+02 -1.5127e+00 +3.1099e-01 -2.7101e+00 -2.2342e-02 -5.5506e-01
426 0 +6.245366904e+00 -7.343346331e+02 -7.343346331e+02 -1.4513e+00 +3.6702e-01 -2.7042e+00 -8.0352e-02 -4.2328e-01
457 0 +5.535716854e+00 -7.350442831e+02 -7.350442831e+02 -1.4900e+00 +3.0762e-01 -2.6862e+00 -5.4924e-02 -5.0052e-01
461 0 +5.486973654e+00 -7.350930263e+02 -7.350930263e+02 -1.4979e+00 +3.4665e-01 -2.6961e+00 -6.1477e-02 -4.7543e-01
496 0 +4.115787361e+00 -7.364642126e+02 -7.364642126e+02 -1.5285e+00 +2.8073e-01 -2.6930e+00 -1.4500e-02 -5.7185e-01
553 0 +3.715478279e+00 -7.368645217e+02 -7.368645217e+02 -1.5250e+00 +2.9388e-01 -2.7008e+00 -3.0735e-02 -5.3584e-01
583 0 +3.122057205e+00 -7.374579428e+02 -7.374579428e+02 -1.5021e+00 +3.0731e-01 -2.6801e+00 -3.3086e-02 -5.0560e-01
631 0 +2.899223172e+00 -7.376807768e+02 -7.376807768e+02 -1.5197e+00 +2.6625e-01 -2.6795e+00 -7.5721e-03 -5.6720e-01
638 0 +2.499605545e+00 -7.380803945e+02 -7.380803945e+02 -1.5081e+00 +2.9460e-01 -2.6835e+00 -2.4103e-02 -5.3806e-01
672 0 +2.424400323e+00 -7.381555997e+02 -7.381555997e+02 -1.5010e+00 +3.0590e-01 -2.6863e+00 -3.2297e-02 -5.1157e-01
918 0 +1.778928333e+00 -7.388010717e+02 -7.388010717e+02 -1.5173e+00 +2.8843e-01 -2.6855e+00 -1.7461e-02 -5.4332e-01
975 0 +1.683680450e+00 -7.388963196e+02 -7.388963196e+02 -1.5353e+00 +2.6824e-01 -2.6865e+00 -6.1753e-03 -5.7586e-01
992 0 +1.655272136e+00 -7.389247279e+02 -7.389247279e+02 -1.5467e+00 +2.4734e-01 -2.6845e+00 +1.5533e-02 -6.1191e-01
994 0 +1.425401762e+00 -7.391545982e+02 -7.391545982e+02 -1.5564e+00 +2.4001e-01 -2.6865e+00 +1.7652e-02 -6.2159e-01
% f evaluations | g evaluations | best noise-free fitness - Fopt (-5.177000000000e+01) + sum g_i+ | measured fitness | best measured fitness or single-digit g-values | x1 | x2...
1 0 +1.215753571e+03 +1.163983571e+03 +1.163983571e+03 +5.9671e-01 -3.8264e-02 +7.4769e-01 +1.6230e+00 -1.3415e-01
2 0 +7.485873643e+02 +6.968173643e+02 +6.968173643e+02 -1.3414e-01 +1.6792e+00 +8.6743e-01 -3.6947e-01 +6.4256e-01
7 0 +6.443022971e+02 +5.925322971e+02 +5.925322971e+02 -5.0171e-01 +1.9523e+00 +8.6503e-02 -9.5771e-01 +9.2254e-01
26 0 +4.264655755e+02 +3.746955755e+02 +3.746955755e+02 -9.6474e-01 +3.3790e+00 +2.0127e+00 -2.7263e+00 +1.5043e+00
55 0 +2.343390769e+02 +1.825690769e+02 +1.825690769e+02 -2.0168e+00 +1.9229e+00 +1.9873e+00 -3.6927e+00 +2.0370e+00
79 0 +2.111155890e+02 +1.593455890e+02 +1.593455890e+02 -2.8360e+00 +1.7184e+00 +7.5864e-01 -4.0579e+00 +3.3290e+00
126 0 +1.889328130e+02 +1.371628130e+02 +1.371628130e+02 -2.4526e+00 +1.7238e+00 +8.5623e-01 -3.7953e+00 +3.8416e+00
156 0 +1.701118076e+02 +1.183418076e+02 +1.183418076e+02 -1.3047e+00 +2.7280e+00 +2.9255e+00 -3.6631e+00 +4.2169e+00
203 0 +1.496382979e+02 +9.786829788e+01 +9.786829788e+01 -2.2183e+00 +1.3989e+00 +1.4925e+00 -3.4804e+00 +3.3626e+00
230 0 +1.299940568e+02 +7.822405685e+01 +7.822405685e+01 -3.7127e+00 +6.0577e-01 +1.9572e+00 -3.4341e+00 +2.8675e+00
232 0 +1.155788165e+02 +6.380881646e+01 +6.380881646e+01 -2.6741e+00 +2.0208e+00 +1.9842e+00 -3.6325e+00 +3.7300e+00
234 0 +9.965542369e+01 +4.788542369e+01 +4.788542369e+01 -2.7675e+00 +1.3889e+00 +2.2031e+00 -3.1797e+00 +3.7109e+00
245 0 +8.199861319e+01 +3.022861319e+01 +3.022861319e+01 -1.6873e+00 +2.0438e+00 +1.8912e+00 -3.5080e+00 +3.6929e+00
252 0 +7.310239816e+01 +2.133239816e+01 +2.133239816e+01 -2.7070e+00 +1.6526e+00 +2.2774e+00 -3.7568e+00 +3.4977e+00
258 0 +6.396429771e+01 +1.219429771e+01 +1.219429771e+01 -2.8965e+00 +1.2393e+00 +2.5836e+00 -3.5580e+00 +3.8426e+00
294 0 +5.927023956e+01 +7.500239557e+00 +7.500239557e+00 -3.2055e+00 +8.0989e-01 +2.0556e+00 -3.5923e+00 +3.6085e+00
306 0 +5.543093001e+01 +3.660930011e+00 +3.660930011e+00 -2.7024e+00 +1.2522e+00 +2.6397e+00 -3.8416e+00 +4.0174e+00
309 0 +4.899524772e+01 -2.774752279e+00 -2.774752279e+00 -2.3078e+00 +1.8695e+00 +2.1855e+00 -4.0149e+00 +4.0707e+00
332 0 +4.090467686e+01 -1.086532314e+01 -1.086532314e+01 -2.8293e+00 +1.1206e+00 +2.4861e+00 -3.7229e+00 +3.7588e+00
351 0 +1.055941479e+01 -4.121058521e+01 -4.121058521e+01 -2.5981e+00 +1.4692e+00 +2.2525e+00 -3.7503e+00 +3.8871e+00
405 0 +8.797043308e+00 -4.297295669e+01 -4.297295669e+01 -2.6722e+00 +1.4530e+00 +2.2309e+00 -3.7520e+00 +3.8321e+00
543 0 +6.411973239e+00 -4.535802676e+01 -4.535802676e+01 -2.4494e+00 +1.5735e+00 +2.2468e+00 -3.7595e+00 +3.8327e+00
567 0 +2.789725092e+00 -4.898027491e+01 -4.898027491e+01 -2.5612e+00 +1.5124e+00 +2.2189e+00 -3.7402e+00 +3.8294e+00
583 0 +1.562812084e+00 -5.020718792e+01 -5.020718792e+01 -2.5552e+00 +1.5159e+00 +2.2170e+00 -3.7515e+00 +3.8143e+00
% f evaluations | g evaluations | best noise-free fitness - Fopt (-2.229800000000e+02) + sum g_i+ | measured fitness | best measured fitness or single-digit g-values | x1 | x2...
1 0 +1.618134889e+03 +1.395154889e+03 +1.395154889e+03 +5.9671e-01 -3.8264e-02 +7.4769e-01 +1.6230e+00 -1.3415e-01
9 0 +1.500900101e+03 +1.277920101e+03 +1.277920101e+03 +8.3847e-01 +2.7137e-01 -1.5648e-02 -2.0110e-01 -1.3785e+00
15 0 +1.128744425e+03 +9.057644253e+02 +9.057644253e+02 +4.6140e-01 +1.6380e+00 +6.4174e-02 +1.6646e+00 -2.5197e+00
26 0 +8.597096578e+02 +6.367296578e+02 +6.367296578e+02 -3.6078e-01 +1.4579e+00 -1.5602e-01 +3.8385e+00 -3.4569e+00
27 0 +8.155195414e+02 +5.925395414e+02 +5.925395414e+02 +1.0516e+00 -9.5975e-01 -1.1189e+00 +3.2480e+00 -2.3209e+00
28 0 +7.648820368e+02 +5.419020368e+02 +5.419020368e+02 +1.1994e+00 -5.1820e-01 -6.6708e-01 +1.7383e+00 -3.5224e+00
34 0 +7.074580250e+02 +4.844780250e+02 +4.844780250e+02 +1.9868e+00 +1.6486e+00 -2.5917e-01 +3.9219e+00 -2.1417e+00
37 0 +5.943178768e+02 +3.713378768e+02 +3.713378768e+02 +1.5989e+00 +4.7242e-01 -2.3983e+00 +2.3314e+00 -2.5252e+00
51 0 +4.603958857e+02 +2.374158857e+02 +2.374158857e+02 +3.0603e+00 +7.2320e-01 -3.8752e+00 +4.0054e+00 -4.5342e+00
52 0 +3.347019770e+02 +1.117219770e+02 +1.117219770e+02 +2.6126e+00 +1.2298e+00 -3.5022e+00 +4.8933e+00 -2.9345e+00
53 0 +2.544198978e+02 +3.143989777e+01 +3.143989777e+01 +2.2136e+00 +3.7385e+00 -2.6575e+00 +3.8016e+00 -3.4154e+00
80 0 +2.211422842e+02 -1.837715778e+00 -1.837715778e+00 +4.5316e+00 -1.5545e+00 -3.6662e+00 +2.5061e+00 -1.9711e+00
130 0 +1.617187210e+02 -6.126127896e+01 -6.126127896e+01 +2.1208e+00 +2.1360e+00 -2.7698e+00 +2.1406e+00 -4.9283e+00
182 0 +1.494123081e+02 -7.356769192e+01 -7.356769192e+01 +3.8151e+00 -3.6660e-01 -3.1940e+00 +1.6593e+00 -3.0756e+00
183 0 +1.430799701e+02 -7.990002990e+01 -7.990002990e+01 +3.4259e+00 -6.8619e-02 -3.9768e+00 +2.2928e+00 -3.6021e+00
223 0 +5.677038010e+01 -1.662096199e+02 -1.662096199e+02 +3.8538e+00 -8.8676e-01 -3.2945e+00 +1.3649e+00 -3.7854e+00
355 0 +2.931943840e+01 -1.936605616e+02 -1.936605616e+02 +4.2589e+00 -1.2398e+00 -3.5457e+00 +1.4005e+00 -3.3949e+00
460 0 +2.053149085e+01 -2.024485092e+02 -2.024485092e+02 +4.2304e+00 -1.3419e+00 -3.5716e+00 +1.4328e+00 -3.3798e+00
577 0 +1.443333901e+01 -2.085466610e+02 -2.085466610e+02 +4.0616e+00 -9.6930e-01 -3.4855e+00 +1.5750e+00 -3.4625e+00
639 0 +1.275269820e+01 -2.102273018e+02 -2.102273018e+02 +4.0216e+00 -9.4076e-01 -3.4964e+00 +1.5596e+00 -3.5068e+00
668 0 +1.272977819e+01 -2.102502218e+02 -2.102502218e+02 +3.9430e+00 -8.0213e-01 -3.4470e+00 +1.6324e+00 -3.5762e+00
680 0 +9.633716518e+00 -2.133462835e+02 -2.133462835e+02 +4.0091e+00 -8.9095e-01 -3.4945e+00 +1.6049e+00 -3.5046e+00
708 0 +8.072454357e+00 -2.149075456e+02 -2.149075456e+02 +3.9133e+00 -7.0742e-01 -3.4446e+00 +1.7268e+00 -3.5338e+00
710 0 +7.673041709e+00 -2.153069583e+02 -2.153069583e+02 +3.9430e+00 -7.8876e-01 -3.4681e+00 +1.6732e+00 -3.5237e+00
712 0 +7.145210351e+00 -2.158347896e+02 -2.158347896e+02 +3.9329e+00 -7.6582e-01 -3.4553e+00 +1.6689e+00 -3.5355e+00
798 0 +6.399139006e+00 -2.165808610e+02 -2.165808610e+02 +3.7858e+00 -4.8453e-01 -3.3884e+00 +1.7961e+00 -3.6057e+00
971 0 +4.859851828e+00 -2.181201482e+02 -2.181201482e+02 +3.7787e+00 -4.4663e-01 -3.3539e+00 +1.8430e+00 -3.6005e+00
1038 0 +4.317856396e+00 -2.186621436e+02 -2.186621436e+02 +3.7703e+00 -4.2165e-01 -3.3629e+00 +1.8282e+00 -3.6177e+00
1064 0 +4.314014941e+00 -2.186659851e+02 -2.186659851e+02 +3.7652e+00 -4.1929e-01 -3.3420e+00 +1.8390e+00 -3.6183e+00
1075 0 +3.630250645e+00 -2.193497494e+02 -2.193497494e+02 +3.7360e+00 -3.7534e-01 -3.3428e+00 +1.8574e+00 -3.6392e+00
% f evaluations | g evaluations | best noise-free fitness - Fopt (5.860000000000e+00) + sum g_i+ | measured fitness | best measured fitness or single-digit g-values | x1 | x2...
1 0 +1.155300555e+03 +1.161160555e+03 +1.161160555e+03 +5.9671e-01 -3.8264e-02 +7.4769e-01 +1.6230e+00 -1.3415e-01
2 0 +1.017084860e+03 +1.022944860e+03 +1.022944860e+03 -1.3414e-01 +1.6792e+00 +8.6743e-01 -3.6947e-01 +6.4256e-01
7 0 +9.041528243e+02 +9.100128243e+02 +9.100128243e+02 -5.0171e-01 +1.9523e+00 +8.6503e-02 -9.5771e-01 +9.2254e-01
23 0 +7.350601760e+02 +7.409201760e+02 +7.409201760e+02 -1.8188e+00 +7.3486e-02 +1.6023e-01 +2.5632e+00 -9.2361e-02
26 0 +4.872359897e+02 +4.930959897e+02 +4.930959897e+02 -6.7971e-01 +2.6693e+00 -9.0886e-02 +2.2605e+00 -2.3628e-01
34 0 +4.356428697e+02 +4.415028697e+02 +4.415028697e+02 -9.9680e-01 +3.3193e+00 +2.6180e-01 +2.0100e+00 +1.2562e+00
52 0 +3.051574351e+02 +3.110174351e+02 +3.110174351e+02 -4.0125e+00 +2.7930e+00 +2.6076e-01 +4.2142e+00 -3.1815e-01
58 0 +2.552072843e+02 +2.610672843e+02 +2.610672843e+02 -1.3794e+00 +2.9230e+00 +6.1304e-01 +4.6461e+00 +9.1422e-01
59 0 +1.978226655e+02 +2.036826655e+02 +2.036826655e+02 -3.0571e+00 +1.9388e+00 -1.0709e+00 +3.2129e+00 +2.5007e+00
97 0 +1.958483378e+02 +2.017083378e+02 +2.017083378e+02 -2.6069e+00 +2.1597e+00 -4.8897e-01 +2.4409e+00 +2.8245e+00
134 0 +1.893446854e+02 +1.952046854e+02 +1.952046854e+02 -2.1885e+00 +2.4944e+00 -8.0843e-01 +2.3233e+00 +2.8526e+00
152 0 +1.155874821e+02 +1.214474821e+02 +1.214474821e+02 -3.6053e+00 +2.0514e+00 -2.0007e-01 +2.5105e+00 +1.2404e+00
177 0 +4.871342916e+01 +5.457342916e+01 +5.457342916e+01 -3.1546e+00 +2.0661e+00 -5.4180e-01 +2.8981e+00 +1.6479e+00
300 0 +4.266234059e+01 +4.852234059e+01 +4.852234059e+01 -4.0154e+00 +2.0617e+00 -9.7104e-01 +1.7069e+00 +2.2554e+00
301 0 +3.246933922e+01 +3.832933922e+01 +3.832933922e+01 -3.6769e+00 +1.9405e+00 -1.0394e+00 +1.7075e+00 +2.3208e+00
324 0 +3.061499225e+01 +3.647499225e+01 +3.647499225e+01 -3.3635e+00 +2.0860e+00 -8.6377e-01 +2.0572e+00 +1.9967e+00
352 0 +2.130985701e+01 +2.716985701e+01 +2.716985701e+01 -3.6180e+00 +2.0515e+00 -8.5841e-01 +1.9020e+00 +1.9702e+00
353 0 +2.112388029e+01 +2.698388029e+01 +2.698388029e+01 -3.5611e+00 +2.1038e+00 -8.9115e-01 +1.9087e+00 +2.0117e+00
388 0 +1.955223491e+01 +2.541223491e+01 +2.541223491e+01 -3.5680e+00 +1.9851e+00 -8.8984e-01 +2.0354e+00 +2.0034e+00
396 0 +1.204233719e+01 +1.790233719e+01 +1.790233719e+01 -3.6060e+00 +1.9967e+00 -9.3124e-01 +2.0169e+00 +1.9727e+00
429 0 +1.038629332e+01 +1.624629332e+01 +1.624629332e+01 -3.6801e+00 +2.0275e+00 -9.4907e-01 +1.9372e+00 +2.0723e+00
465 0 +8.175265783e+00 +1.403526578e+01 +1.403526578e+01 -3.6793e+00 +2.0397e+00 -9.8049e-01 +1.8734e+00 +2.0431e+00
470 0 +6.367735028e+00 +1.222773503e+01 +1.222773503e+01 -3.8018e+00 +1.9957e+00 -9.9822e-01 +1.7545e+00 +2.1154e+00
489 0 +6.268299706e+00 +1.212829971e+01 +1.212829971e+01 -3.6580e+00 +2.0509e+00 -9.3548e-01 +1.8971e+00 +2.0278e+00
503 0 +3.933614441e+00 +9.793614441e+00 +9.793614441e+00 -3.6478e+00 +2.0290e+00 -9.2485e-01 +1.9621e+00 +2.0032e+00
511 0 +3.500597477e+00 +9.360597477e+00 +9.360597477e+00 -3.6962e+00 +2.0244e+00 -9.6730e-01 +1.8381e+00 +2.0696e+00
569 0 +3.421273489e+00 +9.281273489e+00 +9.281273489e+00 -3.6994e+00 +2.0281e+00 -9.5782e-01 +1.8951e+00 +2.0216e+00
602 0 +3.369924142e+00 +9.229924142e+00 +9.229924142e+00 -3.7241e+00 +2.0176e+00 -9.4857e-01 +1.8611e+00 +2.0320e+00
607 0 +2.010716449e+00 +7.870716449e+00 +7.870716449e+00 -3.7346e+00 +2.0185e+00 -9.7018e-01 +1.8464e+00 +2.0586e+00
867 0 +1.500729972e+00 +7.360729972e+00 +7.360729972e+00 -3.7118e+00 +2.0246e+00 -9.6811e-01 +1.8440e+00 +2.0681e+00
1092 0 +1.452340606e+00 +7.312340606e+00 +7.312340606e+00 -3.7488e+00 +2.0167e+00 -9.9903e-01 +1.7847e+00 +2.1016e+00
1095 0 +1.441814517e+00 +7.301814517e+00 +7.301814517e+00 -3.7579e+00 +2.0148e+00 -1.0093e+00 +1.7499e+00 +2.1250e+00
1099 0 +1.296456906e+00 +7.156456906e+00 +7.156456906e+00 -3.7684e+00 +2.0164e+00 -1.0085e+00 +1.7582e+00 +2.1207e+00
1100 0 +1.255027624e+00 +7.115027624e+00 +7.115027624e+00 -3.7709e+00 +2.0148e+00 -1.0126e+00 +1.7326e+00 +2.1421e+00
