% f evaluations | g evaluations | best noise-free fitness - Fopt (9.294000000000e+01) + sum g_i+ | measured fitness | best measured fitness or single-digit g-values | x1 | x2...
1 0 +6.921805774e+02 +7.851205774e+02 +7.851205774e+02 +5.9671e-01 -3.8264e-02 +7.4769e-01 +1.6230e+00 -1.3415e-01 -1.3414e-01 +1.6792e+00 +8.6743e-01 -3.6947e-01 +6.4256e-01
6 0 +3.709509198e+02 +4.638909198e+02 +4.638909198e+02 +4.2408e-01 -2.8508e-01 -5.7692e-01 +7.1168e-01 +1.1310e+00 +1.0313e+00 -7.3922e-01 -2.0921e-01 +4.3126e-01 +1.0755e+00
38 0 +2.984268964e+02 +3.913668964e+02 +3.913668964e+02 +1.2451e-01 +5.9800e-01 +1.5511e+00 +1.0593e+00 +2.2532e+00 -6.6735e-01 +9.7232e-01 +2.8334e-01 +2.2898e+00 -7.0830e-01
43 0 +1.915415457e+02 +2.844815457e+02 +2.844815457e+02 +2.1607e+00 +1.8553e+00 -1.4896e-01 +1.0716e+00 +7.4538e-01 +1.4686e+00 -8.6492e-01 +7.8605e-01 +1.1584e+00 -1.6587e+00
53 0 +1.658078737e+02 +2.587478737e+02 +2.587478737e+02 -6.2214e-02 +1.3125e+00 +7.4721e-01 +5.0789e-01 +1.6632e+00 +3.0363e+00 -6.4907e-01 -1.3991e+00 +1.5358e+00 -1.1057e+00
54 0 +9.964815145e+01 +1.925881515e+02 +1.925881515e+02 +1.0374e+00 +1.7261e+00 -2.8859e+00 +3.3038e+00 +1.9184e-01 +3.2223e+00 -6.4520e-01 -1.0517e+00 +1.5965e+00 +3.8844e-01
57 0 +8.030435609e+01 +1.732443561e+02 +1.732443561e+02 +1.0834e+00 +1.1189e+00 +5.1960e-01 +2.4910e+00 +3.2928e+00 +9.8211e-01 +2.0319e+00 +1.7543e+00 +2.0505e+00 +1.8885e+00
129 0 +5.077977657e+01 +1.437197766e+02 +1.437197766e+02 -7.1498e-01 -2.3948e-01 +1.4356e+00 +3.4936e+00 +4.0062e+00 +6.3128e-01 +2.1581e-01 +1.4812e+00 +4.3166e+00 +1.5093e+00
251 0 +4.044937470e+01 +1.333893747e+02 +1.333893747e+02 +3.2938e-01 +1.8101e+00 +3.6699e-01 +3.6283e+00 +3.1064e+00 +1.8006e+00 -3.7665e-01 -5.9609e-01 +3.0058e+00 +1.6025e+00
301 0 +3.867947879e+01 +1.316194788e+02 +1.316194788e+02 -7.2596e-01 -3.6261e-01 +1.6637e+00 +3.2264e+00 +1.8660e+00 +2.1168e+00 -4.3091e-01 -8.4459e-02 +3.4740e+00 +5.8087e-01
302 0 +3.527882542e+01 +1.282188254e+02 +1.282188254e+02 +6.1000e-02 +9.0443e-01 +1.8389e-01 +4.1433e+00 +1.6975e+00 +1.7261e+00 +3.5972e-01 -1.7452e-01 +2.3999e+00 +1.3718e+00
305 0 +3.080112813e+01 +1.237411281e+02 +1.237411281e+02 +1.9855e+00 +2.7437e+00 -1.0427e+00 +3.5947e+00 +2.2209e+00 +1.4856e+00 +2.0613e+00 -1.4034e+00 +3.8026e+00 +9.4605e-01
308 0 +3.040824444e+01 +1.233482444e+02 +1.233482444e+02 +7.9482e-01 -1.4686e+00 -2.6153e-01 +4.2670e+00 +2.3738e+00 +3.8344e+00 +1.0453e+00 -1.6141e+00 +1.7231e+00 +2.5873e+00
311 0 +2.930341349e+01 +1.222434135e+02 +1.222434135e+02 +1.9139e+00 +2.7108e+00 -1.4643e+00 +4.0740e+00 +1.8696e+00 +1.8674e+00 +6.9049e-01 -2.0068e+00 +3.1608e+00 +1.4393e+00
403 0 +2.119064158e+01 +1.141306416e+02 +1.141306416e+02 -1.1905e-01 +2.8948e+00 +2.4625e+00 +4.4975e+00 +1.2732e+00 +2.8737e+00 +5.0403e-01 -7.3606e-01 +3.9938e+00 +1.6979e+00
410 0 +1.561003064e+01 +1.085500306e+02 +1.085500306e+02 -2.1376e-01 +4.4476e-01 +6.1009e-01 +3.1895e+00 +2.0400e+00 +3.5765e+00 +2.0769e+00 -2.4768e+00 +4.1741e+00 +5.1137e-01
514 0 +1.193753922e+01 +1.048775392e+02 +1.048775392e+02 -3.1405e-01 -8.1014e-03 -1.0161e+00 +3.7441e+00 +1.8651e+00 +3.8342e+00 +1.2811e+00 -3.1367e+00 +3.9091e+00 +1.4326e+00
601 0 +1.055534081e+01 +1.034953408e+02 +1.034953408e+02 +2.7236e-01 +2.0936e-01 +1.2006e-01 +4.0315e+00 +1.5049e+00 +3.2804e+00 +1.7216e-01 -1.7636e+00 +3.7816e+00 +1.4035e+00
603 0 +7.480706221e+00 +1.004207062e+02 +1.004207062e+02 +5.8483e-01 +1.3184e+00 +1.1676e+00 +4.4082e+00 +2.1782e+00 +2.6212e+00 +8.9755e-01 -2.6529e+00 +2.7781e+00 +1.1234e+00
658 0 +7.223278511e+00 +1.001632785e+02 +1.001632785e+02 +3.7310e-01 +1.1831e+00 +1.1649e+00 +3.7288e+00 +2.3791e+00 +2.5800e+00 +1.1515e+00 -1.3209e+00 +2.5166e+00 +2.0272e+00
767 0 +5.338699106e+00 +9.827869911e+01 +9.827869911e+01 +9.5786e-01 +8.8848e-01 +6.1508e-01 +3.7756e+00 +1.9573e+00 +2.8163e+00 +1.2409e+00 -2.4766e+00 +2.5417e+00 +1.3987e+00
821 0 +4.190539892e+00 +9.713053989e+01 +9.713053989e+01 +6.3778e-01 +5.5956e-01 +8.4403e-01 +4.2856e+00 +2.3502e+00 +2.4301e+00 +8.4802e-01 -1.3293e+00 +2.8481e+00 +1.6915e+00
844 0 +3.977647548e+00 +9.691764755e+01 +9.691764755e+01 +3.2838e-02 +6.5059e-01 +1.4048e-01 +3.5377e+00 +1.5906e+00 +4.0468e+00 +1.4449e+00 -3.0900e+00 +3.3538e+00 +9.5729e-01
865 0 +1.523548879e+00 +9.446354888e+01 +9.446354888e+01 +2.4730e-02 +6.1123e-01 -7.7926e-02 +2.8261e+00 +2.5873e+00 +3.9134e+00 +1.9148e+00 -2.6455e+00 +3.5119e+00 +2.1635e+00
1024 0 +1.003670183e+00 +9.394367018e+01 +9.394367018e+01 -1.3924e-01 +3.6229e-01 +4.1044e-01 +3.6519e+00 +2.2040e+00 +3.7385e+00 +1.4025e+00 -2.6103e+00 +3.2262e+00 +1.8455e+00
1112 0 +6.993964385e-01 +9.363939644e+01 +9.363939644e+01 +4.3787e-02 +7.7928e-01 +5.0161e-01 +3.5214e+00 +2.2472e+00 +3.5559e+00 +1.5736e+00 -2.4300e+00 +3.3851e+00 +1.7219e+00
1259 0 +5.233656458e-01 +9.346336565e+01 +9.346336565e+01 +1.0820e-01 +6.0259e-01 +1.5115e-01 +3.4036e+00 +2.4782e+00 +3.5388e+00 +1.5835e+00 -2.2834e+00 +3.3578e+00 +1.8083e+00
1318 0 +4.043511313e-01 +9.334435113e+01 +9.334435113e+01 -3.5424e-02 +6.3615e-01 +1.0262e-01 +3.0407e+00 +2.5428e+00 +3.8461e+00 +1.8540e+00 -2.6377e+00 +3.5079e+00 +1.9390e+00
1353 0 +2.866641009e-01 +9.322666410e+01 +9.322666410e+01 -3.8263e-03 +7.9818e-01 +2.0438e-01 +3.0293e+00 +2.7353e+00 +3.7201e+00 +1.8903e+00 -2.2130e+00 +3.8221e+00 +2.1526e+00
1362 0 +2.834222837e-01 +9.322342228e+01 +9.322342228e+01 -5.3133e-02 +7.8982e-01 +3.2350e-01 +3.0519e+00 +2.6032e+00 +3.7611e+00 +1.8968e+00 -2.5032e+00 +3.8533e+00 +2.1254e+00
2075 0 +2.080476101e-01 +9.314804761e+01 +9.314804761e+01 -1.1989e-01 +1.1096e+00 +3.9445e-01 +3.1477e+00 +2.2381e+00 +3.7734e+00 +1.6781e+00 -2.3367e+00 +3.9742e+00 +1.9882e+00
2109 0 +1.845194989e-01 +9.312451950e+01 +9.312451950e+01 -3.9613e-02 +9.1879e-01 +2.6173e-01 +3.1691e+00 +2.4075e+00 +3.6922e+00 +1.7917e+00 -2.3561e+00 +3.8540e+00 +2.0127e+00
2112 0 +1.563634287e-01 +9.309636343e+01 +9.309636343e+01 -3.1069e-01 +7.9667e-01 +4.0275e-01 +3.0987e+00 +2.3557e+00 +3.8601e+00 +1.7273e+00 -2.3303e+00 +3.8889e+00 +2.0920e+00
2129 0 +1.473139017e-01 +9.308731390e+01 +9.308731390e+01 +2.4705e-02 +8.7367e-01 +2.5670e-01 +3.2843e+00 +2.3395e+00 +3.6794e+00 +1.6923e+00 -2.3660e+00 +3.8015e+00 +1.9732e+00
2150 0 +1.371506587e-01 +9.307715066e+01 +9.307715066e+01 -2.8512e-01 +8.4039e-01 +2.4683e-01 +3.0234e+00 +2.3900e+00 +4.0285e+00 +1.8305e+00 -2.5354e+00 +4.1051e+00 +2.2297e+00
2152 0 +1.293442691e-01 +9.306934427e+01 +9.306934427e+01 -1.0275e-01 +9.7315e-01 +3.6393e-01 +3.1614e+00 +2.3918e+00 +3.7562e+00 +1.7395e+00 -2.4527e+00 +3.9139e+00 +2.0777e+00
2161 0 +9.473226720e-02 +9.303473227e+01 +9.303473227e+01 -2.7262e-01 +7.5578e-01 +2.5838e-01 +2.9390e+00 +2.5290e+00 +3.9772e+00 +1.9251e+00 -2.4896e+00 +3.8789e+00 +2.2385e+00
2163 0 +6.908785002e-02 +9.300908785e+01 +9.300908785e+01 -1.0407e-01 +7.5634e-01 +1.8929e-01 +3.1478e+00 +2.4281e+00 +3.8764e+00 +1.7942e+00 -2.4240e+00 +3.7314e+00 +2.1124e+00
2217 0 +6.033319900e-02 +9.300033320e+01 +9.300033320e+01 -2.4592e-01 +9.7354e-01 +3.7099e-01 +3.1058e+00 +2.3179e+00 +3.9183e+00 +1.7722e+00 -2.4419e+00 +4.0056e+00 +2.2089e+00
2325 0 +5.313016797e-02 +9.299313017e+01 +9.299313017e+01 -2.0469e-01 +7.4471e-01 +2.9300e-01 +3.2078e+00 +2.3039e+00 +3.8982e+00 +1.7060e+00 -2.3740e+00 +3.8837e+00 +2.1585e+00
2361 0 +4.987169378e-02 +9.298987169e+01 +9.298987169e+01 -1.6135e-01 +8.5492e-01 +2.8690e-01 +3.1958e+00 +2.3634e+00 +3.8813e+00 +1.7205e+00 -2.4677e+00 +3.8410e+00 +2.1680e+00
2423 0 +3.115136211e-02 +9.297115136e+01 +9.297115136e+01 -2.2984e-01 +8.5936e-01 +3.1258e-01 +3.0420e+00 +2.4278e+00 +3.8875e+00 +1.7674e+00 -2.4409e+00 +3.9251e+00 +2.1265e+00
% f evaluations | g evaluations | best noise-free fitness - Fopt (3.535000000000e+01) + sum g_i+ | measured fitness | best measured fitness or single-digit g-values | x1 | x2...
1 0 +1.759972565e+02 +2.113472565e+02 +2.113472565e+02 +5.9671e-01 -3.8264e-02 +7.4769e-01 +1.6230e+00 -1.3415e-01 -1.3414e-01 +1.6792e+00 +8.6743e-01 -3.6947e-01 +6.4256e-01
33 0 +1.009449291e+02 +1.362949291e+02 +1.362949291e+02 +1.9700e-01 +6.9516e-01 -7.1822e-01 +2.1924e+00 -9.0602e-01 -1.1142e+00 +1.2581e+00 +8.9166e-01 +7.2412e-01 +7.2835e-01
56 0 +5.387870543e+01 +8.922870543e+01 +8.922870543e+01 +8.7499e-01 +1.3270e+00 -2.5636e-01 +2.5217e+00 -1.1231e+00 -9.1580e-01 +2.6185e-01 +4.6781e-01 +3.8676e-01 +8.5656e-02
67 0 +5.188295249e+01 +8.723295249e+01 +8.723295249e+01 +4.3794e-01 +2.3293e+00 +2.5508e+00 +1.5841e+00 -3.0497e+00 -1.6482e+00 +2.7976e+00 +1.2668e+00 +7.8325e-01 +2.5301e-02
81 0 +4.503507240e+01 +8.038507240e+01 +8.038507240e+01 +4.6598e-01 +2.9886e-01 +2.1466e+00 +2.8378e+00 +7.2161e-01 -5.3347e-01 +1.0841e+00 +1.5984e+00 +1.6874e+00 -5.9992e-01
149 0 +4.065477484e+01 +7.600477484e+01 +7.600477484e+01 +1.1708e+00 +7.1672e-01 +1.2197e+00 +2.8248e+00 -1.5427e+00 -1.2944e+00 -1.9389e+00 +2.1538e+00 +1.5843e+00 +5.3879e-03
261 0 +2.873529717e+01 +6.408529717e+01 +6.408529717e+01 -8.9868e-01 +2.3170e+00 +1.8335e+00 +2.8068e+00 -3.4888e+00 -1.2717e-01 -5.4203e-01 +3.2888e+00 -6.7463e-01 -1.2738e+00
301 0 +1.994276378e+01 +5.529276378e+01 +5.529276378e+01 +5.8557e-01 +2.5615e+00 +1.2432e+00 +2.6802e+00 -2.6459e+00 -1.1265e+00 -9.6295e-01 +1.5801e+00 +5.9101e-01 -8.9087e-01
354 0 +1.340623386e+01 +4.875623386e+01 +4.875623386e+01 +1.3900e+00 +3.1699e+00 +2.2462e+00 +2.3293e+00 -3.3315e+00 -1.7529e+00 +9.4640e-01 +4.2221e-01 +3.4004e-03 -8.9842e-01
451 0 +1.286014202e+01 +4.821014202e+01 +4.821014202e+01 +9.0659e-01 +2.0178e+00 +2.3074e+00 +2.9941e+00 -1.8533e+00 -4.7460e-01 +5.8010e-01 +2.7034e+00 +1.4789e-01 -6.8515e-01
501 0 +1.184798603e+01 +4.719798603e+01 +4.719798603e+01 +9.2646e-01 +2.4819e+00 +2.2073e+00 +2.7379e+00 -3.0008e+00 -5.3637e-01 +5.2674e-01 +2.0639e+00 +6.8932e-05 -9.2232e-01
505 0 +7.384429473e+00 +4.273442947e+01 +4.273442947e+01 +1.8559e+00 +3.0528e+00 +2.2032e+00 +2.0614e+00 -2.6821e+00 -4.0891e-01 +1.0434e+00 +1.6910e+00 +4.9248e-01 -1.6340e+00
574 0 +4.674190433e+00 +4.002419043e+01 +4.002419043e+01 +1.8968e+00 +3.0353e+00 +2.1994e+00 +2.2527e+00 -2.2780e+00 -5.9197e-02 +4.5811e-01 +1.9572e+00 +1.3589e+00 -1.7566e+00
659 0 +4.662216611e+00 +4.001221661e+01 +4.001221661e+01 +1.4490e+00 +1.8612e+00 +2.6581e+00 +2.1708e+00 -2.5028e+00 -8.3902e-01 +1.5897e+00 +1.5856e+00 +7.6273e-01 -1.4388e+00
702 0 +2.657261777e+00 +3.800726178e+01 +3.800726178e+01 +1.4023e+00 +1.8896e+00 +3.2123e+00 +1.5823e+00 -2.1176e+00 -1.0287e+00 +1.5323e+00 +1.8410e+00 +9.2100e-01 -1.6460e+00
890 0 +2.123034518e+00 +3.747303452e+01 +3.747303452e+01 +1.7623e+00 +1.4892e+00 +3.7758e+00 +1.8647e+00 -1.8176e+00 -1.3713e+00 +1.7526e+00 +1.0514e+00 +1.2794e+00 -1.1481e+00
956 0 +1.786271883e+00 +3.713627188e+01 +3.713627188e+01 +2.0970e+00 +1.9332e+00 +3.6171e+00 +1.6881e+00 -1.3156e+00 -9.0904e-01 +1.8319e+00 +1.3401e+00 +1.1298e+00 -1.2726e+00
958 0 +1.626656773e+00 +3.697665677e+01 +3.697665677e+01 +1.7609e+00 +2.0280e+00 +3.3762e+00 +1.8426e+00 -1.8890e+00 -1.2100e+00 +1.4012e+00 +1.1800e+00 +1.4823e+00 -1.0822e+00
1014 0 +1.575716556e+00 +3.692571656e+01 +3.692571656e+01 +1.6562e+00 +1.7240e+00 +3.3830e+00 +1.7895e+00 -1.7670e+00 -9.0365e-01 +1.4158e+00 +1.4442e+00 +1.5281e+00 -1.4152e+00
1065 0 +1.407490865e+00 +3.675749086e+01 +3.675749086e+01 +1.7342e+00 +2.0262e+00 +2.8246e+00 +1.8186e+00 -1.8860e+00 -8.6944e-01 +1.5908e+00 +1.5690e+00 +1.3734e+00 -1.2746e+00
1774 0 +8.549917484e-01 +3.620499175e+01 +3.620499175e+01 +1.9196e+00 +1.7166e+00 +4.0979e+00 +1.3268e+00 -1.8374e+00 -1.5510e+00 +1.9609e+00 +9.0076e-01 +1.0911e+00 -1.4554e+00
1913 0 +7.827078369e-01 +3.613270784e+01 +3.613270784e+01 +1.5393e+00 +1.4437e+00 +3.9596e+00 +1.6365e+00 -2.0786e+00 -1.6543e+00 +2.0510e+00 +8.5333e-01 +9.8734e-01 -1.3715e+00
1984 0 +7.725757166e-01 +3.612257572e+01 +3.612257572e+01 +2.1348e+00 +1.9170e+00 +4.0053e+00 +1.4204e+00 -1.7575e+00 -1.4607e+00 +2.6767e+00 +5.9392e-01 +1.1239e+00 -1.3919e+00
2040 0 +6.957144288e-01 +3.604571443e+01 +3.604571443e+01 +1.7720e+00 +1.5371e+00 +3.8203e+00 +1.5165e+00 -1.8213e+00 -1.6524e+00 +2.1990e+00 +6.5010e-01 +1.3700e+00 -1.5485e+00
2052 0 +2.827481171e-01 +3.563274812e+01 +3.563274812e+01 +1.9772e+00 +1.8282e+00 +3.9014e+00 +1.4436e+00 -1.9092e+00 -1.4496e+00 +2.3766e+00 +8.9529e-01 +1.2923e+00 -1.6590e+00
2101 0 +2.223345850e-01 +3.557233458e+01 +3.557233458e+01 +1.6999e+00 +1.3878e+00 +3.8868e+00 +1.4455e+00 -1.9089e+00 -1.7400e+00 +2.2617e+00 +8.3631e-01 +1.2711e+00 -1.4403e+00
2153 0 +1.937044096e-01 +3.554370441e+01 +3.554370441e+01 +1.9457e+00 +1.6470e+00 +3.8901e+00 +1.4371e+00 -1.8590e+00 -1.5069e+00 +2.2664e+00 +9.7073e-01 +1.2920e+00 -1.5347e+00
2162 0 +4.948960827e-02 +3.539948961e+01 +3.539948961e+01 +1.7659e+00 +1.3600e+00 +4.1011e+00 +1.3296e+00 -1.8191e+00 -1.7496e+00 +2.3707e+00 +7.5603e-01 +1.2038e+00 -1.5407e+00
2373 0 +4.046093875e-02 +3.539046094e+01 +3.539046094e+01 +1.8129e+00 +1.5168e+00 +3.9753e+00 +1.4227e+00 -1.8031e+00 -1.6309e+00 +2.3473e+00 +7.7883e-01 +1.1771e+00 -1.5152e+00
2441 0 +3.016900259e-02 +3.538016900e+01 +3.538016900e+01 +1.7655e+00 +1.5260e+00 +3.8563e+00 +1.4384e+00 -1.8042e+00 -1.5875e+00 +2.2538e+00 +8.9237e-01 +1.1380e+00 -1.5399e+00
2472 0 +2.306829786e-02 +3.537306830e+01 +3.537306830e+01 +1.7722e+00 +1.5255e+00 +3.8923e+00 +1.5172e+00 -1.8398e+00 -1.5526e+00 +2.2591e+00 +9.1207e-01 +1.1468e+00 -1.4913e+00
% f evaluations | g evaluations | best noise-free fitness - Fopt (3.820000000000e+00) + sum g_i+ | measured fitness | best measured fitness or single-digit g-values | x1 | x2...
1 0 +3.097848647e+02 +3.136048647e+02 +3.136048647e+02 +5.9671e-01 -3.8264e-02 +7.4769e-01 +1.6230e+00 -1.3415e-01 -1.3414e-01 +1.6792e+00 +8.6743e-01 -3.6947e-01 +6.4256e-01
3 0 +2.237678782e+02 +2.275878782e+02 +2.275878782e+02 +1.5656e+00 -1.2578e-01 +1.6753e-01 -1.3247e+00 -4.4438e-01 +2.1092e-01 -1.0510e+00 +4.7570e-01 -5.0064e-01 -1.9169e-01
6 0 +1.806779122e+02 +1.844979122e+02 +1.844979122e+02 +4.2408e-01 -2.8508e-01 -5.7692e-01 +7.1168e-01 +1.1310e+00 +1.0313e+00 -7.3922e-01 -2.0921e-01 +4.3126e-01 +1.0755e+00
13 0 +1.299041639e+02 +1.337241639e+02 +1.337241639e+02 +8.9103e-01 -8.0939e-01 +1.5028e+00 -1.3019e+00 +6.8686e-01 +2.2905e+00 -8.9054e-01 -4.6630e-01 +1.9965e-01 -4.0348e-01
52 0 +5.225169231e+01 +5.607169231e+01 +5.607169231e+01 +1.1220e+00 -7.0338e-01 +2.3005e-01 -4.6429e-01 +5.6699e-01 +8.5262e-01 -6.6047e-01 -2.4030e+00 +1.4256e+00 +1.1957e+00
54 0 +5.130016495e+01 +5.512016495e+01 +5.512016495e+01 +1.1456e+00 -8.2189e-01 -7.7047e-02 +8.7890e-01 -8.5109e-02 +1.1332e-02 -1.8212e-01 -1.3417e+00 +2.2014e+00 +1.3673e+00
78 0 +4.704310848e+01 +5.086310848e+01 +5.086310848e+01 +1.2459e+00 +1.4202e+00 +8.1987e-01 +7.7573e-01 -2.8731e-01 +1.5919e-01 +9.0477e-02 -1.4037e+00 +1.1961e+00 +3.5145e+00
106 0 +4.682416365e+01 +5.064416365e+01 +5.064416365e+01 -2.7183e-01 +5.1179e-01 +2.7611e+00 -2.0234e-01 -4.1509e-01 +1.7321e+00 -9.9107e-01 -2.8523e+00 +1.0892e+00 +4.3884e+00
111 0 +3.412256976e+01 +3.794256976e+01 +3.794256976e+01 +4.4749e+00 +4.2902e-01 +2.4383e+00 -7.4868e-01 -5.9268e-01 -6.2552e-01 -2.1687e+00 -2.2140e+00 +1.7732e+00 +1.4231e+00
301 0 +2.066499256e+01 +2.448499256e+01 +2.448499256e+01 +2.6618e+00 +1.2751e+00 +9.2796e-01 -1.0743e+00 -1.2906e-02 +8.3340e-02 -8.0706e-01 -2.5883e+00 +2.5160e+00 +7.2954e-01
401 0 +1.193646375e+01 +1.575646375e+01 +1.575646375e+01 +1.9072e+00 -4.3797e-01 +2.8195e+00 +5.4399e-01 +6.0362e-01 -1.3260e-01 -8.4847e-01 -2.5742e+00 +1.8286e+00 +1.7594e+00
507 0 +6.065244837e+00 +9.885244837e+00 +9.885244837e+00 +2.9793e+00 +5.7149e-01 +1.9162e+00 -1.3947e+00 -1.2218e-02 -1.2664e-01 -7.6514e-01 -2.9809e+00 +1.4671e+00 +4.5801e-01
557 0 +3.235851337e+00 +7.055851337e+00 +7.055851337e+00 +3.5541e+00 +5.0561e-01 +2.7524e+00 -2.2828e+00 +8.6064e-01 +7.0265e-02 -1.9613e-01 -3.3119e+00 +1.1224e+00 -4.4760e-01
559 0 +2.741449243e+00 +6.561449243e+00 +6.561449243e+00 +3.6791e+00 +8.6211e-01 +2.6321e+00 -1.3217e+00 +6.2171e-01 -2.3113e-01 +6.8545e-02 -3.1060e+00 +1.5275e+00 +3.4152e-02
851 0 +2.242014205e+00 +6.062014205e+00 +6.062014205e+00 +3.8683e+00 +6.9651e-01 +2.1629e+00 -2.6847e+00 +1.3129e+00 -4.5737e-01 +1.2845e+00 -3.8120e+00 +5.5929e-01 -8.6119e-01
1002 0 +2.048139294e+00 +5.868139294e+00 +5.868139294e+00 +3.5803e+00 +4.9915e-01 +2.2254e+00 -1.6629e+00 +1.0091e+00 +1.6027e-01 +4.8984e-01 -3.0459e+00 +1.2068e+00 +1.7758e-01
1011 0 +1.195460188e+00 +5.015460188e+00 +5.015460188e+00 +3.6712e+00 +9.3212e-01 +1.9066e+00 -1.9242e+00 +8.0751e-01 -4.5401e-02 +5.7588e-01 -3.1193e+00 +1.2322e+00 -2.4099e-01
1195 0 +1.103692422e+00 +4.923692422e+00 +4.923692422e+00 +3.9423e+00 +1.2222e+00 +1.9370e+00 -2.1103e+00 +7.7912e-01 +3.6559e-02 +7.4173e-01 -3.1186e+00 +9.5177e-01 -4.2527e-01
1295 0 +1.020710660e+00 +4.840710660e+00 +4.840710660e+00 +3.4790e+00 +8.0749e-01 +2.1006e+00 -1.6637e+00 +7.5183e-01 +2.0641e-01 +3.4784e-01 -3.0585e+00 +1.0450e+00 -1.6214e-02
1310 0 +9.974986040e-01 +4.817498604e+00 +4.817498604e+00 +3.4457e+00 +6.8790e-01 +2.3569e+00 -1.6523e+00 +4.1065e-01 +1.8765e-01 -9.4495e-02 -2.9559e+00 +1.0993e+00 +9.4642e-02
1379 0 +9.275125786e-01 +4.747512579e+00 +4.747512579e+00 +3.4794e+00 +7.9291e-01 +2.4518e+00 -2.2714e+00 +5.9106e-01 +2.4030e-01 +8.8528e-02 -3.0630e+00 +8.4782e-01 -1.2351e-01
1932 0 +3.237430280e-01 +4.143743028e+00 +4.143743028e+00 +4.2965e+00 +1.1818e+00 +1.8434e+00 -2.6324e+00 +1.1812e+00 -2.5713e-01 +1.2786e+00 -3.3207e+00 +7.4256e-01 -9.7109e-01
2253 0 +2.814854601e-01 +4.101485460e+00 +4.101485460e+00 +4.2228e+00 +1.1384e+00 +1.8900e+00 -2.8068e+00 +9.8042e-01 -1.0173e-01 +9.2236e-01 -3.4139e+00 +6.2675e-01 -8.9167e-01
2261 0 +2.452722581e-01 +4.065272258e+00 +4.065272258e+00 +4.2001e+00 +1.3713e+00 +1.7228e+00 -2.6201e+00 +1.0211e+00 -2.0602e-01 +1.2024e+00 -3.3850e+00 +7.3180e-01 -9.2198e-01
2303 0 +2.290102604e-01 +4.049010260e+00 +4.049010260e+00 +4.1183e+00 +1.1279e+00 +1.8441e+00 -2.5056e+00 +8.0676e-01 -1.3118e-01 +6.8114e-01 -3.2251e+00 +8.8655e-01 -8.3931e-01
2308 0 +1.744547822e-01 +3.994454782e+00 +3.994454782e+00 +3.9604e+00 +1.0702e+00 +1.9376e+00 -2.5250e+00 +9.3588e-01 -1.1596e-01 +8.2306e-01 -3.2915e+00 +9.4096e-01 -7.1254e-01
2340 0 +1.740795447e-01 +3.994079545e+00 +3.994079545e+00 +4.0833e+00 +1.0782e+00 +2.1417e+00 -2.6799e+00 +1.0171e+00 -8.6876e-02 +8.4816e-01 -3.3425e+00 +7.1261e-01 -7.3601e-01
2354 0 +1.244109098e-01 +3.944410910e+00 +3.944410910e+00 +3.9751e+00 +9.8418e-01 +2.0063e+00 -2.5978e+00 +9.6478e-01 -8.6195e-02 +8.0161e-01 -3.3219e+00 +8.7482e-01 -7.4537e-01
2403 0 +1.159291515e-01 +3.935929151e+00 +3.935929151e+00 +4.2127e+00 +1.3142e+00 +1.8396e+00 -2.5867e+00 +9.3275e-01 -1.9027e-01 +1.0001e+00 -3.2782e+00 +7.3609e-01 -7.5929e-01
2406 0 +7.954382787e-02 +3.899543828e+00 +3.899543828e+00 +4.1761e+00 +1.1919e+00 +1.8813e+00 -2.6681e+00 +8.8429e-01 -1.8521e-01 +9.0622e-01 -3.3262e+00 +8.1953e-01 -8.4979e-01
2409 0 +5.165172065e-02 +3.871651721e+00 +3.871651721e+00 +4.1058e+00 +1.1209e+00 +1.9980e+00 -2.6232e+00 +9.5560e-01 -9.4409e-02 +9.0007e-01 -3.3451e+00 +7.6599e-01 -7.9863e-01
2463 0 +4.953329439e-02 +3.869533294e+00 +3.869533294e+00 +4.0891e+00 +1.1328e+00 +1.9237e+00 -2.4747e+00 +8.4003e-01 -1.3578e-01 +7.8975e-01 -3.2984e+00 +8.8008e-01 -7.5339e-01
% f evaluations | g evaluations | best noise-free fitness - Fopt (2.175000000000e+01) + sum g_i+ | measured fitness | best measured fitness or single-digit g-values | x1 | x2...
1 0 +1.977079720e+02 +2.194579720e+02 +2.194579720e+02 +5.9671e-01 -3.8264e-02 +7.4769e-01 +1.6230e+00 -1.3415e-01 -1.3414e-01 +1.6792e+00 +8.6743e-01 -3.6947e-01 +6.4256e-01
30 0 +1.605166056e+02 +1.822666056e+02 +1.822666056e+02 -1.0812e-01 -3.9300e-01 -4.8936e-01 +9.4960e-01 +4.5702e-01 -5.9291e-01 +9.9960e-01 +4.0730e-01 +9.1286e-01 +7.2963e-01
33 0 +9.014257822e+01 +1.118925782e+02 +1.118925782e+02 +1.9700e-01 +6.9516e-01 -7.1822e-01 +2.1924e+00 -9.0602e-01 -1.1142e+00 +1.2581e+00 +8.9166e-01 +7.2412e-01 +7.2835e-01
51 0 +8.431033584e+01 +1.060603358e+02 +1.060603358e+02 -6.6515e-01 +1.5015e+00 -2.5282e+00 +2.9499e+00 -7.6507e-01 -2.1312e+00 +3.1150e+00 -8.7299e-02 +3.4291e+00 +2.2106e+00
52 0 +3.839978396e+01 +6.014978396e+01 +6.014978396e+01 +1.6692e+00 -4.6426e-02 -1.8453e+00 +2.3328e+00 +1.8661e-01 -7.3219e-01 +3.5043e+00 +2.2169e+00 +1.7439e+00 +2.1750e+00
206 0 +3.540665072e+01 +5.715665072e+01 +5.715665072e+01 +3.2701e+00 +1.6703e+00 -2.4162e+00 +3.8341e+00 -1.0363e-01 -1.8820e+00 +3.3415e+00 +1.6864e+00 +9.9357e-01 +2.9090e+00
301 0 +2.593954905e+01 +4.768954905e+01 +4.768954905e+01 +3.3802e+00 +8.8261e-01 +1.3668e+00 +3.1104e+00 -2.4768e+00 -3.2044e+00 +1.3866e+00 +2.2467e+00 +1.7454e+00 +3.1455e+00
405 0 +1.735337566e+01 +3.910337566e+01 +3.910337566e+01 +1.7547e+00 +9.0813e-01 -1.2702e+00 +3.3337e+00 -3.4228e+00 -1.8239e+00 +3.6609e+00 +2.2495e+00 +1.8635e-01 +3.4795e+00
451 0 +1.553639520e+01 +3.728639520e+01 +3.728639520e+01 +2.6075e+00 -5.2733e-01 +1.9286e-01 +2.9300e+00 -4.9855e-01 -1.7681e+00 +3.0760e+00 +3.0796e+00 +1.5685e+00 +3.0000e+00
456 0 +1.096256124e+01 +3.271256124e+01 +3.271256124e+01 +3.8444e+00 +8.0260e-02 +1.8592e-01 +2.6295e+00 -3.2012e+00 -2.7259e+00 +3.5368e+00 +8.9977e-01 +1.3017e+00 +3.0480e+00
501 0 +8.385644327e+00 +3.013564433e+01 +3.013564433e+01 +1.9236e+00 +3.6453e-01 -8.1800e-01 +2.2469e+00 -2.3923e+00 -2.8852e+00 +2.5519e+00 +1.8292e+00 +1.7812e+00 +3.4844e+00
553 0 +7.917463213e+00 +2.966746321e+01 +2.966746321e+01 +3.6320e+00 +8.6966e-01 -1.1789e+00 +2.3946e+00 -1.4240e+00 -2.7444e+00 +2.6723e+00 +1.8038e+00 +2.1997e+00 +3.8909e+00
601 0 +6.150619854e+00 +2.790061985e+01 +2.790061985e+01 +2.2872e+00 +1.1406e+00 -5.4183e-01 +3.1653e+00 -2.2510e+00 -2.5740e+00 +3.2740e+00 +3.0767e+00 +1.3628e+00 +3.8489e+00
602 0 +3.345723524e+00 +2.509572352e+01 +2.509572352e+01 +3.0086e+00 +1.4460e+00 -1.1198e+00 +2.7508e+00 -1.1835e+00 -3.0045e+00 +2.9541e+00 +2.8944e+00 +2.2876e+00 +4.3775e+00
780 0 +2.753268066e+00 +2.450326807e+01 +2.450326807e+01 +3.0887e+00 +4.8767e-01 -6.1778e-01 +3.3351e+00 -2.5813e+00 -2.9153e+00 +3.3376e+00 +2.4674e+00 +1.4049e+00 +3.9402e+00
802 0 +2.230920295e+00 +2.398092030e+01 +2.398092030e+01 +2.9932e+00 +6.8161e-01 -4.9622e-01 +2.9202e+00 -2.0036e+00 -2.8104e+00 +3.5209e+00 +2.2821e+00 +1.4149e+00 +3.9226e+00
852 0 +1.063954933e+00 +2.281395493e+01 +2.281395493e+01 +3.1560e+00 +6.1427e-01 -9.3680e-01 +3.1044e+00 -2.1233e+00 -2.8208e+00 +3.5738e+00 +2.3288e+00 +1.4225e+00 +3.7565e+00
971 0 +6.586215893e-01 +2.240862159e+01 +2.240862159e+01 +3.2305e+00 +7.6122e-01 -1.0589e+00 +2.9040e+00 -1.9432e+00 -2.6015e+00 +3.3441e+00 +2.1793e+00 +1.6904e+00 +3.7600e+00
1057 0 +3.171095532e-01 +2.206710955e+01 +2.206710955e+01 +3.3245e+00 +8.5747e-01 -1.0171e+00 +3.0620e+00 -1.5670e+00 -2.7109e+00 +3.3180e+00 +2.3331e+00 +1.7101e+00 +3.8082e+00
2001 0 +1.460439367e-01 +2.189604394e+01 +2.189604394e+01 +3.7053e+00 +9.8931e-01 -1.0808e+00 +3.0302e+00 -1.4676e+00 -2.2806e+00 +3.2018e+00 +2.1795e+00 +1.8729e+00 +3.9377e+00
2107 0 +9.332502741e-02 +2.184332503e+01 +2.184332503e+01 +3.6069e+00 +8.5798e-01 -1.0380e+00 +3.1187e+00 -1.7102e+00 -2.4045e+00 +3.3549e+00 +2.1355e+00 +1.6431e+00 +3.7361e+00
2354 0 +8.382492286e-02 +2.183382492e+01 +2.183382492e+01 +3.9039e+00 +8.7356e-01 -1.1353e+00 +3.0999e+00 -1.4615e+00 -2.2670e+00 +3.2382e+00 +2.1331e+00 +1.7899e+00 +3.8710e+00
2429 0 +4.448442495e-02 +2.179448442e+01 +2.179448442e+01 +3.6938e+00 +8.5040e-01 -1.0641e+00 +3.0457e+00 -1.5778e+00 -2.4226e+00 +3.2723e+00 +2.1764e+00 +1.7860e+00 +3.8159e+00
% f evaluations | g evaluations | best noise-free fitness - Fopt (6.479000000000e+01) + sum g_i+ | measured fitness | best measured fitness or single-digit g-values | x1 | x2...
1 0 +4.680176606e+02 +5.328076606e+02 +5.328076606e+02 +5.9671e-01 -3.8264e-02 +7.4769e-01 +1.6230e+00 -1.3415e-01 -1.3414e-01 +1.6792e+00 +8.6743e-01 -3.6947e-01 +6.4256e-01
3 0 +4.609049070e+02 +5.256949070e+02 +5.256949070e+02 +1.5656e+00 -1.2578e-01 +1.6753e-01 -1.3247e+00 -4.4438e-01 +2.1092e-01 -1.0510e+00 +4.7570e-01 -5.0064e-01 -1.9169e-01
4 0 +4.116221582e+02 +4.764121582e+02 +4.764121582e+02 -5.0171e-01 +1.9523e+00 +8.6503e-02 -9.5771e-01 +9.2254e-01 -1.1208e+00 +3.0886e-01 -1.8597e+00 -1.2282e+00 +2.9686e-01
6 0 +2.269570095e+02 +2.917470095e+02 +2.917470095e+02 +4.2408e-01 -2.8508e-01 -5.7692e-01 +7.1168e-01 +1.1310e+00 +1.0313e+00 -7.3922e-01 -2.0921e-01 +4.3126e-01 +1.0755e+00
24 0 +1.157631681e+02 +1.805531681e+02 +1.805531681e+02 -6.3037e-01 +3.1646e-01 +1.4557e-01 -5.5160e-01 +2.2439e+00 +7.3392e-01 -1.9251e+00 +2.8645e-01 -5.6179e-01 +9.5243e-01
54 0 +9.676726114e+01 +1.615572611e+02 +1.615572611e+02 +1.1188e-01 -1.1368e+00 -1.7017e-02 +2.8838e-01 +1.7953e+00 -4.2544e-01 -3.5705e+00 +3.4668e-02 +9.8145e-01 +1.7650e+00
55 0 +8.906464318e+01 +1.538546432e+02 +1.538546432e+02 -6.4418e-01 -8.4248e-01 +5.2439e-01 +4.7456e-01 +3.2465e+00 -1.5566e-01 -2.4375e+00 +2.0062e+00 -9.9885e-01 +1.9409e-01
60 0 +8.365460342e+01 +1.484446034e+02 +1.484446034e+02 -1.1348e+00 +7.3889e-01 +3.9147e-01 +1.5206e+00 +4.5881e-01 +1.0544e+00 -2.6344e+00 -2.2354e-01 -1.1706e+00 +2.3503e+00
133 0 +7.441028883e+01 +1.392002888e+02 +1.392002888e+02 -4.8337e+00 -8.1110e-01 +1.6681e+00 +7.7156e-01 +1.2450e+00 +8.2716e-01 -3.0053e+00 +8.4551e-01 -1.7935e+00 +2.5043e+00
154 0 +6.247535787e+01 +1.272653579e+02 +1.272653579e+02 -1.0689e+00 -2.4742e+00 -7.7566e-02 -2.7963e-01 +1.5347e-01 -2.0783e+00 -3.8182e+00 +3.9623e+00 -2.1884e+00 -1.8774e+00
161 0 +4.217280849e+01 +1.069628085e+02 +1.069628085e+02 -1.8168e+00 -1.6545e+00 -1.4931e-02 +1.2508e+00 -1.1677e-01 -2.5331e+00 -3.4671e+00 +2.8603e+00 -2.1637e+00 +2.0305e+00
251 0 +3.029640177e+01 +9.508640177e+01 +9.508640177e+01 -9.1096e-01 -2.6086e-01 +3.4846e-01 +1.4339e+00 -5.6759e-01 -2.3705e+00 -3.6383e+00 +3.0986e+00 -2.2514e+00 +1.8399e+00
301 0 +9.503078159e+00 +7.429307816e+01 +7.429307816e+01 -1.0536e+00 -2.3019e+00 -4.3465e-01 +1.3654e+00 +7.6575e-01 -2.4096e+00 -3.8040e+00 +2.9197e-02 -2.5107e+00 +1.9224e+00
501 0 +4.774735821e+00 +6.956473582e+01 +6.956473582e+01 -2.3845e+00 -1.8617e+00 +2.9255e-02 +7.8281e-01 -3.2726e-01 -3.0319e+00 -3.7779e+00 -3.7616e-01 -3.8905e+00 +2.7505e+00
701 0 +2.450015927e+00 +6.724001593e+01 +6.724001593e+01 -2.0310e+00 -2.2262e+00 -6.5981e-02 +1.6282e+00 -4.8328e-01 -3.3118e+00 -4.1811e+00 +1.6169e-02 -3.2983e+00 +2.8603e+00
810 0 +1.093095127e+00 +6.588309513e+01 +6.588309513e+01 -1.8232e+00 -2.1899e+00 -8.3044e-02 +1.4105e+00 -2.5214e-01 -2.6041e+00 -4.0780e+00 +1.0824e-01 -3.4066e+00 +2.5321e+00
921 0 +4.963155857e-01 +6.528631559e+01 +6.528631559e+01 -1.6526e+00 -2.3285e+00 +2.4547e-02 +1.5666e+00 -2.3946e-01 -2.8329e+00 -3.8538e+00 +1.4445e-02 -3.2643e+00 +2.3837e+00
956 0 +4.688294975e-01 +6.525882950e+01 +6.525882950e+01 -2.0173e+00 -2.0937e+00 +8.9453e-02 +1.4335e+00 -3.3494e-01 -2.8100e+00 -3.8765e+00 +9.8645e-02 -3.5295e+00 +2.4638e+00
1100 0 +4.267556288e-01 +6.521675563e+01 +6.521675563e+01 -1.8081e+00 -1.9908e+00 -5.3387e-02 +1.5408e+00 -4.0579e-01 -2.8960e+00 -3.8816e+00 -1.3814e-01 -3.6702e+00 +2.5960e+00
1506 0 +2.870608394e-01 +6.507706084e+01 +6.507706084e+01 -2.0919e+00 -2.0516e+00 -9.5988e-02 +1.3919e+00 -3.1937e-01 -2.8704e+00 -3.8929e+00 -1.6174e-01 -3.5016e+00 +2.7013e+00
1558 0 +2.268501120e-01 +6.501685011e+01 +6.501685011e+01 -1.7780e+00 -2.3133e+00 -6.3383e-02 +1.4306e+00 -2.9837e-01 -3.0755e+00 -4.0312e+00 -4.5126e-02 -3.3664e+00 +2.4878e+00
1656 0 +1.831234313e-01 +6.497312343e+01 +6.497312343e+01 -1.8511e+00 -1.9735e+00 +1.2928e-01 +1.4615e+00 -3.0647e-01 -3.0200e+00 -3.8441e+00 -4.7929e-02 -3.6012e+00 +2.6345e+00
1703 0 +1.755986535e-01 +6.496559865e+01 +6.496559865e+01 -1.8631e+00 -2.1140e+00 -9.6530e-02 +1.4173e+00 -3.7135e-01 -3.0277e+00 -3.9214e+00 -2.9178e-01 -3.5654e+00 +2.6233e+00
1716 0 +1.646622599e-01 +6.495466226e+01 +6.495466226e+01 -2.0067e+00 -2.1295e+00 +4.6872e-02 +1.3732e+00 -2.3168e-01 -3.0533e+00 -3.8810e+00 -5.1502e-02 -3.6632e+00 +2.5449e+00
1719 0 +1.281915948e-01 +6.491819159e+01 +6.491819159e+01 -1.7574e+00 -2.2063e+00 -2.6054e-01 +1.3799e+00 -2.7717e-01 -3.0831e+00 -4.0026e+00 -1.7215e-01 -3.4830e+00 +2.6104e+00
1747 0 +8.181336369e-02 +6.487181336e+01 +6.487181336e+01 -1.6650e+00 -1.9361e+00 +5.6649e-02 +1.5299e+00 -3.2848e-01 -3.0910e+00 -3.8347e+00 -6.3588e-02 -3.6091e+00 +2.6455e+00
1853 0 +7.682756113e-02 +6.486682756e+01 +6.486682756e+01 -1.8041e+00 -2.0954e+00 -8.5372e-02 +1.3934e+00 -2.9146e-01 -3.0936e+00 -3.9047e+00 -1.8199e-01 -3.6416e+00 +2.5653e+00
1866 0 +5.111945220e-02 +6.484111945e+01 +6.484111945e+01 -1.8141e+00 -2.2606e+00 -1.3296e-01 +1.4293e+00 -2.6810e-01 -3.0149e+00 -3.9231e+00 -1.2648e-01 -3.4298e+00 +2.5777e+00
1914 0 +4.545233991e-02 +6.483545234e+01 +6.483545234e+01 -1.9380e+00 -2.1818e+00 -2.1071e-01 +1.3654e+00 -2.6324e-01 -2.9230e+00 -3.9809e+00 -9.6369e-02 -3.3674e+00 +2.5653e+00
1968 0 +4.509096502e-02 +6.483509097e+01 +6.483509097e+01 -1.8524e+00 -2.1777e+00 -4.6322e-02 +1.4480e+00 -2.8160e-01 -3.0357e+00 -3.9093e+00 -1.9130e-01 -3.5396e+00 +2.6258e+00
1981 0 +3.511532834e-02 +6.482511533e+01 +6.482511533e+01 -1.9913e+00 -2.0888e+00 -1.0414e-01 +1.3567e+00 -2.4581e-01 -2.9735e+00 -3.9537e+00 -5.4886e-02 -3.4361e+00 +2.4963e+00
2033 0 +1.620564044e-02 +6.480620564e+01 +6.480620564e+01 -1.8165e+00 -2.1158e+00 -1.0942e-01 +1.3846e+00 -2.5904e-01 -2.9556e+00 -3.9080e+00 -8.0812e-02 -3.4829e+00 +2.5456e+00
2222 0 +9.834620926e-03 +6.479983462e+01 +6.479983462e+01 -1.9022e+00 -2.1041e+00 -1.0272e-01 +1.3759e+00 -2.7799e-01 -2.9801e+00 -3.9445e+00 -7.4795e-02 -3.4821e+00 +2.5806e+00
2332 0 +2.772279828e-07 +6.479000028e+01 +6.479000028e+01 -1.8845e+00 -2.0567e+00 -1.2198e-01 +1.3990e+00 -2.3841e-01 -2.9670e+00 -3.9367e+00 -8.3600e-02 -3.4686e+00 +2.5505e+00
2366 0 +2.409638000e-08 +6.479000002e+01 +6.479000002e+01 -1.8695e+00 -2.0583e+00 -1.0821e-01 +1.3789e+00 -2.6131e-01 -2.9748e+00 -3.9214e+00 -9.9165e-02 -3.4761e+00 +2.5520e+00
2466 0 +1.007894923e-08 +6.479000001e+01 +6.479000001e+01 -1.8603e+00 -2.1094e+00 -1.0893e-01 +1.3923e+00 -2.8003e-01 -2.9780e+00 -3.9465e+00 -9.3588e-02 -3.4891e+00 +2.5681e+00
% f evaluations | g evaluations | best noise-free fitness - Fopt (-1.000000000000e+03) + sum g_i+ | measured fitness | best measured fitness or single-digit g-values | x1 | x2...
1 0 +3.425201029e+02 -6.574798971e+02 -6.574798971e+02 +5.9671e-01 -3.8264e-02 +7.4769e-01 +1.6230e+00 -1.3415e-01 -1.3414e-01 +1.6792e+00 +8.6743e-01 -3.6947e-01 +6.4256e-01
2 0 +1.988236968e+02 -8.011763032e+02 -8.011763032e+02 -3.6342e-01 -3.6573e-01 +3.4196e-01 -1.8133e+00 -1.6249e+00 -4.6229e-01 -9.1283e-01 +4.1425e-01 -8.0802e-01 -1.3123e+00
8 0 +1.601156039e+02 -8.398843961e+02 -8.398843961e+02 +4.6140e-01 +1.6380e+00 +6.4174e-02 +1.6646e+00 -2.5197e+00 +9.2190e-01 +1.8705e-01 -1.9901e-01 +1.9176e-01 -1.8876e+00
14 0 +1.378348610e+02 -8.621651390e+02 -8.621651390e+02 -1.4507e+00 +1.6856e-01 -9.6230e-01 +5.7359e-01 -8.1942e-01 +1.6499e+00 -6.8325e-01 -2.2206e-01 +9.1352e-01 -1.1309e+00
51 0 +1.060839371e+02 -8.939160629e+02 -8.939160629e+02 -1.5432e+00 -1.0026e+00 -2.2032e+00 +8.0234e-03 -1.4871e+00 -5.3472e-01 +7.2222e-01 +7.1471e-01 +1.0528e+00 -4.4477e-01
53 0 +6.935590491e+01 -9.306440951e+02 -9.306440951e+02 -1.9984e+00 -8.8180e-01 -9.5739e-01 -5.6084e-01 -1.2979e+00 -3.4458e-02 +2.0089e-02 +6.2633e-01 +1.9993e+00 -2.8342e-01
64 0 +6.926745314e+01 -9.307325469e+02 -9.307325469e+02 -1.2512e+00 -1.5276e+00 -3.7921e-01 -9.3195e-01 -2.7587e+00 -4.0613e-01 -3.9597e-01 +5.9492e-01 +1.0351e+00 -1.7955e+00
69 0 +6.700924812e+01 -9.329907519e+02 -9.329907519e+02 -2.0684e+00 +2.6562e-01 -1.4028e+00 -6.1593e-01 -1.6781e+00 +1.4460e-01 +5.6408e-01 -6.7588e-02 +2.8760e+00 -3.7900e-01
102 0 +6.645470197e+01 -9.335452980e+02 -9.335452980e+02 -5.6324e-01 +2.7344e-01 -1.9575e+00 +1.1350e+00 -2.4798e+00 +1.0004e+00 -5.5776e-01 +5.8191e-01 +1.8735e+00 +1.3080e+00
104 0 +6.552895072e+01 -9.344710493e+02 -9.344710493e+02 -2.0798e+00 -4.1555e-01 +1.3916e-02 +1.1886e+00 -3.1897e+00 +1.7544e-01 -1.4955e+00 -9.9978e-01 -6.1142e-03 -1.0599e+00
111 0 +5.691003118e+01 -9.430899688e+02 -9.430899688e+02 -2.5682e+00 -1.0684e+00 -1.1801e-01 -3.7378e-01 -3.2384e+00 +1.4448e+00 +1.0696e+00 +1.4433e+00 +3.1197e+00 -2.9700e-01
151 0 +4.737177279e+01 -9.526282272e+02 -9.526282272e+02 -2.8598e+00 -1.1191e+00 -1.3440e+00 +1.0619e+00 -3.6140e+00 +8.6216e-01 -2.9141e-01 -2.2960e-01 +5.3150e-01 -7.9892e-01
202 0 +2.398974243e+01 -9.760102576e+02 -9.760102576e+02 -2.3000e+00 -1.8693e+00 -9.3928e-01 +1.7311e-01 -4.3916e+00 +2.0805e+00 -1.2419e+00 +1.9366e+00 +2.5873e+00 -9.0869e-01
351 0 +1.851296843e+01 -9.814870316e+02 -9.814870316e+02 -2.3579e+00 -1.6321e+00 -6.3928e-01 +3.3129e-01 -4.0672e+00 +1.0457e+00 -2.1229e+00 -1.4118e+00 +3.6419e+00 -1.0039e+00
378 0 +1.503539725e+01 -9.849646027e+02 -9.849646027e+02 -4.6296e+00 -1.3401e+00 -2.4457e+00 -1.1517e+00 -2.4661e+00 +2.5252e+00 -3.0380e+00 -2.5074e-01 +2.9350e+00 +5.9973e-01
456 0 +6.619213671e+00 -9.933807863e+02 -9.933807863e+02 -3.9787e+00 -2.4752e+00 -1.5293e+00 -1.0812e+00 -3.1809e+00 +1.9314e+00 -3.2868e+00 +1.3474e+00 +4.1581e+00 -1.4082e+00
651 0 +5.161198795e+00 -9.948388012e+02 -9.948388012e+02 -3.8939e+00 -3.9378e-01 -1.2203e+00 +5.8441e-02 -3.7211e+00 +2.0767e+00 -3.4320e+00 +3.0813e-01 +3.4369e+00 -9.7706e-01
752 0 +4.529406537e+00 -9.954705935e+02 -9.954705935e+02 -3.6406e+00 -7.1082e-01 -1.4602e+00 +3.2550e-01 -3.6709e+00 +2.3432e+00 -2.8742e+00 +3.2456e-02 +3.6882e+00 -7.1519e-01
757 0 +3.589164544e+00 -9.964108355e+02 -9.964108355e+02 -3.8023e+00 -1.0264e+00 -1.4301e+00 -3.3707e-01 -3.2238e+00 +1.6218e+00 -2.6970e+00 +2.8153e-02 +3.4963e+00 -1.2864e+00
813 0 +1.806311234e+00 -9.981936888e+02 -9.981936888e+02 -3.9635e+00 -1.2340e+00 -1.8127e+00 -5.2986e-02 -3.3271e+00 +1.9215e+00 -3.0856e+00 +4.2621e-01 +3.6154e+00 -8.5941e-01
901 0 +1.528826624e+00 -9.984711734e+02 -9.984711734e+02 -3.7664e+00 -1.1674e+00 -2.1626e+00 -3.6034e-01 -3.2582e+00 +2.7567e+00 -2.7407e+00 +1.0389e+00 +3.8193e+00 -1.9677e-01
917 0 +1.522035460e+00 -9.984779645e+02 -9.984779645e+02 -4.0540e+00 -1.4042e+00 -1.5884e+00 -2.8443e-01 -2.8567e+00 +1.7662e+00 -2.6129e+00 +3.8887e-01 +3.5852e+00 -8.2413e-01
980 0 +1.197003721e+00 -9.988029963e+02 -9.988029963e+02 -3.8749e+00 -1.0221e+00 -2.2547e+00 +1.0628e-01 -3.1342e+00 +2.2777e+00 -2.8502e+00 +5.9342e-01 +3.3607e+00 -3.5803e-01
1008 0 +1.043567399e+00 -9.989564326e+02 -9.989564326e+02 -3.7978e+00 -1.0872e+00 -2.1377e+00 -1.8279e-01 -3.2483e+00 +2.5343e+00 -2.9114e+00 +1.1169e+00 +3.6578e+00 -5.3101e-02
1108 0 +8.921377808e-01 -9.991078622e+02 -9.991078622e+02 -4.1100e+00 -1.0820e+00 -1.9538e+00 -3.3053e-01 -3.1084e+00 +2.2407e+00 -3.0546e+00 +4.9736e-01 +3.7737e+00 -3.4503e-01
1151 0 +8.820086539e-01 -9.991179913e+02 -9.991179913e+02 -3.7359e+00 -1.2681e+00 -2.1822e+00 -1.2307e-01 -3.1435e+00 +2.4068e+00 -2.7461e+00 +3.4884e-01 +3.8350e+00 +3.0037e-02
1165 0 +6.028413118e-01 -9.993971587e+02 -9.993971587e+02 -4.0909e+00 -1.4295e+00 -2.1524e+00 -1.5995e-01 -3.1463e+00 +2.4220e+00 -2.9614e+00 +8.8794e-01 +3.6942e+00 -3.0030e-01
1224 0 +4.951596808e-01 -9.995048403e+02 -9.995048403e+02 -3.6379e+00 -1.3239e+00 -1.9619e+00 -3.8687e-01 -3.1006e+00 +2.5499e+00 -2.8501e+00 +9.8513e-01 +3.6583e+00 -1.5998e-02
1304 0 +3.680016897e-01 -9.996319983e+02 -9.996319983e+02 -3.8994e+00 -1.5298e+00 -2.0574e+00 -5.0007e-01 -3.0582e+00 +2.3395e+00 -2.8752e+00 +8.0830e-01 +3.6730e+00 -1.8391e-01
1308 0 +2.546597601e-01 -9.997453402e+02 -9.997453402e+02 -3.7830e+00 -9.9797e-01 -2.0246e+00 -1.8188e-01 -3.2092e+00 +2.5687e+00 -2.9227e+00 +7.4736e-01 +3.6112e+00 -6.4025e-02
1339 0 +2.516012747e-01 -9.997483987e+02 -9.997483987e+02 -3.7755e+00 -1.2471e+00 -1.9364e+00 -2.8821e-01 -3.1575e+00 +2.4617e+00 -2.9906e+00 +8.5648e-01 +3.5759e+00 -2.7307e-01
1351 0 +1.437598319e-01 -9.998562402e+02 -9.998562402e+02 -3.8572e+00 -1.1827e+00 -2.1097e+00 -2.8692e-01 -3.1221e+00 +2.6806e+00 -2.9569e+00 +8.0377e-01 +3.7130e+00 -8.6231e-03
1451 0 +1.297748547e-01 -9.998702251e+02 -9.998702251e+02 -3.8717e+00 -1.3150e+00 -2.2383e+00 -2.6755e-01 -2.9993e+00 +2.6524e+00 -2.8829e+00 +6.9937e-01 +3.7622e+00 +1.4527e-01
1463 0 +1.223533813e-01 -9.998776466e+02 -9.998776466e+02 -3.7740e+00 -1.2339e+00 -2.1031e+00 -3.2104e-01 -3.0417e+00 +2.6344e+00 -2.8660e+00 +7.1115e-01 +3.6897e+00 +6.4909e-02
1472 0 +9.046882329e-02 -9.999095312e+02 -9.999095312e+02 -3.8254e+00 -1.2655e+00 -2.1228e+00 -2.3714e-01 -3.0405e+00 +2.4187e+00 -2.9514e+00 +7.5125e-01 +3.7512e+00 -4.7757e-02
1516 0 +6.333153157e-02 -9.999366685e+02 -9.999366685e+02 -3.8831e+00 -1.3397e+00 -2.1636e+00 -3.1298e-01 -2.9806e+00 +2.4601e+00 -2.8852e+00 +8.1592e-01 +3.6317e+00 -2.3621e-02
1573 0 +3.930196618e-02 -9.999606980e+02 -9.999606980e+02 -3.9596e+00 -1.2899e+00 -2.1539e+00 -3.4449e-01 -3.0481e+00 +2.5310e+00 -2.9027e+00 +7.3228e-01 +3.6984e+00 -1.5636e-02
1733 0 +3.796638193e-02 -9.999620336e+02 -9.999620336e+02 -3.7242e+00 -1.2304e+00 -2.0851e+00 -2.2703e-01 -3.0973e+00 +2.5378e+00 -2.8232e+00 +7.8518e-01 +3.6501e+00 +1.7257e-02
1747 0 +3.407761346e-02 -9.999659224e+02 -9.999659224e+02 -3.8919e+00 -1.3074e+00 -2.1381e+00 -3.0644e-01 -3.0385e+00 +2.4870e+00 -2.9003e+00 +8.1311e-01 +3.6631e+00 -4.0070e-03
1804 0 +2.738926519e-02 -9.999726107e+02 -9.999726107e+02 -3.9368e+00 -1.2247e+00 -2.1771e+00 -2.2099e-01 -3.0656e+00 +2.5092e+00 -2.9543e+00 +8.2335e-01 +3.6946e+00 -4.7479e-03
1834 0 +2.572854460e-02 -9.999742715e+02 -9.999742715e+02 -3.8503e+00 -1.3153e+00 -2.1577e+00 -2.6982e-01 -3.0701e+00 +2.4720e+00 -2.8932e+00 +8.0168e-01 +3.7045e+00 -6.2424e-03
1870 0 +2.055872554e-02 -9.999794413e+02 -9.999794413e+02 -3.8880e+00 -1.2524e+00 -2.1544e+00 -2.6387e-01 -3.0754e+00 +2.5357e+00 -2.9666e+00 +8.2456e-01 +3.6793e+00 -3.5169e-02
1876 0 +1.360481817e-02 -9.999863952e+02 -9.999863952e+02 -3.8856e+00 -1.2872e+00 -2.1487e+00 -3.2907e-01 -3.0145e+00 +2.4942e+00 -2.9185e+00 +8.4834e-01 +3.7140e+00 -3.8371e-02
1915 0 +2.592092869e-07 -9.999999997e+02 -9.999999997e+02 -3.8837e+00 -1.3119e+00 -2.1457e+00 -3.1012e-01 -3.0444e+00 +2.5048e+00 -2.9373e+00 +7.8463e-01 +3.7105e+00 -1.3935e-02
2021 0 +1.912454763e-07 -9.999999998e+02 -9.999999998e+02 -3.8796e+00 -1.2943e+00 -2.1374e+00 -3.0308e-01 -3.0585e+00 +2.5149e+00 -2.9361e+00 +7.8183e-01 +3.7335e+00 +2.1253e-02
2091 0 +1.742963605e-07 -9.999999998e+02 -9.999999998e+02 -3.8710e+00 -1.2920e+00 -2.1400e+00 -2.9260e-01 -3.0571e+00 +2.4915e+00 -2.9051e+00 +7.9458e-01 +3.6918e+00 -1.9023e-02
2107 0 +3.775539881e-09 -1.000000000e+03 -1.000000000e+03 -3.9024e+00 -1.2868e+00 -2.1431e+00 -3.1119e-01 -3.0443e+00 +2.4833e+00 -2.9202e+00 +7.8972e-01 +3.6965e+00 -8.1685e-03
% f evaluations | g evaluations | best noise-free fitness - Fopt (1.640700000000e+02) + sum g_i+ | measured fitness | best measured fitness or single-digit g-values | x1 | x2...
1 0 +9.695988185e+02 +1.133668818e+03 +1.133668818e+03 +5.9671e-01 -3.8264e-02 +7.4769e-01 +1.6230e+00 -1.3415e-01 -1.3414e-01 +1.6792e+00 +8.6743e-01 -3.6947e-01 +6.4256e-01
2 0 +5.110056297e+02 +6.750756297e+02 +6.750756297e+02 -3.6342e-01 -3.6573e-01 +3.4196e-01 -1.8133e+00 -1.6249e+00 -4.6229e-01 -9.1283e-01 +4.1425e-01 -8.0802e-01 -1.3123e+00
4 0 +4.136837239e+02 +5.777537239e+02 +5.777537239e+02 -5.0171e-01 +1.9523e+00 +8.6503e-02 -9.5771e-01 +9.2254e-01 -1.1208e+00 +3.0886e-01 -1.8597e+00 -1.2282e+00 +2.9686e-01
8 0 +3.129186968e+02 +4.769886968e+02 +4.769886968e+02 +4.6140e-01 +1.6380e+00 +6.4174e-02 +1.6646e+00 -2.5197e+00 +9.2190e-01 +1.8705e-01 -1.9901e-01 +1.9176e-01 -1.8876e+00
52 0 +1.686128991e+02 +3.326828991e+02 +3.326828991e+02 -2.7185e+00 +2.1630e+00 +5.0764e-01 +6.8318e-02 -1.8853e+00 +7.8432e-02 +3.2300e+00 -1.1134e-01 -7.2086e-01 -1.0175e-01
56 0 +1.171494378e+02 +2.812194378e+02 +2.812194378e+02 -2.1606e+00 +5.1186e-02 -2.0573e+00 +1.2565e+00 -2.1075e+00 +1.0741e+00 +6.4369e-01 -1.1496e+00 -1.9360e-01 -2.7476e+00
65 0 +6.381699440e+01 +2.278869944e+02 +2.278869944e+02 +1.3499e-01 +2.9063e+00 -2.4753e+00 +1.2554e-01 -1.3116e+00 -3.2475e-02 +9.8897e-01 -9.2836e-01 +5.6600e-01 -3.6161e+00
109 0 +3.499474850e+01 +1.990647485e+02 +1.990647485e+02 -3.2502e+00 +3.1165e+00 -2.4891e+00 -5.7667e-01 -1.3453e+00 +2.5338e+00 +3.5616e+00 +2.3523e+00 +2.2140e+00 -2.6866e+00
309 0 +2.862851173e+01 +1.926985117e+02 +1.926985117e+02 -1.3965e+00 +3.8130e+00 -2.1207e+00 -5.0282e-01 -1.9172e+00 +2.8914e+00 +8.0372e-01 +1.1119e+00 +9.7534e-01 -3.4780e+00
451 0 +2.603265167e+01 +1.901026517e+02 +1.901026517e+02 -4.8626e+00 +2.1725e+00 -4.2599e+00 -4.3707e+00 -2.6421e+00 +3.1549e-01 +3.0223e+00 +5.6481e-01 +4.0280e+00 -1.5280e+00
458 0 +1.316231173e+01 +1.772323117e+02 +1.772323117e+02 -1.5978e+00 +2.8776e+00 -3.0521e+00 -2.0678e+00 -2.5198e+00 +1.3152e+00 +2.0254e+00 +2.3422e+00 +2.9116e+00 -3.5595e+00
583 0 +1.280180068e+01 +1.768718007e+02 +1.768718007e+02 -2.3719e+00 +2.8925e+00 -4.7491e+00 -2.8299e+00 -2.5234e+00 +1.5998e+00 +1.0143e+00 +1.5571e+00 +3.4656e+00 -4.1477e+00
630 0 +1.149880233e+01 +1.755688023e+02 +1.755688023e+02 -1.7318e+00 +2.8026e+00 -3.4620e+00 -2.7142e+00 -2.5929e+00 -9.5357e-01 +2.5627e+00 +2.6062e+00 +3.1406e+00 -4.2517e+00
705 0 +8.729758961e+00 +1.727997590e+02 +1.727997590e+02 -2.0536e+00 +3.1038e+00 -2.8542e+00 -3.6068e+00 -2.7616e+00 -5.2401e-01 +2.7753e+00 +1.1457e+00 +2.8135e+00 -3.0956e+00
755 0 +5.845894929e+00 +1.699158949e+02 +1.699158949e+02 -2.4250e+00 +2.8769e+00 -3.9687e+00 -3.2244e+00 -2.0819e+00 +6.7830e-01 +1.8358e+00 +1.2377e+00 +3.1628e+00 -3.5722e+00
827 0 +5.244410969e+00 +1.693144110e+02 +1.693144110e+02 -1.6904e+00 +3.2488e+00 -4.0723e+00 -2.8641e+00 -2.3032e+00 +7.7876e-01 +1.5016e+00 +8.0502e-01 +2.8164e+00 -3.6893e+00
913 0 +5.123731205e+00 +1.691937312e+02 +1.691937312e+02 -3.4482e+00 +2.1034e+00 -2.8073e+00 -2.5091e+00 -9.9349e-01 +1.3881e+00 +1.3093e+00 +2.4821e+00 +3.1213e+00 -3.3726e+00
931 0 +4.095811384e+00 +1.681658114e+02 +1.681658114e+02 -1.8727e+00 +3.8032e+00 -2.9539e+00 -2.9416e+00 -2.1701e+00 +1.2821e+00 +1.9007e+00 +2.1198e+00 +2.5683e+00 -3.1918e+00
955 0 +3.262426769e+00 +1.673324268e+02 +1.673324268e+02 -2.6823e+00 +2.9856e+00 -3.2176e+00 -2.4948e+00 -2.0261e+00 +1.4834e+00 +2.1598e+00 +1.7815e+00 +2.8417e+00 -2.9217e+00
969 0 +2.269456869e+00 +1.663394569e+02 +1.663394569e+02 -1.9943e+00 +3.8242e+00 -2.7134e+00 -3.4424e+00 -2.3890e+00 +1.2927e+00 +1.6841e+00 +1.8910e+00 +2.8109e+00 -3.3288e+00
1163 0 +2.113824468e+00 +1.661838245e+02 +1.661838245e+02 -2.5164e+00 +2.7488e+00 -3.1534e+00 -2.8837e+00 -2.2255e+00 +1.2323e+00 +1.6524e+00 +1.8708e+00 +2.7297e+00 -3.3947e+00
1179 0 +1.962165488e+00 +1.660321655e+02 +1.660321655e+02 -2.8565e+00 +2.6979e+00 -2.8889e+00 -3.1938e+00 -1.8388e+00 +1.5268e+00 +2.0981e+00 +2.4064e+00 +3.2281e+00 -3.1109e+00
1251 0 +1.658362222e+00 +1.657283622e+02 +1.657283622e+02 -2.7884e+00 +2.6946e+00 -3.0988e+00 -2.8733e+00 -1.8299e+00 +1.5530e+00 +2.1944e+00 +2.2760e+00 +3.0731e+00 -3.2933e+00
1261 0 +1.365362336e+00 +1.654353623e+02 +1.654353623e+02 -2.9433e+00 +2.4815e+00 -2.8430e+00 -2.9019e+00 -1.8375e+00 +1.5823e+00 +2.2928e+00 +2.6604e+00 +3.0682e+00 -3.2147e+00
1341 0 +1.363576828e+00 +1.654335768e+02 +1.654335768e+02 -2.6194e+00 +2.9131e+00 -3.0262e+00 -2.9482e+00 -2.3365e+00 +1.5546e+00 +1.9046e+00 +1.9097e+00 +2.9900e+00 -3.1203e+00
2092 0 +1.264252140e+00 +1.653342521e+02 +1.653342521e+02 -2.4948e+00 +3.7359e+00 -2.5201e+00 -3.2708e+00 -2.2977e+00 +2.0973e+00 +2.4104e+00 +2.8267e+00 +3.0843e+00 -3.0779e+00
2183 0 +1.171610889e+00 +1.652416109e+02 +1.652416109e+02 -2.0900e+00 +3.5460e+00 -3.1177e+00 -3.0185e+00 -2.2872e+00 +1.7796e+00 +1.7799e+00 +2.2210e+00 +2.9860e+00 -3.6026e+00
2184 0 +8.022003650e-01 +1.648722004e+02 +1.648722004e+02 -2.1621e+00 +3.5877e+00 -2.9255e+00 -3.0153e+00 -2.3751e+00 +1.9804e+00 +1.9259e+00 +2.1605e+00 +2.8374e+00 -3.3164e+00
2228 0 +5.868898847e-01 +1.646568899e+02 +1.646568899e+02 -2.1140e+00 +4.0656e+00 -2.7694e+00 -3.1242e+00 -2.5403e+00 +2.3659e+00 +2.0286e+00 +2.9313e+00 +3.0598e+00 -3.4761e+00
2291 0 +4.898320060e-01 +1.645598320e+02 +1.645598320e+02 -2.2541e+00 +4.0137e+00 -2.5560e+00 -3.1779e+00 -2.5518e+00 +2.3686e+00 +1.9729e+00 +2.8441e+00 +2.9469e+00 -3.3118e+00
2306 0 +4.535989005e-01 +1.645235989e+02 +1.645235989e+02 -2.1267e+00 +4.1169e+00 -2.6684e+00 -3.0428e+00 -2.5346e+00 +2.4182e+00 +2.1288e+00 +3.0136e+00 +3.0164e+00 -3.2919e+00
2316 0 +2.352035678e-01 +1.643052036e+02 +1.643052036e+02 -2.3383e+00 +3.7628e+00 -2.6704e+00 -3.0178e+00 -2.2873e+00 +2.0999e+00 +1.7887e+00 +2.8112e+00 +2.9883e+00 -3.3548e+00
2359 0 +1.819955991e-01 +1.642519956e+02 +1.642519956e+02 -2.3393e+00 +3.8410e+00 -2.7215e+00 -3.1259e+00 -2.3150e+00 +2.1719e+00 +1.8620e+00 +2.7454e+00 +2.9224e+00 -3.2860e+00
2385 0 +9.382164719e-02 +1.641638216e+02 +1.641638216e+02 -2.3588e+00 +3.7449e+00 -2.6812e+00 -3.1029e+00 -2.3500e+00 +2.1548e+00 +2.1354e+00 +2.6930e+00 +2.9211e+00 -3.2041e+00
% f evaluations | g evaluations | best noise-free fitness - Fopt (-1.656800000000e+02) + sum g_i+ | measured fitness | best measured fitness or single-digit g-values | x1 | x2...
1 0 +7.478022085e+01 -9.089977915e+01 -9.089977915e+01 +5.9671e-01 -3.8264e-02 +7.4769e-01 +1.6230e+00 -1.3415e-01 -1.3414e-01 +1.6792e+00 +8.6743e-01 -3.6947e-01 +6.4256e-01
10 0 +6.202659801e+01 -1.036534020e+02 -1.036534020e+02 +1.9708e-01 +1.0686e+00 -6.0205e-01 -2.2766e-01 -2.9211e-01 -1.3635e+00 +3.9612e-01 +3.6106e-01 +1.0511e-01 -1.3459e-01
40 0 +3.938228109e+01 -1.262977189e+02 -1.262977189e+02 -7.9841e-01 +5.9192e-01 -1.2202e+00 +1.9315e+00 +1.2794e+00 -3.6918e-01 -1.6131e+00 +1.4539e+00 -1.4540e-02 +1.3378e+00
55 0 +3.871557366e+01 -1.269644263e+02 -1.269644263e+02 -1.9665e-01 +4.1668e-01 -3.9010e-02 +9.3452e-01 +8.7207e-02 +3.3034e-01 +7.2215e-01 +2.4549e+00 +4.8905e-01 -5.8911e-01
57 0 +3.775866207e+01 -1.279213379e+02 -1.279213379e+02 +2.3808e-02 +1.6774e+00 -1.1443e+00 +5.2347e-01 +3.2435e-01 -9.9138e-01 +8.1123e-01 +2.2174e+00 -5.1908e-02 -1.6011e-01
107 0 +3.494739309e+01 -1.307326069e+02 -1.307326069e+02 +8.5330e-01 +9.3622e-01 +2.1922e-01 +9.9158e-01 +7.8306e-01 +3.4340e-01 +1.4953e+00 +2.4048e+00 -1.7053e-01 -5.6135e-01
111 0 +3.370499291e+01 -1.319750071e+02 -1.319750071e+02 +7.6982e-02 +1.2843e+00 +5.4104e-01 +1.4034e+00 +2.9541e-01 -2.0295e-01 +9.2375e-01 +2.8715e+00 -6.6664e-01 +8.1089e-01
125 0 +3.155918892e+01 -1.341208111e+02 -1.341208111e+02 -1.2642e+00 +9.7561e-01 +7.3331e-01 +2.5528e+00 +1.4229e+00 +9.9652e-01 +9.9436e-01 +2.1518e+00 +8.6605e-01 -2.0641e-01
152 0 +2.289793193e+01 -1.427820681e+02 -1.427820681e+02 -5.8241e-01 +2.5963e-01 -3.2094e-01 +1.8241e+00 +1.2055e+00 +6.1448e-02 -2.3197e-01 +2.4191e+00 +1.9929e-01 +1.5600e+00
153 0 +2.071925896e+01 -1.449607410e+02 -1.449607410e+02 -6.7240e-01 +1.0896e+00 -8.0208e-01 +1.1190e+00 -1.1031e-01 -2.0478e+00 +3.9966e-01 +2.2143e+00 -1.1117e+00 +1.0053e+00
208 0 +1.906282607e+01 -1.466171739e+02 -1.466171739e+02 -1.4929e+00 -7.6453e-01 +1.0309e+00 +1.7792e+00 +2.4637e+00 -4.2360e-01 -2.6200e-01 +2.9991e+00 +8.3671e-01 +1.1335e-01
273 0 +1.611809124e+01 -1.495619088e+02 -1.495619088e+02 -1.6139e+00 +6.4492e-02 +4.9847e-01 +7.9369e-01 +9.4092e-01 -2.3252e+00 +1.4913e+00 +2.5585e+00 -2.9320e-01 -1.1316e+00
406 0 +7.602148196e+00 -1.580778518e+02 -1.580778518e+02 -1.2972e+00 +3.1791e-01 +1.1976e+00 +1.8516e+00 +2.0362e+00 -5.0303e-01 +1.4002e+00 +2.3661e+00 +4.2002e-01 +2.8170e-01
501 0 +5.514495276e+00 -1.601655047e+02 -1.601655047e+02 -1.1087e+00 +5.4655e-01 +1.6362e+00 +2.0344e+00 +2.1442e+00 -1.1693e+00 +1.8251e+00 +3.0177e+00 +6.3557e-01 -2.3810e-01
502 0 +4.619820819e+00 -1.610601792e+02 -1.610601792e+02 -1.1438e+00 -2.3584e-01 +1.1532e+00 +1.8815e+00 +2.2981e+00 -1.8020e+00 +3.0006e-01 +2.9643e+00 +3.8627e-01 +2.0641e-01
551 0 +2.244437000e+00 -1.634355630e+02 -1.634355630e+02 -1.0091e+00 +4.1781e-01 +1.1299e+00 +1.5865e+00 +1.5107e+00 -2.8616e+00 +5.9920e-01 +2.9500e+00 -5.8878e-02 +5.3817e-03
781 0 +2.152392084e+00 -1.635276079e+02 -1.635276079e+02 -1.0276e+00 -2.8853e-01 +1.4915e+00 +2.1081e+00 +2.0677e+00 -2.9615e+00 +3.4250e-01 +2.8652e+00 +2.9788e-01 -1.1712e-01
804 0 +2.036386807e+00 -1.636436132e+02 -1.636436132e+02 -1.1494e+00 +3.5266e-01 +1.6431e+00 +2.0043e+00 +2.0197e+00 -2.4843e+00 +9.1876e-01 +2.9350e+00 +3.2225e-01 -2.5083e-01
823 0 +1.230940304e+00 -1.644490597e+02 -1.644490597e+02 -8.5326e-01 +5.6911e-02 +1.1399e+00 +1.7604e+00 +1.9089e+00 -2.4769e+00 +5.9974e-01 +2.9191e+00 +3.2792e-01 -4.4355e-01
1029 0 +1.118345638e+00 -1.645616544e+02 -1.645616544e+02 -1.2500e+00 +5.1853e-01 +1.2079e+00 +1.5860e+00 +1.5747e+00 -2.3817e+00 +9.5823e-01 +2.6102e+00 +5.8508e-02 -1.1127e-01
1039 0 +1.111602644e+00 -1.645683974e+02 -1.645683974e+02 -9.9945e-01 -4.5792e-02 +1.3641e+00 +2.0901e+00 +1.9266e+00 -2.1548e+00 +6.5995e-01 +2.8831e+00 +2.0796e-01 -2.9355e-01
1064 0 +1.079243003e+00 -1.646007570e+02 -1.646007570e+02 -1.2313e+00 +2.2651e-01 +1.3314e+00 +1.8800e+00 +2.0386e+00 -2.1763e+00 +8.1511e-01 +2.8308e+00 +3.5838e-01 -1.3628e-01
1084 0 +9.239196538e-01 -1.647560803e+02 -1.647560803e+02 -1.2795e+00 +2.9390e-01 +1.3529e+00 +1.5535e+00 +1.6469e+00 -2.7665e+00 +7.7902e-01 +2.6135e+00 +2.1509e-01 -3.4303e-01
1127 0 +8.618809473e-01 -1.648181191e+02 -1.648181191e+02 -1.2743e+00 +1.2498e-02 +1.5756e+00 +2.0036e+00 +1.8935e+00 -2.3747e+00 +7.1541e-01 +2.9125e+00 +3.3172e-01 -4.8285e-01
1158 0 +7.550222410e-01 -1.649249778e+02 -1.649249778e+02 -1.1644e+00 +5.6536e-01 +1.2625e+00 +1.4108e+00 +1.7592e+00 -2.7560e+00 +8.7799e-01 +2.7647e+00 +9.5103e-02 -1.5040e-02
1303 0 +7.310700321e-01 -1.649489300e+02 -1.649489300e+02 -1.0938e+00 +3.1680e-01 +1.3619e+00 +1.5065e+00 +1.8697e+00 -2.8083e+00 +1.0428e+00 +2.8837e+00 +3.2241e-01 -2.7868e-01
1323 0 +7.251540932e-01 -1.649548459e+02 -1.649548459e+02 -1.1489e+00 +1.0177e-01 +1.4341e+00 +1.9136e+00 +1.7724e+00 -2.2395e+00 +8.0028e-01 +2.9164e+00 +3.6573e-01 -3.6618e-01
1325 0 +6.743374319e-01 -1.650056626e+02 -1.650056626e+02 -1.2146e+00 +2.4545e-01 +1.2977e+00 +1.5591e+00 +1.6163e+00 -2.6309e+00 +1.0233e+00 +2.7324e+00 +1.9834e-01 -4.0563e-01
1404 0 +6.320913786e-01 -1.650479086e+02 -1.650479086e+02 -1.2907e+00 +4.1355e-01 +1.3216e+00 +1.5446e+00 +1.7814e+00 -2.8197e+00 +8.5918e-01 +2.7737e+00 +1.2345e-01 -3.0912e-01
1452 0 +6.020318272e-01 -1.650779682e+02 -1.650779682e+02 -1.2625e+00 +2.4327e-01 +1.3708e+00 +1.5473e+00 +1.8034e+00 -2.9302e+00 +9.0910e-01 +2.9168e+00 +2.8793e-01 -4.6431e-01
1576 0 +5.997043204e-01 -1.650802957e+02 -1.650802957e+02 -1.2059e+00 +2.8230e-01 +1.3460e+00 +1.5848e+00 +1.7152e+00 -2.7862e+00 +9.3624e-01 +2.7388e+00 +1.6192e-01 -3.3818e-01
1611 0 +5.482103684e-01 -1.651317896e+02 -1.651317896e+02 -1.2319e+00 +4.0601e-01 +1.1883e+00 +1.3358e+00 +1.6920e+00 -2.9058e+00 +9.9247e-01 +2.8388e+00 +1.6584e-01 -3.2742e-01
1618 0 +5.260020860e-01 -1.651539979e+02 -1.651539979e+02 -1.1422e+00 +4.5131e-01 +1.2258e+00 +1.4118e+00 +1.6180e+00 -2.7391e+00 +1.0284e+00 +2.6620e+00 +1.6492e-01 -2.6604e-01
1872 0 +5.215381504e-01 -1.651584618e+02 -1.651584618e+02 -1.1484e+00 +3.8981e-01 +1.2566e+00 +1.4445e+00 +1.6552e+00 -2.8717e+00 +9.5992e-01 +2.7786e+00 +1.8067e-01 -2.9535e-01
2161 0 +5.174806381e-01 -1.651625194e+02 -1.651625194e+02 -1.1879e+00 +4.5578e-01 +1.2389e+00 +1.3768e+00 +1.6259e+00 -2.8591e+00 +9.9889e-01 +2.7804e+00 +1.5179e-01 -3.7087e-01
2169 0 +5.164178429e-01 -1.651635822e+02 -1.651635822e+02 -1.1548e+00 +4.0899e-01 +1.2259e+00 +1.4374e+00 +1.5954e+00 -2.8557e+00 +9.8539e-01 +2.7420e+00 +1.3725e-01 -3.2140e-01
2183 0 +5.160907027e-01 -1.651639093e+02 -1.651639093e+02 -1.1458e+00 +4.2552e-01 +1.2713e+00 +1.4137e+00 +1.6255e+00 -2.8077e+00 +1.0542e+00 +2.7354e+00 +2.0319e-01 -3.6220e-01
% f evaluations | g evaluations | best noise-free fitness - Fopt (9.284000000000e+01) + sum g_i+ | measured fitness | best measured fitness or single-digit g-values | x1 | x2...
1 0 +6.994656687e+02 +7.923056687e+02 +7.923056687e+02 +5.9671e-01 -3.8264e-02 +7.4769e-01 +1.6230e+00 -1.3415e-01 -1.3414e-01 +1.6792e+00 +8.6743e-01 -3.6947e-01 +6.4256e-01
6 0 +2.740300495e+02 +3.668700495e+02 +3.668700495e+02 +4.2408e-01 -2.8508e-01 -5.7692e-01 +7.1168e-01 +1.1310e+00 +1.0313e+00 -7.3922e-01 -2.0921e-01 +4.3126e-01 +1.0755e+00
12 0 +1.218396362e+02 +2.146796362e+02 +2.146796362e+02 -1.8188e+00 +7.3486e-02 +1.6023e-01 +2.5632e+00 -9.2361e-02 +4.0155e-01 +6.5288e-02 -1.0687e+00 +1.2428e+00 +8.5193e-01
52 0 +8.533246140e+01 +1.781724614e+02 +1.781724614e+02 -3.4211e-01 -4.0409e-01 -2.4164e+00 +8.2252e-01 +1.2248e+00 +5.0723e-01 -1.3790e+00 -2.6194e+00 +9.5811e-01 +2.2007e+00
54 0 +5.954108276e+01 +1.523810828e+02 +1.523810828e+02 -1.0006e+00 -2.4515e-01 -1.3905e+00 +1.3145e+00 -7.0344e-02 -1.9293e-02 -1.6042e+00 -1.7061e+00 +2.3239e+00 +1.5618e+00
57 0 +3.847149871e+01 +1.313114987e+02 +1.313114987e+02 +2.4771e-01 -1.1101e+00 -7.0795e-01 +9.0611e-01 +2.1120e-01 -2.0950e-01 -2.9187e-01 -1.7971e+00 +3.1889e+00 +2.4837e+00
251 0 +3.526893741e+01 +1.281089374e+02 +1.281089374e+02 +1.5407e+00 -2.6535e+00 -2.8572e+00 +1.8089e+00 -6.3319e-01 +2.6268e+00 +9.9402e-01 -3.0640e+00 +2.0358e+00 +2.3780e+00
302 0 +2.683498831e+01 +1.196749883e+02 +1.196749883e+02 +7.1812e-01 -8.9746e-01 -2.7216e+00 +1.3750e+00 -1.2422e-01 +1.1401e+00 +1.6205e+00 -1.8096e+00 +2.4933e+00 +2.8229e+00
401 0 +1.746317286e+01 +1.103031729e+02 +1.103031729e+02 +3.0296e+00 -2.4780e+00 -3.7901e+00 +1.3365e+00 +1.5660e+00 +3.6012e+00 +1.7612e+00 -2.3172e+00 +1.8420e+00 +2.7213e+00
504 0 +1.099949439e+01 +1.038394944e+02 +1.038394944e+02 +1.1787e+00 -1.7562e+00 -3.7891e+00 +1.0384e+00 -5.2107e-01 +2.7991e+00 +1.5716e+00 -2.2935e+00 +1.7675e+00 +3.5194e+00
558 0 +1.089553328e+01 +1.037355333e+02 +1.037355333e+02 +8.8987e-01 -7.0653e-01 -2.9933e+00 +2.5710e+00 -2.0648e-01 +2.4312e+00 +7.8515e-03 -2.3343e+00 +3.2297e+00 +2.9610e+00
559 0 +1.055029711e+01 +1.033902971e+02 +1.033902971e+02 +2.4517e+00 -1.8912e+00 -3.9012e+00 +1.8744e+00 +2.6200e-01 +4.3577e+00 +1.3114e+00 -2.7708e+00 +2.3891e+00 +3.5288e+00
603 0 +8.787496713e+00 +1.016274967e+02 +1.016274967e+02 +1.7407e+00 -1.6110e+00 -2.7323e+00 +1.3746e+00 +1.2291e-01 +3.1440e+00 +2.9814e-04 -2.7181e+00 +2.8583e+00 +2.6776e+00
605 0 +8.302935090e+00 +1.011429351e+02 +1.011429351e+02 +2.7790e+00 -2.2368e+00 -3.7551e+00 +2.2393e+00 +1.2836e+00 +3.1395e+00 +8.3273e-01 -3.2613e+00 +1.3940e+00 +2.0236e+00
665 0 +8.005404577e+00 +1.008454046e+02 +1.008454046e+02 +2.3673e+00 -1.7376e+00 -3.8956e+00 +2.1701e+00 +1.1870e+00 +2.9284e+00 +1.0456e+00 -2.5818e+00 +1.5283e+00 +2.1782e+00
699 0 +6.914575680e+00 +9.975457568e+01 +9.975457568e+01 +2.0393e+00 -1.6595e+00 -3.7787e+00 +1.4224e+00 +1.1332e+00 +2.1988e+00 +1.3013e+00 -2.7017e+00 +1.5595e+00 +1.9999e+00
702 0 +4.328363549e+00 +9.716836355e+01 +9.716836355e+01 +1.6310e+00 -1.4092e+00 -3.1926e+00 +1.6093e+00 +3.3485e-01 +3.1815e+00 +5.7542e-01 -2.6777e+00 +2.6718e+00 +2.7978e+00
766 0 +3.391627857e+00 +9.623162786e+01 +9.623162786e+01 +1.5903e+00 -1.9891e+00 -3.1592e+00 +5.1833e-01 -8.1716e-02 +2.4854e+00 +3.1205e-01 -2.0710e+00 +2.3235e+00 +3.9379e+00
851 0 +2.469013601e+00 +9.530901360e+01 +9.530901360e+01 +1.8897e+00 -1.7548e+00 -3.6664e+00 +8.4834e-01 +4.8608e-01 +2.8370e+00 +1.2808e-01 -2.5293e+00 +1.8675e+00 +3.0027e+00
855 0 +2.380265266e+00 +9.522026527e+01 +9.522026527e+01 +1.5317e+00 -1.6198e+00 -3.2886e+00 +7.4435e-01 -3.7576e-02 +2.6688e+00 +7.5001e-01 -2.2920e+00 +2.5796e+00 +3.3215e+00
862 0 +1.560824076e+00 +9.440082408e+01 +9.440082408e+01 +2.3166e+00 -1.6295e+00 -3.6282e+00 +1.6019e+00 +1.9914e-01 +3.3496e+00 +4.4278e-01 -2.3009e+00 +2.5101e+00 +3.2270e+00
991 0 +1.480926888e+00 +9.432092689e+01 +9.432092689e+01 +1.6746e+00 -1.6923e+00 -3.5930e+00 +1.1586e+00 +2.8250e-01 +2.8575e+00 +8.7811e-01 -2.1484e+00 +2.5669e+00 +3.3951e+00
1053 0 +1.266641686e+00 +9.410664169e+01 +9.410664169e+01 +1.9581e+00 -1.9286e+00 -3.4171e+00 +5.9990e-01 +5.1211e-01 +2.4045e+00 -2.4734e-01 -1.8956e+00 +1.9578e+00 +3.5262e+00
1181 0 +1.094963135e+00 +9.393496313e+01 +9.393496313e+01 +1.9066e+00 -1.8634e+00 -3.3513e+00 +7.8933e-01 +3.7802e-01 +2.4206e+00 +1.8493e-01 -1.9634e+00 +2.1879e+00 +3.4147e+00
1249 0 +8.741700362e-01 +9.371417004e+01 +9.371417004e+01 +1.9013e+00 -1.8027e+00 -3.1814e+00 +1.0626e+00 +3.2481e-01 +2.6523e+00 +2.1770e-01 -2.0949e+00 +2.2448e+00 +3.3634e+00
1312 0 +5.782938003e-01 +9.341829380e+01 +9.341829380e+01 +1.9935e+00 -1.8333e+00 -3.5994e+00 +9.2301e-01 +3.9340e-01 +2.6445e+00 +2.3100e-01 -1.8956e+00 +2.3575e+00 +3.4670e+00
1413 0 +5.674032032e-01 +9.340740320e+01 +9.340740320e+01 +2.0635e+00 -1.8351e+00 -3.7118e+00 +7.9607e-01 +4.4862e-01 +2.7603e+00 +1.5476e-01 -1.9700e+00 +2.2765e+00 +3.5514e+00
2147 0 +4.928682296e-01 +9.333286823e+01 +9.333286823e+01 +1.7447e+00 -1.9127e+00 -3.6058e+00 +8.9105e-01 +4.0005e-01 +2.3758e+00 +8.3137e-01 -1.6703e+00 +2.4274e+00 +3.5458e+00
2181 0 +3.446568357e-01 +9.318465684e+01 +9.318465684e+01 +1.9340e+00 -2.1511e+00 -3.6512e+00 +8.5997e-01 +2.6786e-01 +2.8716e+00 +1.0797e+00 -1.2648e+00 +2.3351e+00 +4.1296e+00
2210 0 +3.280354633e-01 +9.316803546e+01 +9.316803546e+01 +2.0228e+00 -2.1376e+00 -3.6364e+00 +8.6005e-01 +3.2053e-01 +2.7471e+00 +8.4763e-01 -1.2603e+00 +2.3863e+00 +4.1673e+00
2237 0 +3.121221541e-01 +9.315212215e+01 +9.315212215e+01 +1.9140e+00 -1.9961e+00 -3.6041e+00 +9.0961e-01 +3.9997e-01 +2.6032e+00 +1.1470e+00 -1.6744e+00 +2.2943e+00 +3.6357e+00
2265 0 +1.947078591e-01 +9.303470786e+01 +9.303470786e+01 +1.8238e+00 -1.9953e+00 -3.6521e+00 +9.5854e-01 +3.7103e-01 +2.5520e+00 +1.2154e+00 -1.5121e+00 +2.5405e+00 +3.7160e+00
2272 0 +1.741023935e-01 +9.301410239e+01 +9.301410239e+01 +1.8132e+00 -1.9317e+00 -3.4225e+00 +8.1163e-01 +2.0671e-01 +2.7362e+00 +8.6465e-01 -1.6836e+00 +2.4811e+00 +3.7995e+00
2360 0 +1.457951487e-01 +9.298579515e+01 +9.298579515e+01 +1.8151e+00 -1.9988e+00 -3.5782e+00 +8.5314e-01 +2.9974e-01 +2.5466e+00 +9.4323e-01 -1.5114e+00 +2.4307e+00 +3.7665e+00
2393 0 +1.198752531e-01 +9.295987525e+01 +9.295987525e+01 +1.8739e+00 -1.8856e+00 -3.5628e+00 +8.4083e-01 +1.8990e-01 +2.7482e+00 +6.7124e-01 -1.6483e+00 +2.4523e+00 +3.8601e+00
2407 0 +1.135413905e-01 +9.295354139e+01 +9.295354139e+01 +2.1063e+00 -2.1012e+00 -3.6606e+00 +7.4933e-01 +4.0953e-01 +2.8951e+00 +8.0354e-01 -1.5421e+00 +2.2819e+00 +3.9442e+00
2409 0 +8.389204610e-02 +9.292389205e+01 +9.292389205e+01 +2.0039e+00 -2.0420e+00 -3.5334e+00 +8.2503e-01 +2.6923e-01 +2.8055e+00 +7.2672e-01 -1.5815e+00 +2.3447e+00 +3.9016e+00
2418 0 +8.246745980e-02 +9.292246746e+01 +9.292246746e+01 +1.8821e+00 -1.9381e+00 -3.5093e+00 +9.1647e-01 +2.9575e-01 +2.6885e+00 +8.5886e-01 -1.6616e+00 +2.4632e+00 +3.7546e+00
2423 0 +5.558978275e-02 +9.289558978e+01 +9.289558978e+01 +1.8362e+00 -2.0122e+00 -3.5424e+00 +8.6149e-01 +2.4158e-01 +2.6879e+00 +9.6548e-01 -1.5079e+00 +2.3427e+00 +3.8764e+00
2469 0 +5.254361844e-02 +9.289254362e+01 +9.289254362e+01 +1.9711e+00 -2.0585e+00 -3.5336e+00 +7.1396e-01 +2.9609e-01 +2.7369e+00 +7.0377e-01 -1.5201e+00 +2.3166e+00 +4.0057e+00
% f evaluations | g evaluations | best noise-free fitness - Fopt (-3.679200000000e+02) + sum g_i+ | measured fitness | best measured fitness or single-digit g-values | x1 | x2...
1 0 +8.578310588e+01 -2.821368941e+02 -2.821368941e+02 +5.9671e-01 -3.8264e-02 +7.4769e-01 +1.6230e+00 -1.3415e-01 -1.3414e-01 +1.6792e+00 +8.6743e-01 -3.6947e-01 +6.4256e-01
9 0 +5.434531151e+01 -3.135746885e+02 -3.135746885e+02 -1.1967e-01 +4.5711e-01 +1.5779e+00 -4.1827e-01 -7.0849e-01 -4.0176e-01 +1.0154e+00 +4.2875e-01 -4.2976e-01 +6.1327e-01
51 0 +3.732126463e+01 -3.305987354e+02 -3.305987354e+02 +8.9219e-01 -1.1120e+00 +8.9552e-01 +8.6613e-01 -1.9715e-01 +6.4156e-01 +1.8819e+00 -4.8407e-01 -5.6261e-01 +6.0054e-02
56 0 +3.200641692e+01 -3.359135831e+02 -3.359135831e+02 +1.7337e+00 +1.5015e-01 +1.8721e+00 -8.4033e-01 -4.8216e-01 +8.7957e-01 +1.2753e+00 +1.2326e-01 -5.0376e-01 +3.7812e-01
69 0 +3.123851373e+01 -3.366814863e+02 -3.366814863e+02 +9.2179e-01 -2.7327e-01 +7.4542e-01 +2.4071e-01 -8.6077e-01 -6.0826e-01 +1.6536e+00 +4.6912e-01 -7.4918e-01 -7.3706e-01
106 0 +2.745973861e+01 -3.404602614e+02 -3.404602614e+02 +6.6892e-01 +3.8877e-01 +2.3143e+00 +2.9234e-01 -2.3609e-02 +4.0860e-01 +1.5878e+00 +9.5285e-01 +5.2554e-01 +6.7209e-01
116 0 +2.514015500e+01 -3.427798450e+02 -3.427798450e+02 +9.9875e-01 -9.3062e-01 +2.0610e+00 -1.6556e-01 -1.4267e+00 +6.7041e-01 +1.0226e+00 -5.8086e-01 -1.1996e+00 +8.3014e-01
151 0 +2.084197602e+01 -3.470780240e+02 -3.470780240e+02 +8.9963e-01 +1.3416e-01 +1.7795e+00 -2.0775e-01 -3.7707e-01 -6.5354e-01 +1.4386e+00 +9.8197e-01 +5.0094e-01 +1.7544e-01
157 0 +7.545439324e+00 -3.603745607e+02 -3.603745607e+02 +1.3294e+00 -1.4366e-01 +2.4655e+00 -1.2134e-01 +1.3728e-01 -6.1953e-01 +2.0362e+00 +1.8320e+00 -2.6536e-01 +1.2069e+00
251 0 +6.764310029e+00 -3.611556900e+02 -3.611556900e+02 +8.7700e-01 -3.1146e-01 +3.3858e+00 +4.7232e-01 +6.4937e-02 -2.3726e-01 +2.2840e+00 +1.5923e+00 -4.3384e-01 +4.5519e-01
473 0 +5.032642673e+00 -3.628873573e+02 -3.628873573e+02 +4.3716e-01 -9.5872e-01 +2.4042e+00 +1.0039e+00 +2.1683e-01 -1.9132e-01 +2.3905e+00 +6.1810e-01 -6.3702e-01 -5.5267e-01
551 0 +4.466785687e+00 -3.634532143e+02 -3.634532143e+02 +3.6589e-01 -1.7823e+00 +2.3071e+00 +1.5745e+00 +9.8524e-01 -2.1081e-03 +2.4070e+00 +7.8234e-01 -1.3834e+00 +9.8101e-02
580 0 +3.553181719e+00 -3.643668183e+02 -3.643668183e+02 +9.0858e-01 -1.3827e+00 +2.5579e+00 +1.0570e+00 +3.3725e-01 -4.8744e-01 +2.6645e+00 +8.8611e-01 -1.1985e+00 +1.6444e-01
635 0 +3.379099043e+00 -3.645409010e+02 -3.645409010e+02 +4.6284e-01 -1.8353e+00 +2.2587e+00 +1.9919e+00 +3.3772e-01 -6.5508e-01 +2.5853e+00 +1.2706e+00 -1.0448e+00 -1.6069e-01
638 0 +3.300171661e+00 -3.646198283e+02 -3.646198283e+02 +9.6646e-01 -1.3422e+00 +2.5850e+00 +1.0855e+00 +4.5047e-01 -2.2437e-01 +1.9006e+00 +7.5456e-01 -1.2819e+00 +1.9097e-01
649 0 +1.837302659e+00 -3.660826973e+02 -3.660826973e+02 +1.1056e+00 -1.4787e+00 +2.4337e+00 +8.6012e-01 +5.4281e-01 -5.8588e-01 +2.5871e+00 +1.0082e+00 -5.9246e-01 +1.6756e-01
713 0 +1.596120603e+00 -3.663238794e+02 -3.663238794e+02 +9.8264e-01 -1.0507e+00 +3.1181e+00 +1.0980e+00 +4.2569e-01 -5.5248e-01 +2.7286e+00 +1.4539e+00 -8.1851e-01 -3.5482e-02
769 0 +1.385510937e+00 -3.665344891e+02 -3.665344891e+02 +1.1165e+00 -8.1217e-01 +2.5584e+00 +8.0602e-01 +3.1888e-01 -5.7197e-01 +2.5900e+00 +1.1062e+00 -5.0798e-01 -2.5021e-02
927 0 +1.223968851e+00 -3.666960311e+02 -3.666960311e+02 +1.0674e+00 -1.1356e+00 +2.6422e+00 +9.6566e-01 +3.5796e-01 -6.4423e-01 +2.3819e+00 +1.0625e+00 -6.9532e-01 -8.0438e-03
1109 0 +1.210686406e+00 -3.667093136e+02 -3.667093136e+02 +1.0541e+00 -9.0453e-01 +2.5774e+00 +8.7018e-01 +2.5870e-01 -7.0534e-01 +2.4854e+00 +1.2300e+00 -6.4774e-01 +1.2399e-01
1137 0 +1.203814867e+00 -3.667161851e+02 -3.667161851e+02 +1.0531e+00 -1.1211e+00 +2.4884e+00 +7.0185e-01 +6.4060e-01 -7.0411e-01 +2.4775e+00 +9.8946e-01 -6.5580e-01 +8.7831e-02
1232 0 +1.179288609e+00 -3.667407114e+02 -3.667407114e+02 +9.8987e-01 -1.0281e+00 +2.5466e+00 +8.6660e-01 +4.4326e-01 -6.1447e-01 +2.4414e+00 +1.1639e+00 -6.3951e-01 +1.1435e-01
1320 0 +1.173763680e+00 -3.667462363e+02 -3.667462363e+02 +1.0705e+00 -1.0519e+00 +2.7416e+00 +9.1386e-01 +2.6772e-01 -6.6182e-01 +2.3848e+00 +1.0978e+00 -6.6766e-01 +1.1975e-01
1364 0 +1.161546763e+00 -3.667584532e+02 -3.667584532e+02 +1.0271e+00 -1.1265e+00 +2.5555e+00 +8.1686e-01 +6.0657e-01 -6.4193e-01 +2.3292e+00 +9.1215e-01 -5.1498e-01 +1.0283e-01
1490 0 +1.159395020e+00 -3.667606050e+02 -3.667606050e+02 +1.0749e+00 -1.0204e+00 +2.4773e+00 +8.0521e-01 +4.3183e-01 -6.8837e-01 +2.5442e+00 +1.1664e+00 -6.7982e-01 +1.1056e-01
1659 0 +1.157490650e+00 -3.667625094e+02 -3.667625094e+02 +9.1275e-01 -9.6079e-01 +2.4569e+00 +8.0053e-01 +5.0181e-01 -6.6699e-01 +2.3631e+00 +9.8729e-01 -5.4262e-01 +4.8755e-02
