% f evaluations | g evaluations | best noise-free fitness - Fopt (9.294000000000e+01) + sum g_i+ | measured fitness | best measured fitness or single-digit g-values | x1 | x2...
1 0 +1.176336130e+01 +1.047033613e+02 +1.047033613e+02 +5.9671e-01 -3.8264e-02 +7.4769e-01 +1.6230e+00 -1.3415e-01
11 0 +1.170605370e+01 +1.046460537e+02 +1.046460537e+02 +4.2408e-01 -2.8508e-01 -5.7692e-01 +7.1168e-01 +1.1310e+00
75 0 +8.622098662e+00 +1.015620987e+02 +1.015620987e+02 -5.5162e-01 +5.5893e-01 -5.2887e-01 -5.4944e-01 -2.2141e-01
79 0 +6.799911001e+00 +9.973991100e+01 +9.973991100e+01 -9.7797e-02 -9.4737e-02 -1.0662e-02 +4.4078e-01 +5.6511e-01
113 0 +4.714313928e+00 +9.765431393e+01 +9.765431393e+01 -5.9143e-01 +2.7403e-01 -6.6588e-01 +2.3185e-01 +4.6772e-01
115 0 +4.307716088e+00 +9.724771609e+01 +9.724771609e+01 -1.5608e-01 +6.4423e-01 -3.9249e-01 +5.9735e-01 +4.3236e-01
143 0 +2.301001987e+00 +9.524100199e+01 +9.524100199e+01 -3.1053e-01 +2.5621e-01 -2.1536e-01 +1.1002e+00 +6.6469e-01
207 0 +1.833652432e+00 +9.477365243e+01 +9.477365243e+01 -1.2903e-01 +1.2341e+00 -3.8033e-01 +1.3703e+00 +6.6768e-01
401 0 +1.533552112e+00 +9.447355211e+01 +9.447355211e+01 -2.5586e-01 +7.4050e-01 +3.6049e-01 +2.4304e+00 +1.4491e+00
479 0 +9.507535751e-01 +9.389075358e+01 +9.389075358e+01 -4.6013e-01 +1.0085e+00 -3.1689e-01 +1.9328e+00 +1.4469e+00
542 0 +9.351685789e-01 +9.387516858e+01 +9.387516858e+01 +2.8090e-01 +5.3749e-01 +5.1954e-01 +3.3811e+00 +2.0472e+00
560 0 +6.145969319e-01 +9.355459693e+01 +9.355459693e+01 -4.7731e-01 +8.0407e-01 +8.6616e-02 +3.0447e+00 +2.5771e+00
617 0 +5.772852205e-01 +9.351728522e+01 +9.351728522e+01 -4.4004e-01 +1.2707e+00 +1.4974e-01 +3.1632e+00 +2.4141e+00
621 0 +2.482082926e-01 +9.318820829e+01 +9.318820829e+01 -2.9216e-01 +8.2434e-01 +3.2814e-01 +3.1273e+00 +2.5190e+00
633 0 +9.113325576e-02 +9.303113326e+01 +9.303113326e+01 -2.8242e-01 +7.1740e-01 +2.0719e-01 +3.1529e+00 +2.4710e+00
661 0 +6.593029059e-02 +9.300593029e+01 +9.300593029e+01 -2.6275e-01 +7.4078e-01 +2.2540e-01 +2.9665e+00 +2.2719e+00
676 0 +5.322693610e-02 +9.299322694e+01 +9.299322694e+01 -2.2132e-01 +6.4958e-01 +2.3292e-01 +3.0685e+00 +2.3518e+00
678 0 +4.288569631e-02 +9.298288570e+01 +9.298288570e+01 -2.1250e-01 +7.7936e-01 +3.6137e-01 +3.2674e+00 +2.5028e+00
679 0 +3.370345395e-02 +9.297370345e+01 +9.297370345e+01 -1.7178e-01 +6.5431e-01 +2.9974e-01 +3.1829e+00 +2.4305e+00
732 0 +2.483129047e-02 +9.296483129e+01 +9.296483129e+01 -3.3682e-01 +7.6832e-01 +1.9496e-01 +2.9453e+00 +2.3344e+00
736 0 +1.169007162e-02 +9.295169007e+01 +9.295169007e+01 -2.1805e-01 +6.9153e-01 +2.6465e-01 +3.0871e+00 +2.3824e+00
772 0 +9.011210944e-03 +9.294901121e+01 +9.294901121e+01 -2.7801e-01 +7.8283e-01 +2.4773e-01 +3.1296e+00 +2.4220e+00
783 0 +7.299341378e-03 +9.294729934e+01 +9.294729934e+01 -2.0901e-01 +7.1179e-01 +3.1782e-01 +3.2515e+00 +2.5110e+00
854 0 +4.470511783e-07 +9.294000045e+01 +9.294000045e+01 -2.3039e-01 +7.3854e-01 +2.5796e-01 +3.0671e+00 +2.3694e+00
907 0 +4.181557784e-07 +9.294000042e+01 +9.294000042e+01 -2.4174e-01 +7.4141e-01 +2.5540e-01 +3.0708e+00 +2.3844e+00
915 0 +6.776269856e-08 +9.294000007e+01 +9.294000007e+01 -2.2930e-01 +7.2556e-01 +2.7807e-01 +3.1089e+00 +2.4095e+00
928 0 +3.403485493e-09 +9.294000000e+01 +9.294000000e+01 -2.4147e-01 +7.4412e-01 +2.7090e-01 +3.1157e+00 +2.3997e+00
% f evaluations | g evaluations | best noise-free fitness - Fopt (3.535000000000e+01) + sum g_i+ | measured fitness | best measured fitness or single-digit g-values | x1 | x2...
1 0 +2.733509126e+02 +3.087009126e+02 +3.087009126e+02 +5.9671e-01 -3.8264e-02 +7.4769e-01 +1.6230e+00 -1.3415e-01
10 0 +2.680953573e+02 +3.034453573e+02 +3.034453573e+02 -6.1984e-01 -3.6064e-01 +1.1571e+00 +4.4362e-01 -1.6630e+00
14 0 +1.821147428e+02 +2.174647428e+02 +2.174647428e+02 +1.4562e+00 +2.7990e-02 +1.1035e+00 +4.6164e-01 -5.4512e-01
26 0 +8.428419353e+01 +1.196341935e+02 +1.196341935e+02 +3.2839e+00 +2.7191e+00 +2.9447e+00 -1.6150e+00 -2.0928e+00
27 0 +1.696719707e+01 +5.231719707e+01 +5.231719707e+01 +1.8298e+00 +1.5249e+00 +3.7165e+00 +5.7778e-01 -1.4362e+00
76 0 +2.403875310e+00 +3.775387531e+01 +3.775387531e+01 +3.6288e+00 -7.9948e-01 +4.5706e+00 +9.3965e-01 -1.6784e+00
151 0 +2.278924753e+00 +3.762892475e+01 +3.762892475e+01 +2.1243e+00 +6.7239e-01 +4.4444e+00 +1.1352e+00 -1.4684e+00
153 0 +2.202526619e+00 +3.755252662e+01 +3.755252662e+01 +3.8618e-01 +3.4029e+00 +3.0957e+00 +1.9659e+00 -2.1798e+00
204 0 +7.474433401e-01 +3.609744334e+01 +3.609744334e+01 +1.0099e+00 +2.8056e+00 +3.6038e+00 +2.0482e+00 -1.9864e+00
276 0 +3.633606574e-01 +3.571336066e+01 +3.571336066e+01 +1.8022e+00 +1.3943e+00 +4.1460e+00 +1.5137e+00 -1.9450e+00
327 0 +1.992587408e-01 +3.554925874e+01 +3.554925874e+01 +1.7309e+00 +1.3477e+00 +3.9568e+00 +1.2546e+00 -1.9947e+00
330 0 +1.707498601e-01 +3.552074986e+01 +3.552074986e+01 +1.7815e+00 +1.1940e+00 +4.1347e+00 +1.4654e+00 -1.8916e+00
357 0 +1.549966461e-01 +3.550499665e+01 +3.550499665e+01 +1.8993e+00 +1.1403e+00 +4.1277e+00 +1.2701e+00 -1.8122e+00
378 0 +1.170063303e-01 +3.546700633e+01 +3.546700633e+01 +1.8579e+00 +1.3536e+00 +4.0911e+00 +1.5070e+00 -1.7461e+00
382 0 +3.339819397e-02 +3.538339819e+01 +3.538339819e+01 +1.6978e+00 +1.7212e+00 +3.9252e+00 +1.5291e+00 -1.8798e+00
483 0 +3.052903472e-02 +3.538052903e+01 +3.538052903e+01 +1.8493e+00 +1.3496e+00 +4.0582e+00 +1.4848e+00 -1.8244e+00
502 0 +2.982003358e-02 +3.537982003e+01 +3.537982003e+01 +1.7274e+00 +1.4990e+00 +3.9909e+00 +1.5314e+00 -1.8185e+00
503 0 +9.953710724e-03 +3.535995371e+01 +3.535995371e+01 +1.8561e+00 +1.3037e+00 +4.0585e+00 +1.3955e+00 -1.8579e+00
558 0 +4.946781230e-03 +3.535494678e+01 +3.535494678e+01 +1.7524e+00 +1.4615e+00 +4.0080e+00 +1.4459e+00 -1.8849e+00
641 0 +6.105187822e-08 +3.535000006e+01 +3.535000006e+01 +1.7498e+00 +1.4816e+00 +3.9708e+00 +1.4459e+00 -1.8793e+00
656 0 +3.736014520e-08 +3.535000004e+01 +3.535000004e+01 +1.7537e+00 +1.4765e+00 +3.9701e+00 +1.4494e+00 -1.8848e+00
734 0 +1.088429968e-08 +3.535000001e+01 +3.535000001e+01 +1.7521e+00 +1.4724e+00 +3.9657e+00 +1.4582e+00 -1.8759e+00
777 0 +1.988439635e-09 +3.535000000e+01 +3.535000000e+01 +1.7607e+00 +1.4753e+00 +3.9559e+00 +1.4485e+00 -1.8711e+00
% f evaluations | g evaluations | best noise-free fitness - Fopt (3.820000000000e+00) + sum g_i+ | measured fitness | best measured fitness or single-digit g-values | x1 | x2...
1 0 +4.440779237e+02 +4.478979237e+02 +4.478979237e+02 +5.9671e-01 -3.8264e-02 +7.4769e-01 +1.6230e+00 -1.3415e-01
2 0 +3.705057195e+02 +3.743257195e+02 +3.743257195e+02 -1.3414e-01 +1.6792e+00 +8.6743e-01 -3.6947e-01 +6.4256e-01
5 0 +3.596517696e+02 +3.634717696e+02 +3.634717696e+02 +1.5656e+00 -1.2578e-01 +1.6753e-01 -1.3247e+00 -4.4438e-01
14 0 +2.554863599e+02 +2.593063599e+02 +2.593063599e+02 +1.4562e+00 +2.7990e-02 +1.1035e+00 +4.6164e-01 -5.4512e-01
15 0 +2.159532016e+02 +2.197732016e+02 +2.197732016e+02 +4.6140e-01 +1.6380e+00 +6.4174e-02 +1.6646e+00 -2.5197e+00
26 0 +5.977120072e+01 +6.359120072e+01 +6.359120072e+01 +1.9942e+00 +3.1733e+00 +1.5490e+00 -7.3482e-01 -2.4313e+00
28 0 +3.690660345e+01 +4.072660345e+01 +4.072660345e+01 +2.2879e+00 +1.5207e+00 +1.9090e+00 +8.7310e-02 -1.9768e+00
52 0 +1.512012113e+01 +1.894012113e+01 +1.894012113e+01 +3.7607e+00 +2.2937e+00 +6.3180e-01 -2.1673e+00 -1.1576e+00
57 0 +1.433102401e+01 +1.815102401e+01 +1.815102401e+01 +3.8455e+00 +2.4909e+00 +5.0733e-01 +2.4622e-01 -1.3151e+00
61 0 +1.401729346e+01 +1.783729346e+01 +1.783729346e+01 +3.3583e+00 +1.4183e+00 +1.2641e+00 -1.4662e+00 +3.3421e-01
77 0 +8.446234650e+00 +1.226623465e+01 +1.226623465e+01 +3.8069e+00 +3.0915e+00 -4.8637e-01 -1.4789e+00 -4.0220e-01
101 0 +5.887632356e+00 +9.707632356e+00 +9.707632356e+00 +4.0629e+00 +1.2481e+00 +1.1530e+00 -2.3140e+00 -2.3203e-02
176 0 +3.283181871e+00 +7.103181871e+00 +7.103181871e+00 +3.9385e+00 +2.8465e+00 +1.7759e-01 -3.1572e+00 -6.6850e-02
227 0 +1.628455390e+00 +5.448455390e+00 +5.448455390e+00 +3.9128e+00 +1.7344e+00 +1.3110e+00 -1.6554e+00 +6.9235e-01
283 0 +1.021351765e+00 +4.841351765e+00 +4.841351765e+00 +4.2107e+00 +1.3197e+00 +2.0180e+00 -1.8588e+00 +1.2155e+00
304 0 +5.862729932e-01 +4.406272993e+00 +4.406272993e+00 +4.0295e+00 +2.0465e+00 +9.6959e-01 -2.8666e+00 +5.8287e-01
428 0 +4.689671136e-01 +4.288967114e+00 +4.288967114e+00 +3.7673e+00 +1.5983e+00 +1.4489e+00 -2.1254e+00 +4.2301e-01
495 0 +3.632292603e-01 +4.183229260e+00 +4.183229260e+00 +3.8060e+00 +1.8683e+00 +1.1811e+00 -2.3172e+00 +4.4493e-01
581 0 +3.108409427e-01 +4.130840943e+00 +4.130840943e+00 +3.9105e+00 +1.6881e+00 +1.3363e+00 -2.3442e+00 +4.5040e-01
732 0 +1.305172756e-01 +3.950517276e+00 +3.950517276e+00 +4.0125e+00 +1.2961e+00 +1.6839e+00 -2.3754e+00 +7.2030e-01
734 0 +3.543416693e-02 +3.855434167e+00 +3.855434167e+00 +4.0013e+00 +1.1416e+00 +1.9064e+00 -2.4362e+00 +7.9426e-01
760 0 +2.045306310e-02 +3.840453063e+00 +3.840453063e+00 +3.9991e+00 +1.2925e+00 +1.7851e+00 -2.7689e+00 +9.0110e-01
% f evaluations | g evaluations | best noise-free fitness - Fopt (2.175000000000e+01) + sum g_i+ | measured fitness | best measured fitness or single-digit g-values | x1 | x2...
1 0 +9.464582276e+01 +1.163958228e+02 +1.163958228e+02 +5.9671e-01 -3.8264e-02 +7.4769e-01 +1.6230e+00 -1.3415e-01
15 0 +6.885123408e+01 +9.060123408e+01 +9.060123408e+01 +4.6140e-01 +1.6380e+00 +6.4174e-02 +1.6646e+00 -2.5197e+00
26 0 +6.550032594e+01 +8.725032594e+01 +8.725032594e+01 +1.0679e+00 +2.4436e-01 -3.0804e-01 +4.1618e+00 -4.9832e+00
29 0 +5.445506496e+01 +7.620506496e+01 +7.620506496e+01 +2.1485e+00 +2.3426e+00 +1.9588e+00 +1.1397e+00 -4.1666e+00
31 0 +1.439016257e+01 +3.614016257e+01 +3.614016257e+01 +3.3290e+00 +1.3638e+00 -2.4285e-03 +2.6048e+00 -1.6746e+00
63 0 +9.259869141e+00 +3.100986914e+01 +3.100986914e+01 +2.8786e+00 +1.6014e+00 -8.2962e-01 +2.0858e+00 -2.2049e+00
77 0 +7.267420228e+00 +2.901742023e+01 +2.901742023e+01 +2.6505e+00 +2.3546e+00 +8.7555e-04 +2.8928e+00 -3.4266e+00
126 0 +3.812477425e+00 +2.556247743e+01 +2.556247743e+01 +2.9690e+00 +6.6847e-01 -1.0689e+00 +4.8417e+00 -1.4465e+00
127 0 +2.021501473e+00 +2.377150147e+01 +2.377150147e+01 +2.7660e+00 +6.1552e-01 -6.0527e-01 +4.6454e+00 -1.4042e+00
226 0 +1.915407297e+00 +2.366540730e+01 +2.366540730e+01 +3.3550e+00 +1.6535e+00 -7.3867e-01 +2.9118e+00 -2.1338e+00
231 0 +1.832150898e+00 +2.358215090e+01 +2.358215090e+01 +2.7200e+00 +9.7273e-01 -4.2506e-01 +3.2876e+00 -2.2005e+00
232 0 +1.099486553e+00 +2.284948655e+01 +2.284948655e+01 +3.3302e+00 +1.2516e+00 -6.0674e-01 +3.2757e+00 -1.8855e+00
266 0 +4.645027239e-01 +2.221450272e+01 +2.221450272e+01 +2.9738e+00 +9.3723e-01 -9.1167e-01 +3.8301e+00 -1.9288e+00
309 0 +4.553799005e-01 +2.220537990e+01 +2.220537990e+01 +3.2654e+00 +7.8324e-01 -1.0089e+00 +3.4207e+00 -1.8431e+00
310 0 +3.707473281e-01 +2.212074733e+01 +2.212074733e+01 +3.1696e+00 +1.0188e+00 -7.1339e-01 +3.5686e+00 -1.8435e+00
326 0 +3.300093640e-01 +2.208000936e+01 +2.208000936e+01 +3.6391e+00 +1.0638e+00 -9.3173e-01 +2.7679e+00 -1.8089e+00
329 0 +2.140858141e-01 +2.196408581e+01 +2.196408581e+01 +3.2700e+00 +9.3359e-01 -7.3943e-01 +3.3775e+00 -1.9206e+00
514 0 +2.106464740e-01 +2.196064647e+01 +2.196064647e+01 +3.2339e+00 +8.7601e-01 -7.1554e-01 +3.3810e+00 -1.8202e+00
1131 0 +1.731974270e-01 +2.192319743e+01 +2.192319743e+01 +3.6181e+00 +9.0285e-01 -9.7658e-01 +3.3947e+00 -1.6757e+00
1154 0 +1.281634849e-01 +2.187816348e+01 +2.187816348e+01 +3.5135e+00 +9.6738e-01 -9.1263e-01 +3.3200e+00 -1.8816e+00
1183 0 +1.180941932e-01 +2.186809419e+01 +2.186809419e+01 +3.8129e+00 +1.0453e+00 -1.0494e+00 +2.9733e+00 -1.7069e+00
1228 0 +9.238665597e-02 +2.184238666e+01 +2.184238666e+01 +3.7610e+00 +1.1086e+00 -9.9300e-01 +3.0155e+00 -1.7814e+00
1230 0 +5.711287304e-02 +2.180711287e+01 +2.180711287e+01 +3.5754e+00 +9.8546e-01 -9.3095e-01 +3.1373e+00 -1.8221e+00
% f evaluations | g evaluations | best noise-free fitness - Fopt (6.479000000000e+01) + sum g_i+ | measured fitness | best measured fitness or single-digit g-values | x1 | x2...
1 0 +8.278378505e+00 +7.306837850e+01 +7.306837850e+01 +5.9671e-01 -3.8264e-02 +7.4769e-01 +1.6230e+00 -1.3415e-01
35 0 +3.674458710e+00 +6.846445871e+01 +6.846445871e+01 -6.8626e-02 -1.5528e+00 -1.2592e+00 +5.4334e-01 +1.5528e+00
126 0 +2.544151809e+00 +6.733415181e+01 +6.733415181e+01 +8.5101e-01 -9.1241e-01 -7.9540e-01 +1.2682e+00 +6.6081e-01
153 0 +1.305871346e+00 +6.609587135e+01 +6.609587135e+01 +5.6664e-02 -9.1080e-01 -4.5569e-01 +1.2829e+00 +3.0065e-01
201 0 +9.680063282e-01 +6.575800633e+01 +6.575800633e+01 -5.1677e-01 -1.4738e+00 -3.7510e-01 +1.3041e+00 +3.9943e-01
224 0 +7.136547246e-01 +6.550365472e+01 +6.550365472e+01 -5.8111e-01 -1.9471e+00 -7.5462e-01 +1.3679e+00 +3.2419e-01
261 0 +6.910120870e-01 +6.548101209e+01 +6.548101209e+01 -5.1480e-01 -1.8902e+00 -6.5750e-01 +1.4789e+00 +5.1465e-01
309 0 +4.012809643e-01 +6.519128096e+01 +6.519128096e+01 -7.3817e-01 -1.6148e+00 -5.4705e-01 +1.5679e+00 +1.5933e-01
352 0 +3.836833107e-01 +6.517368331e+01 +6.517368331e+01 -7.6744e-01 -1.7122e+00 -5.3640e-01 +1.3169e+00 +3.5141e-01
380 0 +3.549357403e-01 +6.514493574e+01 +6.514493574e+01 -6.6503e-01 -1.7266e+00 -5.6095e-01 +1.3192e+00 +3.9080e-01
442 0 +3.529944994e-01 +6.514299450e+01 +6.514299450e+01 -1.1869e+00 -1.8464e+00 -3.6154e-01 +1.1850e+00 +1.7554e-01
451 0 +2.735098717e-01 +6.506350987e+01 +6.506350987e+01 -1.5875e+00 -2.0391e+00 -3.5864e-01 +1.4461e+00 -1.4018e-01
476 0 +8.740249289e-02 +6.487740249e+01 +6.487740249e+01 -1.8026e+00 -2.0784e+00 -1.8125e-01 +1.4065e+00 -1.2061e-01
478 0 +2.892395602e-02 +6.481892396e+01 +6.481892396e+01 -1.7568e+00 -2.0887e+00 -2.2312e-01 +1.3663e+00 -1.7436e-01
910 0 +2.320704230e-02 +6.481320704e+01 +6.481320704e+01 -1.9356e+00 -2.1374e+00 -7.7029e-02 +1.3792e+00 -2.6224e-01
930 0 +1.553874459e-02 +6.480553874e+01 +6.480553874e+01 -1.9439e+00 -2.1744e+00 -1.4572e-01 +1.3815e+00 -2.6797e-01
987 0 +1.340316473e-02 +6.480340316e+01 +6.480340316e+01 -1.8575e+00 -2.0866e+00 -8.4106e-02 +1.4063e+00 -2.6025e-01
999 0 +8.150472819e-03 +6.479815047e+01 +6.479815047e+01 -1.9319e+00 -2.1720e+00 -9.6799e-02 +1.3673e+00 -2.7057e-01
1029 0 +3.529944994e-03 +6.479352994e+01 +6.479352994e+01 -1.7531e+00 -2.0910e+00 -1.4076e-01 +1.3821e+00 -2.2206e-01
1056 0 +3.603305743e-07 +6.479000036e+01 +6.479000036e+01 -1.8832e+00 -2.1180e+00 -9.2427e-02 +1.3720e+00 -2.8286e-01
1059 0 +2.762854621e-07 +6.479000028e+01 +6.479000028e+01 -1.8346e+00 -2.0733e+00 -9.3213e-02 +1.3962e+00 -2.5939e-01
1078 0 +1.945757759e-07 +6.479000019e+01 +6.479000019e+01 -1.8747e+00 -2.0840e+00 -8.6653e-02 +1.3760e+00 -2.7327e-01
1101 0 +1.263066594e-07 +6.479000013e+01 +6.479000013e+01 -1.8696e+00 -2.0868e+00 -9.5653e-02 +1.3760e+00 -2.6983e-01
1126 0 +6.456465940e-08 +6.479000006e+01 +6.479000006e+01 -1.8567e+00 -2.0997e+00 -1.0989e-01 +1.3975e+00 -2.7719e-01
1134 0 +2.816160816e-08 +6.479000003e+01 +6.479000003e+01 -1.8512e+00 -2.1016e+00 -1.0215e-01 +1.3789e+00 -2.6180e-01
1173 0 +2.331579196e-08 +6.479000002e+01 +6.479000002e+01 -1.8591e+00 -2.1090e+00 -1.1386e-01 +1.3773e+00 -2.6202e-01
1176 0 +9.441052384e-09 +6.479000001e+01 +6.479000001e+01 -1.8536e+00 -2.0877e+00 -9.7584e-02 +1.3758e+00 -2.8324e-01
% f evaluations | g evaluations | best noise-free fitness - Fopt (-1.000000000000e+03) + sum g_i+ | measured fitness | best measured fitness or single-digit g-values | x1 | x2...
1 0 +1.938431766e+02 -8.061568234e+02 -8.061568234e+02 +5.9671e-01 -3.8264e-02 +7.4769e-01 +1.6230e+00 -1.3415e-01
2 0 +1.065045193e+02 -8.934954807e+02 -8.934954807e+02 -1.3414e-01 +1.6792e+00 +8.6743e-01 -3.6947e-01 +6.4256e-01
3 0 +1.029681601e+02 -8.970318399e+02 -8.970318399e+02 -3.6342e-01 -3.6573e-01 +3.4196e-01 -1.8133e+00 -1.6249e+00
4 0 +6.433665091e+01 -9.356633491e+02 -9.356633491e+02 -4.6229e-01 -9.1283e-01 +4.1425e-01 -8.0802e-01 -1.3123e+00
26 0 +5.496466511e+01 -9.450353349e+02 -9.450353349e+02 -9.9692e-01 +7.1280e-01 +1.8472e-02 +2.8807e-01 -1.2550e+00
28 0 +4.462203136e+01 -9.553779686e+02 -9.553779686e+02 -1.7358e+00 +1.5166e-01 -8.0415e-02 +1.1426e-01 -1.2743e+00
45 0 +4.277386580e+01 -9.572261342e+02 -9.572261342e+02 -9.1310e-01 -2.4098e-01 -1.1229e+00 +2.4934e-01 -2.0724e+00
52 0 +3.907836837e+01 -9.609216316e+02 -9.609216316e+02 -1.5122e+00 +7.6673e-02 -1.4019e-01 -4.4388e-01 -1.2402e+00
76 0 +3.711859612e+01 -9.628814039e+02 -9.628814039e+02 -8.3431e-01 +1.7243e-01 -4.9921e-01 +3.0187e-01 -2.4323e+00
77 0 +3.408570029e+01 -9.659142997e+02 -9.659142997e+02 -1.2838e+00 -6.7844e-01 -1.0255e+00 -6.3447e-01 -1.8459e+00
80 0 +1.920257898e+01 -9.807974210e+02 -9.807974210e+02 -9.0036e-01 +5.6703e-01 -1.3425e-01 -5.4591e-02 -2.8535e+00
82 0 +1.140310757e+01 -9.885968924e+02 -9.885968924e+02 -8.8647e-01 +4.1487e-01 -2.2461e-01 -5.6739e-01 -3.0262e+00
124 0 +7.328755301e+00 -9.926712447e+02 -9.926712447e+02 -1.1094e+00 -4.3317e-01 -3.4403e-01 -2.2407e-01 -3.7641e+00
129 0 +6.562600986e+00 -9.934373990e+02 -9.934373990e+02 -1.6546e+00 -5.1813e-02 -8.8000e-01 -3.2622e-01 -3.5549e+00
142 0 +5.200006495e+00 -9.947999935e+02 -9.947999935e+02 -1.2737e+00 -6.9385e-01 -4.4409e-01 -3.4671e-01 -4.0720e+00
147 0 +4.649111933e+00 -9.953508881e+02 -9.953508881e+02 -1.7320e+00 -4.1679e-01 -6.1789e-01 -9.3159e-01 -3.8322e+00
156 0 +4.121099564e+00 -9.958789004e+02 -9.958789004e+02 -1.9973e+00 -4.5973e-01 -1.0458e+00 -8.7976e-01 -3.8210e+00
160 0 +2.202090242e+00 -9.977979098e+02 -9.977979098e+02 -2.1400e+00 +6.4441e-01 -7.2453e-01 -7.2781e-01 -3.6270e+00
203 0 +1.038392986e+00 -9.989616070e+02 -9.989616070e+02 -2.2269e+00 -4.3515e-01 -1.1065e+00 -4.7191e-01 -3.7059e+00
528 0 +1.003350327e+00 -9.989966497e+02 -9.989966497e+02 -2.1488e+00 -2.0147e-01 -1.3103e+00 -6.1129e-01 -3.7940e+00
547 0 +9.349630849e-01 -9.990650369e+02 -9.990650369e+02 -2.1840e+00 +1.2583e-02 -1.1420e+00 -6.4245e-01 -3.7206e+00
570 0 +8.936163537e-01 -9.991063836e+02 -9.991063836e+02 -2.2341e+00 +1.0756e-01 -1.2631e+00 -6.0896e-01 -3.4324e+00
% f evaluations | g evaluations | best noise-free fitness - Fopt (1.640700000000e+02) + sum g_i+ | measured fitness | best measured fitness or single-digit g-values | x1 | x2...
1 0 +1.762019856e+02 +3.402719856e+02 +3.402719856e+02 +5.9671e-01 -3.8264e-02 +7.4769e-01 +1.6230e+00 -1.3415e-01
2 0 +6.813853124e+01 +2.322085312e+02 +2.322085312e+02 -1.3414e-01 +1.6792e+00 +8.6743e-01 -3.6947e-01 +6.4256e-01
3 0 +2.222886365e+01 +1.862988636e+02 +1.862988636e+02 -3.6342e-01 -3.6573e-01 +3.4196e-01 -1.8133e+00 -1.6249e+00
59 0 +1.951876421e+01 +1.835887642e+02 +1.835887642e+02 -4.6454e+00 +7.0277e-01 -1.4337e+00 -4.3496e+00 -7.5663e-01
105 0 +1.445439278e+01 +1.785243928e+02 +1.785243928e+02 -2.0848e+00 +1.4187e+00 -1.9023e+00 -2.1679e+00 -1.7979e+00
114 0 +7.053568834e+00 +1.711235688e+02 +1.711235688e+02 -4.1451e+00 +1.4171e+00 -7.1491e-01 -4.5983e+00 -6.6408e-01
184 0 +4.272769527e+00 +1.683427695e+02 +1.683427695e+02 -2.0581e+00 +1.5883e+00 -7.0474e-01 -2.9418e+00 -1.2821e+00
204 0 +1.652031990e+00 +1.657220320e+02 +1.657220320e+02 -2.7399e+00 +1.9652e+00 -1.5982e+00 -3.9011e+00 -2.1198e+00
254 0 +1.308724493e+00 +1.653787245e+02 +1.653787245e+02 -2.3218e+00 +3.5148e+00 -2.1709e+00 -3.0527e+00 -1.8105e+00
344 0 +7.266034581e-01 +1.647966035e+02 +1.647966035e+02 -2.2456e+00 +3.4527e+00 -2.2098e+00 -3.5086e+00 -2.3729e+00
369 0 +6.312149684e-01 +1.647012150e+02 +1.647012150e+02 -2.3875e+00 +3.3559e+00 -1.9480e+00 -3.3752e+00 -2.1363e+00
377 0 +2.985159772e-01 +1.643685160e+02 +1.643685160e+02 -2.4754e+00 +3.0389e+00 -1.9370e+00 -3.6837e+00 -2.3214e+00
426 0 +2.671361612e-01 +1.643371362e+02 +1.643371362e+02 -2.5152e+00 +3.2935e+00 -2.1122e+00 -3.4107e+00 -2.1114e+00
464 0 +2.605314441e-01 +1.643305314e+02 +1.643305314e+02 -2.4235e+00 +3.3948e+00 -2.3076e+00 -3.6263e+00 -2.4907e+00
582 0 +2.461572213e-01 +1.643161572e+02 +1.643161572e+02 -2.4590e+00 +3.2865e+00 -2.1885e+00 -3.4248e+00 -2.2132e+00
998 0 +1.451696497e-01 +1.642151696e+02 +1.642151696e+02 -2.3974e+00 +3.8768e+00 -2.6123e+00 -3.2936e+00 -2.3131e+00
% f evaluations | g evaluations | best noise-free fitness - Fopt (-1.656800000000e+02) + sum g_i+ | measured fitness | best measured fitness or single-digit g-values | x1 | x2...
1 0 +3.522223822e+02 +1.865423822e+02 +1.865423822e+02 +5.9671e-01 -3.8264e-02 +7.4769e-01 +1.6230e+00 -1.3415e-01
2 0 +7.304032680e+01 -9.263967320e+01 -9.263967320e+01 -1.3414e-01 +1.6792e+00 +8.6743e-01 -3.6947e-01 +6.4256e-01
26 0 +6.071943780e+01 -1.049605622e+02 -1.049605622e+02 +7.8738e-01 +7.5161e-01 +8.7481e-01 -2.9609e-01 +1.1060e+00
27 0 +3.552717811e+01 -1.301528219e+02 -1.301528219e+02 +2.1931e-01 +2.9410e-01 +6.6469e-01 -1.6675e-01 +1.5765e+00
29 0 +3.295966920e+01 -1.327203308e+02 -1.327203308e+02 +1.0416e+00 +9.9470e-01 +1.9105e+00 -1.1572e+00 +1.2088e+00
35 0 +2.155576294e+01 -1.441242371e+02 -1.441242371e+02 +8.3600e-01 +4.5106e-01 +1.1829e+00 +1.1750e+00 +1.6563e+00
38 0 +2.101472720e+01 -1.446652728e+02 -1.446652728e+02 -4.5475e-01 +1.9914e+00 +1.0631e+00 +2.2038e-01 +2.2287e+00
45 0 +1.873183976e+01 -1.469481602e+02 -1.469481602e+02 +1.4507e+00 +2.4940e+00 +1.2835e+00 +6.1091e-01 +1.4069e+00
52 0 +6.883353209e+00 -1.587966468e+02 -1.587966468e+02 -3.1001e-01 +1.8996e+00 +1.2350e+00 +7.0638e-01 +1.8247e+00
77 0 +5.459891735e+00 -1.602201083e+02 -1.602201083e+02 +7.7910e-02 +1.7853e+00 +1.4646e+00 +1.6887e+00 +1.7111e+00
122 0 +4.412590237e+00 -1.612674098e+02 -1.612674098e+02 +1.9420e-01 -4.6017e-01 +2.3633e+00 +1.4782e+00 +1.4500e+00
126 0 +3.810066794e+00 -1.618699332e+02 -1.618699332e+02 -5.4838e-01 +1.2072e+00 +2.7004e+00 +1.5857e+00 +1.2034e+00
151 0 +1.008085658e+00 -1.646719143e+02 -1.646719143e+02 -5.0972e-01 +3.0964e-01 +1.4184e+00 +1.5028e+00 +1.9177e+00
243 0 +4.482214447e-01 -1.652317786e+02 -1.652317786e+02 -6.6947e-01 -3.1723e-02 +1.8578e+00 +1.7849e+00 +1.7046e+00
356 0 +3.423981365e-01 -1.653376019e+02 -1.653376019e+02 -7.6303e-01 +3.4934e-01 +1.5983e+00 +2.0721e+00 +1.8596e+00
400 0 +3.076964225e-01 -1.653723036e+02 -1.653723036e+02 -7.0086e-01 -2.1586e-01 +1.6191e+00 +1.9233e+00 +1.9184e+00
432 0 +2.686055864e-01 -1.654113944e+02 -1.654113944e+02 -6.5850e-01 +2.8817e-01 +1.6160e+00 +1.7016e+00 +1.7608e+00
479 0 +5.573123852e-02 -1.656242688e+02 -1.656242688e+02 -8.9798e-01 -1.7740e-01 +1.6594e+00 +1.9090e+00 +1.9155e+00
605 0 +5.492889228e-02 -1.656250711e+02 -1.656250711e+02 -9.2139e-01 -1.1544e-01 +1.6176e+00 +1.9074e+00 +1.9117e+00
706 0 +4.209392113e-02 -1.656379061e+02 -1.656379061e+02 -9.2893e-01 -1.1536e-01 +1.6403e+00 +1.8161e+00 +1.9024e+00
757 0 +3.920457746e-02 -1.656407954e+02 -1.656407954e+02 -8.7602e-01 -1.5049e-01 +1.6295e+00 +1.8823e+00 +1.8829e+00
859 0 +3.538239296e-02 -1.656446176e+02 -1.656446176e+02 -9.1232e-01 -1.2331e-01 +1.6240e+00 +1.8194e+00 +1.8951e+00
898 0 +3.450970202e-02 -1.656454903e+02 -1.656454903e+02 -9.5904e-01 -1.8916e-01 +1.6474e+00 +1.8932e+00 +1.9120e+00
950 0 +3.212517987e-02 -1.656478748e+02 -1.656478748e+02 -9.2320e-01 -2.0200e-01 +1.6286e+00 +1.9065e+00 +1.9185e+00
% f evaluations | g evaluations | best noise-free fitness - Fopt (9.284000000000e+01) + sum g_i+ | measured fitness | best measured fitness or single-digit g-values | x1 | x2...
1 0 +3.024484104e+02 +3.952884104e+02 +3.952884104e+02 +5.9671e-01 -3.8264e-02 +7.4769e-01 +1.6230e+00 -1.3415e-01
2 0 +2.765581249e+02 +3.693981249e+02 +3.693981249e+02 -1.3414e-01 +1.6792e+00 +8.6743e-01 -3.6947e-01 +6.4256e-01
5 0 +9.361562880e+01 +1.864556288e+02 +1.864556288e+02 +1.5656e+00 -1.2578e-01 +1.6753e-01 -1.3247e+00 -4.4438e-01
12 0 +5.632739001e+01 +1.491673900e+02 +1.491673900e+02 +1.0313e+00 -7.3922e-01 -2.0921e-01 +4.3126e-01 +1.0755e+00
28 0 +3.070409095e+01 +1.235440909e+02 +1.235440909e+02 +1.6084e+00 -1.1431e+00 -1.7158e+00 +6.6602e-02 +6.8868e-02
51 0 +2.429579963e+01 +1.171357996e+02 +1.171357996e+02 +2.3824e+00 -3.0016e+00 -4.1033e+00 -9.7324e-01 -2.4264e+00
55 0 +2.157319721e+01 +1.144131972e+02 +1.144131972e+02 +2.1853e+00 -1.3373e+00 -2.5312e+00 +1.2405e+00 -4.3320e-01
57 0 +1.319782799e+01 +1.060378280e+02 +1.060378280e+02 +2.2218e+00 -2.5879e+00 -5.7505e-01 +1.6148e+00 +2.9787e-01
59 0 +3.956842562e+00 +9.679684256e+01 +9.679684256e+01 +1.6651e+00 -2.4948e+00 -2.0003e+00 +3.8957e-01 +3.1975e-02
227 0 +2.614783136e+00 +9.545478314e+01 +9.545478314e+01 +2.1698e+00 -2.8030e+00 -2.4910e+00 +1.8185e+00 +7.7163e-01
237 0 +1.425674306e+00 +9.426567431e+01 +9.426567431e+01 +2.6426e+00 -1.9276e+00 -2.7303e+00 +3.8308e-01 -1.1696e+00
277 0 +4.890633004e-01 +9.332906330e+01 +9.332906330e+01 +2.3782e+00 -2.2117e+00 -3.3284e+00 +8.5854e-01 -4.9548e-01
363 0 +3.974026766e-01 +9.323740268e+01 +9.323740268e+01 +2.0748e+00 -2.1502e+00 -3.1147e+00 +7.3626e-01 -2.2053e-02
% f evaluations | g evaluations | best noise-free fitness - Fopt (-3.679200000000e+02) + sum g_i+ | measured fitness | best measured fitness or single-digit g-values | x1 | x2...
1 0 +8.852944940e+01 -2.793905506e+02 -2.793905506e+02 +5.9671e-01 -3.8264e-02 +7.4769e-01 +1.6230e+00 -1.3415e-01
5 0 +5.643502326e+01 -3.114849767e+02 -3.114849767e+02 +1.5656e+00 -1.2578e-01 +1.6753e-01 -1.3247e+00 -4.4438e-01
6 0 +5.012919890e+01 -3.177908011e+02 -3.177908011e+02 +2.1092e-01 -1.0510e+00 +4.7570e-01 -5.0064e-01 -1.9169e-01
10 0 +3.137606133e+01 -3.365439387e+02 -3.365439387e+02 -6.1984e-01 -3.6064e-01 +1.1571e+00 +4.4362e-01 -1.6630e+00
11 0 +2.150800948e+01 -3.464119905e+02 -3.464119905e+02 +4.2408e-01 -2.8508e-01 -5.7692e-01 +7.1168e-01 +1.1310e+00
12 0 +7.583650133e+00 -3.603363499e+02 -3.603363499e+02 +1.0313e+00 -7.3922e-01 -2.0921e-01 +4.3126e-01 +1.0755e+00
54 0 +7.507272929e+00 -3.604127271e+02 -3.604127271e+02 +1.0993e+00 -7.7632e-01 +7.6150e-01 +4.8256e-01 -9.3284e-02
59 0 +4.004941551e+00 -3.639150584e+02 -3.639150584e+02 +1.4388e+00 -7.1506e-01 +7.3797e-01 +4.5848e-01 +1.0424e+00
76 0 +3.048253195e+00 -3.648717468e+02 -3.648717468e+02 +5.2895e-01 -1.0205e+00 +6.9556e-01 +6.8568e-01 +8.4834e-01
109 0 +2.937411279e+00 -3.649825887e+02 -3.649825887e+02 +1.0392e+00 -8.6891e-01 +9.2308e-01 +4.1739e-01 +1.1818e+00
154 0 +2.749219310e+00 -3.651707807e+02 -3.651707807e+02 +1.1080e+00 -6.7115e-01 +1.2454e+00 +4.1919e-01 +9.2337e-01
161 0 +2.517332459e+00 -3.654026675e+02 -3.654026675e+02 +2.3426e-01 -8.3246e-01 +9.7861e-01 +8.6184e-01 +9.3808e-01
167 0 +1.895175760e+00 -3.660248242e+02 -3.660248242e+02 +1.4179e+00 -8.1740e-01 +9.6315e-01 +5.0290e-01 +1.2849e+00
204 0 +1.860588793e+00 -3.660594112e+02 -3.660594112e+02 +1.1419e+00 -6.2945e-01 +1.3287e+00 +4.0133e-01 +1.2274e+00
233 0 +9.880950170e-01 -3.669319050e+02 -3.669319050e+02 +1.3689e+00 -7.1481e-01 +1.5094e+00 +5.3619e-01 +1.0558e+00
277 0 +9.203482020e-01 -3.669996518e+02 -3.669996518e+02 +8.5399e-01 -8.0348e-01 +1.4367e+00 +7.2682e-01 +1.1719e+00
322 0 +8.074945412e-01 -3.671125055e+02 -3.671125055e+02 +1.2502e+00 -6.1410e-01 +1.4387e+00 +6.3539e-01 +1.2373e+00
398 0 +7.695559713e-01 -3.671504440e+02 -3.671504440e+02 +1.2077e+00 -7.1659e-01 +1.6386e+00 +5.4936e-01 +1.2076e+00
