% f evaluations | g evaluations | best noise-free fitness - Fopt (-2.098800000000e+02) + sum g_i+ | measured fitness | best measured fitness or single-digit g-values | x1 | x2...
1 0 +3.881792436e+06 +3.881582556e+06 +3.881582556e+06 +5.9671e-01 -3.8264e-02 +7.4769e-01 +1.6230e+00 -1.3415e-01
2 0 +1.683626694e+06 +1.683416814e+06 +1.683416814e+06 -1.3414e-01 +1.6792e+00 +8.6743e-01 -3.6947e-01 +6.4256e-01
7 0 +1.022656255e+06 +1.022446375e+06 +1.022446375e+06 -5.0171e-01 +1.9523e+00 +8.6503e-02 -9.5771e-01 +9.2254e-01
11 0 +4.809329989e+05 +4.807231189e+05 +4.807231189e+05 +4.2408e-01 -2.8508e-01 -5.7692e-01 +7.1168e-01 +1.1310e+00
28 0 +1.292937212e+05 +1.290838412e+05 +1.290838412e+05 +3.6069e-02 -5.2847e-02 +7.2013e-02 +2.0144e+00 +2.1148e+00
38 0 +1.979848873e+04 +1.958860873e+04 +1.958860873e+04 +1.2652e-01 -9.0992e-01 +6.9751e-01 +1.8930e+00 +1.7123e+00
125 0 +5.098615349e+03 +4.888735349e+03 +4.888735349e+03 -4.7758e-01 +1.0375e+00 +1.3026e+00 +2.3906e+00 +1.7995e+00
409 0 +1.107515993e+03 +8.976359927e+02 +8.976359927e+02 -8.1656e-01 -4.9565e+00 +3.2036e+00 +2.4429e+00 +1.7855e+00
494 0 +6.851252181e+02 +4.752452181e+02 +4.752452181e+02 -1.4264e+00 -3.9449e+00 +3.7234e+00 +2.3702e+00 +1.7917e+00
535 0 +6.427123691e+02 +4.328323691e+02 +4.328323691e+02 -1.1042e+00 -3.5342e+00 +3.3473e+00 +2.4125e+00 +1.7769e+00
612 0 +4.188949440e+02 +2.090149440e+02 +2.090149440e+02 -1.0381e+00 -2.9757e+00 +3.4449e+00 +2.4039e+00 +1.7806e+00
630 0 +2.095027755e+02 -3.772244943e-01 -3.772244943e-01 -5.8817e-01 -2.0704e+00 +3.4419e+00 +2.3942e+00 +1.7837e+00
684 0 +1.987418938e+02 -1.113810624e+01 -1.113810624e+01 -1.0325e+00 -1.6155e+00 +3.6595e+00 +2.3529e+00 +1.7829e+00
713 0 +1.507707063e+02 -5.910929372e+01 -5.910929372e+01 -1.7094e+00 -1.0410e+00 +3.3964e+00 +2.3805e+00 +1.7914e+00
804 0 +1.464270686e+02 -6.345293141e+01 -6.345293141e+01 -1.0885e+00 -1.2008e+00 +3.4190e+00 +2.3598e+00 +1.7856e+00
816 0 +9.524129933e+01 -1.146387007e+02 -1.146387007e+02 -1.3444e+00 -7.7610e-01 +3.5249e+00 +2.3748e+00 +1.7913e+00
858 0 +8.997014353e+01 -1.199098565e+02 -1.199098565e+02 -1.0840e+00 -6.1362e-01 +3.6901e+00 +2.3850e+00 +1.7914e+00
865 0 +5.418988428e+01 -1.556901157e+02 -1.556901157e+02 -1.0366e+00 -5.5678e-01 +3.6410e+00 +2.3719e+00 +1.7839e+00
900 0 +3.606225966e+01 -1.738177403e+02 -1.738177403e+02 -1.0302e+00 -3.0334e-01 +3.5507e+00 +2.3816e+00 +1.7894e+00
926 0 +3.063076130e+01 -1.792492387e+02 -1.792492387e+02 -4.2514e-01 +8.2622e-01 +3.6130e+00 +2.3652e+00 +1.7878e+00
958 0 +1.230542418e+01 -1.975745758e+02 -1.975745758e+02 -8.2326e-01 +2.7691e-01 +3.5412e+00 +2.3733e+00 +1.7867e+00
960 0 +7.370350679e+00 -2.025096493e+02 -2.025096493e+02 -7.2022e-01 +3.0032e-01 +3.5890e+00 +2.3892e+00 +1.7844e+00
1079 0 +6.147806375e+00 -2.037321936e+02 -2.037321936e+02 +9.2929e-03 +6.3237e-01 +3.5435e+00 +2.3947e+00 +1.7866e+00
1107 0 +5.079852444e+00 -2.048001476e+02 -2.048001476e+02 +9.9007e-01 +7.5191e-01 +3.5865e+00 +2.3923e+00 +1.7857e+00
1112 0 +3.912836987e+00 -2.059671630e+02 -2.059671630e+02 +2.6068e-01 +4.7222e-01 +3.5211e+00 +2.3867e+00 +1.7843e+00
1160 0 +2.307201150e+00 -2.075727989e+02 -2.075727989e+02 +7.2778e-01 +5.0178e-01 +3.5360e+00 +2.3915e+00 +1.7865e+00
1203 0 +1.839295226e+00 -2.080407048e+02 -2.080407048e+02 +1.0157e+00 +5.4875e-01 +3.5831e+00 +2.3875e+00 +1.7849e+00
1204 0 +4.187651800e-01 -2.094612348e+02 -2.094612348e+02 +7.9749e-01 +4.7200e-01 +3.5567e+00 +2.3839e+00 +1.7854e+00
% f evaluations | g evaluations | best noise-free fitness - Fopt (-9.209000000000e+01) + sum g_i+ | measured fitness | best measured fitness or single-digit g-values | x1 | x2...
1 0 +3.580459808e+05 +3.579538908e+05 +3.579538908e+05 +5.9671e-01 -3.8264e-02 +7.4769e-01 +1.6230e+00 -1.3415e-01
5 0 +1.187055269e+05 +1.186134369e+05 +1.186134369e+05 +1.5656e+00 -1.2578e-01 +1.6753e-01 -1.3247e+00 -4.4438e-01
6 0 +6.687542995e+04 +6.678333995e+04 +6.678333995e+04 +2.1092e-01 -1.0510e+00 +4.7570e-01 -5.0064e-01 -1.9169e-01
21 0 +5.126596986e+04 +5.117387986e+04 +5.117387986e+04 -1.3154e+00 -3.2065e-01 -2.4271e-01 -7.0228e-01 -6.1286e-02
40 0 +2.668516985e+04 +2.659307985e+04 +2.659307985e+04 -7.6299e-01 -4.9688e-01 +1.6172e+00 -9.4465e-01 -5.7598e-02
47 0 +1.628511961e+04 +1.619302961e+04 +1.619302961e+04 -1.3903e-01 +2.5086e-01 -1.3216e+00 -1.4573e+00 -2.2086e-01
53 0 +9.604143281e+03 +9.512053281e+03 +9.512053281e+03 +4.1458e-01 +1.5000e-01 +4.5190e-01 -1.3191e+00 -8.8774e-02
77 0 +6.948669284e+03 +6.856579284e+03 +6.856579284e+03 +1.2332e+00 +8.5269e-01 +5.8735e-01 -1.4177e+00 -1.5962e-01
90 0 +6.014599192e+03 +5.922509192e+03 +5.922509192e+03 +4.3289e-01 -3.7121e-01 +4.2352e-02 -2.2234e+00 -9.8405e-02
103 0 +2.794892527e+03 +2.702802527e+03 +2.702802527e+03 +1.3898e+00 -2.3809e+00 +6.0316e-01 -1.8831e+00 -1.5724e-01
250 0 +1.467394782e+03 +1.375304782e+03 +1.375304782e+03 -6.9124e-02 -7.2329e-01 +7.4606e-02 -1.8201e+00 -1.5125e-01
271 0 +1.107092100e+03 +1.015002100e+03 +1.015002100e+03 +1.3167e+00 -7.6506e-01 -5.2524e-01 -1.7518e+00 -1.3540e-01
332 0 +8.657607534e+02 +7.736707534e+02 +7.736707534e+02 +1.4758e+00 -1.4484e+00 +1.4134e-01 -1.9181e+00 -1.2986e-01
352 0 +5.283950917e+02 +4.363050917e+02 +4.363050917e+02 +2.2156e+00 -7.5359e-01 -5.6478e-02 -1.7545e+00 -1.1565e-01
480 0 +4.537495057e+02 +3.616595057e+02 +3.616595057e+02 +1.8873e+00 -1.1326e+00 +6.9682e-02 -1.8322e+00 -1.1728e-01
587 0 +3.426271737e+02 +2.505371737e+02 +2.505371737e+02 +2.4751e+00 -6.4808e-01 +1.8370e-01 -1.8241e+00 -1.2026e-01
615 0 +3.335804313e+02 +2.414904313e+02 +2.414904313e+02 +2.7398e+00 -2.4711e-01 +2.8078e-01 -1.7867e+00 -1.1760e-01
619 0 +3.259894551e+02 +2.338994551e+02 +2.338994551e+02 +3.1763e+00 -2.5787e-01 +2.4663e-01 -1.7914e+00 -1.1534e-01
635 0 +2.974509347e+02 +2.053609347e+02 +2.053609347e+02 +2.4564e+00 +2.5026e-01 -1.6964e-01 -1.8255e+00 -1.2755e-01
658 0 +2.320908170e+02 +1.400008170e+02 +1.400008170e+02 +3.9911e+00 +5.7410e-01 +2.7579e-01 -1.8089e+00 -1.2627e-01
749 0 +2.110752439e+02 +1.189852439e+02 +1.189852439e+02 +1.6656e+00 +1.2974e+00 +4.5492e-01 -1.8435e+00 -1.1645e-01
778 0 +2.096074235e+02 +1.175174235e+02 +1.175174235e+02 -3.6703e+00 +9.5885e-01 +2.9564e-01 -1.8309e+00 -1.1221e-01
805 0 +1.862169568e+02 +9.412695676e+01 +9.412695676e+01 -3.5103e+00 +2.1203e+00 +4.1753e-01 -1.8408e+00 -1.1248e-01
824 0 +1.709379801e+02 +7.884798012e+01 +7.884798012e+01 -5.3448e-01 +6.7960e-01 +2.2530e-01 -1.8169e+00 -1.1439e-01
826 0 +1.300280961e+02 +3.793809607e+01 +3.793809607e+01 -1.9702e+00 +2.6222e+00 +1.6293e-01 -1.7789e+00 -1.2504e-01
829 0 +5.359591883e+01 -3.849408117e+01 -3.849408117e+01 -4.3658e+00 +2.1107e+00 +1.3732e-01 -1.8181e+00 -1.2290e-01
858 0 +3.779214239e+01 -5.429785761e+01 -5.429785761e+01 -2.5671e+00 +2.4723e+00 +1.9239e-01 -1.8220e+00 -1.2268e-01
885 0 +1.839850038e+01 -7.369149962e+01 -7.369149962e+01 -2.1222e+00 +3.1435e+00 +8.6301e-02 -1.8202e+00 -1.1854e-01
955 0 +1.451230814e+01 -7.757769186e+01 -7.757769186e+01 +3.0408e+00 +2.6015e+00 +2.6436e-02 -1.8141e+00 -1.1937e-01
996 0 +1.090992415e+01 -8.118007585e+01 -8.118007585e+01 +8.8752e-02 +2.5889e+00 +1.3474e-01 -1.8420e+00 -1.1863e-01
1059 0 +1.069889547e+01 -8.139110453e+01 -8.139110453e+01 +1.2135e-01 +2.9336e+00 +1.3381e-01 -1.8388e+00 -1.1967e-01
1061 0 +9.480402365e+00 -8.260959763e+01 -8.260959763e+01 +2.6188e+00 +2.7785e+00 +6.5506e-02 -1.8213e+00 -1.2128e-01
1092 0 +9.195472533e+00 -8.289452747e+01 -8.289452747e+01 +2.9465e+00 +2.6213e+00 +3.6850e-02 -1.8278e+00 -1.2014e-01
1093 0 +7.343625870e+00 -8.474637413e+01 -8.474637413e+01 -9.8370e-02 +2.6859e+00 +4.4735e-02 -1.8173e+00 -1.1794e-01
1096 0 +6.747735320e+00 -8.534226468e+01 -8.534226468e+01 -3.8863e-01 +2.7172e+00 +2.5512e-02 -1.8198e+00 -1.1957e-01
1099 0 +4.512081022e+00 -8.757791898e+01 -8.757791898e+01 +3.0696e-01 +2.5826e+00 +7.5432e-02 -1.8151e+00 -1.1923e-01
1104 0 +3.334126863e+00 -8.875587314e+01 -8.875587314e+01 +1.0968e-01 +2.8252e+00 +1.0565e-01 -1.8275e+00 -1.2040e-01
1139 0 +2.036562963e+00 -9.005343704e+01 -9.005343704e+01 -3.6671e-01 +2.7454e+00 +8.5509e-02 -1.8247e+00 -1.1881e-01
1154 0 +1.567592256e+00 -9.052240774e+01 -9.052240774e+01 +9.6788e-01 +2.6916e+00 +6.1788e-02 -1.8267e+00 -1.1995e-01
1192 0 +6.020371620e-01 -9.148796284e+01 -9.148796284e+01 +5.1552e-01 +2.6482e+00 +1.0378e-01 -1.8261e+00 -1.1861e-01
% f evaluations | g evaluations | best noise-free fitness - Fopt (-8.789000000000e+01) + sum g_i+ | measured fitness | best measured fitness or single-digit g-values | x1 | x2...
1 0 +8.944824187e+06 +8.944736297e+06 +8.944736297e+06 +5.9671e-01 -3.8264e-02 +7.4769e-01 +1.6230e+00 -1.3415e-01
3 0 +2.042668877e+06 +2.042580987e+06 +2.042580987e+06 -3.6342e-01 -3.6573e-01 +3.4196e-01 -1.8133e+00 -1.6249e+00
15 0 +8.090460595e+05 +8.089581695e+05 +8.089581695e+05 +4.6140e-01 +1.6380e+00 +6.4174e-02 +1.6646e+00 -2.5197e+00
28 0 +1.419682860e+05 +1.418803960e+05 +1.418803960e+05 -9.0656e-01 -5.1694e-02 -1.5099e+00 -1.6402e-01 -2.9340e+00
38 0 +1.189729064e+05 +1.188850164e+05 +1.188850164e+05 +4.5792e-02 -1.2204e+00 +6.9699e-01 -1.2746e+00 -2.7756e+00
40 0 +8.290349246e+04 +8.281560246e+04 +8.281560246e+04 -3.2660e-02 -1.7114e-01 +1.8101e+00 -6.5687e-01 -3.2100e+00
71 0 +7.040365679e+04 +7.031576679e+04 +7.031576679e+04 -1.6326e-01 -1.4512e+00 +9.4626e-01 -1.2385e+00 -2.8599e+00
88 0 +5.892592100e+04 +5.883803100e+04 +5.883803100e+04 -4.4049e-01 -3.6068e-02 -3.7681e-01 -3.0615e+00 -3.2400e+00
116 0 +3.616079990e+04 +3.607290990e+04 +3.607290990e+04 +8.3063e-01 -1.3505e+00 +1.3136e+00 -1.1032e+00 -3.1379e+00
120 0 +3.116706336e+04 +3.107917336e+04 +3.107917336e+04 +5.2268e-01 -2.4222e+00 -1.3531e+00 -3.0081e+00 -3.1014e+00
133 0 +2.413973770e+04 +2.405184770e+04 +2.405184770e+04 -2.8697e-01 -2.5356e+00 -1.6018e-01 -1.4313e+00 -3.1622e+00
188 0 +2.098542928e+04 +2.089753928e+04 +2.089753928e+04 +2.9916e-01 -1.2997e+00 +2.0328e-01 -2.3848e+00 -2.9481e+00
214 0 +1.204211267e+04 +1.195422267e+04 +1.195422267e+04 -1.1442e+00 -9.1864e-01 -7.2119e-01 -1.7672e+00 -3.1468e+00
315 0 +1.077633421e+04 +1.068844421e+04 +1.068844421e+04 +7.4443e-01 -1.1980e+00 -7.8752e-01 -2.3410e+00 -3.0117e+00
330 0 +6.020271996e+03 +5.932381996e+03 +5.932381996e+03 +5.4511e-01 -4.8852e-01 -1.0120e+00 -2.0486e+00 -3.0613e+00
412 0 +5.949508162e+03 +5.861618162e+03 +5.861618162e+03 +9.1303e-01 -1.3770e+00 -1.0239e+00 -2.0379e+00 -3.0731e+00
429 0 +4.208148581e+03 +4.120258581e+03 +4.120258581e+03 +7.4874e-01 -9.8346e-01 -4.0882e-01 -2.2216e+00 -3.0805e+00
484 0 +2.028991883e+03 +1.941101883e+03 +1.941101883e+03 +8.5028e-01 -9.7176e-01 +2.4003e-01 -2.2054e+00 -3.0919e+00
502 0 +1.241924308e+03 +1.154034308e+03 +1.154034308e+03 +2.2807e+00 -7.4212e-01 +1.3192e+00 -1.9660e+00 -3.0767e+00
517 0 +8.892983004e+02 +8.014083004e+02 +8.014083004e+02 +1.2671e+00 -3.6850e-01 +9.1609e-01 -2.0493e+00 -3.0945e+00
603 0 +8.718482539e+02 +7.839582539e+02 +7.839582539e+02 +1.0398e+00 +3.6075e-01 +1.1689e+00 -2.1090e+00 -3.0601e+00
676 0 +5.890145307e+02 +5.011245307e+02 +5.011245307e+02 +1.1555e+00 +2.0364e-02 +1.5556e+00 -2.1555e+00 -3.0834e+00
717 0 +5.435676832e+02 +4.556776832e+02 +4.556776832e+02 +2.7112e+00 +7.2346e-01 +1.4084e+00 -2.1614e+00 -3.0695e+00
750 0 +3.604392054e+02 +2.725492054e+02 +2.725492054e+02 +6.1423e-01 +1.5605e+00 +1.1888e+00 -2.0822e+00 -3.0687e+00
751 0 +3.275480135e+02 +2.396580135e+02 +2.396580135e+02 -9.3732e-01 +1.8925e+00 +1.5851e+00 -2.1035e+00 -3.0724e+00
772 0 +1.069274229e+02 +1.903742287e+01 +1.903742287e+01 +9.6901e-01 +2.6970e+00 +1.3250e+00 -2.1438e+00 -3.0879e+00
886 0 +9.113647753e+01 +3.246477528e+00 +3.246477528e+00 +1.3614e+00 +2.9082e+00 +1.2578e+00 -2.1101e+00 -3.0917e+00
916 0 +6.482033536e+01 -2.306966464e+01 -2.306966464e+01 +9.2039e-01 +3.8802e+00 +1.4368e+00 -2.0930e+00 -3.0863e+00
957 0 +3.890865750e+01 -4.898134250e+01 -4.898134250e+01 +4.5599e-01 +3.9525e+00 +1.3180e+00 -2.0866e+00 -3.0858e+00
1012 0 +3.868692545e+01 -4.920307455e+01 -4.920307455e+01 +1.8972e+00 +3.4958e+00 +1.3386e+00 -2.1119e+00 -3.0872e+00
1022 0 +1.640380861e+01 -7.148619139e+01 -7.148619139e+01 +1.6603e+00 +3.1272e+00 +1.2981e+00 -2.1106e+00 -3.0843e+00
1028 0 +1.419956026e+01 -7.369043974e+01 -7.369043974e+01 +1.5264e+00 +3.4685e+00 +1.3411e+00 -2.1078e+00 -3.0809e+00
1053 0 +9.863956782e+00 -7.802604322e+01 -7.802604322e+01 +1.3321e+00 +3.2430e+00 +1.2404e+00 -2.1005e+00 -3.0819e+00
1073 0 +7.699009033e+00 -8.019099097e+01 -8.019099097e+01 +1.8917e+00 +3.7729e+00 +1.2348e+00 -2.0981e+00 -3.0831e+00
1093 0 +6.293513078e+00 -8.159648692e+01 -8.159648692e+01 +1.9240e+00 +3.6002e+00 +1.1977e+00 -2.1055e+00 -3.0830e+00
1105 0 +6.075866123e+00 -8.181413388e+01 -8.181413388e+01 +1.2911e+00 +3.4316e+00 +1.1999e+00 -2.1062e+00 -3.0817e+00
1117 0 +3.819770599e+00 -8.407022940e+01 -8.407022940e+01 +1.7909e+00 +3.6118e+00 +1.2326e+00 -2.1099e+00 -3.0836e+00
1155 0 +2.935736176e+00 -8.495426382e+01 -8.495426382e+01 +1.4030e+00 +3.6479e+00 +1.2509e+00 -2.1033e+00 -3.0820e+00
1197 0 +2.770321044e+00 -8.511967896e+01 -8.511967896e+01 +1.8236e+00 +3.5249e+00 +1.2401e+00 -2.1103e+00 -3.0823e+00
1216 0 +2.730014497e+00 -8.515998550e+01 -8.515998550e+01 +1.6089e+00 +3.5430e+00 +1.2702e+00 -2.1099e+00 -3.0825e+00
1230 0 +2.414205898e+00 -8.547579410e+01 -8.547579410e+01 +1.3465e+00 +3.5465e+00 +1.2243e+00 -2.1086e+00 -3.0826e+00
1248 0 +2.110381855e+00 -8.577961814e+01 -8.577961814e+01 +1.4645e+00 +3.6738e+00 +1.2431e+00 -2.1101e+00 -3.0828e+00
% f evaluations | g evaluations | best noise-free fitness - Fopt (3.201900000000e+02) + sum g_i+ | measured fitness | best measured fitness or single-digit g-values | x1 | x2...
1 0 +1.071916706e+07 +1.071948725e+07 +1.071948725e+07 +5.9671e-01 -3.8264e-02 +7.4769e-01 +1.6230e+00 -1.3415e-01
3 0 +3.068794891e+06 +3.069115081e+06 +3.069115081e+06 -3.6342e-01 -3.6573e-01 +3.4196e-01 -1.8133e+00 -1.6249e+00
10 0 +2.917830563e+06 +2.918150753e+06 +2.918150753e+06 -6.1984e-01 -3.6064e-01 +1.1571e+00 +4.4362e-01 -1.6630e+00
15 0 +1.052203239e+06 +1.052523429e+06 +1.052523429e+06 +4.6140e-01 +1.6380e+00 +6.4174e-02 +1.6646e+00 -2.5197e+00
26 0 +3.770533815e+05 +3.773735715e+05 +3.773735715e+05 -6.9939e-01 +2.1671e+00 -1.8620e+00 -5.9861e-01 -4.1251e+00
28 0 +7.008322253e+04 +7.040341253e+04 +7.040341253e+04 -5.6126e-01 +7.7972e-01 -2.0516e+00 -4.6486e-01 -3.7010e+00
29 0 +6.140212481e+04 +6.172231481e+04 +6.172231481e+04 -3.1624e+00 -2.6984e-01 -1.8472e+00 -1.5001e+00 -3.6642e+00
68 0 +1.482957070e+04 +1.514976070e+04 +1.514976070e+04 -2.3952e+00 -6.5532e-02 +3.5600e+00 -3.2974e-01 -3.4775e+00
245 0 +1.419411296e+04 +1.451430296e+04 +1.451430296e+04 -3.5029e+00 -5.5428e-01 -5.0923e-01 -3.6458e-01 -3.5193e+00
261 0 +2.126074177e+03 +2.446264177e+03 +2.446264177e+03 -3.9807e+00 -2.0679e-03 +3.9902e-01 -8.4485e-01 -3.4394e+00
429 0 +1.113771985e+03 +1.433961985e+03 +1.433961985e+03 -3.0303e+00 +1.9883e-01 +1.2308e+00 -9.1359e-01 -3.4441e+00
434 0 +8.317937447e+02 +1.151983745e+03 +1.151983745e+03 -2.4696e+00 -3.4957e-02 +7.5041e-01 -9.3848e-01 -3.4802e+00
451 0 +2.274308006e+02 +5.476208006e+02 +5.476208006e+02 -2.9597e+00 -1.4238e-01 +1.2585e+00 -8.7847e-01 -3.4660e+00
594 0 +1.794838979e+02 +4.996738979e+02 +4.996738979e+02 -2.3948e+00 -3.5509e-01 +1.3235e+00 -8.2586e-01 -3.4732e+00
659 0 +1.673617836e+02 +4.875517836e+02 +4.875517836e+02 -2.3911e+00 -3.2602e-01 +1.4417e+00 -8.5347e-01 -3.4747e+00
663 0 +1.063709988e+02 +4.265609988e+02 +4.265609988e+02 -2.1021e+00 -1.0847e+00 +1.3317e+00 -8.3458e-01 -3.4654e+00
704 0 +9.854917982e+01 +4.187391798e+02 +4.187391798e+02 -2.4099e+00 -8.7798e-01 +1.3856e+00 -8.5668e-01 -3.4639e+00
729 0 +5.917848247e+01 +3.793684825e+02 +3.793684825e+02 -3.3811e+00 -1.2985e+00 +1.3730e+00 -8.3970e-01 -3.4707e+00
803 0 +4.400093697e+01 +3.641909370e+02 +3.641909370e+02 -2.2699e+00 -1.4956e+00 +1.2914e+00 -8.7336e-01 -3.4695e+00
810 0 +2.797268886e+01 +3.481626889e+02 +3.481626889e+02 -2.5887e+00 -2.1884e+00 +1.3658e+00 -8.7529e-01 -3.4662e+00
836 0 +2.001218339e+01 +3.402021834e+02 +3.402021834e+02 -1.1395e+00 -1.5719e+00 +1.4232e+00 -8.6708e-01 -3.4697e+00
866 0 +1.605538491e+01 +3.362453849e+02 +3.362453849e+02 -9.9044e-01 -1.9483e+00 +1.4318e+00 -8.5073e-01 -3.4664e+00
869 0 +1.443959649e+01 +3.346295965e+02 +3.346295965e+02 -2.3429e+00 -2.1544e+00 +1.3979e+00 -8.4820e-01 -3.4673e+00
910 0 +1.257333635e+01 +3.327633363e+02 +3.327633363e+02 -8.2116e-01 -2.4655e+00 +1.4718e+00 -8.4177e-01 -3.4703e+00
925 0 +8.221253621e+00 +3.284112536e+02 +3.284112536e+02 -7.3837e-01 -2.1517e+00 +1.4326e+00 -8.6697e-01 -3.4715e+00
955 0 +6.384301337e+00 +3.265743013e+02 +3.265743013e+02 -7.2109e-01 -2.0412e+00 +1.4040e+00 -8.5577e-01 -3.4679e+00
1036 0 +5.846051588e+00 +3.260360516e+02 +3.260360516e+02 +4.4243e-01 -2.7182e+00 +1.4159e+00 -8.6070e-01 -3.4689e+00
1049 0 +2.546586312e+00 +3.227365863e+02 +3.227365863e+02 +5.3445e-01 -2.5830e+00 +1.4075e+00 -8.5787e-01 -3.4699e+00
1102 0 +7.988490145e-01 +3.209888490e+02 +3.209888490e+02 -2.4876e-01 -2.3679e+00 +1.3960e+00 -8.5599e-01 -3.4688e+00
1139 0 +7.941931329e-01 +3.209841931e+02 +3.209841931e+02 -1.7842e-01 -2.4635e+00 +1.3919e+00 -8.5949e-01 -3.4692e+00
1156 0 +5.624678689e-01 +3.207524679e+02 +3.207524679e+02 -7.4404e-01 -2.4659e+00 +1.4035e+00 -8.5827e-01 -3.4693e+00
1179 0 +4.366304010e-01 +3.206266304e+02 +3.206266304e+02 -8.9702e-01 -2.4065e+00 +1.3932e+00 -8.5861e-01 -3.4698e+00
1244 0 +4.325164524e-01 +3.206225165e+02 +3.206225165e+02 -7.7217e-01 -2.4267e+00 +1.3992e+00 -8.5950e-01 -3.4693e+00
% f evaluations | g evaluations | best noise-free fitness - Fopt (-1.042400000000e+02) + sum g_i+ | measured fitness | best measured fitness or single-digit g-values | x1 | x2...
1 0 +1.555253018e+05 +1.554210618e+05 +1.554210618e+05 +5.9671e-01 -3.8264e-02 +7.4769e-01 +1.6230e+00 -1.3415e-01
6 0 +2.053525433e+04 +2.043101433e+04 +2.043101433e+04 +2.1092e-01 -1.0510e+00 +4.7570e-01 -5.0064e-01 -1.9169e-01
20 0 +1.963691347e+04 +1.953267347e+04 +1.953267347e+04 -1.3635e+00 +3.9612e-01 +3.6106e-01 +1.0511e-01 -1.3459e-01
21 0 +4.661114349e+03 +4.556874349e+03 +4.556874349e+03 -1.3154e+00 -3.2065e-01 -2.4271e-01 -7.0228e-01 -6.1286e-02
67 0 +4.644331436e+03 +4.540091436e+03 +4.540091436e+03 -7.2540e-01 +3.8788e-01 +5.2288e-01 -5.8802e-01 -1.1794e-01
76 0 +4.331732017e+03 +4.227492017e+03 +4.227492017e+03 -4.5699e-01 +5.5878e-01 +8.3837e-01 -5.7239e-01 -1.1847e-01
101 0 +1.587769324e+03 +1.483529324e+03 +1.483529324e+03 +3.8613e-01 +7.6399e-03 +6.6887e-01 -4.6840e-01 -8.5220e-02
163 0 +9.910780029e+02 +8.868380029e+02 +8.868380029e+02 -3.9146e-01 +2.4553e-01 +1.7432e+00 -5.4320e-01 -7.2097e-02
175 0 +6.512778482e+02 +5.470378482e+02 +5.470378482e+02 -7.3175e-01 +2.5305e-01 +1.4249e+00 -5.4266e-01 -5.9995e-02
177 0 +5.318923150e+02 +4.276523150e+02 +4.276523150e+02 -7.3024e-01 -6.6566e-01 +1.1203e+00 -5.6824e-01 -6.3531e-02
302 0 +4.765082172e+02 +3.722682172e+02 +3.722682172e+02 +3.1052e-01 -3.8067e-01 +1.1444e+00 -4.6148e-01 -6.4493e-02
407 0 +4.666589326e+02 +3.624189326e+02 +3.624189326e+02 +1.7855e-01 -4.5290e-01 +1.1588e+00 -5.3145e-01 -6.3120e-02
458 0 +4.533555900e+02 +3.491155900e+02 +3.491155900e+02 +1.2664e-01 -4.6700e-01 +1.1998e+00 -5.3214e-01 -5.2901e-02
476 0 +3.676181504e+02 +2.633781504e+02 +2.633781504e+02 +2.0031e-01 -8.5330e-01 +1.2298e+00 -5.3348e-01 -5.4351e-02
483 0 +3.314439019e+02 +2.272039019e+02 +2.272039019e+02 +5.4624e-01 -7.3400e-01 +1.1766e+00 -5.0159e-01 -6.0729e-02
514 0 +3.239506755e+02 +2.197106755e+02 +2.197106755e+02 +4.8533e-01 -8.5847e-01 +1.1435e+00 -4.9815e-01 -5.5534e-02
579 0 +2.541379126e+02 +1.498979126e+02 +1.498979126e+02 +9.2742e-01 -1.2128e+00 +1.3204e+00 -4.7652e-01 -5.9844e-02
635 0 +2.069299448e+02 +1.026899448e+02 +1.026899448e+02 +1.8724e+00 -1.6303e+00 +1.2639e+00 -4.8422e-01 -6.1863e-02
725 0 +2.017675643e+02 +9.752756427e+01 +9.752756427e+01 +3.5466e+00 -1.8971e+00 +1.1356e+00 -4.6712e-01 -5.6708e-02
742 0 +1.649695162e+02 +6.072951619e+01 +6.072951619e+01 +4.2644e+00 -2.2337e+00 +1.0512e+00 -5.0666e-01 -5.8329e-02
776 0 +1.614072418e+02 +5.716724181e+01 +5.716724181e+01 +4.2553e+00 -2.0247e+00 +1.1926e+00 -4.6996e-01 -5.5714e-02
787 0 +1.513745685e+02 +4.713456849e+01 +4.713456849e+01 +4.7002e+00 -2.4266e+00 +1.4992e+00 -5.2402e-01 -5.7387e-02
822 0 +1.414710849e+02 +3.723108495e+01 +3.723108495e+01 +4.0373e+00 -2.0826e+00 +1.3416e+00 -4.8943e-01 -5.2385e-02
831 0 +1.191816188e+02 +1.494161881e+01 +1.494161881e+01 +3.9424e+00 -2.0807e+00 +1.4038e+00 -4.8816e-01 -5.6786e-02
839 0 +1.001873990e+02 -4.052600981e+00 -4.052600981e+00 +4.4314e+00 -2.2000e+00 +1.3092e+00 -5.0557e-01 -5.8404e-02
891 0 +9.825577186e+01 -5.984228144e+00 -5.984228144e+00 +4.9033e+00 -2.3609e+00 +1.3089e+00 -4.9498e-01 -6.1533e-02
909 0 +8.685536135e+01 -1.738463865e+01 -1.738463865e+01 +4.6275e+00 -2.5166e+00 +1.2720e+00 -5.0377e-01 -5.9030e-02
916 0 +8.661202680e+01 -1.762797320e+01 -1.762797320e+01 +4.5983e+00 -2.4452e+00 +1.3362e+00 -4.9186e-01 -5.6572e-02
926 0 +3.959134305e+01 -6.464865695e+01 -6.464865695e+01 +4.4950e+00 -3.1575e+00 +1.3409e+00 -4.9532e-01 -6.0854e-02
982 0 +2.144578218e+01 -8.279421782e+01 -8.279421782e+01 +4.1472e+00 -3.7797e+00 +1.2939e+00 -4.9119e-01 -5.5883e-02
1035 0 +1.976809861e+01 -8.447190139e+01 -8.447190139e+01 +3.2418e+00 -4.2107e+00 +1.2221e+00 -5.0122e-01 -5.8115e-02
1195 0 +5.389866401e+00 -9.885013360e+01 -9.885013360e+01 +9.1731e-01 -3.8575e+00 +1.3396e+00 -4.8773e-01 -6.0245e-02
% f evaluations | g evaluations | best noise-free fitness - Fopt (-6.785000000000e+01) + sum g_i+ | measured fitness | best measured fitness or single-digit g-values | x1 | x2...
1 0 +1.888040833e+06 +1.887972983e+06 +1.887972983e+06 +5.9671e-01 -3.8264e-02 +7.4769e-01 +1.6230e+00 -1.3415e-01
3 0 +7.904876169e+05 +7.904197669e+05 +7.904197669e+05 -3.6342e-01 -3.6573e-01 +3.4196e-01 -1.8133e+00 -1.6249e+00
4 0 +4.719640159e+05 +4.718961659e+05 +4.718961659e+05 -4.6229e-01 -9.1283e-01 +4.1425e-01 -8.0802e-01 -1.3123e+00
9 0 +3.230130970e+05 +3.229452470e+05 +3.229452470e+05 +8.3847e-01 +2.7137e-01 -1.5648e-02 -2.0110e-01 -1.3785e+00
10 0 +2.914170861e+05 +2.913492361e+05 +2.913492361e+05 -6.1984e-01 -3.6064e-01 +1.1571e+00 +4.4362e-01 -1.6630e+00
27 0 +1.303540025e+05 +1.302861525e+05 +1.302861525e+05 -2.8782e+00 -5.4090e-01 -1.5942e+00 +2.2170e+00 -1.6782e+00
54 0 +1.264713781e+05 +1.264035281e+05 +1.264035281e+05 +2.1617e-01 +1.1133e+00 +8.2886e-01 +1.4977e+00 -1.1678e+00
65 0 +6.598064460e+04 +6.591279460e+04 +6.591279460e+04 +6.4300e-01 +1.0601e+00 +1.5853e+00 +2.0107e+00 -1.1829e+00
96 0 +5.493809624e+04 +5.487024624e+04 +5.487024624e+04 +1.3358e-01 +1.7319e+00 +3.4357e-01 +2.3417e+00 -1.1603e+00
122 0 +5.411703163e+04 +5.404918163e+04 +5.404918163e+04 -4.9885e-01 +9.6545e-01 +2.1849e+00 +2.9441e+00 -1.5920e+00
123 0 +1.799586633e+04 +1.792801633e+04 +1.792801633e+04 +2.1253e+00 +6.3364e-01 +1.9048e+00 +2.5891e+00 -1.4683e+00
127 0 +9.078378171e+03 +9.010528171e+03 +9.010528171e+03 +2.7144e+00 +9.0828e-01 -1.7046e-01 +3.4687e+00 -1.3298e+00
131 0 +4.931528324e+03 +4.863678324e+03 +4.863678324e+03 -2.7571e+00 -1.4161e+00 -7.4837e-01 +2.9916e+00 -1.3643e+00
234 0 +3.830877496e+03 +3.763027496e+03 +3.763027496e+03 +3.4912e+00 +8.7638e-01 +1.6730e+00 +3.3435e+00 -1.3778e+00
262 0 +3.215543188e+03 +3.147693188e+03 +3.147693188e+03 +1.5181e+00 -5.5509e-01 +1.7110e+00 +2.8656e+00 -1.4001e+00
314 0 +1.059241573e+03 +9.913915730e+02 +9.913915730e+02 -4.8260e-01 +7.2338e-01 +7.3296e-01 +2.9105e+00 -1.3503e+00
383 0 +6.626155515e+02 +5.947655515e+02 +5.947655515e+02 +1.8779e+00 +7.3133e-01 +9.1450e-01 +2.9246e+00 -1.3630e+00
540 0 +4.337377996e+02 +3.658877996e+02 +3.658877996e+02 +1.8373e+00 +6.4649e-01 +1.5906e+00 +3.1059e+00 -1.3568e+00
575 0 +2.622828800e+02 +1.944328800e+02 +1.944328800e+02 +2.0551e+00 +3.3610e-01 +1.0999e+00 +3.0177e+00 -1.3614e+00
598 0 +2.208349774e+02 +1.529849774e+02 +1.529849774e+02 +2.2604e+00 +6.8065e-01 +1.2306e+00 +3.0432e+00 -1.3547e+00
628 0 +1.982630601e+02 +1.304130601e+02 +1.304130601e+02 +2.7610e+00 +6.3524e-01 +1.2161e+00 +3.0277e+00 -1.3656e+00
769 0 +1.626691629e+02 +9.481916294e+01 +9.481916294e+01 +3.2105e+00 +8.6419e-01 +1.3098e+00 +3.0102e+00 -1.3614e+00
799 0 +1.626559516e+02 +9.480595159e+01 +9.480595159e+01 +2.3302e+00 +8.9219e-01 +1.4104e+00 +3.0173e+00 -1.3628e+00
804 0 +1.440458872e+02 +7.619588717e+01 +7.619588717e+01 +2.8114e+00 +1.6452e+00 +1.3863e+00 +3.0310e+00 -1.3538e+00
807 0 +1.166914800e+02 +4.884148003e+01 +4.884148003e+01 +2.8811e+00 +1.3991e+00 +1.4036e+00 +3.0352e+00 -1.3640e+00
833 0 +8.326705270e+01 +1.541705270e+01 +1.541705270e+01 +1.6526e+00 +1.6025e+00 +1.2322e+00 +3.0383e+00 -1.3606e+00
926 0 +6.777682647e+01 -7.317353242e-02 -7.317353242e-02 +1.4348e+00 +2.0011e+00 +1.2913e+00 +3.0326e+00 -1.3673e+00
930 0 +6.155797004e+01 -6.292029957e+00 -6.292029957e+00 +3.5157e+00 +2.7762e+00 +1.1690e+00 +3.0335e+00 -1.3670e+00
990 0 +4.135755485e+01 -2.649244515e+01 -2.649244515e+01 +1.6063e+00 +2.0348e+00 +1.3284e+00 +3.0125e+00 -1.3615e+00
995 0 +2.214798692e+01 -4.570201308e+01 -4.570201308e+01 +1.3229e+00 +2.2238e+00 +1.2570e+00 +3.0365e+00 -1.3629e+00
1025 0 +1.521628376e+01 -5.263371624e+01 -5.263371624e+01 +2.2185e+00 +3.2248e+00 +1.2229e+00 +3.0260e+00 -1.3641e+00
1083 0 +9.152884942e+00 -5.869711506e+01 -5.869711506e+01 +2.1256e+00 +2.7453e+00 +1.3802e+00 +3.0312e+00 -1.3617e+00
1104 0 +8.578723499e+00 -5.927127650e+01 -5.927127650e+01 +2.1541e+00 +3.1625e+00 +1.2363e+00 +3.0342e+00 -1.3603e+00
1127 0 +3.308624210e+00 -6.454137579e+01 -6.454137579e+01 +2.0690e+00 +2.9087e+00 +1.2731e+00 +3.0333e+00 -1.3617e+00
1179 0 +2.227249591e+00 -6.562275041e+01 -6.562275041e+01 +2.0368e+00 +2.9768e+00 +1.3012e+00 +3.0295e+00 -1.3608e+00
1233 0 +1.715547222e+00 -6.613445278e+01 -6.613445278e+01 +1.8110e+00 +2.9168e+00 +1.3230e+00 +3.0334e+00 -1.3613e+00
% f evaluations | g evaluations | best noise-free fitness - Fopt (-3.639800000000e+02) + sum g_i+ | measured fitness | best measured fitness or single-digit g-values | x1 | x2...
1 0 +5.218023222e+06 +5.217659242e+06 +5.217659242e+06 +5.9671e-01 -3.8264e-02 +7.4769e-01 +1.6230e+00 -1.3415e-01
2 0 +3.323573765e+06 +3.323209785e+06 +3.323209785e+06 -1.3414e-01 +1.6792e+00 +8.6743e-01 -3.6947e-01 +6.4256e-01
7 0 +2.531586789e+06 +2.531222809e+06 +2.531222809e+06 -5.0171e-01 +1.9523e+00 +8.6503e-02 -9.5771e-01 +9.2254e-01
11 0 +1.424549748e+06 +1.424185768e+06 +1.424185768e+06 +4.2408e-01 -2.8508e-01 -5.7692e-01 +7.1168e-01 +1.1310e+00
26 0 +3.833699886e+05 +3.830060086e+05 +3.830060086e+05 +2.0439e+00 +3.8246e-01 +8.9574e-01 +5.8857e-01 +2.3606e+00
27 0 +1.289512921e+05 +1.285873121e+05 +1.285873121e+05 +3.6069e-02 -5.2847e-02 +7.2013e-02 +2.0144e+00 +2.1148e+00
75 0 +7.799015052e+04 +7.762617052e+04 +7.762617052e+04 +3.9729e-01 +3.4771e-01 +2.0528e+00 +2.7262e+00 +2.3321e+00
79 0 +3.974525534e+04 +3.938127534e+04 +3.938127534e+04 -3.2878e-01 +1.1904e+00 +1.6029e+00 +3.3693e+00 +2.0018e+00
80 0 +3.044143011e+04 +3.007745011e+04 +3.007745011e+04 -1.3671e+00 +4.4443e-01 +2.1843e+00 +3.7317e+00 +2.3362e+00
155 0 +1.986037723e+04 +1.949639723e+04 +1.949639723e+04 +9.3058e-01 +1.4132e+00 +8.5704e-01 +4.6338e+00 +2.1430e+00
157 0 +1.698917660e+04 +1.662519660e+04 +1.662519660e+04 -2.2588e+00 +5.7260e-01 +2.9282e+00 +3.1474e+00 +2.2030e+00
176 0 +9.151550115e+03 +8.787570115e+03 +8.787570115e+03 -2.4241e+00 +2.2906e+00 +3.4207e+00 +3.3812e+00 +2.1799e+00
187 0 +3.304627130e+03 +2.940647130e+03 +2.940647130e+03 -1.3964e+00 +1.8666e+00 +3.6344e+00 +4.0321e+00 +2.1274e+00
308 0 +2.746456540e+03 +2.382476540e+03 +2.382476540e+03 -1.2915e+00 +1.6716e+00 +2.7040e+00 +3.6224e+00 +2.1636e+00
338 0 +1.900314640e+03 +1.536334640e+03 +1.536334640e+03 -4.9786e-02 +1.8274e+00 +2.5144e+00 +3.7899e+00 +2.2047e+00
356 0 +3.079191961e+02 -5.606080388e+01 -5.606080388e+01 -7.8892e-01 +2.2283e+00 +2.1991e+00 +3.8625e+00 +2.1693e+00
457 0 +1.034988725e+02 -2.604811275e+02 -2.604811275e+02 -1.6065e+00 +2.1102e+00 +2.7002e+00 +3.9315e+00 +2.1605e+00
497 0 +8.059941509e+01 -2.833805849e+02 -2.833805849e+02 -1.6153e+00 +2.0335e+00 +2.5083e+00 +3.8949e+00 +2.1635e+00
566 0 +4.710103728e+01 -3.168789627e+02 -3.168789627e+02 -1.2647e+00 +2.2763e+00 +2.6914e+00 +3.8969e+00 +2.1638e+00
781 0 +2.147297988e+01 -3.425070201e+02 -3.425070201e+02 -9.0999e-01 +2.6763e+00 +2.5397e+00 +3.9078e+00 +2.1642e+00
858 0 +1.935754460e+01 -3.446224554e+02 -3.446224554e+02 -1.0167e+00 +2.8004e+00 +2.6270e+00 +3.9023e+00 +2.1677e+00
866 0 +1.769134302e+01 -3.462886570e+02 -3.462886570e+02 -8.6337e-01 +3.2032e+00 +2.5843e+00 +3.9266e+00 +2.1669e+00
903 0 +1.021839748e+01 -3.537616025e+02 -3.537616025e+02 -1.0249e+00 +3.1920e+00 +2.5863e+00 +3.9107e+00 +2.1642e+00
941 0 +9.141801687e+00 -3.548381983e+02 -3.548381983e+02 -1.0391e+00 +3.0224e+00 +2.6326e+00 +3.9116e+00 +2.1655e+00
974 0 +9.090648683e+00 -3.548893513e+02 -3.548893513e+02 -1.0034e+00 +3.3925e+00 +2.6191e+00 +3.9083e+00 +2.1652e+00
983 0 +7.666839977e+00 -3.563131600e+02 -3.563131600e+02 -9.5309e-01 +3.2627e+00 +2.6125e+00 +3.9100e+00 +2.1650e+00
1107 0 +7.589899585e+00 -3.563901004e+02 -3.563901004e+02 -8.5997e-01 +3.3000e+00 +2.6223e+00 +3.9108e+00 +2.1650e+00
1112 0 +7.211800782e+00 -3.567681992e+02 -3.567681992e+02 -7.7445e-01 +3.3222e+00 +2.6338e+00 +3.9108e+00 +2.1656e+00
1131 0 +6.948161835e+00 -3.570318382e+02 -3.570318382e+02 -7.9907e-01 +3.3025e+00 +2.6123e+00 +3.9114e+00 +2.1658e+00
1182 0 +6.270979044e+00 -3.577090210e+02 -3.577090210e+02 -7.0351e-01 +3.2653e+00 +2.6171e+00 +3.9085e+00 +2.1660e+00
1205 0 +6.081092428e+00 -3.578989076e+02 -3.578989076e+02 -6.3478e-01 +3.1243e+00 +2.6084e+00 +3.9077e+00 +2.1660e+00
1250 0 +5.690592263e+00 -3.582894077e+02 -3.582894077e+02 -5.7021e-01 +3.1441e+00 +2.6050e+00 +3.9072e+00 +2.1655e+00
% f evaluations | g evaluations | best noise-free fitness - Fopt (-1.865000000000e+01) + sum g_i+ | measured fitness | best measured fitness or single-digit g-values | x1 | x2...
1 0 +8.225484417e+06 +8.225465767e+06 +8.225465767e+06 +5.9671e-01 -3.8264e-02 +7.4769e-01 +1.6230e+00 -1.3415e-01
3 0 +2.131658279e+06 +2.131639629e+06 +2.131639629e+06 -3.6342e-01 -3.6573e-01 +3.4196e-01 -1.8133e+00 -1.6249e+00
10 0 +1.966919310e+06 +1.966900660e+06 +1.966900660e+06 -6.1984e-01 -3.6064e-01 +1.1571e+00 +4.4362e-01 -1.6630e+00
15 0 +2.684494183e+05 +2.684307683e+05 +2.684307683e+05 +4.6140e-01 +1.6380e+00 +6.4174e-02 +1.6646e+00 -2.5197e+00
34 0 +8.856366880e+04 +8.854501880e+04 +8.854501880e+04 +2.0026e-01 +2.1899e-02 +4.8914e-01 +2.2877e-01 -3.2636e+00
36 0 +1.122051638e+04 +1.120186638e+04 +1.120186638e+04 -1.0298e+00 -5.6654e-02 +1.1846e-01 +7.7182e-03 -2.9529e+00
206 0 +8.659899654e+03 +8.641249654e+03 +8.641249654e+03 +1.3178e-01 -1.7705e+00 -6.8487e-02 +6.8626e-02 -2.9626e+00
233 0 +7.411509967e+03 +7.392859967e+03 +7.392859967e+03 +4.6924e-02 -2.0771e+00 -5.2542e-01 +3.2758e-01 -2.9187e+00
315 0 +6.858147154e+03 +6.839497154e+03 +6.839497154e+03 +1.0697e+00 -2.7497e+00 -1.0372e+00 +1.4225e-01 -3.0503e+00
324 0 +6.808215711e+03 +6.789565711e+03 +6.789565711e+03 +2.0706e-01 -1.9869e+00 -2.8419e-01 +4.7508e-01 -2.9596e+00
332 0 +5.174935793e+03 +5.156285793e+03 +5.156285793e+03 +2.1690e+00 -2.1084e+00 -3.3139e-01 +2.3916e-01 -2.9731e+00
333 0 +3.383125223e+03 +3.364475223e+03 +3.364475223e+03 -6.7566e-02 -2.4228e+00 -1.3212e+00 +9.1821e-02 -2.9637e+00
347 0 +2.375015462e+03 +2.356365462e+03 +2.356365462e+03 +1.4915e-01 -2.5755e+00 -1.4468e+00 +4.9563e-01 -2.9768e+00
393 0 +9.519861705e+02 +9.333361705e+02 +9.333361705e+02 +1.2027e+00 -1.4560e+00 -1.7352e+00 +2.6676e-01 -2.9627e+00
431 0 +7.537830508e+02 +7.351330508e+02 +7.351330508e+02 -4.2606e-01 -3.0397e+00 -2.3815e+00 +2.9284e-01 -2.9573e+00
492 0 +5.264572215e+02 +5.078072215e+02 +5.078072215e+02 +4.5342e-01 -2.7644e+00 -1.7756e+00 +3.2947e-01 -2.9831e+00
504 0 +4.875915769e+02 +4.689415769e+02 +4.689415769e+02 -3.7699e-01 -2.7274e+00 -1.9805e+00 +3.8765e-01 -2.9819e+00
513 0 +4.217550605e+02 +4.031050605e+02 +4.031050605e+02 -4.1024e-01 -3.0662e+00 -2.3926e+00 +3.9932e-01 -2.9748e+00
533 0 +1.600844992e+02 +1.414344992e+02 +1.414344992e+02 -9.5741e-01 -4.1397e+00 -2.5877e+00 +3.2389e-01 -2.9770e+00
663 0 +9.960750460e+01 +8.095750460e+01 +8.095750460e+01 -1.8729e+00 -3.3282e+00 -2.4718e+00 +2.6010e-01 -2.9841e+00
686 0 +5.862858604e+01 +3.997858604e+01 +3.997858604e+01 -2.0104e+00 -3.1782e+00 -2.3739e+00 +2.8422e-01 -2.9854e+00
736 0 +2.503336819e+01 +6.383368193e+00 +6.383368193e+00 -2.7628e+00 -2.1653e+00 -2.4484e+00 +2.9500e-01 -2.9837e+00
839 0 +2.137799799e+01 +2.727997990e+00 +2.727997990e+00 -1.6821e+00 -3.0891e+00 -2.4981e+00 +2.9789e-01 -2.9820e+00
904 0 +1.905936344e+01 +4.093634423e-01 +4.093634423e-01 -1.6120e+00 -2.7456e+00 -2.5028e+00 +2.9011e-01 -2.9808e+00
941 0 +1.873250759e+01 +8.250758582e-02 +8.250758582e-02 +2.6852e-01 -2.4292e+00 -2.4878e+00 +2.9064e-01 -2.9788e+00
947 0 +1.784668755e+01 -8.033124513e-01 -8.033124513e-01 -7.5645e-01 -3.0107e+00 -2.4132e+00 +3.0496e-01 -2.9828e+00
954 0 +1.087841388e+01 -7.771586122e+00 -7.771586122e+00 -1.6343e-01 -2.0960e+00 -2.5451e+00 +3.0076e-01 -2.9824e+00
974 0 +9.727406571e+00 -8.922593429e+00 -8.922593429e+00 -1.0700e+00 -2.2825e+00 -2.5271e+00 +3.0532e-01 -2.9823e+00
997 0 +9.192937926e+00 -9.457062074e+00 -9.457062074e+00 -3.8038e-01 -2.3346e+00 -2.5507e+00 +2.9972e-01 -2.9815e+00
1027 0 +9.126423212e+00 -9.523576788e+00 -9.523576788e+00 +2.2907e-02 -2.2839e+00 -2.4033e+00 +3.0121e-01 -2.9819e+00
1033 0 +2.122326378e+00 -1.652767362e+01 -1.652767362e+01 +2.9552e-01 -2.5070e+00 -2.5010e+00 +3.0283e-01 -2.9827e+00
1153 0 +1.403140492e+00 -1.724685951e+01 -1.724685951e+01 +7.7134e-01 -2.3403e+00 -2.5018e+00 +3.0083e-01 -2.9825e+00
1183 0 +9.702601699e-01 -1.767973983e+01 -1.767973983e+01 +7.2035e-01 -2.3555e+00 -2.4854e+00 +3.0150e-01 -2.9826e+00
1235 0 +6.640514210e-01 -1.798594858e+01 -1.798594858e+01 +7.0415e-01 -2.3945e+00 -2.4786e+00 +3.0319e-01 -2.9825e+00
1248 0 +6.429099376e-01 -1.800709006e+01 -1.800709006e+01 +7.6637e-01 -2.4302e+00 -2.4772e+00 +3.0437e-01 -2.9822e+00
% f evaluations | g evaluations | best noise-free fitness - Fopt (1.749200000000e+02) + sum g_i+ | measured fitness | best measured fitness or single-digit g-values | x1 | x2...
1 0 +8.141879848e+06 +8.142054768e+06 +8.142054768e+06 +5.9671e-01 -3.8264e-02 +7.4769e-01 +1.6230e+00 -1.3415e-01
3 0 +1.854465442e+06 +1.854640362e+06 +1.854640362e+06 -3.6342e-01 -3.6573e-01 +3.4196e-01 -1.8133e+00 -1.6249e+00
15 0 +4.978638545e+05 +4.980387745e+05 +4.980387745e+05 +4.6140e-01 +1.6380e+00 +6.4174e-02 +1.6646e+00 -2.5197e+00
38 0 +2.655693178e+05 +2.657442378e+05 +2.657442378e+05 -1.2623e+00 -9.8274e-01 -9.5086e-01 +9.9510e-01 -2.7931e+00
39 0 +2.270506126e+05 +2.272255326e+05 +2.272255326e+05 -3.5833e-01 -2.9736e-01 -6.0536e-01 +3.3482e-01 -3.1122e+00
43 0 +1.627073424e+05 +1.628822624e+05 +1.628822624e+05 -3.3774e+00 -5.0356e-01 -1.9979e+00 -1.8390e+00 -2.4401e+00
47 0 +8.710570806e+04 +8.728062806e+04 +8.728062806e+04 +3.5445e-01 +1.2642e+00 +1.8422e+00 -1.0237e+00 -3.0694e+00
83 0 +8.608458890e+04 +8.625950890e+04 +8.625950890e+04 +1.8697e+00 +8.2033e-01 +3.6324e+00 -9.7458e-01 -2.9789e+00
99 0 +4.944124631e+04 +4.961616631e+04 +4.961616631e+04 -6.4664e-01 -9.6629e-02 -1.3882e+00 -7.5229e-01 -2.9434e+00
101 0 +3.096116561e+04 +3.113608561e+04 +3.113608561e+04 -9.7489e-01 -2.8147e+00 +1.3045e+00 -1.8639e+00 -2.7749e+00
105 0 +2.887306434e+04 +2.904798434e+04 +2.904798434e+04 -1.8393e+00 -1.0967e+00 -1.6356e+00 -9.5434e-01 -2.7831e+00
126 0 +1.520605858e+04 +1.538097858e+04 +1.538097858e+04 -3.9444e+00 -3.7188e+00 -2.1262e+00 -2.5036e+00 -2.8935e+00
151 0 +1.345958907e+04 +1.363450907e+04 +1.363450907e+04 -2.2088e+00 -4.5689e+00 -8.5013e-01 -1.3814e+00 -2.8902e+00
371 0 +1.238691525e+04 +1.256183525e+04 +1.256183525e+04 -2.9522e+00 -3.6470e+00 -3.8719e-01 -1.6855e+00 -2.9198e+00
374 0 +1.206183663e+04 +1.223675663e+04 +1.223675663e+04 -8.9332e-01 -2.3344e+00 -7.6049e-02 -1.6149e+00 -2.8518e+00
403 0 +5.840844893e+03 +6.015764893e+03 +6.015764893e+03 -2.0899e+00 -2.1684e+00 -2.4186e+00 -1.6872e+00 -2.7934e+00
435 0 +4.874419402e+03 +5.049339402e+03 +5.049339402e+03 -2.2378e+00 -8.2322e-01 -1.5371e+00 -2.0464e+00 -2.8711e+00
447 0 +3.687018911e+03 +3.861938911e+03 +3.861938911e+03 -2.8302e+00 -2.7912e+00 -2.4391e+00 -1.9267e+00 -2.8195e+00
481 0 +3.470192112e+03 +3.645112112e+03 +3.645112112e+03 -7.2581e-01 +1.8710e-01 -1.8200e+00 -1.7389e+00 -2.8957e+00
516 0 +2.076003717e+03 +2.250923717e+03 +2.250923717e+03 -2.3402e+00 -2.0669e+00 -2.1778e+00 -1.8971e+00 -2.8558e+00
531 0 +9.989407086e+02 +1.173860709e+03 +1.173860709e+03 +1.0657e+00 +2.9214e+00 -3.9499e+00 -1.8111e+00 -2.8623e+00
538 0 +6.141812245e+02 +7.891012245e+02 +7.891012245e+02 -6.4208e-01 -7.7808e-02 -3.3608e+00 -1.7053e+00 -2.8569e+00
602 0 +5.267153855e+02 +7.016353855e+02 +7.016353855e+02 -8.4842e-01 -4.3583e-01 -2.8710e+00 -1.8735e+00 -2.8732e+00
634 0 +4.496500788e+02 +6.245700788e+02 +6.245700788e+02 -1.7032e+00 -1.6334e-01 -3.4595e+00 -1.7709e+00 -2.8483e+00
658 0 +1.801701821e+02 +3.550901821e+02 +3.550901821e+02 -2.0305e+00 -4.8726e-01 -3.4272e+00 -1.7591e+00 -2.8648e+00
694 0 +1.412515607e+02 +3.161715607e+02 +3.161715607e+02 -1.9973e+00 -6.3739e-01 -3.3152e+00 -1.8368e+00 -2.8744e+00
733 0 +1.035371259e+02 +2.784571259e+02 +2.784571259e+02 -2.2810e+00 -1.2938e+00 -3.5024e+00 -1.8354e+00 -2.8571e+00
802 0 +8.004359657e+01 +2.549635966e+02 +2.549635966e+02 -2.0586e+00 -1.1125e+00 -3.6604e+00 -1.8256e+00 -2.8662e+00
826 0 +8.194054503e+00 +1.831140545e+02 +1.831140545e+02 -1.7272e+00 -1.5100e+00 -3.4071e+00 -1.8230e+00 -2.8637e+00
942 0 +5.157448768e+00 +1.800774488e+02 +1.800774488e+02 -2.2075e+00 -1.6857e+00 -3.3761e+00 -1.8286e+00 -2.8664e+00
959 0 +3.948538095e+00 +1.788685381e+02 +1.788685381e+02 -2.2468e+00 -2.0031e+00 -3.3784e+00 -1.8187e+00 -2.8648e+00
969 0 +3.091787598e+00 +1.780117876e+02 +1.780117876e+02 -1.7625e+00 -1.6771e+00 -3.4038e+00 -1.8157e+00 -2.8646e+00
1017 0 +1.955546178e+00 +1.768755462e+02 +1.768755462e+02 -1.9064e+00 -1.8538e+00 -3.4101e+00 -1.8152e+00 -2.8664e+00
1081 0 +1.392769093e+00 +1.763127691e+02 +1.763127691e+02 -1.8291e+00 -1.7508e+00 -3.4236e+00 -1.8170e+00 -2.8655e+00
1088 0 +9.690397706e-01 +1.758890398e+02 +1.758890398e+02 -1.9957e+00 -1.8961e+00 -3.4157e+00 -1.8187e+00 -2.8654e+00
1157 0 +6.839873998e-01 +1.756039874e+02 +1.756039874e+02 -1.9668e+00 -1.8865e+00 -3.4128e+00 -1.8214e+00 -2.8654e+00
1160 0 +6.563356257e-01 +1.755763356e+02 +1.755763356e+02 -1.9204e+00 -1.8930e+00 -3.4143e+00 -1.8195e+00 -2.8655e+00
1188 0 +5.744787269e-01 +1.754944787e+02 +1.754944787e+02 -1.8966e+00 -1.8418e+00 -3.4193e+00 -1.8197e+00 -2.8656e+00
1189 0 +5.619935517e-01 +1.754819936e+02 +1.754819936e+02 -1.8927e+00 -1.8756e+00 -3.4178e+00 -1.8202e+00 -2.8655e+00
% f evaluations | g evaluations | best noise-free fitness - Fopt (-5.659600000000e+02) + sum g_i+ | measured fitness | best measured fitness or single-digit g-values | x1 | x2...
1 0 +1.154249746e+07 +1.154193150e+07 +1.154193150e+07 +5.9671e-01 -3.8264e-02 +7.4769e-01 +1.6230e+00 -1.3415e-01
3 0 +3.594165107e+06 +3.593599147e+06 +3.593599147e+06 -3.6342e-01 -3.6573e-01 +3.4196e-01 -1.8133e+00 -1.6249e+00
10 0 +3.555922469e+06 +3.555356509e+06 +3.555356509e+06 -6.1984e-01 -3.6064e-01 +1.1571e+00 +4.4362e-01 -1.6630e+00
15 0 +1.562717689e+06 +1.562151729e+06 +1.562151729e+06 +4.6140e-01 +1.6380e+00 +6.4174e-02 +1.6646e+00 -2.5197e+00
26 0 +3.432730852e+05 +3.427071252e+05 +3.427071252e+05 -6.9939e-01 +2.1671e+00 -1.8620e+00 -5.9861e-01 -4.1251e+00
28 0 +8.290168891e+04 +8.233572891e+04 +8.233572891e+04 -5.6126e-01 +7.7972e-01 -2.0516e+00 -4.6486e-01 -3.7010e+00
34 0 +1.227612625e+04 +1.171016625e+04 +1.171016625e+04 -3.1624e+00 -2.6984e-01 -1.8472e+00 -1.5001e+00 -3.6642e+00
69 0 +1.504376829e+03 +9.384168287e+02 +9.384168287e+02 +1.8213e+00 +8.4019e-01 -2.5942e+00 -1.9444e+00 -3.5970e+00
335 0 +1.003387582e+03 +4.374275819e+02 +4.374275819e+02 -1.0883e+00 +1.1718e+00 -1.1523e+00 -1.8250e+00 -3.5673e+00
466 0 +7.309358149e+02 +1.649758149e+02 +1.649758149e+02 -1.4344e+00 +9.4831e-01 -1.4367e+00 -1.7569e+00 -3.5710e+00
489 0 +3.994445121e+02 -1.665154879e+02 -1.665154879e+02 -8.6001e-01 +7.0170e-01 -1.6519e+00 -1.9073e+00 -3.5618e+00
653 0 +5.312053133e+01 -5.128394687e+02 -5.128394687e+02 -3.9858e-01 +7.2396e-01 -2.1199e+00 -1.8344e+00 -3.5742e+00
715 0 +4.659421629e+01 -5.193657837e+02 -5.193657837e+02 -6.8721e-02 +4.1756e-01 -2.1214e+00 -1.8016e+00 -3.5698e+00
896 0 +3.895474801e+01 -5.270052520e+02 -5.270052520e+02 +5.1533e-01 +3.1950e-01 -2.0606e+00 -1.8358e+00 -3.5615e+00
907 0 +3.234392153e+01 -5.336160785e+02 -5.336160785e+02 +7.8168e-01 +2.5328e-01 -2.2522e+00 -1.8267e+00 -3.5707e+00
961 0 +3.118619804e+01 -5.347738020e+02 -5.347738020e+02 +2.1909e-01 -2.4583e-01 -2.1322e+00 -1.8418e+00 -3.5715e+00
1007 0 +2.370119110e+01 -5.422588089e+02 -5.422588089e+02 +1.7013e-01 +1.9148e-01 -2.2056e+00 -1.8421e+00 -3.5711e+00
1017 0 +2.313314834e+01 -5.428268517e+02 -5.428268517e+02 +3.7584e-01 -3.1791e-01 -2.1023e+00 -1.8544e+00 -3.5689e+00
1018 0 +1.577445247e+01 -5.501855475e+02 -5.501855475e+02 -3.1170e-02 +5.2819e-01 -2.0625e+00 -1.8499e+00 -3.5688e+00
1022 0 +6.567308388e+00 -5.593926916e+02 -5.593926916e+02 +1.5089e-01 -1.2535e-01 -2.1398e+00 -1.8434e+00 -3.5670e+00
1061 0 +5.454316549e+00 -5.605056835e+02 -5.605056835e+02 +2.4060e-01 +2.3600e-01 -2.1035e+00 -1.8411e+00 -3.5657e+00
1107 0 +5.385778023e+00 -5.605742220e+02 -5.605742220e+02 -1.2314e+00 +4.3758e-01 -2.1440e+00 -1.8283e+00 -3.5667e+00
1125 0 +2.882308357e+00 -5.630776916e+02 -5.630776916e+02 -7.3413e-02 +1.6782e-01 -2.1567e+00 -1.8434e+00 -3.5684e+00
1157 0 +2.561285298e+00 -5.633987147e+02 -5.633987147e+02 -5.4907e-02 +2.7981e-01 -2.1262e+00 -1.8408e+00 -3.5661e+00
1181 0 +9.889447407e-01 -5.649710553e+02 -5.649710553e+02 -2.0412e-01 +2.3402e-01 -2.1269e+00 -1.8411e+00 -3.5675e+00
