% f evaluations | g evaluations | best noise-free fitness - Fopt (-5.494000000000e+01) + sum g_i+ | measured fitness | best measured fitness or single-digit g-values | x1 | x2...
1 0 +9.852913834e+06 +9.852858894e+06 +9.852858894e+06 +5.9671e-01 -3.8264e-02 +7.4769e-01 +1.6230e+00 -1.3415e-01
2 0 +2.715223623e+06 +2.715168683e+06 +2.715168683e+06 -1.3414e-01 +1.6792e+00 +8.6743e-01 -3.6947e-01 +6.4256e-01
7 0 +9.085897748e+05 +9.085348348e+05 +9.085348348e+05 -5.0171e-01 +1.9523e+00 +8.6503e-02 -9.5771e-01 +9.2254e-01
8 0 +5.441882390e+05 +5.441332990e+05 +5.441332990e+05 -1.1208e+00 +3.0886e-01 -1.8597e+00 -1.2282e+00 +2.9686e-01
32 0 +3.253506934e+05 +3.252957534e+05 +3.252957534e+05 -5.9172e-01 +2.2026e+00 -1.0713e+00 -1.4557e+00 +1.1238e+00
53 0 +3.013405638e+05 +3.012856238e+05 +3.012856238e+05 -1.6635e+00 +5.7271e-01 -2.4446e+00 -2.4469e-01 -2.8158e-02
76 0 +2.067149402e+05 +2.066600002e+05 +2.066600002e+05 -2.0329e+00 -2.0370e+00 -2.3502e+00 +1.6106e+00 +7.0727e-01
77 0 +1.075729018e+05 +1.075179618e+05 +1.075179618e+05 +4.0461e-01 +3.4533e+00 -3.4200e+00 -5.7679e-01 +9.0878e-02
81 0 +1.057120515e+05 +1.056571115e+05 +1.056571115e+05 -5.5606e-01 -1.3503e+00 -2.7677e+00 +9.7848e-01 +2.5293e+00
105 0 +1.269718573e+04 +1.264224573e+04 +1.264224573e+04 +3.9263e-01 +6.9050e-01 -2.9949e+00 +1.0590e+00 +2.8995e+00
254 0 +1.030412264e+04 +1.024918264e+04 +1.024918264e+04 -1.0731e+00 -7.7349e-01 -1.7944e+00 +2.9818e+00 +3.2022e+00
280 0 +7.175227742e+03 +7.120287742e+03 +7.120287742e+03 -2.4305e-01 -1.0120e+00 -3.2740e+00 +2.0987e+00 +3.2284e+00
282 0 +6.539265075e+03 +6.484325075e+03 +6.484325075e+03 -1.1241e+00 -1.2592e+00 -1.7048e+00 +3.3217e+00 +3.3498e+00
301 0 +1.830786364e+03 +1.775846364e+03 +1.775846364e+03 +1.7443e-01 -9.9650e-01 -2.8936e+00 +1.8954e+00 +4.0395e+00
351 0 +1.550838137e+03 +1.495898137e+03 +1.495898137e+03 -2.4552e+00 -1.5898e+00 -8.6042e-01 +3.7488e+00 +2.1018e+00
369 0 +1.602417942e+02 +1.053017942e+02 +1.053017942e+02 -1.6964e+00 -1.6055e+00 -1.5540e+00 +3.4090e+00 +2.8223e+00
530 0 +5.030678475e+01 -4.633215245e+00 -4.633215245e+00 -1.7976e+00 -1.5706e+00 -1.2342e+00 +3.3755e+00 +2.9030e+00
604 0 +4.608727180e+01 -8.852728196e+00 -8.852728196e+00 -1.8594e+00 -1.4062e+00 -8.5796e-01 +3.4131e+00 +3.0429e+00
627 0 +3.178227718e+01 -2.315772282e+01 -2.315772282e+01 -1.8714e+00 -1.3905e+00 -9.7268e-01 +3.4285e+00 +2.9195e+00
660 0 +1.359914665e+01 -4.134085335e+01 -4.134085335e+01 -1.8633e+00 -1.3939e+00 -9.2895e-01 +3.4223e+00 +2.9731e+00
722 0 +6.174717690e+00 -4.876528231e+01 -4.876528231e+01 -1.7473e+00 -1.3907e+00 -1.0474e+00 +3.3369e+00 +3.0444e+00
786 0 +5.983818741e+00 -4.895618126e+01 -4.895618126e+01 -1.7346e+00 -1.3759e+00 -1.0715e+00 +3.3163e+00 +3.0252e+00
792 0 +4.500525753e+00 -5.043947425e+01 -5.043947425e+01 -1.7416e+00 -1.4213e+00 -1.1652e+00 +3.3338e+00 +2.9622e+00
833 0 +4.247135017e+00 -5.069286498e+01 -5.069286498e+01 -1.8777e+00 -1.4290e+00 -1.1138e+00 +3.4323e+00 +2.7864e+00
857 0 +3.462838427e+00 -5.147716157e+01 -5.147716157e+01 -1.8407e+00 -1.4445e+00 -1.1689e+00 +3.4248e+00 +2.8068e+00
877 0 +3.426134936e+00 -5.151386506e+01 -5.151386506e+01 -1.8064e+00 -1.4482e+00 -1.2548e+00 +3.4015e+00 +2.7831e+00
884 0 +2.926473757e+00 -5.201352624e+01 -5.201352624e+01 -1.8977e+00 -1.4629e+00 -1.1243e+00 +3.4645e+00 +2.7710e+00
886 0 +1.915558601e+00 -5.302444140e+01 -5.302444140e+01 -1.7211e+00 -1.4258e+00 -1.2286e+00 +3.3245e+00 +2.9334e+00
895 0 +1.066143502e+00 -5.387385650e+01 -5.387385650e+01 -1.8524e+00 -1.4601e+00 -1.2167e+00 +3.4304e+00 +2.7519e+00
954 0 +1.037726773e+00 -5.390227323e+01 -5.390227323e+01 -1.8230e+00 -1.5404e+00 -1.3597e+00 +3.4230e+00 +2.7213e+00
982 0 +7.530340991e-01 -5.418696590e+01 -5.418696590e+01 -1.7895e+00 -1.5222e+00 -1.3975e+00 +3.3908e+00 +2.7273e+00
983 0 +1.859628260e-01 -5.475403717e+01 -5.475403717e+01 -1.8441e+00 -1.5027e+00 -1.3155e+00 +3.4314e+00 +2.7004e+00
1044 0 +1.856006826e-01 -5.475439932e+01 -5.475439932e+01 -1.7634e+00 -1.5144e+00 -1.3834e+00 +3.3727e+00 +2.7778e+00
1067 0 +1.256235737e-01 -5.481437643e+01 -5.481437643e+01 -1.7767e+00 -1.5222e+00 -1.3656e+00 +3.3826e+00 +2.7807e+00
1070 0 +1.233878169e-01 -5.481661218e+01 -5.481661218e+01 -1.8009e+00 -1.5141e+00 -1.3680e+00 +3.4011e+00 +2.7311e+00
1086 0 +9.066383967e-02 -5.484933616e+01 -5.484933616e+01 -1.7786e+00 -1.5225e+00 -1.3823e+00 +3.3838e+00 +2.7602e+00
1099 0 +6.118366648e-02 -5.487881633e+01 -5.487881633e+01 -1.7946e+00 -1.5210e+00 -1.3744e+00 +3.3975e+00 +2.7401e+00
1135 0 +4.795413322e-02 -5.489204587e+01 -5.489204587e+01 -1.7965e+00 -1.5156e+00 -1.3629e+00 +3.3979e+00 +2.7440e+00
1152 0 +4.387074682e-02 -5.489612925e+01 -5.489612925e+01 -1.7922e+00 -1.5185e+00 -1.3719e+00 +3.3945e+00 +2.7448e+00
1161 0 +4.018992798e-02 -5.489981007e+01 -5.489981007e+01 -1.7859e+00 -1.5054e+00 -1.3355e+00 +3.3873e+00 +2.7814e+00
1168 0 +3.953312478e-02 -5.490046688e+01 -5.490046688e+01 -1.7735e+00 -1.5060e+00 -1.3536e+00 +3.3776e+00 +2.7844e+00
1173 0 +2.399675548e-02 -5.491600324e+01 -5.491600324e+01 -1.7937e+00 -1.5175e+00 -1.3659e+00 +3.3957e+00 +2.7475e+00
1180 0 +2.290416840e-02 -5.491709583e+01 -5.491709583e+01 -1.7909e+00 -1.5102e+00 -1.3437e+00 +3.3918e+00 +2.7686e+00
1216 0 +2.134507475e-02 -5.491865493e+01 -5.491865493e+01 -1.7796e+00 -1.5173e+00 -1.3680e+00 +3.3849e+00 +2.7692e+00
1237 0 +2.088180782e-02 -5.491911819e+01 -5.491911819e+01 -1.7752e+00 -1.5099e+00 -1.3522e+00 +3.3798e+00 +2.7865e+00
1238 0 +1.439790105e-02 -5.492560210e+01 -5.492560210e+01 -1.7720e+00 -1.5086e+00 -1.3512e+00 +3.3775e+00 +2.7917e+00
% f evaluations | g evaluations | best noise-free fitness - Fopt (5.913000000000e+01) + sum g_i+ | measured fitness | best measured fitness or single-digit g-values | x1 | x2...
1 0 +2.845916884e+06 +2.845976014e+06 +2.845976014e+06 +5.9671e-01 -3.8264e-02 +7.4769e-01 +1.6230e+00 -1.3415e-01
9 0 +2.232989408e+06 +2.233048538e+06 +2.233048538e+06 +8.3847e-01 +2.7137e-01 -1.5648e-02 -2.0110e-01 -1.3785e+00
15 0 +7.068315860e+05 +7.068907160e+05 +7.068907160e+05 +4.6140e-01 +1.6380e+00 +6.4174e-02 +1.6646e+00 -2.5197e+00
30 0 +2.335537023e+05 +2.336128323e+05 +2.336128323e+05 -3.7774e-01 +1.3526e+00 -2.6946e-02 +1.1041e+00 -2.1802e+00
43 0 +1.423279518e+04 +1.429192518e+04 +1.429192518e+04 -4.1668e-01 +2.2853e+00 -1.9194e+00 +2.1936e-01 -2.9004e+00
86 0 +1.333734338e+04 +1.339647338e+04 +1.339647338e+04 -1.6733e+00 +1.1696e+00 -2.2678e+00 +2.7547e-01 -4.4045e+00
245 0 +1.217451623e+04 +1.223364623e+04 +1.223364623e+04 -8.8077e-01 +1.6711e+00 -2.1029e+00 +6.0491e-01 -3.3105e+00
284 0 +1.208979873e+04 +1.214892873e+04 +1.214892873e+04 +3.1792e+00 +2.8477e+00 -1.6404e+00 -2.3299e+00 -1.7546e+00
294 0 +1.084368025e+04 +1.090281025e+04 +1.090281025e+04 +2.0326e+00 +3.3782e+00 -4.2278e+00 +7.9798e-01 -1.0477e+00
329 0 +4.805352598e+03 +4.864482598e+03 +4.864482598e+03 +5.6077e-01 +4.0803e+00 -2.3337e+00 -9.7689e-01 -1.3908e+00
345 0 +4.669532576e+03 +4.728662576e+03 +4.728662576e+03 +1.5768e-01 +4.7316e+00 -3.8536e+00 +1.2940e+00 -1.4950e-01
348 0 +3.441496041e+03 +3.500626041e+03 +3.500626041e+03 +9.7745e-01 +4.3369e+00 -3.0489e+00 +2.3937e-01 -4.9958e-01
365 0 +3.237290009e+03 +3.296420009e+03 +3.296420009e+03 +2.9308e-01 +4.8857e+00 -4.5663e+00 +2.0117e+00 +1.4532e-01
462 0 +3.079336837e+03 +3.138466837e+03 +3.138466837e+03 +5.1055e-01 +4.3907e+00 -3.5539e+00 +7.8040e-01 -6.0211e-01
465 0 +1.557872197e+03 +1.617002197e+03 +1.617002197e+03 -2.5939e-01 +4.8747e+00 -3.2287e+00 +9.9210e-01 -2.5049e-01
529 0 +1.416349341e+03 +1.475479341e+03 +1.475479341e+03 -6.0341e-01 +4.3733e+00 -3.9707e+00 +1.8217e+00 -6.7320e-01
532 0 +4.131995148e+02 +4.723295148e+02 +4.723295148e+02 -2.1094e+00 +3.5113e+00 -3.7086e+00 +2.3425e+00 -1.8725e+00
622 0 +4.058018162e+02 +4.649318162e+02 +4.649318162e+02 -3.6554e+00 +2.7418e+00 -4.6951e+00 +4.2828e+00 -2.6449e+00
651 0 +3.837430767e+02 +4.428730767e+02 +4.428730767e+02 -2.3447e+00 +3.3495e+00 -3.7918e+00 +2.5299e+00 -2.0583e+00
688 0 +3.810524948e+02 +4.401824948e+02 +4.401824948e+02 -2.6700e+00 +2.3796e+00 -3.6998e+00 +2.6521e+00 -3.0617e+00
703 0 +1.832235004e+02 +2.423535004e+02 +2.423535004e+02 -3.9650e+00 +1.8031e+00 -4.3780e+00 +4.1432e+00 -3.6531e+00
714 0 +1.595311613e+02 +2.186611613e+02 +2.186611613e+02 -4.5482e+00 +1.6893e+00 -4.6190e+00 +4.7074e+00 -3.8199e+00
796 0 +1.087250943e+02 +1.678550943e+02 +1.678550943e+02 -4.4249e+00 +1.6356e+00 -4.2550e+00 +4.2441e+00 -3.9402e+00
842 0 +8.926257549e+01 +1.483925755e+02 +1.483925755e+02 -4.3288e+00 +1.5195e+00 -4.0381e+00 +3.9687e+00 -4.0742e+00
861 0 +7.947275565e+01 +1.386027557e+02 +1.386027557e+02 -4.2465e+00 +1.1811e+00 -3.3986e+00 +3.2754e+00 -4.5137e+00
878 0 +6.999207139e+01 +1.291220714e+02 +1.291220714e+02 -4.3967e+00 +1.1715e+00 -3.7174e+00 +3.6956e+00 -4.4829e+00
883 0 +4.873035970e+01 +1.078603597e+02 +1.078603597e+02 -4.7664e+00 +8.9509e-01 -3.5907e+00 +3.7400e+00 -4.8550e+00
884 0 +2.834869016e+01 +8.747869016e+01 +8.747869016e+01 -4.7561e+00 +8.1929e-01 -3.6082e+00 +3.7331e+00 -4.9311e+00
1010 0 +2.569546374e+01 +8.482546374e+01 +8.482546374e+01 -2.7562e+00 +2.0007e+00 -2.0099e+00 +8.5508e-01 -3.8490e+00
1016 0 +2.456712463e+01 +8.369712463e+01 +8.369712463e+01 -3.3887e+00 +1.7395e+00 -2.9586e+00 +2.2732e+00 -3.9609e+00
1057 0 +2.439184352e+01 +8.352184352e+01 +8.352184352e+01 -3.0180e+00 +1.5847e+00 -1.7773e+00 +7.9095e-01 -4.3218e+00
1076 0 +1.596249973e+01 +7.509249973e+01 +7.509249973e+01 -2.7073e+00 +1.9121e+00 -1.9723e+00 +7.9012e-01 -3.9316e+00
1077 0 +1.361116340e+01 +7.274116340e+01 +7.274116340e+01 -2.9049e+00 +1.5609e+00 -1.7680e+00 +7.1272e-01 -4.3350e+00
1082 0 +7.068143188e+00 +6.619814319e+01 +6.619814319e+01 -2.4550e+00 +2.0890e+00 -1.7221e+00 +4.0930e-01 -3.7540e+00
1118 0 +3.066756352e+00 +6.219675635e+01 +6.219675635e+01 -2.5763e+00 +1.9382e+00 -1.7813e+00 +5.4855e-01 -3.9050e+00
1153 0 +2.781018036e+00 +6.191101804e+01 +6.191101804e+01 -2.7630e+00 +1.7635e+00 -1.8585e+00 +7.2536e-01 -4.0945e+00
1157 0 +2.247396664e+00 +6.137739666e+01 +6.137739666e+01 -2.8202e+00 +1.7733e+00 -1.9489e+00 +8.5930e-01 -4.0704e+00
1173 0 +9.901347663e-01 +6.012013477e+01 +6.012013477e+01 -2.3188e+00 +2.0577e+00 -1.6118e+00 +2.1524e-01 -3.7902e+00
% f evaluations | g evaluations | best noise-free fitness - Fopt (-4.915300000000e+02) + sum g_i+ | measured fitness | best measured fitness or single-digit g-values | x1 | x2...
1 0 +1.453349878e+05 +1.448434578e+05 +1.448434578e+05 +5.9671e-01 -3.8264e-02 +7.4769e-01 +1.6230e+00 -1.3415e-01
4 0 +1.008963199e+05 +1.004047899e+05 +1.004047899e+05 -4.6229e-01 -9.1283e-01 +4.1425e-01 -8.0802e-01 -1.3123e+00
11 0 +6.754048487e+03 +6.262518487e+03 +6.262518487e+03 +4.2408e-01 -2.8508e-01 -5.7692e-01 +7.1168e-01 +1.1310e+00
64 0 +6.309528239e+03 +5.817998239e+03 +5.817998239e+03 +6.6306e-01 +1.5247e+00 +2.2319e-01 +3.0731e-01 +5.6904e-01
92 0 +6.266001764e+03 +5.774471764e+03 +5.774471764e+03 +1.7345e-01 +1.3675e+00 -2.4261e-01 -7.5222e-01 -1.0287e+00
96 0 +4.307734107e+03 +3.816204107e+03 +3.816204107e+03 +7.2931e-01 +1.6427e+00 +1.1058e-02 +5.2019e-01 +4.4218e-01
173 0 +1.472099655e+03 +9.805696548e+02 +9.805696548e+02 +6.9587e-01 +1.9144e+00 +1.4568e-01 +5.5323e-01 -4.8767e-02
230 0 +6.365668807e+02 +1.450368807e+02 +1.450368807e+02 +4.3023e-01 +1.2888e+00 -1.5184e+00 +7.9355e-02 -6.3669e-01
282 0 +5.183408977e+02 +2.681089773e+01 +2.681089773e+01 +2.0654e-01 +9.5840e-01 -1.1797e+00 -4.3019e-01 -6.7722e-01
302 0 +5.168130352e+02 +2.528303520e+01 +2.528303520e+01 +8.0600e-01 +1.5237e+00 -1.3312e+00 +1.3334e+00 -2.2165e-01
318 0 +4.341344476e+02 -5.739555239e+01 -5.739555239e+01 +5.0319e-01 +9.0466e-01 -1.2500e+00 +3.9106e-01 -7.9469e-02
343 0 +1.427358016e+02 -3.487941984e+02 -3.487941984e+02 +4.9796e-01 +1.4520e+00 -1.3905e+00 +3.2850e-01 -7.2202e-01
425 0 +7.906931898e+01 -4.124606810e+02 -4.124606810e+02 +5.2025e-01 +1.4414e+00 -1.2799e+00 +3.9867e-01 -6.0367e-01
452 0 +7.538562914e+01 -4.161443709e+02 -4.161443709e+02 +7.2264e-01 +1.3881e+00 -1.2206e+00 +1.0357e+00 -1.4995e-01
467 0 +4.694061996e+01 -4.445893800e+02 -4.445893800e+02 +8.3416e-01 +1.3492e+00 -1.2389e+00 +1.3521e+00 +1.0116e-01
487 0 +4.543644388e+01 -4.460935561e+02 -4.460935561e+02 +8.5946e-01 +1.4279e+00 -1.2147e+00 +1.3990e+00 +9.1205e-02
489 0 +1.764116553e+01 -4.738888345e+02 -4.738888345e+02 +8.3243e-01 +1.4510e+00 -1.1818e+00 +1.2884e+00 +6.1227e-02
577 0 +1.574784703e+01 -4.757821530e+02 -4.757821530e+02 +8.7014e-01 +1.3783e+00 -1.3082e+00 +1.4328e+00 +1.4057e-01
591 0 +1.368353768e+01 -4.778464623e+02 -4.778464623e+02 +8.3306e-01 +1.3688e+00 -1.2970e+00 +1.3285e+00 +8.1767e-02
652 0 +1.279194775e+01 -4.787380523e+02 -4.787380523e+02 +8.9949e-01 +1.3279e+00 -1.2581e+00 +1.5323e+00 +2.6763e-01
681 0 +1.173586463e+01 -4.797941354e+02 -4.797941354e+02 +9.1438e-01 +1.3471e+00 -1.2772e+00 +1.5694e+00 +2.7344e-01
702 0 +1.173515456e+01 -4.797948454e+02 -4.797948454e+02 +9.0522e-01 +1.3236e+00 -1.2652e+00 +1.5451e+00 +2.8393e-01
726 0 +1.116999966e+01 -4.803600003e+02 -4.803600003e+02 +8.7897e-01 +1.2497e+00 -1.3486e+00 +1.4938e+00 +2.5906e-01
727 0 +1.109557044e+01 -4.804344296e+02 -4.804344296e+02 +8.8079e-01 +1.2579e+00 -1.3581e+00 +1.4972e+00 +2.5553e-01
739 0 +1.082563465e+01 -4.807043653e+02 -4.807043653e+02 +8.7107e-01 +1.2725e+00 -1.3395e+00 +1.4686e+00 +2.2968e-01
760 0 +1.059186545e+01 -4.809381346e+02 -4.809381346e+02 +8.6718e-01 +1.2506e+00 -1.3676e+00 +1.4625e+00 +2.2991e-01
779 0 +1.016626889e+01 -4.813637311e+02 -4.813637311e+02 +8.5934e-01 +1.2212e+00 -1.3669e+00 +1.4489e+00 +2.4071e-01
780 0 +1.009679943e+01 -4.814332006e+02 -4.814332006e+02 +8.5081e-01 +1.2047e+00 -1.3929e+00 +1.4289e+00 +2.2899e-01
801 0 +9.990670558e+00 -4.815393294e+02 -4.815393294e+02 +8.3749e-01 +1.2063e+00 -1.4006e+00 +1.3943e+00 +1.9410e-01
857 0 +9.069016204e+00 -4.824609838e+02 -4.824609838e+02 +7.8353e-01 +1.0581e+00 -1.5413e+00 +1.2873e+00 +1.6175e-01
876 0 +8.812431599e+00 -4.827175684e+02 -4.827175684e+02 +7.9269e-01 +1.0676e+00 -1.5099e+00 +1.3103e+00 +1.8438e-01
879 0 +8.406349151e+00 -4.831236508e+02 -4.831236508e+02 +7.6524e-01 +9.1387e-01 -1.6531e+00 +1.2837e+00 +2.0806e-01
882 0 +8.373399467e+00 -4.831566005e+02 -4.831566005e+02 +7.7848e-01 +9.7888e-01 -1.5754e+00 +1.2978e+00 +2.0917e-01
912 0 +8.102718792e+00 -4.834272812e+02 -4.834272812e+02 +7.5708e-01 +8.5393e-01 -1.6767e+00 +1.2770e+00 +2.3499e-01
939 0 +8.010925673e+00 -4.835190743e+02 -4.835190743e+02 +7.1615e-01 +7.8661e-01 -1.7327e+00 +1.1796e+00 +1.9419e-01
978 0 +7.969647755e+00 -4.835603522e+02 -4.835603522e+02 +7.0608e-01 +8.6761e-01 -1.6903e+00 +1.1254e+00 +1.1772e-01
1003 0 +7.938178967e+00 -4.835918210e+02 -4.835918210e+02 +7.0231e-01 +7.4635e-01 -1.7867e+00 +1.1558e+00 +1.8015e-01
1005 0 +7.321095017e+00 -4.842089050e+02 -4.842089050e+02 +6.8609e-01 +7.7338e-01 -1.7631e+00 +1.0997e+00 +1.2976e-01
1052 0 +7.053290991e+00 -4.844767090e+02 -4.844767090e+02 +6.8104e-01 +7.4982e-01 -1.7856e+00 +1.0963e+00 +1.3216e-01
1056 0 +6.838399575e+00 -4.846916004e+02 -4.846916004e+02 +6.6082e-01 +7.2874e-01 -1.8056e+00 +1.0454e+00 +1.0108e-01
1094 0 +6.699216754e+00 -4.848307832e+02 -4.848307832e+02 +6.3348e-01 +6.7818e-01 -1.8656e+00 +9.8156e-01 +6.8763e-02
1098 0 +6.269115918e+00 -4.852608841e+02 -4.852608841e+02 +6.4558e-01 +5.6103e-01 -1.9296e+00 +1.0575e+00 +1.6948e-01
1099 0 +5.737688282e+00 -4.857923117e+02 -4.857923117e+02 +6.1034e-01 +5.7616e-01 -1.9211e+00 +9.4982e-01 +8.8771e-02
1102 0 +5.716196948e+00 -4.858138031e+02 -4.858138031e+02 +6.0969e-01 +4.2708e-01 -2.0323e+00 +9.9791e-01 +1.7402e-01
1106 0 +5.650501924e+00 -4.858794981e+02 -4.858794981e+02 +6.1934e-01 +5.1224e-01 -1.9822e+00 +9.9740e-01 +1.3701e-01
1107 0 +5.282733076e+00 -4.862472669e+02 -4.862472669e+02 +5.7468e-01 +2.8109e-01 -2.1529e+00 +9.4682e-01 +1.8376e-01
1109 0 +4.594025732e+00 -4.869359743e+02 -4.869359743e+02 +5.5643e-01 +3.9920e-01 -2.0832e+00 +8.5892e-01 +7.3259e-02
1111 0 +2.534957588e+00 -4.889950424e+02 -4.889950424e+02 +4.9096e-01 +2.0037e-01 -2.2456e+00 +7.3220e-01 +5.2730e-02
1126 0 +1.898796342e+00 -4.896312037e+02 -4.896312037e+02 +3.4234e-01 -7.4753e-02 -2.5135e+00 +3.9693e-01 -1.0860e-01
1134 0 +1.794002223e+00 -4.897359978e+02 -4.897359978e+02 +3.1289e-01 -1.7417e-01 -2.6044e+00 +3.5038e-01 -1.1512e-01
1189 0 +1.584183008e+00 -4.899458170e+02 -4.899458170e+02 +7.2392e-02 -8.4116e-01 -3.1733e+00 -1.2515e-01 -2.3672e-01
1199 0 +1.399469033e+00 -4.901305310e+02 -4.901305310e+02 +1.8467e-01 -4.3439e-01 -2.8400e+00 +7.1907e-02 -2.3848e-01
1216 0 +1.267028409e+00 -4.902629716e+02 -4.902629716e+02 +1.8260e-01 -5.4971e-01 -2.9281e+00 +1.0048e-01 -1.8016e-01
1230 0 +8.283231390e-01 -4.907016769e+02 -4.907016769e+02 -8.4074e-02 -1.1122e+00 -3.4062e+00 -4.8010e-01 -4.0233e-01
% f evaluations | g evaluations | best noise-free fitness - Fopt (-1.702000000000e+02) + sum g_i+ | measured fitness | best measured fitness or single-digit g-values | x1 | x2...
1 0 +1.057601993e+07 +1.057584973e+07 +1.057584973e+07 +5.9671e-01 -3.8264e-02 +7.4769e-01 +1.6230e+00 -1.3415e-01
11 0 +7.334823365e+06 +7.334653165e+06 +7.334653165e+06 +4.2408e-01 -2.8508e-01 -5.7692e-01 +7.1168e-01 +1.1310e+00
23 0 +6.822071283e+06 +6.821901083e+06 +6.821901083e+06 -1.8188e+00 +7.3486e-02 +1.6023e-01 +2.5632e+00 -9.2361e-02
24 0 +5.050130776e+06 +5.049960576e+06 +5.049960576e+06 +4.0155e-01 +6.5288e-02 -1.0687e+00 +1.2428e+00 +8.5193e-01
27 0 +3.686235874e+06 +3.686065674e+06 +3.686065674e+06 -1.7595e+00 -6.8411e-01 +2.8651e-01 +1.9104e+00 +3.2459e+00
28 0 +1.012321909e+06 +1.012151709e+06 +1.012151709e+06 -1.4436e+00 -1.5590e+00 -2.2384e+00 +3.6082e+00 -6.5907e-01
29 0 +8.557033939e+05 +8.555331939e+05 +8.555331939e+05 -1.5367e+00 +1.2830e-01 -9.5669e-01 +3.2166e+00 +1.4676e+00
30 0 +3.439946966e+05 +3.438244966e+05 +3.438244966e+05 -1.4565e-01 +1.0924e+00 -1.5717e+00 +3.4043e+00 +8.7729e-01
61 0 +3.091159021e+05 +3.089457021e+05 +3.089457021e+05 -7.1528e-02 +1.0629e+00 -2.1059e+00 +3.1449e+00 +9.4598e-01
65 0 +2.551919576e+05 +2.550217576e+05 +2.550217576e+05 -1.6752e+00 +1.7210e+00 -2.9810e+00 +3.4079e+00 -7.9201e-02
67 0 +1.356154312e+05 +1.354452312e+05 +1.354452312e+05 -2.8696e+00 -1.3840e+00 -2.7435e+00 +4.0034e+00 +2.5533e-01
91 0 +9.960127455e+04 +9.943107455e+04 +9.943107455e+04 -1.0858e+00 +7.6844e-01 -8.1268e-01 +4.6585e+00 +4.5970e-01
104 0 +7.040250813e+04 +7.023230813e+04 +7.023230813e+04 -4.2306e+00 -2.4957e+00 -3.3985e+00 +2.8598e+00 +3.0518e+00
128 0 +1.199696339e+04 +1.182676339e+04 +1.182676339e+04 -3.8407e+00 -4.4841e-01 -2.3045e+00 +2.6210e+00 +4.1930e+00
177 0 +8.019829154e+03 +7.849629154e+03 +7.849629154e+03 -4.7067e-01 -1.4151e-01 +2.5116e-02 +4.8053e+00 +1.8768e+00
243 0 +5.251612277e+03 +5.081412277e+03 +5.081412277e+03 -1.8356e+00 +1.5722e+00 -4.2860e-01 +3.9716e+00 +3.0157e+00
299 0 +3.879617048e+03 +3.709417048e+03 +3.709417048e+03 -3.0368e+00 +1.1810e+00 -1.4174e+00 +3.9745e+00 +2.2854e+00
443 0 +3.829259867e+03 +3.659059867e+03 +3.659059867e+03 -2.8314e+00 +1.0484e+00 -1.1652e+00 +3.8070e+00 +2.8649e+00
465 0 +3.601706988e+03 +3.431506988e+03 +3.431506988e+03 -2.7099e+00 +1.0982e+00 -1.1836e+00 +3.8218e+00 +2.7339e+00
479 0 +3.554073778e+03 +3.383873778e+03 +3.383873778e+03 -2.5518e+00 +1.0789e+00 -1.0354e+00 +3.8390e+00 +2.7964e+00
498 0 +2.517141766e+03 +2.346941766e+03 +2.346941766e+03 -2.1015e+00 +6.8693e-01 -6.3497e-01 +3.7922e+00 +3.2431e+00
529 0 +1.566813996e+03 +1.396613996e+03 +1.396613996e+03 -1.6845e+00 +3.4193e-01 -3.7848e-01 +4.0134e+00 +3.1018e+00
551 0 +1.131232022e+03 +9.610320218e+02 +9.610320218e+02 -1.7096e+00 +2.7020e-01 -2.9379e-01 +3.8953e+00 +3.3971e+00
563 0 +8.876222663e+02 +7.174222663e+02 +7.174222663e+02 -1.7578e+00 +1.6546e-01 -4.2217e-01 +4.1765e+00 +2.8323e+00
598 0 +8.713898780e+02 +7.011898780e+02 +7.011898780e+02 -2.0352e+00 +1.4414e-01 -5.2741e-01 +4.0429e+00 +3.0555e+00
601 0 +6.879335869e+02 +5.177335869e+02 +5.177335869e+02 -1.7126e+00 +5.0429e-02 -3.5232e-01 +4.1118e+00 +2.9771e+00
682 0 +5.480963499e+02 +3.778963499e+02 +3.778963499e+02 -1.6323e+00 -1.4297e-01 -2.7489e-01 +4.1051e+00 +3.1229e+00
704 0 +4.890740246e+02 +3.188740246e+02 +3.188740246e+02 -1.8716e+00 +8.2662e-02 -4.5559e-01 +4.2668e+00 +2.6735e+00
707 0 +3.411063424e+02 +1.709063424e+02 +1.709063424e+02 -1.7621e+00 -5.2473e-01 -2.6375e-01 +4.2936e+00 +2.8662e+00
739 0 +2.773081769e+02 +1.071081769e+02 +1.071081769e+02 -1.9118e+00 -2.8501e-01 -4.7893e-01 +4.1688e+00 +2.8633e+00
743 0 +8.563606413e+01 -8.456393587e+01 -8.456393587e+01 -1.9591e+00 -5.5075e-01 -4.1513e-01 +4.2072e+00 +2.9576e+00
809 0 +3.816345160e+01 -1.320365484e+02 -1.320365484e+02 -2.0416e+00 -7.2462e-01 -5.4908e-01 +4.4257e+00 +2.4778e+00
833 0 +2.335892553e+01 -1.468410745e+02 -1.468410745e+02 -1.7579e+00 -6.4867e-01 -3.9065e-01 +4.5766e+00 +2.2919e+00
835 0 +1.766702561e+01 -1.525329744e+02 -1.525329744e+02 -2.0119e+00 -6.3321e-01 -4.9569e-01 +4.2758e+00 +2.7603e+00
852 0 +8.324826220e+00 -1.618751738e+02 -1.618751738e+02 -1.9295e+00 -6.4839e-01 -4.6508e-01 +4.3668e+00 +2.6155e+00
1043 0 +8.026610231e+00 -1.621733898e+02 -1.621733898e+02 -1.9659e+00 -6.0126e-01 -5.5142e-01 +4.5349e+00 +2.2325e+00
1061 0 +7.009125666e+00 -1.631908743e+02 -1.631908743e+02 -1.9306e+00 -6.2287e-01 -5.3394e-01 +4.5863e+00 +2.1568e+00
1087 0 +6.880976676e+00 -1.633190233e+02 -1.633190233e+02 -1.9778e+00 -6.3616e-01 -5.5966e-01 +4.5480e+00 +2.2115e+00
1094 0 +6.157395313e+00 -1.640426047e+02 -1.640426047e+02 -1.9005e+00 -6.5097e-01 -4.9000e-01 +4.5204e+00 +2.3133e+00
1102 0 +5.954218038e+00 -1.642457820e+02 -1.642457820e+02 -1.9089e+00 -6.5330e-01 -4.9001e-01 +4.5002e+00 +2.3518e+00
1205 0 +5.830419361e+00 -1.643695806e+02 -1.643695806e+02 -1.9438e+00 -6.5458e-01 -5.0831e-01 +4.4822e+00 +2.3739e+00
1206 0 +5.464870860e+00 -1.647351291e+02 -1.647351291e+02 -1.9935e+00 -6.4364e-01 -5.6199e-01 +4.4990e+00 +2.2972e+00
% f evaluations | g evaluations | best noise-free fitness - Fopt (-4.697500000000e+02) + sum g_i+ | measured fitness | best measured fitness or single-digit g-values | x1 | x2...
1 0 +5.666156262e+06 +5.665686512e+06 +5.665686512e+06 +5.9671e-01 -3.8264e-02 +7.4769e-01 +1.6230e+00 -1.3415e-01
14 0 +4.160546314e+06 +4.160076564e+06 +4.160076564e+06 +1.4562e+00 +2.7990e-02 +1.1035e+00 +4.6164e-01 -5.4512e-01
25 0 +3.919900622e+06 +3.919430872e+06 +3.919430872e+06 +8.9103e-01 -8.0939e-01 +1.5028e+00 -1.3019e+00 +6.8686e-01
26 0 +1.451868320e+04 +1.404893320e+04 +1.404893320e+04 +1.8869e+00 -1.9392e+00 +2.7240e+00 +9.0141e-01 -6.8713e-01
34 0 +1.140672992e+04 +1.093697992e+04 +1.093697992e+04 +1.1982e+00 -4.2566e-01 +3.6063e+00 +2.9233e-01 +1.0155e+00
144 0 +7.600655783e+03 +7.130905783e+03 +7.130905783e+03 +1.0136e+00 -2.7890e+00 +3.2535e+00 +1.1622e+00 -1.0280e+00
192 0 +2.498970399e+03 +2.029220399e+03 +2.029220399e+03 +9.7005e-01 -3.7088e+00 +3.4876e+00 +1.4607e+00 -2.7332e+00
206 0 +2.362958670e+03 +1.893208670e+03 +1.893208670e+03 +1.1010e+00 -2.6554e+00 +3.1800e+00 +1.0456e-01 +1.5417e-01
325 0 +1.320122805e+03 +8.503728047e+02 +8.503728047e+02 +1.7579e+00 -3.4325e+00 +3.0657e+00 +8.1427e-01 -2.7008e+00
533 0 +1.032861827e+03 +5.631118266e+02 +5.631118266e+02 +5.2998e-01 -3.0001e+00 +3.5694e+00 +2.2491e-01 +4.6520e-02
551 0 +4.713566800e+02 +1.606680003e+00 +1.606680003e+00 +5.1073e-01 -3.2971e+00 +3.6021e+00 +6.1209e-01 -6.1734e-01
559 0 +4.381404286e+02 -3.160957141e+01 -3.160957141e+01 +3.7869e-02 -3.0633e+00 +3.8019e+00 +6.9611e-01 +1.8250e-01
572 0 +3.047960023e+02 -1.649539977e+02 -1.649539977e+02 +3.1113e-01 -1.9696e+00 +3.9436e+00 +9.4783e-01 +3.0187e-01
589 0 +1.499608827e+02 -3.197891173e+02 -3.197891173e+02 +2.0879e-01 -3.3560e+00 +3.8330e+00 +7.2046e-01 -6.7352e-01
611 0 +1.180141343e+02 -3.517358657e+02 -3.517358657e+02 -5.9764e-01 -2.6823e+00 +4.2880e+00 +1.0079e+00 +7.9270e-01
651 0 +2.670657952e+01 -4.430434205e+02 -4.430434205e+02 -3.6021e-01 -2.8941e+00 +4.1196e+00 +8.8890e-01 +4.5394e-01
761 0 +3.345592041e+00 -4.664044080e+02 -4.664044080e+02 -2.0940e-01 -2.6040e+00 +4.1021e+00 +9.5457e-01 +3.9432e-01
829 0 +1.850425632e+00 -4.678995744e+02 -4.678995744e+02 -2.4520e-01 -2.7782e+00 +4.0911e+00 +9.2790e-01 +3.2066e-01
924 0 +6.381669654e-01 -4.691118330e+02 -4.691118330e+02 -9.0930e-02 -2.6679e+00 +4.0401e+00 +9.6665e-01 +1.6355e-01
945 0 +3.334130009e-01 -4.694165870e+02 -4.694165870e+02 -9.1246e-02 -2.8374e+00 +4.0144e+00 +9.2270e-01 +6.1859e-02
985 0 +2.796023091e-01 -4.694703977e+02 -4.694703977e+02 -1.1116e-01 -2.7559e+00 +4.0340e+00 +9.3480e-01 +1.5073e-01
1034 0 +1.819887986e-01 -4.695680112e+02 -4.695680112e+02 -1.1450e-01 -2.7861e+00 +4.0338e+00 +9.3487e-01 +1.2246e-01
1058 0 +1.746164152e-01 -4.695753836e+02 -4.695753836e+02 -7.4112e-02 -2.7757e+00 +4.0176e+00 +9.3779e-01 +7.1982e-02
1078 0 +1.501451502e-01 -4.695998548e+02 -4.695998548e+02 -7.6526e-02 -2.7961e+00 +4.0163e+00 +9.3758e-01 +5.6567e-02
1101 0 +1.302521303e-01 -4.696197479e+02 -4.696197479e+02 -7.8688e-02 -2.8061e+00 +4.0154e+00 +9.3162e-01 +5.7684e-02
1138 0 +1.224546064e-01 -4.696275454e+02 -4.696275454e+02 -7.3632e-02 -2.8155e+00 +4.0125e+00 +9.3299e-01 +3.9183e-02
1178 0 +1.219273147e-01 -4.696280727e+02 -4.696280727e+02 -8.0767e-02 -2.8052e+00 +4.0165e+00 +9.3283e-01 +5.9798e-02
1179 0 +1.172153393e-01 -4.696327847e+02 -4.696327847e+02 -7.4132e-02 -2.8102e+00 +4.0134e+00 +9.3356e-01 +4.4090e-02
1185 0 +1.040171364e-01 -4.696459829e+02 -4.696459829e+02 -6.2716e-02 -2.8254e+00 +4.0056e+00 +9.2866e-01 +2.1294e-02
1186 0 +9.929824273e-02 -4.696507018e+02 -4.696507018e+02 -6.3678e-02 -2.8319e+00 +4.0061e+00 +9.2975e-01 +1.2823e-02
1203 0 +9.443123213e-02 -4.696555688e+02 -4.696555688e+02 -5.9573e-02 -2.8282e+00 +4.0044e+00 +9.2944e-01 +1.1665e-02
1228 0 +9.215866806e-02 -4.696578413e+02 -4.696578413e+02 -6.3058e-02 -2.8258e+00 +4.0065e+00 +9.2994e-01 +1.7890e-02
1233 0 +8.916817120e-02 -4.696608318e+02 -4.696608318e+02 -5.5106e-02 -2.8327e+00 +4.0026e+00 +9.3049e-01 -1.4757e-03
1235 0 +8.568230412e-02 -4.696643177e+02 -4.696643177e+02 -5.1170e-02 -2.8302e+00 +4.0005e+00 +9.3022e-01 -2.5613e-03
1236 0 +8.002072007e-02 -4.696699793e+02 -4.696699793e+02 -4.3820e-02 -2.8348e+00 +3.9965e+00 +9.2820e-01 -1.4688e-02
% f evaluations | g evaluations | best noise-free fitness - Fopt (-5.191000000000e+01) + sum g_i+ | measured fitness | best measured fitness or single-digit g-values | x1 | x2...
1 0 +2.189234218e+06 +2.189182308e+06 +2.189182308e+06 +5.9671e-01 -3.8264e-02 +7.4769e-01 +1.6230e+00 -1.3415e-01
3 0 +1.958563159e+06 +1.958511249e+06 +1.958511249e+06 -3.6342e-01 -3.6573e-01 +3.4196e-01 -1.8133e+00 -1.6249e+00
5 0 +1.418680902e+06 +1.418628992e+06 +1.418628992e+06 +1.5656e+00 -1.2578e-01 +1.6753e-01 -1.3247e+00 -4.4438e-01
8 0 +5.397702762e+04 +5.392511762e+04 +5.392511762e+04 -1.1208e+00 +3.0886e-01 -1.8597e+00 -1.2282e+00 +2.9686e-01
28 0 +2.443360569e+04 +2.438169569e+04 +2.438169569e+04 +9.4916e-01 +1.3280e+00 -5.1409e-01 +2.1456e-01 -2.0663e+00
34 0 +9.722821196e+03 +9.670911196e+03 +9.670911196e+03 +3.1277e-01 +4.1279e-01 -1.5032e+00 -1.6561e+00 -3.0490e-01
40 0 +8.567030133e+03 +8.515120133e+03 +8.515120133e+03 +4.5588e-01 +5.4536e-01 -8.3609e-01 -3.5638e-02 -1.5940e+00
57 0 +5.920386770e+03 +5.868476770e+03 +5.868476770e+03 -4.9119e-01 +1.2512e+00 -1.4074e+00 -1.7585e-01 -6.6729e-01
69 0 +5.757600497e+03 +5.705690497e+03 +5.705690497e+03 -3.8558e-01 +1.4844e+00 -1.3848e+00 -9.9048e-01 -1.3435e+00
87 0 +4.183403530e+03 +4.131493530e+03 +4.131493530e+03 +5.0580e-01 +1.4218e+00 -1.5822e+00 -6.4702e-01 +3.8524e-01
203 0 +1.150976505e+03 +1.099066505e+03 +1.099066505e+03 +1.2563e-01 +1.3020e+00 -1.4790e+00 -4.9743e-01 -2.0779e-01
234 0 +5.845939193e+02 +5.326839193e+02 +5.326839193e+02 +3.2413e-01 +1.4423e+00 -1.2750e+00 +8.7433e-02 -5.3946e-01
351 0 +3.602581525e+02 +3.083481525e+02 +3.083481525e+02 -9.2923e-02 +1.4897e+00 -1.4186e+00 -1.2509e-01 -3.6423e-01
366 0 +3.479284763e+02 +2.960184763e+02 +2.960184763e+02 +4.1426e-02 +1.3953e+00 -1.3030e+00 -1.8954e-01 -6.7869e-01
387 0 +3.321633247e+02 +2.802533247e+02 +2.802533247e+02 -1.2294e-02 +1.4867e+00 -1.3529e+00 -1.6087e-01 -5.5497e-01
407 0 +2.368491514e+02 +1.849391514e+02 +1.849391514e+02 -3.2888e-02 +1.5227e+00 -1.3911e+00 -4.7502e-02 -4.2650e-01
461 0 +1.710221509e+02 +1.191121509e+02 +1.191121509e+02 -1.2090e-01 +1.6683e+00 -1.4210e+00 +1.2145e-01 -3.7496e-01
609 0 +1.706613237e+02 +1.187513237e+02 +1.187513237e+02 -1.0985e-01 +1.6385e+00 -1.4724e+00 -1.9753e-02 -2.4230e-01
626 0 +1.681460403e+02 +1.162360403e+02 +1.162360403e+02 -2.1343e-01 +1.7220e+00 -1.4738e+00 +3.1905e-02 -3.2386e-01
629 0 +1.667938689e+02 +1.148838689e+02 +1.148838689e+02 -1.5107e-01 +1.6560e+00 -1.4717e+00 +3.8633e-02 -2.5267e-01
639 0 +1.660619604e+02 +1.141519604e+02 +1.141519604e+02 -1.7621e-01 +1.6548e+00 -1.5212e+00 -1.0117e-01 -1.5613e-01
651 0 +1.653209140e+02 +1.134109140e+02 +1.134109140e+02 -1.2687e-01 +1.6633e+00 -1.4796e+00 +1.1086e-02 -2.3884e-01
657 0 +1.451327664e+02 +9.322276636e+01 +9.322276636e+01 -1.7452e-01 +1.7036e+00 -1.5081e+00 +4.9976e-02 -1.6294e-01
685 0 +1.401699792e+02 +8.825997922e+01 +8.825997922e+01 -1.6303e-01 +1.7104e+00 -1.5220e+00 +6.5347e-02 -1.0736e-01
699 0 +1.388484388e+02 +8.693843881e+01 +8.693843881e+01 -3.3045e-01 +1.7188e+00 -1.6027e+00 -1.4045e-01 -4.3579e-02
702 0 +1.258034093e+02 +7.389340926e+01 +7.389340926e+01 -3.8747e-01 +1.7847e+00 -1.6519e+00 -1.0631e-01 +8.2992e-02
703 0 +1.137980017e+02 +6.188800173e+01 +6.188800173e+01 -3.4532e-01 +1.7325e+00 -1.6727e+00 -1.9713e-01 +1.5837e-01
715 0 +9.836147605e+01 +4.645147605e+01 +4.645147605e+01 -3.1057e-01 +1.8320e+00 -1.7109e+00 -2.1876e-02 +3.4034e-01
728 0 +6.878360344e+01 +1.687360344e+01 +1.687360344e+01 -2.1506e-01 +1.8138e+00 -1.7858e+00 -3.2387e-02 +6.7038e-01
755 0 +5.349453552e+01 +1.584535520e+00 +1.584535520e+00 -2.4979e-01 +1.9568e+00 -1.8847e+00 +2.2590e-01 +1.0178e+00
759 0 +5.077435979e+01 -1.135640211e+00 -1.135640211e+00 -4.4177e-01 +1.9940e+00 -2.0516e+00 -1.0672e-01 +1.2872e+00
766 0 +3.473670080e+01 -1.717329920e+01 -1.717329920e+01 -4.6979e-01 +1.9556e+00 -2.0241e+00 -2.0370e-01 +1.1611e+00
798 0 +3.039749484e+01 -2.151250516e+01 -2.151250516e+01 -2.2913e-01 +1.9662e+00 -1.9134e+00 +1.7546e-01 +1.1119e+00
829 0 +2.138165455e+01 -3.052834545e+01 -3.052834545e+01 -3.5468e-01 +1.9529e+00 -2.0464e+00 -5.6712e-02 +1.3839e+00
865 0 +1.823749196e+01 -3.367250804e+01 -3.367250804e+01 -3.3264e-01 +2.0318e+00 -2.1399e+00 +1.0997e-02 +1.7134e+00
942 0 +1.781882819e+01 -3.409117181e+01 -3.409117181e+01 -4.4907e-01 +2.0161e+00 -2.1999e+00 -1.6510e-01 +1.7652e+00
968 0 +1.763165418e+01 -3.427834582e+01 -3.427834582e+01 -4.9340e-01 +2.0002e+00 -2.1951e+00 -2.5314e-01 +1.6904e+00
998 0 +1.756579972e+01 -3.434420028e+01 -3.434420028e+01 -3.9351e-01 +1.9860e+00 -2.1318e+00 -1.2627e-01 +1.6055e+00
999 0 +1.732657003e+01 -3.458342997e+01 -3.458342997e+01 -4.3684e-01 +1.9915e+00 -2.1605e+00 -1.7434e-01 +1.6462e+00
1003 0 +1.720081217e+01 -3.470918783e+01 -3.470918783e+01 -4.0767e-01 +1.9925e+00 -2.1252e+00 -1.0714e-01 +1.5766e+00
1005 0 +1.633987100e+01 -3.557012900e+01 -3.557012900e+01 -3.8724e-01 +2.0346e+00 -2.1676e+00 -4.6185e-02 +1.7434e+00
1007 0 +1.606900828e+01 -3.584099172e+01 -3.584099172e+01 -3.5995e-01 +2.0036e+00 -2.1313e+00 -3.9644e-02 +1.6527e+00
1068 0 +1.559005288e+01 -3.631994712e+01 -3.631994712e+01 -3.4222e-01 +1.9966e+00 -2.1128e+00 -2.4309e-02 +1.6108e+00
1078 0 +1.554285472e+01 -3.636714528e+01 -3.636714528e+01 -3.4634e-01 +2.0077e+00 -2.1106e+00 -6.7609e-03 +1.6047e+00
1087 0 +1.541356416e+01 -3.649643584e+01 -3.649643584e+01 -2.9274e-01 +1.9917e+00 -2.0891e+00 +2.9388e-02 +1.5879e+00
1090 0 +1.532717331e+01 -3.658282669e+01 -3.658282669e+01 -3.3521e-01 +2.0132e+00 -2.1281e+00 -2.9401e-03 +1.6715e+00
1104 0 +1.519651896e+01 -3.671348104e+01 -3.671348104e+01 -2.8821e-01 +2.0344e+00 -2.1114e+00 +9.4128e-02 +1.6759e+00
1106 0 +1.279195641e+01 -3.911804359e+01 -3.911804359e+01 -1.7927e-01 +2.0248e+00 -2.0890e+00 +2.2373e-01 +1.7321e+00
1134 0 +1.121545976e+01 -4.069454024e+01 -4.069454024e+01 +1.1065e-02 +2.0600e+00 -2.0514e+00 +5.0811e-01 +1.8366e+00
1138 0 +1.094122585e+01 -4.096877415e+01 -4.096877415e+01 +3.9340e-02 +2.0730e+00 -2.0516e+00 +5.7745e-01 +1.8832e+00
1171 0 +1.073373735e+01 -4.117626265e+01 -4.117626265e+01 +9.5699e-02 +2.0578e+00 -1.9999e+00 +6.3708e-01 +1.7748e+00
1172 0 +1.008100504e+01 -4.182899496e+01 -4.182899496e+01 +1.3814e-01 +2.1236e+00 -2.0586e+00 +7.7314e-01 +2.0273e+00
1175 0 +9.603592235e+00 -4.230640777e+01 -4.230640777e+01 +1.3085e-01 +2.1095e+00 -2.0421e+00 +7.4742e-01 +1.9633e+00
1239 0 +8.149281226e+00 -4.376071877e+01 -4.376071877e+01 +2.6940e-01 +2.0993e+00 -1.9807e+00 +9.2692e-01 +1.9279e+00
% f evaluations | g evaluations | best noise-free fitness - Fopt (4.808000000000e+01) + sum g_i+ | measured fitness | best measured fitness or single-digit g-values | x1 | x2...
1 0 +7.655939359e+06 +7.655987439e+06 +7.655987439e+06 +5.9671e-01 -3.8264e-02 +7.4769e-01 +1.6230e+00 -1.3415e-01
2 0 +5.817326131e+06 +5.817374211e+06 +5.817374211e+06 -1.3414e-01 +1.6792e+00 +8.6743e-01 -3.6947e-01 +6.4256e-01
3 0 +2.471456532e+06 +2.471504612e+06 +2.471504612e+06 -3.6342e-01 -3.6573e-01 +3.4196e-01 -1.8133e+00 -1.6249e+00
7 0 +2.056560075e+06 +2.056608155e+06 +2.056608155e+06 -5.0171e-01 +1.9523e+00 +8.6503e-02 -9.5771e-01 +9.2254e-01
8 0 +2.680933670e+05 +2.681414470e+05 +2.681414470e+05 -1.1208e+00 +3.0886e-01 -1.8597e+00 -1.2282e+00 +2.9686e-01
28 0 +2.523813472e+05 +2.524294272e+05 +2.524294272e+05 -1.3119e+00 +2.8741e-01 -1.7613e+00 -3.9277e-01 +9.3545e-01
29 0 +2.046273065e+05 +2.046753865e+05 +2.046753865e+05 -7.9133e-01 -1.4234e+00 -1.8836e+00 -7.6187e-01 +3.0771e-02
34 0 +1.727632144e+05 +1.728112944e+05 +1.728112944e+05 -4.1532e-01 -1.5767e-01 -2.2623e+00 -5.9390e-01 +3.6973e-01
50 0 +1.134026077e+05 +1.134506877e+05 +1.134506877e+05 +9.3815e-01 +1.3512e+00 -3.0898e+00 -2.0318e+00 +1.7476e+00
51 0 +5.695303240e+04 +5.700111240e+04 +5.700111240e+04 +5.9563e-02 +6.2162e-01 -2.3806e+00 -4.3856e-01 +3.6831e-01
52 0 +2.373791055e+04 +2.378599055e+04 +2.378599055e+04 -7.3967e-02 -1.6037e-01 -2.0242e+00 -6.2253e-01 +1.4180e+00
76 0 +2.195755781e+04 +2.200563781e+04 +2.200563781e+04 +4.2560e-01 -7.2017e-01 -2.6035e+00 -7.2144e-01 +2.7110e+00
93 0 +1.073669600e+04 +1.078477600e+04 +1.078477600e+04 -7.5122e-01 -2.2211e+00 -1.7745e+00 -1.6024e+00 +3.3715e+00
127 0 +7.226737646e+03 +7.274817646e+03 +7.274817646e+03 -1.1454e-01 -5.2874e-01 -2.1554e+00 -7.3179e-01 +1.7385e+00
151 0 +6.254353255e+03 +6.302433255e+03 +6.302433255e+03 +7.1659e-01 -9.2318e-01 -2.8521e+00 -7.5412e-01 +1.4543e+00
225 0 +2.719847472e+03 +2.767927472e+03 +2.767927472e+03 -4.4451e-01 -1.6103e+00 -2.0037e+00 -1.5382e+00 +2.4300e+00
335 0 +2.548594148e+03 +2.596674148e+03 +2.596674148e+03 -5.7052e-01 -1.7338e+00 -1.9183e+00 -1.7510e+00 +2.3535e+00
356 0 +1.458736961e+03 +1.506816961e+03 +1.506816961e+03 -1.4949e-01 -2.1062e+00 -2.2505e+00 -1.0334e+00 +2.7997e+00
386 0 +6.277041356e+02 +6.757841356e+02 +6.757841356e+02 +5.0927e-01 -2.5752e+00 -2.8263e+00 -6.7628e-01 +2.9127e+00
401 0 +4.367349519e+02 +4.848149519e+02 +4.848149519e+02 +8.9039e-02 -2.8094e+00 -2.5203e+00 -3.9550e-01 +3.1832e+00
462 0 +2.094395017e+02 +2.575195017e+02 +2.575195017e+02 +9.9218e-01 -2.8471e+00 -3.1492e+00 -1.3602e+00 +2.3984e+00
576 0 +1.964629809e+02 +2.445429809e+02 +2.445429809e+02 +1.0679e+00 -2.6195e+00 -3.2002e+00 -9.1567e-01 +2.4613e+00
627 0 +1.936264187e+02 +2.417064187e+02 +2.417064187e+02 +7.2202e-01 -2.6285e+00 -2.9438e+00 -1.0185e+00 +2.5438e+00
630 0 +1.681610465e+02 +2.162410465e+02 +2.162410465e+02 +6.9604e-01 -2.6130e+00 -2.9245e+00 -1.0207e+00 +2.5854e+00
674 0 +1.657851277e+02 +2.138651277e+02 +2.138651277e+02 +8.6896e-01 -2.6703e+00 -3.0430e+00 -1.1671e+00 +2.4682e+00
687 0 +1.628844075e+02 +2.109644075e+02 +2.109644075e+02 +6.2301e-01 -2.6835e+00 -2.8725e+00 -1.1084e+00 +2.6375e+00
695 0 +1.609952346e+02 +2.090752346e+02 +2.090752346e+02 +8.5735e-01 -2.6978e+00 -3.0436e+00 -1.2048e+00 +2.4950e+00
700 0 +1.565183498e+02 +2.045983498e+02 +2.045983498e+02 +6.8574e-01 -2.6883e+00 -2.9193e+00 -1.1595e+00 +2.5798e+00
701 0 +1.455368588e+02 +1.936168588e+02 +1.936168588e+02 +9.0023e-01 -2.6699e+00 -3.0641e+00 -1.2599e+00 +2.4138e+00
751 0 +1.453114673e+02 +1.933914673e+02 +1.933914673e+02 +9.4715e-01 -2.6466e+00 -3.0992e+00 -1.2479e+00 +2.3861e+00
755 0 +1.191059270e+02 +1.671859270e+02 +1.671859270e+02 +1.0812e+00 -2.7247e+00 -3.1904e+00 -1.5151e+00 +2.2345e+00
777 0 +3.064359263e+01 +7.872359263e+01 +7.872359263e+01 +8.4352e-01 -3.1042e+00 -2.9922e+00 -2.5849e+00 +2.0624e+00
867 0 +2.299119763e+01 +7.107119763e+01 +7.107119763e+01 +9.1841e-01 -3.2673e+00 -3.0328e+00 -3.2585e+00 +1.8338e+00
959 0 +1.782482405e+01 +6.590482405e+01 +6.590482405e+01 +1.0812e+00 -3.2540e+00 -3.1561e+00 -3.1766e+00 +1.7765e+00
992 0 +1.133984476e+01 +5.941984476e+01 +5.941984476e+01 +1.2247e+00 -3.1710e+00 -3.2720e+00 -2.7182e+00 +1.8766e+00
1007 0 +1.116687893e+01 +5.924687893e+01 +5.924687893e+01 +1.4130e+00 -3.3025e+00 -3.4031e+00 -3.1753e+00 +1.6670e+00
1041 0 +1.114391955e+01 +5.922391955e+01 +5.922391955e+01 +1.7865e+00 -3.1102e+00 -3.6673e+00 -2.9774e+00 +1.4713e+00
1052 0 +1.005752162e+01 +5.813752162e+01 +5.813752162e+01 +1.5342e+00 -3.1511e+00 -3.4891e+00 -2.8780e+00 +1.6543e+00
1058 0 +4.269384827e+00 +5.234938483e+01 +5.234938483e+01 +1.1945e+00 -3.3389e+00 -3.2335e+00 -3.3296e+00 +1.6988e+00
1081 0 +1.128325851e+00 +4.920832585e+01 +4.920832585e+01 +1.3040e+00 -3.3918e+00 -3.3171e+00 -3.3797e+00 +1.6640e+00
1132 0 +9.824271341e-01 +4.906242713e+01 +4.906242713e+01 +1.4721e+00 -3.2857e+00 -3.4370e+00 -3.2673e+00 +1.5784e+00
1199 0 +8.172009348e-01 +4.889720093e+01 +4.889720093e+01 +1.2092e+00 -3.3135e+00 -3.2498e+00 -3.2128e+00 +1.7368e+00
1203 0 +6.729964095e-01 +4.875299641e+01 +4.875299641e+01 +1.3043e+00 -3.3584e+00 -3.3153e+00 -3.3717e+00 +1.6477e+00
1208 0 +4.009338004e-01 +4.848093380e+01 +4.848093380e+01 +1.4259e+00 -3.3183e+00 -3.4039e+00 -3.3049e+00 +1.5983e+00
1238 0 +3.859213207e-01 +4.846592132e+01 +4.846592132e+01 +1.3273e+00 -3.3515e+00 -3.3321e+00 -3.3511e+00 +1.6414e+00
% f evaluations | g evaluations | best noise-free fitness - Fopt (3.058000000000e+01) + sum g_i+ | measured fitness | best measured fitness or single-digit g-values | x1 | x2...
1 0 +5.129698096e+06 +5.129728676e+06 +5.129728676e+06 +5.9671e-01 -3.8264e-02 +7.4769e-01 +1.6230e+00 -1.3415e-01
3 0 +3.849577660e+06 +3.849608240e+06 +3.849608240e+06 -3.6342e-01 -3.6573e-01 +3.4196e-01 -1.8133e+00 -1.6249e+00
4 0 +2.425531194e+06 +2.425561774e+06 +2.425561774e+06 -4.6229e-01 -9.1283e-01 +4.1425e-01 -8.0802e-01 -1.3123e+00
6 0 +2.328608918e+06 +2.328639498e+06 +2.328639498e+06 +2.1092e-01 -1.0510e+00 +4.7570e-01 -5.0064e-01 -1.9169e-01
25 0 +1.523876975e+06 +1.523907555e+06 +1.523907555e+06 +8.9103e-01 -8.0939e-01 +1.5028e+00 -1.3019e+00 +6.8686e-01
26 0 +7.516235192e+05 +7.516540992e+05 +7.516540992e+05 -9.1378e-01 -2.3470e+00 +1.1080e+00 -1.2790e+00 +4.4674e-01
27 0 +6.896313265e+05 +6.896619065e+05 +6.896619065e+05 +2.6097e-01 -1.1990e+00 +1.2225e+00 -7.2480e-01 +4.7733e-01
30 0 +2.540695915e+05 +2.541001715e+05 +2.541001715e+05 -6.3320e-01 -1.4582e+00 +1.8039e+00 -1.5475e+00 +1.1774e+00
39 0 +1.660388100e+05 +1.660693900e+05 +1.660693900e+05 +6.8877e-01 -1.0539e+00 +3.0678e+00 -1.5069e+00 +1.0295e+00
43 0 +1.337214990e+05 +1.337520790e+05 +1.337520790e+05 -1.7776e+00 -8.8482e-01 +1.2306e+00 -1.1023e+00 +3.6665e-01
76 0 +8.520074998e+04 +8.523132998e+04 +8.523132998e+04 -1.6629e+00 -4.5986e-01 +1.3979e+00 -1.3791e+00 +1.0102e+00
78 0 +7.886376771e+03 +7.916956771e+03 +7.916956771e+03 -4.0101e-01 -1.5627e+00 +3.2269e-01 -1.0678e+00 +3.7702e+00
82 0 +5.346102470e+03 +5.376682470e+03 +5.376682470e+03 -1.6666e+00 -6.7102e-01 +6.5992e-01 -1.4085e-01 +2.8316e+00
228 0 +2.223039961e+03 +2.253619961e+03 +2.253619961e+03 -3.5809e+00 -1.4888e-01 +1.3477e-01 -5.0497e-01 +1.6409e+00
397 0 +3.815434120e+02 +4.121234120e+02 +4.121234120e+02 -2.1455e+00 -1.8857e+00 -2.1025e+00 -3.0834e-01 +3.8845e+00
511 0 +3.425754307e+02 +3.731554307e+02 +3.731554307e+02 -2.0289e+00 -1.3542e+00 -9.4388e-01 -1.3510e-01 +3.5069e+00
540 0 +1.994524384e+02 +2.300324384e+02 +2.300324384e+02 -2.0097e+00 -1.3872e+00 -9.5198e-01 -9.3109e-02 +3.4819e+00
620 0 +1.343712036e+02 +1.649512036e+02 +1.649512036e+02 -1.3451e+00 -1.8396e+00 -1.2794e+00 -4.6157e-01 +4.0907e+00
646 0 +1.093517597e+02 +1.399317597e+02 +1.399317597e+02 -1.7622e+00 -1.6391e+00 -1.2599e+00 -4.2584e-01 +3.8173e+00
721 0 +8.128462108e+01 +1.118646211e+02 +1.118646211e+02 -1.6165e+00 -1.7467e+00 -1.3354e+00 -3.9668e-01 +3.9286e+00
726 0 +7.303927627e+01 +1.036192763e+02 +1.036192763e+02 -1.7012e+00 -1.7333e+00 -1.4045e+00 -4.6721e-01 +3.9270e+00
753 0 +5.778461995e+01 +8.836461995e+01 +8.836461995e+01 -1.8061e+00 -1.7699e+00 -1.5544e+00 -3.3090e-01 +3.9180e+00
780 0 +5.022772896e+01 +8.080772896e+01 +8.080772896e+01 -1.8600e+00 -1.7229e+00 -1.4664e+00 -1.7259e-01 +3.8331e+00
804 0 +4.463931136e+01 +7.521931136e+01 +7.521931136e+01 -1.8837e+00 -1.8728e+00 -1.8036e+00 -2.0464e-01 +3.9801e+00
811 0 +4.021500530e+01 +7.079500530e+01 +7.079500530e+01 -1.7935e+00 -1.8261e+00 -1.6163e+00 -1.6696e-01 +3.9594e+00
813 0 +3.798303279e+01 +6.856303279e+01 +6.856303279e+01 -1.7344e+00 -1.9594e+00 -1.8141e+00 -1.1706e-01 +4.1130e+00
815 0 +3.286004980e+01 +6.344004980e+01 +6.344004980e+01 -1.7987e+00 -1.8501e+00 -1.6659e+00 -1.7738e-01 +3.9685e+00
820 0 +2.858555261e+01 +5.916555261e+01 +5.916555261e+01 -1.9170e+00 -1.8626e+00 -1.7757e+00 -7.8837e-02 +3.9516e+00
831 0 +2.540382755e+01 +5.598382755e+01 +5.598382755e+01 -1.7286e+00 -2.0822e+00 -2.0413e+00 -7.6671e-02 +4.2148e+00
840 0 +1.122735298e+01 +4.180735298e+01 +4.180735298e+01 -2.0099e+00 -1.9177e+00 -1.9498e+00 -1.2095e-02 +3.9477e+00
853 0 +7.621610434e+00 +3.820161043e+01 +3.820161043e+01 -2.1623e+00 -1.9954e+00 -2.2327e+00 +5.7338e-02 +3.9716e+00
868 0 +7.472754680e+00 +3.805275468e+01 +3.805275468e+01 -2.0004e+00 -2.1984e+00 -2.4783e+00 +2.3710e-02 +4.1899e+00
887 0 +4.149331620e+00 +3.472933162e+01 +3.472933162e+01 -1.7859e+00 -2.2438e+00 -2.3982e+00 -8.8280e-02 +4.3182e+00
937 0 +2.381295054e+00 +3.296129505e+01 +3.296129505e+01 -2.0056e+00 -2.1280e+00 -2.3448e+00 +4.3844e-02 +4.1316e+00
960 0 +1.423699063e+00 +3.200369906e+01 +3.200369906e+01 -2.1754e+00 -2.1254e+00 -2.4710e+00 +1.7139e-01 +4.0738e+00
1028 0 +9.610042382e-01 +3.154100424e+01 +3.154100424e+01 -2.4481e+00 -2.0316e+00 -2.5037e+00 +3.2021e-01 +3.8804e+00
1055 0 +5.925186498e-01 +3.117251865e+01 +3.117251865e+01 -2.5537e+00 -1.9744e+00 -2.4727e+00 +3.9018e-01 +3.7908e+00
1184 0 +2.220421707e-01 +3.080204217e+01 +3.080204217e+01 -2.5227e+00 -1.9697e+00 -2.4405e+00 +3.7068e-01 +3.7985e+00
1225 0 +1.888211224e-01 +3.076882112e+01 +3.076882112e+01 -2.7531e+00 -1.8894e+00 -2.4636e+00 +5.1114e-01 +3.6354e+00
1226 0 +1.355131815e-01 +3.071551318e+01 +3.071551318e+01 -2.7123e+00 -1.9057e+00 -2.4620e+00 +4.9380e-01 +3.6670e+00
% f evaluations | g evaluations | best noise-free fitness - Fopt (1.000000000000e+03) + sum g_i+ | measured fitness | best measured fitness or single-digit g-values | x1 | x2...
1 0 +7.800350395e+06 +7.801350395e+06 +7.801350395e+06 +5.9671e-01 -3.8264e-02 +7.4769e-01 +1.6230e+00 -1.3415e-01
2 0 +4.442581272e+06 +4.443581272e+06 +4.443581272e+06 -1.3414e-01 +1.6792e+00 +8.6743e-01 -3.6947e-01 +6.4256e-01
3 0 +4.368225056e+04 +4.468225056e+04 +4.468225056e+04 -3.6342e-01 -3.6573e-01 +3.4196e-01 -1.8133e+00 -1.6249e+00
31 0 +2.532928573e+04 +2.632928573e+04 +2.632928573e+04 +1.2623e+00 -8.7327e-01 +1.0585e+00 -2.0972e+00 -2.5044e+00
75 0 +2.522785394e+04 +2.622785394e+04 +2.622785394e+04 -1.8294e+00 -3.2222e-01 -5.8087e-01 -1.7400e+00 +4.5996e-01
81 0 +1.783241389e+04 +1.883241389e+04 +1.883241389e+04 -1.1271e+00 +4.4352e-01 +6.1933e-01 -2.7045e+00 -1.4882e+00
108 0 +8.013104079e+03 +9.013104079e+03 +9.013104079e+03 -3.6939e+00 -2.1559e-02 -1.4509e+00 -1.6889e+00 +1.4523e-02
114 0 +6.582389320e+03 +7.582389320e+03 +7.582389320e+03 -1.9447e+00 -9.1145e-01 -7.7846e-01 -1.3218e+00 +3.0035e-01
199 0 +5.476149150e+03 +6.476149150e+03 +6.476149150e+03 -1.1865e+00 +1.1624e+00 -1.5782e+00 -1.4074e+00 -1.9214e+00
257 0 +2.717357712e+03 +3.717357712e+03 +3.717357712e+03 -1.5239e+00 -2.9820e-01 +3.5744e-01 -2.3975e+00 -9.2448e-01
265 0 +2.518872677e+03 +3.518872677e+03 +3.518872677e+03 -2.1313e+00 -4.4957e-01 +7.4186e-02 -2.2738e+00 -4.8682e-01
288 0 +2.190927435e+03 +3.190927435e+03 +3.190927435e+03 -9.5440e-01 +2.2553e-01 +1.0579e-01 -2.3218e+00 -1.7042e+00
329 0 +1.202669867e+03 +2.202669867e+03 +2.202669867e+03 -1.4229e+00 -2.5441e-01 +6.9483e-02 -2.2034e+00 -9.4169e-01
373 0 +9.043543432e+02 +1.904354343e+03 +1.904354343e+03 -1.5804e+00 +5.8793e-01 -7.8843e-01 -1.8981e+00 -1.6040e+00
597 0 +8.325923752e+02 +1.832592375e+03 +1.832592375e+03 -1.8097e+00 +2.4969e-01 -3.5905e-01 -2.1659e+00 -1.1977e+00
627 0 +8.305643360e+02 +1.830564336e+03 +1.830564336e+03 -1.7902e+00 +3.8697e-01 -3.8376e-01 -2.2072e+00 -1.2737e+00
641 0 +8.056538105e+02 +1.805653810e+03 +1.805653810e+03 -1.8532e+00 +3.9353e-01 -3.9012e-01 -2.2116e+00 -1.2407e+00
652 0 +7.677940526e+02 +1.767794053e+03 +1.767794053e+03 -2.0169e+00 +5.8883e-01 -4.6668e-01 -2.2808e+00 -1.3405e+00
671 0 +7.444259172e+02 +1.744425917e+03 +1.744425917e+03 -1.8335e+00 +3.9755e-01 -6.0105e-01 -2.0316e+00 -1.3108e+00
676 0 +5.759225597e+02 +1.575922560e+03 +1.575922560e+03 -1.8255e+00 +1.0828e+00 -7.3578e-01 -2.2103e+00 -1.8065e+00
705 0 +3.788448389e+02 +1.378844839e+03 +1.378844839e+03 -2.3294e+00 +2.1197e+00 -1.3076e+00 -2.3399e+00 -2.3788e+00
711 0 +3.265783783e+02 +1.326578378e+03 +1.326578378e+03 -1.9731e+00 +1.8243e+00 -1.3907e+00 -2.0229e+00 -2.3564e+00
730 0 +3.079042167e+02 +1.307904217e+03 +1.307904217e+03 -2.2323e+00 +3.3564e+00 -2.3197e+00 -1.9730e+00 -3.4570e+00
766 0 +2.511628458e+02 +1.251162846e+03 +1.251162846e+03 -2.3278e+00 +2.0296e+00 -1.9369e+00 -1.7603e+00 -2.3968e+00
798 0 +1.652180690e+02 +1.165218069e+03 +1.165218069e+03 -2.1910e+00 +3.5074e+00 -2.0408e+00 -2.2786e+00 -3.6121e+00
808 0 +1.494790030e+02 +1.149479003e+03 +1.149479003e+03 -2.3554e+00 +3.4945e+00 -2.3415e+00 -2.0585e+00 -3.5570e+00
826 0 +9.339225753e+01 +1.093392258e+03 +1.093392258e+03 -2.4762e+00 +3.5154e+00 -2.2601e+00 -2.1759e+00 -3.5195e+00
860 0 +5.755567654e+01 +1.057555677e+03 +1.057555677e+03 -2.4091e+00 +3.0452e+00 -2.7082e+00 -1.5769e+00 -3.2252e+00
879 0 +2.703093473e+01 +1.027030935e+03 +1.027030935e+03 -2.6521e+00 +3.9258e+00 -2.8664e+00 -1.9008e+00 -3.7375e+00
882 0 +1.339557982e+01 +1.013395580e+03 +1.013395580e+03 -2.5715e+00 +4.1726e+00 -2.7571e+00 -2.0841e+00 -4.0088e+00
884 0 +1.201731817e+01 +1.012017318e+03 +1.012017318e+03 -2.6120e+00 +3.8930e+00 -2.4364e+00 -2.2446e+00 -3.7339e+00
953 0 +2.148113919e+00 +1.002148114e+03 +1.002148114e+03 -2.5908e+00 +4.0032e+00 -2.8100e+00 -1.9649e+00 -3.8495e+00
1035 0 +2.112542456e+00 +1.002112542e+03 +1.002112542e+03 -2.5664e+00 +3.7574e+00 -2.7422e+00 -1.9058e+00 -3.6680e+00
1058 0 +1.293076750e+00 +1.001293077e+03 +1.001293077e+03 -2.6061e+00 +3.7958e+00 -2.8964e+00 -1.8037e+00 -3.6915e+00
1101 0 +1.232685554e+00 +1.001232686e+03 +1.001232686e+03 -2.5936e+00 +3.7726e+00 -2.8367e+00 -1.8399e+00 -3.6795e+00
1103 0 +1.219043955e+00 +1.001219044e+03 +1.001219044e+03 -2.6016e+00 +3.8020e+00 -2.9212e+00 -1.7829e+00 -3.7071e+00
1117 0 +9.358500374e-01 +1.000935850e+03 +1.000935850e+03 -2.5885e+00 +3.8382e+00 -2.8300e+00 -1.8730e+00 -3.7289e+00
1123 0 +6.410363836e-01 +1.000641036e+03 +1.000641036e+03 -2.6122e+00 +3.7611e+00 -3.0635e+00 -1.6463e+00 -3.6733e+00
1131 0 +6.194385605e-01 +1.000619439e+03 +1.000619439e+03 -2.6085e+00 +3.8335e+00 -2.9413e+00 -1.7819e+00 -3.7270e+00
1168 0 +4.335293168e-01 +1.000433529e+03 +1.000433529e+03 -2.6017e+00 +3.8042e+00 -2.9538e+00 -1.7554e+00 -3.7045e+00
1179 0 +3.335522385e-01 +1.000333552e+03 +1.000333552e+03 -2.6056e+00 +3.8276e+00 -2.9493e+00 -1.7714e+00 -3.7208e+00
1224 0 +3.242223814e-01 +1.000324222e+03 +1.000324222e+03 -2.6031e+00 +3.7933e+00 -2.9716e+00 -1.7365e+00 -3.6980e+00
1237 0 +2.712123801e-01 +1.000271212e+03 +1.000271212e+03 -2.6177e+00 +3.7906e+00 -3.0312e+00 -1.6882e+00 -3.6904e+00
% f evaluations | g evaluations | best noise-free fitness - Fopt (-4.236000000000e+01) + sum g_i+ | measured fitness | best measured fitness or single-digit g-values | x1 | x2...
1 0 +4.299884506e+05 +4.299460906e+05 +4.299460906e+05 +5.9671e-01 -3.8264e-02 +7.4769e-01 +1.6230e+00 -1.3415e-01
2 0 +3.060139924e+05 +3.059716324e+05 +3.059716324e+05 -1.3414e-01 +1.6792e+00 +8.6743e-01 -3.6947e-01 +6.4256e-01
6 0 +9.893211758e+04 +9.888975758e+04 +9.888975758e+04 +2.1092e-01 -1.0510e+00 +4.7570e-01 -5.0064e-01 -1.9169e-01
10 0 +2.777560141e+04 +2.773324141e+04 +2.773324141e+04 -6.1984e-01 -3.6064e-01 +1.1571e+00 +4.4362e-01 -1.6630e+00
28 0 +1.623965302e+04 +1.619729302e+04 +1.619729302e+04 +1.3237e-01 -9.0778e-02 +7.2811e-01 -2.3264e-01 +6.3407e-01
51 0 +8.183041209e+03 +8.140681209e+03 +8.140681209e+03 +3.4186e-01 +3.8990e-03 -5.3074e-02 -6.0523e-01 +1.1623e+00
57 0 +5.189353313e+03 +5.146993313e+03 +5.146993313e+03 +2.9302e-01 -7.6277e-01 +1.2404e+00 +1.0903e-01 +5.5029e-01
189 0 +5.037287638e+03 +4.994927638e+03 +4.994927638e+03 +6.6818e-01 -9.7943e-01 +1.5174e+00 +1.9843e-01 +1.1303e+00
196 0 +1.990017996e+03 +1.947657996e+03 +1.947657996e+03 -2.7737e-01 -6.6844e-01 +1.5465e+00 -5.5078e-01 +1.1821e+00
231 0 +1.009944450e+03 +9.675844502e+02 +9.675844502e+02 +4.8955e-02 -9.4820e-01 +2.0810e+00 -8.3101e-02 +1.1702e+00
251 0 +3.785347879e+02 +3.361747879e+02 +3.361747879e+02 -2.7367e-01 -1.2052e+00 +2.5672e+00 -2.2356e-01 +1.2734e+00
289 0 +2.726734869e+02 +2.303134869e+02 +2.303134869e+02 -5.9692e-01 -1.4168e+00 +2.8477e+00 -2.9738e-01 +1.0291e+00
378 0 +1.887414488e+02 +1.463814488e+02 +1.463814488e+02 -3.1169e-01 -1.4029e+00 +2.8661e+00 -1.8808e-01 +1.2461e+00
401 0 +1.266281505e+02 +8.426815050e+01 +8.426815050e+01 -2.3907e-01 -1.3174e+00 +2.6869e+00 -1.3442e-01 +1.1439e+00
426 0 +6.841404096e+01 +2.605404096e+01 +2.605404096e+01 -1.6615e-01 -1.3620e+00 +2.8330e+00 +4.5776e-03 +1.0938e+00
437 0 +5.107984195e+01 +8.719841955e+00 +8.719841955e+00 -3.5099e-01 -1.4511e+00 +3.0300e+00 -8.8135e-02 +1.1266e+00
474 0 +1.601610450e+01 -2.634389550e+01 -2.634389550e+01 -7.8737e-02 -1.3936e+00 +2.9495e+00 +3.6134e-02 +1.2537e+00
535 0 +1.464870866e+01 -2.771129134e+01 -2.771129134e+01 +4.0677e-02 -1.4055e+00 +3.0443e+00 +1.1911e-01 +1.3607e+00
563 0 +9.814394971e+00 -3.254560503e+01 -3.254560503e+01 +1.5164e-01 -1.4620e+00 +3.0711e+00 +2.4263e-01 +1.2708e+00
714 0 +5.862560897e+00 -3.649743910e+01 -3.649743910e+01 +1.9283e-01 -1.5279e+00 +3.2113e+00 +3.2367e-01 +1.2701e+00
758 0 +5.135451150e+00 -3.722454885e+01 -3.722454885e+01 +2.6470e-01 -1.5025e+00 +3.1690e+00 +3.4274e-01 +1.3168e+00
821 0 +5.050171262e+00 -3.730982874e+01 -3.730982874e+01 +1.5062e-01 -1.4952e+00 +3.1650e+00 +2.6781e-01 +1.2893e+00
833 0 +4.931567669e+00 -3.742843233e+01 -3.742843233e+01 +1.8361e-01 -1.5026e+00 +3.1651e+00 +2.9631e-01 +1.2806e+00
841 0 +4.711090968e+00 -3.764890903e+01 -3.764890903e+01 +2.4061e-01 -1.5135e+00 +3.1893e+00 +3.3570e-01 +1.3053e+00
855 0 +4.631658719e+00 -3.772834128e+01 -3.772834128e+01 +2.3537e-01 -1.4994e+00 +3.1715e+00 +3.1642e-01 +1.3281e+00
856 0 +4.605462829e+00 -3.775453717e+01 -3.775453717e+01 +2.6025e-01 -1.4948e+00 +3.1603e+00 +3.2152e-01 +1.3473e+00
917 0 +4.491829925e+00 -3.786817007e+01 -3.786817007e+01 +2.3116e-01 -1.4907e+00 +3.1566e+00 +3.0195e-01 +1.3411e+00
967 0 +4.336085373e+00 -3.802391463e+01 -3.802391463e+01 +1.9775e-01 -1.4491e+00 +3.0943e+00 +2.2990e-01 +1.3999e+00
1020 0 +4.253816177e+00 -3.810618382e+01 -3.810618382e+01 +2.7044e-01 -1.4271e+00 +3.0612e+00 +2.4310e-01 +1.4679e+00
1034 0 +4.235627272e+00 -3.812437273e+01 -3.812437273e+01 +2.0311e-01 -1.4271e+00 +3.0545e+00 +2.0787e-01 +1.4268e+00
1035 0 +4.178314170e+00 -3.818168583e+01 -3.818168583e+01 +2.0509e-01 -1.4284e+00 +3.0610e+00 +2.0368e-01 +1.4446e+00
1039 0 +4.059198277e+00 -3.830080172e+01 -3.830080172e+01 +2.6017e-01 -1.4226e+00 +3.0480e+00 +2.2987e-01 +1.4676e+00
1056 0 +4.008810771e+00 -3.835118923e+01 -3.835118923e+01 +2.8532e-01 -1.4248e+00 +3.0522e+00 +2.3959e-01 +1.4910e+00
1061 0 +4.008766344e+00 -3.835123366e+01 -3.835123366e+01 +2.4519e-01 -1.4190e+00 +3.0465e+00 +2.1652e-01 +1.4733e+00
1069 0 +3.927842867e+00 -3.843215713e+01 -3.843215713e+01 +2.6591e-01 -1.4010e+00 +3.0271e+00 +1.9758e-01 +1.5349e+00
1078 0 +3.849921724e+00 -3.851007828e+01 -3.851007828e+01 +2.3076e-01 -1.3522e+00 +2.9349e+00 +1.2310e-01 +1.5710e+00
1087 0 +3.764070628e+00 -3.859592937e+01 -3.859592937e+01 +2.9171e-01 -1.3919e+00 +3.0074e+00 +2.0079e-01 +1.5561e+00
1107 0 +3.038650631e+00 -3.932134937e+01 -3.932134937e+01 +2.6534e-01 -1.2660e+00 +2.8063e+00 +2.3145e-02 +1.7543e+00
1126 0 +2.940174378e+00 -3.941982562e+01 -3.941982562e+01 +3.6158e-01 -1.3061e+00 +2.8755e+00 +1.2060e-01 +1.7498e+00
1140 0 +2.826393056e+00 -3.953360694e+01 -3.953360694e+01 +4.4335e-01 -1.2208e+00 +2.7480e+00 +4.7871e-02 +1.9499e+00
1155 0 +2.140179262e+00 -4.021982074e+01 -4.021982074e+01 +3.4628e-01 -1.1146e+00 +2.5808e+00 -1.2965e-01 +2.0615e+00
1158 0 +1.314262346e+00 -4.104573765e+01 -4.104573765e+01 +3.4931e-01 -1.1196e+00 +2.5946e+00 -1.3338e-01 +2.0843e+00
1208 0 +1.025202498e+00 -4.133479750e+01 -4.133479750e+01 +5.3217e-01 -8.1921e-01 +2.1246e+00 -4.4517e-01 +2.7264e+00
1222 0 +1.009067377e+00 -4.135093262e+01 -4.135093262e+01 +5.1167e-01 -9.9483e-01 +2.3932e+00 -2.1530e-01 +2.3845e+00
1232 0 +2.480290442e-01 -4.211197096e+01 -4.211197096e+01 +5.5165e-01 -7.7298e-01 +2.0629e+00 -4.9460e-01 +2.8245e+00
