% f evaluations | g evaluations | best noise-free fitness - Fopt (7.627000000000e+01) + sum g_i+ | measured fitness | best measured fitness or single-digit g-values | x1 | x2...
1 0 +7.735598947e+06 +7.735675217e+06 +7.735675217e+06 +5.9671e-01 -3.8264e-02 +7.4769e-01 +1.6230e+00 -1.3415e-01
3 0 +6.089780784e+05 +6.090543484e+05 +6.090543484e+05 -3.6342e-01 -3.6573e-01 +3.4196e-01 -1.8133e+00 -1.6249e+00
4 0 +5.714869104e+05 +5.715631804e+05 +5.715631804e+05 -4.6229e-01 -9.1283e-01 +4.1425e-01 -8.0802e-01 -1.3123e+00
25 0 +4.762531333e+05 +4.763294033e+05 +4.763294033e+05 +8.9103e-01 -8.0939e-01 +1.5028e+00 -1.3019e+00 +6.8686e-01
26 0 +1.883927938e+05 +1.884690638e+05 +1.884690638e+05 -4.6329e-01 -1.6433e+00 +2.2848e+00 -1.2371e+00 +4.2252e-01
28 0 +2.664425090e+02 +3.427125090e+02 +3.427125090e+02 -3.4537e-01 -1.8371e+00 +1.3456e+00 -4.0140e-01 -5.6498e-01
75 0 +8.511045560e+01 +1.613804556e+02 +1.613804556e+02 -3.1459e-01 -1.3695e-01 +2.9032e+00 -2.9825e+00 +2.0165e+00
107 0 +7.356202158e+01 +1.498320216e+02 +1.498320216e+02 -2.4823e+00 -7.2531e-01 +2.9312e+00 -5.6561e-01 -2.4640e+00
133 0 +4.919478511e+01 +1.254647851e+02 +1.254647851e+02 -8.9638e-01 -1.1420e+00 +2.3179e+00 -1.0264e+00 -6.0544e-02
205 0 +2.625278880e+01 +1.025227888e+02 +1.025227888e+02 -2.0422e+00 -1.0643e+00 +2.9690e+00 -2.7240e-01 -9.1185e-01
388 0 +1.398548761e+01 +9.025548761e+01 +9.025548761e+01 -6.0512e-01 -1.3803e+00 +1.3265e+00 -1.1976e+00 -9.1244e-01
638 0 +1.336290005e+01 +8.963290005e+01 +8.963290005e+01 -1.0559e+00 -1.5093e+00 +1.4086e+00 -8.3564e-01 -5.8937e-01
989 0 +1.085014247e+01 +8.712014247e+01 +8.712014247e+01 -1.2067e+00 -1.9610e+00 -1.7249e+00 -1.9162e+00 -2.1696e+00
1014 0 +7.677886732e+00 +8.394788673e+01 +8.394788673e+01 +3.3119e-01 -2.8983e+00 -2.4739e+00 -1.2905e+00 -6.7270e-01
1026 0 +7.327055045e+00 +8.359705504e+01 +8.359705504e+01 -1.9289e+00 -2.5158e+00 +2.1485e-01 +3.0524e-01 +2.3047e-01
1034 0 +5.746968041e+00 +8.201696804e+01 +8.201696804e+01 -2.1021e+00 -2.9510e+00 +2.3645e-01 +1.3886e+00 -9.6706e-01
1065 0 +4.283403775e+00 +8.055340377e+01 +8.055340377e+01 -1.1631e+00 -3.8763e+00 -1.1616e+00 +1.9484e+00 -1.1229e+00
% f evaluations | g evaluations | best noise-free fitness - Fopt (-2.255000000000e+01) + sum g_i+ | measured fitness | best measured fitness or single-digit g-values | x1 | x2...
1 0 +1.027514579e+05 +1.027289079e+05 +1.027289079e+05 +5.9671e-01 -3.8264e-02 +7.4769e-01 +1.6230e+00 -1.3415e-01
5 0 +6.238600631e+04 +6.236345631e+04 +6.236345631e+04 +1.5656e+00 -1.2578e-01 +1.6753e-01 -1.3247e+00 -4.4438e-01
9 0 +5.734784290e+03 +5.712234290e+03 +5.712234290e+03 +8.3847e-01 +2.7137e-01 -1.5648e-02 -2.0110e-01 -1.3785e+00
35 0 +5.598187687e+03 +5.575637687e+03 +5.575637687e+03 +8.7479e-01 +1.4385e-01 +4.8140e-01 -1.8315e-01 -1.2496e+00
38 0 +1.501212408e+02 +1.275712408e+02 +1.275712408e+02 +4.3865e-01 -4.2205e-01 +1.3985e+00 +8.5322e-03 -9.4800e-01
83 0 +1.133902772e+02 +9.084027718e+01 +9.084027718e+01 +8.1046e-01 +2.9883e-02 +2.2769e-01 -7.5544e-01 -1.5512e+00
152 0 +2.375141926e+01 +1.201419255e+00 +1.201419255e+00 +6.0450e-01 +1.2154e-01 +1.6681e+00 -1.6242e-01 -5.3333e-01
229 0 +1.859230732e+01 -3.957692679e+00 -3.957692679e+00 +6.0794e-01 +6.7879e-01 +1.6727e+00 -7.2766e-01 -6.5563e-01
233 0 +1.721987756e+01 -5.330122440e+00 -5.330122440e+00 +4.9107e-01 +9.1503e-01 +2.0381e+00 -1.3692e+00 -7.0582e-01
531 0 +1.505273141e+01 -7.497268595e+00 -7.497268595e+00 +6.8500e-01 +1.1958e+00 +2.3165e+00 -1.8777e-01 +1.3734e-01
807 0 +1.406903016e+01 -8.480969838e+00 -8.480969838e+00 +2.3745e+00 +3.9764e+00 +2.3292e+00 -1.9863e-01 +2.4221e+00
844 0 +8.913641033e+00 -1.363635897e+01 -1.363635897e+01 +2.2299e+00 +3.1588e+00 +1.8442e+00 -2.2952e-01 +1.8004e+00
864 0 +8.842531263e+00 -1.370746874e+01 -1.370746874e+01 +2.2963e+00 +3.7760e+00 +1.9170e+00 -5.9243e-01 +1.8683e+00
903 0 +8.454043881e+00 -1.409595612e+01 -1.409595612e+01 +3.0503e+00 +2.8496e+00 +1.4142e+00 -9.7101e-02 +2.4845e+00
971 0 +6.603121899e+00 -1.594687810e+01 -1.594687810e+01 +2.1261e+00 +4.3812e+00 +2.6015e+00 -1.5956e+00 +1.9208e+00
1003 0 +6.297975040e+00 -1.625202496e+01 -1.625202496e+01 +2.0814e+00 +4.1146e+00 +3.3898e+00 -1.2571e+00 +2.5458e+00
1020 0 +6.024094453e+00 -1.652590555e+01 -1.652590555e+01 +2.3074e+00 +4.8760e+00 +3.2536e+00 -2.0682e+00 +2.5250e+00
1024 0 +3.160934362e+00 -1.938906564e+01 -1.938906564e+01 +2.5851e+00 +3.8090e+00 +2.6391e+00 -1.7128e+00 +2.4196e+00
1026 0 +2.976916739e+00 -1.957308326e+01 -1.957308326e+01 +2.7098e+00 +3.5866e+00 +1.6498e+00 -1.8376e+00 +1.7636e+00
1033 0 +1.995006504e+00 -2.055499350e+01 -2.055499350e+01 +2.1428e+00 +3.5882e+00 +2.2007e+00 -2.2783e+00 +1.3554e+00
1055 0 +1.015614296e+00 -2.153438570e+01 -2.153438570e+01 +2.3246e+00 +3.0187e+00 +2.7181e+00 -2.0022e+00 +2.0085e+00
1094 0 +7.885246812e-01 -2.176147532e+01 -2.176147532e+01 +2.0553e+00 +2.9434e+00 +2.3999e+00 -2.5523e+00 +1.2632e+00
1112 0 +4.520803810e-01 -2.209791962e+01 -2.209791962e+01 +2.1810e+00 +2.8934e+00 +2.9259e+00 -2.6923e+00 +1.7667e+00
1242 0 +3.609152920e-01 -2.218908471e+01 -2.218908471e+01 +2.2935e+00 +2.4299e+00 +2.8688e+00 -2.4549e+00 +1.8960e+00
% f evaluations | g evaluations | best noise-free fitness - Fopt (1.366000000000e+01) + sum g_i+ | measured fitness | best measured fitness or single-digit g-values | x1 | x2...
1 0 +3.421703209e+06 +3.421716869e+06 +3.421716869e+06 +5.9671e-01 -3.8264e-02 +7.4769e-01 +1.6230e+00 -1.3415e-01
2 0 +2.115595205e+06 +2.115608865e+06 +2.115608865e+06 -1.3414e-01 +1.6792e+00 +8.6743e-01 -3.6947e-01 +6.4256e-01
15 0 +2.517305733e+05 +2.517442333e+05 +2.517442333e+05 +4.6140e-01 +1.6380e+00 +6.4174e-02 +1.6646e+00 -2.5197e+00
26 0 +1.505515472e+05 +1.505652072e+05 +1.505652072e+05 -9.0547e-01 +1.5867e+00 +1.4950e+00 +5.6880e-01 -8.9183e-01
28 0 +2.112287808e+04 +2.113653808e+04 +2.113653808e+04 -3.8976e-01 +1.8129e+00 -3.3257e-02 -2.8413e-02 -1.8214e+00
32 0 +1.135680806e+03 +1.149340806e+03 +1.149340806e+03 +7.6259e-01 +1.9548e+00 -8.1829e-02 +9.1483e-01 -1.6817e+00
51 0 +9.042247004e+02 +9.178847004e+02 +9.178847004e+02 +1.3740e+00 +2.5281e+00 -8.1668e-02 +4.9486e-01 -1.1757e+00
124 0 +4.164147575e+01 +5.530147575e+01 +5.530147575e+01 +7.3599e-01 +2.8599e+00 +1.4915e+00 -1.7374e+00 -2.2732e+00
222 0 +4.131406410e+01 +5.497406410e+01 +5.497406410e+01 -9.0338e-01 +4.5751e+00 +7.7134e-01 -2.4147e+00 +8.3736e-01
226 0 +2.139157153e+01 +3.505157153e+01 +3.505157153e+01 -4.9844e-02 +4.4067e+00 +1.5297e+00 -3.0676e+00 -3.9680e-01
247 0 +1.405583600e+01 +2.771583600e+01 +2.771583600e+01 +7.0465e-01 +3.4965e+00 -4.1890e-03 -1.4856e+00 -9.6211e-01
737 0 +1.371661912e+01 +2.737661912e+01 +2.737661912e+01 -1.9888e+00 +3.3479e+00 +3.1423e+00 -2.0265e+00 -4.8276e-01
760 0 +3.989463069e+00 +1.764946307e+01 +1.764946307e+01 -6.7968e-02 +2.3922e+00 +2.8519e+00 +5.2340e-01 -8.1175e-01
1013 0 +3.603967969e+00 +1.726396797e+01 +1.726396797e+01 +1.3636e+00 +2.9255e+00 +2.3079e+00 +3.5092e-01 -6.5803e-01
1179 0 +3.378840453e+00 +1.703884045e+01 +1.703884045e+01 +1.4545e+00 +3.1393e+00 +2.4468e+00 -5.9042e-01 -1.1326e+00
1201 0 +3.218890690e+00 +1.687889069e+01 +1.687889069e+01 +1.5983e+00 +2.8704e+00 +2.3550e+00 -9.0961e-03 -1.1686e+00
1243 0 +2.523863789e+00 +1.618386379e+01 +1.618386379e+01 +6.3260e-01 +2.1796e+00 +2.4822e+00 -7.1956e-01 -2.5479e+00
% f evaluations | g evaluations | best noise-free fitness - Fopt (9.378400000000e+02) + sum g_i+ | measured fitness | best measured fitness or single-digit g-values | x1 | x2...
1 0 +2.638980435e+05 +2.648358835e+05 +2.648358835e+05 +5.9671e-01 -3.8264e-02 +7.4769e-01 +1.6230e+00 -1.3415e-01
2 0 +1.198176286e+05 +1.207554686e+05 +1.207554686e+05 -1.3414e-01 +1.6792e+00 +8.6743e-01 -3.6947e-01 +6.4256e-01
3 0 +2.838885257e+03 +3.776725257e+03 +3.776725257e+03 -3.6342e-01 -3.6573e-01 +3.4196e-01 -1.8133e+00 -1.6249e+00
35 0 +9.553100691e+02 +1.893150069e+03 +1.893150069e+03 -1.3718e-01 -3.8024e-02 -2.2028e+00 +2.5177e-01 -1.1806e-01
72 0 +8.754588881e+01 +1.025385889e+03 +1.025385889e+03 +6.5414e-01 -1.8865e+00 -7.4893e-01 +4.6765e-01 -3.0407e-01
75 0 +4.728618966e+01 +9.851261897e+02 +9.851261897e+02 -1.9155e+00 +1.5853e-02 +3.3119e-01 -2.6701e+00 +8.9245e-01
525 0 +3.937311486e+01 +9.772131149e+02 +9.772131149e+02 -1.4716e-01 -3.6150e-02 -8.7604e-01 -2.0354e-01 -3.0476e-01
552 0 +3.282333030e+01 +9.706633303e+02 +9.706633303e+02 -7.6779e-01 +2.2300e-01 +4.3467e-01 -1.8129e+00 -8.8373e-01
557 0 +3.216938331e+01 +9.700093833e+02 +9.700093833e+02 +3.0355e-01 +2.3386e+00 +1.5616e+00 -4.4489e-01 -1.9821e+00
587 0 +1.373177883e+01 +9.515717788e+02 +9.515717788e+02 +1.7105e+00 +3.5019e+00 +4.0497e+00 +1.6368e+00 -1.4988e+00
660 0 +1.255648674e+01 +9.503964867e+02 +9.503964867e+02 +1.0330e+00 +4.3442e+00 +4.0579e+00 +1.5848e+00 -7.8488e-02
665 0 +4.782099106e+00 +9.426220991e+02 +9.426220991e+02 -1.2932e+00 +2.4625e+00 +3.8171e+00 -3.0029e+00 -9.1090e-01
752 0 +4.459970073e+00 +9.422999701e+02 +9.422999701e+02 -1.3061e+00 +4.0920e+00 +4.6614e+00 -2.4601e+00 -2.8516e-01
777 0 +2.597887341e+00 +9.404378873e+02 +9.404378873e+02 -9.7377e-01 +2.8454e+00 +4.0015e+00 -2.4068e+00 -8.3941e-01
782 0 +2.110549338e+00 +9.399505493e+02 +9.399505493e+02 -8.9799e-01 +3.8153e+00 +4.4044e+00 -2.2975e+00 -1.1582e+00
785 0 +2.035962217e+00 +9.398759622e+02 +9.398759622e+02 -1.1201e+00 +3.8808e+00 +4.2876e+00 -2.2080e+00 -4.5284e-01
822 0 +1.771762444e+00 +9.396117624e+02 +9.396117624e+02 -2.1526e-01 +3.1034e+00 +3.4468e+00 -1.7739e+00 -2.3174e+00
827 0 +6.760203906e-01 +9.385160204e+02 +9.385160204e+02 -3.7005e-01 +3.0924e+00 +3.6479e+00 -1.7045e+00 -1.6261e+00
847 0 +6.707751167e-01 +9.385107751e+02 +9.385107751e+02 -2.5332e-01 +2.8891e+00 +4.0322e+00 -1.2605e+00 -8.2424e-01
858 0 +3.139391573e-01 +9.381539392e+02 +9.381539392e+02 -4.3732e-01 +3.2821e+00 +3.9207e+00 -1.7567e+00 -1.4788e+00
930 0 +2.179217397e-01 +9.380579217e+02 +9.380579217e+02 -2.8837e-01 +3.8151e+00 +4.2091e+00 -1.2457e+00 -1.0959e+00
936 0 +2.009601103e-01 +9.380409601e+02 +9.380409601e+02 -2.2492e-01 +3.8189e+00 +4.3254e+00 -1.3396e+00 -1.3918e+00
955 0 +1.104716849e-01 +9.379504717e+02 +9.379504717e+02 -2.7366e-01 +3.4087e+00 +4.1115e+00 -1.4695e+00 -1.3858e+00
966 0 +8.210331444e-02 +9.379221033e+02 +9.379221033e+02 -3.3494e-01 +3.4854e+00 +3.8191e+00 -1.3217e+00 -1.1385e+00
969 0 +6.266786944e-02 +9.379026679e+02 +9.379026679e+02 -2.4778e-01 +3.3937e+00 +3.8713e+00 -1.3262e+00 -1.3212e+00
999 0 +3.979764875e-02 +9.378797976e+02 +9.378797976e+02 -2.4350e-01 +3.4457e+00 +4.0064e+00 -1.3150e+00 -1.2665e+00
1026 0 +3.064185904e-02 +9.378706419e+02 +9.378706419e+02 -2.5077e-01 +3.4402e+00 +3.9393e+00 -1.3465e+00 -1.3381e+00
1027 0 +1.295223392e-02 +9.378529522e+02 +9.378529522e+02 -2.8195e-01 +3.5050e+00 +4.0501e+00 -1.4029e+00 -1.3256e+00
1101 0 +1.268507109e-02 +9.378526851e+02 +9.378526851e+02 -3.0328e-01 +3.6344e+00 +4.0702e+00 -1.3921e+00 -1.3026e+00
1103 0 +9.139158897e-03 +9.378491392e+02 +9.378491392e+02 -2.9337e-01 +3.5626e+00 +4.0442e+00 -1.4101e+00 -1.3399e+00
1131 0 +7.647543913e-03 +9.378476475e+02 +9.378476475e+02 -3.0109e-01 +3.5809e+00 +4.0455e+00 -1.4118e+00 -1.3298e+00
1151 0 +7.493415715e-03 +9.378474934e+02 +9.378474934e+02 -2.5186e-01 +3.5787e+00 +4.0346e+00 -1.3216e+00 -1.3112e+00
1152 0 +5.613578434e-03 +9.378456136e+02 +9.378456136e+02 -2.7716e-01 +3.5790e+00 +4.0436e+00 -1.3739e+00 -1.3294e+00
1154 0 +1.879824881e-03 +9.378418798e+02 +9.378418798e+02 -2.9723e-01 +3.5909e+00 +4.0114e+00 -1.3887e+00 -1.3227e+00
1176 0 +4.137595689e-04 +9.378404138e+02 +9.378404138e+02 -2.9590e-01 +3.5813e+00 +3.9827e+00 -1.3811e+00 -1.3231e+00
1234 0 +2.527640844e-04 +9.378402528e+02 +9.378402528e+02 -2.9397e-01 +3.5868e+00 +3.9699e+00 -1.3639e+00 -1.3071e+00
% f evaluations | g evaluations | best noise-free fitness - Fopt (-7.872000000000e+01) + sum g_i+ | measured fitness | best measured fitness or single-digit g-values | x1 | x2...
1 0 +7.689970713e+05 +7.689183513e+05 +7.689183513e+05 +5.9671e-01 -3.8264e-02 +7.4769e-01 +1.6230e+00 -1.3415e-01
2 0 +2.208857419e+05 +2.208070219e+05 +2.208070219e+05 -1.3414e-01 +1.6792e+00 +8.6743e-01 -3.6947e-01 +6.4256e-01
12 0 +1.361710745e+05 +1.360923545e+05 +1.360923545e+05 +1.0313e+00 -7.3922e-01 -2.0921e-01 +4.3126e-01 +1.0755e+00
14 0 +1.150850683e+05 +1.150063483e+05 +1.150063483e+05 +1.4562e+00 +2.7990e-02 +1.1035e+00 +4.6164e-01 -5.4512e-01
19 0 +6.832691260e+04 +6.824819260e+04 +6.824819260e+04 +1.9708e-01 +1.0686e+00 -6.0205e-01 -2.2766e-01 -2.9211e-01
22 0 +5.480175509e+04 +5.472303509e+04 +5.472303509e+04 +5.0405e-01 +1.9862e+00 +2.7458e-01 +3.5755e-01 +2.5554e-02
33 0 +5.050754734e+04 +5.042882734e+04 +5.042882734e+04 +2.0540e+00 +2.0917e+00 -5.9909e-01 +5.0069e-03 +7.0354e-02
35 0 +4.118191277e+03 +4.039471277e+03 +4.039471277e+03 -1.2618e-01 +2.2356e+00 +2.4556e-01 +9.9589e-02 +1.5216e-01
51 0 +9.486333977e+02 +8.699133977e+02 +8.699133977e+02 -6.5340e-01 +1.3741e+00 +1.4802e-01 +1.1007e-02 +4.4137e-01
82 0 +5.264955796e+02 +4.477755796e+02 +4.477755796e+02 +3.3516e-01 +1.3387e+00 -8.3359e-01 -1.1693e-01 -1.8672e-01
100 0 +2.952202092e+02 +2.165002092e+02 +2.165002092e+02 -7.9104e-01 +3.3498e+00 +8.0186e-01 -3.4397e-01 +1.3519e+00
167 0 +4.647338439e+01 -3.224661561e+01 -3.224661561e+01 -9.0090e-01 +2.9237e+00 +4.6937e-01 +2.9448e-02 +6.3121e-02
218 0 +4.412689490e+01 -3.459310510e+01 -3.459310510e+01 -6.9518e-01 +2.3686e+00 +1.4394e+00 +5.4534e-01 -3.2002e-01
357 0 +2.645596566e+01 -5.226403434e+01 -5.226403434e+01 +2.0261e-01 +1.2952e+00 +8.2550e-01 +9.4095e-01 -1.7717e+00
478 0 +1.670973174e+01 -6.201026826e+01 -6.201026826e+01 +2.5798e+00 +3.7716e-01 +7.2977e-01 +1.4893e+00 -3.3330e+00
485 0 +1.343363550e+01 -6.528636450e+01 -6.528636450e+01 +1.6597e+00 +3.9138e-01 +5.3248e-01 +9.5374e-01 -1.7474e+00
626 0 +9.335538987e+00 -6.938446101e+01 -6.938446101e+01 +2.8388e+00 +8.2340e-01 -5.8953e-01 +7.5423e-01 -2.5755e+00
646 0 +7.516095373e+00 -7.120390463e+01 -7.120390463e+01 +3.2550e+00 +3.8825e-01 -3.0097e-01 +8.1823e-01 -2.2752e+00
737 0 +7.505260847e+00 -7.121473915e+01 -7.121473915e+01 +2.1014e+00 +5.8376e-01 -9.1389e-01 +3.9962e-01 -1.5956e+00
747 0 +3.353072703e+00 -7.536692730e+01 -7.536692730e+01 +3.0145e+00 +5.7546e-02 -1.5481e+00 +4.2022e-01 -2.1181e+00
754 0 +2.494374159e+00 -7.622562584e+01 -7.622562584e+01 +3.4607e+00 -6.2047e-01 -1.5830e+00 +6.6421e-01 -2.6324e+00
818 0 +1.840304752e+00 -7.687969525e+01 -7.687969525e+01 +3.0247e+00 -2.6600e-01 -1.6091e+00 +4.3059e-01 -2.0542e+00
835 0 +1.594372532e+00 -7.712562747e+01 -7.712562747e+01 +3.3940e+00 -5.6291e-01 -1.5690e+00 +5.6863e-01 -2.3323e+00
877 0 +1.185733267e+00 -7.753426673e+01 -7.753426673e+01 +3.0352e+00 -6.0265e-01 -1.8313e+00 +4.6015e-01 -2.2152e+00
896 0 +1.029547056e+00 -7.769045294e+01 -7.769045294e+01 +2.8656e+00 -7.5983e-01 -1.7579e+00 +4.4501e-01 -1.9977e+00
917 0 +8.377198769e-01 -7.788228012e+01 -7.788228012e+01 +3.0902e+00 -7.5270e-01 -2.0611e+00 +3.5271e-01 -2.0362e+00
963 0 +6.848890901e-01 -7.803511091e+01 -7.803511091e+01 +3.2042e+00 -8.2098e-01 -2.0258e+00 +3.7994e-01 -2.0588e+00
977 0 +5.493314296e-01 -7.817066857e+01 -7.817066857e+01 +3.2958e+00 -8.2445e-01 -2.1571e+00 +2.9614e-01 -1.9278e+00
1020 0 +5.308771362e-01 -7.818912286e+01 -7.818912286e+01 +2.9730e+00 -9.2512e-01 -1.9560e+00 +3.3974e-01 -1.7866e+00
1035 0 +5.032358439e-01 -7.821676416e+01 -7.821676416e+01 +3.2891e+00 -8.5170e-01 -2.2688e+00 +2.5173e-01 -1.8866e+00
1042 0 +4.637791961e-01 -7.825622080e+01 -7.825622080e+01 +3.0511e+00 -9.3507e-01 -1.9330e+00 +3.3413e-01 -1.7439e+00
1045 0 +4.302630492e-01 -7.828973695e+01 -7.828973695e+01 +3.1157e+00 -9.5771e-01 -2.0197e+00 +3.3148e-01 -1.8185e+00
1063 0 +3.629717702e-01 -7.835702823e+01 -7.835702823e+01 +3.2171e+00 -9.2060e-01 -2.0320e+00 +3.0438e-01 -1.7683e+00
1084 0 +3.629566221e-01 -7.835704338e+01 -7.835704338e+01 +3.1454e+00 -9.7245e-01 -2.0813e+00 +2.8977e-01 -1.7429e+00
1102 0 +3.452357233e-01 -7.837476428e+01 -7.837476428e+01 +3.2880e+00 -9.2653e-01 -2.1202e+00 +2.7646e-01 -1.7715e+00
1153 0 +3.320838899e-01 -7.838791611e+01 -7.838791611e+01 +3.3323e+00 -9.1670e-01 -2.0646e+00 +2.8240e-01 -1.7394e+00
1174 0 +3.153479028e-01 -7.840465210e+01 -7.840465210e+01 +3.3605e+00 -9.5612e-01 -2.2399e+00 +2.2662e-01 -1.7247e+00
1177 0 +2.660394050e-01 -7.845396059e+01 -7.845396059e+01 +3.3610e+00 -9.5771e-01 -2.1235e+00 +2.5193e-01 -1.6835e+00
1208 0 +2.591831989e-01 -7.846081680e+01 -7.846081680e+01 +3.3564e+00 -9.9313e-01 -2.1742e+00 +2.4442e-01 -1.6939e+00
1212 0 +2.252994654e-01 -7.849470053e+01 -7.849470053e+01 +3.3091e+00 -1.0156e+00 -2.0746e+00 +2.8155e-01 -1.6956e+00
1226 0 +2.062153627e-01 -7.851378464e+01 -7.851378464e+01 +3.2969e+00 -1.0488e+00 -2.0805e+00 +2.8927e-01 -1.7094e+00
1227 0 +2.013851386e-01 -7.851861486e+01 -7.851861486e+01 +3.3174e+00 -1.0579e+00 -2.1078e+00 +2.8486e-01 -1.7205e+00
1244 0 +1.988945767e-01 -7.852110542e+01 -7.852110542e+01 +3.3619e+00 -1.0562e+00 -2.0907e+00 +2.8597e-01 -1.7091e+00
% f evaluations | g evaluations | best noise-free fitness - Fopt (-4.151000000000e+01) + sum g_i+ | measured fitness | best measured fitness or single-digit g-values | x1 | x2...
1 0 +9.388282350e+05 +9.387867250e+05 +9.387867250e+05 +5.9671e-01 -3.8264e-02 +7.4769e-01 +1.6230e+00 -1.3415e-01
2 0 +1.480288100e+05 +1.479873000e+05 +1.479873000e+05 -1.3414e-01 +1.6792e+00 +8.6743e-01 -3.6947e-01 +6.4256e-01
9 0 +5.813112524e+04 +5.808961524e+04 +5.808961524e+04 +8.3847e-01 +2.7137e-01 -1.5648e-02 -2.0110e-01 -1.3785e+00
14 0 +2.106877194e+04 +2.102726194e+04 +2.102726194e+04 +1.4562e+00 +2.7990e-02 +1.1035e+00 +4.6164e-01 -5.4512e-01
18 0 +1.990425982e+04 +1.986274982e+04 +1.986274982e+04 -4.0176e-01 +1.0154e+00 +4.2875e-01 -4.2976e-01 +6.1327e-01
28 0 +1.936514251e+03 +1.895004251e+03 +1.895004251e+03 +1.5197e-01 +6.8415e-01 +1.5515e+00 -4.9066e-01 +8.1971e-01
43 0 +2.129820212e+02 +1.714720212e+02 +1.714720212e+02 +1.1500e+00 +7.6050e-02 -3.3039e-01 -6.1425e-01 -1.3211e+00
86 0 +1.532797180e+02 +1.117697180e+02 +1.117697180e+02 +1.2994e+00 -2.0222e-01 -3.7200e-01 -7.5124e-01 -1.1807e+00
94 0 +3.970139859e+01 -1.808601409e+00 -1.808601409e+00 +1.1656e+00 +4.4370e-01 +5.5756e-01 -7.3637e-02 -1.2789e+00
180 0 +2.829069875e+01 -1.321930125e+01 -1.321930125e+01 +8.5660e-01 +2.5784e-01 +4.4952e-02 -1.4743e-01 -1.7092e-01
291 0 +2.393075117e+01 -1.757924883e+01 -1.757924883e+01 +6.3531e-01 +6.3712e-01 -5.0206e-01 -1.9340e-02 -7.1386e-01
568 0 +4.911178015e+00 -3.659882198e+01 -3.659882198e+01 +1.4700e+00 -1.0391e+00 -3.1707e+00 -2.0895e+00 -2.6134e+00
627 0 +4.480656335e+00 -3.702934366e+01 -3.702934366e+01 +1.8930e+00 -1.7209e+00 -3.8019e+00 -2.8804e+00 -3.3502e+00
737 0 +2.237705990e+00 -3.927229401e+01 -3.927229401e+01 +3.0941e+00 -1.6429e+00 -2.0669e+00 -1.5333e+00 -4.4429e+00
807 0 +8.394959303e-01 -4.067050407e+01 -4.067050407e+01 +2.1708e+00 -9.1519e-01 -3.0361e+00 -7.1853e-01 -3.1047e+00
874 0 +6.954400615e-01 -4.081455994e+01 -4.081455994e+01 +2.5068e+00 -1.4595e+00 -2.6723e+00 -1.3798e+00 -3.2820e+00
912 0 +3.168004664e-01 -4.119319953e+01 -4.119319953e+01 +2.3849e+00 -1.1675e+00 -3.0721e+00 -1.2233e+00 -3.7556e+00
958 0 +1.173171985e-01 -4.139268280e+01 -4.139268280e+01 +2.2756e+00 -1.1696e+00 -3.1050e+00 -1.2269e+00 -3.4336e+00
960 0 +1.042221844e-01 -4.140577782e+01 -4.140577782e+01 +2.3869e+00 -1.3019e+00 -3.2451e+00 -1.3526e+00 -3.6331e+00
1009 0 +1.029933311e-01 -4.140700667e+01 -4.140700667e+01 +2.5701e+00 -1.3320e+00 -3.1641e+00 -1.1895e+00 -3.8320e+00
1033 0 +1.022629496e-01 -4.140773705e+01 -4.140773705e+01 +2.6142e+00 -1.3244e+00 -3.0718e+00 -1.1520e+00 -3.8878e+00
1034 0 +7.603092565e-02 -4.143396907e+01 -4.143396907e+01 +2.4166e+00 -1.2408e+00 -2.9316e+00 -1.2231e+00 -3.5614e+00
1051 0 +3.776232043e-02 -4.147223768e+01 -4.147223768e+01 +2.5178e+00 -1.2591e+00 -2.9357e+00 -1.1622e+00 -3.7314e+00
1061 0 +2.522917056e-02 -4.148477083e+01 -4.148477083e+01 +2.4800e+00 -1.2974e+00 -3.0110e+00 -1.2432e+00 -3.6560e+00
1086 0 +1.561650814e-02 -4.149438349e+01 -4.149438349e+01 +2.4407e+00 -1.2950e+00 -3.0431e+00 -1.2903e+00 -3.6268e+00
1105 0 +1.274842699e-02 -4.149725157e+01 -4.149725157e+01 +2.4677e+00 -1.2318e+00 -3.0007e+00 -1.1916e+00 -3.7341e+00
1108 0 +1.083436814e-02 -4.149916563e+01 -4.149916563e+01 +2.4422e+00 -1.2630e+00 -3.0352e+00 -1.2762e+00 -3.7022e+00
1118 0 +9.488823082e-03 -4.150051118e+01 -4.150051118e+01 +2.3938e+00 -1.2271e+00 -3.0541e+00 -1.2833e+00 -3.6806e+00
1132 0 +8.474574606e-03 -4.150152543e+01 -4.150152543e+01 +2.4094e+00 -1.2503e+00 -3.1111e+00 -1.2880e+00 -3.6954e+00
1134 0 +6.902075401e-03 -4.150309792e+01 -4.150309792e+01 +2.4375e+00 -1.2652e+00 -3.0402e+00 -1.2763e+00 -3.6840e+00
1136 0 +6.152199924e-03 -4.150384780e+01 -4.150384780e+01 +2.3961e+00 -1.1895e+00 -3.0591e+00 -1.2320e+00 -3.7275e+00
1154 0 +1.551044989e-03 -4.150844896e+01 -4.150844896e+01 +2.3948e+00 -1.2122e+00 -3.0714e+00 -1.2601e+00 -3.7032e+00
1215 0 +1.444483281e-03 -4.150855552e+01 -4.150855552e+01 +2.4054e+00 -1.2237e+00 -3.0665e+00 -1.2620e+00 -3.7019e+00
% f evaluations | g evaluations | best noise-free fitness - Fopt (1.320700000000e+02) + sum g_i+ | measured fitness | best measured fitness or single-digit g-values | x1 | x2...
1 0 +7.727138685e+06 +7.727270755e+06 +7.727270755e+06 +5.9671e-01 -3.8264e-02 +7.4769e-01 +1.6230e+00 -1.3415e-01
2 0 +2.334265506e+05 +2.335586206e+05 +2.335586206e+05 -1.3414e-01 +1.6792e+00 +8.6743e-01 -3.6947e-01 +6.4256e-01
4 0 +1.974097677e+05 +1.975418377e+05 +1.975418377e+05 -4.6229e-01 -9.1283e-01 +4.1425e-01 -8.0802e-01 -1.3123e+00
5 0 +1.788515125e+05 +1.789835825e+05 +1.789835825e+05 +1.5656e+00 -1.2578e-01 +1.6753e-01 -1.3247e+00 -4.4438e-01
7 0 +9.979845604e+04 +9.993052604e+04 +9.993052604e+04 -5.0171e-01 +1.9523e+00 +8.6503e-02 -9.5771e-01 +9.2254e-01
13 0 +3.517587893e+04 +3.530794893e+04 +3.530794893e+04 -3.7917e-01 -8.5659e-02 -1.0063e+00 -1.0962e+00 +9.1253e-01
21 0 +1.978150117e+03 +2.110220117e+03 +2.110220117e+03 -1.3154e+00 -3.2065e-01 -2.4271e-01 -7.0228e-01 -6.1286e-02
27 0 +6.278011675e+02 +7.598711675e+02 +7.598711675e+02 -5.1482e-01 +9.7834e-01 +3.9923e-01 -8.6882e-01 -4.4718e-01
52 0 +3.064482874e+01 +1.627148287e+02 +1.627148287e+02 +5.0032e-01 +1.9136e-01 +6.5545e-01 -1.3995e+00 -5.3102e-01
205 0 +3.000831903e+01 +1.620783190e+02 +1.620783190e+02 -1.1621e-01 +2.5346e-01 +9.7051e-01 -1.1844e+00 -8.7787e-02
207 0 +2.907786901e+01 +1.611478690e+02 +1.611478690e+02 +1.4075e-01 -2.2190e-01 +9.8926e-01 -1.3558e+00 -2.1046e-01
228 0 +2.458437290e+01 +1.566543729e+02 +1.566543729e+02 +3.0992e-01 +2.6221e-01 +1.4082e+00 -1.3878e+00 -3.9950e-01
307 0 +1.016693589e+01 +1.422369359e+02 +1.422369359e+02 -1.0244e+00 +2.0673e+00 +8.6945e-01 -5.5053e-01 +1.8368e-01
929 0 +6.869904059e+00 +1.389399041e+02 +1.389399041e+02 -1.6182e+00 +4.2005e+00 +3.5512e+00 -2.5978e-01 +7.0825e-02
934 0 +3.257010300e+00 +1.353270103e+02 +1.353270103e+02 -3.2466e+00 +3.2566e+00 +4.1241e+00 +2.5985e-02 -9.3135e-01
1018 0 +2.740199136e+00 +1.348101991e+02 +1.348101991e+02 -2.3856e+00 +4.3031e+00 +2.3008e+00 +1.6280e-01 +5.1920e-01
1038 0 +2.595132846e+00 +1.346651328e+02 +1.346651328e+02 -3.3804e+00 +2.9644e+00 +2.6385e+00 +1.8902e-01 -5.5949e-01
1042 0 +1.526494514e+00 +1.335964945e+02 +1.335964945e+02 -2.3414e+00 +4.3485e+00 +3.5010e+00 +6.9048e-02 +9.6452e-01
1062 0 +9.559172361e-01 +1.330259172e+02 +1.330259172e+02 -2.0535e+00 +3.1565e+00 +3.2488e+00 -2.3364e-01 +4.0273e-01
1080 0 +8.289729115e-01 +1.328989729e+02 +1.328989729e+02 -2.2407e+00 +3.1812e+00 +2.9257e+00 -1.2575e-01 +5.3114e-01
1108 0 +7.043405979e-01 +1.327743406e+02 +1.327743406e+02 -2.7127e+00 +4.3357e+00 +2.5603e+00 +2.4409e-01 +3.1310e-01
1123 0 +4.614712970e-01 +1.325314713e+02 +1.325314713e+02 -2.6848e+00 +3.3716e+00 +3.4655e+00 -7.3743e-03 +3.2392e-01
1157 0 +2.540059635e-01 +1.323240060e+02 +1.323240060e+02 -2.3711e+00 +3.4312e+00 +3.0929e+00 -8.4144e-02 +9.4743e-02
1160 0 +2.832143982e-02 +1.320983214e+02 +1.320983214e+02 -2.4502e+00 +3.8465e+00 +3.1192e+00 +1.6957e-02 +2.3603e-01
% f evaluations | g evaluations | best noise-free fitness - Fopt (9.725000000000e+01) + sum g_i+ | measured fitness | best measured fitness or single-digit g-values | x1 | x2...
1 0 +1.329426951e+06 +1.329524201e+06 +1.329524201e+06 +5.9671e-01 -3.8264e-02 +7.4769e-01 +1.6230e+00 -1.3415e-01
2 0 +7.476824281e+05 +7.477796781e+05 +7.477796781e+05 -1.3414e-01 +1.6792e+00 +8.6743e-01 -3.6947e-01 +6.4256e-01
15 0 +3.833873350e+05 +3.834845850e+05 +3.834845850e+05 +4.6140e-01 +1.6380e+00 +6.4174e-02 +1.6646e+00 -2.5197e+00
22 0 +6.934652941e+04 +6.944377941e+04 +6.944377941e+04 +5.0405e-01 +1.9862e+00 +2.7458e-01 +3.5755e-01 +2.5554e-02
40 0 +1.683861584e+04 +1.693586584e+04 +1.693586584e+04 +1.4095e-01 +3.7220e-01 -9.8984e-01 +2.8664e+00 +2.7936e-01
45 0 +1.865960048e+03 +1.963210048e+03 +1.963210048e+03 -6.1304e-02 +1.7365e+00 -8.1651e-01 +3.0496e+00 -2.7968e+00
49 0 +4.939591248e+02 +5.912091248e+02 +5.912091248e+02 -6.6463e-02 +3.4627e+00 +2.0603e+00 +4.2301e-01 -1.2345e+00
152 0 +2.758833503e+01 +1.248383350e+02 +1.248383350e+02 -1.7079e+00 +2.0565e+00 +4.1243e-01 +2.0916e+00 -4.2419e-01
209 0 +1.804220238e+01 +1.152922024e+02 +1.152922024e+02 -1.4959e-01 +7.6450e-01 -1.6330e+00 +2.0244e+00 +3.6116e-01
375 0 +1.788067558e+01 +1.151306756e+02 +1.151306756e+02 -1.0463e+00 +2.2319e+00 +2.4448e-01 +1.3677e+00 -1.9287e-01
409 0 +1.380348559e+01 +1.110534856e+02 +1.110534856e+02 -7.9852e-01 +2.7441e+00 +2.1259e+00 +5.7119e-01 +5.8714e-01
457 0 +9.696900848e+00 +1.069469008e+02 +1.069469008e+02 +1.7863e-01 +2.6295e+00 +4.0187e-01 -3.3867e-01 +8.4529e-01
506 0 +9.255491674e+00 +1.065054917e+02 +1.065054917e+02 +4.7287e-01 +2.5929e+00 -4.5375e-01 -7.5342e-01 +1.0017e+00
755 0 +6.322496214e+00 +1.035724962e+02 +1.035724962e+02 +3.7115e-01 +2.4938e+00 +9.4157e-01 -4.1656e-01 +1.3117e+00
802 0 +6.283399446e+00 +1.035333994e+02 +1.035333994e+02 +2.0085e+00 +4.3865e-01 -2.2216e-01 +8.4001e-01 +1.8699e+00
856 0 +4.163502367e+00 +1.014135024e+02 +1.014135024e+02 +1.6475e+00 +1.6770e-01 +9.6219e-01 +1.0833e+00 +2.7765e+00
894 0 +3.909625210e+00 +1.011596252e+02 +1.011596252e+02 +1.2627e+00 +8.1741e-01 +1.2149e+00 +1.0770e+00 +1.8544e+00
1145 0 +1.124483384e+00 +9.837448338e+01 +9.837448338e+01 +6.8800e-01 +6.8736e-01 +5.5867e-01 +9.9648e-01 +2.3833e+00
1221 0 +1.113272416e+00 +9.836327242e+01 +9.836327242e+01 +4.9831e-02 +8.7585e-01 +7.3394e-01 +2.9263e-01 +3.6148e+00
1222 0 +3.019240195e-01 +9.755192402e+01 +9.755192402e+01 +9.0173e-01 +1.1520e+00 +2.3588e-01 -1.0712e-01 +2.8728e+00
% f evaluations | g evaluations | best noise-free fitness - Fopt (-2.033000000000e+01) + sum g_i+ | measured fitness | best measured fitness or single-digit g-values | x1 | x2...
1 0 +1.500255837e+05 +1.500052537e+05 +1.500052537e+05 +5.9671e-01 -3.8264e-02 +7.4769e-01 +1.6230e+00 -1.3415e-01
8 0 +6.846458017e+03 +6.826128017e+03 +6.826128017e+03 -1.1208e+00 +3.0886e-01 -1.8597e+00 -1.2282e+00 +2.9686e-01
12 0 +3.965149527e+03 +3.944819527e+03 +3.944819527e+03 +1.0313e+00 -7.3922e-01 -2.0921e-01 +4.3126e-01 +1.0755e+00
36 0 +8.176283840e+02 +7.972983840e+02 +7.972983840e+02 -2.3368e-01 +3.4121e-01 -2.9710e-01 -7.9432e-01 +1.6975e+00
70 0 +5.139197576e+02 +4.935897576e+02 +4.935897576e+02 -3.0301e-01 -1.1950e+00 -4.7801e-01 -6.6480e-01 +7.0954e-01
75 0 +8.311906714e+01 +6.278906714e+01 +6.278906714e+01 +9.8366e-01 +3.5188e-01 -1.9362e-01 -3.0744e-01 +2.6116e+00
304 0 +4.566425902e+01 +2.533425902e+01 +2.533425902e+01 +2.9461e+00 +4.5582e+00 -5.4898e-01 +1.5590e+00 +3.0830e+00
428 0 +2.153390532e+01 +1.203905318e+00 +1.203905318e+00 +3.1157e+00 +8.3913e-01 -1.5213e+00 +2.4563e+00 -2.2253e-01
500 0 +1.172611553e+01 -8.603884470e+00 -8.603884470e+00 +4.2790e+00 +4.4464e+00 -2.1582e-01 +3.9107e+00 +8.0658e-01
526 0 +6.314413573e+00 -1.401558643e+01 -1.401558643e+01 +3.5039e+00 +3.7978e+00 +1.5147e+00 +3.8975e+00 +6.2406e-01
606 0 +3.990081698e+00 -1.633991830e+01 -1.633991830e+01 +3.5074e+00 +2.4836e+00 +1.8566e+00 +3.9886e+00 +2.6354e-01
630 0 +7.644857518e-01 -1.956551425e+01 -1.956551425e+01 +3.5339e+00 +2.7076e+00 +1.4717e+00 +3.3269e+00 +1.3768e+00
631 0 +5.874057469e-01 -1.974259425e+01 -1.974259425e+01 +4.0247e+00 +2.7463e+00 +1.6002e+00 +3.3287e+00 +2.2057e+00
816 0 +5.317741800e-01 -1.979822582e+01 -1.979822582e+01 +4.2352e+00 +2.0101e+00 +1.7269e+00 +3.6954e+00 +1.6707e+00
840 0 +4.386886433e-01 -1.989131136e+01 -1.989131136e+01 +4.3326e+00 +2.2319e+00 +1.5874e+00 +3.6070e+00 +1.9618e+00
863 0 +3.639158608e-01 -1.996608414e+01 -1.996608414e+01 +4.0657e+00 +2.4621e+00 +1.3844e+00 +3.3930e+00 +1.9085e+00
865 0 +2.993451130e-01 -2.003065489e+01 -2.003065489e+01 +4.2738e+00 +2.3222e+00 +1.9325e+00 +3.7187e+00 +1.9249e+00
903 0 +2.791195034e-01 -2.005088050e+01 -2.005088050e+01 +4.2240e+00 +2.7243e+00 +1.6330e+00 +3.6245e+00 +1.9576e+00
913 0 +2.254951972e-01 -2.010450480e+01 -2.010450480e+01 +4.1235e+00 +2.4405e+00 +1.7924e+00 +3.5563e+00 +1.9514e+00
938 0 +2.071295714e-01 -2.012287043e+01 -2.012287043e+01 +4.1076e+00 +2.7214e+00 +1.6195e+00 +3.5134e+00 +1.9850e+00
940 0 +1.935258343e-01 -2.013647417e+01 -2.013647417e+01 +4.1623e+00 +2.6605e+00 +1.6082e+00 +3.4932e+00 +2.0778e+00
941 0 +1.905207208e-01 -2.013947928e+01 -2.013947928e+01 +4.1656e+00 +2.6362e+00 +1.6784e+00 +3.5318e+00 +2.0479e+00
967 0 +1.765556715e-01 -2.015344433e+01 -2.015344433e+01 +3.9329e+00 +2.5778e+00 +1.5532e+00 +3.3369e+00 +1.9675e+00
971 0 +5.671178675e-02 -2.027328821e+01 -2.027328821e+01 +4.0236e+00 +2.5168e+00 +1.7544e+00 +3.4714e+00 +1.9638e+00
990 0 +4.169005421e-02 -2.028830995e+01 -2.028830995e+01 +4.0612e+00 +2.4792e+00 +1.8089e+00 +3.4794e+00 +2.0294e+00
998 0 +3.401709153e-02 -2.029598291e+01 -2.029598291e+01 +4.0078e+00 +2.4837e+00 +1.8391e+00 +3.4219e+00 +2.0803e+00
1026 0 +2.566325379e-02 -2.030433675e+01 -2.030433675e+01 +4.0004e+00 +2.4931e+00 +2.0020e+00 +3.5265e+00 +1.9836e+00
1033 0 +2.444032704e-02 -2.030555967e+01 -2.030555967e+01 +3.8443e+00 +2.4368e+00 +1.8798e+00 +3.3592e+00 +1.9675e+00
1047 0 +2.300246995e-02 -2.030699753e+01 -2.030699753e+01 +4.0353e+00 +2.5197e+00 +1.8471e+00 +3.4398e+00 +2.1050e+00
1065 0 +1.790736082e-02 -2.031209264e+01 -2.031209264e+01 +3.9758e+00 +2.4736e+00 +1.9736e+00 +3.4696e+00 +2.0294e+00
1068 0 +1.366358495e-02 -2.031633642e+01 -2.031633642e+01 +3.9612e+00 +2.5098e+00 +1.9408e+00 +3.4807e+00 +1.9764e+00
1083 0 +1.126361368e-02 -2.031873639e+01 -2.031873639e+01 +3.9591e+00 +2.4178e+00 +1.9628e+00 +3.4296e+00 +2.0551e+00
1089 0 +6.563609951e-03 -2.032343639e+01 -2.032343639e+01 +3.9732e+00 +2.4415e+00 +1.9599e+00 +3.4324e+00 +2.0768e+00
1137 0 +6.483677384e-03 -2.032351632e+01 -2.032351632e+01 +3.9319e+00 +2.4341e+00 +1.9649e+00 +3.4241e+00 +2.0319e+00
1151 0 +3.880654037e-03 -2.032611935e+01 -2.032611935e+01 +3.9316e+00 +2.4599e+00 +1.9372e+00 +3.4301e+00 +2.0097e+00
1176 0 +3.415285886e-03 -2.032658471e+01 -2.032658471e+01 +3.9160e+00 +2.4675e+00 +1.9625e+00 +3.4083e+00 +2.0474e+00
1192 0 +2.352371589e-03 -2.032764763e+01 -2.032764763e+01 +3.9077e+00 +2.5214e+00 +1.9611e+00 +3.4101e+00 +2.0479e+00
1230 0 +6.096968423e-04 -2.032939030e+01 -2.032939030e+01 +3.9422e+00 +2.5061e+00 +1.9265e+00 +3.4272e+00 +2.0388e+00
% f evaluations | g evaluations | best noise-free fitness - Fopt (9.431000000000e+01) + sum g_i+ | measured fitness | best measured fitness or single-digit g-values | x1 | x2...
1 0 +4.280837524e+06 +4.280931834e+06 +4.280931834e+06 +5.9671e-01 -3.8264e-02 +7.4769e-01 +1.6230e+00 -1.3415e-01
2 0 +1.344197137e+04 +1.353628137e+04 +1.353628137e+04 -1.3414e-01 +1.6792e+00 +8.6743e-01 -3.6947e-01 +6.4256e-01
18 0 +5.170541366e+01 +1.460154137e+02 +1.460154137e+02 -4.0176e-01 +1.0154e+00 +4.2875e-01 -4.2976e-01 +6.1327e-01
171 0 +3.862776984e+01 +1.329377698e+02 +1.329377698e+02 -1.0563e+00 +8.9141e-01 +6.0624e-01 -3.1967e-01 +8.7202e-01
625 0 +2.531717757e+01 +1.196271776e+02 +1.196271776e+02 -9.5206e-01 +1.5166e+00 +2.4034e+00 -2.3550e-01 +3.1900e+00
800 0 +1.858763620e+01 +1.128976362e+02 +1.128976362e+02 -3.3095e-01 +3.1730e+00 +2.6147e+00 +9.6443e-01 +1.9396e+00
836 0 +1.336367190e+01 +1.076736719e+02 +1.076736719e+02 -1.1262e+00 +3.2396e+00 +3.1937e+00 +9.2537e-01 +2.2593e+00
857 0 +1.108659164e+01 +1.053965916e+02 +1.053965916e+02 -1.8934e+00 +1.9210e+00 +2.7143e+00 +8.0167e-01 +3.5388e+00
876 0 +1.013994743e+01 +1.044499474e+02 +1.044499474e+02 -4.3818e+00 +1.5204e+00 +4.4148e+00 -3.5017e-01 +4.3153e+00
877 0 +6.176851020e+00 +1.004868510e+02 +1.004868510e+02 -3.0499e+00 +3.8145e+00 +4.9293e+00 +2.1520e+00 +4.5093e+00
888 0 +5.563671603e+00 +9.987367160e+01 +9.987367160e+01 -1.9314e+00 +4.2917e+00 +4.5658e+00 +2.2525e+00 +3.7285e+00
918 0 +2.905251496e+00 +9.721525150e+01 +9.721525150e+01 -3.6010e+00 +4.0550e+00 +4.5467e+00 +3.0532e+00 +3.9999e+00
953 0 +1.796122831e+00 +9.610612283e+01 +9.610612283e+01 -3.9382e+00 +3.3493e+00 +4.2330e+00 +2.8952e+00 +4.5038e+00
1005 0 +1.672008954e+00 +9.598200895e+01 +9.598200895e+01 -3.6464e+00 +3.1877e+00 +4.1068e+00 +2.9078e+00 +4.8609e+00
1023 0 +8.919116255e-01 +9.520191163e+01 +9.520191163e+01 -3.6500e+00 +3.0786e+00 +4.5170e+00 +1.4700e+00 +3.9937e+00
1070 0 +4.142675558e-01 +9.472426756e+01 +9.472426756e+01 -3.6185e+00 +3.5141e+00 +4.1439e+00 +2.5078e+00 +3.6862e+00
1073 0 +3.063594117e-01 +9.461635941e+01 +9.461635941e+01 -3.3560e+00 +2.9194e+00 +3.7583e+00 +2.1253e+00 +3.9636e+00
1110 0 +1.285045523e-01 +9.443850455e+01 +9.443850455e+01 -3.8126e+00 +3.1488e+00 +4.0694e+00 +2.3805e+00 +4.0435e+00
1160 0 +8.956400906e-02 +9.439956401e+01 +9.439956401e+01 -3.7330e+00 +3.1280e+00 +3.9947e+00 +2.1003e+00 +3.6331e+00
1202 0 +7.771791433e-02 +9.438771791e+01 +9.438771791e+01 -3.7250e+00 +3.1266e+00 +4.0032e+00 +2.1323e+00 +3.7015e+00
1208 0 +4.786491867e-02 +9.435786492e+01 +9.435786492e+01 -3.8613e+00 +3.1965e+00 +4.0110e+00 +2.3345e+00 +3.7225e+00
1227 0 +2.427260233e-02 +9.433427260e+01 +9.433427260e+01 -3.8075e+00 +3.0985e+00 +3.9165e+00 +2.3385e+00 +3.8048e+00
1229 0 +2.103419699e-02 +9.433103420e+01 +9.433103420e+01 -3.8864e+00 +3.0433e+00 +3.9405e+00 +2.2679e+00 +3.8218e+00
