% f evaluations | g evaluations | best noise-free fitness - Fopt (7.627000000000e+01) + sum g_i+ | measured fitness | best measured fitness or single-digit g-values | x1 | x2...
1 0 +7.735598947e+06 +7.735675217e+06 +7.735675217e+06 +5.9671e-01 -3.8264e-02 +7.4769e-01 +1.6230e+00 -1.3415e-01
3 0 +6.089780784e+05 +6.090543484e+05 +6.090543484e+05 -3.6342e-01 -3.6573e-01 +3.4196e-01 -1.8133e+00 -1.6249e+00
4 0 +5.714869104e+05 +5.715631804e+05 +5.715631804e+05 -4.6229e-01 -9.1283e-01 +4.1425e-01 -8.0802e-01 -1.3123e+00
25 0 +4.762531333e+05 +4.763294033e+05 +4.763294033e+05 +8.9103e-01 -8.0939e-01 +1.5028e+00 -1.3019e+00 +6.8686e-01
28 0 +2.443877578e+05 +2.444640278e+05 +2.444640278e+05 -1.8702e+00 -2.3763e+00 +2.3534e+00 +8.7563e-01 -2.5901e+00
36 0 +3.363057064e+04 +3.370684064e+04 +3.370684064e+04 -1.3117e-01 +4.1499e-02 +2.3491e+00 -2.9738e+00 -3.2504e-01
44 0 +6.446436172e+03 +6.522706172e+03 +6.522706172e+03 +8.7672e-01 -2.1043e+00 +1.2885e+00 +1.4102e-01 -1.9309e+00
50 0 +2.664425090e+02 +3.427125090e+02 +3.427125090e+02 -3.4537e-01 -1.8371e+00 +1.3456e+00 -4.0140e-01 -5.6498e-01
189 0 +8.753848225e+01 +1.638084823e+02 +1.638084823e+02 +4.3018e-01 -2.7074e-01 +4.2348e+00 -2.0294e+00 +2.3970e+00
307 0 +1.782955095e+01 +9.409955095e+01 +9.409955095e+01 -2.0259e+00 -1.1962e+00 +1.6813e+00 -1.0590e+00 -2.3313e-01
756 0 +1.563232191e+01 +9.190232191e+01 +9.190232191e+01 -5.2063e-02 -1.3021e+00 +2.4189e-01 -2.3054e+00 -6.1743e-01
777 0 +1.347286806e+01 +8.974286806e+01 +8.974286806e+01 -1.1801e+00 -1.8083e+00 +8.5350e-01 -7.9567e-01 +3.7151e-01
790 0 +4.348137034e+00 +8.061813703e+01 +8.061813703e+01 -1.1469e+00 -2.3241e+00 -1.0395e+00 -9.2511e-01 -1.1195e+00
913 0 +1.607460749e+00 +7.787746075e+01 +7.787746075e+01 -1.6913e+00 -2.7831e+00 -1.3176e+00 -1.0701e-01 -1.1632e+00
948 0 +1.209908820e+00 +7.747990882e+01 +7.747990882e+01 -1.2767e+00 -2.7848e+00 -1.1019e+00 -6.9413e-02 -1.0644e+00
970 0 +5.558110689e-01 +7.682581107e+01 +7.682581107e+01 -1.4768e+00 -3.2096e+00 -1.7271e+00 +4.7792e-01 -1.8823e+00
988 0 +5.145471971e-01 +7.678454720e+01 +7.678454720e+01 -1.1479e+00 -3.2824e+00 -1.7042e+00 +4.6574e-01 -1.3571e+00
1048 0 +4.001002660e-01 +7.667010027e+01 +7.667010027e+01 -8.2617e-01 -3.2489e+00 -1.7970e+00 +3.3888e-01 -1.8577e+00
1088 0 +1.960434201e-01 +7.646604342e+01 +7.646604342e+01 -1.0303e+00 -3.2485e+00 -1.4278e+00 +5.8455e-01 -1.4572e+00
1110 0 +1.880827943e-01 +7.645808279e+01 +7.645808279e+01 -7.8846e-01 -3.1603e+00 -1.5576e+00 +3.1176e-01 -1.7389e+00
1144 0 +1.256275891e-01 +7.639562759e+01 +7.639562759e+01 -8.9574e-01 -3.1651e+00 -1.5091e+00 +4.0134e-01 -1.8542e+00
1159 0 +8.775643658e-02 +7.635775644e+01 +7.635775644e+01 -1.1296e+00 -3.0794e+00 -1.3033e+00 +4.4885e-01 -1.8912e+00
1171 0 +3.584406197e-02 +7.630584406e+01 +7.630584406e+01 -9.3927e-01 -3.1298e+00 -1.3166e+00 +4.7490e-01 -1.8141e+00
% f evaluations | g evaluations | best noise-free fitness - Fopt (-2.255000000000e+01) + sum g_i+ | measured fitness | best measured fitness or single-digit g-values | x1 | x2...
1 0 +1.027514579e+05 +1.027289079e+05 +1.027289079e+05 +5.9671e-01 -3.8264e-02 +7.4769e-01 +1.6230e+00 -1.3415e-01
5 0 +6.238600631e+04 +6.236345631e+04 +6.236345631e+04 +1.5656e+00 -1.2578e-01 +1.6753e-01 -1.3247e+00 -4.4438e-01
9 0 +5.734784290e+03 +5.712234290e+03 +5.712234290e+03 +8.3847e-01 +2.7137e-01 -1.5648e-02 -2.0110e-01 -1.3785e+00
33 0 +1.528866332e+03 +1.506316332e+03 +1.506316332e+03 +1.5649e+00 +2.9110e+00 -2.2207e-01 +2.2270e+00 +1.0268e-01
53 0 +2.247616817e+02 +2.022116817e+02 +2.022116817e+02 -1.2700e-01 +3.2191e-01 +1.3779e+00 +7.8553e-01 -1.3023e+00
56 0 +1.733865006e+02 +1.508365006e+02 +1.508365006e+02 +6.5761e-01 -6.3491e-01 +7.0676e-01 +5.2595e-01 -1.0217e+00
199 0 +1.258810669e+02 +1.033310669e+02 +1.033310669e+02 -2.4212e-01 +1.8877e+00 +5.8852e-01 +2.1277e+00 -1.5323e+00
205 0 +7.323069605e+01 +5.068069605e+01 +5.068069605e+01 +7.6110e-02 +3.1784e-01 +4.3376e-01 +2.0621e-01 -1.9680e+00
307 0 +6.263180064e+01 +4.008180064e+01 +4.008180064e+01 -1.3264e+00 +1.6516e+00 +4.3502e-01 +1.4055e+00 -3.1947e+00
493 0 +6.097527272e+01 +3.842527272e+01 +3.842527272e+01 -1.4021e+00 +9.7271e-01 +2.1372e+00 +1.3605e+00 -2.0584e+00
508 0 +5.334102550e+01 +3.079102550e+01 +3.079102550e+01 -1.3048e+00 +9.4845e-01 +1.1131e+00 -2.8560e-01 -3.2436e+00
582 0 +3.386259540e+01 +1.131259540e+01 +1.131259540e+01 -7.0410e-01 +1.6481e+00 +1.8829e+00 +3.0232e-01 -1.6855e+00
727 0 +2.831405067e+01 +5.764050670e+00 +5.764050670e+00 -3.3416e-01 +2.1846e+00 +1.9009e+00 +7.2299e-01 -1.0486e+00
762 0 +2.710813526e+01 +4.558135257e+00 +4.558135257e+00 -7.2191e-02 +1.2507e+00 +2.1790e+00 +2.0392e-02 -8.1977e-01
776 0 +1.842424244e+01 -4.125757558e+00 -4.125757558e+00 +1.3533e+00 +1.2738e+00 +1.0341e+00 -1.4079e+00 -4.0612e-01
778 0 +1.540824090e+01 -7.141759098e+00 -7.141759098e+00 +7.8933e-01 +1.9868e+00 +1.7043e+00 -5.5990e-01 -2.5114e-01
780 0 +1.501277971e+01 -7.537220288e+00 -7.537220288e+00 +7.9052e-01 +1.2050e+00 +1.7632e+00 -4.3378e-01 -2.3049e-01
783 0 +1.289602696e+01 -9.653973043e+00 -9.653973043e+00 +1.3369e+00 +1.3730e+00 +1.3906e+00 -2.5831e-01 +2.1619e-01
820 0 +5.004714677e+00 -1.754528532e+01 -1.754528532e+01 +2.3364e+00 +1.7660e+00 +1.2297e+00 -2.4077e+00 +6.6747e-01
823 0 +3.923435136e+00 -1.862656486e+01 -1.862656486e+01 +2.6744e+00 +2.2910e+00 +8.9395e-01 -1.7683e+00 +1.0648e+00
910 0 +3.195876493e+00 -1.935412351e+01 -1.935412351e+01 +3.2005e+00 +3.1731e+00 +1.5494e+00 -2.7631e+00 +1.9616e+00
940 0 +2.165581529e+00 -2.038441847e+01 -2.038441847e+01 +2.1986e+00 +2.8722e+00 +1.6793e+00 -2.4298e+00 +9.2174e-01
997 0 +1.748632628e+00 -2.080136737e+01 -2.080136737e+01 +2.4282e+00 +2.1309e+00 +1.7525e+00 -2.0352e+00 +1.3212e+00
1002 0 +7.233428285e-01 -2.182665717e+01 -2.182665717e+01 +2.6609e+00 +2.1723e+00 +2.0406e+00 -3.1353e+00 +1.4792e+00
1088 0 +6.808338201e-01 -2.186916618e+01 -2.186916618e+01 +2.3190e+00 +2.3909e+00 +2.1016e+00 -2.7671e+00 +1.2438e+00
1110 0 +4.886364621e-01 -2.206136354e+01 -2.206136354e+01 +2.3077e+00 +2.3011e+00 +2.2370e+00 -2.6403e+00 +1.3657e+00
1111 0 +4.146048976e-01 -2.213539510e+01 -2.213539510e+01 +2.3943e+00 +2.2951e+00 +2.4519e+00 -2.8246e+00 +1.5763e+00
1134 0 +3.259845437e-01 -2.222401546e+01 -2.222401546e+01 +2.5473e+00 +3.0484e+00 +2.5065e+00 -2.8407e+00 +1.8593e+00
1142 0 +2.514192573e-01 -2.229858074e+01 -2.229858074e+01 +2.2487e+00 +2.6259e+00 +2.6358e+00 -2.4863e+00 +1.6716e+00
1163 0 +2.273718933e-01 -2.232262811e+01 -2.232262811e+01 +2.6203e+00 +2.6620e+00 +2.1431e+00 -2.8382e+00 +1.6408e+00
1187 0 +1.833432915e-01 -2.236665671e+01 -2.236665671e+01 +2.7160e+00 +2.2456e+00 +2.3297e+00 -2.7064e+00 +1.9059e+00
1208 0 +1.230076948e-01 -2.242699231e+01 -2.242699231e+01 +2.7532e+00 +2.4138e+00 +2.3271e+00 -2.8140e+00 +1.9294e+00
1226 0 +9.257636504e-02 -2.245742363e+01 -2.245742363e+01 +2.4403e+00 +2.5246e+00 +2.6294e+00 -2.5640e+00 +1.8666e+00
% f evaluations | g evaluations | best noise-free fitness - Fopt (1.366000000000e+01) + sum g_i+ | measured fitness | best measured fitness or single-digit g-values | x1 | x2...
1 0 +3.421703209e+06 +3.421716869e+06 +3.421716869e+06 +5.9671e-01 -3.8264e-02 +7.4769e-01 +1.6230e+00 -1.3415e-01
2 0 +2.115595205e+06 +2.115608865e+06 +2.115608865e+06 -1.3414e-01 +1.6792e+00 +8.6743e-01 -3.6947e-01 +6.4256e-01
15 0 +2.517305733e+05 +2.517442333e+05 +2.517442333e+05 +4.6140e-01 +1.6380e+00 +6.4174e-02 +1.6646e+00 -2.5197e+00
26 0 +2.115994293e+05 +2.116130893e+05 +2.116130893e+05 -5.9334e-01 +4.2961e+00 +7.9822e-01 +1.2675e+00 +2.3482e+00
29 0 +1.593578397e+05 +1.593714997e+05 +1.593714997e+05 -2.1173e+00 +1.2586e+00 +1.5447e+00 +1.9586e+00 +2.8695e-01
31 0 +9.819397908e+04 +9.820763908e+04 +9.820763908e+04 -1.1800e+00 +1.0476e+00 +1.1916e+00 +2.2513e+00 -5.0785e-01
33 0 +4.114672835e+04 +4.116038835e+04 +4.116038835e+04 -1.7182e-01 +3.0704e+00 -2.9122e+00 -1.5275e+00 -1.8035e+00
42 0 +2.112287808e+04 +2.113653808e+04 +2.113653808e+04 -3.8976e-01 +1.8129e+00 -3.3257e-02 -2.8413e-02 -1.8214e+00
43 0 +1.485672880e+02 +1.622272880e+02 +1.622272880e+02 -6.8686e-01 +6.4204e-01 +5.4891e-01 +2.6953e+00 -1.7025e+00
224 0 +6.405032643e+01 +7.771032643e+01 +7.771032643e+01 -3.0259e+00 +1.1966e+00 +2.2721e+00 +2.2337e+00 -1.4135e-01
463 0 +1.833291511e+01 +3.199291511e+01 +3.199291511e+01 -5.1178e-01 +1.9018e+00 +1.0432e+00 -1.7001e+00 -3.3668e+00
636 0 +1.105709343e+01 +2.471709343e+01 +2.471709343e+01 -2.3224e+00 +1.9461e+00 +1.1422e+00 -4.3922e-01 -1.4209e+00
664 0 +7.268074439e+00 +2.092807444e+01 +2.092807444e+01 +2.4650e-01 +2.8013e+00 +1.2935e+00 -1.6422e+00 -2.0954e+00
709 0 +5.295233553e+00 +1.895523355e+01 +1.895523355e+01 -7.5006e-01 +2.2808e+00 +1.4917e+00 -1.1399e+00 -2.1294e+00
734 0 +3.543492334e+00 +1.720349233e+01 +1.720349233e+01 +1.0331e-01 +1.9713e+00 +1.6030e+00 -4.8223e-01 -2.4773e+00
784 0 +3.449939278e+00 +1.710993928e+01 +1.710993928e+01 -8.7463e-01 +2.0235e+00 +2.0416e+00 -4.7356e-01 -1.9492e+00
797 0 +2.562857241e+00 +1.622285724e+01 +1.622285724e+01 -3.5347e-01 +1.9597e+00 +2.3552e+00 -4.5569e-01 -2.2707e+00
823 0 +1.809105028e+00 +1.546910503e+01 +1.546910503e+01 +4.5339e-01 +1.6342e+00 +2.1057e+00 +7.2760e-01 -2.1831e+00
841 0 +9.438249669e-01 +1.460382497e+01 +1.460382497e+01 +8.7640e-01 +1.8446e+00 +2.4446e+00 +7.9996e-01 -1.9393e+00
1003 0 +6.137985237e-01 +1.427379852e+01 +1.427379852e+01 +3.2681e-01 +2.3311e+00 +2.8499e+00 +1.0428e-02 -1.5240e+00
1007 0 +2.261160209e-01 +1.388611602e+01 +1.388611602e+01 +6.7156e-01 +2.4490e+00 +2.9073e+00 +2.0169e-01 -1.3085e+00
1039 0 +1.910112298e-01 +1.385101123e+01 +1.385101123e+01 +7.3821e-01 +2.3760e+00 +2.5845e+00 +1.9704e-01 -1.4704e+00
1086 0 +1.822133460e-01 +1.384221335e+01 +1.384221335e+01 +7.1080e-01 +2.3549e+00 +2.5093e+00 +3.6473e-01 -1.3511e+00
1108 0 +1.672401200e-01 +1.382724012e+01 +1.382724012e+01 +5.5200e-01 +2.2225e+00 +2.4595e+00 +2.0614e-01 -1.6480e+00
1137 0 +1.261062245e-01 +1.378610622e+01 +1.378610622e+01 +2.2570e-01 +2.2992e+00 +2.5894e+00 +9.2141e-02 -1.4678e+00
1164 0 +8.207706927e-02 +1.374207707e+01 +1.374207707e+01 +4.9544e-01 +2.3301e+00 +2.6823e+00 +1.1594e-01 -1.5117e+00
1203 0 +6.175509982e-02 +1.372175510e+01 +1.372175510e+01 +4.7756e-01 +2.1851e+00 +2.6659e+00 +2.1516e-01 -1.6710e+00
1233 0 +6.114455239e-02 +1.372114455e+01 +1.372114455e+01 +3.3275e-01 +2.1481e+00 +2.6021e+00 +3.9372e-01 -1.5198e+00
1242 0 +9.520074393e-03 +1.366952007e+01 +1.366952007e+01 +4.6448e-01 +2.1860e+00 +2.6431e+00 +3.4886e-01 -1.5497e+00
% f evaluations | g evaluations | best noise-free fitness - Fopt (9.378400000000e+02) + sum g_i+ | measured fitness | best measured fitness or single-digit g-values | x1 | x2...
1 0 +2.638980435e+05 +2.648358835e+05 +2.648358835e+05 +5.9671e-01 -3.8264e-02 +7.4769e-01 +1.6230e+00 -1.3415e-01
2 0 +1.198176286e+05 +1.207554686e+05 +1.207554686e+05 -1.3414e-01 +1.6792e+00 +8.6743e-01 -3.6947e-01 +6.4256e-01
3 0 +2.838885257e+03 +3.776725257e+03 +3.776725257e+03 -3.6342e-01 -3.6573e-01 +3.4196e-01 -1.8133e+00 -1.6249e+00
28 0 +5.777786913e+01 +9.956178691e+02 +9.956178691e+02 -4.2399e-01 +2.6063e-01 +2.5789e-01 -1.1787e+00 -8.6092e-01
90 0 +4.407863335e+01 +9.819186333e+02 +9.819186333e+02 -8.1339e-01 +7.0933e-01 -9.0309e-01 -1.0907e+00 -4.4345e-01
131 0 +3.736176831e+01 +9.752017683e+02 +9.752017683e+02 -2.1012e-01 +4.7915e-01 -6.3621e-01 -2.1979e-01 -3.1161e-01
179 0 +3.673750238e+01 +9.745775024e+02 +9.745775024e+02 -1.7980e-02 +2.7867e-01 -8.8327e-01 -7.6893e-02 -6.2981e-01
380 0 +3.438357450e+01 +9.722235745e+02 +9.722235745e+02 -2.8600e-01 -1.3208e-01 -5.5321e-01 -6.4996e-01 -5.0133e-01
387 0 +2.954560032e+01 +9.673856003e+02 +9.673856003e+02 +8.7883e-02 +6.7615e-02 +1.9493e-01 -2.3044e-01 -5.1149e-01
829 0 +2.718808987e+01 +9.650280899e+02 +9.650280899e+02 -3.5077e-01 -6.7622e-02 +4.1776e-01 -1.2871e+00 -9.8348e-01
856 0 +2.655400003e+01 +9.643940000e+02 +9.643940000e+02 -3.5827e-02 +1.6347e-01 +9.0136e-01 -1.0654e+00 -1.3582e+00
868 0 +2.585722084e+01 +9.636972208e+02 +9.636972208e+02 -2.3496e-01 +2.2957e-02 +4.3377e-01 -1.0993e+00 -1.0197e+00
877 0 +2.189718175e+01 +9.597371818e+02 +9.597371818e+02 -9.4742e-02 -2.5451e-01 +1.4222e+00 -1.4644e+00 -1.3997e+00
893 0 +1.800518994e+01 +9.558451899e+02 +9.558451899e+02 -2.6841e-01 +1.3029e-01 +1.7755e+00 -1.7603e+00 -1.4613e+00
903 0 +1.497005623e+01 +9.528100562e+02 +9.528100562e+02 +9.3438e-01 +6.0580e-01 +2.5746e+00 -5.7872e-01 -2.5793e+00
926 0 +1.117857469e+01 +9.490185747e+02 +9.490185747e+02 +4.5981e-01 +1.2290e+00 +2.6372e+00 -2.6186e-01 -9.2859e-01
961 0 +9.903939625e+00 +9.477439396e+02 +9.477439396e+02 -2.1372e-01 +2.1870e+00 +2.2509e+00 -2.3837e-01 +3.4620e-01
1022 0 +4.710651922e+00 +9.425506519e+02 +9.425506519e+02 +2.8316e-02 +2.9144e+00 +3.9259e+00 -2.5138e-01 +1.4614e-01
1125 0 +3.381903813e+00 +9.412219038e+02 +9.412219038e+02 -7.3594e-01 +2.9077e+00 +3.9543e+00 -1.5197e+00 +4.1001e-02
1138 0 +2.966372931e+00 +9.408063729e+02 +9.408063729e+02 -6.3315e-01 +3.0194e+00 +4.3828e+00 -1.4190e+00 +1.0793e-01
1157 0 +2.759836146e+00 +9.405998361e+02 +9.405998361e+02 -6.5757e-01 +3.6178e+00 +4.4987e+00 -1.2953e+00 +1.4870e-01
1211 0 +7.671612674e-01 +9.386071613e+02 +9.386071613e+02 -1.4586e-01 +3.5231e+00 +3.4891e+00 -8.4443e-01 -1.0079e+00
% f evaluations | g evaluations | best noise-free fitness - Fopt (-7.872000000000e+01) + sum g_i+ | measured fitness | best measured fitness or single-digit g-values | x1 | x2...
1 0 +7.689970713e+05 +7.689183513e+05 +7.689183513e+05 +5.9671e-01 -3.8264e-02 +7.4769e-01 +1.6230e+00 -1.3415e-01
2 0 +2.208857419e+05 +2.208070219e+05 +2.208070219e+05 -1.3414e-01 +1.6792e+00 +8.6743e-01 -3.6947e-01 +6.4256e-01
12 0 +1.361710745e+05 +1.360923545e+05 +1.360923545e+05 +1.0313e+00 -7.3922e-01 -2.0921e-01 +4.3126e-01 +1.0755e+00
14 0 +1.150850683e+05 +1.150063483e+05 +1.150063483e+05 +1.4562e+00 +2.7990e-02 +1.1035e+00 +4.6164e-01 -5.4512e-01
19 0 +6.832691260e+04 +6.824819260e+04 +6.824819260e+04 +1.9708e-01 +1.0686e+00 -6.0205e-01 -2.2766e-01 -2.9211e-01
22 0 +5.480175509e+04 +5.472303509e+04 +5.472303509e+04 +5.0405e-01 +1.9862e+00 +2.7458e-01 +3.5755e-01 +2.5554e-02
26 0 +5.124003712e+04 +5.116131712e+04 +5.116131712e+04 +2.1656e+00 +3.1420e-01 -7.4337e-01 -5.6413e-01 +1.0471e+00
29 0 +5.050754734e+04 +5.042882734e+04 +5.042882734e+04 +2.0540e+00 +2.0917e+00 -5.9909e-01 +5.0069e-03 +7.0354e-02
31 0 +1.231459288e+04 +1.223587288e+04 +1.223587288e+04 +7.5867e-01 +5.8055e-01 -9.0160e-02 -2.8749e-01 +1.2267e+00
32 0 +3.747179331e+03 +3.668459331e+03 +3.668459331e+03 +6.2714e-01 +1.0582e+00 -1.6348e+00 -6.6264e-01 +7.1879e-01
52 0 +7.611804950e+02 +6.824604950e+02 +6.824604950e+02 +2.6019e+00 +1.4784e-01 -2.0890e+00 -1.0622e+00 +2.0321e+00
89 0 +3.250213766e+01 -4.621786234e+01 -4.621786234e+01 +5.4873e-01 +2.3932e+00 -9.5762e-01 +7.6681e-02 -1.4318e+00
200 0 +3.153011803e+01 -4.718988197e+01 -4.718988197e+01 +1.4684e+00 +1.7015e+00 -8.1858e-01 -1.6078e-01 -1.8479e-01
208 0 +1.619953689e+01 -6.252046311e+01 -6.252046311e+01 +9.7998e-01 +1.3538e+00 -1.4653e+00 -3.1344e-01 -1.8222e-01
365 0 +1.453545037e+01 -6.418454963e+01 -6.418454963e+01 +1.5423e+00 +4.1005e-01 -4.2445e-01 -6.3154e-02 +5.5357e-01
413 0 +1.024644841e+01 -6.847355159e+01 -6.847355159e+01 +1.4853e+00 +3.0000e-01 -1.1800e+00 -9.8615e-02 -7.3972e-02
746 0 +7.491389447e+00 -7.122861055e+01 -7.122861055e+01 +1.5446e+00 -6.0052e-01 -1.5434e+00 -1.3476e-01 +1.1439e-01
761 0 +2.691225710e+00 -7.602877429e+01 -7.602877429e+01 +2.5067e+00 -6.9014e-01 -1.5134e+00 +6.4726e-02 -5.1240e-01
908 0 +1.884948076e+00 -7.683505192e+01 -7.683505192e+01 +2.6008e+00 -1.4891e+00 -1.8196e+00 +1.0578e-01 -5.6876e-01
919 0 +1.192526971e+00 -7.752747303e+01 -7.752747303e+01 +3.6189e+00 -1.1695e+00 -1.7197e+00 +6.8615e-02 -5.6490e-01
942 0 +1.031762891e+00 -7.768823711e+01 -7.768823711e+01 +2.8745e+00 -2.0899e+00 -2.1969e+00 +2.3110e-01 -1.0878e+00
1079 0 +7.619752950e-01 -7.795802471e+01 -7.795802471e+01 +2.9772e+00 -8.4133e-01 -2.4772e+00 +4.8540e-02 -1.4329e+00
1118 0 +6.177098134e-01 -7.810229019e+01 -7.810229019e+01 +3.1367e+00 -1.6656e+00 -1.9269e+00 +4.4225e-01 -1.7207e+00
1154 0 +3.766406430e-01 -7.834335936e+01 -7.834335936e+01 +3.2105e+00 -1.4317e+00 -2.3739e+00 +2.9941e-01 -1.8552e+00
1191 0 +2.182399831e-01 -7.850176002e+01 -7.850176002e+01 +3.3486e+00 -1.6311e+00 -2.0996e+00 +3.3295e-01 -1.5803e+00
1226 0 +1.326836403e-01 -7.858731636e+01 -7.858731636e+01 +3.3028e+00 -1.7154e+00 -1.9296e+00 +4.0366e-01 -1.5840e+00
% f evaluations | g evaluations | best noise-free fitness - Fopt (-4.151000000000e+01) + sum g_i+ | measured fitness | best measured fitness or single-digit g-values | x1 | x2...
1 0 +9.388282350e+05 +9.387867250e+05 +9.387867250e+05 +5.9671e-01 -3.8264e-02 +7.4769e-01 +1.6230e+00 -1.3415e-01
2 0 +1.480288100e+05 +1.479873000e+05 +1.479873000e+05 -1.3414e-01 +1.6792e+00 +8.6743e-01 -3.6947e-01 +6.4256e-01
9 0 +5.813112524e+04 +5.808961524e+04 +5.808961524e+04 +8.3847e-01 +2.7137e-01 -1.5648e-02 -2.0110e-01 -1.3785e+00
14 0 +2.106877194e+04 +2.102726194e+04 +2.102726194e+04 +1.4562e+00 +2.7990e-02 +1.1035e+00 +4.6164e-01 -5.4512e-01
18 0 +1.990425982e+04 +1.986274982e+04 +1.986274982e+04 -4.0176e-01 +1.0154e+00 +4.2875e-01 -4.2976e-01 +6.1327e-01
32 0 +1.936514251e+03 +1.895004251e+03 +1.895004251e+03 +1.5197e-01 +6.8415e-01 +1.5515e+00 -4.9066e-01 +8.1971e-01
33 0 +3.549763096e+02 +3.134663096e+02 +3.134663096e+02 +4.6835e-01 +5.3020e-01 +5.5600e-01 -9.1410e-01 -7.0267e-01
41 0 +5.583329252e+01 +1.432329252e+01 +1.432329252e+01 +3.4306e-01 +7.6143e-02 -6.0340e-01 -1.0423e+00 +3.5931e-01
101 0 +5.087225850e+01 +9.362258498e+00 +9.362258498e+00 +3.2727e-01 +6.9272e-01 -1.9160e-01 -5.1399e-01 -4.5781e-01
105 0 +3.698904467e+01 -4.520955332e+00 -4.520955332e+00 +6.9284e-01 +5.0719e-01 +5.4508e-01 -2.1661e-01 -2.5870e-01
221 0 +3.132226588e+01 -1.018773412e+01 -1.018773412e+01 +4.0743e-01 +5.5704e-01 -3.5590e-01 -2.1531e-01 +1.2291e-02
234 0 +2.640558712e+01 -1.510441288e+01 -1.510441288e+01 +4.2188e-01 +4.3043e-01 -2.0333e-01 -6.4389e-01 -1.8469e-01
422 0 +2.522662415e+01 -1.628337585e+01 -1.628337585e+01 +7.2507e-01 +3.2744e-01 +5.8743e-02 -5.2930e-01 -5.0489e-01
433 0 +2.119995867e+01 -2.031004133e+01 -2.031004133e+01 +7.6308e-01 +2.1812e-01 -2.9770e-01 -6.4710e-01 -6.5211e-01
468 0 +2.095844541e+01 -2.055155459e+01 -2.055155459e+01 +8.8319e-01 +2.1153e-01 -1.0708e-01 -5.8225e-01 -8.0946e-01
575 0 +1.988924101e+01 -2.162075899e+01 -2.162075899e+01 +7.5311e-01 +4.2387e-01 -2.9057e-01 -5.2581e-01 -1.0509e+00
602 0 +1.726063734e+01 -2.424936266e+01 -2.424936266e+01 +1.0088e+00 +7.0788e-01 -7.7793e-01 -4.7649e-02 -2.2398e+00
904 0 +1.347207897e+01 -2.803792103e+01 -2.803792103e+01 +4.9312e+00 -2.8798e+00 -2.7561e+00 +5.4060e-01 -3.7843e+00
910 0 +1.873192566e+00 -3.963680743e+01 -3.963680743e+01 +1.7633e+00 -7.9135e-01 -3.7766e+00 -1.7235e+00 -4.0364e+00
1095 0 +1.365203613e+00 -4.014479639e+01 -4.014479639e+01 +1.7701e+00 -5.3525e-01 -3.6068e+00 -1.1231e+00 -3.8772e+00
1124 0 +6.715026666e-01 -4.083849733e+01 -4.083849733e+01 +2.3484e+00 -1.5846e+00 -3.2574e+00 -1.8447e+00 -3.3861e+00
1249 0 +6.411660807e-01 -4.086883392e+01 -4.086883392e+01 +2.2378e+00 -1.2597e+00 -3.1169e+00 -1.1452e+00 -2.9416e+00
% f evaluations | g evaluations | best noise-free fitness - Fopt (1.320700000000e+02) + sum g_i+ | measured fitness | best measured fitness or single-digit g-values | x1 | x2...
1 0 +7.727138685e+06 +7.727270755e+06 +7.727270755e+06 +5.9671e-01 -3.8264e-02 +7.4769e-01 +1.6230e+00 -1.3415e-01
2 0 +2.334265506e+05 +2.335586206e+05 +2.335586206e+05 -1.3414e-01 +1.6792e+00 +8.6743e-01 -3.6947e-01 +6.4256e-01
4 0 +1.974097677e+05 +1.975418377e+05 +1.975418377e+05 -4.6229e-01 -9.1283e-01 +4.1425e-01 -8.0802e-01 -1.3123e+00
5 0 +1.788515125e+05 +1.789835825e+05 +1.789835825e+05 +1.5656e+00 -1.2578e-01 +1.6753e-01 -1.3247e+00 -4.4438e-01
7 0 +9.979845604e+04 +9.993052604e+04 +9.993052604e+04 -5.0171e-01 +1.9523e+00 +8.6503e-02 -9.5771e-01 +9.2254e-01
13 0 +3.517587893e+04 +3.530794893e+04 +3.530794893e+04 -3.7917e-01 -8.5659e-02 -1.0063e+00 -1.0962e+00 +9.1253e-01
21 0 +1.978150117e+03 +2.110220117e+03 +2.110220117e+03 -1.3154e+00 -3.2065e-01 -2.4271e-01 -7.0228e-01 -6.1286e-02
27 0 +1.817923953e+03 +1.949993953e+03 +1.949993953e+03 -2.6849e-01 +1.7261e-01 +1.2894e+00 -1.2205e+00 -1.1395e-01
32 0 +6.278011675e+02 +7.598711675e+02 +7.598711675e+02 -5.1482e-01 +9.7834e-01 +3.9923e-01 -8.6882e-01 -4.4718e-01
90 0 +2.539020954e+01 +1.574602095e+02 +1.574602095e+02 -1.1438e+00 -1.2393e-01 +5.1124e-01 -8.6263e-01 -3.5919e-01
177 0 +2.381225879e+01 +1.558822588e+02 +1.558822588e+02 -3.2837e-01 +7.4522e-01 +8.1762e-02 -9.4526e-01 -9.1733e-02
426 0 +2.152855722e+01 +1.535985572e+02 +1.535985572e+02 -5.5217e-01 +9.5757e-01 +3.5360e-01 -8.2403e-01 +4.6745e-01
706 0 +1.925779057e+01 +1.513277906e+02 +1.513277906e+02 -6.5544e-01 +1.3206e+00 +3.7663e-01 -7.4351e-01 +2.7710e-01
770 0 +1.872384187e+01 +1.507938419e+02 +1.507938419e+02 -6.6784e-01 +1.4473e+00 +1.1872e-01 -6.7805e-01 +5.6407e-01
782 0 +1.194999264e+01 +1.440199926e+02 +1.440199926e+02 -1.3862e+00 +1.9698e+00 +6.9949e-01 -3.5113e-01 +1.3982e+00
804 0 +1.135334673e+01 +1.434233467e+02 +1.434233467e+02 -1.3149e+00 +1.5072e+00 +1.0380e+00 -5.3920e-01 +4.6433e-01
818 0 +1.127282423e+01 +1.433428242e+02 +1.433428242e+02 -1.5980e+00 +2.3719e+00 +7.5987e-01 -2.2704e-01 +1.2790e+00
829 0 +1.082465977e+01 +1.428946598e+02 +1.428946598e+02 -2.1460e+00 +1.8875e+00 +6.2603e-01 -1.4553e-01 +6.0874e-01
846 0 +7.793377102e+00 +1.398633771e+02 +1.398633771e+02 -1.2894e+00 +2.1913e+00 +1.6540e+00 -4.6537e-01 +9.7670e-01
864 0 +3.831090109e+00 +1.359010901e+02 +1.359010901e+02 -1.7110e+00 +2.8517e+00 +2.0703e+00 -2.5413e-01 +9.5273e-01
949 0 +3.382663098e+00 +1.354526631e+02 +1.354526631e+02 -2.1309e+00 +3.1415e+00 +2.5342e+00 -7.2200e-02 +1.5103e+00
1090 0 +1.780231291e+00 +1.338502313e+02 +1.338502313e+02 -2.5055e+00 +3.4272e+00 +3.1920e+00 +1.3674e-02 +1.1044e+00
1139 0 +1.218289160e+00 +1.332882892e+02 +1.332882892e+02 -3.1646e+00 +3.8507e+00 +2.9810e+00 +3.1350e-01 +8.3998e-01
1157 0 +7.855656403e-01 +1.328555656e+02 +1.328555656e+02 -2.6840e+00 +4.0506e+00 +3.8127e+00 +5.1538e-02 +2.4813e-02
1189 0 +7.336300788e-01 +1.328036301e+02 +1.328036301e+02 -2.1486e+00 +4.4203e+00 +2.9069e+00 +8.3504e-03 -6.8919e-02
1193 0 +4.740500268e-01 +1.325440500e+02 +1.325440500e+02 -2.2274e+00 +3.8396e+00 +3.0261e+00 -4.3598e-02 +3.7806e-01
1200 0 +2.083288932e-01 +1.322783289e+02 +1.322783289e+02 -2.4406e+00 +3.8960e+00 +3.3232e+00 +1.4512e-02 +4.3377e-01
% f evaluations | g evaluations | best noise-free fitness - Fopt (9.725000000000e+01) + sum g_i+ | measured fitness | best measured fitness or single-digit g-values | x1 | x2...
1 0 +1.329426951e+06 +1.329524201e+06 +1.329524201e+06 +5.9671e-01 -3.8264e-02 +7.4769e-01 +1.6230e+00 -1.3415e-01
2 0 +7.476824281e+05 +7.477796781e+05 +7.477796781e+05 -1.3414e-01 +1.6792e+00 +8.6743e-01 -3.6947e-01 +6.4256e-01
15 0 +3.833873350e+05 +3.834845850e+05 +3.834845850e+05 +4.6140e-01 +1.6380e+00 +6.4174e-02 +1.6646e+00 -2.5197e+00
22 0 +6.934652941e+04 +6.944377941e+04 +6.944377941e+04 +5.0405e-01 +1.9862e+00 +2.7458e-01 +3.5755e-01 +2.5554e-02
33 0 +4.416835022e+04 +4.426560022e+04 +4.426560022e+04 +4.7379e-01 +4.4286e+00 +1.7431e+00 +1.7247e-01 -2.6456e+00
42 0 +4.939591248e+02 +5.912091248e+02 +5.912091248e+02 -6.6463e-02 +3.4627e+00 +2.0603e+00 +4.2301e-01 -1.2345e+00
211 0 +4.184950778e+02 +5.157450778e+02 +5.157450778e+02 -6.4221e-01 +3.5857e+00 +2.8600e+00 +1.6108e+00 -2.5803e+00
230 0 +3.398143727e+02 +4.370643727e+02 +4.370643727e+02 -1.3265e+00 +3.9493e+00 +1.4720e+00 +5.9010e-01 -1.6973e+00
236 0 +3.226066005e+02 +4.198566005e+02 +4.198566005e+02 -1.1268e+00 +3.5305e+00 +2.9417e+00 +1.2295e+00 -1.4950e+00
245 0 +3.447602385e+01 +1.317260239e+02 +1.317260239e+02 +4.2268e-02 +3.8821e+00 +2.7789e+00 -1.7341e-01 -8.7599e-01
541 0 +3.096661563e+01 +1.282166156e+02 +1.282166156e+02 -1.0688e+00 +3.4962e+00 -1.8488e+00 -5.8938e-01 -5.3616e-01
580 0 +2.133208217e+01 +1.185820822e+02 +1.185820822e+02 +3.8835e+00 +1.9840e+00 -1.8305e-01 -9.8213e-01 +2.6567e-01
606 0 +2.105134981e+01 +1.183013498e+02 +1.183013498e+02 +1.5905e+00 +1.2023e+00 +1.9923e+00 +2.2410e+00 -6.3864e-01
701 0 +1.571076119e+01 +1.129607612e+02 +1.129607612e+02 +1.7681e+00 +2.1717e+00 +2.7526e-01 -5.8166e-01 +9.6499e-01
828 0 +9.780896064e+00 +1.070308961e+02 +1.070308961e+02 +2.0446e+00 +5.0470e-01 +3.7798e-01 +1.1449e+00 +1.4900e+00
859 0 +8.797216907e+00 +1.060472169e+02 +1.060472169e+02 -1.7847e-01 +1.5676e+00 -1.2853e+00 +4.9777e-01 +1.2635e+00
883 0 +1.180718151e+00 +9.843071815e+01 +9.843071815e+01 +2.9080e-01 +1.6351e+00 +7.5073e-01 +1.5920e-01 +2.1323e+00
1047 0 +1.096121402e+00 +9.834612140e+01 +9.834612140e+01 +9.6513e-01 +5.7910e-01 -1.9036e-01 +5.2244e-01 +2.8367e+00
1095 0 +1.051715608e+00 +9.830171561e+01 +9.830171561e+01 +1.2210e+00 +9.0205e-01 -1.6234e-01 +9.1590e-02 +2.6818e+00
1105 0 +7.942056641e-01 +9.804420566e+01 +9.804420566e+01 +3.7022e-01 +1.6002e+00 +9.9868e-01 -3.2891e-01 +2.9993e+00
1113 0 +6.165069220e-01 +9.786650692e+01 +9.786650692e+01 +3.8218e-01 +1.4190e+00 +2.4753e-01 +3.3954e-03 +2.5405e+00
1124 0 +3.858699864e-01 +9.763586999e+01 +9.763586999e+01 +7.2080e-01 +8.5927e-01 +7.7042e-02 +3.3535e-01 +2.8429e+00
1152 0 +3.751031932e-01 +9.762510319e+01 +9.762510319e+01 +8.6640e-02 +1.2886e+00 +4.8887e-01 +2.8491e-02 +3.0693e+00
1158 0 +1.613531731e-01 +9.741135317e+01 +9.741135317e+01 +3.9983e-01 +8.8689e-01 +3.6185e-01 +3.1265e-01 +3.1649e+00
1180 0 +7.651874023e-02 +9.732651874e+01 +9.732651874e+01 +6.5745e-01 +1.1850e+00 +6.5432e-01 +8.2758e-02 +2.8548e+00
1245 0 +5.924879107e-02 +9.730924879e+01 +9.730924879e+01 +3.7780e-01 +1.0799e+00 +4.3640e-01 +1.5077e-01 +3.0727e+00
% f evaluations | g evaluations | best noise-free fitness - Fopt (-2.033000000000e+01) + sum g_i+ | measured fitness | best measured fitness or single-digit g-values | x1 | x2...
1 0 +1.500255837e+05 +1.500052537e+05 +1.500052537e+05 +5.9671e-01 -3.8264e-02 +7.4769e-01 +1.6230e+00 -1.3415e-01
8 0 +6.846458017e+03 +6.826128017e+03 +6.826128017e+03 -1.1208e+00 +3.0886e-01 -1.8597e+00 -1.2282e+00 +2.9686e-01
12 0 +3.965149527e+03 +3.944819527e+03 +3.944819527e+03 +1.0313e+00 -7.3922e-01 -2.0921e-01 +4.3126e-01 +1.0755e+00
27 0 +8.176283840e+02 +7.972983840e+02 +7.972983840e+02 -2.3368e-01 +3.4121e-01 -2.9710e-01 -7.9432e-01 +1.6975e+00
29 0 +5.405874518e+01 +3.372874518e+01 +3.372874518e+01 -4.3808e-01 -4.8958e-02 -2.2042e-01 +3.0151e-01 -8.5113e-01
71 0 +4.658804867e+01 +2.625804867e+01 +2.625804867e+01 -7.6286e-01 +8.5093e-01 -2.1325e-01 -8.8805e-01 +1.2349e+00
154 0 +4.651064742e+01 +2.618064742e+01 +2.618064742e+01 +5.9033e-01 -4.1289e-01 -4.3156e-01 +2.9773e-01 +4.3128e-01
280 0 +4.091464919e+01 +2.058464919e+01 +2.058464919e+01 -1.0627e-01 +2.2521e-01 -3.5994e-01 -4.7244e-02 +3.0988e-01
485 0 +3.822199299e+01 +1.789199299e+01 +1.789199299e+01 +2.5571e-01 +3.7559e-01 -2.8599e-01 +1.2668e-01 +6.1474e-01
520 0 +3.472267534e+01 +1.439267534e+01 +1.439267534e+01 +5.1808e-01 +1.5563e-01 -3.5297e-01 +4.3892e-01 +2.9880e-01
573 0 +3.440375427e+01 +1.407375427e+01 +1.407375427e+01 +7.1595e-01 +4.6506e-02 -4.9010e-01 +6.3382e-01 +9.9810e-02
684 0 +3.129658502e+01 +1.096658502e+01 +1.096658502e+01 +1.9360e+00 -4.0741e-01 -6.6741e-01 +1.4588e+00 +9.1536e-02
703 0 +2.560594172e+01 +5.275941725e+00 +5.275941725e+00 +2.3674e+00 -5.0397e-01 -6.8597e-01 +1.7369e+00 +1.6006e-01
744 0 +2.485920175e+01 +4.529201749e+00 +4.529201749e+00 +2.5105e+00 -6.7037e-01 -3.7873e-01 +2.1896e+00 -3.3844e-01
758 0 +1.246180679e+01 -7.868193207e+00 -7.868193207e+00 +2.4919e+00 +3.1943e-01 +6.1684e-01 +2.1761e+00 +6.5726e-01
817 0 +8.478962841e+00 -1.185103716e+01 -1.185103716e+01 +3.4355e+00 +7.0985e-01 +4.5747e-01 +2.4388e+00 +1.5830e+00
878 0 +8.210482101e+00 -1.211951790e+01 -1.211951790e+01 +3.0068e+00 +1.2037e+00 +3.3134e+00 +2.6413e+00 +2.6456e+00
909 0 +7.641119205e+00 -1.268888080e+01 -1.268888080e+01 +3.3443e+00 +1.7986e+00 +4.2245e+00 +3.2932e+00 +2.7206e+00
934 0 +6.045892904e+00 -1.428410710e+01 -1.428410710e+01 +4.3698e+00 +1.7329e+00 +3.0928e+00 +3.6943e+00 +2.7026e+00
952 0 +1.032888137e+00 -1.929711186e+01 -1.929711186e+01 +3.3595e+00 +1.8098e+00 +2.0720e+00 +2.8857e+00 +2.0708e+00
1085 0 +4.496827467e-01 -1.988031725e+01 -1.988031725e+01 +3.8528e+00 +1.8844e+00 +2.0100e+00 +3.3893e+00 +1.8321e+00
1128 0 +3.457059117e-01 -1.998429409e+01 -1.998429409e+01 +4.0555e+00 +2.5832e+00 +1.4187e+00 +3.2884e+00 +2.1540e+00
1218 0 +2.666276936e-01 -2.006337231e+01 -2.006337231e+01 +3.8931e+00 +2.6332e+00 +1.6432e+00 +3.5200e+00 +1.6382e+00
1236 0 +2.374796672e-01 -2.009252033e+01 -2.009252033e+01 +4.2166e+00 +2.5239e+00 +1.8222e+00 +3.4174e+00 +2.4038e+00
% f evaluations | g evaluations | best noise-free fitness - Fopt (9.431000000000e+01) + sum g_i+ | measured fitness | best measured fitness or single-digit g-values | x1 | x2...
1 0 +4.280837524e+06 +4.280931834e+06 +4.280931834e+06 +5.9671e-01 -3.8264e-02 +7.4769e-01 +1.6230e+00 -1.3415e-01
2 0 +1.344197137e+04 +1.353628137e+04 +1.353628137e+04 -1.3414e-01 +1.6792e+00 +8.6743e-01 -3.6947e-01 +6.4256e-01
18 0 +5.170541366e+01 +1.460154137e+02 +1.460154137e+02 -4.0176e-01 +1.0154e+00 +4.2875e-01 -4.2976e-01 +6.1327e-01
803 0 +5.052741756e+01 +1.448374176e+02 +1.448374176e+02 -4.4542e-01 +7.1348e-01 +2.0080e-01 -4.0998e-01 +8.2520e-01
806 0 +4.358772927e+01 +1.378977293e+02 +1.378977293e+02 -4.2150e-01 +9.8650e-01 +1.2898e-01 +7.0267e-02 +7.3389e-01
859 0 +4.355462168e+01 +1.378646217e+02 +1.378646217e+02 -8.4420e-01 +9.4771e-01 +2.0469e-01 +6.8205e-01 +1.4683e+00
880 0 +4.071915184e+01 +1.350291518e+02 +1.350291518e+02 -2.9406e+00 +3.2228e-01 -5.7024e-01 +1.4572e+00 +7.6160e-01
881 0 +3.215673117e+01 +1.264667312e+02 +1.264667312e+02 +1.9565e-02 +1.9774e+00 +2.5813e-01 +2.0852e+00 +1.7801e+00
901 0 +2.985484118e+01 +1.241648412e+02 +1.241648412e+02 -4.4418e+00 -9.9678e-02 +7.6016e-01 +6.5101e-01 +2.0740e+00
907 0 +2.537648215e+01 +1.196864821e+02 +1.196864821e+02 -8.5287e-01 +1.2529e+00 +4.5788e-01 +2.1255e+00 +3.1758e+00
913 0 +2.153788208e+01 +1.158478821e+02 +1.158478821e+02 -1.3498e+00 +1.2051e+00 +1.0783e+00 +1.1292e+00 +2.8002e+00
1012 0 +1.749745748e+01 +1.118074575e+02 +1.118074575e+02 -2.1233e+00 +6.5562e-01 +1.5491e+00 +5.5816e-01 +3.5996e+00
1040 0 +8.339924763e+00 +1.026499248e+02 +1.026499248e+02 -3.0981e+00 +1.4445e+00 +2.0686e+00 +1.8816e+00 +3.8426e+00
1076 0 +6.671035659e+00 +1.009810357e+02 +1.009810357e+02 -3.4296e+00 +2.1143e+00 +2.9747e+00 +9.2683e-01 +2.5835e+00
1087 0 +6.041295534e+00 +1.003512955e+02 +1.003512955e+02 -2.7519e+00 +2.1014e+00 +2.3245e+00 +1.7505e+00 +2.9650e+00
1130 0 +5.668192119e+00 +9.997819212e+01 +9.997819212e+01 -4.6340e+00 +2.0308e+00 +2.8246e+00 +1.5800e+00 +2.4196e+00
1131 0 +3.800516591e+00 +9.811051659e+01 +9.811051659e+01 -4.5656e+00 +2.2903e+00 +3.4998e+00 +2.0514e+00 +3.8342e+00
1152 0 +2.523053861e+00 +9.683305386e+01 +9.683305386e+01 -2.7014e+00 +2.9358e+00 +3.9827e+00 +2.1907e+00 +4.9588e+00
1154 0 +1.584156335e+00 +9.589415633e+01 +9.589415633e+01 -4.4169e+00 +3.3018e+00 +3.6874e+00 +2.6293e+00 +2.8124e+00
1241 0 +1.383192594e+00 +9.569319259e+01 +9.569319259e+01 -4.1987e+00 +2.5711e+00 +3.5698e+00 +1.5584e+00 +2.9721e+00
