% f evaluations | g evaluations | best noise-free fitness - Fopt (-4.620900000000e+02) + sum g_i+ | measured fitness | best measured fitness or single-digit g-values | x1 | x2...
1 0 +6.769176044e+01 -3.943982396e+02 -3.943982396e+02 +5.9671e-01 -3.8264e-02
2 0 +1.907677641e+01 -4.430132236e+02 -4.430132236e+02 +7.4769e-01 +1.6230e+00
24 0 +8.827095261e+00 -4.532629047e+02 -4.532629047e+02 +3.0963e-01 +2.8902e+00
41 0 +5.949383861e+00 -4.561406161e+02 -4.561406161e+02 +1.4466e+00 +2.5932e+00
190 0 +5.744650540e+00 -4.563453495e+02 -4.563453495e+02 +4.6323e-01 +1.9820e+00
202 0 +5.543465409e+00 -4.565465346e+02 -4.565465346e+02 +3.7206e-01 +2.3264e+00
204 0 +4.995658413e+00 -4.570943416e+02 -4.570943416e+02 +3.7067e-01 +1.9906e+00
254 0 +4.993702174e+00 -4.570962978e+02 -4.570962978e+02 +3.9877e-01 +1.9902e+00
261 0 +4.991122111e+00 -4.570988779e+02 -4.570988779e+02 +3.8436e-01 +1.9926e+00
262 0 +4.979319536e+00 -4.571106805e+02 -4.571106805e+02 +3.7852e-01 +1.9905e+00
272 0 +4.974978585e+00 -4.571150214e+02 -4.571150214e+02 +3.8457e-01 +1.9899e+00
324 0 +4.974791653e+00 -4.571152083e+02 -4.571152083e+02 +3.8486e-01 +1.9901e+00
% f evaluations | g evaluations | best noise-free fitness - Fopt (7.766000000000e+01) + sum g_i+ | measured fitness | best measured fitness or single-digit g-values | x1 | x2...
1 0 +2.793868229e+01 +1.055986823e+02 +1.055986823e+02 +5.9671e-01 -3.8264e-02
7 0 +1.398215735e+01 +9.164215735e+01 +9.164215735e+01 +3.4196e-01 -1.8133e+00
20 0 +1.235920957e+01 +9.001920957e+01 +9.001920957e+01 +1.2390e+00 -1.1879e+00
39 0 +7.530198705e+00 +8.519019871e+01 +8.519019871e+01 +6.3568e-01 -8.6201e-01
41 0 +4.723733658e+00 +8.238373366e+01 +8.238373366e+01 +1.4514e+00 -1.1925e+00
% f evaluations | g evaluations | best noise-free fitness - Fopt (1.156800000000e+02) + sum g_i+ | measured fitness | best measured fitness or single-digit g-values | x1 | x2...
1 0 +2.778203806e+01 +1.434620381e+02 +1.434620381e+02 +5.9671e-01 -3.8264e-02
10 0 +1.190472097e+01 +1.275847210e+02 +1.275847210e+02 -8.0802e-01 -1.3123e+00
13 0 +1.005500112e+01 +1.257350011e+02 +1.257350011e+02 +3.3889e-01 -9.3592e-01
20 0 +4.598357050e+00 +1.202783571e+02 +1.202783571e+02 +1.1254e+00 -1.0164e+00
94 0 +4.539539608e+00 +1.202195396e+02 +1.202195396e+02 +1.2390e+00 -1.2700e+00
116 0 +2.041146968e+00 +1.177211470e+02 +1.177211470e+02 +1.1840e+00 -1.2974e+00
172 0 +1.627803576e+00 +1.173078036e+02 +1.173078036e+02 +1.2132e+00 -9.9473e-01
231 0 +1.008639409e+00 +1.166886394e+02 +1.166886394e+02 +1.1870e+00 -9.8184e-01
281 0 +1.000343986e+00 +1.166803440e+02 +1.166803440e+02 +1.1844e+00 -9.8203e-01
298 0 +9.952419001e-01 +1.166752419e+02 +1.166752419e+02 +1.1828e+00 -9.8312e-01
381 0 +9.950870584e-01 +1.166750871e+02 +1.166750871e+02 +1.1818e+00 -9.8293e-01
382 0 +9.950572424e-01 +1.166750572e+02 +1.166750572e+02 +1.1823e+00 -9.8335e-01
384 0 +9.949674057e-01 +1.166749674e+02 +1.166749674e+02 +1.1821e+00 -9.8322e-01
442 0 +9.949591438e-01 +1.166749591e+02 +1.166749591e+02 +1.1819e+00 -9.8321e-01
% f evaluations | g evaluations | best noise-free fitness - Fopt (-3.710000000000e+00) + sum g_i+ | measured fitness | best measured fitness or single-digit g-values | x1 | x2...
1 0 +1.018672080e+02 +9.815720805e+01 +9.815720805e+01 +5.9671e-01 -3.8264e-02
3 0 +7.030912757e+01 +6.659912757e+01 +6.659912757e+01 -1.3415e-01 -1.3414e-01
6 0 +6.794617072e+01 +6.423617072e+01 +6.423617072e+01 -3.6342e-01 -3.6573e-01
7 0 +4.305049505e+01 +3.934049505e+01 +3.934049505e+01 +3.4196e-01 -1.8133e+00
10 0 +2.636264216e+01 +2.265264216e+01 +2.265264216e+01 -8.0802e-01 -1.3123e+00
20 0 +1.716867067e+01 +1.345867067e+01 +1.345867067e+01 +1.1079e+00 -1.3009e+00
43 0 +1.293644568e+01 +9.226445685e+00 +9.226445685e+00 +6.8194e-02 -2.5695e+00
62 0 +1.009825725e+01 +6.388257254e+00 +6.388257254e+00 +1.0806e+00 -2.5607e+00
82 0 +9.317426452e+00 +5.607426452e+00 +5.607426452e+00 +9.5677e-01 -1.9951e+00
91 0 +8.076275417e+00 +4.366275417e+00 +4.366275417e+00 +1.0807e+00 -2.5735e+00
158 0 +3.743810793e+00 +3.381079299e-02 +3.381079299e-02 +3.0267e+00 -2.0127e+00
165 0 +3.152540632e+00 -5.574593678e-01 -5.574593678e-01 +3.0840e+00 -1.9514e+00
180 0 +1.122470574e+00 -2.587529426e+00 -2.587529426e+00 +3.1052e+00 -2.6107e+00
244 0 +1.660337425e-01 -3.543966258e+00 -3.543966258e+00 +3.1203e+00 -2.3049e+00
% f evaluations | g evaluations | best noise-free fitness - Fopt (1.321800000000e+02) + sum g_i+ | measured fitness | best measured fitness or single-digit g-values | x1 | x2...
1 0 +4.799326189e+01 +1.801732619e+02 +1.801732619e+02 +5.9671e-01 -3.8264e-02
2 0 +2.836468139e+01 +1.605446814e+02 +1.605446814e+02 +7.4769e-01 +1.6230e+00
4 0 +1.516765515e+01 +1.473476552e+02 +1.473476552e+02 +1.6792e+00 +8.6743e-01
61 0 +1.483256044e+01 +1.470125604e+02 +1.470125604e+02 +1.5134e+00 +1.4480e+00
75 0 +9.233907378e+00 +1.414139074e+02 +1.414139074e+02 +1.7995e+00 +1.4283e+00
92 0 +3.383466465e+00 +1.355634665e+02 +1.355634665e+02 +2.7093e+00 +1.7838e+00
% f evaluations | g evaluations | best noise-free fitness - Fopt (-3.930000000000e+01) + sum g_i+ | measured fitness | best measured fitness or single-digit g-values | x1 | x2...
1 0 +2.526399456e+01 -1.403600544e+01 -1.403600544e+01 +5.9671e-01 -3.8264e-02
7 0 +2.296988357e+01 -1.633011643e+01 -1.633011643e+01 +3.4196e-01 -1.8133e+00
13 0 +8.820023159e+00 -3.047997684e+01 -3.047997684e+01 +6.1264e-01 -9.6317e-01
15 0 +6.269016375e+00 -3.303098362e+01 -3.303098362e+01 +6.4302e-01 -1.5579e+00
132 0 +5.140228074e+00 -3.415977193e+01 -3.415977193e+01 +6.1183e-01 -9.1884e-01
134 0 +5.093060389e+00 -3.420693961e+01 -3.420693961e+01 +5.5287e-01 -9.1857e-01
153 0 +5.041886186e+00 -3.425811381e+01 -3.425811381e+01 +6.0304e-01 -9.2258e-01
192 0 +4.977849865e+00 -3.432215013e+01 -3.432215013e+01 +5.7449e-01 -9.2299e-01
210 0 +4.975685760e+00 -3.432431424e+01 -3.432431424e+01 +5.7950e-01 -9.2452e-01
242 0 +4.974868067e+00 -3.432513193e+01 -3.432513193e+01 +5.7734e-01 -9.2381e-01
269 0 +4.974837802e+00 -3.432516220e+01 -3.432516220e+01 +5.7841e-01 -9.2394e-01
331 0 +4.974823668e+00 -3.432517633e+01 -3.432517633e+01 +5.7826e-01 -9.2405e-01
343 0 +4.974815036e+00 -3.432518496e+01 -3.432518496e+01 +5.7820e-01 -9.2393e-01
361 0 +4.974803256e+00 -3.432519674e+01 -3.432519674e+01 +5.7782e-01 -9.2391e-01
379 0 +4.974797884e+00 -3.432520212e+01 -3.432520212e+01 +5.7786e-01 -9.2404e-01
% f evaluations | g evaluations | best noise-free fitness - Fopt (4.296000000000e+01) + sum g_i+ | measured fitness | best measured fitness or single-digit g-values | x1 | x2...
1 0 +4.046972066e+01 +8.342972066e+01 +8.342972066e+01 +5.9671e-01 -3.8264e-02
2 0 +3.002448463e+01 +7.298448463e+01 +7.298448463e+01 +7.4769e-01 +1.6230e+00
23 0 +1.228715906e+01 +5.524715906e+01 +5.524715906e+01 +1.3861e+00 +2.7028e+00
24 0 +1.010788807e+01 +5.306788807e+01 +5.306788807e+01 -3.0117e-01 +1.3909e+00
35 0 +8.370024276e+00 +5.133002428e+01 +5.133002428e+01 +4.9283e-01 +1.0045e+00
63 0 +8.182845283e+00 +5.114284528e+01 +5.114284528e+01 +5.6303e-01 +1.7955e+00
82 0 +4.724361622e+00 +4.768436162e+01 +4.768436162e+01 -4.2935e-01 +1.7566e+00
173 0 +2.025124874e+00 +4.498512487e+01 +4.498512487e+01 +5.4966e-01 +1.7551e+00
475 0 +1.943867647e+00 +4.490386765e+01 +4.490386765e+01 +4.9713e-01 +1.7573e+00
482 0 +1.888108318e+00 +4.484810832e+01 +4.484810832e+01 +5.0863e-01 +1.7156e+00
% f evaluations | g evaluations | best noise-free fitness - Fopt (2.842200000000e+02) + sum g_i+ | measured fitness | best measured fitness or single-digit g-values | x1 | x2...
1 0 +3.847030376e+01 +3.226903038e+02 +3.226903038e+02 +5.9671e-01 -3.8264e-02
3 0 +2.237888868e+01 +3.065988887e+02 +3.065988887e+02 -1.3415e-01 -1.3414e-01
9 0 +1.794449201e+01 +3.021644920e+02 +3.021644920e+02 -9.1283e-01 +4.1425e-01
21 0 +1.458972761e+01 +2.988097276e+02 +2.988097276e+02 +2.2989e-01 -3.0382e-01
33 0 +1.346779763e+01 +2.976877976e+02 +2.976877976e+02 -8.6599e-01 -2.5474e-01
37 0 +1.291681265e+01 +2.971368126e+02 +2.971368126e+02 -1.0228e+00 +6.0040e-02
39 0 +1.194230470e+01 +2.961623047e+02 +2.961623047e+02 +3.1406e-01 +4.5256e-02
57 0 +1.080003770e+01 +2.950200377e+02 +2.950200377e+02 +2.3736e-01 -2.7935e-01
59 0 +8.216305019e+00 +2.924363050e+02 +2.924363050e+02 -1.5656e-02 -1.8991e-01
84 0 +7.575480818e+00 +2.917954808e+02 +2.917954808e+02 -9.6713e-03 +7.7140e-02
100 0 +4.458723656e+00 +2.886787237e+02 +2.886787237e+02 +1.4579e-01 -2.0247e-01
% f evaluations | g evaluations | best noise-free fitness - Fopt (-3.217000000000e+01) + sum g_i+ | measured fitness | best measured fitness or single-digit g-values | x1 | x2...
1 0 +4.966235278e+01 +1.749235278e+01 +1.749235278e+01 +5.9671e-01 -3.8264e-02
2 0 +2.849834123e+01 -3.671658768e+00 -3.671658768e+00 +7.4769e-01 +1.6230e+00
5 0 +2.506767867e+01 -7.102321330e+00 -7.102321330e+00 -3.6947e-01 +6.4256e-01
13 0 +2.229585984e+01 -9.874140164e+00 -9.874140164e+00 +6.3975e-01 +1.2559e+00
22 0 +2.175774234e+01 -1.041225766e+01 -1.041225766e+01 +4.4422e-01 +1.3395e+00
27 0 +1.211935942e+01 -2.005064058e+01 -2.005064058e+01 +1.6634e+00 +2.1836e+00
50 0 +1.281929666e+00 -3.088807033e+01 -3.088807033e+01 +4.7472e-01 +1.8589e+00
% f evaluations | g evaluations | best noise-free fitness - Fopt (-5.858000000000e+01) + sum g_i+ | measured fitness | best measured fitness or single-digit g-values | x1 | x2...
1 0 +8.243754111e+01 +2.385754111e+01 +2.385754111e+01 +5.9671e-01 -3.8264e-02
6 0 +6.027494718e+01 +1.694947182e+00 +1.694947182e+00 -3.6342e-01 -3.6573e-01
7 0 +2.527301329e+01 -3.330698671e+01 -3.330698671e+01 +3.4196e-01 -1.8133e+00
15 0 +1.973585829e+01 -3.884414171e+01 -3.884414171e+01 +5.4535e-01 -1.7663e+00
22 0 +1.871301691e+01 -3.986698309e+01 -3.986698309e+01 -2.8237e-01 -2.7850e+00
28 0 +6.882907706e+00 -5.169709229e+01 -5.169709229e+01 +5.9443e-01 -2.8432e+00
41 0 +5.232313984e+00 -5.334768602e+01 -5.334768602e+01 +6.7203e-01 -2.8238e+00
110 0 +4.017001155e+00 -5.456299885e+01 -5.456299885e+01 +6.2656e-01 -2.5109e+00
140 0 +3.986902862e+00 -5.459309714e+01 -5.459309714e+01 +6.4263e-01 -2.5077e+00
231 0 +3.981022179e+00 -5.459897782e+01 -5.459897782e+01 +6.3786e-01 -2.5070e+00
241 0 +3.980556413e+00 -5.459944359e+01 -5.459944359e+01 +6.3546e-01 -2.5077e+00
252 0 +3.980223876e+00 -5.459977612e+01 -5.459977612e+01 +6.3624e-01 -2.5075e+00
267 0 +3.980010303e+00 -5.459998970e+01 -5.459998970e+01 +6.3590e-01 -2.5072e+00
300 0 +3.979832618e+00 -5.460016738e+01 -5.460016738e+01 +6.3449e-01 -2.5072e+00
