% f evaluations | g evaluations | best noise-free fitness - Fopt (-4.620900000000e+02) + sum g_i+ | measured fitness | best measured fitness or single-digit g-values | x1 | x2...
1 0 +1.099430392e+02 -3.521469608e+02 -3.521469608e+02 +5.9671e-01 -3.8264e-02 +7.4769e-01 +1.6230e+00 -1.3415e-01
11 0 +7.667186676e+01 -3.854181332e+02 -3.854181332e+02 +4.2408e-01 -2.8508e-01 -5.7692e-01 +7.1168e-01 +1.1310e+00
30 0 +7.414423763e+01 -3.879457624e+02 -3.879457624e+02 +1.2802e+00 +4.3471e-01 -8.2822e-01 -1.7165e-01 +1.9892e+00
44 0 +6.429765760e+01 -3.977923424e+02 -3.977923424e+02 +4.0764e-01 -2.7237e-01 -1.6853e-01 -1.5394e-01 +1.3140e+00
88 0 +4.940346831e+01 -4.126865317e+02 -4.126865317e+02 +1.1575e+00 +6.2396e-02 +1.5139e+00 +1.8521e+00 +1.9126e+00
163 0 +4.235702286e+01 -4.197329771e+02 -4.197329771e+02 +3.7221e-01 +8.5847e-01 +1.6416e+00 +6.6314e-01 +8.2703e-01
184 0 +4.193954454e+01 -4.201504555e+02 -4.201504555e+02 +7.3651e-01 +2.9785e+00 +7.6547e-01 +1.0362e+00 +1.9784e+00
230 0 +4.157109776e+01 -4.205189022e+02 -4.205189022e+02 +4.2654e-01 +9.3291e-01 -1.5919e-01 +3.8091e-01 +1.3281e+00
232 0 +2.389814691e+01 -4.381918531e+02 -4.381918531e+02 +1.9415e-01 +1.5616e+00 +2.2024e+00 +8.3403e-01 +2.0123e+00
404 0 +1.971999479e+01 -4.423700052e+02 -4.423700052e+02 +3.9894e-01 +1.4443e+00 +2.1723e+00 +7.4160e-01 +2.0700e+00
931 0 +1.897236709e+01 -4.431176329e+02 -4.431176329e+02 +1.2655e+00 +2.2328e+00 +1.6246e+00 +1.1415e+00 +2.2079e+00
1062 0 +1.373163845e+01 -4.483583615e+02 -4.483583615e+02 +1.3660e+00 -5.5532e-02 +1.6584e+00 +3.2565e-01 +2.2983e+00
% f evaluations | g evaluations | best noise-free fitness - Fopt (7.766000000000e+01) + sum g_i+ | measured fitness | best measured fitness or single-digit g-values | x1 | x2...
1 0 +1.035046639e+02 +1.811646639e+02 +1.811646639e+02 +5.9671e-01 -3.8264e-02 +7.4769e-01 +1.6230e+00 -1.3415e-01
24 0 +1.020368531e+02 +1.796968531e+02 +1.796968531e+02 +4.0155e-01 +6.5288e-02 -1.0687e+00 +1.2428e+00 +8.5193e-01
33 0 +5.780645938e+01 +1.354664594e+02 +1.354664594e+02 +1.2746e+00 +5.5009e-01 -5.5961e-01 +2.1249e+00 +1.7355e+00
71 0 +4.662790167e+01 +1.242879017e+02 +1.242879017e+02 +4.2757e-01 -1.7679e-01 -2.1439e-01 +3.4863e+00 +2.2370e+00
90 0 +4.564932535e+01 +1.233093253e+02 +1.233093253e+02 +5.1372e-01 -6.5932e-01 -1.5834e+00 +3.7552e+00 +2.4222e+00
154 0 +3.511782157e+01 +1.127778216e+02 +1.127778216e+02 +1.4444e+00 -7.9867e-01 -9.5676e-01 +3.6441e+00 +1.7385e+00
210 0 +2.746618799e+01 +1.051261880e+02 +1.051261880e+02 +5.6071e-01 -7.7355e-01 +6.7128e-01 +4.2949e+00 +1.7692e+00
269 0 +2.437287343e+01 +1.020328734e+02 +1.020328734e+02 -6.1881e-01 -9.0446e-01 +1.2130e+00 +3.8230e+00 +1.7952e+00
557 0 +1.906647320e+01 +9.672647320e+01 +9.672647320e+01 +4.0502e-01 -2.2102e+00 +6.8413e-01 +3.7093e+00 +1.7379e+00
772 0 +1.868477414e+01 +9.634477414e+01 +9.634477414e+01 +4.2381e-01 -8.6516e-01 +5.1416e-01 +3.2794e+00 +2.1384e+00
856 0 +1.506651413e+01 +9.272651413e+01 +9.272651413e+01 +1.4220e+00 -1.5944e+00 +6.7215e-01 +2.9474e+00 +2.0974e+00
878 0 +1.486277313e+01 +9.252277313e+01 +9.252277313e+01 +4.8533e-01 -1.5597e+00 +5.9012e-01 +2.9159e+00 +2.1377e+00
902 0 +1.471770774e+01 +9.237770774e+01 +9.237770774e+01 +4.2153e-01 -1.7090e+00 +6.1476e-01 +2.9424e+00 +2.4157e+00
962 0 +1.176527424e+01 +8.942527424e+01 +8.942527424e+01 +3.8199e-01 -1.6684e+00 +6.7912e-01 +2.8615e+00 +2.1743e+00
1091 0 +1.166453575e+01 +8.932453575e+01 +8.932453575e+01 +5.0997e-01 -1.7120e+00 +7.4978e-01 +2.8974e+00 +2.1623e+00
1109 0 +9.520063717e+00 +8.718006372e+01 +8.718006372e+01 +3.9196e-01 -1.6473e+00 +6.9284e-01 +2.9078e+00 +2.1747e+00
1126 0 +9.415862064e+00 +8.707586206e+01 +8.707586206e+01 +5.4187e-01 -1.6736e+00 +7.0968e-01 +2.9120e+00 +2.1484e+00
1197 0 +9.201316233e+00 +8.686131623e+01 +8.686131623e+01 +4.6223e-01 -1.6493e+00 +7.1988e-01 +2.9214e+00 +2.1691e+00
1218 0 +9.018254192e+00 +8.667825419e+01 +8.667825419e+01 +4.4250e-01 -1.6644e+00 +6.6747e-01 +2.9102e+00 +2.1345e+00
1244 0 +8.799219843e+00 +8.645921984e+01 +8.645921984e+01 +4.1109e-01 -1.6239e+00 +6.8000e-01 +2.9065e+00 +2.1488e+00
1247 0 +8.751205086e+00 +8.641120509e+01 +8.641120509e+01 +4.4582e-01 -1.6606e+00 +6.6544e-01 +2.8941e+00 +2.1434e+00
% f evaluations | g evaluations | best noise-free fitness - Fopt (1.156800000000e+02) + sum g_i+ | measured fitness | best measured fitness or single-digit g-values | x1 | x2...
1 0 +2.724022690e+02 +3.880822690e+02 +3.880822690e+02 +5.9671e-01 -3.8264e-02 +7.4769e-01 +1.6230e+00 -1.3415e-01
6 0 +2.607768742e+02 +3.764568742e+02 +3.764568742e+02 +2.1092e-01 -1.0510e+00 +4.7570e-01 -5.0064e-01 -1.9169e-01
7 0 +2.403601456e+02 +3.560401456e+02 +3.560401456e+02 -5.0171e-01 +1.9523e+00 +8.6503e-02 -9.5771e-01 +9.2254e-01
11 0 +1.538838982e+02 +2.695638982e+02 +2.695638982e+02 +4.2408e-01 -2.8508e-01 -5.7692e-01 +7.1168e-01 +1.1310e+00
12 0 +1.394919805e+02 +2.551719805e+02 +2.551719805e+02 +1.0313e+00 -7.3922e-01 -2.0921e-01 +4.3126e-01 +1.0755e+00
27 0 +9.919729286e+01 +2.148772929e+02 +2.148772929e+02 +5.2191e-01 +1.4165e-01 -2.5968e-01 +1.1436e+00 +2.4991e+00
68 0 +8.783285690e+01 +2.035128569e+02 +2.035128569e+02 +1.2663e+00 -3.4854e-01 +8.0253e-02 +9.1240e-01 +2.0645e+00
82 0 +5.145997361e+01 +1.671399736e+02 +1.671399736e+02 +1.1301e+00 -5.0189e-01 +6.6972e-02 +2.1986e+00 +2.6801e+00
108 0 +4.508504468e+01 +1.607650447e+02 +1.607650447e+02 +1.0797e+00 -7.8243e-01 -3.1637e-01 +2.4190e+00 +2.9532e+00
284 0 +3.835318068e+01 +1.540331807e+02 +1.540331807e+02 +1.9303e+00 -2.5408e-01 +1.9484e-01 +2.4829e+00 +3.5289e+00
371 0 +3.001648725e+01 +1.456964873e+02 +1.456964873e+02 +1.0798e+00 +1.1365e+00 -8.3202e-01 +4.0211e+00 +2.9478e+00
541 0 +2.853348309e+01 +1.442134831e+02 +1.442134831e+02 +1.0443e+00 +1.1245e+00 -8.4409e-01 +3.0502e+00 +3.3306e+00
562 0 +2.309777350e+01 +1.387777735e+02 +1.387777735e+02 +1.2477e+00 +4.3196e-01 -4.8697e-01 +2.7000e+00 +2.9536e+00
677 0 +1.341942982e+01 +1.290994298e+02 +1.290994298e+02 +1.1344e+00 -2.0517e-01 -3.4275e-01 +3.1587e+00 +2.8907e+00
782 0 +1.326827665e+01 +1.289482766e+02 +1.289482766e+02 +1.3357e+00 -1.0411e-01 -3.1952e-01 +3.0712e+00 +3.2836e+00
851 0 +1.279853711e+01 +1.284785371e+02 +1.284785371e+02 +1.0757e+00 -3.0616e-01 -3.1398e-01 +2.7253e+00 +3.2856e+00
918 0 +1.042119323e+01 +1.261011932e+02 +1.261011932e+02 +1.1374e+00 -1.0252e+00 -3.9323e-01 +2.6492e+00 +2.9003e+00
1001 0 +1.001922051e+01 +1.256992205e+02 +1.256992205e+02 +1.1993e+00 -1.0159e+00 -3.4178e-01 +2.6679e+00 +2.9610e+00
1067 0 +8.806759627e+00 +1.244867596e+02 +1.244867596e+02 +1.2172e+00 -1.0457e+00 -3.3629e-01 +2.6858e+00 +2.9103e+00
1089 0 +8.669357971e+00 +1.243493580e+02 +1.243493580e+02 +1.2141e+00 -9.7968e-01 -3.0335e-01 +2.6567e+00 +2.9249e+00
1106 0 +7.873616149e+00 +1.235536161e+02 +1.235536161e+02 +1.1781e+00 -9.6502e-01 -3.7240e-01 +2.6551e+00 +2.9154e+00
1177 0 +7.685830445e+00 +1.233658304e+02 +1.233658304e+02 +1.1997e+00 -9.5091e-01 -3.7499e-01 +2.6759e+00 +2.9113e+00
1192 0 +7.181053962e+00 +1.228610540e+02 +1.228610540e+02 +1.1712e+00 -9.7544e-01 -3.2986e-01 +2.6848e+00 +2.9153e+00
% f evaluations | g evaluations | best noise-free fitness - Fopt (-3.710000000000e+00) + sum g_i+ | measured fitness | best measured fitness or single-digit g-values | x1 | x2...
1 0 +2.055183218e+02 +2.018083218e+02 +2.018083218e+02 +5.9671e-01 -3.8264e-02 +7.4769e-01 +1.6230e+00 -1.3415e-01
11 0 +2.007071284e+02 +1.969971284e+02 +1.969971284e+02 +4.2408e-01 -2.8508e-01 -5.7692e-01 +7.1168e-01 +1.1310e+00
12 0 +1.781374431e+02 +1.744274431e+02 +1.744274431e+02 +1.0313e+00 -7.3922e-01 -2.0921e-01 +4.3126e-01 +1.0755e+00
24 0 +1.689000610e+02 +1.651900610e+02 +1.651900610e+02 +4.0155e-01 +6.5288e-02 -1.0687e+00 +1.2428e+00 +8.5193e-01
42 0 +1.202126554e+02 +1.165026554e+02 +1.165026554e+02 +2.2564e-01 -1.8741e+00 -2.2401e+00 +3.9453e+00 +2.1077e+00
69 0 +9.932915982e+01 +9.561915982e+01 +9.561915982e+01 +2.4888e+00 +7.2056e-01 -2.6468e-01 +3.2101e+00 +2.7630e+00
80 0 +9.660468318e+01 +9.289468318e+01 +9.289468318e+01 +2.5937e-01 -4.4828e+00 -8.1364e-02 +1.9132e+00 +2.5295e+00
96 0 +6.626733654e+01 +6.255733654e+01 +6.255733654e+01 -2.8962e-01 -2.0233e+00 +1.2619e-01 +4.7889e+00 +3.1552e+00
136 0 +5.521606919e+01 +5.150606919e+01 +5.150606919e+01 +1.1901e+00 -1.2423e+00 +1.1219e+00 +3.0882e+00 +2.7391e+00
178 0 +5.356896769e+01 +4.985896769e+01 +4.985896769e+01 +8.3117e-01 -3.2026e+00 -5.9472e-01 +3.8213e+00 +2.4218e+00
189 0 +5.215258207e+01 +4.844258207e+01 +4.844258207e+01 -9.3971e-01 -3.0442e+00 +1.0321e+00 +4.4457e+00 +3.2107e+00
409 0 +4.334348866e+01 +3.963348866e+01 +3.963348866e+01 +4.4455e-01 -5.7044e-01 +1.9186e-01 +4.3514e+00 +3.1471e+00
545 0 +4.222199828e+01 +3.851199828e+01 +3.851199828e+01 +1.0247e+00 -2.4247e-01 +1.2234e+00 +4.3313e+00 +2.9548e+00
586 0 +3.794541607e+01 +3.423541607e+01 +3.423541607e+01 +1.3797e+00 -3.0196e+00 +6.1895e-01 +3.0183e+00 +2.1713e+00
811 0 +2.789077001e+01 +2.418077001e+01 +2.418077001e+01 +1.2248e+00 -3.0825e+00 +1.7661e+00 +3.9348e+00 +2.6496e+00
926 0 +2.785605058e+01 +2.414605058e+01 +2.414605058e+01 +2.0535e+00 -2.2145e+00 +1.2316e+00 +3.7686e+00 +2.4934e+00
959 0 +1.737821992e+01 +1.366821992e+01 +1.366821992e+01 +2.0327e+00 -3.0489e+00 +1.1372e+00 +3.0272e+00 +2.4359e+00
1233 0 +1.660639029e+01 +1.289639029e+01 +1.289639029e+01 +2.1945e+00 -2.2391e+00 +1.2702e+00 +3.4059e+00 +2.8188e+00
1245 0 +9.731402297e+00 +6.021402297e+00 +6.021402297e+00 +1.0686e+00 -2.3306e+00 +1.2229e+00 +3.4780e+00 +2.8306e+00
% f evaluations | g evaluations | best noise-free fitness - Fopt (1.321800000000e+02) + sum g_i+ | measured fitness | best measured fitness or single-digit g-values | x1 | x2...
1 0 +2.103402819e+02 +3.425202819e+02 +3.425202819e+02 +5.9671e-01 -3.8264e-02 +7.4769e-01 +1.6230e+00 -1.3415e-01
2 0 +1.371309707e+02 +2.693109707e+02 +2.693109707e+02 -1.3414e-01 +1.6792e+00 +8.6743e-01 -3.6947e-01 +6.4256e-01
25 0 +1.110458423e+02 +2.432258423e+02 +2.432258423e+02 +8.9103e-01 -8.0939e-01 +1.5028e+00 -1.3019e+00 +6.8686e-01
26 0 +1.057467766e+02 +2.379267766e+02 +2.379267766e+02 +1.1621e+00 +1.0174e+00 +5.9324e-01 -1.0387e-01 +2.3937e+00
28 0 +5.874210874e+01 +1.909221087e+02 +1.909221087e+02 +1.5246e+00 +7.1110e-01 +1.3548e+00 -1.1253e+00 +2.2561e+00
141 0 +5.307449421e+01 +1.852544942e+02 +1.852544942e+02 +2.1974e+00 +6.7553e-03 +2.7946e+00 -3.5334e+00 +2.2475e+00
327 0 +5.110766707e+01 +1.832876671e+02 +1.832876671e+02 +1.0265e+00 +1.1900e-01 +2.7565e+00 -1.8160e+00 +2.2140e+00
340 0 +4.564443785e+01 +1.778244379e+02 +1.778244379e+02 +1.4746e+00 -7.2413e-01 +3.4289e+00 -1.9270e+00 +2.3128e+00
349 0 +3.746419233e+01 +1.696441923e+02 +1.696441923e+02 +3.8573e+00 +1.0914e-01 +3.0915e+00 -1.8079e+00 +2.1843e+00
465 0 +3.299707284e+01 +1.651770728e+02 +1.651770728e+02 +2.6091e+00 +3.0956e+00 +2.4282e+00 -2.9083e+00 +2.1646e+00
641 0 +2.536369965e+01 +1.575436996e+02 +1.575436996e+02 +1.4641e+00 +1.5792e+00 +3.5304e+00 -2.3561e+00 +2.1959e+00
645 0 +1.695430038e+01 +1.491343004e+02 +1.491343004e+02 +2.1166e+00 +2.1891e+00 +2.8274e+00 -1.9476e+00 +2.1927e+00
735 0 +1.507243094e+01 +1.472524309e+02 +1.472524309e+02 +3.7540e+00 +3.0248e+00 +2.8122e+00 -1.5549e+00 +2.4264e+00
1013 0 +1.257011490e+01 +1.447501149e+02 +1.447501149e+02 +2.6762e+00 +1.4887e+00 +2.8983e+00 -2.4070e+00 +2.1417e+00
1168 0 +6.870999767e+00 +1.390509998e+02 +1.390509998e+02 +2.7347e+00 +2.2606e+00 +2.8105e+00 -1.9327e+00 +2.1913e+00
% f evaluations | g evaluations | best noise-free fitness - Fopt (-3.930000000000e+01) + sum g_i+ | measured fitness | best measured fitness or single-digit g-values | x1 | x2...
1 0 +8.419191211e+01 +4.489191211e+01 +4.489191211e+01 +5.9671e-01 -3.8264e-02 +7.4769e-01 +1.6230e+00 -1.3415e-01
39 0 +6.277787530e+01 +2.347787530e+01 +2.347787530e+01 +1.4185e+00 -4.7938e-01 +1.1414e-01 +1.3768e+00 +1.0768e+00
88 0 +6.068263407e+01 +2.138263407e+01 +2.138263407e+01 +1.4060e+00 +6.7459e-01 -5.5316e-01 +2.9678e+00 +7.1491e-01
107 0 +4.919848691e+01 +9.898486907e+00 +9.898486907e+00 +2.3369e+00 +5.8314e-02 +2.1982e+00 +2.4457e+00 -1.5742e-01
216 0 +3.784993652e+01 -1.450063484e+00 -1.450063484e+00 +2.7320e+00 -1.0267e+00 +1.8043e+00 +3.3757e+00 -2.1096e-01
329 0 +2.737717850e+01 -1.192282150e+01 -1.192282150e+01 +1.6070e+00 +3.0427e-01 +1.7269e+00 +3.3734e+00 +1.0450e-01
331 0 +2.610579880e+01 -1.319420120e+01 -1.319420120e+01 +1.9008e+00 -4.9834e-01 +1.6712e+00 +2.9251e+00 +6.8629e-01
369 0 +1.772121645e+01 -2.157878355e+01 -2.157878355e+01 +2.4617e+00 -1.1252e+00 +1.8910e+00 +3.3533e+00 +3.4148e-01
500 0 +1.487418433e+01 -2.442581567e+01 -2.442581567e+01 +2.4487e+00 +3.8449e-01 +1.7798e+00 +3.3978e+00 +3.6914e-01
902 0 +1.339006115e+01 -2.590993885e+01 -2.590993885e+01 +5.0967e-01 -1.3462e+00 +1.6795e+00 +3.4041e+00 +7.0514e-01
962 0 +9.713444639e+00 -2.958655536e+01 -2.958655536e+01 +6.4374e-01 -1.2847e+00 +1.7802e+00 +3.4099e+00 +6.9979e-01
1126 0 +7.974014162e+00 -3.132598584e+01 -3.132598584e+01 +6.4309e-01 -1.2189e+00 +1.7664e+00 +3.3408e+00 +7.0501e-01
1229 0 +7.541983714e+00 -3.175801629e+01 -3.175801629e+01 +5.1180e-01 -1.2520e+00 +1.7410e+00 +3.3938e+00 +6.8507e-01
% f evaluations | g evaluations | best noise-free fitness - Fopt (4.296000000000e+01) + sum g_i+ | measured fitness | best measured fitness or single-digit g-values | x1 | x2...
1 0 +1.042016280e+02 +1.471616280e+02 +1.471616280e+02 +5.9671e-01 -3.8264e-02 +7.4769e-01 +1.6230e+00 -1.3415e-01
2 0 +8.460215293e+01 +1.275621529e+02 +1.275621529e+02 -1.3414e-01 +1.6792e+00 +8.6743e-01 -3.6947e-01 +6.4256e-01
14 0 +7.738850574e+01 +1.203485057e+02 +1.203485057e+02 +1.4562e+00 +2.7990e-02 +1.1035e+00 +4.6164e-01 -5.4512e-01
18 0 +5.190830352e+01 +9.486830352e+01 +9.486830352e+01 -4.0176e-01 +1.0154e+00 +4.2875e-01 -4.2976e-01 +6.1327e-01
59 0 +5.038563431e+01 +9.334563431e+01 +9.334563431e+01 -3.2059e-01 +9.4921e-01 +2.5063e+00 +2.0007e-01 +7.8869e-01
67 0 +4.476433945e+01 +8.772433945e+01 +8.772433945e+01 -5.4859e-01 +2.4735e+00 +1.2052e+00 +1.4905e-01 +6.7817e-02
218 0 +4.346621839e+01 +8.642621839e+01 +8.642621839e+01 -2.1724e-01 +2.1297e-01 +1.7410e+00 +5.6060e-01 -9.5923e-02
221 0 +3.148848725e+01 +7.444848725e+01 +7.444848725e+01 -3.5061e-01 +2.5218e+00 +1.7414e+00 +5.1202e-01 +1.3967e-01
250 0 +1.184502914e+01 +5.480502914e+01 +5.480502914e+01 -4.3426e-01 +1.7046e+00 +2.7501e+00 +5.7471e-01 +2.3186e-01
692 0 +1.122810077e+01 +5.418810077e+01 +5.418810077e+01 -4.2635e-01 +2.5308e+00 +2.7616e+00 +1.4777e+00 +6.2235e-01
1074 0 +1.030411860e+01 +5.326411860e+01 +5.326411860e+01 -3.4231e-01 +2.4232e+00 +2.1376e+00 +1.0529e+00 +5.9007e-01
1090 0 +8.456880331e+00 +5.141688033e+01 +5.141688033e+01 -3.7944e-01 +2.5743e+00 +2.1663e+00 +1.0444e+00 +5.9192e-01
1191 0 +8.030283054e+00 +5.099028305e+01 +5.099028305e+01 -3.7744e-01 +2.4688e+00 +2.1897e+00 +1.0293e+00 +5.8168e-01
% f evaluations | g evaluations | best noise-free fitness - Fopt (2.842200000000e+02) + sum g_i+ | measured fitness | best measured fitness or single-digit g-values | x1 | x2...
1 0 +1.211616727e+02 +4.053816727e+02 +4.053816727e+02 +5.9671e-01 -3.8264e-02 +7.4769e-01 +1.6230e+00 -1.3415e-01
2 0 +1.048661309e+02 +3.890861309e+02 +3.890861309e+02 -1.3414e-01 +1.6792e+00 +8.6743e-01 -3.6947e-01 +6.4256e-01
11 0 +4.585278983e+01 +3.300727898e+02 +3.300727898e+02 +4.2408e-01 -2.8508e-01 -5.7692e-01 +7.1168e-01 +1.1310e+00
59 0 +3.238775651e+01 +3.166077565e+02 +3.166077565e+02 +2.8664e-01 +4.6931e-01 +9.4603e-01 +1.3890e+00 +1.6102e+00
266 0 +2.341974294e+01 +3.076397429e+02 +3.076397429e+02 +2.4640e-01 +1.1511e+00 -5.6663e-02 +1.8279e+00 +1.4839e+00
509 0 +1.546049748e+01 +2.996804975e+02 +2.996804975e+02 +8.2818e-03 +3.8339e-01 +4.5450e-01 +2.2747e+00 +1.5516e+00
823 0 +1.332518384e+01 +2.975451838e+02 +2.975451838e+02 +1.9860e+00 +1.4010e+00 +1.0054e+00 +2.6671e+00 +1.4948e+00
1034 0 +1.182990446e+01 +2.960499045e+02 +2.960499045e+02 +1.8945e+00 +5.7047e-01 +1.0235e+00 +2.6895e+00 +1.5281e+00
1092 0 +9.135265993e+00 +2.933552660e+02 +2.933552660e+02 +2.0195e+00 +5.6342e-01 +1.0193e+00 +2.6254e+00 +1.5632e+00
1145 0 +7.508258031e+00 +2.917282580e+02 +2.917282580e+02 +2.0971e+00 +4.9718e-01 +1.0561e+00 +2.6281e+00 +1.5529e+00
1181 0 +6.667954126e+00 +2.908879541e+02 +2.908879541e+02 +2.1068e+00 +4.7109e-01 +1.0322e+00 +2.6674e+00 +1.5593e+00
1192 0 +4.974954131e+00 +2.891949541e+02 +2.891949541e+02 +2.0584e+00 +5.3140e-01 +1.0235e+00 +2.6473e+00 +1.5371e+00
% f evaluations | g evaluations | best noise-free fitness - Fopt (-3.217000000000e+01) + sum g_i+ | measured fitness | best measured fitness or single-digit g-values | x1 | x2...
1 0 +2.385971495e+02 +2.064271495e+02 +2.064271495e+02 +5.9671e-01 -3.8264e-02 +7.4769e-01 +1.6230e+00 -1.3415e-01
2 0 +2.059111824e+02 +1.737411824e+02 +1.737411824e+02 -1.3414e-01 +1.6792e+00 +8.6743e-01 -3.6947e-01 +6.4256e-01
7 0 +1.241728470e+02 +9.200284698e+01 +9.200284698e+01 -5.0171e-01 +1.9523e+00 +8.6503e-02 -9.5771e-01 +9.2254e-01
11 0 +9.455618066e+01 +6.238618066e+01 +6.238618066e+01 +4.2408e-01 -2.8508e-01 -5.7692e-01 +7.1168e-01 +1.1310e+00
32 0 +4.183666769e+01 +9.666667686e+00 +9.666667686e+00 +3.7911e-01 -3.5164e-01 -1.5687e-01 +7.4822e-01 +2.6744e+00
497 0 +3.918779128e+01 +7.017791277e+00 +7.017791277e+00 -8.3011e-01 +4.5982e-01 +5.1965e-01 -4.7321e-01 +3.3154e+00
556 0 +2.448346734e+01 -7.686532662e+00 -7.686532662e+00 -8.8454e-01 +1.8301e+00 -9.2053e-02 +2.9742e-01 +3.0417e+00
807 0 +2.027616909e+01 -1.189383091e+01 -1.189383091e+01 +5.3945e-01 +1.9658e+00 +3.5942e-01 -2.0106e-01 +3.6636e+00
975 0 +1.555121782e+01 -1.661878218e+01 -1.661878218e+01 +1.3907e+00 +1.1555e+00 -1.2828e-01 -1.0094e+00 +2.9877e+00
% f evaluations | g evaluations | best noise-free fitness - Fopt (-5.858000000000e+01) + sum g_i+ | measured fitness | best measured fitness or single-digit g-values | x1 | x2...
1 0 +2.207776380e+02 +1.621976380e+02 +1.621976380e+02 +5.9671e-01 -3.8264e-02 +7.4769e-01 +1.6230e+00 -1.3415e-01
2 0 +1.969939115e+02 +1.384139115e+02 +1.384139115e+02 -1.3414e-01 +1.6792e+00 +8.6743e-01 -3.6947e-01 +6.4256e-01
11 0 +1.165014686e+02 +5.792146859e+01 +5.792146859e+01 +4.2408e-01 -2.8508e-01 -5.7692e-01 +7.1168e-01 +1.1310e+00
26 0 +8.444508215e+01 +2.586508215e+01 +2.586508215e+01 -1.1117e+00 -3.5803e-01 -5.2429e-01 +1.0340e+00 +2.0932e+00
63 0 +5.540026721e+01 -3.179732792e+00 -3.179732792e+00 +1.0066e+00 -1.2699e+00 -1.3009e+00 +2.3680e+00 +3.5278e+00
142 0 +4.940191838e+01 -9.178081618e+00 -9.178081618e+00 +5.8605e-01 -2.3356e+00 -1.3192e+00 +1.6011e+00 +3.3086e+00
157 0 +4.817000013e+01 -1.040999987e+01 -1.040999987e+01 -3.6273e-01 -2.7013e+00 -1.4824e-01 +3.6663e+00 +3.5425e+00
207 0 +4.170801519e+01 -1.687198481e+01 -1.687198481e+01 -3.1908e-01 -1.7528e+00 -5.8669e-01 +2.1223e+00 +3.5824e+00
249 0 +3.507243577e+01 -2.350756423e+01 -2.350756423e+01 +6.7946e-01 -1.6212e+00 +3.0082e-01 +2.7139e+00 +2.3928e+00
592 0 +2.876024060e+01 -2.981975940e+01 -2.981975940e+01 +1.4381e+00 -3.1831e+00 +3.3787e-01 +1.4393e+00 +2.6087e+00
610 0 +2.871959544e+01 -2.986040456e+01 -2.986040456e+01 +5.9372e-01 -1.8688e+00 +4.7922e-01 +2.8024e+00 +2.6575e+00
637 0 +2.707676347e+01 -3.150323653e+01 -3.150323653e+01 +1.6370e+00 -1.9222e+00 +5.2215e-01 +1.8786e+00 +2.5930e+00
693 0 +2.277360468e+01 -3.580639532e+01 -3.580639532e+01 +5.4758e-01 -2.5158e+00 +8.9517e-01 +1.4292e+00 +3.0023e+00
717 0 +1.629680005e+01 -4.228319995e+01 -4.228319995e+01 +7.0436e-01 -1.8168e+00 +9.5429e-01 +2.2662e+00 +3.2262e+00
839 0 +9.471275146e+00 -4.910872485e+01 -4.910872485e+01 +1.5551e+00 -9.1170e-01 +4.3208e-01 +1.8683e+00 +3.2981e+00
