% f evaluations | g evaluations | best noise-free fitness - Fopt (-5.235000000000e+01) + sum g_i+ | measured fitness | best measured fitness or single-digit g-values | x1 | x2...
1 0 +1.634578993e+02 +1.111078993e+02 +1.111078993e+02 +5.9671e-01 -3.8264e-02 +7.4769e-01 +1.6230e+00 -1.3415e-01 -1.3414e-01 +1.6792e+00 +8.6743e-01 -3.6947e-01 +6.4256e-01
2 0 +6.756621326e+01 +1.521621326e+01 +1.521621326e+01 -3.6342e-01 -3.6573e-01 +3.4196e-01 -1.8133e+00 -1.6249e+00 -4.6229e-01 -9.1283e-01 +4.1425e-01 -8.0802e-01 -1.3123e+00
3 0 +5.722398768e+01 +4.873987676e+00 +4.873987676e+00 +1.5656e+00 -1.2578e-01 +1.6753e-01 -1.3247e+00 -4.4438e-01 +2.1092e-01 -1.0510e+00 +4.7570e-01 -5.0064e-01 -1.9169e-01
5 0 +4.444349623e+01 -7.906503766e+00 -7.906503766e+00 +8.3847e-01 +2.7137e-01 -1.5648e-02 -2.0110e-01 -1.3785e+00 -6.1984e-01 -3.6064e-01 +1.1571e+00 +4.4362e-01 -1.6630e+00
7 0 +3.417658431e+01 -1.817341569e+01 -1.817341569e+01 -3.7917e-01 -8.5659e-02 -1.0063e+00 -1.0962e+00 +9.1253e-01 +1.4562e+00 +2.7990e-02 +1.1035e+00 +4.6164e-01 -5.4512e-01
14 0 +2.740615737e+01 -2.494384263e+01 -2.494384263e+01 -1.4507e+00 +1.6856e-01 -9.6230e-01 +5.7359e-01 -8.1942e-01 +1.6499e+00 -6.8325e-01 -2.2206e-01 +9.1352e-01 -1.1309e+00
43 0 +1.526603843e+01 -3.708396157e+01 -3.708396157e+01 +2.1607e+00 +1.8553e+00 -1.4896e-01 +1.0716e+00 +7.4538e-01 +1.4686e+00 -8.6492e-01 +7.8605e-01 +1.1584e+00 -1.6587e+00
52 0 +6.956933134e+00 -4.539306687e+01 -4.539306687e+01 +9.1240e-01 +8.2378e-01 +1.9372e-01 -8.0600e-02 +5.8952e-01 +1.3354e+00 -3.3982e+00 -5.5455e-01 +1.8431e+00 -2.5092e-01
126 0 +6.562358643e+00 -4.578764136e+01 -4.578764136e+01 -1.9980e+00 +7.3576e-01 +1.0600e+00 -1.3126e+00 -1.3675e+00 +4.8587e+00 -9.7382e-01 -8.1384e-01 +2.9197e+00 -9.8473e-01
151 0 +5.666327825e+00 -4.668367218e+01 -4.668367218e+01 +4.2951e-01 +1.7290e+00 +3.5419e-01 -7.2132e-01 -1.0338e+00 +2.1433e+00 -3.3441e+00 -8.3198e-01 +2.1245e+00 -1.0246e+00
202 0 +3.019408299e+00 -4.933059170e+01 -4.933059170e+01 +2.6186e-01 -7.7130e-01 +1.7280e+00 -2.8751e+00 -8.3981e-01 +2.1539e+00 -3.5585e+00 -7.1116e-01 +1.9696e+00 -5.6911e-01
301 0 +1.995514914e+00 -5.035448509e+01 -5.035448509e+01 -1.4733e+00 -4.5706e-01 +2.1904e+00 -8.4963e-01 -1.8138e+00 +3.1807e+00 -4.5521e+00 +1.6641e-01 +2.0400e+00 -1.5830e+00
302 0 +1.975289072e+00 -5.037471093e+01 -5.037471093e+01 -4.2634e-01 -1.3601e+00 +1.0549e+00 -2.5033e+00 -4.2352e-01 +3.4434e+00 -3.2537e+00 -4.7751e-01 +1.8345e+00 -1.1770e+00
401 0 +1.379260333e+00 -5.097073967e+01 -5.097073967e+01 -8.5622e-01 -1.5411e+00 +2.2923e+00 -3.0407e+00 -2.8739e-01 +3.9961e+00 -3.9880e+00 +1.0448e+00 +2.9566e+00 -1.6705e+00
451 0 +1.363261243e+00 -5.098673876e+01 -5.098673876e+01 -8.1086e-01 -1.6920e+00 +2.9143e+00 -2.2714e+00 -2.1565e+00 +2.3550e+00 -3.8071e+00 +7.2323e-01 +2.7470e+00 -1.4288e+00
503 0 +1.342841289e+00 -5.100715871e+01 -5.100715871e+01 -1.1526e+00 -3.1168e-01 +2.6022e+00 -1.7388e+00 -4.8174e-01 +4.1036e+00 -4.0653e+00 +4.0622e-01 +3.2076e+00 -2.0362e+00
556 0 +1.088271827e+00 -5.126172817e+01 -5.126172817e+01 -2.8422e-01 -1.1445e+00 +2.1619e+00 -2.1735e+00 -1.6508e+00 +4.9151e+00 -4.1322e+00 -5.9483e-01 +2.8202e+00 -2.0957e+00
601 0 +6.898845015e-01 -5.166011550e+01 -5.166011550e+01 -1.1947e+00 -1.4188e+00 +2.4634e+00 -2.0074e+00 -1.3653e+00 +3.4992e+00 -3.6855e+00 +6.3117e-01 +3.2648e+00 -1.2339e+00
652 0 +2.827069910e-01 -5.206729301e+01 -5.206729301e+01 -9.7189e-01 -1.3412e+00 +2.5338e+00 -2.1299e+00 -1.4643e+00 +3.8864e+00 -4.1799e+00 -3.3288e-01 +2.3599e+00 -1.5773e+00
752 0 +2.512744481e-01 -5.209872555e+01 -5.209872555e+01 -1.0550e+00 -1.4915e+00 +2.4758e+00 -2.3571e+00 -1.7286e+00 +3.6637e+00 -4.0221e+00 +9.7698e-03 +2.6081e+00 -1.4980e+00
801 0 +2.356594368e-01 -5.211434056e+01 -5.211434056e+01 -8.6116e-01 -1.6071e+00 +2.7541e+00 -2.5674e+00 -1.6286e+00 +3.6426e+00 -3.9890e+00 -3.1156e-01 +2.5539e+00 -1.4270e+00
901 0 +1.689672606e-01 -5.218103274e+01 -5.218103274e+01 -7.7934e-01 -1.4974e+00 +2.5286e+00 -2.1550e+00 -1.6234e+00 +3.6556e+00 -3.2751e+00 -8.7452e-02 +2.8762e+00 -1.4776e+00
903 0 +1.035535918e-01 -5.224644641e+01 -5.224644641e+01 -8.6483e-01 -1.4614e+00 +2.5017e+00 -2.0770e+00 -1.5015e+00 +3.7106e+00 -3.5828e+00 +6.6484e-02 +2.5637e+00 -1.7338e+00
956 0 +1.020924829e-01 -5.224790752e+01 -5.224790752e+01 -8.3149e-01 -1.3355e+00 +2.5188e+00 -2.4290e+00 -1.5969e+00 +3.9151e+00 -3.6049e+00 +7.1934e-02 +2.8192e+00 -1.6955e+00
961 0 +8.615219587e-02 -5.226384780e+01 -5.226384780e+01 -6.9550e-01 -1.2113e+00 +2.7626e+00 -2.2551e+00 -1.5654e+00 +3.8645e+00 -3.8077e+00 +5.4511e-02 +2.7221e+00 -1.8145e+00
1002 0 +7.803823034e-02 -5.227196177e+01 -5.227196177e+01 -8.3831e-01 -1.2194e+00 +2.7467e+00 -2.3904e+00 -1.3997e+00 +3.8500e+00 -3.8374e+00 +4.7740e-02 +2.6523e+00 -1.9082e+00
1005 0 +7.715091963e-02 -5.227284908e+01 -5.227284908e+01 -8.7631e-01 -1.4289e+00 +2.4441e+00 -2.1399e+00 -1.5455e+00 +3.6920e+00 -4.0066e+00 +2.2828e-02 +2.8796e+00 -1.6723e+00
1053 0 +7.162921375e-02 -5.227837079e+01 -5.227837079e+01 -7.8707e-01 -1.3469e+00 +2.5846e+00 -2.3051e+00 -1.4023e+00 +3.8210e+00 -3.7584e+00 +1.1632e-01 +2.7002e+00 -1.6882e+00
1056 0 +5.754841130e-02 -5.229245159e+01 -5.229245159e+01 -8.4744e-01 -1.1904e+00 +2.5322e+00 -2.3675e+00 -1.6104e+00 +3.6340e+00 -3.8146e+00 +6.1224e-02 +2.4756e+00 -1.7131e+00
1101 0 +3.672720744e-02 -5.231327279e+01 -5.231327279e+01 -8.2746e-01 -1.2728e+00 +2.4256e+00 -2.4515e+00 -1.5599e+00 +3.7330e+00 -3.9797e+00 +1.0734e-01 +2.8980e+00 -1.8040e+00
1162 0 +3.654346372e-02 -5.231345654e+01 -5.231345654e+01 -8.9302e-01 -1.4028e+00 +2.3862e+00 -2.3673e+00 -1.5173e+00 +3.5749e+00 -3.8099e+00 +7.6104e-02 +2.6956e+00 -1.5403e+00
1207 0 +3.396427123e-02 -5.231603573e+01 -5.231603573e+01 -9.0082e-01 -1.1970e+00 +2.4927e+00 -2.2978e+00 -1.4851e+00 +3.8277e+00 -3.8790e+00 +9.2323e-02 +2.6767e+00 -1.7794e+00
1251 0 +3.383869740e-02 -5.231616130e+01 -5.231616130e+01 -8.1313e-01 -1.3093e+00 +2.4723e+00 -2.3681e+00 -1.5407e+00 +3.5506e+00 -3.9241e+00 -4.8048e-02 +2.8682e+00 -1.7516e+00
1257 0 +3.337431065e-02 -5.231662569e+01 -5.231662569e+01 -8.2908e-01 -1.3120e+00 +2.4965e+00 -2.3272e+00 -1.6117e+00 +3.6512e+00 -3.6767e+00 +1.0825e-01 +2.7047e+00 -1.5859e+00
1301 0 +2.539014551e-02 -5.232460985e+01 -5.232460985e+01 -8.3053e-01 -1.2685e+00 +2.5611e+00 -2.3621e+00 -1.5100e+00 +3.8020e+00 -4.1060e+00 -4.1258e-03 +2.7855e+00 -1.8086e+00
1307 0 +1.816517873e-02 -5.233183482e+01 -5.233183482e+01 -8.3082e-01 -1.2673e+00 +2.5731e+00 -2.3480e+00 -1.5658e+00 +3.6649e+00 -3.9376e+00 -2.7691e-02 +2.6958e+00 -1.6952e+00
1353 0 +1.405434824e-02 -5.233594565e+01 -5.233594565e+01 -9.2943e-01 -1.2430e+00 +2.4537e+00 -2.3471e+00 -1.5440e+00 +3.5150e+00 -3.9181e+00 +2.8234e-02 +2.6988e+00 -1.6477e+00
1454 0 +1.097044799e-02 -5.233902955e+01 -5.233902955e+01 -8.7193e-01 -1.2432e+00 +2.5405e+00 -2.3020e+00 -1.5437e+00 +3.5838e+00 -3.9342e+00 -3.2780e-02 +2.8004e+00 -1.7767e+00
1457 0 +9.137304639e-03 -5.234086270e+01 -5.234086270e+01 -8.4763e-01 -1.2451e+00 +2.5926e+00 -2.3225e+00 -1.5026e+00 +3.6848e+00 -3.9807e+00 -1.3497e-02 +2.8281e+00 -1.7567e+00
1518 0 +7.581932157e-03 -5.234241807e+01 -5.234241807e+01 -8.6743e-01 -1.2933e+00 +2.4700e+00 -2.3502e+00 -1.5290e+00 +3.6392e+00 -3.8588e+00 +1.7052e-02 +2.7444e+00 -1.6914e+00
1551 0 +6.576529496e-03 -5.234342347e+01 -5.234342347e+01 -8.6847e-01 -1.3062e+00 +2.4873e+00 -2.3475e+00 -1.5167e+00 +3.6159e+00 -3.8429e+00 +2.6919e-02 +2.7805e+00 -1.6788e+00
1553 0 +5.161308319e-03 -5.234483869e+01 -5.234483869e+01 -8.7406e-01 -1.3005e+00 +2.4629e+00 -2.3465e+00 -1.5072e+00 +3.6889e+00 -3.8601e+00 +3.1941e-02 +2.7646e+00 -1.7123e+00
1757 0 +2.291266066e-03 -5.234770873e+01 -5.234770873e+01 -8.6619e-01 -1.2504e+00 +2.5311e+00 -2.3620e+00 -1.5221e+00 +3.6442e+00 -3.8895e+00 +2.4123e-02 +2.8034e+00 -1.7188e+00
1769 0 +1.663355170e-03 -5.234833664e+01 -5.234833664e+01 -8.6096e-01 -1.2921e+00 +2.5257e+00 -2.3443e+00 -1.5276e+00 +3.6600e+00 -3.8735e+00 +1.9775e-02 +2.7644e+00 -1.6641e+00
1912 0 +1.634598103e-03 -5.234836540e+01 -5.234836540e+01 -8.5244e-01 -1.2896e+00 +2.5023e+00 -2.3409e+00 -1.5423e+00 +3.6501e+00 -3.8704e+00 +1.2205e-02 +2.7835e+00 -1.7099e+00
2012 0 +1.494054627e-03 -5.234850595e+01 -5.234850595e+01 -8.7526e-01 -1.2591e+00 +2.5116e+00 -2.3610e+00 -1.5365e+00 +3.6158e+00 -3.8757e+00 +1.2921e-02 +2.7694e+00 -1.6821e+00
2019 0 +1.206365808e-03 -5.234879363e+01 -5.234879363e+01 -8.6503e-01 -1.2674e+00 +2.5040e+00 -2.3509e+00 -1.5488e+00 +3.6245e+00 -3.8594e+00 +1.7572e-02 +2.7667e+00 -1.6850e+00
2115 0 +1.135229194e-03 -5.234886477e+01 -5.234886477e+01 -8.6573e-01 -1.2733e+00 +2.5023e+00 -2.3651e+00 -1.5318e+00 +3.6431e+00 -3.8478e+00 +2.7564e-02 +2.7754e+00 -1.6885e+00
2151 0 +4.432492167e-04 -5.234955675e+01 -5.234955675e+01 -8.7143e-01 -1.2734e+00 +2.4991e+00 -2.3543e+00 -1.5214e+00 +3.6490e+00 -3.8556e+00 +3.1034e-02 +2.7723e+00 -1.6940e+00
2212 0 +4.260851555e-04 -5.234957391e+01 -5.234957391e+01 -8.6627e-01 -1.2727e+00 +2.5081e+00 -2.3508e+00 -1.5369e+00 +3.6326e+00 -3.8473e+00 +1.7818e-02 +2.7570e+00 -1.6927e+00
2358 0 +3.240346837e-04 -5.234967597e+01 -5.234967597e+01 -8.6928e-01 -1.2656e+00 +2.5181e+00 -2.3513e+00 -1.5330e+00 +3.6327e+00 -3.8724e+00 +1.2112e-02 +2.7601e+00 -1.6977e+00
2489 0 +2.783047946e-04 -5.234972170e+01 -5.234972170e+01 -8.7066e-01 -1.2606e+00 +2.5093e+00 -2.3636e+00 -1.5316e+00 +3.6292e+00 -3.8726e+00 +1.9690e-02 +2.7757e+00 -1.6938e+00
% f evaluations | g evaluations | best noise-free fitness - Fopt (-1.795400000000e+02) + sum g_i+ | measured fitness | best measured fitness or single-digit g-values | x1 | x2...
1 0 +4.548581657e+01 -1.340541834e+02 -1.340541834e+02 +5.9671e-01 -3.8264e-02 +7.4769e-01 +1.6230e+00 -1.3415e-01 -1.3414e-01 +1.6792e+00 +8.6743e-01 -3.6947e-01 +6.4256e-01
7 0 +4.153914109e+01 -1.380008589e+02 -1.380008589e+02 -3.7917e-01 -8.5659e-02 -1.0063e+00 -1.0962e+00 +9.1253e-01 +1.4562e+00 +2.7990e-02 +1.1035e+00 +4.6164e-01 -5.4512e-01
11 0 +3.768042005e+01 -1.418595799e+02 -1.418595799e+02 -1.3154e+00 -3.2065e-01 -2.4271e-01 -7.0228e-01 -6.1286e-02 +5.0405e-01 +1.9862e+00 +2.7458e-01 +3.5755e-01 +2.5554e-02
17 0 +3.724786350e+01 -1.422921365e+02 -1.422921365e+02 -8.7468e-01 +8.8708e-01 +1.2586e+00 -7.2068e-01 +1.0634e+00 +5.1278e-01 +9.2206e-01 +1.9968e+00 -1.4539e-01 -6.5374e-01
42 0 +2.716884756e+01 -1.523711524e+02 -1.523711524e+02 +8.1161e-01 -1.0246e+00 -1.4341e+00 +1.3777e+00 +4.3231e-01 -6.4849e-01 +1.6512e+00 +2.1567e-01 +1.2793e+00 +1.6752e-01
48 0 +1.958367471e+01 -1.599563253e+02 -1.599563253e+02 -1.7505e-01 -2.2019e+00 -1.4152e+00 +1.4669e+00 +1.7450e+00 -1.4904e-01 +6.7656e-01 +4.1125e-01 +3.1789e+00 +1.2196e+00
51 0 +1.842219609e+01 -1.611178039e+02 -1.611178039e+02 -6.7815e-02 -1.8574e+00 -1.1276e+00 +3.1918e-01 +2.2843e+00 +1.1834e+00 +1.4872e+00 +7.8627e-01 +1.0080e+00 +7.6076e-01
53 0 +9.582738513e+00 -1.699572615e+02 -1.699572615e+02 -9.0934e-01 -9.6780e-01 -1.2909e+00 +7.7382e-01 +1.7577e+00 +4.4325e-01 +2.8150e+00 +1.8748e+00 +8.1242e-01 +8.9635e-01
111 0 +7.915372675e+00 -1.716246273e+02 -1.716246273e+02 -1.0528e+00 -2.2024e-01 -1.9710e+00 +2.5578e+00 +2.3953e+00 +3.9522e-01 +4.4741e+00 +9.2611e-01 +2.3939e+00 +7.4667e-01
159 0 +4.866312778e+00 -1.746736872e+02 -1.746736872e+02 -1.0511e+00 -8.0410e-02 -2.0185e+00 +3.5895e+00 +4.4871e+00 -3.9059e-01 +3.9385e+00 +3.4239e+00 +2.0354e+00 +6.2871e-01
188 0 +3.789503620e+00 -1.757504964e+02 -1.757504964e+02 +1.8497e+00 -3.8747e-01 -2.8460e+00 +3.9079e+00 +1.7222e+00 -2.2945e+00 +3.2609e+00 +4.6789e+00 +6.0402e-01 +2.0328e+00
352 0 +3.677954930e+00 -1.758620451e+02 -1.758620451e+02 +1.0003e+00 +1.1357e-01 -2.5939e+00 +2.5683e+00 +3.6156e+00 -2.6715e-01 +1.3617e+00 +3.4172e+00 +9.5226e-01 +1.4535e+00
353 0 +3.509817007e+00 -1.760301830e+02 -1.760301830e+02 -7.5899e-01 -4.9465e-01 -3.1901e+00 +3.6502e+00 +2.2262e+00 -7.9484e-02 +2.7294e+00 +4.1784e+00 +1.1087e+00 +1.3256e+00
358 0 +2.348508420e+00 -1.771914916e+02 -1.771914916e+02 +4.4404e-02 +1.4160e+00 -3.0784e+00 +2.4347e+00 +3.7136e+00 -1.0974e+00 +2.4195e+00 +2.9413e+00 +6.7807e-01 +7.6694e-01
451 0 +1.371249370e+00 -1.781687506e+02 -1.781687506e+02 +6.8719e-01 +8.7824e-01 -3.6835e+00 +3.3271e+00 +3.1933e+00 -1.0134e+00 +2.5797e+00 +3.2929e+00 +6.2124e-01 +2.3333e+00
551 0 +6.300087786e-01 -1.789099912e+02 -1.789099912e+02 +6.1871e-01 +1.3601e-01 -3.1247e+00 +2.6001e+00 +4.2742e+00 +2.4112e-01 +4.1478e+00 +3.6567e+00 +4.6812e-01 +1.7816e+00
604 0 +6.129829797e-01 -1.789270170e+02 -1.789270170e+02 +6.7121e-01 -9.4564e-02 -3.7824e+00 +2.0096e+00 +3.6676e+00 -2.0894e-01 +3.4924e+00 +3.8018e+00 -2.7023e-01 +2.1334e+00
701 0 +2.820751647e-01 -1.792579248e+02 -1.792579248e+02 +9.1214e-01 +5.6585e-01 -3.2806e+00 +2.1559e+00 +3.8294e+00 -5.3297e-01 +3.4868e+00 +3.3944e+00 -4.3727e-01 +1.9497e+00
752 0 +2.136032562e-01 -1.793263967e+02 -1.793263967e+02 +1.2218e+00 +7.4840e-01 -2.9533e+00 +2.5908e+00 +3.9214e+00 -3.5320e-01 +3.7790e+00 +3.5189e+00 -2.7624e-02 +2.2384e+00
852 0 +1.976651841e-01 -1.793423348e+02 -1.793423348e+02 +8.7269e-01 +5.1037e-01 -3.5382e+00 +2.4460e+00 +3.9790e+00 -8.8499e-01 +3.3830e+00 +3.6575e+00 +1.3145e-01 +1.6851e+00
901 0 +1.766525455e-01 -1.793633475e+02 -1.793633475e+02 +8.9611e-01 +4.6444e-01 -3.4658e+00 +2.6068e+00 +3.9012e+00 -1.7167e-01 +3.4222e+00 +3.2308e+00 +2.0577e-01 +2.0023e+00
952 0 +1.423547255e-01 -1.793976453e+02 -1.793976453e+02 +8.0678e-01 +2.3555e-01 -3.5612e+00 +2.3802e+00 +4.1032e+00 -6.7148e-01 +3.4609e+00 +3.8757e+00 +2.9904e-01 +1.9963e+00
953 0 +1.190008421e-01 -1.794209992e+02 -1.794209992e+02 +9.5620e-01 +6.8115e-01 -3.5643e+00 +2.6427e+00 +3.7304e+00 -3.1302e-01 +3.5756e+00 +3.4916e+00 +2.1115e-01 +2.0044e+00
1018 0 +1.056482633e-01 -1.794343517e+02 -1.794343517e+02 +7.4766e-01 +5.6115e-01 -3.1750e+00 +2.4167e+00 +4.0269e+00 -4.0038e-01 +3.4728e+00 +3.5248e+00 +9.0244e-02 +2.2813e+00
1052 0 +3.107057939e-02 -1.795089294e+02 -1.795089294e+02 +8.7097e-01 +5.7519e-01 -3.2451e+00 +2.4311e+00 +3.8552e+00 -3.6064e-01 +3.6696e+00 +3.5848e+00 +3.5399e-01 +2.1113e+00
1301 0 +1.508190255e-02 -1.795249181e+02 -1.795249181e+02 +6.7608e-01 +4.6818e-01 -3.5150e+00 +2.3529e+00 +3.8867e+00 -6.1776e-01 +3.5370e+00 +3.5451e+00 +2.6705e-01 +2.0412e+00
1351 0 +8.250291140e-03 -1.795317497e+02 -1.795317497e+02 +7.9750e-01 +5.4240e-01 -3.4196e+00 +2.4122e+00 +3.8372e+00 -5.0901e-01 +3.4682e+00 +3.4335e+00 +2.6624e-01 +2.0774e+00
1551 0 +8.180653496e-03 -1.795318193e+02 -1.795318193e+02 +8.0799e-01 +5.3875e-01 -3.4611e+00 +2.3888e+00 +3.8061e+00 -4.7359e-01 +3.5331e+00 +3.4247e+00 +2.7700e-01 +2.0643e+00
1709 0 +6.633653082e-03 -1.795333663e+02 -1.795333663e+02 +8.1781e-01 +5.4329e-01 -3.3957e+00 +2.4243e+00 +3.8560e+00 -4.5337e-01 +3.5768e+00 +3.4794e+00 +2.1080e-01 +2.1109e+00
1755 0 +5.546834497e-03 -1.795344532e+02 -1.795344532e+02 +7.5506e-01 +5.3984e-01 -3.4511e+00 +2.4049e+00 +3.8448e+00 -4.8024e-01 +3.6087e+00 +3.5170e+00 +2.4253e-01 +2.1075e+00
1802 0 +4.344369440e-03 -1.795356556e+02 -1.795356556e+02 +8.0459e-01 +5.5765e-01 -3.4492e+00 +2.4134e+00 +3.8309e+00 -4.5572e-01 +3.6266e+00 +3.5312e+00 +2.6653e-01 +2.0796e+00
1822 0 +3.930588718e-03 -1.795360694e+02 -1.795360694e+02 +7.5280e-01 +5.2527e-01 -3.4201e+00 +2.3983e+00 +3.8544e+00 -4.5623e-01 +3.6478e+00 +3.5728e+00 +2.5866e-01 +2.0899e+00
1905 0 +3.399880461e-03 -1.795366001e+02 -1.795366001e+02 +8.1135e-01 +5.3002e-01 -3.4400e+00 +2.4259e+00 +3.8315e+00 -4.5624e-01 +3.5960e+00 +3.4904e+00 +2.4190e-01 +2.0558e+00
1952 0 +2.943242894e-03 -1.795370568e+02 -1.795370568e+02 +8.0208e-01 +5.2871e-01 -3.3929e+00 +2.3802e+00 +3.8446e+00 -4.9226e-01 +3.5549e+00 +3.4834e+00 +2.2814e-01 +2.0736e+00
2072 0 +2.150365237e-03 -1.795378496e+02 -1.795378496e+02 +8.1789e-01 +5.4790e-01 -3.4273e+00 +2.4018e+00 +3.8356e+00 -4.9856e-01 +3.5646e+00 +3.4905e+00 +2.4473e-01 +2.0617e+00
2110 0 +1.664321810e-03 -1.795383357e+02 -1.795383357e+02 +7.9096e-01 +5.4521e-01 -3.4161e+00 +2.4034e+00 +3.8549e+00 -5.0668e-01 +3.5768e+00 +3.5088e+00 +2.1947e-01 +2.0748e+00
2268 0 +1.302617722e-03 -1.795386974e+02 -1.795386974e+02 +8.1436e-01 +5.3199e-01 -3.4340e+00 +2.4222e+00 +3.8494e+00 -4.8106e-01 +3.5854e+00 +3.5106e+00 +2.3732e-01 +2.0686e+00
2354 0 +1.267863577e-03 -1.795387321e+02 -1.795387321e+02 +8.0861e-01 +5.2036e-01 -3.4101e+00 +2.3997e+00 +3.8530e+00 -4.7889e-01 +3.5678e+00 +3.5102e+00 +2.5665e-01 +2.0858e+00
2392 0 +1.195280574e-03 -1.795388047e+02 -1.795388047e+02 +8.0789e-01 +5.3836e-01 -3.4199e+00 +2.3920e+00 +3.8477e+00 -5.0182e-01 +3.5697e+00 +3.5038e+00 +2.4198e-01 +2.0824e+00
2412 0 +1.161118524e-03 -1.795388389e+02 -1.795388389e+02 +8.1991e-01 +5.3272e-01 -3.4000e+00 +2.4013e+00 +3.8469e+00 -4.7826e-01 +3.5756e+00 +3.5072e+00 +2.4477e-01 +2.0767e+00
2418 0 +1.032844661e-03 -1.795389672e+02 -1.795389672e+02 +8.0894e-01 +5.2866e-01 -3.4188e+00 +2.3956e+00 +3.8466e+00 -4.8715e-01 +3.5777e+00 +3.5083e+00 +2.3830e-01 +2.0709e+00
2464 0 +6.864792105e-04 -1.795393135e+02 -1.795393135e+02 +8.0716e-01 +5.3515e-01 -3.4188e+00 +2.4127e+00 +3.8488e+00 -4.7801e-01 +3.5950e+00 +3.5145e+00 +2.3849e-01 +2.0797e+00
% f evaluations | g evaluations | best noise-free fitness - Fopt (7.731000000000e+01) + sum g_i+ | measured fitness | best measured fitness or single-digit g-values | x1 | x2...
1 0 +3.671257325e+01 +1.140225733e+02 +1.140225733e+02 +5.9671e-01 -3.8264e-02 +7.4769e-01 +1.6230e+00 -1.3415e-01 -1.3414e-01 +1.6792e+00 +8.6743e-01 -3.6947e-01 +6.4256e-01
3 0 +3.287109558e+01 +1.101810956e+02 +1.101810956e+02 +1.5656e+00 -1.2578e-01 +1.6753e-01 -1.3247e+00 -4.4438e-01 +2.1092e-01 -1.0510e+00 +4.7570e-01 -5.0064e-01 -1.9169e-01
4 0 +1.467831331e+01 +9.198831331e+01 +9.198831331e+01 -5.0171e-01 +1.9523e+00 +8.6503e-02 -9.5771e-01 +9.2254e-01 -1.1208e+00 +3.0886e-01 -1.8597e+00 -1.2282e+00 +2.9686e-01
27 0 +1.188657945e+01 +8.919657945e+01 +8.919657945e+01 -8.2693e-01 +4.0475e-02 -3.1413e+00 -9.2439e-01 -1.5257e-01 -1.1478e+00 +1.7324e+00 -1.3301e+00 -3.4004e-01 +2.3074e-01
49 0 +8.340605350e+00 +8.565060535e+01 +8.565060535e+01 -2.7918e-02 -8.5554e-01 -1.5064e+00 +3.0346e-01 -6.5635e-01 -1.3223e+00 -5.4657e-01 -9.8155e-01 +1.7871e+00 +9.8164e-01
52 0 +7.015105406e+00 +8.432510541e+01 +8.432510541e+01 +7.3502e-01 +1.2829e+00 -2.4145e+00 -3.5877e-01 +1.5040e+00 -1.7930e+00 +1.0380e+00 -2.5343e+00 -7.2908e-01 +2.7905e+00
53 0 +5.847987179e+00 +8.315798718e+01 +8.315798718e+01 +1.3240e+00 +1.2731e+00 -6.6317e-01 -2.0571e+00 +1.0949e-02 -9.9544e-01 +4.4638e-01 -3.4185e+00 +2.1261e-01 +1.2562e+00
57 0 +4.451859668e+00 +8.176185967e+01 +8.176185967e+01 +1.3050e+00 +1.8485e-01 -2.9029e+00 +2.8808e-01 -1.5932e+00 -2.7020e+00 +2.8706e-01 -1.4539e+00 +1.2017e+00 +1.7962e+00
251 0 +2.077516463e+00 +7.938751646e+01 +7.938751646e+01 +1.8695e+00 -2.8239e-01 -2.1185e+00 -1.7573e+00 +2.4177e-01 -3.3559e+00 +5.0380e-01 -4.1363e-01 +1.3437e+00 +2.7510e+00
301 0 +1.611860661e+00 +7.892186066e+01 +7.892186066e+01 +4.9700e-01 -5.0642e-01 -1.8103e+00 -1.9204e+00 +1.6985e+00 -2.1631e+00 +1.1978e+00 -1.1615e+00 +2.9100e-01 +3.2147e+00
413 0 +1.550863113e+00 +7.886086311e+01 +7.886086311e+01 +2.1822e-01 -6.5074e-01 -2.2858e+00 -1.4807e+00 +9.2533e-01 -3.0357e+00 +6.5585e-01 -1.2839e+00 +5.9916e-01 +1.5688e+00
452 0 +1.370754615e+00 +7.868075461e+01 +7.868075461e+01 +4.5896e-01 -5.3020e-01 -1.7908e+00 -2.7478e+00 +1.0889e+00 -3.0588e+00 +6.1043e-01 -1.5539e+00 +4.8699e-01 +3.6160e+00
454 0 +1.256615703e+00 +7.856661570e+01 +7.856661570e+01 -1.7559e-01 -1.1105e+00 -1.5444e+00 -2.0313e+00 +1.2303e+00 -2.4060e+00 +1.2606e+00 -1.7862e+00 +1.8936e+00 +2.0997e+00
503 0 +8.569682357e-01 +7.816696824e+01 +7.816696824e+01 +8.1352e-01 -1.0556e+00 -2.5531e+00 -1.7066e+00 +6.1158e-01 -2.7382e+00 +7.2329e-01 -1.3700e+00 +1.1837e+00 +3.5093e+00
507 0 +8.510340774e-01 +7.816103408e+01 +7.816103408e+01 +3.0902e-01 +9.0247e-02 -2.7833e+00 -1.9470e+00 +7.6624e-01 -1.6837e+00 +7.6417e-01 -1.6457e+00 +1.3394e+00 +2.0904e+00
551 0 +4.485934588e-01 +7.775859346e+01 +7.775859346e+01 +1.0212e+00 +7.3625e-02 -2.6589e+00 -1.8115e+00 +1.2279e+00 -2.4434e+00 +6.1199e-01 -1.7602e+00 +1.1942e+00 +2.5721e+00
651 0 +3.938663314e-01 +7.770386633e+01 +7.770386633e+01 +9.2374e-01 -8.2840e-01 -2.5365e+00 -2.2873e+00 +8.0950e-01 -2.3899e+00 +1.0739e+00 -2.0932e+00 +1.5352e+00 +2.5844e+00
751 0 +2.815258311e-01 +7.759152583e+01 +7.759152583e+01 +8.5750e-01 -1.9486e-01 -2.3541e+00 -2.0176e+00 +8.7019e-01 -2.4751e+00 +6.4281e-01 -1.8560e+00 +1.7394e+00 +2.6319e+00
756 0 +2.609647986e-01 +7.757096480e+01 +7.757096480e+01 +8.3782e-01 -1.0497e+00 -1.9707e+00 -1.7576e+00 +1.1522e+00 -2.1629e+00 +6.6122e-01 -1.9870e+00 +1.2706e+00 +2.7094e+00
802 0 +2.187360556e-01 +7.752873606e+01 +7.752873606e+01 +8.4739e-01 -5.6869e-01 -2.4303e+00 -1.9420e+00 +1.0378e+00 -2.1413e+00 +6.8397e-01 -1.6586e+00 +1.4182e+00 +2.6596e+00
803 0 +1.350562648e-01 +7.744505626e+01 +7.744505626e+01 +1.1478e+00 -4.2583e-01 -2.4513e+00 -1.7793e+00 +1.3262e+00 -2.2973e+00 +7.5760e-01 -1.8791e+00 +1.1451e+00 +2.5289e+00
853 0 +1.245645758e-01 +7.743456458e+01 +7.743456458e+01 +1.1206e+00 -6.1042e-01 -2.2940e+00 -1.8401e+00 +1.1688e+00 -2.3923e+00 +8.1986e-01 -1.9982e+00 +1.7478e+00 +2.6275e+00
860 0 +1.163484880e-01 +7.742634849e+01 +7.742634849e+01 +7.2613e-01 -3.9565e-01 -2.2907e+00 -1.6917e+00 +1.0537e+00 -2.1788e+00 +9.7263e-01 -1.8981e+00 +1.6243e+00 +2.5915e+00
901 0 +7.709774980e-02 +7.738709775e+01 +7.738709775e+01 +8.2307e-01 -6.6383e-01 -2.0504e+00 -1.6318e+00 +1.1218e+00 -2.2428e+00 +8.1776e-01 -1.9890e+00 +1.4932e+00 +2.4928e+00
954 0 +2.519537694e-02 +7.733519538e+01 +7.733519538e+01 +7.4561e-01 -6.7463e-01 -2.0333e+00 -1.9909e+00 +9.1527e-01 -2.3338e+00 +8.6966e-01 -1.9397e+00 +1.5778e+00 +2.8152e+00
1110 0 +2.312424910e-02 +7.733312425e+01 +7.733312425e+01 +9.3694e-01 -6.3975e-01 -2.0907e+00 -1.8969e+00 +9.8555e-01 -2.4226e+00 +7.6984e-01 -1.9611e+00 +1.3815e+00 +2.7831e+00
1229 0 +2.255347977e-02 +7.733255348e+01 +7.733255348e+01 +7.5200e-01 -7.0149e-01 -1.9954e+00 -1.9050e+00 +9.1725e-01 -2.3917e+00 +7.7942e-01 -1.7586e+00 +1.3553e+00 +2.5654e+00
1253 0 +2.131075786e-02 +7.733131076e+01 +7.733131076e+01 +1.0228e+00 -6.7177e-01 -2.0576e+00 -1.8474e+00 +1.0075e+00 -2.4391e+00 +7.8247e-01 -1.9372e+00 +1.3768e+00 +2.7548e+00
1301 0 +2.079449573e-02 +7.733079450e+01 +7.733079450e+01 +8.4998e-01 -7.6178e-01 -2.0558e+00 -1.8205e+00 +1.0399e+00 -2.3656e+00 +7.7865e-01 -1.8554e+00 +1.3976e+00 +2.6160e+00
1302 0 +9.538084749e-03 +7.731953808e+01 +7.731953808e+01 +8.8678e-01 -6.3384e-01 -2.0311e+00 -1.8825e+00 +9.3209e-01 -2.4238e+00 +7.8858e-01 -1.8546e+00 +1.4004e+00 +2.7686e+00
1453 0 +7.989667320e-03 +7.731798967e+01 +7.731798967e+01 +8.5325e-01 -5.9636e-01 -2.0794e+00 -1.8715e+00 +9.9281e-01 -2.4417e+00 +7.6925e-01 -1.9167e+00 +1.4861e+00 +2.7095e+00
1465 0 +6.200685515e-03 +7.731620069e+01 +7.731620069e+01 +9.2363e-01 -5.6774e-01 -2.1688e+00 -1.8338e+00 +1.0607e+00 -2.4194e+00 +7.5572e-01 -1.9005e+00 +1.4385e+00 +2.6387e+00
1573 0 +5.616404172e-03 +7.731561640e+01 +7.731561640e+01 +8.8142e-01 -6.9474e-01 -2.1364e+00 -1.9366e+00 +9.8174e-01 -2.4019e+00 +7.9505e-01 -1.9095e+00 +1.4514e+00 +2.7024e+00
1603 0 +4.520611709e-03 +7.731452061e+01 +7.731452061e+01 +8.9607e-01 -6.6018e-01 -2.0971e+00 -1.8830e+00 +9.8532e-01 -2.4312e+00 +7.7768e-01 -1.8589e+00 +1.4223e+00 +2.7093e+00
1606 0 +3.740285186e-03 +7.731374029e+01 +7.731374029e+01 +8.8390e-01 -6.5522e-01 -2.0878e+00 -1.9158e+00 +9.7857e-01 -2.4341e+00 +7.6967e-01 -1.8984e+00 +1.4131e+00 +2.7260e+00
1663 0 +3.327709157e-03 +7.731332771e+01 +7.731332771e+01 +8.9634e-01 -6.7620e-01 -2.0955e+00 -1.9108e+00 +1.0165e+00 -2.3843e+00 +7.9765e-01 -1.9358e+00 +1.4409e+00 +2.7118e+00
1675 0 +2.484483738e-03 +7.731248448e+01 +7.731248448e+01 +8.9554e-01 -6.4058e-01 -2.1050e+00 -1.9277e+00 +9.9709e-01 -2.4001e+00 +7.7071e-01 -1.8941e+00 +1.3854e+00 +2.6702e+00
1715 0 +2.372124982e-03 +7.731237212e+01 +7.731237212e+01 +8.9511e-01 -6.0435e-01 -2.1555e+00 -1.8934e+00 +1.0261e+00 -2.3498e+00 +8.0425e-01 -1.9095e+00 +1.4313e+00 +2.6784e+00
1814 0 +1.776516210e-03 +7.731177652e+01 +7.731177652e+01 +8.9986e-01 -6.4607e-01 -2.0947e+00 -1.9066e+00 +9.8735e-01 -2.4282e+00 +7.7656e-01 -1.9198e+00 +1.4377e+00 +2.6972e+00
1872 0 +1.525617968e-03 +7.731152562e+01 +7.731152562e+01 +9.0260e-01 -6.3470e-01 -2.1187e+00 -1.8931e+00 +1.0339e+00 -2.4003e+00 +7.6326e-01 -1.9091e+00 +1.3984e+00 +2.6424e+00
1958 0 +1.517254626e-03 +7.731151725e+01 +7.731151725e+01 +8.8747e-01 -6.2666e-01 -2.1057e+00 -1.8861e+00 +1.0088e+00 -2.3869e+00 +7.8692e-01 -1.9042e+00 +1.4309e+00 +2.6619e+00
1961 0 +1.304384822e-03 +7.731130438e+01 +7.731130438e+01 +8.9997e-01 -6.5154e-01 -2.1185e+00 -1.8978e+00 +1.0199e+00 -2.4082e+00 +7.7937e-01 -1.9316e+00 +1.4512e+00 +2.6597e+00
2010 0 +8.402058637e-04 +7.731084021e+01 +7.731084021e+01 +8.7963e-01 -6.2856e-01 -2.1124e+00 -1.8801e+00 +1.0216e+00 -2.3971e+00 +7.7966e-01 -1.9242e+00 +1.4516e+00 +2.6614e+00
2081 0 +5.315417781e-04 +7.731053154e+01 +7.731053154e+01 +8.9312e-01 -6.2061e-01 -2.1319e+00 -1.8955e+00 +1.0107e+00 -2.3970e+00 +7.8476e-01 -1.9114e+00 +1.4407e+00 +2.6777e+00
2241 0 +4.251135375e-04 +7.731042511e+01 +7.731042511e+01 +8.8430e-01 -6.3391e-01 -2.1196e+00 -1.8870e+00 +1.0193e+00 -2.3808e+00 +7.8481e-01 -1.9032e+00 +1.4337e+00 +2.6457e+00
% f evaluations | g evaluations | best noise-free fitness - Fopt (3.992000000000e+01) + sum g_i+ | measured fitness | best measured fitness or single-digit g-values | x1 | x2...
1 0 +4.191187515e+01 +8.183187515e+01 +8.183187515e+01 +5.9671e-01 -3.8264e-02 +7.4769e-01 +1.6230e+00 -1.3415e-01 -1.3414e-01 +1.6792e+00 +8.6743e-01 -3.6947e-01 +6.4256e-01
3 0 +2.572461063e+01 +6.564461063e+01 +6.564461063e+01 +1.5656e+00 -1.2578e-01 +1.6753e-01 -1.3247e+00 -4.4438e-01 +2.1092e-01 -1.0510e+00 +4.7570e-01 -5.0064e-01 -1.9169e-01
9 0 +1.804862331e+01 +5.796862331e+01 +5.796862331e+01 -1.1967e-01 +4.5711e-01 +1.5779e+00 -4.1827e-01 -7.0849e-01 -4.0176e-01 +1.0154e+00 +4.2875e-01 -4.2976e-01 +6.1327e-01
21 0 +1.733867257e+01 +5.725867257e+01 +5.725867257e+01 +4.5779e-01 +6.6078e-01 +1.1831e+00 +1.1538e+00 -1.2777e+00 -8.3783e-01 +6.1504e-01 +6.1379e-01 +6.1505e-01 +3.9527e+00
52 0 +7.774935857e+00 +4.769493586e+01 +4.769493586e+01 +1.2963e+00 -8.2256e-01 +3.0580e+00 -6.3682e-02 -8.5342e-01 -8.3654e-01 +1.4653e+00 +7.8035e-01 +1.9255e+00 +3.4806e+00
58 0 +6.697440193e+00 +4.661744019e+01 +4.661744019e+01 +1.7200e+00 +1.8648e-01 +1.9280e+00 -5.8140e-01 -1.3888e+00 +7.6822e-02 +4.2763e-01 +2.1981e-01 +1.5897e+00 +1.6967e+00
127 0 +4.509951159e+00 +4.442995116e+01 +4.442995116e+01 +8.0584e-01 -6.2095e-01 +4.1899e+00 -2.2212e+00 -1.7981e+00 +8.9156e-01 +3.3962e-01 -3.0811e-01 +2.3730e+00 +3.1248e+00
227 0 +4.359547598e+00 +4.427954760e+01 +4.427954760e+01 +1.5779e+00 -1.5725e+00 +1.7080e+00 -2.2179e+00 -1.2405e+00 +2.3860e+00 +3.5147e+00 -1.4573e+00 +2.9403e+00 +4.1943e+00
252 0 +3.382294091e+00 +4.330229409e+01 +4.330229409e+01 +4.0511e+00 -6.2021e-01 +2.1672e+00 -2.7956e+00 +7.8061e-02 +1.7315e+00 +7.2305e-01 -3.1926e-01 +2.5032e+00 +3.0911e+00
358 0 +3.161476131e+00 +4.308147613e+01 +4.308147613e+01 +2.7035e+00 -1.9331e-01 +2.8052e+00 -1.1755e+00 -3.3631e+00 +2.7382e+00 +2.3578e+00 -1.0527e+00 +1.3854e+00 +4.5204e+00
401 0 +2.595260656e+00 +4.251526066e+01 +4.251526066e+01 +1.9255e+00 -5.0442e-01 +2.8544e+00 -1.8206e+00 -1.1482e+00 +1.6544e+00 +2.4660e+00 -6.4319e-01 +2.1981e+00 +4.2190e+00
402 0 +2.541131105e+00 +4.246113110e+01 +4.246113110e+01 +2.8595e+00 -1.4718e+00 +2.1014e+00 -1.8407e+00 -1.5532e+00 +3.8706e+00 +2.2477e+00 -1.8486e-02 +2.1865e+00 +4.0894e+00
404 0 +1.919471745e+00 +4.183947174e+01 +4.183947174e+01 +3.7336e+00 -1.4445e+00 +2.8185e+00 -1.0626e+00 -2.4733e+00 +3.2116e+00 +2.6870e+00 -9.7587e-01 +3.3646e+00 +2.6277e+00
406 0 +1.781706805e+00 +4.170170681e+01 +4.170170681e+01 +2.6655e+00 -5.6297e-01 +3.3841e+00 -2.9186e+00 -2.5228e+00 +1.8411e+00 +2.0147e+00 -1.0499e+00 +3.5168e+00 +3.2833e+00
501 0 +1.063812626e+00 +4.098381263e+01 +4.098381263e+01 +3.3679e+00 -2.0197e+00 +2.5887e+00 -2.2135e+00 -1.4913e+00 +2.8048e+00 +1.9889e+00 -4.0837e-01 +3.2035e+00 +3.4012e+00
551 0 +9.234641876e-01 +4.084346419e+01 +4.084346419e+01 +3.3332e+00 -1.6576e+00 +1.7747e+00 -2.6683e+00 -2.4482e+00 +2.0621e+00 +2.2496e+00 -8.5388e-01 +2.8221e+00 +3.9369e+00
601 0 +6.185870020e-01 +4.053858700e+01 +4.053858700e+01 +4.3978e+00 -1.1101e+00 +2.1543e+00 -2.8526e+00 -2.3119e+00 +2.0035e+00 +2.3074e+00 -1.0735e+00 +3.0796e+00 +3.4306e+00
651 0 +4.401254241e-01 +4.036012542e+01 +4.036012542e+01 +3.6934e+00 -1.3366e+00 +2.8214e+00 -2.5460e+00 -1.9277e+00 +2.3501e+00 +1.8121e+00 -6.3788e-01 +2.8228e+00 +3.4164e+00
701 0 +3.709997553e-01 +4.029099976e+01 +4.029099976e+01 +3.6919e+00 -1.4236e+00 +2.4138e+00 -2.2513e+00 -2.0895e+00 +2.4587e+00 +2.4564e+00 -6.7753e-01 +2.6845e+00 +3.2928e+00
704 0 +3.672380259e-01 +4.028723803e+01 +4.028723803e+01 +3.7182e+00 -1.0972e+00 +2.6956e+00 -2.1286e+00 -2.0013e+00 +2.4583e+00 +2.3077e+00 -6.4510e-01 +3.6435e+00 +3.8800e+00
716 0 +3.116155054e-01 +4.023161551e+01 +4.023161551e+01 +4.0938e+00 -1.5584e+00 +2.6426e+00 -2.7701e+00 -2.1875e+00 +2.1297e+00 +2.4160e+00 -5.7644e-01 +2.6954e+00 +3.5323e+00
802 0 +2.251756106e-01 +4.014517561e+01 +4.014517561e+01 +3.9268e+00 -1.0509e+00 +2.4241e+00 -2.3542e+00 -1.6992e+00 +2.3058e+00 +2.3738e+00 -8.0880e-01 +2.9133e+00 +3.6790e+00
851 0 +1.074434488e-01 +4.002744345e+01 +4.002744345e+01 +3.9113e+00 -1.1767e+00 +2.0700e+00 -2.2590e+00 -2.0596e+00 +2.1527e+00 +2.4614e+00 -6.8669e-01 +3.1069e+00 +3.1959e+00
901 0 +7.511989747e-02 +3.999511990e+01 +3.999511990e+01 +4.1090e+00 -1.1945e+00 +2.4307e+00 -2.3223e+00 -2.0477e+00 +2.2233e+00 +2.3031e+00 -7.4814e-01 +2.8808e+00 +3.2252e+00
951 0 +4.185781689e-02 +3.996185782e+01 +3.996185782e+01 +3.9140e+00 -1.1259e+00 +2.3493e+00 -2.4266e+00 -1.9799e+00 +2.3370e+00 +2.4642e+00 -5.6689e-01 +2.9961e+00 +3.5375e+00
1060 0 +3.275959773e-02 +3.995275960e+01 +3.995275960e+01 +3.9911e+00 -1.0880e+00 +2.4700e+00 -2.0954e+00 -1.9671e+00 +2.3950e+00 +2.1888e+00 -7.2283e-01 +3.0658e+00 +3.4408e+00
1151 0 +1.522545987e-02 +3.993522546e+01 +3.993522546e+01 +3.9662e+00 -1.0089e+00 +2.4623e+00 -2.2754e+00 -2.0313e+00 +2.3763e+00 +2.2878e+00 -6.1945e-01 +3.1297e+00 +3.4299e+00
1352 0 +6.960491367e-03 +3.992696049e+01 +3.992696049e+01 +3.9229e+00 -1.0292e+00 +2.2935e+00 -2.2563e+00 -1.9604e+00 +2.3874e+00 +2.2778e+00 -5.8302e-01 +3.0463e+00 +3.4148e+00
1501 0 +2.751181224e-03 +3.992275118e+01 +3.992275118e+01 +3.9559e+00 -1.1036e+00 +2.3485e+00 -2.2997e+00 -2.0319e+00 +2.3401e+00 +2.2546e+00 -6.1389e-01 +2.9939e+00 +3.3796e+00
1606 0 +1.133227355e-03 +3.992113323e+01 +3.992113323e+01 +3.9417e+00 -1.0447e+00 +2.3778e+00 -2.2545e+00 -2.0040e+00 +2.3770e+00 +2.2330e+00 -5.7413e-01 +3.0866e+00 +3.4552e+00
2067 0 +7.692155700e-04 +3.992076922e+01 +3.992076922e+01 +3.9470e+00 -1.0429e+00 +2.3942e+00 -2.2432e+00 -1.9913e+00 +2.3702e+00 +2.2523e+00 -5.9203e-01 +3.0941e+00 +3.4562e+00
2279 0 +7.451461564e-04 +3.992074515e+01 +3.992074515e+01 +3.9364e+00 -1.0471e+00 +2.3719e+00 -2.2729e+00 -2.0269e+00 +2.3735e+00 +2.2353e+00 -5.8561e-01 +3.0995e+00 +3.4571e+00
2425 0 +3.713062543e-04 +3.992037131e+01 +3.992037131e+01 +3.9508e+00 -1.0487e+00 +2.3726e+00 -2.2477e+00 -2.0033e+00 +2.3672e+00 +2.2338e+00 -5.9976e-01 +3.0685e+00 +3.4415e+00
% f evaluations | g evaluations | best noise-free fitness - Fopt (-5.661000000000e+01) + sum g_i+ | measured fitness | best measured fitness or single-digit g-values | x1 | x2...
1 0 +5.307357013e+01 -3.536429873e+00 -3.536429873e+00 +5.9671e-01 -3.8264e-02 +7.4769e-01 +1.6230e+00 -1.3415e-01 -1.3414e-01 +1.6792e+00 +8.6743e-01 -3.6947e-01 +6.4256e-01
9 0 +4.407777287e+01 -1.253222713e+01 -1.253222713e+01 -1.1967e-01 +4.5711e-01 +1.5779e+00 -4.1827e-01 -7.0849e-01 -4.0176e-01 +1.0154e+00 +4.2875e-01 -4.2976e-01 +6.1327e-01
26 0 +3.869066297e+01 -1.791933703e+01 -1.791933703e+01 -1.1609e+00 +1.0179e+00 +2.2222e+00 +1.1325e+00 -1.4194e+00 -3.8423e-01 +1.3669e+00 -6.0767e-01 +5.4382e-01 +8.7463e-01
51 0 +2.272502758e+01 -3.388497242e+01 -3.388497242e+01 +5.2274e-02 +4.8490e-01 +3.3784e-01 -5.6325e-01 -1.4998e+00 -8.2529e-01 +1.8705e+00 -1.1070e+00 -1.0389e+00 -1.0097e-01
63 0 +2.147874213e+01 -3.513125787e+01 -3.513125787e+01 +1.5720e-01 -2.0282e-02 +2.2770e+00 +4.7007e-01 -4.9373e-01 -6.6212e-02 +2.2370e+00 -1.7711e+00 -1.1593e+00 +2.5433e-01
66 0 +1.781450045e+01 -3.879549955e+01 -3.879549955e+01 +7.1163e-02 +1.6802e+00 +9.0579e-01 -1.6041e+00 -1.7323e+00 -3.6957e-01 +1.9167e+00 -8.1935e-01 -6.2942e-01 -9.5878e-01
106 0 +1.326064847e+01 -4.334935153e+01 -4.334935153e+01 +1.0507e+00 +3.8566e-01 +1.6290e+00 -2.1448e+00 -3.3537e+00 +5.5955e-01 +1.8883e+00 -3.0447e+00 -3.9534e-02 +1.6006e+00
110 0 +9.988779948e+00 -4.662122005e+01 -4.662122005e+01 +1.5661e+00 +8.2638e-01 +1.7187e+00 -2.1209e+00 -2.1937e+00 +3.3915e-01 +1.2384e+00 -1.2535e+00 -3.4410e+00 -1.1210e+00
121 0 +9.907255405e+00 -4.670274459e+01 -4.670274459e+01 +4.0555e-01 +6.3842e-01 +2.0648e+00 -3.1177e+00 -2.0130e+00 +2.1780e+00 +2.0149e+00 -1.8843e+00 -9.2212e-01 +1.2893e+00
125 0 +5.411631293e+00 -5.119836871e+01 -5.119836871e+01 +2.7794e+00 +1.6390e+00 +2.2356e+00 -2.2147e+00 -1.3643e+00 +1.0022e+00 +2.8579e+00 -1.5501e+00 -2.6173e+00 +1.2870e+00
201 0 +4.831306309e+00 -5.177869369e+01 -5.177869369e+01 +9.3608e-01 +2.7918e+00 +2.0536e+00 -2.5130e+00 -2.7008e+00 +1.3554e+00 +1.6759e+00 -1.9705e+00 -1.9620e+00 -6.7730e-01
253 0 +4.417715646e+00 -5.219228435e+01 -5.219228435e+01 +2.9701e+00 +1.4018e+00 +3.3738e+00 -1.9748e+00 -2.1833e+00 +8.7383e-01 +3.0998e+00 -1.1212e+00 -3.9779e+00 -2.1926e-01
255 0 +2.397625421e+00 -5.421237458e+01 -5.421237458e+01 +2.0296e+00 +3.3007e+00 +4.2654e+00 -2.9574e+00 -2.5798e+00 +1.0498e+00 +2.0433e+00 -4.2940e+00 -3.7736e+00 -6.6081e-01
402 0 +1.716574711e+00 -5.489342529e+01 -5.489342529e+01 +1.9473e+00 +3.2344e+00 +2.6465e+00 -4.1908e+00 -2.7430e+00 +2.6742e+00 +3.1811e+00 -3.0079e+00 -2.6328e+00 -1.2777e+00
501 0 +1.304909730e+00 -5.530509027e+01 -5.530509027e+01 +2.6406e+00 +3.7729e+00 +2.8818e+00 -3.4791e+00 -2.8427e+00 +1.8132e+00 +2.5668e+00 -2.8486e+00 -4.0568e+00 -1.5322e+00
552 0 +7.531292112e-01 -5.585687079e+01 -5.585687079e+01 +2.0450e+00 +2.2615e+00 +3.4944e+00 -2.9953e+00 -3.0447e+00 +1.9613e+00 +3.4686e+00 -3.3069e+00 -3.3758e+00 -5.9419e-01
602 0 +7.402193608e-01 -5.586978064e+01 -5.586978064e+01 +1.0073e+00 +3.3474e+00 +3.0343e+00 -3.2456e+00 -3.4152e+00 +2.2894e+00 +2.9572e+00 -3.3513e+00 -3.8250e+00 -7.2264e-01
613 0 +6.850336699e-01 -5.592496633e+01 -5.592496633e+01 +2.6090e+00 +2.7172e+00 +2.9346e+00 -3.7640e+00 -2.7819e+00 +2.3942e+00 +2.8310e+00 -2.8150e+00 -3.5280e+00 -9.7404e-01
651 0 +5.704044220e-01 -5.603959558e+01 -5.603959558e+01 +1.6456e+00 +2.7061e+00 +3.2007e+00 -3.0920e+00 -3.6949e+00 +2.2709e+00 +2.9449e+00 -2.8292e+00 -3.5834e+00 -1.1640e+00
653 0 +4.710045502e-01 -5.613899545e+01 -5.613899545e+01 +1.5517e+00 +2.8694e+00 +2.8915e+00 -2.9390e+00 -3.6174e+00 +2.6310e+00 +2.4389e+00 -3.4491e+00 -3.7348e+00 -8.4884e-01
655 0 +4.286308530e-01 -5.618136915e+01 -5.618136915e+01 +1.5696e+00 +2.2974e+00 +3.2112e+00 -2.9340e+00 -2.9766e+00 +2.6679e+00 +2.6904e+00 -3.5394e+00 -3.8375e+00 -9.0036e-01
716 0 +3.801236409e-01 -5.622987636e+01 -5.622987636e+01 +1.7419e+00 +2.7787e+00 +3.8627e+00 -3.8389e+00 -3.0282e+00 +2.2935e+00 +2.5514e+00 -3.3381e+00 -3.5335e+00 -8.8822e-01
752 0 +3.340127506e-01 -5.627598725e+01 -5.627598725e+01 +1.8578e+00 +3.2915e+00 +3.4327e+00 -3.5680e+00 -3.0903e+00 +2.5213e+00 +2.4871e+00 -3.5990e+00 -3.8945e+00 -8.1371e-01
760 0 +2.300618258e-01 -5.637993817e+01 -5.637993817e+01 +2.0509e+00 +2.8550e+00 +2.9392e+00 -3.3697e+00 -3.4368e+00 +2.2735e+00 +3.2263e+00 -3.4014e+00 -3.4597e+00 -8.9986e-01
815 0 +2.292749072e-01 -5.638072509e+01 -5.638072509e+01 +1.8794e+00 +2.8140e+00 +3.3975e+00 -3.0128e+00 -3.1707e+00 +2.1287e+00 +2.4818e+00 -2.9079e+00 -3.5911e+00 -1.0572e+00
851 0 +2.245653289e-01 -5.638543467e+01 -5.638543467e+01 +1.9408e+00 +3.2088e+00 +3.2392e+00 -3.0792e+00 -2.9537e+00 +2.3898e+00 +2.5135e+00 -3.2159e+00 -3.9388e+00 -6.5457e-01
852 0 +2.159177282e-01 -5.639408227e+01 -5.639408227e+01 +2.1437e+00 +2.9056e+00 +3.3055e+00 -3.2078e+00 -2.8893e+00 +2.4321e+00 +2.6647e+00 -3.2485e+00 -3.4832e+00 -7.1576e-01
855 0 +1.864475092e-01 -5.642355249e+01 -5.642355249e+01 +1.9584e+00 +3.1811e+00 +2.8622e+00 -3.4497e+00 -3.0265e+00 +2.1272e+00 +2.7810e+00 -3.3169e+00 -3.5788e+00 -6.2836e-01
901 0 +1.216848359e-01 -5.648831516e+01 -5.648831516e+01 +2.1765e+00 +3.1220e+00 +3.2435e+00 -2.9967e+00 -3.1769e+00 +2.2502e+00 +2.5609e+00 -3.2622e+00 -3.6383e+00 -7.4117e-01
1002 0 +1.080432013e-01 -5.650195680e+01 -5.650195680e+01 +1.9611e+00 +2.9611e+00 +3.1035e+00 -3.0014e+00 -3.2974e+00 +2.3964e+00 +2.7062e+00 -3.5607e+00 -3.6315e+00 -7.1952e-01
1052 0 +1.059079501e-01 -5.650409205e+01 -5.650409205e+01 +2.1550e+00 +3.0496e+00 +3.1846e+00 -3.0272e+00 -3.2799e+00 +2.3452e+00 +2.5460e+00 -3.4345e+00 -3.7332e+00 -7.2712e-01
1069 0 +1.034355899e-01 -5.650656441e+01 -5.650656441e+01 +1.8965e+00 +2.7410e+00 +3.1511e+00 -3.3370e+00 -2.8249e+00 +2.3660e+00 +2.5719e+00 -3.1818e+00 -3.2355e+00 -8.9703e-01
1101 0 +9.470134089e-02 -5.651529866e+01 -5.651529866e+01 +2.0505e+00 +2.7874e+00 +3.3343e+00 -3.3553e+00 -2.8226e+00 +2.2830e+00 +2.5389e+00 -3.3570e+00 -3.3678e+00 -9.7317e-01
1102 0 +5.063982625e-02 -5.655936017e+01 -5.655936017e+01 +1.9316e+00 +2.8958e+00 +3.2252e+00 -3.4203e+00 -2.9015e+00 +2.3218e+00 +2.6105e+00 -3.3366e+00 -3.5382e+00 -7.7138e-01
1151 0 +4.401390862e-02 -5.656598609e+01 -5.656598609e+01 +2.0110e+00 +2.9702e+00 +3.1645e+00 -3.3000e+00 -3.1131e+00 +2.2870e+00 +2.8650e+00 -3.4121e+00 -3.5413e+00 -7.4028e-01
1203 0 +2.822225796e-02 -5.658177774e+01 -5.658177774e+01 +1.8466e+00 +2.7662e+00 +3.2950e+00 -3.3216e+00 -3.2390e+00 +2.3579e+00 +2.6549e+00 -3.4178e+00 -3.6841e+00 -7.5066e-01
1251 0 +2.545068446e-02 -5.658454932e+01 -5.658454932e+01 +2.0517e+00 +2.9498e+00 +3.1726e+00 -3.2696e+00 -3.1912e+00 +2.2298e+00 +2.8082e+00 -3.2763e+00 -3.5390e+00 -8.4683e-01
1259 0 +8.658587249e-03 -5.660134141e+01 -5.660134141e+01 +1.9065e+00 +2.9430e+00 +3.1284e+00 -3.2497e+00 -2.9191e+00 +2.3152e+00 +2.5381e+00 -3.2113e+00 -3.5626e+00 -7.5129e-01
1461 0 +4.338946444e-03 -5.660566105e+01 -5.660566105e+01 +1.9266e+00 +2.9204e+00 +3.2263e+00 -3.3475e+00 -2.9810e+00 +2.2860e+00 +2.6354e+00 -3.2424e+00 -3.6112e+00 -8.0150e-01
1656 0 +3.035387967e-03 -5.660696461e+01 -5.660696461e+01 +1.9781e+00 +2.9399e+00 +3.2127e+00 -3.2627e+00 -3.1832e+00 +2.2746e+00 +2.6568e+00 -3.2910e+00 -3.6404e+00 -7.6158e-01
1717 0 +2.546120211e-03 -5.660745388e+01 -5.660745388e+01 +1.9922e+00 +2.8968e+00 +3.2146e+00 -3.2891e+00 -3.1337e+00 +2.2885e+00 +2.6778e+00 -3.2970e+00 -3.6017e+00 -8.1451e-01
1762 0 +1.977076256e-03 -5.660802292e+01 -5.660802292e+01 +1.9234e+00 +2.8966e+00 +3.2055e+00 -3.2503e+00 -3.1351e+00 +2.2963e+00 +2.6461e+00 -3.3373e+00 -3.6175e+00 -7.5362e-01
1965 0 +1.729425945e-03 -5.660827057e+01 -5.660827057e+01 +1.9523e+00 +2.8907e+00 +3.2395e+00 -3.2971e+00 -3.0381e+00 +2.3041e+00 +2.6454e+00 -3.3181e+00 -3.5969e+00 -8.1429e-01
2024 0 +1.059516755e-03 -5.660894048e+01 -5.660894048e+01 +1.9326e+00 +2.8692e+00 +3.2306e+00 -3.2849e+00 -3.0666e+00 +2.2988e+00 +2.6338e+00 -3.2953e+00 -3.6059e+00 -7.9861e-01
2258 0 +9.432191587e-04 -5.660905678e+01 -5.660905678e+01 +1.9515e+00 +2.8857e+00 +3.2279e+00 -3.3045e+00 -3.0598e+00 +2.2960e+00 +2.6566e+00 -3.2961e+00 -3.5956e+00 -8.0724e-01
2308 0 +8.661407289e-04 -5.660913386e+01 -5.660913386e+01 +1.9610e+00 +2.8925e+00 +3.2282e+00 -3.2939e+00 -3.0318e+00 +2.2959e+00 +2.6464e+00 -3.2949e+00 -3.5859e+00 -8.1512e-01
2323 0 +7.823844251e-04 -5.660921762e+01 -5.660921762e+01 +1.9558e+00 +2.8857e+00 +3.2284e+00 -3.3120e+00 -3.0324e+00 +2.3020e+00 +2.6417e+00 -3.2778e+00 -3.5952e+00 -8.2076e-01
2357 0 +6.593806101e-04 -5.660934062e+01 -5.660934062e+01 +1.9507e+00 +2.8804e+00 +3.2260e+00 -3.3066e+00 -3.0196e+00 +2.3045e+00 +2.6344e+00 -3.2752e+00 -3.5936e+00 -8.2015e-01
2418 0 +3.171942578e-04 -5.660968281e+01 -5.660968281e+01 +1.9566e+00 +2.8937e+00 +3.2276e+00 -3.2904e+00 -3.0729e+00 +2.2867e+00 +2.6395e+00 -3.2680e+00 -3.6051e+00 -8.0723e-01
% f evaluations | g evaluations | best noise-free fitness - Fopt (3.270000000000e+01) + sum g_i+ | measured fitness | best measured fitness or single-digit g-values | x1 | x2...
1 0 +4.398156541e+01 +7.668156541e+01 +7.668156541e+01 +5.9671e-01 -3.8264e-02 +7.4769e-01 +1.6230e+00 -1.3415e-01 -1.3414e-01 +1.6792e+00 +8.6743e-01 -3.6947e-01 +6.4256e-01
11 0 +3.254071479e+01 +6.524071479e+01 +6.524071479e+01 -1.3154e+00 -3.2065e-01 -2.4271e-01 -7.0228e-01 -6.1286e-02 +5.0405e-01 +1.9862e+00 +2.7458e-01 +3.5755e-01 +2.5554e-02
12 0 +3.196303947e+01 +6.466303947e+01 +6.466303947e+01 -1.8188e+00 +7.3486e-02 +1.6023e-01 +2.5632e+00 -9.2361e-02 +4.0155e-01 +6.5288e-02 -1.0687e+00 +1.2428e+00 +8.5193e-01
17 0 +2.954551750e+01 +6.224551750e+01 +6.224551750e+01 -8.7468e-01 +8.8708e-01 +1.2586e+00 -7.2068e-01 +1.0634e+00 +5.1278e-01 +9.2206e-01 +1.9968e+00 -1.4539e-01 -6.5374e-01
18 0 +2.755922381e+01 +6.025922381e+01 +6.025922381e+01 -7.8951e-01 -7.1581e-01 +2.2898e-02 +4.4115e-01 +3.7669e-01 +9.2718e-01 +1.1300e-01 +1.5535e+00 -1.6466e-01 +2.8202e+00
25 0 +2.696047175e+01 +5.966047175e+01 +5.966047175e+01 -6.9252e-01 -1.4736e-02 +6.0499e-01 +9.6576e-01 -1.1003e+00 -2.3450e-01 -3.7495e-01 -5.5333e-01 +1.8655e+00 +5.0498e-01
29 0 +2.144542836e+01 +5.414542836e+01 +5.414542836e+01 +2.1352e-01 +7.6213e-01 +1.6860e+00 -1.1378e+00 +2.2330e+00 -1.8521e+00 -5.1785e-02 +6.8832e-01 +3.8099e-01 -5.2270e-01
51 0 +1.508631216e+01 +4.778631216e+01 +4.778631216e+01 -2.6505e+00 +7.7313e-01 +1.5844e+00 -2.1100e+00 +2.6009e+00 -3.5618e+00 -2.0723e+00 +2.3308e+00 +2.0316e+00 -1.0788e+00
53 0 +9.747321581e+00 +4.244732158e+01 +4.244732158e+01 -1.8138e+00 -2.1540e+00 -9.4673e-01 +1.8005e+00 +3.1155e-01 -7.7295e-01 -2.1054e-01 +2.9785e+00 +3.7558e+00 +8.1583e-01
56 0 +8.880791677e+00 +4.158079168e+01 +4.158079168e+01 -1.4285e+00 +2.7046e-01 +4.4138e-01 +1.1836e+00 +4.1437e-01 -2.9631e+00 -2.1664e+00 +3.0221e+00 +1.0434e+00 +6.9145e-01
59 0 +4.394529523e+00 +3.709452952e+01 +3.709452952e+01 -1.4388e+00 -8.8324e-01 +7.8392e-01 +6.5010e-01 +1.0197e+00 +9.8998e-01 -1.2940e+00 +2.7786e+00 +2.7807e+00 +2.7225e+00
71 0 +3.844858946e+00 +3.654485895e+01 +3.654485895e+01 -1.5573e+00 -1.0605e+00 -7.5949e-01 +7.6621e-01 +1.0388e+00 -1.3334e+00 -1.8967e+00 +1.7058e+00 +1.9937e+00 +3.1538e+00
302 0 +1.763648410e+00 +3.446364841e+01 +3.446364841e+01 -1.6816e+00 -9.4554e-01 -6.9191e-01 +1.6167e+00 +5.1016e-02 -6.5817e-01 -1.8503e+00 +2.5879e+00 +3.6981e+00 +4.0489e+00
451 0 +1.557006775e+00 +3.425700678e+01 +3.425700678e+01 -2.5966e+00 -7.3960e-01 +1.2708e-01 +1.5255e+00 +2.8423e-01 -9.5268e-01 -2.6627e+00 +3.0508e+00 +4.3802e+00 +2.9823e+00
452 0 +1.246162424e+00 +3.394616242e+01 +3.394616242e+01 -1.7126e+00 -7.8055e-01 +2.8430e-01 +1.8097e-01 -3.1898e-01 -1.2713e+00 -3.0614e+00 +2.6605e+00 +4.0155e+00 +2.6976e+00
501 0 +9.984188387e-01 +3.369841884e+01 +3.369841884e+01 -2.8587e+00 -1.5994e+00 +9.4559e-01 +4.4371e-01 +2.4577e-01 -9.7280e-01 -2.5817e+00 +3.4220e+00 +2.9946e+00 +2.6984e+00
601 0 +3.751377678e-01 +3.307513777e+01 +3.307513777e+01 -1.9925e+00 -1.4366e+00 +9.7016e-02 +1.0948e+00 +1.3326e-01 -1.1085e+00 -2.5366e+00 +3.1631e+00 +3.7470e+00 +3.1338e+00
704 0 +2.532618841e-01 +3.295326188e+01 +3.295326188e+01 -2.6551e+00 -1.8174e+00 +3.4050e-01 +1.2552e+00 +7.5369e-02 -1.4304e+00 -3.2754e+00 +3.3751e+00 +3.0661e+00 +3.1300e+00
801 0 +2.099332457e-01 +3.290993325e+01 +3.290993325e+01 -2.1970e+00 -1.8174e+00 +2.8271e-01 +1.1713e+00 -1.2219e-01 -1.3862e+00 -2.8199e+00 +3.0561e+00 +3.6925e+00 +3.1934e+00
851 0 +1.152661239e-01 +3.281526612e+01 +3.281526612e+01 -2.1579e+00 -1.6975e+00 +2.4721e-01 +1.3567e+00 -1.3611e-02 -1.2554e+00 -2.8355e+00 +3.0866e+00 +3.4056e+00 +3.5229e+00
901 0 +1.082189437e-01 +3.280821894e+01 +3.280821894e+01 -2.0727e+00 -1.8304e+00 +3.9719e-01 +1.3079e+00 -2.4328e-01 -1.2129e+00 -2.7615e+00 +3.1244e+00 +2.9853e+00 +3.1457e+00
956 0 +9.713867383e-02 +3.279713867e+01 +3.279713867e+01 -1.8826e+00 -1.3709e+00 +1.1397e-01 +1.1496e+00 -2.4996e-01 -1.0827e+00 -2.8166e+00 +3.0968e+00 +3.1798e+00 +3.2701e+00
958 0 +9.626547487e-02 +3.279626547e+01 +3.279626547e+01 -1.9426e+00 -1.8717e+00 +3.8088e-01 +1.3014e+00 -2.0428e-02 -1.1655e+00 -2.7026e+00 +3.0855e+00 +3.1190e+00 +3.0552e+00
1002 0 +7.492893756e-02 +3.277492894e+01 +3.277492894e+01 -1.9855e+00 -1.6214e+00 +2.2437e-01 +1.1392e+00 -2.0516e-01 -1.2189e+00 -2.8085e+00 +3.0896e+00 +3.0704e+00 +3.3860e+00
1003 0 +6.408294946e-02 +3.276408295e+01 +3.276408295e+01 -2.0294e+00 -1.6798e+00 +1.1453e-01 +1.3649e+00 -1.1601e-02 -1.4830e+00 -2.8589e+00 +3.1858e+00 +3.3071e+00 +3.1967e+00
1004 0 +6.097173781e-02 +3.276097174e+01 +3.276097174e+01 -1.9869e+00 -1.3222e+00 +2.3671e-01 +1.2763e+00 -2.1380e-01 -1.3558e+00 -2.9878e+00 +3.1881e+00 +3.1818e+00 +3.2216e+00
1051 0 +4.642227144e-02 +3.274642227e+01 +3.274642227e+01 -2.0963e+00 -1.6148e+00 +2.1879e-01 +1.2286e+00 -5.4078e-02 -1.2781e+00 -2.9502e+00 +3.0473e+00 +3.1818e+00 +3.3427e+00
1101 0 +3.865760370e-02 +3.273865760e+01 +3.273865760e+01 -2.2225e+00 -1.6340e+00 +1.7799e-01 +1.3863e+00 -5.3681e-02 -1.3308e+00 -2.9481e+00 +3.1807e+00 +3.1836e+00 +3.2492e+00
1152 0 +2.956501235e-02 +3.272956501e+01 +3.272956501e+01 -2.0918e+00 -1.6141e+00 +8.5125e-02 +1.2209e+00 -8.2847e-02 -1.3306e+00 -2.8923e+00 +3.2501e+00 +3.2159e+00 +3.3071e+00
1153 0 +1.551763940e-02 +3.271551764e+01 +3.271551764e+01 -2.0699e+00 -1.5859e+00 +2.6881e-01 +1.3079e+00 -8.7384e-02 -1.2055e+00 -2.8824e+00 +3.1480e+00 +3.1143e+00 +3.1012e+00
1303 0 +1.342467940e-02 +3.271342468e+01 +3.271342468e+01 -2.1090e+00 -1.6335e+00 +1.7676e-01 +1.2542e+00 -7.8078e-02 -1.2594e+00 -2.9014e+00 +3.1600e+00 +3.1435e+00 +3.2322e+00
1351 0 +1.211324704e-02 +3.271211325e+01 +3.271211325e+01 -2.0528e+00 -1.5369e+00 +1.5322e-01 +1.1908e+00 -1.6554e-01 -1.2330e+00 -2.9272e+00 +3.2052e+00 +3.1219e+00 +3.2725e+00
1354 0 +6.976528454e-03 +3.270697653e+01 +3.270697653e+01 -2.1218e+00 -1.6734e+00 +2.6028e-01 +1.3562e+00 -5.6114e-02 -1.2816e+00 -2.8994e+00 +3.1266e+00 +3.1482e+00 +3.1386e+00
1459 0 +6.476252955e-03 +3.270647625e+01 +3.270647625e+01 -2.0676e+00 -1.6174e+00 +1.9920e-01 +1.2513e+00 -1.0061e-01 -1.2027e+00 -2.8756e+00 +3.1395e+00 +3.1307e+00 +3.1506e+00
1554 0 +6.436841429e-03 +3.270643684e+01 +3.270643684e+01 -2.0503e+00 -1.6139e+00 +1.9210e-01 +1.2508e+00 -1.0047e-01 -1.2322e+00 -2.8934e+00 +3.1559e+00 +3.1206e+00 +3.1936e+00
1564 0 +5.012129284e-03 +3.270501213e+01 +3.270501213e+01 -2.0913e+00 -1.6237e+00 +2.1911e-01 +1.2439e+00 -1.1228e-01 -1.2447e+00 -2.8951e+00 +3.1394e+00 +3.1742e+00 +3.2206e+00
1572 0 +4.463717960e-03 +3.270446372e+01 +3.270446372e+01 -2.0923e+00 -1.5991e+00 +1.8517e-01 +1.2819e+00 -8.9774e-02 -1.2532e+00 -2.9031e+00 +3.1269e+00 +3.1474e+00 +3.1991e+00
1602 0 +4.144805760e-03 +3.270414481e+01 +3.270414481e+01 -2.0717e+00 -1.6297e+00 +1.9723e-01 +1.2708e+00 -8.6796e-02 -1.2226e+00 -2.8821e+00 +3.1369e+00 +3.1357e+00 +3.1803e+00
1609 0 +2.193832837e-03 +3.270219383e+01 +3.270219383e+01 -2.0767e+00 -1.6043e+00 +2.0811e-01 +1.2542e+00 -1.1557e-01 -1.2670e+00 -2.9000e+00 +3.1619e+00 +3.1561e+00 +3.2150e+00
2087 0 +1.591146314e-03 +3.270159115e+01 +3.270159115e+01 -2.0867e+00 -1.6128e+00 +2.2752e-01 +1.2416e+00 -1.2553e-01 -1.2649e+00 -2.9001e+00 +3.1758e+00 +3.1699e+00 +3.2085e+00
2124 0 +1.543903349e-03 +3.270154390e+01 +3.270154390e+01 -2.0833e+00 -1.6046e+00 +2.1134e-01 +1.2577e+00 -1.0504e-01 -1.2670e+00 -2.8989e+00 +3.1794e+00 +3.1688e+00 +3.1948e+00
2178 0 +1.290812928e-03 +3.270129081e+01 +3.270129081e+01 -2.0477e+00 -1.5789e+00 +2.1189e-01 +1.2688e+00 -1.3618e-01 -1.2794e+00 -2.8896e+00 +3.1721e+00 +3.1610e+00 +3.1909e+00
2231 0 +9.022986863e-04 +3.270090230e+01 +3.270090230e+01 -2.0549e+00 -1.5844e+00 +2.2133e-01 +1.2406e+00 -1.6340e-01 -1.2523e+00 -2.8903e+00 +3.1488e+00 +3.1461e+00 +3.1648e+00
2485 0 +7.890958257e-04 +3.270078910e+01 +3.270078910e+01 -2.0680e+00 -1.6237e+00 +2.4237e-01 +1.2625e+00 -1.3340e-01 -1.2783e+00 -2.8748e+00 +3.1701e+00 +3.1843e+00 +3.1857e+00
% f evaluations | g evaluations | best noise-free fitness - Fopt (-3.943000000000e+01) + sum g_i+ | measured fitness | best measured fitness or single-digit g-values | x1 | x2...
1 0 +1.995957095e+01 -1.947042905e+01 -1.947042905e+01 +5.9671e-01 -3.8264e-02 +7.4769e-01 +1.6230e+00 -1.3415e-01 -1.3414e-01 +1.6792e+00 +8.6743e-01 -3.6947e-01 +6.4256e-01
4 0 +1.863019311e+01 -2.079980689e+01 -2.079980689e+01 -5.0171e-01 +1.9523e+00 +8.6503e-02 -9.5771e-01 +9.2254e-01 -1.1208e+00 +3.0886e-01 -1.8597e+00 -1.2282e+00 +2.9686e-01
5 0 +1.617992472e+01 -2.325007528e+01 -2.325007528e+01 +8.3847e-01 +2.7137e-01 -1.5648e-02 -2.0110e-01 -1.3785e+00 -6.1984e-01 -3.6064e-01 +1.1571e+00 +4.4362e-01 -1.6630e+00
10 0 +1.379599655e+01 -2.563400345e+01 -2.563400345e+01 +1.9708e-01 +1.0686e+00 -6.0205e-01 -2.2766e-01 -2.9211e-01 -1.3635e+00 +3.9612e-01 +3.6106e-01 +1.0511e-01 -1.3459e-01
22 0 +1.082487093e+01 -2.860512907e+01 -2.860512907e+01 +6.7089e-01 +1.2356e+00 +1.0540e+00 +7.5139e-01 -2.1527e-01 +8.5897e-01 -6.7283e-01 -1.3682e-01 -3.8536e-01 +1.8187e-01
37 0 +9.696730804e+00 -2.973326920e+01 -2.973326920e+01 +6.1935e-01 +1.6327e+00 -8.7601e-03 +5.0171e-01 +7.9014e-01 -3.0122e-01 +3.2409e-01 +1.1259e-01 +1.9768e-01 -6.7301e-01
66 0 +9.694024668e+00 -2.973597533e+01 -2.973597533e+01 +3.4144e-01 +1.6317e+00 +1.2351e+00 +8.7294e-01 -9.3171e-01 -4.4360e-01 -8.1871e-01 -3.8640e-01 -2.6850e-01 -8.5262e-01
67 0 +7.688112426e+00 -3.174188757e+01 -3.174188757e+01 +8.1312e-01 +9.7961e-01 +1.6245e+00 +9.5045e-01 +1.8726e+00 -3.9132e-01 +4.0806e-02 +2.0577e+00 +1.3246e+00 -6.1027e-01
104 0 +6.179784943e+00 -3.325021506e+01 -3.325021506e+01 +1.8736e+00 +2.1151e+00 +1.3781e+00 +4.8139e-01 +2.3785e+00 +1.8054e-01 +3.1107e-02 +1.6267e+00 -1.0533e+00 -4.9386e-02
107 0 +6.154377178e+00 -3.327562282e+01 -3.327562282e+01 +1.3501e+00 +1.7617e+00 +1.8456e+00 +1.5911e+00 +1.0916e+00 +1.1667e-01 -1.4495e-01 +3.1087e+00 +3.1354e-02 -1.2512e+00
161 0 +5.935262279e+00 -3.349473772e+01 -3.349473772e+01 +3.1162e+00 +2.5623e+00 +2.2016e+00 +9.3875e-01 +2.4651e+00 +9.9688e-02 +8.4747e-01 +1.5700e+00 -1.4507e-01 -5.7024e-01
177 0 +5.316905050e+00 -3.411309495e+01 -3.411309495e+01 +2.5333e+00 +3.7687e+00 +2.1219e+00 +1.8469e+00 +1.7738e+00 -1.6484e+00 -1.6380e+00 +1.6725e+00 +1.4104e+00 -4.2552e-01
186 0 +4.737809757e+00 -3.469219024e+01 -3.469219024e+01 +2.9164e+00 +4.1915e+00 +2.0823e+00 +2.9357e-01 +2.2117e+00 -1.2869e-01 +5.3520e-01 +2.5625e+00 -1.4005e+00 -1.3388e-01
201 0 +3.796335962e+00 -3.563366404e+01 -3.563366404e+01 +2.1226e+00 +2.5145e+00 +1.4860e+00 +1.7569e+00 +1.1144e+00 +6.4699e-01 -9.8948e-01 +2.5422e+00 -8.3747e-01 +1.0106e+00
253 0 +3.240609129e+00 -3.618939087e+01 -3.618939087e+01 +2.0690e+00 +2.6083e+00 +3.8444e+00 +5.4050e-01 +2.5905e+00 -1.2752e+00 -1.1201e+00 +1.8413e+00 -8.6633e-01 +1.5586e+00
262 0 +2.784678800e+00 -3.664532120e+01 -3.664532120e+01 +4.7120e+00 +3.4363e+00 +2.8278e+00 +1.2924e+00 +2.0325e+00 -4.4259e-01 +4.0915e-01 +2.0012e+00 +2.0545e-01 +1.6625e+00
301 0 +2.734031145e+00 -3.669596885e+01 -3.669596885e+01 +2.2191e+00 +3.1514e+00 +2.5192e+00 +1.3911e+00 +8.8362e-01 -2.3741e+00 -2.0633e+00 +1.3346e+00 -6.5591e-01 +1.6294e+00
352 0 +2.732487769e+00 -3.669751223e+01 -3.669751223e+01 +2.2521e+00 +2.6020e+00 +2.4382e+00 +3.4987e-01 +7.1741e-01 -8.3966e-01 -8.8453e-01 +3.2889e+00 -5.0001e-01 +1.5850e+00
401 0 +1.859900150e+00 -3.757009985e+01 -3.757009985e+01 +3.7445e+00 +2.0061e+00 +2.6697e+00 +1.8707e+00 +1.5201e+00 -1.7048e+00 -2.1434e+00 +2.6269e+00 -3.2193e-01 +2.0981e+00
404 0 +1.763474586e+00 -3.766652541e+01 -3.766652541e+01 +3.8124e+00 +4.1097e+00 +2.6029e+00 +2.2296e+00 +3.4052e-01 -2.1928e+00 -1.6385e+00 +2.2443e+00 -1.3303e+00 +1.3862e+00
451 0 +6.963295108e-01 -3.873367049e+01 -3.873367049e+01 +3.7764e+00 +3.8773e+00 +2.8810e+00 +1.5735e+00 +7.0428e-01 -1.0352e+00 -5.3526e-01 +2.1913e+00 -6.7955e-01 +2.1597e+00
602 0 +6.475142701e-01 -3.878248573e+01 -3.878248573e+01 +4.3188e+00 +2.6726e+00 +2.1838e+00 +1.5837e+00 +9.4705e-01 -1.1051e+00 -1.1537e+00 +2.6240e+00 -6.6913e-01 +2.0100e+00
702 0 +5.951939438e-01 -3.883480606e+01 -3.883480606e+01 +4.4201e+00 +3.2448e+00 +2.7293e+00 +1.5764e+00 +9.4506e-01 -1.1071e+00 -1.4198e+00 +3.0022e+00 -7.5640e-01 +2.0372e+00
703 0 +2.873590545e-01 -3.914264095e+01 -3.914264095e+01 +3.5452e+00 +3.7280e+00 +2.9281e+00 +1.9494e+00 +9.5271e-01 -1.0237e+00 -9.2741e-01 +2.5199e+00 -5.2089e-01 +2.6540e+00
752 0 +1.612225652e-01 -3.926877743e+01 -3.926877743e+01 +3.8845e+00 +3.3718e+00 +2.9757e+00 +1.7668e+00 +1.0331e+00 -1.2736e+00 -9.6196e-01 +2.6812e+00 -9.7243e-01 +2.4943e+00
758 0 +1.433825318e-01 -3.928661747e+01 -3.928661747e+01 +3.6575e+00 +3.0868e+00 +2.8298e+00 +1.2510e+00 +1.1630e+00 -1.0662e+00 -9.7276e-01 +2.7441e+00 -5.9173e-01 +2.5266e+00
801 0 +1.330302316e-01 -3.929696977e+01 -3.929696977e+01 +3.8349e+00 +3.1559e+00 +2.7895e+00 +1.7051e+00 +7.4214e-01 -1.0833e+00 -9.2608e-01 +2.6842e+00 -8.6711e-01 +2.5456e+00
901 0 +1.247628817e-01 -3.930523712e+01 -3.930523712e+01 +3.5775e+00 +3.4385e+00 +3.0110e+00 +1.2418e+00 +1.2571e+00 -9.8820e-01 -1.0084e+00 +2.7883e+00 -6.9669e-01 +2.5674e+00
910 0 +1.247286799e-01 -3.930527132e+01 -3.930527132e+01 +3.6964e+00 +3.4125e+00 +2.7496e+00 +1.5588e+00 +1.0893e+00 -1.2779e+00 -1.0278e+00 +2.5298e+00 -7.0541e-01 +2.6402e+00
951 0 +1.202645667e-01 -3.930973543e+01 -3.930973543e+01 +3.6359e+00 +3.5044e+00 +3.0044e+00 +1.5693e+00 +9.4093e-01 -1.1031e+00 -9.7089e-01 +2.5887e+00 -3.7409e-01 +2.5154e+00
956 0 +6.478211584e-02 -3.936521788e+01 -3.936521788e+01 +3.9280e+00 +3.4751e+00 +3.0165e+00 +1.4380e+00 +1.0452e+00 -1.0309e+00 -1.1936e+00 +2.7507e+00 -6.6439e-01 +2.4060e+00
1007 0 +6.450950732e-02 -3.936549049e+01 -3.936549049e+01 +3.8168e+00 +3.1697e+00 +2.6845e+00 +1.5557e+00 +1.0117e+00 -1.1625e+00 -9.1241e-01 +2.7656e+00 -8.8132e-01 +2.4752e+00
1051 0 +5.908191034e-02 -3.937091809e+01 -3.937091809e+01 +3.8284e+00 +3.2144e+00 +2.6599e+00 +1.5058e+00 +9.9290e-01 -1.2263e+00 -1.0757e+00 +2.7777e+00 -7.0000e-01 +2.5488e+00
1052 0 +4.904916454e-02 -3.938095084e+01 -3.938095084e+01 +3.8024e+00 +3.3387e+00 +2.8030e+00 +1.5974e+00 +1.1132e+00 -1.0614e+00 -1.0790e+00 +2.7441e+00 -6.6375e-01 +2.4940e+00
1101 0 +3.118262432e-02 -3.939881738e+01 -3.939881738e+01 +3.7125e+00 +3.4527e+00 +2.9087e+00 +1.4518e+00 +1.1400e+00 -1.0624e+00 -1.1625e+00 +2.7310e+00 -7.1487e-01 +2.4862e+00
1102 0 +2.868697298e-02 -3.940131303e+01 -3.940131303e+01 +3.7778e+00 +3.2509e+00 +2.8323e+00 +1.6105e+00 +9.1290e-01 -1.1016e+00 -1.0252e+00 +2.8040e+00 -8.0349e-01 +2.5010e+00
1105 0 +2.279392327e-02 -3.940720608e+01 -3.940720608e+01 +3.7250e+00 +3.3725e+00 +2.8933e+00 +1.5628e+00 +1.0553e+00 -1.2784e+00 -9.8762e-01 +2.6823e+00 -6.0725e-01 +2.5355e+00
1202 0 +1.553123605e-02 -3.941446876e+01 -3.941446876e+01 +3.8307e+00 +3.3231e+00 +2.8638e+00 +1.5522e+00 +9.4967e-01 -1.1911e+00 -1.0457e+00 +2.7089e+00 -6.7382e-01 +2.5086e+00
1207 0 +1.493600787e-02 -3.941506399e+01 -3.941506399e+01 +3.8000e+00 +3.3326e+00 +2.9431e+00 +1.3759e+00 +1.0521e+00 -1.1599e+00 -1.1250e+00 +2.6874e+00 -7.5285e-01 +2.4253e+00
1258 0 +1.473768102e-02 -3.941526232e+01 -3.941526232e+01 +3.7603e+00 +3.3992e+00 +2.8125e+00 +1.4334e+00 +1.1661e+00 -1.0761e+00 -1.1557e+00 +2.7385e+00 -6.6896e-01 +2.5344e+00
1301 0 +1.456383275e-02 -3.941543617e+01 -3.941543617e+01 +3.8058e+00 +3.3136e+00 +2.8578e+00 +1.4092e+00 +1.1024e+00 -1.2146e+00 -1.0896e+00 +2.6815e+00 -5.5816e-01 +2.4982e+00
1356 0 +6.754096765e-03 -3.942324590e+01 -3.942324590e+01 +3.8462e+00 +3.3335e+00 +2.8028e+00 +1.4649e+00 +1.0806e+00 -1.2133e+00 -1.0756e+00 +2.6841e+00 -7.0139e-01 +2.4857e+00
1405 0 +4.141182782e-03 -3.942585882e+01 -3.942585882e+01 +3.7803e+00 +3.3334e+00 +2.8541e+00 +1.4900e+00 +1.0612e+00 -1.1793e+00 -1.0858e+00 +2.7355e+00 -7.9893e-01 +2.4820e+00
1704 0 +3.122956481e-03 -3.942687704e+01 -3.942687704e+01 +3.8243e+00 +3.3696e+00 +2.8711e+00 +1.4800e+00 +1.0534e+00 -1.2024e+00 -1.0507e+00 +2.6761e+00 -6.9972e-01 +2.4802e+00
1804 0 +1.983677163e-03 -3.942801632e+01 -3.942801632e+01 +3.7962e+00 +3.3549e+00 +2.8526e+00 +1.4473e+00 +1.1098e+00 -1.2103e+00 -1.0766e+00 +2.7016e+00 -6.8992e-01 +2.4919e+00
1962 0 +1.305709640e-03 -3.942869429e+01 -3.942869429e+01 +3.7710e+00 +3.3631e+00 +2.9018e+00 +1.4483e+00 +1.0666e+00 -1.1889e+00 -1.0820e+00 +2.7023e+00 -6.8260e-01 +2.4934e+00
2023 0 +1.263737688e-03 -3.942873626e+01 -3.942873626e+01 +3.7890e+00 +3.3639e+00 +2.8784e+00 +1.4710e+00 +1.0730e+00 -1.2030e+00 -1.0778e+00 +2.7080e+00 -7.0005e-01 +2.4891e+00
2151 0 +1.242308241e-03 -3.942875769e+01 -3.942875769e+01 +3.8043e+00 +3.3668e+00 +2.8799e+00 +1.4632e+00 +1.0773e+00 -1.1919e+00 -1.0665e+00 +2.6864e+00 -7.3535e-01 +2.4720e+00
2173 0 +6.610040242e-04 -3.942933900e+01 -3.942933900e+01 +3.7762e+00 +3.3703e+00 +2.8905e+00 +1.4468e+00 +1.0963e+00 -1.1917e+00 -1.0885e+00 +2.6999e+00 -7.1090e-01 +2.4823e+00
2351 0 +6.501744795e-04 -3.942934983e+01 -3.942934983e+01 +3.7895e+00 +3.3636e+00 +2.8903e+00 +1.4663e+00 +1.0642e+00 -1.1862e+00 -1.0831e+00 +2.7015e+00 -7.3860e-01 +2.4761e+00
2409 0 +5.937137538e-04 -3.942940629e+01 -3.942940629e+01 +3.7890e+00 +3.3687e+00 +2.8848e+00 +1.4672e+00 +1.0741e+00 -1.1881e+00 -1.0738e+00 +2.6975e+00 -7.1992e-01 +2.4811e+00
% f evaluations | g evaluations | best noise-free fitness - Fopt (4.197200000000e+02) + sum g_i+ | measured fitness | best measured fitness or single-digit g-values | x1 | x2...
1 0 +2.794924951e+01 +4.476692495e+02 +4.476692495e+02 +5.9671e-01 -3.8264e-02 +7.4769e-01 +1.6230e+00 -1.3415e-01 -1.3414e-01 +1.6792e+00 +8.6743e-01 -3.6947e-01 +6.4256e-01
4 0 +2.564290517e+01 +4.453629052e+02 +4.453629052e+02 -5.0171e-01 +1.9523e+00 +8.6503e-02 -9.5771e-01 +9.2254e-01 -1.1208e+00 +3.0886e-01 -1.8597e+00 -1.2282e+00 +2.9686e-01
10 0 +1.907499793e+01 +4.387949979e+02 +4.387949979e+02 +1.9708e-01 +1.0686e+00 -6.0205e-01 -2.2766e-01 -2.9211e-01 -1.3635e+00 +3.9612e-01 +3.6106e-01 +1.0511e-01 -1.3459e-01
33 0 +1.381951911e+01 +4.335395191e+02 +4.335395191e+02 +1.9700e-01 +6.9516e-01 -7.1822e-01 +2.1924e+00 -9.0602e-01 -1.1142e+00 +1.2581e+00 +8.9166e-01 +7.2412e-01 +7.2835e-01
40 0 +1.163437534e+01 +4.313543753e+02 +4.313543753e+02 -7.9841e-01 +5.9192e-01 -1.2202e+00 +1.9315e+00 +1.2794e+00 -3.6918e-01 -1.6131e+00 +1.4539e+00 -1.4540e-02 +1.3378e+00
58 0 +1.025090102e+01 +4.299709010e+02 +4.299709010e+02 -6.6077e-01 +2.2520e+00 -1.2511e+00 +2.3234e+00 +1.3776e+00 -1.5098e+00 -1.5201e-01 +1.7597e+00 -1.3611e+00 -6.0371e-01
60 0 +8.802397881e+00 +4.285223979e+02 +4.285223979e+02 +9.5325e-01 +2.5605e+00 +7.7434e-01 +2.2603e+00 +1.6635e+00 -6.3075e-01 +1.3668e+00 +1.9049e+00 +1.0379e+00 +1.7413e+00
64 0 +8.323100561e+00 +4.280431006e+02 +4.280431006e+02 -6.9768e-01 +2.9969e+00 -3.3671e-01 +7.6229e-01 +1.1599e+00 -4.1138e-01 +8.3453e-01 +7.3552e-01 +2.4388e-01 +2.2252e+00
78 0 +8.100120696e+00 +4.278201207e+02 +4.278201207e+02 -1.8449e+00 +1.2027e+00 +7.6347e-01 +2.0949e+00 +1.1778e+00 -1.5753e+00 +2.4316e-01 +3.0869e-01 -1.2580e+00 +2.0078e+00
105 0 +6.931258995e+00 +4.266512590e+02 +4.266512590e+02 -2.5206e+00 +3.1615e+00 -6.1587e-01 +3.9820e+00 +8.0822e-01 -3.8407e+00 +5.5341e-01 +3.0589e+00 +5.1498e-01 +3.2632e+00
130 0 +5.124943741e+00 +4.248449437e+02 +4.248449437e+02 -2.2532e+00 +2.3308e+00 -1.5980e+00 +3.8406e+00 +9.8302e-01 -4.9692e-01 +3.2063e-01 +1.9671e+00 +6.2765e-02 +4.2975e+00
175 0 +4.482851984e+00 +4.242028520e+02 +4.242028520e+02 -2.3588e+00 +4.2761e+00 -7.4942e-01 +3.3871e+00 +2.8792e+00 -2.9479e+00 -1.7040e+00 +1.1537e+00 -4.6593e-01 +4.4331e+00
212 0 +3.013077472e+00 +4.227330775e+02 +4.227330775e+02 -3.3654e-01 +4.0086e+00 +8.8564e-02 +2.9688e+00 +3.6970e+00 -1.6867e+00 -1.1360e-01 +1.1021e+00 -5.5271e-01 +4.0693e+00
360 0 +2.807857478e+00 +4.225278575e+02 +4.225278575e+02 -2.6952e+00 +2.3457e+00 -3.1140e-01 +2.9369e+00 +2.1164e+00 -3.3397e+00 -5.9244e-01 -4.6867e-01 -1.6718e-01 +2.8263e+00
415 0 +1.444885570e+00 +4.211648856e+02 +4.211648856e+02 -2.2619e+00 +2.7823e+00 -1.4589e+00 +3.6994e+00 +2.5395e+00 -1.0165e+00 -1.0842e+00 -2.2769e-01 -1.2507e+00 +4.0614e+00
455 0 +1.202692284e+00 +4.209226923e+02 +4.209226923e+02 -2.0871e-02 +3.3876e+00 -1.1959e+00 +3.6152e+00 +2.6808e+00 -2.2045e+00 -9.2926e-01 +2.2425e-01 -5.9762e-01 +3.7143e+00
603 0 +1.010749617e+00 +4.207307496e+02 +4.207307496e+02 -1.7953e+00 +3.7925e+00 -1.2732e+00 +3.7615e+00 +3.0900e+00 -2.4972e+00 -1.2872e+00 -2.1535e-01 -8.8629e-01 +3.4249e+00
604 0 +8.038752400e-01 +4.205238752e+02 +4.205238752e+02 -4.0942e-01 +2.4486e+00 -1.6151e+00 +3.5372e+00 +3.8488e+00 -2.1112e+00 -6.7729e-01 -5.7862e-01 -8.8335e-01 +3.7441e+00
655 0 +6.350911114e-01 +4.203550911e+02 +4.203550911e+02 -8.9554e-01 +2.4193e+00 -7.1348e-01 +3.8895e+00 +3.3989e+00 -1.6892e+00 -1.1532e+00 -5.0998e-01 -8.2776e-01 +3.4182e+00
701 0 +4.751976211e-01 +4.201951976e+02 +4.201951976e+02 -1.3514e+00 +2.8069e+00 -7.8889e-01 +3.4582e+00 +3.0348e+00 -1.4911e+00 -8.2901e-01 -3.5307e-01 -8.2174e-01 +4.0296e+00
752 0 +4.322860715e-01 +4.201522861e+02 +4.201522861e+02 -1.5774e+00 +2.4913e+00 -1.0069e+00 +3.6310e+00 +3.1644e+00 -2.2481e+00 -1.2520e+00 -1.4739e-01 -1.1166e+00 +3.9624e+00
801 0 +3.234438410e-01 +4.200434438e+02 +4.200434438e+02 -1.1651e+00 +2.7929e+00 -1.6103e+00 +3.7079e+00 +3.3667e+00 -1.8327e+00 -1.2276e+00 -6.3724e-01 -6.8558e-01 +3.7511e+00
802 0 +3.162954712e-01 +4.200362955e+02 +4.200362955e+02 -1.2745e+00 +2.6794e+00 -1.7081e+00 +3.5172e+00 +3.2327e+00 -2.1653e+00 -1.1586e+00 -3.3425e-01 -2.8423e-01 +3.8813e+00
806 0 +3.154160853e-01 +4.200354161e+02 +4.200354161e+02 -1.4963e+00 +2.5864e+00 -1.3860e+00 +3.8585e+00 +3.4394e+00 -2.1208e+00 -1.5990e+00 -5.0200e-01 -5.8128e-01 +3.8521e+00
811 0 +2.935493826e-01 +4.200135494e+02 +4.200135494e+02 -1.3598e+00 +2.5479e+00 -1.2827e+00 +3.7439e+00 +3.0199e+00 -1.8767e+00 -1.3342e+00 -7.4499e-02 -7.8922e-01 +4.1992e+00
851 0 +2.616102252e-01 +4.199816102e+02 +4.199816102e+02 -1.0302e+00 +2.6314e+00 -1.6164e+00 +3.5041e+00 +3.2905e+00 -2.0676e+00 -1.0985e+00 -6.0730e-01 -8.7709e-01 +4.1052e+00
863 0 +2.580159288e-01 +4.199780159e+02 +4.199780159e+02 -1.4458e+00 +2.7608e+00 -1.5977e+00 +3.5868e+00 +3.0203e+00 -1.9196e+00 -1.3471e+00 -2.1903e-01 -1.1005e+00 +4.4667e+00
902 0 +1.051067958e-01 +4.198251068e+02 +4.198251068e+02 -1.1716e+00 +2.6845e+00 -1.2706e+00 +3.8778e+00 +2.9847e+00 -1.8726e+00 -1.0156e+00 -3.9646e-01 -1.0106e+00 +3.8872e+00
951 0 +1.000091185e-01 +4.198200091e+02 +4.198200091e+02 -1.0789e+00 +2.6972e+00 -1.2546e+00 +3.6475e+00 +3.2669e+00 -2.0297e+00 -1.0631e+00 -4.1466e-01 -9.9227e-01 +3.8136e+00
952 0 +8.825500584e-02 +4.198082550e+02 +4.198082550e+02 -1.2390e+00 +2.7904e+00 -1.2375e+00 +3.5567e+00 +3.1888e+00 -2.2869e+00 -1.2702e+00 -3.6820e-01 -1.0097e+00 +4.1573e+00
953 0 +7.593010758e-02 +4.197959301e+02 +4.197959301e+02 -1.2750e+00 +2.7849e+00 -1.4116e+00 +3.5892e+00 +3.2978e+00 -2.3776e+00 -1.2401e+00 -3.3869e-01 -6.6589e-01 +3.9877e+00
959 0 +6.870999329e-02 +4.197887100e+02 +4.197887100e+02 -1.0983e+00 +2.4637e+00 -1.2246e+00 +3.5033e+00 +3.1745e+00 -2.1639e+00 -1.0431e+00 -2.4533e-01 -1.1190e+00 +4.0816e+00
1001 0 +6.525011179e-02 +4.197852501e+02 +4.197852501e+02 -1.1876e+00 +2.8115e+00 -1.6381e+00 +3.6545e+00 +3.2640e+00 -2.3284e+00 -1.2242e+00 -2.4402e-01 -7.4432e-01 +3.8315e+00
1003 0 +4.906995413e-02 +4.197690700e+02 +4.197690700e+02 -1.0231e+00 +2.6386e+00 -1.2119e+00 +3.7403e+00 +3.1182e+00 -2.3709e+00 -1.1248e+00 -4.0121e-01 -9.4298e-01 +3.9130e+00
1053 0 +4.051639262e-02 +4.197605164e+02 +4.197605164e+02 -1.1066e+00 +2.6958e+00 -1.1673e+00 +3.5815e+00 +3.1161e+00 -2.2453e+00 -1.0273e+00 -3.8729e-01 -1.0882e+00 +4.0486e+00
1151 0 +2.690711628e-02 +4.197469071e+02 +4.197469071e+02 -1.1626e+00 +2.6884e+00 -1.3008e+00 +3.5559e+00 +3.3510e+00 -2.3566e+00 -1.1091e+00 -2.4113e-01 -8.2092e-01 +4.0044e+00
1252 0 +1.998157277e-02 +4.197399816e+02 +4.197399816e+02 -1.0631e+00 +2.8038e+00 -1.1969e+00 +3.7478e+00 +3.1912e+00 -2.2952e+00 -1.0428e+00 -3.3047e-01 -9.9140e-01 +3.8877e+00
1253 0 +1.256243316e-02 +4.197325624e+02 +4.197325624e+02 -1.1976e+00 +2.6674e+00 -1.2573e+00 +3.7244e+00 +3.2932e+00 -2.1893e+00 -1.1631e+00 -2.5351e-01 -8.7125e-01 +3.9320e+00
1475 0 +6.987605458e-03 +4.197269876e+02 +4.197269876e+02 -1.1592e+00 +2.7367e+00 -1.3056e+00 +3.6121e+00 +3.2318e+00 -2.2482e+00 -1.1413e+00 -3.1207e-01 -8.5213e-01 +3.9418e+00
1507 0 +6.137998248e-03 +4.197261380e+02 +4.197261380e+02 -1.1448e+00 +2.7186e+00 -1.2727e+00 +3.6849e+00 +3.1799e+00 -2.1927e+00 -1.1057e+00 -3.3205e-01 -9.2245e-01 +3.9530e+00
1609 0 +5.567024277e-03 +4.197255670e+02 +4.197255670e+02 -1.1476e+00 +2.7311e+00 -1.3383e+00 +3.5869e+00 +3.2409e+00 -2.2653e+00 -1.1221e+00 -2.5453e-01 -8.8426e-01 +3.9373e+00
1654 0 +1.812384703e-03 +4.197218124e+02 +4.197218124e+02 -1.1384e+00 +2.6973e+00 -1.2806e+00 +3.6114e+00 +3.1920e+00 -2.2156e+00 -1.1229e+00 -2.9458e-01 -9.2269e-01 +3.9465e+00
1809 0 +1.563394648e-03 +4.197215634e+02 +4.197215634e+02 -1.1386e+00 +2.7661e+00 -1.2740e+00 +3.6124e+00 +3.1937e+00 -2.2267e+00 -1.0690e+00 -2.8971e-01 -9.4805e-01 +3.9734e+00
2080 0 +1.496945974e-03 +4.197214969e+02 +4.197214969e+02 -1.1416e+00 +2.7525e+00 -1.2680e+00 +3.5918e+00 +3.1818e+00 -2.2586e+00 -1.1244e+00 -2.8594e-01 -9.4524e-01 +3.9977e+00
2101 0 +1.124649005e-03 +4.197211246e+02 +4.197211246e+02 -1.1450e+00 +2.7713e+00 -1.2572e+00 +3.6509e+00 +3.1963e+00 -2.2328e+00 -1.0803e+00 -2.7162e-01 -9.5897e-01 +3.9877e+00
2113 0 +1.075194163e-03 +4.197210752e+02 +4.197210752e+02 -1.1478e+00 +2.7862e+00 -1.2817e+00 +3.6266e+00 +3.1944e+00 -2.2354e+00 -1.0912e+00 -2.8212e-01 -9.4864e-01 +3.9847e+00
2139 0 +8.489131283e-04 +4.197208489e+02 +4.197208489e+02 -1.1406e+00 +2.7353e+00 -1.2634e+00 +3.6239e+00 +3.1969e+00 -2.2515e+00 -1.1182e+00 -2.8457e-01 -9.3665e-01 +3.9782e+00
2240 0 +8.372430661e-04 +4.197208372e+02 +4.197208372e+02 -1.1445e+00 +2.7549e+00 -1.2718e+00 +3.6325e+00 +3.1845e+00 -2.2195e+00 -1.0929e+00 -2.8162e-01 -9.5437e-01 +3.9832e+00
2261 0 +7.694722856e-04 +4.197207695e+02 +4.197207695e+02 -1.1438e+00 +2.7344e+00 -1.2726e+00 +3.6068e+00 +3.1862e+00 -2.2041e+00 -1.0897e+00 -2.9433e-01 -9.5220e-01 +3.9722e+00
2297 0 +5.431604769e-04 +4.197205432e+02 +4.197205432e+02 -1.1480e+00 +2.7500e+00 -1.2849e+00 +3.6099e+00 +3.1932e+00 -2.2388e+00 -1.1150e+00 -2.8413e-01 -9.3131e-01 +3.9800e+00
2414 0 +3.479402490e-04 +4.197203479e+02 +4.197203479e+02 -1.1485e+00 +2.7427e+00 -1.2730e+00 +3.6092e+00 +3.1974e+00 -2.2397e+00 -1.1116e+00 -2.8358e-01 -9.3592e-01 +3.9851e+00
% f evaluations | g evaluations | best noise-free fitness - Fopt (7.640000000000e+00) + sum g_i+ | measured fitness | best measured fitness or single-digit g-values | x1 | x2...
1 0 +5.720541878e+01 +6.484541878e+01 +6.484541878e+01 +5.9671e-01 -3.8264e-02 +7.4769e-01 +1.6230e+00 -1.3415e-01 -1.3414e-01 +1.6792e+00 +8.6743e-01 -3.6947e-01 +6.4256e-01
3 0 +4.950612195e+01 +5.714612195e+01 +5.714612195e+01 +1.5656e+00 -1.2578e-01 +1.6753e-01 -1.3247e+00 -4.4438e-01 +2.1092e-01 -1.0510e+00 +4.7570e-01 -5.0064e-01 -1.9169e-01
4 0 +2.418742676e+01 +3.182742676e+01 +3.182742676e+01 -5.0171e-01 +1.9523e+00 +8.6503e-02 -9.5771e-01 +9.2254e-01 -1.1208e+00 +3.0886e-01 -1.8597e+00 -1.2282e+00 +2.9686e-01
50 0 +2.078342027e+01 +2.842342027e+01 +2.842342027e+01 +9.2027e-02 +1.5799e+00 +1.7737e-01 -7.6128e-01 +1.6231e+00 +6.3891e-01 -9.3725e-01 -9.0339e-02 -7.7562e-01 -1.2828e+00
51 0 +1.221176524e+01 +1.985176524e+01 +1.985176524e+01 +2.2642e-01 +3.2897e+00 -4.4288e-01 +1.8997e+00 +2.6662e+00 -1.2615e+00 -1.3179e+00 +1.2614e-01 -2.3165e+00 -8.4949e-01
54 0 +9.849493167e+00 +1.748949317e+01 +1.748949317e+01 +9.3271e-01 +4.1987e-01 +7.3739e-01 +3.1165e+00 +2.0747e+00 -6.3359e-01 -6.3449e-01 -3.9459e-01 -2.0813e+00 -1.4759e+00
60 0 +9.634039626e+00 +1.727403963e+01 +1.727403963e+01 +1.7359e+00 +2.3998e+00 +6.7809e-01 +8.3382e-01 +7.8779e-01 +1.9399e+00 +3.5172e-02 +4.6670e-01 -1.9952e+00 -8.4935e-02
105 0 +7.159131680e+00 +1.479913168e+01 +1.479913168e+01 -8.3321e-02 +3.5791e+00 +2.1347e+00 +3.8272e+00 +2.0115e+00 +2.0777e+00 -1.9660e+00 -2.9152e+00 -4.1984e+00 +1.3986e+00
117 0 +6.261653586e+00 +1.390165359e+01 +1.390165359e+01 +2.9121e+00 +2.8389e+00 -1.4060e-01 +4.0255e+00 +3.4662e+00 +2.1869e+00 +3.8497e-01 +2.5035e-01 -1.1736e+00 -6.4113e-01
119 0 +4.996317169e+00 +1.263631717e+01 +1.263631717e+01 +2.8415e+00 +1.9446e+00 +4.0005e+00 +2.5790e+00 +2.7150e+00 +1.7223e+00 +4.2865e-01 -3.4721e+00 -9.6575e-01 -3.5660e+00
274 0 +4.532752827e+00 +1.217275283e+01 +1.217275283e+01 +2.5799e+00 +2.2093e+00 +6.4748e-01 +3.1016e+00 +1.2022e+00 +2.1380e+00 +1.5802e+00 -2.3652e-01 -1.1462e+00 -3.2091e+00
301 0 +4.355735831e+00 +1.199573583e+01 +1.199573583e+01 +1.5635e+00 +4.2528e+00 +2.4205e+00 +4.1189e+00 +2.3739e+00 +2.2541e+00 -8.1429e-01 -2.3657e+00 -1.1283e+00 -2.3468e+00
305 0 +4.197054477e+00 +1.183705448e+01 +1.183705448e+01 +2.5713e+00 +2.2645e+00 +1.4369e+00 +2.3781e+00 +4.3468e+00 +2.3475e+00 +9.7474e-01 +5.8288e-01 -1.4601e+00 -1.4877e+00
358 0 +3.906147904e+00 +1.154614790e+01 +1.154614790e+01 +2.9632e+00 +2.3105e+00 +1.9298e+00 +4.8928e+00 +2.2783e+00 +2.8221e+00 -1.0397e+00 +9.4501e-01 -1.7107e+00 -3.6451e+00
370 0 +3.813629282e+00 +1.145362928e+01 +1.145362928e+01 +4.6540e+00 +1.7462e+00 +2.3143e+00 +2.4250e+00 +2.9143e+00 +2.7700e+00 +1.7865e+00 -4.8293e-01 -9.3910e-01 -4.1461e+00
401 0 +2.407339636e+00 +1.004733964e+01 +1.004733964e+01 +4.6966e+00 +2.2725e+00 +2.1493e+00 +4.0307e+00 +2.7349e+00 +1.7123e+00 +1.7352e-01 -1.0362e+00 -7.2310e-01 -3.5065e+00
451 0 +1.846420853e+00 +9.486420853e+00 +9.486420853e+00 +3.9164e+00 +2.4539e+00 +2.7447e+00 +4.9252e+00 +2.5412e+00 +2.7683e+00 +1.5965e+00 +2.8769e-02 -2.3553e+00 -2.1915e+00
502 0 +1.378815775e+00 +9.018815775e+00 +9.018815775e+00 +3.7795e+00 +1.8929e+00 +2.2245e+00 +2.9743e+00 +3.0063e+00 +3.3296e+00 +1.6071e-01 -1.0713e+00 -9.6681e-01 -2.7441e+00
551 0 +7.162306424e-01 +8.356230642e+00 +8.356230642e+00 +3.1051e+00 +2.7810e+00 +2.7719e+00 +4.3082e+00 +2.3337e+00 +2.3961e+00 +6.8012e-01 -6.8983e-01 -2.0645e+00 -2.8017e+00
601 0 +6.176779706e-01 +8.257677971e+00 +8.257677971e+00 +2.9283e+00 +2.5680e+00 +2.4156e+00 +3.4248e+00 +2.7735e+00 +2.4111e+00 +3.6263e-01 -3.4760e-01 -1.0542e+00 -2.6261e+00
751 0 +5.643160396e-01 +8.204316040e+00 +8.204316040e+00 +3.9065e+00 +2.7499e+00 +2.6297e+00 +4.1080e+00 +2.4973e+00 +2.9385e+00 +2.4969e-01 -3.6938e-01 -1.6862e+00 -3.3080e+00
801 0 +2.970458751e-01 +7.937045875e+00 +7.937045875e+00 +3.3438e+00 +2.7220e+00 +3.2511e+00 +3.7270e+00 +2.6735e+00 +3.1193e+00 +3.7864e-01 -7.7625e-01 -1.4153e+00 -2.8536e+00
851 0 +2.386753100e-01 +7.878675310e+00 +7.878675310e+00 +3.6494e+00 +2.2509e+00 +2.5975e+00 +4.1644e+00 +2.8595e+00 +2.9766e+00 +4.5286e-01 -5.3009e-01 -1.8918e+00 -2.8657e+00
902 0 +2.319427556e-01 +7.871942756e+00 +7.871942756e+00 +3.6879e+00 +2.3557e+00 +2.8155e+00 +3.6453e+00 +2.7273e+00 +2.5948e+00 +6.7595e-01 -5.5847e-01 -1.6554e+00 -2.5611e+00
905 0 +1.681400949e-01 +7.808140095e+00 +7.808140095e+00 +3.5663e+00 +2.8053e+00 +2.6083e+00 +4.2180e+00 +3.0977e+00 +2.7707e+00 +5.5502e-01 -6.5872e-01 -1.6945e+00 -2.6494e+00
951 0 +1.086712072e-01 +7.748671207e+00 +7.748671207e+00 +3.3705e+00 +2.5393e+00 +2.6949e+00 +3.8879e+00 +2.8847e+00 +2.8281e+00 +4.8238e-01 -6.9731e-01 -1.6273e+00 -2.8552e+00
1001 0 +7.870264140e-02 +7.718702641e+00 +7.718702641e+00 +3.5954e+00 +2.4178e+00 +2.6427e+00 +3.8163e+00 +2.6040e+00 +2.7615e+00 +5.7124e-01 -6.2010e-01 -1.4709e+00 -2.7006e+00
1052 0 +7.288298154e-02 +7.712882982e+00 +7.712882982e+00 +3.6642e+00 +2.7686e+00 +2.9049e+00 +3.7434e+00 +3.0757e+00 +2.9331e+00 +6.0643e-01 -6.8405e-01 -1.6537e+00 -2.6117e+00
1101 0 +4.926696206e-02 +7.689266962e+00 +7.689266962e+00 +3.4197e+00 +2.5920e+00 +2.8291e+00 +4.0700e+00 +2.8210e+00 +2.9299e+00 +5.0103e-01 -5.9014e-01 -1.5090e+00 -2.8299e+00
1103 0 +4.740546751e-02 +7.687405468e+00 +7.687405468e+00 +3.4249e+00 +2.6721e+00 +2.7191e+00 +3.8702e+00 +2.9616e+00 +2.9431e+00 +5.3854e-01 -5.4965e-01 -1.3825e+00 -2.6581e+00
1151 0 +3.677824969e-02 +7.676778250e+00 +7.676778250e+00 +3.4985e+00 +2.8206e+00 +2.7189e+00 +4.1069e+00 +3.0040e+00 +2.9241e+00 +4.9770e-01 -6.7742e-01 -1.6284e+00 -2.7740e+00
1202 0 +3.222939851e-02 +7.672229399e+00 +7.672229399e+00 +3.5581e+00 +2.6083e+00 +2.6788e+00 +3.9085e+00 +2.7629e+00 +2.7088e+00 +5.0717e-01 -6.8044e-01 -1.5706e+00 -2.8552e+00
1302 0 +2.526996478e-02 +7.665269965e+00 +7.665269965e+00 +3.6095e+00 +2.5668e+00 +2.6524e+00 +3.8831e+00 +2.7553e+00 +2.8403e+00 +5.0165e-01 -6.3186e-01 -1.6154e+00 -2.7755e+00
1352 0 +1.619287344e-02 +7.656192873e+00 +7.656192873e+00 +3.5189e+00 +2.6005e+00 +2.6980e+00 +3.9550e+00 +2.7788e+00 +2.8426e+00 +4.2465e-01 -6.6274e-01 -1.5451e+00 -2.8205e+00
1401 0 +1.227166668e-02 +7.652271667e+00 +7.652271667e+00 +3.5282e+00 +2.6752e+00 +2.6685e+00 +3.9763e+00 +2.8431e+00 +2.8825e+00 +4.3348e-01 -6.4644e-01 -1.5902e+00 -2.8054e+00
1451 0 +1.092153547e-02 +7.650921535e+00 +7.650921535e+00 +3.4562e+00 +2.5779e+00 +2.8067e+00 +3.9669e+00 +2.7736e+00 +2.9590e+00 +5.4934e-01 -6.2749e-01 -1.5065e+00 -2.7652e+00
1505 0 +9.787307651e-03 +7.649787308e+00 +7.649787308e+00 +3.4967e+00 +2.5701e+00 +2.6983e+00 +3.9684e+00 +2.7774e+00 +2.8879e+00 +4.7675e-01 -6.3419e-01 -1.5544e+00 -2.7947e+00
1551 0 +5.989532177e-03 +7.645989532e+00 +7.645989532e+00 +3.4826e+00 +2.5585e+00 +2.7526e+00 +3.9926e+00 +2.7772e+00 +2.9022e+00 +4.9724e-01 -6.4440e-01 -1.5216e+00 -2.7927e+00
1601 0 +4.949116134e-03 +7.644949116e+00 +7.644949116e+00 +3.5415e+00 +2.6080e+00 +2.7060e+00 +3.9171e+00 +2.7145e+00 +2.9055e+00 +4.9117e-01 -6.2788e-01 -1.5593e+00 -2.7744e+00
1602 0 +2.465934973e-03 +7.642465935e+00 +7.642465935e+00 +3.5146e+00 +2.6193e+00 +2.7375e+00 +3.9613e+00 +2.7685e+00 +2.8817e+00 +5.1942e-01 -6.5806e-01 -1.5432e+00 -2.7878e+00
1904 0 +2.336181079e-03 +7.642336181e+00 +7.642336181e+00 +3.5270e+00 +2.6240e+00 +2.7262e+00 +3.9733e+00 +2.7743e+00 +2.8783e+00 +5.1274e-01 -6.6538e-01 -1.5899e+00 -2.7963e+00
1956 0 +2.030457920e-03 +7.642030458e+00 +7.642030458e+00 +3.5446e+00 +2.6096e+00 +2.6964e+00 +3.9684e+00 +2.7518e+00 +2.9007e+00 +5.2156e-01 -6.6374e-01 -1.5689e+00 -2.7689e+00
1967 0 +1.937340934e-03 +7.641937341e+00 +7.641937341e+00 +3.5278e+00 +2.6344e+00 +2.7210e+00 +3.9297e+00 +2.7416e+00 +2.8903e+00 +5.2618e-01 -6.4372e-01 -1.5586e+00 -2.7777e+00
2015 0 +1.275786292e-03 +7.641275786e+00 +7.641275786e+00 +3.5223e+00 +2.6246e+00 +2.7159e+00 +3.9443e+00 +2.7549e+00 +2.8970e+00 +5.1451e-01 -6.4289e-01 -1.5511e+00 -2.7766e+00
2276 0 +1.013178111e-03 +7.641013178e+00 +7.641013178e+00 +3.5269e+00 +2.6401e+00 +2.7235e+00 +3.9272e+00 +2.7780e+00 +2.8842e+00 +5.2008e-01 -6.4374e-01 -1.5446e+00 -2.7731e+00
2306 0 +9.869585625e-04 +7.640986959e+00 +7.640986959e+00 +3.5359e+00 +2.6065e+00 +2.7246e+00 +3.9290e+00 +2.7518e+00 +2.8959e+00 +5.3034e-01 -6.4391e-01 -1.5504e+00 -2.7601e+00
2307 0 +7.819306674e-04 +7.640781931e+00 +7.640781931e+00 +3.5198e+00 +2.6345e+00 +2.7247e+00 +3.9289e+00 +2.7787e+00 +2.8818e+00 +5.3723e-01 -6.4730e-01 -1.5431e+00 -2.7728e+00
% f evaluations | g evaluations | best noise-free fitness - Fopt (-1.276800000000e+02) + sum g_i+ | measured fitness | best measured fitness or single-digit g-values | x1 | x2...
1 0 +5.942865527e+01 -6.825134473e+01 -6.825134473e+01 +5.9671e-01 -3.8264e-02 +7.4769e-01 +1.6230e+00 -1.3415e-01 -1.3414e-01 +1.6792e+00 +8.6743e-01 -3.6947e-01 +6.4256e-01
4 0 +3.585481446e+01 -9.182518554e+01 -9.182518554e+01 -5.0171e-01 +1.9523e+00 +8.6503e-02 -9.5771e-01 +9.2254e-01 -1.1208e+00 +3.0886e-01 -1.8597e+00 -1.2282e+00 +2.9686e-01
8 0 +2.440927263e+01 -1.032707274e+02 -1.032707274e+02 +4.6140e-01 +1.6380e+00 +6.4174e-02 +1.6646e+00 -2.5197e+00 +9.2190e-01 +1.8705e-01 -1.9901e-01 +1.9176e-01 -1.8876e+00
15 0 +1.944559288e+01 -1.082344071e+02 -1.082344071e+02 +3.2746e-01 +1.4071e+00 -1.5075e+00 +2.8463e-01 +3.5988e-01 +8.8182e-01 -1.1370e+00 -1.2205e+00 +6.2194e-01 +3.9698e-01
51 0 +1.813710245e+01 -1.095428976e+02 -1.095428976e+02 +4.7691e-02 +2.2616e-01 -1.2493e-02 +5.2719e-01 -5.1779e-01 +7.8867e-01 -3.1078e-01 -1.5997e+00 +4.6720e-01 -1.3620e+00
53 0 +1.466461390e+01 -1.130153861e+02 -1.130153861e+02 +1.7988e-01 -4.3892e-02 -6.4858e-01 +7.3020e-01 -1.2030e+00 -4.5245e-01 -8.6934e-01 -1.2885e+00 +2.2100e+00 +1.8903e-01
54 0 +1.363208746e+01 -1.140479125e+02 -1.140479125e+02 -6.2296e-01 +7.7703e-01 -2.1797e-01 -2.2122e-01 -4.2761e-01 -4.1345e-01 -1.0191e+00 -2.5416e+00 +1.4715e+00 +1.2826e-01
80 0 +1.019654497e+01 -1.174834550e+02 -1.174834550e+02 +5.7819e-01 +1.0279e+00 +1.0307e-01 +1.5952e+00 -1.2703e+00 +9.1526e-01 -9.2866e-01 -1.6820e+00 +2.6960e+00 +2.0130e-01
130 0 +8.682808194e+00 -1.189971918e+02 -1.189971918e+02 +3.2524e-01 +2.4942e+00 +3.0626e-01 +6.4609e-02 -1.7570e+00 -5.4353e-01 -1.6778e+00 -3.5107e+00 +9.3209e-01 -3.7321e-01
195 0 +7.071082721e+00 -1.206089173e+02 -1.206089173e+02 +1.0777e+00 +4.4579e+00 +9.4251e-01 +6.3415e-01 -1.4918e+00 +9.0712e-01 -1.4712e+00 -2.2268e+00 +4.4710e+00 +3.6497e-01
252 0 +5.539249928e+00 -1.221407501e+02 -1.221407501e+02 -3.8139e-01 +3.8750e+00 +2.3248e+00 +1.8934e+00 -1.7615e+00 -9.1124e-02 -1.5417e+00 -3.7995e+00 +2.3786e+00 +1.7790e+00
317 0 +4.963923964e+00 -1.227160760e+02 -1.227160760e+02 +2.4944e-01 +3.0113e+00 +2.2051e+00 +3.0446e+00 -2.1796e+00 -1.4522e+00 -1.7753e+00 -2.9211e+00 +3.8367e+00 +1.5861e+00
332 0 +4.472871981e+00 -1.232071280e+02 -1.232071280e+02 +2.1588e+00 +4.2383e+00 +1.1461e+00 +1.8847e+00 -4.0411e+00 -5.7379e-01 -2.5613e+00 -3.5189e+00 +4.4623e+00 +9.9572e-01
401 0 +3.675127479e+00 -1.240048725e+02 -1.240048725e+02 +1.8683e+00 +3.2822e+00 +9.4487e-01 +1.5322e+00 -2.2422e+00 -4.2783e-01 -1.9519e+00 -3.1250e+00 +3.1738e+00 +1.6606e+00
403 0 +3.413623833e+00 -1.242663762e+02 -1.242663762e+02 +1.6115e+00 +2.2297e+00 +1.8376e+00 -7.7272e-01 -2.5820e+00 -4.7414e-01 -2.5167e+00 -3.4344e+00 +2.6933e+00 +2.3766e+00
427 0 +2.949540718e+00 -1.247304593e+02 -1.247304593e+02 +2.3898e+00 +2.7530e+00 +2.5831e+00 +1.3078e+00 -2.8277e+00 -1.7930e+00 -4.0046e+00 -2.2012e+00 +3.2005e+00 +2.5841e+00
478 0 +2.916966309e+00 -1.247630337e+02 -1.247630337e+02 +2.5031e+00 +3.5485e+00 +3.3856e+00 +5.4796e-01 -3.9308e+00 -9.1352e-01 -2.6466e+00 -2.0236e+00 +4.0978e+00 +3.7836e+00
486 0 +2.671894162e+00 -1.250081058e+02 -1.250081058e+02 +2.6906e+00 +2.6982e+00 +3.7434e+00 -4.5234e-01 -2.7467e+00 -3.4950e+00 -1.9508e+00 -3.4077e+00 +2.8499e+00 +3.9409e+00
501 0 +2.030887512e+00 -1.256491125e+02 -1.256491125e+02 +1.6722e+00 +3.9482e+00 +3.1622e+00 -7.2183e-01 -3.1722e+00 -2.2254e+00 -2.4457e+00 -3.9720e+00 +3.5681e+00 +2.5542e+00
601 0 +1.640989609e+00 -1.260390104e+02 -1.260390104e+02 +1.2680e+00 +4.0726e+00 +3.3306e+00 +5.3574e-01 -3.4345e+00 -2.3190e+00 -2.1352e+00 -2.6898e+00 +3.3733e+00 +4.1100e+00
651 0 +1.115420972e+00 -1.265645790e+02 -1.265645790e+02 +1.8416e+00 +4.1245e+00 +2.7826e+00 +1.2273e+00 -2.7321e+00 -2.7918e+00 -2.8431e+00 -3.3870e+00 +3.5708e+00 +3.8443e+00
701 0 +9.444260403e-01 -1.267355740e+02 -1.267355740e+02 +2.6377e+00 +3.4899e+00 +2.3404e+00 -3.4670e-02 -2.8458e+00 -2.2450e+00 -1.9687e+00 -4.4733e+00 +3.3288e+00 +3.6765e+00
705 0 +7.876880437e-01 -1.268923120e+02 -1.268923120e+02 +1.6850e+00 +3.5737e+00 +2.2681e+00 +1.0603e+00 -3.1145e+00 -2.6447e+00 -2.3838e+00 -3.5908e+00 +3.5133e+00 +3.0615e+00
756 0 +7.084624354e-01 -1.269715376e+02 -1.269715376e+02 +3.0521e+00 +3.6990e+00 +2.4694e+00 +7.8699e-01 -2.3955e+00 -2.0170e+00 -2.0440e+00 -3.9325e+00 +3.2939e+00 +3.2835e+00
802 0 +5.919774780e-01 -1.270880225e+02 -1.270880225e+02 +1.8909e+00 +3.5748e+00 +3.0092e+00 -6.4417e-02 -2.4552e+00 -2.0808e+00 -2.1602e+00 -3.6314e+00 +3.5214e+00 +3.6444e+00
851 0 +3.212689212e-01 -1.273587311e+02 -1.273587311e+02 +2.4662e+00 +3.6368e+00 +2.2718e+00 +6.6797e-01 -3.1132e+00 -1.5599e+00 -2.0109e+00 -3.3712e+00 +3.2717e+00 +3.3521e+00
951 0 +3.069821584e-01 -1.273730178e+02 -1.273730178e+02 +2.2275e+00 +3.6456e+00 +1.9429e+00 +2.5281e-01 -2.8353e+00 -1.9612e+00 -2.3482e+00 -3.2588e+00 +2.9904e+00 +3.5792e+00
960 0 +3.009896031e-01 -1.273790104e+02 -1.273790104e+02 +2.1021e+00 +3.9330e+00 +2.7716e+00 +6.0485e-01 -3.1109e+00 -1.9265e+00 -2.0614e+00 -4.0702e+00 +3.5709e+00 +3.1174e+00
971 0 +2.768215900e-01 -1.274031784e+02 -1.274031784e+02 +2.1296e+00 +3.9855e+00 +2.8822e+00 +4.9641e-01 -2.6007e+00 -2.0757e+00 -2.5279e+00 -3.5930e+00 +3.1266e+00 +3.2627e+00
1051 0 +2.567612615e-01 -1.274232387e+02 -1.274232387e+02 +2.2969e+00 +3.9735e+00 +2.5510e+00 +4.6429e-01 -2.7570e+00 -1.8701e+00 -2.8413e+00 -3.6497e+00 +3.4857e+00 +2.9778e+00
1052 0 +2.265045240e-01 -1.274534955e+02 -1.274534955e+02 +2.4485e+00 +4.0449e+00 +2.3679e+00 +1.2893e-01 -2.8628e+00 -1.9781e+00 -2.7386e+00 -3.6051e+00 +3.4977e+00 +3.2860e+00
1102 0 +1.450278113e-01 -1.275349722e+02 -1.275349722e+02 +2.0634e+00 +4.0971e+00 +2.3972e+00 +4.7377e-01 -2.8494e+00 -2.0271e+00 -2.6828e+00 -3.7121e+00 +3.3382e+00 +3.2686e+00
1152 0 +1.272640726e-01 -1.275527359e+02 -1.275527359e+02 +2.3588e+00 +3.8101e+00 +2.8426e+00 +5.2838e-01 -2.8530e+00 -1.8301e+00 -2.1310e+00 -3.3810e+00 +3.4466e+00 +3.3959e+00
1156 0 +1.012492207e-01 -1.275787508e+02 -1.275787508e+02 +2.2856e+00 +4.0793e+00 +2.5087e+00 +6.8027e-01 -2.8747e+00 -1.8937e+00 -2.5008e+00 -3.4334e+00 +3.2426e+00 +3.2529e+00
1159 0 +6.752899452e-02 -1.276124710e+02 -1.276124710e+02 +2.4298e+00 +3.7041e+00 +2.5666e+00 +4.3454e-01 -2.8475e+00 -1.6085e+00 -2.4160e+00 -3.5993e+00 +3.3118e+00 +3.6254e+00
1351 0 +3.082433355e-02 -1.276491757e+02 -1.276491757e+02 +2.0844e+00 +3.7033e+00 +2.4293e+00 +4.7184e-01 -2.7428e+00 -1.8743e+00 -2.1936e+00 -3.6003e+00 +3.4111e+00 +3.5575e+00
1502 0 +2.086901138e-02 -1.276591310e+02 -1.276591310e+02 +2.2260e+00 +3.6623e+00 +2.4938e+00 +5.4107e-01 -2.8359e+00 -1.8873e+00 -2.3156e+00 -3.6688e+00 +3.3325e+00 +3.4426e+00
1552 0 +1.807166231e-02 -1.276619283e+02 -1.276619283e+02 +2.2905e+00 +3.7769e+00 +2.5089e+00 +4.2746e-01 -2.9710e+00 -1.9231e+00 -2.3645e+00 -3.5695e+00 +3.3359e+00 +3.2970e+00
1555 0 +1.431922892e-02 -1.276656808e+02 -1.276656808e+02 +2.2149e+00 +3.7766e+00 +2.4852e+00 +5.4183e-01 -2.8296e+00 -1.8915e+00 -2.3905e+00 -3.5782e+00 +3.2862e+00 +3.4085e+00
1556 0 +1.381450109e-02 -1.276661855e+02 -1.276661855e+02 +2.2585e+00 +3.8108e+00 +2.5047e+00 +5.2947e-01 -2.8015e+00 -1.9729e+00 -2.4298e+00 -3.6033e+00 +3.2849e+00 +3.3345e+00
1753 0 +1.154219789e-02 -1.276684578e+02 -1.276684578e+02 +2.2938e+00 +3.7919e+00 +2.4062e+00 +4.8387e-01 -2.8802e+00 -1.8015e+00 -2.4151e+00 -3.6899e+00 +3.3420e+00 +3.4490e+00
1801 0 +5.790146721e-03 -1.276742099e+02 -1.276742099e+02 +2.2713e+00 +3.7485e+00 +2.4969e+00 +4.8819e-01 -2.8248e+00 -1.8325e+00 -2.3008e+00 -3.5897e+00 +3.3412e+00 +3.4370e+00
1903 0 +4.645805079e-03 -1.276753542e+02 -1.276753542e+02 +2.3178e+00 +3.8162e+00 +2.5269e+00 +4.5094e-01 -2.8476e+00 -1.8504e+00 -2.3938e+00 -3.5293e+00 +3.2985e+00 +3.3614e+00
2037 0 +2.734853853e-03 -1.276772651e+02 -1.276772651e+02 +2.2886e+00 +3.7981e+00 +2.5171e+00 +5.0797e-01 -2.8559e+00 -1.8680e+00 -2.4319e+00 -3.6478e+00 +3.3287e+00 +3.3832e+00
2151 0 +2.230493859e-03 -1.276777695e+02 -1.276777695e+02 +2.2654e+00 +3.7824e+00 +2.4975e+00 +4.6661e-01 -2.8192e+00 -1.8668e+00 -2.3656e+00 -3.5346e+00 +3.3020e+00 +3.4214e+00
2204 0 +1.559517398e-03 -1.276784405e+02 -1.276784405e+02 +2.2571e+00 +3.7883e+00 +2.4843e+00 +4.9023e-01 -2.8278e+00 -1.8804e+00 -2.3971e+00 -3.5982e+00 +3.3168e+00 +3.4110e+00
2257 0 +1.299241066e-03 -1.276787008e+02 -1.276787008e+02 +2.2719e+00 +3.8082e+00 +2.5095e+00 +5.1831e-01 -2.8403e+00 -1.8700e+00 -2.4027e+00 -3.6403e+00 +3.3372e+00 +3.4076e+00
2412 0 +1.179197889e-03 -1.276788208e+02 -1.276788208e+02 +2.2839e+00 +3.8055e+00 +2.5228e+00 +5.1399e-01 -2.8423e+00 -1.8537e+00 -2.3711e+00 -3.6004e+00 +3.3264e+00 +3.4065e+00
