% f evaluations | g evaluations | best noise-free fitness - Fopt (-1.694000000000e+01) + sum g_i+ | measured fitness | best measured fitness or single-digit g-values | x1 | x2...
1 0 +7.031522943e+01 +5.337522943e+01 +5.337522943e+01 +5.9671e-01 -3.8264e-02
2 0 +3.077541350e+01 +1.383541350e+01 +1.383541350e+01 +7.4769e-01 +1.6230e+00
4 0 +9.559170567e+00 -7.380829433e+00 -7.380829433e+00 +1.6792e+00 +8.6743e-01
11 0 +8.500278560e+00 -8.439721440e+00 -8.439721440e+00 +1.9097e+00 +8.0362e-01
15 0 +4.753529801e+00 -1.218647020e+01 -1.218647020e+01 +2.7429e+00 +6.5241e-01
22 0 +4.680764443e+00 -1.225923556e+01 -1.225923556e+01 +3.0607e+00 +1.3233e+00
27 0 +3.621691425e+00 -1.331830857e+01 -1.331830857e+01 +3.4272e+00 +1.8016e+00
35 0 +2.860221714e+00 -1.407977829e+01 -1.407977829e+01 +3.3269e+00 +1.0145e+00
36 0 +2.055884253e+00 -1.488411575e+01 -1.488411575e+01 +3.6916e+00 +8.8413e-01
45 0 +1.952731587e+00 -1.498726841e+01 -1.498726841e+01 +4.0297e+00 +7.6957e-01
47 0 +9.256452983e-01 -1.601435470e+01 -1.601435470e+01 +3.6890e+00 +2.0305e+00
81 0 +5.978358016e-01 -1.634216420e+01 -1.634216420e+01 +3.7258e+00 +2.0530e+00
95 0 +5.392954010e-01 -1.640070460e+01 -1.640070460e+01 +3.6727e+00 +2.0840e+00
101 0 +3.639557908e-01 -1.657604421e+01 -1.657604421e+01 +3.7182e+00 +2.1955e+00
105 0 +1.901334136e-01 -1.674986659e+01 -1.674986659e+01 +3.7011e+00 +2.5852e+00
148 0 +1.671318875e-01 -1.677286811e+01 -1.677286811e+01 +3.6778e+00 +2.5484e+00
153 0 +5.906843755e-02 -1.688093156e+01 -1.688093156e+01 +3.6662e+00 +2.5169e+00
155 0 +3.271618700e-02 -1.690728381e+01 -1.690728381e+01 +3.6407e+00 +2.5637e+00
195 0 +1.763237436e-02 -1.692236763e+01 -1.692236763e+01 +3.6532e+00 +2.5411e+00
196 0 +8.426571750e-03 -1.693157343e+01 -1.693157343e+01 +3.6557e+00 +2.5440e+00
231 0 +4.300706266e-03 -1.693569929e+01 -1.693569929e+01 +3.6554e+00 +2.5506e+00
235 0 +9.276893259e-04 -1.693907231e+01 -1.693907231e+01 +3.6559e+00 +2.5500e+00
308 0 +2.306984671e-04 -1.693976930e+01 -1.693976930e+01 +3.6561e+00 +2.5496e+00
352 0 +5.799633249e-05 -1.693994200e+01 -1.693994200e+01 +3.6560e+00 +2.5496e+00
411 0 +3.774333988e-05 -1.693996226e+01 -1.693996226e+01 +3.6560e+00 +2.5496e+00
412 0 +3.157759211e-05 -1.693996842e+01 -1.693996842e+01 +3.6560e+00 +2.5496e+00
421 0 +4.444709724e-06 -1.693999556e+01 -1.693999556e+01 +3.6560e+00 +2.5496e+00
474 0 +1.174542430e-06 -1.693999883e+01 -1.693999883e+01 +3.6560e+00 +2.5496e+00
% f evaluations | g evaluations | best noise-free fitness - Fopt (1.881000000000e+01) + sum g_i+ | measured fitness | best measured fitness or single-digit g-values | x1 | x2...
1 0 +6.942990112e+00 +2.575299011e+01 +2.575299011e+01 +5.9671e-01 -3.8264e-02
2 0 +1.906153911e+00 +2.071615391e+01 +2.071615391e+01 +7.4769e-01 +1.6230e+00
15 0 +1.259295597e+00 +2.006929560e+01 +2.006929560e+01 +7.2481e-01 +1.9099e+00
16 0 +8.329903503e-01 +1.964299035e+01 +1.964299035e+01 +5.2374e-01 +1.8226e+00
63 0 +5.127297298e-01 +1.932272973e+01 +1.932272973e+01 -2.7794e-02 +1.6724e+00
92 0 +3.304252018e-01 +1.914042520e+01 +1.914042520e+01 -5.2008e-02 +1.8250e+00
132 0 +1.080287007e-01 +1.891802870e+01 +1.891802870e+01 -2.4786e-01 +1.8068e+00
217 0 +1.356142064e-02 +1.882356142e+01 +1.882356142e+01 -1.8388e-01 +1.7798e+00
286 0 +4.430965915e-03 +1.881443097e+01 +1.881443097e+01 -1.9459e-01 +1.7811e+00
324 0 +3.318589560e-03 +1.881331859e+01 +1.881331859e+01 -1.9165e-01 +1.7817e+00
331 0 +1.000267752e-03 +1.881100027e+01 +1.881100027e+01 -1.9200e-01 +1.7810e+00
393 0 +9.832902397e-04 +1.881098329e+01 +1.881098329e+01 -1.9120e-01 +1.7811e+00
403 0 +4.907897416e-04 +1.881049079e+01 +1.881049079e+01 -1.9087e-01 +1.7808e+00
471 0 +2.898081645e-04 +1.881028981e+01 +1.881028981e+01 -1.9092e-01 +1.7808e+00
483 0 +2.459156204e-04 +1.881024592e+01 +1.881024592e+01 -1.9100e-01 +1.7808e+00
% f evaluations | g evaluations | best noise-free fitness - Fopt (2.731500000000e+02) + sum g_i+ | measured fitness | best measured fitness or single-digit g-values | x1 | x2...
1 0 +1.915563684e+01 +2.923056368e+02 +2.923056368e+02 +5.9671e-01 -3.8264e-02
8 0 +1.172421566e+01 +2.848742157e+02 +2.848742157e+02 -1.6249e+00 -4.6229e-01
11 0 +9.910559810e+00 +2.830605598e+02 +2.830605598e+02 -3.9770e+00 +2.7675e-01
22 0 +8.439314183e+00 +2.815893142e+02 +2.815893142e+02 -2.9461e+00 +3.5064e+00
26 0 +8.408525592e+00 +2.815585256e+02 +2.815585256e+02 -3.8434e+00 +2.1258e+00
27 0 +5.828393991e+00 +2.789783940e+02 +2.789783940e+02 -4.8289e+00 +1.6019e+00
29 0 +3.887850829e+00 +2.770378508e+02 +2.770378508e+02 -4.3924e+00 +1.6356e+00
62 0 +1.094441361e+00 +2.742444414e+02 +2.742444414e+02 -3.0419e+00 +4.3134e+00
83 0 +7.928033043e-01 +2.739428033e+02 +2.739428033e+02 -3.9214e+00 +3.4667e+00
84 0 +1.574458283e-01 +2.733074458e+02 +2.733074458e+02 -3.6205e+00 +3.7833e+00
111 0 +6.313121717e-02 +2.732131312e+02 +2.732131312e+02 -3.5435e+00 +3.8019e+00
148 0 +3.580624919e-02 +2.731858062e+02 +2.731858062e+02 -3.5844e+00 +3.7268e+00
194 0 +7.547584765e-03 +2.731575476e+02 +2.731575476e+02 -3.5770e+00 +3.7527e+00
286 0 +6.566039721e-03 +2.731565660e+02 +2.731565660e+02 -3.5773e+00 +3.7557e+00
301 0 +5.018281993e-03 +2.731550183e+02 +2.731550183e+02 -3.5774e+00 +3.7554e+00
310 0 +3.145866385e-03 +2.731531459e+02 +2.731531459e+02 -3.5775e+00 +3.7565e+00
313 0 +3.094828854e-03 +2.731530948e+02 +2.731530948e+02 -3.5781e+00 +3.7567e+00
319 0 +3.022557987e-03 +2.731530226e+02 +2.731530226e+02 -3.5791e+00 +3.7556e+00
% f evaluations | g evaluations | best noise-free fitness - Fopt (3.718000000000e+01) + sum g_i+ | measured fitness | best measured fitness or single-digit g-values | x1 | x2...
1 0 +2.809391165e+01 +6.527391165e+01 +6.527391165e+01 +5.9671e-01 -3.8264e-02
2 0 +1.487796505e+01 +5.205796505e+01 +5.205796505e+01 +7.4769e-01 +1.6230e+00
4 0 +9.230360559e+00 +4.641036056e+01 +4.641036056e+01 +1.6792e+00 +8.6743e-01
5 0 +5.298824688e+00 +4.247882469e+01 +4.247882469e+01 -3.6947e-01 +6.4256e-01
11 0 +2.234770719e+00 +3.941477072e+01 +3.941477072e+01 -2.7368e+00 +1.4836e+00
28 0 +1.041501313e+00 +3.822150131e+01 +3.822150131e+01 -3.5289e+00 +2.4427e+00
49 0 +9.190973725e-01 +3.809909737e+01 +3.809909737e+01 -3.5988e+00 +2.0009e+00
62 0 +6.403911219e-01 +3.782039112e+01 +3.782039112e+01 -4.3393e+00 +1.9971e+00
94 0 +1.021659570e-01 +3.728216596e+01 +3.728216596e+01 -3.9340e+00 +2.0334e+00
101 0 +5.810071592e-02 +3.723810072e+01 +3.723810072e+01 -3.9427e+00 +2.0523e+00
112 0 +3.279862240e-02 +3.721279862e+01 +3.721279862e+01 -3.9226e+00 +2.0697e+00
137 0 +8.926663527e-03 +3.718892666e+01 +3.718892666e+01 -3.8954e+00 +2.0625e+00
176 0 +4.373805794e-03 +3.718437381e+01 +3.718437381e+01 -3.9006e+00 +2.0591e+00
251 0 +3.118940717e-03 +3.718311894e+01 +3.718311894e+01 -3.9018e+00 +2.0606e+00
302 0 +1.877963396e-03 +3.718187796e+01 +3.718187796e+01 -3.8997e+00 +2.0604e+00
311 0 +1.030873587e-03 +3.718103087e+01 +3.718103087e+01 -3.8986e+00 +2.0602e+00
353 0 +1.006282836e-03 +3.718100628e+01 +3.718100628e+01 -3.8999e+00 +2.0599e+00
356 0 +2.531736803e-04 +3.718025317e+01 +3.718025317e+01 -3.8994e+00 +2.0600e+00
381 0 +2.295426390e-04 +3.718022954e+01 +3.718022954e+01 -3.8994e+00 +2.0601e+00
386 0 +9.784592832e-05 +3.718009785e+01 +3.718009785e+01 -3.8992e+00 +2.0600e+00
411 0 +3.259524641e-05 +3.718003260e+01 +3.718003260e+01 -3.8992e+00 +2.0600e+00
421 0 +3.136940680e-05 +3.718003137e+01 +3.718003137e+01 -3.8992e+00 +2.0600e+00
423 0 +2.886748654e-05 +3.718002887e+01 +3.718002887e+01 -3.8992e+00 +2.0600e+00
461 0 +1.175821863e-05 +3.718001176e+01 +3.718001176e+01 -3.8992e+00 +2.0600e+00
% f evaluations | g evaluations | best noise-free fitness - Fopt (-1.479000000000e+02) + sum g_i+ | measured fitness | best measured fitness or single-digit g-values | x1 | x2...
1 0 +3.179527156e+01 -1.161047284e+02 -1.161047284e+02 +5.9671e-01 -3.8264e-02
2 0 +2.107928318e+01 -1.268207168e+02 -1.268207168e+02 +7.4769e-01 +1.6230e+00
3 0 +9.063765354e+00 -1.388362346e+02 -1.388362346e+02 -1.3415e-01 -1.3414e-01
5 0 +5.181625312e+00 -1.427183747e+02 -1.427183747e+02 -3.6947e-01 +6.4256e-01
8 0 +2.523007955e+00 -1.453769920e+02 -1.453769920e+02 -1.6249e+00 -4.6229e-01
12 0 +1.177122737e+00 -1.467228773e+02 -1.467228773e+02 -8.3612e-01 -4.3677e-01
14 0 +5.403718538e-01 -1.473596281e+02 -1.473596281e+02 -1.4567e+00 -2.2024e-01
43 0 +4.144789897e-01 -1.474855210e+02 -1.474855210e+02 -1.3314e+00 -6.0283e-02
51 0 +3.629715407e-01 -1.475370285e+02 -1.475370285e+02 -1.5850e+00 -8.3223e-02
82 0 +2.139540878e-01 -1.476860459e+02 -1.476860459e+02 -1.6250e+00 +3.1168e-02
103 0 +1.669262591e-01 -1.477330737e+02 -1.477330737e+02 -1.5347e+00 +7.9677e-02
114 0 +8.294267166e-02 -1.478170573e+02 -1.478170573e+02 -1.6529e+00 +1.0085e-01
116 0 +8.183099193e-02 -1.478181690e+02 -1.478181690e+02 -1.6805e+00 +1.3626e-01
121 0 +5.020227504e-02 -1.478497977e+02 -1.478497977e+02 -1.6602e+00 +1.4087e-01
132 0 +3.388399768e-02 -1.478661160e+02 -1.478661160e+02 -1.6615e+00 +1.3675e-01
143 0 +2.814403128e-02 -1.478718560e+02 -1.478718560e+02 -1.6615e+00 +1.3643e-01
154 0 +7.550957987e-03 -1.478924490e+02 -1.478924490e+02 -1.6658e+00 +1.3433e-01
164 0 +3.025104785e-03 -1.478969749e+02 -1.478969749e+02 -1.6692e+00 +1.3318e-01
191 0 +2.183476432e-03 -1.478978165e+02 -1.478978165e+02 -1.6712e+00 +1.3557e-01
223 0 +1.526053184e-03 -1.478984739e+02 -1.478984739e+02 -1.6713e+00 +1.3593e-01
236 0 +2.576108967e-04 -1.478997424e+02 -1.478997424e+02 -1.6703e+00 +1.3511e-01
263 0 +2.509676018e-04 -1.478997490e+02 -1.478997490e+02 -1.6705e+00 +1.3518e-01
272 0 +2.295722787e-04 -1.478997704e+02 -1.478997704e+02 -1.6705e+00 +1.3536e-01
295 0 +3.370001681e-05 -1.478999663e+02 -1.478999663e+02 -1.6704e+00 +1.3519e-01
331 0 +2.370397959e-05 -1.478999763e+02 -1.478999763e+02 -1.6704e+00 +1.3520e-01
431 0 +4.432845827e-06 -1.478999956e+02 -1.478999956e+02 -1.6704e+00 +1.3520e-01
443 0 +1.603010247e-06 -1.478999984e+02 -1.478999984e+02 -1.6704e+00 +1.3520e-01
474 0 +7.444202481e-07 -1.478999993e+02 -1.478999993e+02 -1.6704e+00 +1.3520e-01
% f evaluations | g evaluations | best noise-free fitness - Fopt (4.817100000000e+02) + sum g_i+ | measured fitness | best measured fitness or single-digit g-values | x1 | x2...
1 0 +1.164397629e+01 +4.933539763e+02 +4.933539763e+02 +5.9671e-01 -3.8264e-02
7 0 +1.025353710e+01 +4.919635371e+02 +4.919635371e+02 +3.4196e-01 -1.8133e+00
13 0 +3.151622984e+00 +4.848616230e+02 +4.848616230e+02 +1.9153e+00 -7.2077e-01
16 0 +2.715615356e+00 +4.844256154e+02 +4.844256154e+02 +1.6464e+00 -1.0482e+00
39 0 +1.029025474e+00 +4.827390255e+02 +4.827390255e+02 +1.3587e+00 -2.5701e+00
89 0 +7.814918366e-01 +4.824914918e+02 +4.824914918e+02 +9.5043e-01 -3.7488e+00
105 0 +6.966256218e-01 +4.824066256e+02 +4.824066256e+02 +1.0554e+00 -2.7353e+00
110 0 +6.161606862e-01 +4.823261607e+02 +4.823261607e+02 +8.5613e-01 -2.8966e+00
112 0 +5.466738867e-01 +4.822566739e+02 +4.822566739e+02 +1.1889e+00 -2.6427e+00
115 0 +4.488430608e-01 +4.821588431e+02 +4.821588431e+02 +1.0437e+00 -2.7648e+00
120 0 +1.742346435e-01 +4.818842346e+02 +4.818842346e+02 +9.9004e-01 -2.9529e+00
127 0 +9.828496572e-02 +4.818082850e+02 +4.818082850e+02 +1.0265e+00 -2.8753e+00
146 0 +3.701893243e-02 +4.817470189e+02 +4.817470189e+02 +1.0439e+00 -2.9797e+00
175 0 +3.537636519e-02 +4.817453764e+02 +4.817453764e+02 +1.0327e+00 -2.9775e+00
181 0 +3.213115897e-02 +4.817421312e+02 +4.817421312e+02 +1.0511e+00 -2.9871e+00
230 0 +1.341378339e-02 +4.817234138e+02 +4.817234138e+02 +1.0409e+00 -2.9935e+00
241 0 +7.576565269e-03 +4.817175766e+02 +4.817175766e+02 +1.0385e+00 -2.9989e+00
293 0 +3.124245897e-03 +4.817131242e+02 +4.817131242e+02 +1.0414e+00 -3.0022e+00
310 0 +3.042942642e-03 +4.817130429e+02 +4.817130429e+02 +1.0417e+00 -3.0015e+00
315 0 +2.046688823e-03 +4.817120467e+02 +4.817120467e+02 +1.0411e+00 -3.0013e+00
317 0 +1.075863598e-03 +4.817110759e+02 +4.817110759e+02 +1.0410e+00 -2.9998e+00
325 0 +2.558699478e-04 +4.817102559e+02 +4.817102559e+02 +1.0409e+00 -3.0009e+00
371 0 +2.304075038e-04 +4.817102304e+02 +4.817102304e+02 +1.0407e+00 -3.0008e+00
391 0 +1.465807974e-04 +4.817101466e+02 +4.817101466e+02 +1.0408e+00 -3.0009e+00
415 0 +4.016495751e-05 +4.817100402e+02 +4.817100402e+02 +1.0408e+00 -3.0008e+00
431 0 +3.366066483e-05 +4.817100337e+02 +4.817100337e+02 +1.0408e+00 -3.0008e+00
477 0 +2.877931968e-05 +4.817100288e+02 +4.817100288e+02 +1.0408e+00 -3.0008e+00
% f evaluations | g evaluations | best noise-free fitness - Fopt (-3.646000000000e+01) + sum g_i+ | measured fitness | best measured fitness or single-digit g-values | x1 | x2...
1 0 +3.988263522e+01 +3.422635223e+00 +3.422635223e+00 +5.9671e-01 -3.8264e-02
4 0 +2.113645673e+01 -1.532354327e+01 -1.532354327e+01 +1.6792e+00 +8.6743e-01
7 0 +3.923936627e+00 -3.253606337e+01 -3.253606337e+01 +3.4196e-01 -1.8133e+00
25 0 +2.452343024e+00 -3.400765698e+01 -3.400765698e+01 +1.2169e+00 -1.3999e+00
68 0 +2.391046084e+00 -3.406895392e+01 -3.406895392e+01 +1.0365e+00 -1.6684e+00
69 0 +1.954218011e+00 -3.450578199e+01 -3.450578199e+01 +1.0094e+00 -1.9723e+00
79 0 +1.404379753e+00 -3.505562025e+01 -3.505562025e+01 +1.2656e+00 -1.9063e+00
89 0 +1.152130483e+00 -3.530786952e+01 -3.530786952e+01 +1.4974e+00 -2.2539e+00
93 0 +1.062012290e+00 -3.539798771e+01 -3.539798771e+01 +1.4573e+00 -2.1319e+00
131 0 +1.025561419e+00 -3.543443858e+01 -3.543443858e+01 +1.4707e+00 -2.1889e+00
143 0 +8.746828442e-01 -3.558531716e+01 -3.558531716e+01 +1.6228e+00 -2.2064e+00
157 0 +7.700399764e-01 -3.568996002e+01 -3.568996002e+01 +1.6385e+00 -2.3477e+00
171 0 +7.609873115e-01 -3.569901269e+01 -3.569901269e+01 +1.6475e+00 -2.2071e+00
181 0 +7.427743113e-01 -3.571722569e+01 -3.571722569e+01 +1.6400e+00 -2.2061e+00
191 0 +7.427303478e-01 -3.571726965e+01 -3.571726965e+01 +1.6445e+00 -2.1955e+00
211 0 +7.425898741e-01 -3.571741013e+01 -3.571741013e+01 +1.6348e+00 -2.2306e+00
% f evaluations | g evaluations | best noise-free fitness - Fopt (3.920000000000e+01) + sum g_i+ | measured fitness | best measured fitness or single-digit g-values | x1 | x2...
1 0 +1.326631129e+01 +5.246631129e+01 +5.246631129e+01 +5.9671e-01 -3.8264e-02
4 0 +5.741761308e+00 +4.494176131e+01 +4.494176131e+01 +1.6792e+00 +8.6743e-01
12 0 +4.334496074e+00 +4.353449607e+01 +4.353449607e+01 +2.3015e+00 -6.0092e-03
21 0 +3.153889826e+00 +4.235388983e+01 +4.235388983e+01 +4.1037e+00 +3.2182e+00
24 0 +2.986150367e+00 +4.218615037e+01 +4.218615037e+01 +3.8484e+00 +1.3573e+00
49 0 +1.386313404e+00 +4.058631340e+01 +4.058631340e+01 +4.3952e+00 +2.2211e+00
77 0 +6.974759016e-01 +3.989747590e+01 +3.989747590e+01 +3.7686e+00 +1.5809e+00
87 0 +6.773921298e-01 +3.987739213e+01 +3.987739213e+01 +3.6282e+00 +1.6127e+00
89 0 +2.446189617e-01 +3.944461896e+01 +3.944461896e+01 +3.6944e+00 +1.4782e+00
91 0 +1.426462317e-01 +3.934264623e+01 +3.934264623e+01 +3.6307e+00 +1.5379e+00
106 0 +1.355065239e-01 +3.933550652e+01 +3.933550652e+01 +3.7384e+00 +1.6033e+00
114 0 +6.998598010e-02 +3.926998598e+01 +3.926998598e+01 +3.6842e+00 +1.6068e+00
137 0 +7.745230378e-03 +3.920774523e+01 +3.920774523e+01 +3.7174e+00 +1.6252e+00
192 0 +6.693699593e-03 +3.920669370e+01 +3.920669370e+01 +3.7235e+00 +1.6299e+00
215 0 +5.905504898e-03 +3.920590550e+01 +3.920590550e+01 +3.7246e+00 +1.6304e+00
238 0 +3.215485236e-03 +3.920321549e+01 +3.920321549e+01 +3.7209e+00 +1.6284e+00
283 0 +2.072379800e-03 +3.920207238e+01 +3.920207238e+01 +3.7228e+00 +1.6301e+00
284 0 +1.416311885e-03 +3.920141631e+01 +3.920141631e+01 +3.7230e+00 +1.6305e+00
286 0 +1.183199554e-03 +3.920118320e+01 +3.920118320e+01 +3.7231e+00 +1.6308e+00
291 0 +6.913634906e-04 +3.920069136e+01 +3.920069136e+01 +3.7232e+00 +1.6306e+00
304 0 +5.937456170e-04 +3.920059375e+01 +3.920059375e+01 +3.7231e+00 +1.6304e+00
315 0 +3.764753049e-04 +3.920037648e+01 +3.920037648e+01 +3.7230e+00 +1.6302e+00
334 0 +3.037883265e-04 +3.920030379e+01 +3.920030379e+01 +3.7232e+00 +1.6304e+00
341 0 +2.329867871e-04 +3.920023299e+01 +3.920023299e+01 +3.7231e+00 +1.6302e+00
364 0 +3.175447412e-05 +3.920003175e+01 +3.920003175e+01 +3.7232e+00 +1.6304e+00
384 0 +2.887708785e-05 +3.920002888e+01 +3.920002888e+01 +3.7232e+00 +1.6304e+00
402 0 +2.542732967e-05 +3.920002543e+01 +3.920002543e+01 +3.7232e+00 +1.6304e+00
424 0 +2.375186082e-05 +3.920002375e+01 +3.920002375e+01 +3.7232e+00 +1.6304e+00
426 0 +6.726907507e-06 +3.920000673e+01 +3.920000673e+01 +3.7232e+00 +1.6304e+00
433 0 +5.169137488e-06 +3.920000517e+01 +3.920000517e+01 +3.7232e+00 +1.6304e+00
455 0 +7.283985042e-07 +3.920000073e+01 +3.920000073e+01 +3.7232e+00 +1.6304e+00
471 0 +6.698496833e-07 +3.920000067e+01 +3.920000067e+01 +3.7232e+00 +1.6304e+00
474 0 +6.549426814e-07 +3.920000065e+01 +3.920000065e+01 +3.7232e+00 +1.6304e+00
481 0 +5.799633840e-07 +3.920000058e+01 +3.920000058e+01 +3.7232e+00 +1.6304e+00
% f evaluations | g evaluations | best noise-free fitness - Fopt (-3.225000000000e+01) + sum g_i+ | measured fitness | best measured fitness or single-digit g-values | x1 | x2...
1 0 +1.773096966e+01 -1.451903034e+01 -1.451903034e+01 +5.9671e-01 -3.8264e-02
2 0 +6.359869553e+00 -2.589013045e+01 -2.589013045e+01 +7.4769e-01 +1.6230e+00
11 0 +4.280771726e+00 -2.796922827e+01 -2.796922827e+01 +1.5829e+00 +7.9419e-01
16 0 +2.568368033e+00 -2.968163197e+01 -2.968163197e+01 +2.1089e+00 +7.9874e-01
22 0 +8.540511253e-01 -3.139594887e+01 -3.139594887e+01 +3.5075e+00 +1.1713e+00
39 0 +4.246752503e-01 -3.182532475e+01 -3.182532475e+01 +3.8377e+00 +1.1857e+00
74 0 +1.500324900e-01 -3.209996751e+01 -3.209996751e+01 +3.6104e+00 +1.0429e+00
91 0 +1.398491880e-01 -3.211015081e+01 -3.211015081e+01 +3.6007e+00 +1.0330e+00
109 0 +7.148329759e-02 -3.217851670e+01 -3.217851670e+01 +3.5950e+00 +1.0545e+00
131 0 +4.207213742e-02 -3.220792786e+01 -3.220792786e+01 +3.5525e+00 +1.0548e+00
176 0 +1.800207302e-02 -3.223199793e+01 -3.223199793e+01 +3.6000e+00 +1.0614e+00
192 0 +1.329342840e-02 -3.223670657e+01 -3.223670657e+01 +3.5954e+00 +1.0601e+00
193 0 +6.255298624e-03 -3.224374470e+01 -3.224374470e+01 +3.5967e+00 +1.0612e+00
235 0 +3.961012505e-03 -3.224603899e+01 -3.224603899e+01 +3.5980e+00 +1.0614e+00
242 0 +3.101185283e-03 -3.224689881e+01 -3.224689881e+01 +3.5945e+00 +1.0613e+00
258 0 +3.025408568e-03 -3.224697459e+01 -3.224697459e+01 +3.5953e+00 +1.0605e+00
270 0 +1.039942030e-03 -3.224896006e+01 -3.224896006e+01 +3.5958e+00 +1.0615e+00
282 0 +2.358557334e-04 -3.224976414e+01 -3.224976414e+01 +3.5959e+00 +1.0615e+00
291 0 +2.329593965e-04 -3.224976704e+01 -3.224976704e+01 +3.5961e+00 +1.0617e+00
354 0 +3.196696520e-05 -3.224996803e+01 -3.224996803e+01 +3.5960e+00 +1.0616e+00
381 0 +2.878900916e-05 -3.224997121e+01 -3.224997121e+01 +3.5960e+00 +1.0616e+00
404 0 +2.545101385e-05 -3.224997455e+01 -3.224997455e+01 +3.5960e+00 +1.0616e+00
411 0 +1.875663347e-05 -3.224998124e+01 -3.224998124e+01 +3.5960e+00 +1.0616e+00
413 0 +1.237576299e-06 -3.224999876e+01 -3.224999876e+01 +3.5960e+00 +1.0616e+00
472 0 +8.325450267e-07 -3.224999917e+01 -3.224999917e+01 +3.5960e+00 +1.0616e+00
% f evaluations | g evaluations | best noise-free fitness - Fopt (3.681200000000e+02) + sum g_i+ | measured fitness | best measured fitness or single-digit g-values | x1 | x2...
1 0 +8.302234047e+00 +3.764222340e+02 +3.764222340e+02 +5.9671e-01 -3.8264e-02
6 0 +8.298232127e+00 +3.764182321e+02 +3.764182321e+02 -3.6342e-01 -3.6573e-01
8 0 +6.799989240e+00 +3.749199892e+02 +3.749199892e+02 -1.6249e+00 -4.6229e-01
10 0 +1.848777001e+00 +3.699687770e+02 +3.699687770e+02 -8.0802e-01 -1.3123e+00
15 0 +1.186115047e+00 +3.693061150e+02 +3.693061150e+02 -3.3223e+00 -1.4194e+00
56 0 +3.975198501e-01 +3.685175199e+02 +3.685175199e+02 -2.4487e+00 -9.7131e-01
71 0 +2.547138259e-01 +3.683747138e+02 +3.683747138e+02 -2.6323e+00 -1.1083e+00
82 0 +2.506197359e-01 +3.683706197e+02 +3.683706197e+02 -2.6049e+00 -1.0882e+00
112 0 +2.483836831e-01 +3.683683837e+02 +3.683683837e+02 -2.6506e+00 -1.0476e+00
132 0 +3.578433004e-02 +3.681557843e+02 +3.681557843e+02 -2.4654e+00 -1.0972e+00
168 0 +2.378978532e-02 +3.681437898e+02 +3.681437898e+02 -2.4491e+00 -1.0880e+00
174 0 +2.167121681e-02 +3.681416712e+02 +3.681416712e+02 -2.4597e+00 -1.0839e+00
176 0 +1.650269747e-02 +3.681365027e+02 +3.681365027e+02 -2.4670e+00 -1.0961e+00
203 0 +8.381269901e-03 +3.681283813e+02 +3.681283813e+02 -2.4593e+00 -1.0893e+00
212 0 +3.037171601e-03 +3.681230372e+02 +3.681230372e+02 -2.4642e+00 -1.0888e+00
255 0 +1.206002497e-03 +3.681212060e+02 +3.681212060e+02 -2.4625e+00 -1.0897e+00
256 0 +1.051347437e-03 +3.681210513e+02 +3.681210513e+02 -2.4630e+00 -1.0893e+00
292 0 +9.838681256e-04 +3.681209839e+02 +3.681209839e+02 -2.4623e+00 -1.0894e+00
311 0 +6.441537927e-04 +3.681206442e+02 +3.681206442e+02 -2.4631e+00 -1.0897e+00
321 0 +2.601298903e-04 +3.681202601e+02 +3.681202601e+02 -2.4630e+00 -1.0896e+00
322 0 +2.440058234e-04 +3.681202440e+02 +3.681202440e+02 -2.4631e+00 -1.0895e+00
325 0 +2.339752929e-04 +3.681202340e+02 +3.681202340e+02 -2.4634e+00 -1.0896e+00
346 0 +2.295338394e-04 +3.681202295e+02 +3.681202295e+02 -2.4634e+00 -1.0896e+00
351 0 +9.779026072e-05 +3.681200978e+02 +3.681200978e+02 -2.4632e+00 -1.0896e+00
383 0 +3.444951631e-07 +3.681200003e+02 +3.681200003e+02 -2.4632e+00 -1.0896e+00
