% f evaluations | g evaluations | best noise-free fitness - Fopt (-1.694000000000e+01) + sum g_i+ | measured fitness | best measured fitness or single-digit g-values | x1 | x2...
1 0 +1.324093633e+01 -3.699063674e+00 -3.699063674e+00 +5.9671e-01 -3.8264e-02 +7.4769e-01 +1.6230e+00 -1.3415e-01
5 0 +1.237830438e+01 -4.561695617e+00 -4.561695617e+00 +1.5656e+00 -1.2578e-01 +1.6753e-01 -1.3247e+00 -4.4438e-01
12 0 +1.195851158e+01 -4.981488421e+00 -4.981488421e+00 +1.0313e+00 -7.3922e-01 -2.0921e-01 +4.3126e-01 +1.0755e+00
14 0 +1.086104601e+01 -6.078953987e+00 -6.078953987e+00 +1.4562e+00 +2.7990e-02 +1.1035e+00 +4.6164e-01 -5.4512e-01
25 0 +6.718572502e+00 -1.022142750e+01 -1.022142750e+01 +8.9103e-01 -8.0939e-01 +1.5028e+00 -1.3019e+00 +6.8686e-01
36 0 +5.402858708e+00 -1.153714129e+01 -1.153714129e+01 +2.2446e+00 +6.2153e-01 -1.4737e-01 -7.4435e-02 +8.0773e-02
80 0 +4.512068418e+00 -1.242793158e+01 -1.242793158e+01 +1.7704e+00 +6.9041e-01 -1.5517e-01 +5.3795e-01 +1.1373e+00
89 0 +2.750833664e+00 -1.418916634e+01 -1.418916634e+01 +2.3720e+00 +5.3599e-01 -1.5042e+00 -5.3362e-01 +3.7838e-01
162 0 +2.531066451e+00 -1.440893355e+01 -1.440893355e+01 +3.1999e+00 +1.2984e+00 -1.2825e+00 -8.2316e-01 -1.8033e-01
187 0 +2.293415689e+00 -1.464658431e+01 -1.464658431e+01 +2.8686e+00 +1.4481e+00 -1.5523e+00 +7.2978e-01 +5.1149e-01
223 0 +1.897635400e+00 -1.504236460e+01 -1.504236460e+01 +2.6006e+00 +1.9044e+00 -1.6127e+00 -1.2532e-01 +5.7356e-01
283 0 +1.886256378e+00 -1.505374362e+01 -1.505374362e+01 +2.9803e+00 +1.4650e+00 -1.4908e+00 +5.1023e-01 +7.0273e-01
289 0 +1.500660915e+00 -1.543933909e+01 -1.543933909e+01 +3.2007e+00 +1.4559e+00 -1.3742e+00 -5.4584e-01 +4.5221e-01
328 0 +1.193360974e+00 -1.574663903e+01 -1.574663903e+01 +3.3592e+00 +1.4632e+00 -1.4037e+00 -4.6381e-01 +3.9082e-01
376 0 +1.125145101e+00 -1.581485490e+01 -1.581485490e+01 +3.2849e+00 +1.3008e+00 -1.4498e+00 -3.2928e-01 +3.5404e-01
403 0 +1.035724835e+00 -1.590427516e+01 -1.590427516e+01 +3.2360e+00 +1.2381e+00 -1.4293e+00 -3.5238e-01 +3.9741e-01
476 0 +9.555042750e-01 -1.598449572e+01 -1.598449572e+01 +3.2992e+00 +1.4193e+00 -1.3602e+00 -4.5400e-01 +4.5966e-01
483 0 +7.553341632e-01 -1.618466584e+01 -1.618466584e+01 +3.4077e+00 +1.4130e+00 -1.3925e+00 -4.7986e-01 +4.0298e-01
577 0 +6.901672021e-01 -1.624983280e+01 -1.624983280e+01 +3.3856e+00 +1.3883e+00 -1.3476e+00 -4.6275e-01 +4.3718e-01
768 0 +6.600718966e-01 -1.627992810e+01 -1.627992810e+01 +3.3701e+00 +1.4031e+00 -1.3505e+00 -4.4631e-01 +4.5394e-01
807 0 +5.839419517e-01 -1.635605805e+01 -1.635605805e+01 +3.3812e+00 +1.3998e+00 -1.3403e+00 -4.5766e-01 +4.4249e-01
832 0 +5.674281658e-01 -1.637257183e+01 -1.637257183e+01 +3.3752e+00 +1.4009e+00 -1.3409e+00 -4.6270e-01 +4.3882e-01
878 0 +5.629055012e-01 -1.637709450e+01 -1.637709450e+01 +3.3764e+00 +1.3994e+00 -1.3431e+00 -4.6394e-01 +4.3782e-01
879 0 +5.437360675e-01 -1.639626393e+01 -1.639626393e+01 +3.3797e+00 +1.4012e+00 -1.3404e+00 -4.6824e-01 +4.3920e-01
992 0 +5.411536213e-01 -1.639884638e+01 -1.639884638e+01 +3.3789e+00 +1.4019e+00 -1.3383e+00 -4.6933e-01 +4.3986e-01
1001 0 +5.233158355e-01 -1.641668416e+01 -1.641668416e+01 +3.3804e+00 +1.4016e+00 -1.3391e+00 -4.6824e-01 +4.4011e-01
1031 0 +5.103928580e-01 -1.642960714e+01 -1.642960714e+01 +3.3796e+00 +1.4021e+00 -1.3392e+00 -4.6768e-01 +4.3996e-01
1205 0 +5.066077594e-01 -1.643339224e+01 -1.643339224e+01 +3.3801e+00 +1.4020e+00 -1.3394e+00 -4.6811e-01 +4.3959e-01
% f evaluations | g evaluations | best noise-free fitness - Fopt (1.881000000000e+01) + sum g_i+ | measured fitness | best measured fitness or single-digit g-values | x1 | x2...
1 0 +8.477959466e+00 +2.728795947e+01 +2.728795947e+01 +5.9671e-01 -3.8264e-02 +7.4769e-01 +1.6230e+00 -1.3415e-01
2 0 +4.381082924e+00 +2.319108292e+01 +2.319108292e+01 -1.3414e-01 +1.6792e+00 +8.6743e-01 -3.6947e-01 +6.4256e-01
7 0 +2.922275631e+00 +2.173227563e+01 +2.173227563e+01 -5.0171e-01 +1.9523e+00 +8.6503e-02 -9.5771e-01 +9.2254e-01
43 0 +2.021077268e+00 +2.083107727e+01 +2.083107727e+01 -1.0917e+00 +2.1292e+00 -1.3598e+00 -1.0004e+00 +1.8284e+00
46 0 +9.145320173e-01 +1.972453202e+01 +1.972453202e+01 +2.0491e-01 +1.2232e+00 -2.9596e-01 -3.7619e-01 +2.4260e+00
209 0 +7.309390783e-01 +1.954093908e+01 +1.954093908e+01 -4.0941e-01 +2.1014e+00 -9.4299e-01 +4.3303e-01 +1.4722e+00
253 0 +3.951515036e-01 +1.920515150e+01 +1.920515150e+01 -2.0783e-01 +1.6015e+00 -7.6057e-01 +5.9290e-02 +1.5766e+00
353 0 +2.621817528e-01 +1.907218175e+01 +1.907218175e+01 -2.1483e-01 +2.1079e+00 -9.3433e-01 +1.0085e-01 +1.5004e+00
376 0 +2.268116298e-01 +1.903681163e+01 +1.903681163e+01 -1.9166e-01 +1.7282e+00 -8.0249e-01 -7.5381e-02 +1.5984e+00
378 0 +1.366132879e-01 +1.894661329e+01 +1.894661329e+01 -2.0953e-01 +1.9887e+00 -8.7619e-01 +5.7458e-02 +1.5734e+00
452 0 +3.829751153e-02 +1.884829751e+01 +1.884829751e+01 -1.9309e-01 +1.7784e+00 -8.2003e-01 -5.1953e-02 +1.6582e+00
651 0 +2.715348408e-02 +1.883715348e+01 +1.883715348e+01 -2.0124e-01 +1.7657e+00 -8.2530e-01 -2.8516e-02 +1.6592e+00
703 0 +2.186074391e-02 +1.883186074e+01 +1.883186074e+01 -1.9251e-01 +1.7843e+00 -8.2105e-01 -3.3379e-02 +1.6809e+00
780 0 +1.576642701e-02 +1.882576643e+01 +1.882576643e+01 -1.9597e-01 +1.7829e+00 -8.2162e-01 -2.7204e-02 +1.6656e+00
784 0 +1.454953202e-02 +1.882454953e+01 +1.882454953e+01 -1.9426e-01 +1.7853e+00 -8.1784e-01 -2.9952e-02 +1.6720e+00
786 0 +6.198063564e-03 +1.881619806e+01 +1.881619806e+01 -1.8881e-01 +1.7837e+00 -8.2229e-01 -3.6763e-02 +1.6774e+00
890 0 +5.949033147e-03 +1.881594903e+01 +1.881594903e+01 -1.8932e-01 +1.7781e+00 -8.2415e-01 -3.2992e-02 +1.6723e+00
905 0 +4.861782884e-03 +1.881486178e+01 +1.881486178e+01 -1.9008e-01 +1.7800e+00 -8.2199e-01 -3.4419e-02 +1.6722e+00
936 0 +4.726397102e-03 +1.881472640e+01 +1.881472640e+01 -1.9059e-01 +1.7814e+00 -8.2111e-01 -3.2324e-02 +1.6715e+00
944 0 +4.298903506e-03 +1.881429890e+01 +1.881429890e+01 -1.9107e-01 +1.7807e+00 -8.2238e-01 -3.2824e-02 +1.6699e+00
953 0 +4.198825438e-03 +1.881419883e+01 +1.881419883e+01 -1.9218e-01 +1.7811e+00 -8.2204e-01 -3.3997e-02 +1.6702e+00
976 0 +2.776904108e-03 +1.881277690e+01 +1.881277690e+01 -1.9170e-01 +1.7803e+00 -8.2274e-01 -3.4778e-02 +1.6727e+00
981 0 +2.341334757e-03 +1.881234133e+01 +1.881234133e+01 -1.9161e-01 +1.7820e+00 -8.2264e-01 -3.3033e-02 +1.6713e+00
1001 0 +1.992720525e-03 +1.881199272e+01 +1.881199272e+01 -1.9109e-01 +1.7814e+00 -8.2164e-01 -3.3954e-02 +1.6722e+00
1012 0 +1.891723978e-03 +1.881189172e+01 +1.881189172e+01 -1.9043e-01 +1.7801e+00 -8.2219e-01 -3.4219e-02 +1.6705e+00
1031 0 +1.244802668e-03 +1.881124480e+01 +1.881124480e+01 -1.9078e-01 +1.7807e+00 -8.2263e-01 -3.3835e-02 +1.6728e+00
1079 0 +9.691812777e-04 +1.881096918e+01 +1.881096918e+01 -1.9130e-01 +1.7809e+00 -8.2241e-01 -3.4041e-02 +1.6714e+00
1107 0 +8.613344892e-04 +1.881086133e+01 +1.881086133e+01 -1.9104e-01 +1.7816e+00 -8.2210e-01 -3.3252e-02 +1.6721e+00
1126 0 +5.201034232e-04 +1.881052010e+01 +1.881052010e+01 -1.9118e-01 +1.7807e+00 -8.2262e-01 -3.3811e-02 +1.6722e+00
1205 0 +4.505065386e-04 +1.881045051e+01 +1.881045051e+01 -1.9115e-01 +1.7807e+00 -8.2251e-01 -3.3647e-02 +1.6720e+00
1208 0 +4.451419779e-04 +1.881044514e+01 +1.881044514e+01 -1.9122e-01 +1.7807e+00 -8.2234e-01 -3.3569e-02 +1.6722e+00
% f evaluations | g evaluations | best noise-free fitness - Fopt (2.731500000000e+02) + sum g_i+ | measured fitness | best measured fitness or single-digit g-values | x1 | x2...
1 0 +1.003648843e+01 +2.831864884e+02 +2.831864884e+02 +5.9671e-01 -3.8264e-02 +7.4769e-01 +1.6230e+00 -1.3415e-01
7 0 +9.345729143e+00 +2.824957291e+02 +2.824957291e+02 -5.0171e-01 +1.9523e+00 +8.6503e-02 -9.5771e-01 +9.2254e-01
20 0 +9.256012260e+00 +2.824060123e+02 +2.824060123e+02 -1.3635e+00 +3.9612e-01 +3.6106e-01 +1.0511e-01 -1.3459e-01
26 0 +6.484265469e+00 +2.796342655e+02 +2.796342655e+02 -2.1621e+00 +2.3635e+00 +1.2400e+00 -1.4615e-01 +2.6775e+00
52 0 +4.445682988e+00 +2.775956830e+02 +2.775956830e+02 -3.5185e+00 +4.5862e+00 +1.4488e+00 +2.6367e+00 +4.7001e+00
138 0 +4.135968858e+00 +2.772859689e+02 +2.772859689e+02 +1.0421e+00 +3.1525e+00 -7.7397e-01 +1.6021e+00 +1.3725e+00
181 0 +2.991123949e+00 +2.761411239e+02 +2.761411239e+02 -2.1598e+00 +3.7941e+00 +9.0328e-02 +1.3716e+00 +2.7724e+00
230 0 +1.811527171e+00 +2.749615272e+02 +2.749615272e+02 -3.2428e+00 +4.4402e+00 -7.4553e-01 +2.9571e+00 +3.5288e+00
251 0 +1.089006580e+00 +2.742390066e+02 +2.742390066e+02 -3.5731e+00 +4.4688e+00 -5.3692e-01 +2.3409e+00 +3.4634e+00
252 0 +9.565525592e-01 +2.741065526e+02 +2.741065526e+02 -2.1474e+00 +3.9480e+00 -4.2380e-01 +2.6046e+00 +1.9203e+00
330 0 +8.621574311e-01 +2.740121574e+02 +2.740121574e+02 -3.0907e+00 +3.7382e+00 +3.3072e-02 +2.1382e+00 +1.9329e+00
339 0 +8.592417757e-01 +2.740092418e+02 +2.740092418e+02 -3.6771e+00 +4.1929e+00 -8.1274e-01 +2.6117e+00 +2.5164e+00
356 0 +5.347003412e-01 +2.736847003e+02 +2.736847003e+02 -3.1906e+00 +3.9205e+00 -4.0346e-01 +2.5942e+00 +2.0530e+00
378 0 +4.540011204e-01 +2.736040011e+02 +2.736040011e+02 -3.3113e+00 +3.6894e+00 -4.8971e-01 +2.4766e+00 +1.9069e+00
436 0 +4.295167363e-01 +2.735795167e+02 +2.735795167e+02 -3.9017e+00 +3.8032e+00 -5.2281e-01 +2.6409e+00 +2.1934e+00
454 0 +2.301331187e-01 +2.733801331e+02 +2.733801331e+02 -3.9667e+00 +3.6759e+00 -4.8213e-01 +2.6014e+00 +2.0907e+00
506 0 +2.261032972e-01 +2.733761033e+02 +2.733761033e+02 -3.9324e+00 +3.7017e+00 -5.9067e-01 +2.6036e+00 +2.0860e+00
535 0 +2.150138574e-01 +2.733650139e+02 +2.733650139e+02 -3.6215e+00 +3.7577e+00 -4.4767e-01 +2.5218e+00 +2.0522e+00
552 0 +1.796821464e-01 +2.733296821e+02 +2.733296821e+02 -3.8143e+00 +3.7589e+00 -4.9759e-01 +2.5451e+00 +2.0823e+00
565 0 +1.554520494e-01 +2.733054520e+02 +2.733054520e+02 -3.6884e+00 +3.7590e+00 -5.3997e-01 +2.5994e+00 +1.9355e+00
587 0 +1.428856201e-01 +2.732928856e+02 +2.732928856e+02 -3.7768e+00 +3.7491e+00 -4.6701e-01 +2.5326e+00 +1.9858e+00
603 0 +1.097408965e-01 +2.732597409e+02 +2.732597409e+02 -3.7175e+00 +3.7686e+00 -4.9832e-01 +2.5852e+00 +2.0214e+00
626 0 +8.883063541e-02 +2.732388306e+02 +2.732388306e+02 -3.7441e+00 +3.7727e+00 -5.1637e-01 +2.6068e+00 +2.0279e+00
636 0 +6.107389102e-02 +2.732110739e+02 +2.732110739e+02 -3.6493e+00 +3.7595e+00 -4.6657e-01 +2.5518e+00 +2.0205e+00
651 0 +4.859749657e-02 +2.731985975e+02 +2.731985975e+02 -3.5775e+00 +3.7463e+00 -5.0558e-01 +2.5612e+00 +2.0154e+00
731 0 +4.163183122e-02 +2.731916318e+02 +2.731916318e+02 -3.6018e+00 +3.7551e+00 -4.9237e-01 +2.5693e+00 +2.0253e+00
737 0 +3.059727285e-02 +2.731805973e+02 +2.731805973e+02 -3.5725e+00 +3.7239e+00 -4.8416e-01 +2.5671e+00 +2.0207e+00
759 0 +2.678177711e-02 +2.731767818e+02 +2.731767818e+02 -3.5753e+00 +3.7449e+00 -4.7349e-01 +2.5676e+00 +2.0138e+00
801 0 +2.300687524e-02 +2.731730069e+02 +2.731730069e+02 -3.5774e+00 +3.7443e+00 -4.8134e-01 +2.5636e+00 +1.9901e+00
829 0 +1.899839923e-02 +2.731689984e+02 +2.731689984e+02 -3.5791e+00 +3.7594e+00 -4.7711e-01 +2.5618e+00 +2.0150e+00
853 0 +1.622784524e-02 +2.731662278e+02 +2.731662278e+02 -3.5870e+00 +3.7550e+00 -4.7788e-01 +2.5653e+00 +2.0111e+00
885 0 +1.309233258e-02 +2.731630923e+02 +2.731630923e+02 -3.5898e+00 +3.7555e+00 -4.7274e-01 +2.5635e+00 +2.0078e+00
909 0 +1.225796085e-02 +2.731622580e+02 +2.731622580e+02 -3.5741e+00 +3.7561e+00 -4.7877e-01 +2.5634e+00 +2.0116e+00
957 0 +1.114461579e-02 +2.731611446e+02 +2.731611446e+02 -3.5832e+00 +3.7550e+00 -4.7921e-01 +2.5652e+00 +2.0059e+00
977 0 +8.860315927e-03 +2.731588603e+02 +2.731588603e+02 -3.5801e+00 +3.7542e+00 -4.7941e-01 +2.5654e+00 +2.0103e+00
986 0 +7.617772260e-03 +2.731576178e+02 +2.731576178e+02 -3.5773e+00 +3.7509e+00 -4.7934e-01 +2.5685e+00 +2.0016e+00
1001 0 +4.890921186e-03 +2.731548909e+02 +2.731548909e+02 -3.5805e+00 +3.7513e+00 -4.7774e-01 +2.5673e+00 +2.0034e+00
1072 0 +4.752563113e-03 +2.731547526e+02 +2.731547526e+02 -3.5878e+00 +3.7522e+00 -4.7945e-01 +2.5686e+00 +2.0073e+00
1091 0 +3.919459907e-03 +2.731539195e+02 +2.731539195e+02 -3.5781e+00 +3.7534e+00 -4.7915e-01 +2.5691e+00 +2.0087e+00
1104 0 +3.490507547e-03 +2.731534905e+02 +2.731534905e+02 -3.5780e+00 +3.7540e+00 -4.7766e-01 +2.5675e+00 +2.0097e+00
1105 0 +2.972127342e-03 +2.731529721e+02 +2.731529721e+02 -3.5831e+00 +3.7535e+00 -4.7860e-01 +2.5692e+00 +2.0090e+00
1107 0 +2.857772338e-03 +2.731528578e+02 +2.731528578e+02 -3.5824e+00 +3.7535e+00 -4.7858e-01 +2.5693e+00 +2.0079e+00
1131 0 +2.218379387e-03 +2.731522184e+02 +2.731522184e+02 -3.5782e+00 +3.7534e+00 -4.7741e-01 +2.5685e+00 +2.0080e+00
1139 0 +2.178943214e-03 +2.731521789e+02 +2.731521789e+02 -3.5820e+00 +3.7530e+00 -4.7851e-01 +2.5700e+00 +2.0078e+00
1161 0 +1.801143454e-03 +2.731518011e+02 +2.731518011e+02 -3.5793e+00 +3.7540e+00 -4.7790e-01 +2.5692e+00 +2.0088e+00
1185 0 +1.575345443e-03 +2.731515753e+02 +2.731515753e+02 -3.5824e+00 +3.7542e+00 -4.7843e-01 +2.5695e+00 +2.0085e+00
1202 0 +1.447536198e-03 +2.731514475e+02 +2.731514475e+02 -3.5791e+00 +3.7536e+00 -4.7787e-01 +2.5694e+00 +2.0084e+00
1206 0 +1.354048342e-03 +2.731513540e+02 +2.731513540e+02 -3.5795e+00 +3.7540e+00 -4.7812e-01 +2.5691e+00 +2.0078e+00
1242 0 +1.346461499e-03 +2.731513465e+02 +2.731513465e+02 -3.5783e+00 +3.7538e+00 -4.7853e-01 +2.5681e+00 +2.0076e+00
% f evaluations | g evaluations | best noise-free fitness - Fopt (3.718000000000e+01) + sum g_i+ | measured fitness | best measured fitness or single-digit g-values | x1 | x2...
1 0 +3.561082852e+01 +7.279082852e+01 +7.279082852e+01 +5.9671e-01 -3.8264e-02 +7.4769e-01 +1.6230e+00 -1.3415e-01
2 0 +2.925429655e+01 +6.643429655e+01 +6.643429655e+01 -1.3414e-01 +1.6792e+00 +8.6743e-01 -3.6947e-01 +6.4256e-01
4 0 +2.504697546e+01 +6.222697546e+01 +6.222697546e+01 -4.6229e-01 -9.1283e-01 +4.1425e-01 -8.0802e-01 -1.3123e+00
10 0 +1.250154236e+01 +4.968154236e+01 +4.968154236e+01 -6.1984e-01 -3.6064e-01 +1.1571e+00 +4.4362e-01 -1.6630e+00
27 0 +6.767724659e+00 +4.394772466e+01 +4.394772466e+01 -4.3059e-01 +3.2326e-01 +2.9143e+00 +3.3029e+00 -4.4677e+00
48 0 +6.627677055e+00 +4.380767705e+01 +4.380767705e+01 -6.5734e-01 +1.3522e+00 +2.9081e+00 +1.4100e-01 -1.9948e+00
104 0 +4.877855129e+00 +4.205785513e+01 +4.205785513e+01 -4.1053e+00 -6.6507e-01 +5.0203e-01 +2.7577e+00 -3.6649e+00
126 0 +4.828122337e+00 +4.200812234e+01 +4.200812234e+01 -3.6367e+00 +3.4467e-01 +7.8392e-01 +1.9237e+00 -3.9286e+00
142 0 +4.804287229e+00 +4.198428723e+01 +4.198428723e+01 -3.5719e+00 +3.0320e+00 +1.1618e+00 -7.0048e-02 -4.1604e+00
153 0 +4.269890016e+00 +4.144989002e+01 +4.144989002e+01 -3.2256e+00 +1.6423e+00 +3.6740e-01 +2.6802e+00 -3.5792e+00
170 0 +3.613872573e+00 +4.079387257e+01 +4.079387257e+01 -4.1031e+00 -1.2880e-01 +2.3058e+00 +6.8162e-01 -4.3011e+00
184 0 +3.516765551e+00 +4.069676555e+01 +4.069676555e+01 -4.0092e+00 +4.1032e-01 +1.6918e+00 +1.7071e+00 -4.1224e+00
187 0 +2.918618805e+00 +4.009861880e+01 +4.009861880e+01 -4.3541e+00 +1.1760e+00 +2.9256e+00 +1.6034e+00 -3.2106e+00
202 0 +2.368298967e+00 +3.954829897e+01 +3.954829897e+01 -3.9733e+00 +1.4790e+00 +6.1063e-01 +1.7115e+00 -4.1851e+00
209 0 +1.642017207e+00 +3.882201721e+01 +3.882201721e+01 -4.4158e+00 +1.6912e+00 +1.6025e+00 +1.5813e+00 -4.1458e+00
252 0 +1.265524323e+00 +3.844552432e+01 +3.844552432e+01 -4.1845e+00 +1.4668e+00 +8.7448e-01 +1.4924e+00 -3.8032e+00
260 0 +1.008344113e+00 +3.818834411e+01 +3.818834411e+01 -4.4037e+00 +2.2051e+00 +1.3647e+00 +1.6249e+00 -3.7536e+00
301 0 +4.040077875e-01 +3.758400779e+01 +3.758400779e+01 -4.3282e+00 +1.9556e+00 +1.4725e+00 +1.7208e+00 -3.6833e+00
381 0 +2.836486175e-01 +3.746364862e+01 +3.746364862e+01 -4.0208e+00 +1.9288e+00 +1.7259e+00 +1.7021e+00 -3.5937e+00
401 0 +2.804130364e-01 +3.746041304e+01 +3.746041304e+01 -4.0227e+00 +2.1313e+00 +1.8937e+00 +1.6713e+00 -3.6639e+00
409 0 +1.973313781e-01 +3.737733138e+01 +3.737733138e+01 -3.8325e+00 +1.9427e+00 +2.0725e+00 +1.6177e+00 -3.5430e+00
452 0 +1.845539084e-01 +3.736455391e+01 +3.736455391e+01 -3.8370e+00 +2.0999e+00 +2.1645e+00 +1.6028e+00 -3.4578e+00
501 0 +1.692508397e-01 +3.734925084e+01 +3.734925084e+01 -3.9748e+00 +2.0821e+00 +1.8961e+00 +1.5920e+00 -3.5432e+00
528 0 +8.880086686e-02 +3.726880087e+01 +3.726880087e+01 -3.8646e+00 +2.0965e+00 +2.0079e+00 +1.5963e+00 -3.5347e+00
598 0 +8.792140460e-02 +3.726792140e+01 +3.726792140e+01 -3.9066e+00 +2.0160e+00 +2.0126e+00 +1.5872e+00 -3.5385e+00
601 0 +6.732460073e-02 +3.724732460e+01 +3.724732460e+01 -3.8575e+00 +2.0685e+00 +2.0850e+00 +1.6055e+00 -3.4955e+00
630 0 +5.053505991e-02 +3.723053506e+01 +3.723053506e+01 -3.8727e+00 +2.0709e+00 +2.0520e+00 +1.6095e+00 -3.5210e+00
658 0 +3.388776245e-02 +3.721388776e+01 +3.721388776e+01 -3.8940e+00 +2.0695e+00 +2.0396e+00 +1.6070e+00 -3.5380e+00
661 0 +1.746728725e-02 +3.719746729e+01 +3.719746729e+01 -3.9086e+00 +2.0546e+00 +2.0372e+00 +1.5979e+00 -3.5253e+00
828 0 +1.692189942e-02 +3.719692190e+01 +3.719692190e+01 -3.8950e+00 +2.0667e+00 +2.0513e+00 +1.6075e+00 -3.5363e+00
831 0 +1.128084847e-02 +3.719128085e+01 +3.719128085e+01 -3.9045e+00 +2.0607e+00 +2.0353e+00 +1.6041e+00 -3.5352e+00
881 0 +8.128132138e-03 +3.718812813e+01 +3.718812813e+01 -3.8985e+00 +2.0607e+00 +2.0379e+00 +1.6086e+00 -3.5338e+00
890 0 +7.307105273e-03 +3.718730711e+01 +3.718730711e+01 -3.8974e+00 +2.0577e+00 +2.0406e+00 +1.6113e+00 -3.5332e+00
927 0 +7.237578042e-03 +3.718723758e+01 +3.718723758e+01 -3.8977e+00 +2.0586e+00 +2.0424e+00 +1.6124e+00 -3.5342e+00
951 0 +5.300501986e-03 +3.718530050e+01 +3.718530050e+01 -3.9005e+00 +2.0619e+00 +2.0389e+00 +1.6110e+00 -3.5351e+00
980 0 +3.976099499e-03 +3.718397610e+01 +3.718397610e+01 -3.8980e+00 +2.0599e+00 +2.0402e+00 +1.6089e+00 -3.5334e+00
984 0 +3.184965088e-03 +3.718318497e+01 +3.718318497e+01 -3.8982e+00 +2.0595e+00 +2.0432e+00 +1.6092e+00 -3.5344e+00
1035 0 +2.485776390e-03 +3.718248578e+01 +3.718248578e+01 -3.9004e+00 +2.0585e+00 +2.0404e+00 +1.6080e+00 -3.5335e+00
1101 0 +2.277536451e-03 +3.718227754e+01 +3.718227754e+01 -3.8984e+00 +2.0595e+00 +2.0425e+00 +1.6086e+00 -3.5326e+00
1105 0 +1.465054276e-03 +3.718146505e+01 +3.718146505e+01 -3.8984e+00 +2.0610e+00 +2.0407e+00 +1.6100e+00 -3.5335e+00
1165 0 +1.211755299e-03 +3.718121176e+01 +3.718121176e+01 -3.8984e+00 +2.0605e+00 +2.0399e+00 +1.6099e+00 -3.5335e+00
1236 0 +8.449637662e-04 +3.718084496e+01 +3.718084496e+01 -3.8999e+00 +2.0604e+00 +2.0401e+00 +1.6095e+00 -3.5337e+00
% f evaluations | g evaluations | best noise-free fitness - Fopt (-1.479000000000e+02) + sum g_i+ | measured fitness | best measured fitness or single-digit g-values | x1 | x2...
1 0 +1.688179895e+01 -1.310182010e+02 -1.310182010e+02 +5.9671e-01 -3.8264e-02 +7.4769e-01 +1.6230e+00 -1.3415e-01
2 0 +1.578665304e+01 -1.321133470e+02 -1.321133470e+02 -1.3414e-01 +1.6792e+00 +8.6743e-01 -3.6947e-01 +6.4256e-01
3 0 +3.169276508e+00 -1.447307235e+02 -1.447307235e+02 -3.6342e-01 -3.6573e-01 +3.4196e-01 -1.8133e+00 -1.6249e+00
84 0 +2.070649083e+00 -1.458293509e+02 -1.458293509e+02 -7.8417e-01 -2.0991e-01 +4.9043e-01 -1.3831e+00 -2.6457e+00
267 0 +1.404324467e+00 -1.464956755e+02 -1.464956755e+02 -7.0352e-01 +2.0312e-02 +7.5796e-01 -1.4688e+00 -2.5242e+00
315 0 +1.153775554e+00 -1.467462244e+02 -1.467462244e+02 -9.1509e-01 -2.9111e-01 +9.8554e-01 -1.5082e+00 -2.6780e+00
381 0 +1.084422573e+00 -1.468155774e+02 -1.468155774e+02 -9.1310e-01 -2.8410e-01 +1.0061e+00 -1.5189e+00 -2.6178e+00
451 0 +1.078105090e+00 -1.468218949e+02 -1.468218949e+02 -9.5425e-01 -1.4335e-01 +8.2442e-01 -1.5446e+00 -2.7239e+00
460 0 +1.061697435e+00 -1.468383026e+02 -1.468383026e+02 -9.9153e-01 -1.5654e-01 +6.6649e-01 -1.6499e+00 -2.7051e+00
478 0 +9.933545516e-01 -1.469066454e+02 -1.469066454e+02 -9.4831e-01 -4.7401e-02 +7.2567e-01 -1.6627e+00 -2.7017e+00
501 0 +9.064358252e-01 -1.469935642e+02 -1.469935642e+02 -9.3117e-01 -1.4594e-01 +7.2414e-01 -1.6021e+00 -2.7700e+00
556 0 +8.957652676e-01 -1.470042347e+02 -1.470042347e+02 -8.8745e-01 -1.0840e-01 +8.0802e-01 -1.6511e+00 -2.6903e+00
576 0 +8.329854032e-01 -1.470670146e+02 -1.470670146e+02 -8.9464e-01 -1.1353e-01 +8.1335e-01 -1.6237e+00 -2.7247e+00
585 0 +8.298042587e-01 -1.470701957e+02 -1.470701957e+02 -9.4524e-01 -1.4627e-01 +7.4374e-01 -1.5944e+00 -2.7478e+00
603 0 +8.274743525e-01 -1.470725256e+02 -1.470725256e+02 -9.3320e-01 -1.1892e-01 +7.6965e-01 -1.6084e+00 -2.7369e+00
606 0 +8.207806205e-01 -1.470792194e+02 -1.470792194e+02 -9.2463e-01 -8.6415e-02 +7.8926e-01 -1.6170e+00 -2.7319e+00
609 0 +8.064136115e-01 -1.470935864e+02 -1.470935864e+02 -9.1800e-01 -7.2946e-02 +7.8997e-01 -1.6250e+00 -2.7265e+00
628 0 +8.007157846e-01 -1.470992842e+02 -1.470992842e+02 -9.2758e-01 -1.0644e-01 +7.2036e-01 -1.6439e+00 -2.7524e+00
667 0 +6.671029122e-01 -1.472328971e+02 -1.472328971e+02 -9.1543e-01 -6.4459e-02 +7.3914e-01 -1.6420e+00 -2.7629e+00
968 0 +6.562937937e-01 -1.472437062e+02 -1.472437062e+02 -9.3663e-01 -1.1921e-01 +7.2635e-01 -1.6107e+00 -2.8091e+00
1017 0 +6.364180507e-01 -1.472635819e+02 -1.472635819e+02 -9.2134e-01 -9.9262e-02 +7.2790e-01 -1.6200e+00 -2.7878e+00
1107 0 +6.359807775e-01 -1.472640192e+02 -1.472640192e+02 -9.2224e-01 -1.0523e-01 +7.2729e-01 -1.6172e+00 -2.7922e+00
1121 0 +6.314422416e-01 -1.472685578e+02 -1.472685578e+02 -9.2698e-01 -1.1584e-01 +7.2281e-01 -1.6104e+00 -2.8021e+00
1129 0 +6.294066971e-01 -1.472705933e+02 -1.472705933e+02 -9.2188e-01 -1.0442e-01 +7.2720e-01 -1.6173e+00 -2.7907e+00
1147 0 +6.284692041e-01 -1.472715308e+02 -1.472715308e+02 -9.2087e-01 -1.0156e-01 +7.2831e-01 -1.6191e+00 -2.7880e+00
1211 0 +6.267066589e-01 -1.472732933e+02 -1.472732933e+02 -9.2331e-01 -1.0979e-01 +7.2494e-01 -1.6139e+00 -2.7956e+00
1239 0 +6.241323425e-01 -1.472758677e+02 -1.472758677e+02 -9.1991e-01 -1.0061e-01 +7.2691e-01 -1.6193e+00 -2.7878e+00
1249 0 +6.202683722e-01 -1.472797316e+02 -1.472797316e+02 -9.2164e-01 -1.0385e-01 +7.2642e-01 -1.6178e+00 -2.7907e+00
% f evaluations | g evaluations | best noise-free fitness - Fopt (4.817100000000e+02) + sum g_i+ | measured fitness | best measured fitness or single-digit g-values | x1 | x2...
1 0 +2.127025908e+01 +5.029802591e+02 +5.029802591e+02 +5.9671e-01 -3.8264e-02 +7.4769e-01 +1.6230e+00 -1.3415e-01
5 0 +1.733229107e+01 +4.990422911e+02 +4.990422911e+02 +1.5656e+00 -1.2578e-01 +1.6753e-01 -1.3247e+00 -4.4438e-01
9 0 +1.728758112e+01 +4.989975811e+02 +4.989975811e+02 +8.3847e-01 +2.7137e-01 -1.5648e-02 -2.0110e-01 -1.3785e+00
12 0 +1.135828084e+01 +4.930682808e+02 +4.930682808e+02 +1.0313e+00 -7.3922e-01 -2.0921e-01 +4.3126e-01 +1.0755e+00
27 0 +1.124001480e+01 +4.929500148e+02 +4.929500148e+02 -3.2232e-01 -2.2703e+00 +8.0244e-01 +1.4680e-01 +1.0383e+00
34 0 +7.996911654e+00 +4.897069117e+02 +4.897069117e+02 +1.8606e+00 -1.5421e-01 -1.2715e+00 +4.7333e-01 +8.2998e-02
54 0 +5.860151387e+00 +4.875701514e+02 +4.875701514e+02 +1.7249e+00 -2.0179e+00 -2.6820e+00 +1.1462e+00 +8.5594e-01
78 0 +2.933620712e+00 +4.846436207e+02 +4.846436207e+02 +3.2956e+00 -3.4504e+00 -3.9375e+00 +4.1323e+00 +1.6404e-01
79 0 +2.788486603e+00 +4.844984866e+02 +4.844984866e+02 +6.2355e-01 -4.1159e+00 -3.4031e+00 +3.5237e+00 -9.9427e-01
175 0 +2.329587426e+00 +4.840395874e+02 +4.840395874e+02 +1.0469e+00 -3.9197e+00 -1.9935e+00 +3.3652e+00 +3.9516e-01
227 0 +1.911966988e+00 +4.836219670e+02 +4.836219670e+02 +9.0846e-01 -3.1927e+00 -3.0926e+00 +3.2908e+00 -1.5912e+00
233 0 +1.435851611e+00 +4.831458516e+02 +4.831458516e+02 +8.3408e-01 -2.5123e+00 -3.2155e+00 +2.8087e+00 +7.5358e-02
276 0 +1.135173233e+00 +4.828451732e+02 +4.828451732e+02 +1.3275e+00 -2.6771e+00 -2.8311e+00 +3.3231e+00 -2.5311e-01
279 0 +1.086672085e+00 +4.827966721e+02 +4.827966721e+02 +1.4299e+00 -2.6047e+00 -2.6651e+00 +2.9911e+00 -3.3337e-01
291 0 +6.326504766e-01 +4.823426505e+02 +4.823426505e+02 +1.7688e+00 -3.1382e+00 -2.8441e+00 +2.9972e+00 +4.2548e-01
304 0 +6.129540550e-01 +4.823229541e+02 +4.823229541e+02 +1.2675e+00 -2.6602e+00 -3.0430e+00 +3.2810e+00 +2.0867e-02
356 0 +2.556635230e-01 +4.819656635e+02 +4.819656635e+02 +9.9214e-01 -3.0638e+00 -3.0052e+00 +2.9790e+00 -4.3035e-01
426 0 +2.245881083e-01 +4.819345881e+02 +4.819345881e+02 +9.2563e-01 -3.0504e+00 -2.9945e+00 +2.9573e+00 -4.7447e-01
503 0 +2.172386104e-01 +4.819272386e+02 +4.819272386e+02 +1.0228e+00 -2.9185e+00 -2.9645e+00 +3.1159e+00 -4.5865e-01
506 0 +1.644255355e-01 +4.818744255e+02 +4.818744255e+02 +9.3567e-01 -2.9770e+00 -2.9140e+00 +3.0745e+00 -4.1268e-01
522 0 +1.583359581e-01 +4.818683360e+02 +4.818683360e+02 +1.0423e+00 -2.9572e+00 -2.9150e+00 +3.0557e+00 -3.3117e-01
529 0 +1.544140474e-01 +4.818644140e+02 +4.818644140e+02 +1.0658e+00 -2.9902e+00 -2.9389e+00 +3.1144e+00 -3.7889e-01
541 0 +1.509396512e-01 +4.818609397e+02 +4.818609397e+02 +1.0686e+00 -2.9786e+00 -2.8279e+00 +3.1100e+00 -3.2813e-01
552 0 +1.423295240e-01 +4.818523295e+02 +4.818523295e+02 +9.8865e-01 -2.9900e+00 -2.8782e+00 +3.0830e+00 -3.9235e-01
553 0 +7.031462262e-02 +4.817803146e+02 +4.817803146e+02 +9.8272e-01 -3.0017e+00 -2.9173e+00 +3.0751e+00 -4.2774e-01
565 0 +7.023274816e-02 +4.817802327e+02 +4.817802327e+02 +9.1616e-01 -2.9620e+00 -2.8804e+00 +3.0257e+00 -4.0429e-01
576 0 +6.023805409e-02 +4.817702381e+02 +4.817702381e+02 +9.8775e-01 -2.9889e+00 -2.9248e+00 +3.0271e+00 -4.2307e-01
629 0 +3.036417707e-02 +4.817403642e+02 +4.817403642e+02 +1.0169e+00 -2.9911e+00 -2.9007e+00 +3.0504e+00 -3.8533e-01
635 0 +2.874609076e-02 +4.817387461e+02 +4.817387461e+02 +1.0417e+00 -2.9979e+00 -2.9046e+00 +3.0342e+00 -3.6085e-01
691 0 +2.435911421e-02 +4.817343591e+02 +4.817343591e+02 +1.0210e+00 -2.9790e+00 -2.9132e+00 +3.0462e+00 -3.6942e-01
714 0 +2.273093996e-02 +4.817327309e+02 +4.817327309e+02 +1.0276e+00 -2.9937e+00 -2.8999e+00 +3.0560e+00 -3.9052e-01
730 0 +2.040306433e-02 +4.817304031e+02 +4.817304031e+02 +1.0075e+00 -2.9971e+00 -2.8964e+00 +3.0372e+00 -3.7753e-01
737 0 +1.173515900e-02 +4.817217352e+02 +4.817217352e+02 +1.0457e+00 -3.0067e+00 -2.8987e+00 +3.0489e+00 -3.6256e-01
760 0 +1.127314123e-02 +4.817212731e+02 +4.817212731e+02 +1.0315e+00 -2.9983e+00 -2.8996e+00 +3.0451e+00 -3.6965e-01
784 0 +9.202577973e-03 +4.817192026e+02 +4.817192026e+02 +1.0407e+00 -2.9984e+00 -2.8975e+00 +3.0462e+00 -3.6561e-01
829 0 +8.133630829e-03 +4.817181336e+02 +4.817181336e+02 +1.0423e+00 -3.0033e+00 -2.8984e+00 +3.0409e+00 -3.6590e-01
877 0 +6.312809265e-03 +4.817163128e+02 +4.817163128e+02 +1.0387e+00 -2.9994e+00 -2.8936e+00 +3.0417e+00 -3.6762e-01
905 0 +3.030791706e-03 +4.817130308e+02 +4.817130308e+02 +1.0419e+00 -3.0026e+00 -2.8952e+00 +3.0440e+00 -3.6700e-01
956 0 +2.134464048e-03 +4.817121345e+02 +4.817121345e+02 +1.0414e+00 -3.0005e+00 -2.8965e+00 +3.0442e+00 -3.6536e-01
978 0 +1.495951738e-03 +4.817114960e+02 +4.817114960e+02 +1.0386e+00 -3.0004e+00 -2.8959e+00 +3.0439e+00 -3.6775e-01
1064 0 +1.444133151e-03 +4.817114441e+02 +4.817114441e+02 +1.0403e+00 -3.0001e+00 -2.8965e+00 +3.0441e+00 -3.6691e-01
1084 0 +1.245390205e-03 +4.817112454e+02 +4.817112454e+02 +1.0406e+00 -3.0012e+00 -2.8954e+00 +3.0436e+00 -3.6653e-01
1102 0 +9.811238454e-04 +4.817109811e+02 +4.817109811e+02 +1.0410e+00 -3.0007e+00 -2.8962e+00 +3.0443e+00 -3.6669e-01
1107 0 +8.841051633e-04 +4.817108841e+02 +4.817108841e+02 +1.0415e+00 -3.0004e+00 -2.8959e+00 +3.0444e+00 -3.6587e-01
1132 0 +6.612362315e-04 +4.817106612e+02 +4.817106612e+02 +1.0411e+00 -3.0008e+00 -2.8960e+00 +3.0441e+00 -3.6608e-01
1152 0 +4.844813405e-04 +4.817104845e+02 +4.817104845e+02 +1.0397e+00 -3.0007e+00 -2.8959e+00 +3.0440e+00 -3.6688e-01
1201 0 +4.595438851e-04 +4.817104595e+02 +4.817104595e+02 +1.0415e+00 -3.0008e+00 -2.8959e+00 +3.0441e+00 -3.6608e-01
1207 0 +1.995510486e-04 +4.817101996e+02 +4.817101996e+02 +1.0406e+00 -3.0007e+00 -2.8961e+00 +3.0440e+00 -3.6650e-01
% f evaluations | g evaluations | best noise-free fitness - Fopt (-3.646000000000e+01) + sum g_i+ | measured fitness | best measured fitness or single-digit g-values | x1 | x2...
1 0 +1.110755678e+01 -2.535244322e+01 -2.535244322e+01 +5.9671e-01 -3.8264e-02 +7.4769e-01 +1.6230e+00 -1.3415e-01
4 0 +1.009126069e+01 -2.636873931e+01 -2.636873931e+01 -4.6229e-01 -9.1283e-01 +4.1425e-01 -8.0802e-01 -1.3123e+00
5 0 +9.853372637e+00 -2.660662736e+01 -2.660662736e+01 +1.5656e+00 -1.2578e-01 +1.6753e-01 -1.3247e+00 -4.4438e-01
6 0 +6.864923841e+00 -2.959507616e+01 -2.959507616e+01 +2.1092e-01 -1.0510e+00 +4.7570e-01 -5.0064e-01 -1.9169e-01
13 0 +5.849552748e+00 -3.061044725e+01 -3.061044725e+01 -3.7917e-01 -8.5659e-02 -1.0063e+00 -1.0962e+00 +9.1253e-01
30 0 +4.567488029e+00 -3.189251197e+01 -3.189251197e+01 +4.4478e-01 -7.1182e-01 +1.2209e+00 -1.3194e+00 +2.2259e-01
129 0 +3.508352757e+00 -3.295164724e+01 -3.295164724e+01 +1.4246e-01 -1.5616e+00 +1.3838e-01 +2.4391e-01 -8.5964e-02
226 0 +3.359031952e+00 -3.310096805e+01 -3.310096805e+01 +8.8989e-02 -1.4381e+00 -1.3595e-02 +6.6018e-01 -3.0590e-01
245 0 +2.769857987e+00 -3.369014201e+01 -3.369014201e+01 -1.5804e-02 -2.0298e+00 +1.4621e-01 +1.3035e-01 -3.6504e-02
276 0 +2.142782512e+00 -3.431721749e+01 -3.431721749e+01 +2.2919e-02 -1.9389e+00 +3.3248e-01 +1.8184e-01 +2.5391e-01
381 0 +1.971066686e+00 -3.448893331e+01 -3.448893331e+01 -2.6336e-01 -2.0212e+00 +3.7796e-01 +6.1109e-01 -1.7468e-01
383 0 +1.849589494e+00 -3.461041051e+01 -3.461041051e+01 -8.2919e-02 -1.9422e+00 +3.4069e-01 +3.2201e-01 +7.6639e-02
411 0 +1.849004418e+00 -3.461099558e+01 -3.461099558e+01 -1.2396e-01 -1.9617e+00 +4.0795e-01 +4.6505e-01 -2.2472e-02
430 0 +1.788926718e+00 -3.467107328e+01 -3.467107328e+01 -1.4123e-01 -1.9582e+00 +3.6412e-01 +4.7363e-01 -3.6519e-02
451 0 +1.785576659e+00 -3.467442334e+01 -3.467442334e+01 -1.5269e-01 -2.0001e+00 +3.6642e-01 +4.8933e-01 -5.3471e-02
477 0 +1.704865202e+00 -3.475513480e+01 -3.475513480e+01 -1.3783e-01 -1.9766e+00 +3.6025e-01 +4.5162e-01 -3.4261e-02
478 0 +1.648142639e+00 -3.481185736e+01 -3.481185736e+01 -9.3653e-02 -1.9432e+00 +3.8401e-01 +3.8421e-01 +7.3443e-03
523 0 +1.626065154e+00 -3.483393485e+01 -3.483393485e+01 -8.2909e-02 -1.9721e+00 +3.5657e-01 +3.8216e-01 +5.3938e-02
526 0 +1.534755859e+00 -3.492524414e+01 -3.492524414e+01 -8.3352e-02 -1.9614e+00 +3.5447e-01 +3.7692e-01 +5.0391e-02
582 0 +1.525736497e+00 -3.493426350e+01 -3.493426350e+01 -8.7260e-02 -1.9489e+00 +3.6206e-01 +3.6326e-01 +4.6638e-02
601 0 +1.475926880e+00 -3.498407312e+01 -3.498407312e+01 -1.0133e-01 -1.9625e+00 +3.6836e-01 +3.9491e-01 +2.1192e-02
772 0 +1.475666350e+00 -3.498433365e+01 -3.498433365e+01 -9.3762e-02 -1.9533e+00 +3.6856e-01 +3.7482e-01 +3.1761e-02
839 0 +1.464631628e+00 -3.499536837e+01 -3.499536837e+01 -9.0772e-02 -1.9532e+00 +3.6629e-01 +3.7044e-01 +3.8878e-02
884 0 +1.462196984e+00 -3.499780302e+01 -3.499780302e+01 -9.3273e-02 -1.9532e+00 +3.6875e-01 +3.7272e-01 +3.2773e-02
921 0 +1.461827312e+00 -3.499817269e+01 -3.499817269e+01 -9.1761e-02 -1.9543e+00 +3.6785e-01 +3.7359e-01 +3.4098e-02
935 0 +1.453397391e+00 -3.500660261e+01 -3.500660261e+01 -9.0386e-02 -1.9532e+00 +3.6698e-01 +3.7091e-01 +3.7372e-02
963 0 +1.451652444e+00 -3.500834756e+01 -3.500834756e+01 -9.0075e-02 -1.9529e+00 +3.6711e-01 +3.7000e-01 +3.7874e-02
985 0 +1.450089527e+00 -3.500991047e+01 -3.500991047e+01 -8.8558e-02 -1.9532e+00 +3.6611e-01 +3.6970e-01 +3.9975e-02
1004 0 +1.447792716e+00 -3.501220728e+01 -3.501220728e+01 -8.5188e-02 -1.9516e+00 +3.6551e-01 +3.6596e-01 +4.3084e-02
1008 0 +1.433755130e+00 -3.502624487e+01 -3.502624487e+01 -9.0030e-02 -1.9538e+00 +3.6663e-01 +3.7196e-01 +3.7457e-02
1050 0 +1.431919152e+00 -3.502808085e+01 -3.502808085e+01 -9.1419e-02 -1.9546e+00 +3.6694e-01 +3.7409e-01 +3.5606e-02
1169 0 +1.428280050e+00 -3.503171995e+01 -3.503171995e+01 -8.9121e-02 -1.9532e+00 +3.6645e-01 +3.7053e-01 +3.8626e-02
1230 0 +1.424485347e+00 -3.503551465e+01 -3.503551465e+01 -8.8992e-02 -1.9529e+00 +3.6655e-01 +3.6990e-01 +3.8885e-02
% f evaluations | g evaluations | best noise-free fitness - Fopt (3.920000000000e+01) + sum g_i+ | measured fitness | best measured fitness or single-digit g-values | x1 | x2...
1 0 +6.523640694e+00 +4.572364069e+01 +4.572364069e+01 +5.9671e-01 -3.8264e-02 +7.4769e-01 +1.6230e+00 -1.3415e-01
68 0 +3.914113682e+00 +4.311411368e+01 +4.311411368e+01 +2.5902e+00 +4.5485e-01 +2.6836e+00 +1.3320e+00 +9.5421e-01
79 0 +2.367762042e+00 +4.156776204e+01 +4.156776204e+01 +2.4122e+00 +2.5194e+00 +2.7193e+00 +2.0324e+00 +3.3769e+00
91 0 +1.224006188e+00 +4.042400619e+01 +4.042400619e+01 +3.6416e+00 +1.5924e+00 +1.9913e+00 +2.5943e+00 +1.2038e+00
252 0 +9.904141387e-01 +4.019041414e+01 +4.019041414e+01 +3.4180e+00 +1.7168e+00 +2.1546e+00 +3.2392e+00 +2.4157e+00
261 0 +7.585533367e-01 +3.995855334e+01 +3.995855334e+01 +2.8028e+00 +2.1958e+00 +2.3180e+00 +3.0884e+00 +2.4793e+00
310 0 +5.657399582e-01 +3.976573996e+01 +3.976573996e+01 +3.5697e+00 +1.7661e+00 +2.3776e+00 +3.3869e+00 +2.2307e+00
327 0 +5.120193179e-01 +3.971201932e+01 +3.971201932e+01 +3.7647e+00 +1.5418e+00 +2.2928e+00 +3.3541e+00 +2.3195e+00
341 0 +3.847788117e-01 +3.958477881e+01 +3.958477881e+01 +3.6359e+00 +1.6026e+00 +2.2714e+00 +3.2217e+00 +2.4684e+00
351 0 +3.086631173e-01 +3.950866312e+01 +3.950866312e+01 +3.8120e+00 +1.6545e+00 +2.4036e+00 +3.0187e+00 +2.3816e+00
354 0 +2.911243949e-01 +3.949112439e+01 +3.949112439e+01 +3.6457e+00 +1.6769e+00 +2.3508e+00 +3.0948e+00 +2.2450e+00
430 0 +2.427348412e-01 +3.944273484e+01 +3.944273484e+01 +3.6738e+00 +1.6208e+00 +2.3779e+00 +3.1789e+00 +2.2157e+00
431 0 +1.710754666e-01 +3.937107547e+01 +3.937107547e+01 +3.8092e+00 +1.5701e+00 +2.4363e+00 +3.2997e+00 +2.2164e+00
480 0 +1.382622736e-01 +3.933826227e+01 +3.933826227e+01 +3.7187e+00 +1.5838e+00 +2.4635e+00 +3.1743e+00 +2.2683e+00
500 0 +9.767755911e-02 +3.929767756e+01 +3.929767756e+01 +3.9447e+00 +1.5622e+00 +2.5256e+00 +3.2747e+00 +2.1695e+00
517 0 +9.466462988e-02 +3.929466463e+01 +3.929466463e+01 +3.6864e+00 +1.5800e+00 +2.5008e+00 +3.2175e+00 +2.1928e+00
539 0 +9.327266750e-02 +3.929327267e+01 +3.929327267e+01 +3.7134e+00 +1.6153e+00 +2.4874e+00 +3.2306e+00 +2.2178e+00
545 0 +8.134928546e-02 +3.928134929e+01 +3.928134929e+01 +3.7146e+00 +1.6098e+00 +2.4234e+00 +3.2900e+00 +2.2305e+00
576 0 +5.298735601e-02 +3.925298736e+01 +3.925298736e+01 +3.7236e+00 +1.6258e+00 +2.4386e+00 +3.2430e+00 +2.2448e+00
628 0 +3.907187339e-02 +3.923907187e+01 +3.923907187e+01 +3.7208e+00 +1.6287e+00 +2.4398e+00 +3.2352e+00 +2.2461e+00
651 0 +2.844718616e-02 +3.922844719e+01 +3.922844719e+01 +3.7032e+00 +1.6272e+00 +2.4605e+00 +3.2209e+00 +2.2525e+00
685 0 +1.393146708e-02 +3.921393147e+01 +3.921393147e+01 +3.7423e+00 +1.6242e+00 +2.4610e+00 +3.2245e+00 +2.2435e+00
746 0 +1.096990065e-02 +3.921096990e+01 +3.921096990e+01 +3.7096e+00 +1.6341e+00 +2.4525e+00 +3.2120e+00 +2.2587e+00
809 0 +1.033675432e-02 +3.921033675e+01 +3.921033675e+01 +3.7265e+00 +1.6277e+00 +2.4528e+00 +3.2185e+00 +2.2467e+00
828 0 +6.712318203e-03 +3.920671232e+01 +3.920671232e+01 +3.7251e+00 +1.6282e+00 +2.4546e+00 +3.2177e+00 +2.2477e+00
876 0 +4.914792941e-03 +3.920491479e+01 +3.920491479e+01 +3.7270e+00 +1.6312e+00 +2.4555e+00 +3.2216e+00 +2.2559e+00
883 0 +4.610731475e-03 +3.920461073e+01 +3.920461073e+01 +3.7209e+00 +1.6305e+00 +2.4518e+00 +3.2186e+00 +2.2541e+00
918 0 +4.390860949e-03 +3.920439086e+01 +3.920439086e+01 +3.7217e+00 +1.6326e+00 +2.4539e+00 +3.2172e+00 +2.2537e+00
936 0 +3.169382958e-03 +3.920316938e+01 +3.920316938e+01 +3.7256e+00 +1.6298e+00 +2.4552e+00 +3.2179e+00 +2.2525e+00
953 0 +2.647456471e-03 +3.920264746e+01 +3.920264746e+01 +3.7223e+00 +1.6304e+00 +2.4541e+00 +3.2194e+00 +2.2516e+00
982 0 +1.194874584e-03 +3.920119487e+01 +3.920119487e+01 +3.7226e+00 +1.6301e+00 +2.4541e+00 +3.2198e+00 +2.2530e+00
1051 0 +6.724729542e-04 +3.920067247e+01 +3.920067247e+01 +3.7227e+00 +1.6306e+00 +2.4542e+00 +3.2194e+00 +2.2533e+00
1077 0 +4.186861803e-04 +3.920041869e+01 +3.920041869e+01 +3.7230e+00 +1.6306e+00 +2.4543e+00 +3.2190e+00 +2.2529e+00
1104 0 +3.570267226e-04 +3.920035703e+01 +3.920035703e+01 +3.7231e+00 +1.6303e+00 +2.4544e+00 +3.2191e+00 +2.2525e+00
1156 0 +3.145708514e-04 +3.920031457e+01 +3.920031457e+01 +3.7230e+00 +1.6305e+00 +2.4543e+00 +3.2192e+00 +2.2530e+00
1166 0 +3.003325669e-04 +3.920030033e+01 +3.920030033e+01 +3.7233e+00 +1.6303e+00 +2.4545e+00 +3.2191e+00 +2.2527e+00
1179 0 +2.981816363e-04 +3.920029818e+01 +3.920029818e+01 +3.7232e+00 +1.6303e+00 +2.4543e+00 +3.2192e+00 +2.2528e+00
1182 0 +1.563846729e-04 +3.920015638e+01 +3.920015638e+01 +3.7233e+00 +1.6305e+00 +2.4544e+00 +3.2192e+00 +2.2528e+00
1229 0 +1.531286451e-04 +3.920015313e+01 +3.920015313e+01 +3.7232e+00 +1.6304e+00 +2.4544e+00 +3.2192e+00 +2.2527e+00
% f evaluations | g evaluations | best noise-free fitness - Fopt (-3.225000000000e+01) + sum g_i+ | measured fitness | best measured fitness or single-digit g-values | x1 | x2...
1 0 +1.406532040e+01 -1.818467960e+01 -1.818467960e+01 +5.9671e-01 -3.8264e-02 +7.4769e-01 +1.6230e+00 -1.3415e-01
7 0 +9.260279600e+00 -2.298972040e+01 -2.298972040e+01 -5.0171e-01 +1.9523e+00 +8.6503e-02 -9.5771e-01 +9.2254e-01
31 0 +9.089773122e+00 -2.316022688e+01 -2.316022688e+01 +9.5435e-01 -5.6629e-01 +4.7345e-01 -1.1506e+00 +1.0546e+00
37 0 +8.391941714e+00 -2.385805829e+01 -2.385805829e+01 +3.8464e-01 +7.5065e-01 +1.1576e+00 -9.5278e-01 -2.8898e-01
64 0 +7.684398979e+00 -2.456560102e+01 -2.456560102e+01 +1.6386e+00 -5.8766e-02 +2.1764e-01 -1.5256e+00 -1.9810e-01
109 0 +7.420214095e+00 -2.482978590e+01 -2.482978590e+01 +1.0407e+00 +7.0868e-01 -4.5440e-01 -1.1475e+00 +6.2127e-01
182 0 +7.096591056e+00 -2.515340894e+01 -2.515340894e+01 +1.6851e+00 -7.1326e-01 +4.0715e-01 -1.8040e+00 +5.3585e-01
187 0 +6.646497924e+00 -2.560350208e+01 -2.560350208e+01 +1.2720e+00 -3.8138e-01 -1.8176e-01 -1.6644e+00 +9.0816e-01
189 0 +6.598455539e+00 -2.565154446e+01 -2.565154446e+01 +1.5853e+00 -4.8055e-01 -2.1366e-01 -9.4439e-01 +9.4856e-01
198 0 +6.576321069e+00 -2.567367893e+01 -2.567367893e+01 +1.6163e+00 -3.0033e-01 -7.1266e-02 -1.6606e+00 +4.8271e-01
207 0 +6.432096458e+00 -2.581790354e+01 -2.581790354e+01 +1.6547e+00 +5.4577e-01 +3.6070e-01 -1.1964e+00 +4.1404e-01
276 0 +6.291861681e+00 -2.595813832e+01 -2.595813832e+01 +1.5499e+00 -3.6654e-01 -1.6090e-01 -1.5596e+00 +8.2408e-01
277 0 +5.120931178e+00 -2.712906882e+01 -2.712906882e+01 +1.5982e+00 -4.0185e-01 -1.7054e-01 -1.6971e+00 +5.2722e-01
427 0 +4.924143821e+00 -2.732585618e+01 -2.732585618e+01 +1.2658e+00 -3.2016e-01 +2.0891e-02 -1.5776e+00 +1.0455e+00
430 0 +4.754152697e+00 -2.749584730e+01 -2.749584730e+01 +1.3238e+00 -3.3612e-01 -6.3716e-02 -1.6511e+00 +9.0668e-01
476 0 +4.710531671e+00 -2.753946833e+01 -2.753946833e+01 +1.3518e+00 -3.4034e-01 -3.5817e-02 -1.6165e+00 +9.3383e-01
477 0 +4.682222128e+00 -2.756777787e+01 -2.756777787e+01 +1.3533e+00 -3.1669e-01 -4.4384e-02 -1.6241e+00 +9.2299e-01
501 0 +4.617745887e+00 -2.763225411e+01 -2.763225411e+01 +1.2604e+00 -2.8735e-01 +2.3080e-03 -1.6167e+00 +1.0731e+00
527 0 +4.616388397e+00 -2.763361160e+01 -2.763361160e+01 +1.2386e+00 -2.7704e-01 +1.8828e-02 -1.6099e+00 +1.1024e+00
726 0 +4.615254352e+00 -2.763474565e+01 -2.763474565e+01 +1.2957e+00 -3.1886e-01 -2.5319e-02 -1.6302e+00 +1.0036e+00
801 0 +4.615107261e+00 -2.763489274e+01 -2.763489274e+01 +1.2885e+00 -3.1419e-01 -2.0283e-02 -1.6275e+00 +1.0164e+00
826 0 +4.615028996e+00 -2.763497100e+01 -2.763497100e+01 +1.2979e+00 -3.2207e-01 -2.9963e-02 -1.6311e+00 +9.9907e-01
926 0 +4.614996692e+00 -2.763500331e+01 -2.763500331e+01 +1.2947e+00 -3.2030e-01 -2.7097e-02 -1.6301e+00 +1.0042e+00
1126 0 +4.614989891e+00 -2.763501011e+01 -2.763501011e+01 +1.2951e+00 -3.2032e-01 -2.7313e-02 -1.6300e+00 +1.0039e+00
% f evaluations | g evaluations | best noise-free fitness - Fopt (3.681200000000e+02) + sum g_i+ | measured fitness | best measured fitness or single-digit g-values | x1 | x2...
1 0 +1.307985437e+01 +3.811998544e+02 +3.811998544e+02 +5.9671e-01 -3.8264e-02 +7.4769e-01 +1.6230e+00 -1.3415e-01
2 0 +9.546472752e+00 +3.776664728e+02 +3.776664728e+02 -1.3414e-01 +1.6792e+00 +8.6743e-01 -3.6947e-01 +6.4256e-01
3 0 +5.743645547e+00 +3.738636455e+02 +3.738636455e+02 -3.6342e-01 -3.6573e-01 +3.4196e-01 -1.8133e+00 -1.6249e+00
26 0 +5.674786281e+00 +3.737947863e+02 +3.737947863e+02 -2.9235e+00 -2.4674e+00 +2.3750e+00 -1.4633e+00 +7.7849e-01
28 0 +4.658093172e+00 +3.727780932e+02 +3.727780932e+02 -2.5044e+00 -1.7898e+00 +1.8432e+00 -2.2378e+00 -1.8825e+00
31 0 +3.485992707e+00 +3.716059927e+02 +3.716059927e+02 -1.6240e+00 -1.6184e-01 +2.7216e+00 -3.3813e+00 -1.0667e-01
148 0 +3.477296454e+00 +3.715972965e+02 +3.715972965e+02 -2.0135e+00 -1.4823e+00 -6.3152e-01 -2.0974e+00 -1.8633e+00
176 0 +3.205453205e+00 +3.713254532e+02 +3.713254532e+02 -2.9202e+00 +2.6682e-01 +2.1550e+00 -1.3568e+00 -9.3016e-01
177 0 +2.558701512e+00 +3.706787015e+02 +3.706787015e+02 -1.5839e+00 -2.7023e+00 +1.8099e+00 -1.2563e+00 -1.8334e-01
213 0 +2.240295709e+00 +3.703602957e+02 +3.703602957e+02 -2.0453e+00 -2.0596e+00 +7.2963e-01 -2.7076e+00 -2.0089e+00
228 0 +1.752002457e+00 +3.698720025e+02 +3.698720025e+02 -2.2138e+00 -1.4237e+00 +1.3072e+00 -1.7110e+00 -3.7174e-02
243 0 +1.747202959e+00 +3.698672030e+02 +3.698672030e+02 -2.7374e+00 -7.8518e-01 -3.6040e-01 -1.9673e+00 -2.0089e-01
257 0 +1.310883542e+00 +3.694308835e+02 +3.694308835e+02 -2.5091e+00 +8.7927e-02 +1.1785e+00 -2.2338e+00 +2.0331e-01
280 0 +1.146986307e+00 +3.692669863e+02 +3.692669863e+02 -2.5499e+00 -8.1130e-01 +1.1513e+00 -2.1276e+00 -7.6915e-01
305 0 +7.884893018e-01 +3.689084893e+02 +3.689084893e+02 -2.2239e+00 -1.7410e+00 +6.7359e-01 -2.2007e+00 -1.0730e+00
337 0 +6.257949873e-01 +3.687457950e+02 +3.687457950e+02 -2.3213e+00 -1.0991e+00 +8.8217e-01 -2.2917e+00 -4.6838e-01
377 0 +5.646832230e-01 +3.686846832e+02 +3.686846832e+02 -2.4836e+00 -9.8308e-01 +9.4234e-01 -2.3239e+00 -5.0314e-01
392 0 +3.764643475e-01 +3.684964643e+02 +3.684964643e+02 -2.7984e+00 -1.0410e+00 +6.0213e-01 -2.1172e+00 -6.4785e-01
411 0 +2.482727212e-01 +3.683682727e+02 +3.683682727e+02 -2.5689e+00 -9.7622e-01 +6.9068e-01 -2.1960e+00 -6.0202e-01
433 0 +2.191220556e-01 +3.683391221e+02 +3.683391221e+02 -2.2857e+00 -1.0474e+00 +7.8884e-01 -2.4530e+00 -6.8972e-01
456 0 +1.272791048e-01 +3.682472791e+02 +3.682472791e+02 -2.5014e+00 -1.1419e+00 +7.2204e-01 -2.3299e+00 -6.4965e-01
479 0 +8.757527496e-02 +3.682075753e+02 +3.682075753e+02 -2.4595e+00 -1.0498e+00 +7.2246e-01 -2.3203e+00 -6.0822e-01
527 0 +7.455522588e-02 +3.681945552e+02 +3.681945552e+02 -2.5137e+00 -1.0911e+00 +7.4405e-01 -2.3066e+00 -6.3413e-01
601 0 +6.225917529e-02 +3.681822592e+02 +3.681822592e+02 -2.4696e+00 -1.1346e+00 +7.0198e-01 -2.3283e+00 -6.6901e-01
653 0 +5.272512989e-02 +3.681727251e+02 +3.681727251e+02 -2.5035e+00 -1.0591e+00 +7.1031e-01 -2.3053e+00 -6.4954e-01
680 0 +5.229985014e-02 +3.681722999e+02 +3.681722999e+02 -2.4623e+00 -1.0754e+00 +7.0309e-01 -2.3229e+00 -6.5739e-01
692 0 +3.302691555e-02 +3.681530269e+02 +3.681530269e+02 -2.4817e+00 -1.0962e+00 +7.1314e-01 -2.3229e+00 -6.3701e-01
707 0 +2.401081407e-02 +3.681440108e+02 +3.681440108e+02 -2.4816e+00 -1.1016e+00 +7.1699e-01 -2.3206e+00 -6.5649e-01
727 0 +2.396115647e-02 +3.681439612e+02 +3.681439612e+02 -2.4757e+00 -1.0854e+00 +7.2179e-01 -2.3367e+00 -6.6112e-01
763 0 +2.380826191e-02 +3.681438083e+02 +3.681438083e+02 -2.4533e+00 -1.0783e+00 +7.2718e-01 -2.3205e+00 -6.5211e-01
778 0 +1.364571544e-02 +3.681336457e+02 +3.681336457e+02 -2.4595e+00 -1.0840e+00 +7.1691e-01 -2.3229e+00 -6.5628e-01
803 0 +1.304798318e-02 +3.681330480e+02 +3.681330480e+02 -2.4713e+00 -1.0843e+00 +7.1931e-01 -2.3233e+00 -6.5534e-01
829 0 +8.304014934e-03 +3.681283040e+02 +3.681283040e+02 -2.4602e+00 -1.0812e+00 +7.1820e-01 -2.3233e+00 -6.5463e-01
881 0 +7.789960394e-03 +3.681277900e+02 +3.681277900e+02 -2.4635e+00 -1.0815e+00 +7.1874e-01 -2.3221e+00 -6.5605e-01
902 0 +6.170276514e-03 +3.681261703e+02 +3.681261703e+02 -2.4634e+00 -1.0865e+00 +7.1840e-01 -2.3242e+00 -6.5368e-01
909 0 +5.893540756e-03 +3.681258935e+02 +3.681258935e+02 -2.4651e+00 -1.0894e+00 +7.1587e-01 -2.3237e+00 -6.5671e-01
939 0 +4.794260951e-03 +3.681247943e+02 +3.681247943e+02 -2.4644e+00 -1.0912e+00 +7.1940e-01 -2.3259e+00 -6.5722e-01
1011 0 +4.543679207e-03 +3.681245437e+02 +3.681245437e+02 -2.4642e+00 -1.0930e+00 +7.1534e-01 -2.3254e+00 -6.5731e-01
1015 0 +4.345740402e-03 +3.681243457e+02 +3.681243457e+02 -2.4646e+00 -1.0891e+00 +7.1572e-01 -2.3248e+00 -6.5627e-01
1025 0 +2.240469869e-03 +3.681222405e+02 +3.681222405e+02 -2.4638e+00 -1.0890e+00 +7.1696e-01 -2.3243e+00 -6.5501e-01
1076 0 +1.576833641e-03 +3.681215768e+02 +3.681215768e+02 -2.4629e+00 -1.0901e+00 +7.1692e-01 -2.3244e+00 -6.5637e-01
1101 0 +1.361597976e-03 +3.681213616e+02 +3.681213616e+02 -2.4628e+00 -1.0907e+00 +7.1609e-01 -2.3254e+00 -6.5595e-01
1105 0 +7.678954930e-04 +3.681207679e+02 +3.681207679e+02 -2.4631e+00 -1.0896e+00 +7.1721e-01 -2.3251e+00 -6.5597e-01
1176 0 +5.036079012e-04 +3.681205036e+02 +3.681205036e+02 -2.4634e+00 -1.0900e+00 +7.1669e-01 -2.3248e+00 -6.5603e-01
1209 0 +3.695576975e-04 +3.681203696e+02 +3.681203696e+02 -2.4635e+00 -1.0897e+00 +7.1676e-01 -2.3248e+00 -6.5586e-01
1213 0 +3.104125962e-04 +3.681203104e+02 +3.681203104e+02 -2.4632e+00 -1.0894e+00 +7.1672e-01 -2.3247e+00 -6.5587e-01
1229 0 +2.485569615e-04 +3.681202486e+02 +3.681202486e+02 -2.4631e+00 -1.0897e+00 +7.1671e-01 -2.3248e+00 -6.5603e-01
