% f evaluations | g evaluations | best noise-free fitness - Fopt (3.590000000000e+01) + sum g_i+ | measured fitness | best measured fitness or single-digit g-values | x1 | x2...
1 0 +3.391355936e+04 +3.394945936e+04 +3.394945936e+04 +5.9671e-01 -3.8264e-02 +7.4769e-01 +1.6230e+00 -1.3415e-01
10 0 +1.809916825e+04 +1.813506825e+04 +1.813506825e+04 -6.1984e-01 -3.6064e-01 +1.1571e+00 +4.4362e-01 -1.6630e+00
15 0 +3.090526178e+03 +3.126426178e+03 +3.126426178e+03 +4.6140e-01 +1.6380e+00 +6.4174e-02 +1.6646e+00 -2.5197e+00
33 0 +2.311655741e+01 +5.901655741e+01 +5.901655741e+01 +7.0923e-01 -3.8226e-01 +2.1795e+00 +2.2357e+00 -2.6585e+00
53 0 +2.151717649e+01 +5.741717649e+01 +5.741717649e+01 +6.6357e-01 +1.2677e+00 +2.7246e+00 +2.0320e+00 -3.4144e+00
91 0 +1.272578651e+01 +4.862578651e+01 +4.862578651e+01 +1.2146e+00 -2.8270e-01 +3.1494e+00 +1.9979e+00 -3.1667e+00
407 0 +1.239618177e+01 +4.829618177e+01 +4.829618177e+01 +1.8772e+00 +2.2969e+00 +2.3416e+00 +4.4547e+00 -2.7418e+00
598 0 +1.225313481e+01 +4.815313481e+01 +4.815313481e+01 +2.0932e+00 +1.5093e+00 +2.0262e+00 +3.7679e+00 -3.0943e+00
736 0 +1.186483942e+01 +4.776483942e+01 +4.776483942e+01 +1.3826e+00 +4.8450e-01 +3.1120e+00 +3.0198e+00 -2.8904e+00
766 0 +7.056169582e+00 +4.295616958e+01 +4.295616958e+01 +1.8019e+00 +1.8433e+00 +2.8838e+00 +3.5454e+00 -2.5595e+00
768 0 +6.108722615e+00 +4.200872261e+01 +4.200872261e+01 +2.6192e+00 +8.8507e-01 +3.0233e+00 +3.4537e+00 -2.9566e+00
869 0 +5.864631060e+00 +4.176463106e+01 +4.176463106e+01 +2.3279e+00 +1.4074e+00 +2.3221e+00 +4.1842e+00 -2.2703e+00
872 0 +4.371230097e+00 +4.027123010e+01 +4.027123010e+01 +2.0342e+00 +1.5874e+00 +2.6997e+00 +3.6030e+00 -2.2562e+00
874 0 +4.259455610e+00 +4.015945561e+01 +4.015945561e+01 +2.5071e+00 +1.5493e+00 +2.6272e+00 +3.9531e+00 -2.5036e+00
886 0 +2.533683155e+00 +3.843368315e+01 +3.843368315e+01 +2.3387e+00 +1.2711e+00 +2.9713e+00 +3.7969e+00 -1.6091e+00
1036 0 +2.360048091e+00 +3.826004809e+01 +3.826004809e+01 +2.0821e+00 +1.4766e+00 +2.3841e+00 +3.2571e+00 -1.7028e+00
1201 0 +2.268928711e+00 +3.816892871e+01 +3.816892871e+01 +2.2380e+00 +1.3143e+00 +2.7520e+00 +3.0727e+00 -2.0130e+00
1233 0 +6.530428707e-01 +3.655304287e+01 +3.655304287e+01 +2.6145e+00 +1.2459e+00 +2.6331e+00 +3.5983e+00 -1.7364e+00
% f evaluations | g evaluations | best noise-free fitness - Fopt (3.137000000000e+01) + sum g_i+ | measured fitness | best measured fitness or single-digit g-values | x1 | x2...
1 0 +1.557884825e+05 +1.558198525e+05 +1.558198525e+05 +5.9671e-01 -3.8264e-02 +7.4769e-01 +1.6230e+00 -1.3415e-01
2 0 +1.169218783e+05 +1.169532483e+05 +1.169532483e+05 -1.3414e-01 +1.6792e+00 +8.6743e-01 -3.6947e-01 +6.4256e-01
3 0 +4.598210887e+04 +4.601347887e+04 +4.601347887e+04 -3.6342e-01 -3.6573e-01 +3.4196e-01 -1.8133e+00 -1.6249e+00
4 0 +3.322559953e+04 +3.325696953e+04 +3.325696953e+04 -4.6229e-01 -9.1283e-01 +4.1425e-01 -8.0802e-01 -1.3123e+00
8 0 +7.655362115e+01 +1.079236212e+02 +1.079236212e+02 -1.1208e+00 +3.0886e-01 -1.8597e+00 -1.2282e+00 +2.9686e-01
47 0 +7.327342743e+01 +1.046434274e+02 +1.046434274e+02 -1.1205e+00 -1.1561e+00 -3.0182e+00 -4.7142e-01 -1.2226e-01
59 0 +4.542318275e+01 +7.679318275e+01 +7.679318275e+01 -7.1161e-01 +5.0872e-01 -2.8770e+00 -2.5337e-01 -7.3324e-01
264 0 +3.655589897e+01 +6.792589897e+01 +6.792589897e+01 -1.7797e+00 -6.3928e-01 -1.4668e+00 +8.0331e-01 -2.4156e+00
280 0 +2.338037476e+01 +5.475037476e+01 +5.475037476e+01 -5.0260e-01 -9.9274e-01 -4.5835e+00 +2.6143e+00 -3.1862e+00
328 0 +1.717981459e+01 +4.854981459e+01 +4.854981459e+01 -8.3809e-01 +4.6537e-01 -3.6611e+00 +1.6709e+00 -1.9856e+00
466 0 +1.189081506e+01 +4.326081506e+01 +4.326081506e+01 -4.2770e-01 +2.8826e-01 -2.9559e+00 +2.2670e+00 -2.0744e+00
547 0 +9.599498299e+00 +4.096949830e+01 +4.096949830e+01 -4.6201e-01 +7.0704e-01 -3.4475e+00 +2.2687e+00 -1.7212e+00
743 0 +7.760857088e+00 +3.913085709e+01 +3.913085709e+01 +3.4075e-01 +1.2111e+00 -3.8704e+00 +2.1225e+00 -1.8597e+00
944 0 +7.079561756e+00 +3.844956176e+01 +3.844956176e+01 -3.2313e-01 +1.0393e+00 -3.3098e+00 +2.3037e+00 -1.8144e+00
1030 0 +3.135983495e+00 +3.450598349e+01 +3.450598349e+01 -1.5207e-01 +1.5187e+00 -3.8434e+00 +2.7577e+00 -1.7782e+00
1038 0 +2.212327641e+00 +3.358232764e+01 +3.358232764e+01 -2.6161e-01 +1.2001e+00 -3.8700e+00 +3.1519e+00 -2.0655e+00
% f evaluations | g evaluations | best noise-free fitness - Fopt (-1.000000000000e+03) + sum g_i+ | measured fitness | best measured fitness or single-digit g-values | x1 | x2...
1 0 +1.093075137e+05 +1.083075137e+05 +1.083075137e+05 +5.9671e-01 -3.8264e-02 +7.4769e-01 +1.6230e+00 -1.3415e-01
23 0 +6.720816848e+04 +6.620816848e+04 +6.620816848e+04 -1.8188e+00 +7.3486e-02 +1.6023e-01 +2.5632e+00 -9.2361e-02
29 0 +6.302612716e+04 +6.202612716e+04 +6.202612716e+04 +6.3925e-01 +4.1524e-02 +1.8441e+00 +2.0724e+00 -9.0623e-02
46 0 +2.495486522e+04 +2.395486522e+04 +2.395486522e+04 -2.7422e+00 +1.2485e-02 +1.4695e+00 +2.6685e+00 -3.1493e-01
51 0 +1.495364469e+04 +1.395364469e+04 +1.395364469e+04 -2.3976e+00 -9.5308e-01 +2.2773e+00 +3.7525e+00 +2.0329e-01
53 0 +6.870422567e+03 +5.870422567e+03 +5.870422567e+03 -1.4591e+00 -4.7003e-01 +3.7053e+00 +2.9070e+00 +1.5158e+00
71 0 +4.005292129e+03 +3.005292129e+03 +3.005292129e+03 -2.6926e+00 -1.4829e+00 +2.0390e+00 +2.8581e+00 -7.7207e-01
86 0 +4.994112797e+01 -9.500588720e+02 -9.500588720e+02 -1.4536e+00 -8.5949e-01 +4.0140e+00 +1.2082e+00 +1.5451e+00
105 0 +3.510237232e+01 -9.648976277e+02 -9.648976277e+02 -1.7714e+00 -1.1004e+00 +4.9381e+00 +4.2918e+00 +1.1243e-01
109 0 +1.850641808e+01 -9.814935819e+02 -9.814935819e+02 -9.5496e-01 -1.5705e+00 +4.7018e+00 +4.9882e+00 -1.0097e+00
143 0 +1.253613239e+01 -9.874638676e+02 -9.874638676e+02 -2.5436e+00 -2.7071e+00 +4.5120e+00 +3.5172e+00 -1.1237e+00
295 0 +1.015150812e+01 -9.898484919e+02 -9.898484919e+02 -1.6811e+00 -1.9531e+00 +3.3973e+00 +4.2489e+00 -1.3740e+00
302 0 +6.940445391e+00 -9.930595546e+02 -9.930595546e+02 -1.7448e+00 -3.1060e+00 +3.9341e+00 +2.7469e+00 -3.6282e-01
345 0 +5.793311026e+00 -9.942066890e+02 -9.942066890e+02 -1.9824e+00 -3.3154e+00 +3.5297e+00 +2.5753e+00 -7.8128e-01
374 0 +3.520192381e+00 -9.964798076e+02 -9.964798076e+02 -1.4401e+00 -2.8757e+00 +3.3397e+00 +3.4694e+00 -1.2959e+00
845 0 +3.298058740e+00 -9.967019413e+02 -9.967019413e+02 -1.0890e+00 -2.5135e+00 +3.3249e+00 +3.7298e+00 -1.2570e+00
909 0 +2.596824658e+00 -9.974031753e+02 -9.974031753e+02 -1.1113e+00 -3.3280e+00 +3.4559e+00 +3.8051e+00 -9.8728e-01
967 0 +2.061376552e+00 -9.979386234e+02 -9.979386234e+02 -9.9170e-01 -3.0832e+00 +3.3388e+00 +3.6075e+00 -8.6698e-01
1039 0 +1.988303557e+00 -9.980116964e+02 -9.980116964e+02 -1.0204e+00 -3.2111e+00 +3.4258e+00 +3.1980e+00 -7.4387e-01
1041 0 +1.231992368e+00 -9.987680076e+02 -9.987680076e+02 -6.9674e-01 -3.3044e+00 +3.2539e+00 +3.2971e+00 -6.4352e-01
1110 0 +9.807860918e-01 -9.990192139e+02 -9.990192139e+02 -4.3105e-01 -3.3381e+00 +3.1762e+00 +3.7197e+00 -6.2827e-01
1156 0 +7.241452909e-01 -9.992758547e+02 -9.992758547e+02 -6.9143e-01 -3.1829e+00 +3.0435e+00 +3.5714e+00 -9.5274e-01
% f evaluations | g evaluations | best noise-free fitness - Fopt (1.319200000000e+02) + sum g_i+ | measured fitness | best measured fitness or single-digit g-values | x1 | x2...
1 0 +8.225699383e+05 +8.227018583e+05 +8.227018583e+05 +5.9671e-01 -3.8264e-02 +7.4769e-01 +1.6230e+00 -1.3415e-01
2 0 +5.854479426e+05 +5.855798626e+05 +5.855798626e+05 -1.3414e-01 +1.6792e+00 +8.6743e-01 -3.6947e-01 +6.4256e-01
7 0 +4.952059590e+05 +4.953378790e+05 +4.953378790e+05 -5.0171e-01 +1.9523e+00 +8.6503e-02 -9.5771e-01 +9.2254e-01
8 0 +2.466117653e+05 +2.467436853e+05 +2.467436853e+05 -1.1208e+00 +3.0886e-01 -1.8597e+00 -1.2282e+00 +2.9686e-01
32 0 +1.633778556e+05 +1.635097756e+05 +1.635097756e+05 -2.3441e+00 +4.3019e-01 -2.3273e+00 +1.1999e+00 +4.1732e-01
33 0 +1.194773258e+05 +1.196092458e+05 +1.196092458e+05 -3.0550e+00 +5.5526e-01 -1.4496e+00 +2.8274e-01 +9.7158e-01
36 0 +3.460330489e+04 +3.473522489e+04 +3.473522489e+04 -4.4205e+00 +1.4480e+00 -2.1241e+00 -2.3807e+00 -2.5810e-01
73 0 +3.315400794e+04 +3.328592794e+04 +3.328592794e+04 -4.1137e+00 +2.7002e+00 -4.3324e+00 -5.7492e-01 +9.3219e-01
107 0 +2.361552648e+04 +2.374744648e+04 +2.374744648e+04 -4.9368e+00 +1.6823e+00 -2.2800e+00 -2.0853e+00 +6.1046e-01
111 0 +2.123180434e+04 +2.136372434e+04 +2.136372434e+04 -4.4846e+00 +7.1408e-01 -2.6982e+00 -1.0037e+00 +1.2568e+00
112 0 +1.995755610e+04 +2.008947610e+04 +2.008947610e+04 -3.5596e+00 +1.8285e+00 -4.2875e+00 -1.4769e+00 -2.7265e-01
127 0 +1.756438042e+04 +1.769630042e+04 +1.769630042e+04 -4.8441e+00 +2.8765e+00 -3.7464e+00 -2.5508e+00 -1.8369e+00
145 0 +2.178349505e+02 +3.497549505e+02 +3.497549505e+02 -4.9623e+00 +2.8786e+00 -2.8755e+00 -9.3797e-01 -1.3912e+00
293 0 +2.029023202e+02 +3.348223202e+02 +3.348223202e+02 -4.9167e+00 +2.9349e+00 -3.9147e+00 -8.7912e-01 -1.5238e+00
296 0 +2.522573652e+00 +1.344425737e+02 +1.344425737e+02 -4.8381e+00 +2.0712e+00 -3.3480e+00 -6.2078e-01 -1.5488e+00
319 0 +2.443630333e+00 +1.343636303e+02 +1.343636303e+02 -4.7982e+00 +2.1563e+00 -3.3794e+00 -1.2995e-01 -1.1349e+00
390 0 +2.185174634e+00 +1.341051746e+02 +1.341051746e+02 -4.7586e+00 +2.1259e+00 -3.0070e+00 -4.4592e-01 -1.2945e+00
394 0 +1.839725154e+00 +1.337597252e+02 +1.337597252e+02 -4.6421e+00 +2.4305e+00 -3.2973e+00 -1.6500e-01 -1.3807e+00
396 0 +1.372625481e+00 +1.332926255e+02 +1.332926255e+02 -4.5915e+00 +2.0973e+00 -3.2187e+00 -5.0753e-01 -1.4101e+00
467 0 +7.344237979e-01 +1.326544238e+02 +1.326544238e+02 -4.4032e+00 +2.0501e+00 -3.4875e+00 -6.0714e-01 -1.3668e+00
536 0 +7.223568738e-01 +1.326423569e+02 +1.326423569e+02 -4.3313e+00 +1.9358e+00 -3.6897e+00 -4.9504e-01 -1.2864e+00
587 0 +6.989304706e-01 +1.326189305e+02 +1.326189305e+02 -4.3021e+00 +2.1942e+00 -3.4320e+00 -4.3762e-01 -1.1567e+00
688 0 +6.878486330e-01 +1.326078486e+02 +1.326078486e+02 -4.2935e+00 +1.9973e+00 -3.6558e+00 -6.4035e-01 -1.4977e+00
749 0 +5.526893535e-01 +1.324726894e+02 +1.324726894e+02 -4.2472e+00 +2.1040e+00 -3.6932e+00 -4.8325e-01 -1.3948e+00
912 0 +5.228422820e-01 +1.324428423e+02 +1.324428423e+02 -4.2916e+00 +1.9524e+00 -3.5642e+00 -6.3941e-01 -1.4945e+00
1106 0 +4.252359792e-01 +1.323452360e+02 +1.323452360e+02 -4.2346e+00 +2.1445e+00 -3.4826e+00 -4.9997e-01 -1.3128e+00
1123 0 +4.035980445e-01 +1.323235980e+02 +1.323235980e+02 -4.2934e+00 +2.0994e+00 -3.5162e+00 -3.7012e-01 -1.4545e+00
1131 0 +3.597410994e-01 +1.322797411e+02 +1.322797411e+02 -4.3256e+00 +1.8993e+00 -3.5114e+00 -4.7734e-01 -1.2951e+00
1147 0 +3.395992846e-01 +1.322595993e+02 +1.322595993e+02 -4.2269e+00 +2.0387e+00 -3.6327e+00 -3.9371e-01 -1.3643e+00
1148 0 +1.347439701e-01 +1.320547440e+02 +1.320547440e+02 -4.1290e+00 +1.9970e+00 -3.5590e+00 -4.6085e-01 -1.3600e+00
% f evaluations | g evaluations | best noise-free fitness - Fopt (5.908400000000e+02) + sum g_i+ | measured fitness | best measured fitness or single-digit g-values | x1 | x2...
1 0 +5.810606306e+05 +5.816514706e+05 +5.816514706e+05 +5.9671e-01 -3.8264e-02 +7.4769e-01 +1.6230e+00 -1.3415e-01
3 0 +2.826446321e+05 +2.832354721e+05 +2.832354721e+05 -3.6342e-01 -3.6573e-01 +3.4196e-01 -1.8133e+00 -1.6249e+00
4 0 +2.808317135e+05 +2.814225535e+05 +2.814225535e+05 -4.6229e-01 -9.1283e-01 +4.1425e-01 -8.0802e-01 -1.3123e+00
26 0 +2.474095628e+05 +2.480004028e+05 +2.480004028e+05 -3.4225e-01 -1.6082e+00 -6.2175e-01 +1.3215e+00 -1.1197e+00
32 0 +1.989080795e+05 +1.994989195e+05 +1.994989195e+05 -6.0701e-01 -7.2459e-01 -8.9112e-01 -3.3496e+00 +6.5322e-01
36 0 +1.666173178e+04 +1.725257178e+04 +1.725257178e+04 -7.0669e-02 -2.0144e+00 -1.7158e+00 -4.1378e+00 -3.5338e+00
51 0 +1.574491164e+04 +1.633575164e+04 +1.633575164e+04 +1.6398e+00 -2.2345e+00 -1.2344e+00 -4.0081e+00 -3.7150e+00
57 0 +1.538570794e+04 +1.597654794e+04 +1.597654794e+04 +5.7297e-01 -2.7303e+00 -7.8905e-01 -4.5677e+00 -1.9792e+00
62 0 +1.377752522e+02 +7.286152522e+02 +7.286152522e+02 +8.0479e-01 -3.3229e+00 -1.5327e+00 -4.8777e+00 -1.1043e+00
92 0 +2.407701562e+01 +6.149170156e+02 +6.149170156e+02 +2.8038e+00 -2.7730e+00 -3.1287e+00 -4.6059e+00 -3.1681e+00
96 0 +2.330381770e+01 +6.141438177e+02 +6.141438177e+02 +1.5031e+00 -2.7107e+00 -3.5015e+00 -4.1190e+00 -2.8423e+00
204 0 +1.237295187e+01 +6.032129519e+02 +6.032129519e+02 +8.7832e-01 -3.3076e+00 -4.0576e+00 -2.2270e+00 -1.6580e+00
221 0 +7.165304249e+00 +5.980053042e+02 +5.980053042e+02 +1.4721e+00 -3.4687e+00 -4.1943e+00 -1.9709e+00 -1.0681e+00
397 0 +5.421884770e+00 +5.962618848e+02 +5.962618848e+02 +1.7728e+00 -3.7711e+00 -3.2191e+00 -2.6078e+00 -2.8277e-01
574 0 +4.803540434e+00 +5.956435404e+02 +5.956435404e+02 +1.1608e+00 -3.6178e+00 -3.7079e+00 -1.8919e+00 -7.6341e-01
1129 0 +4.668549773e+00 +5.955085498e+02 +5.955085498e+02 +2.0312e+00 -3.1937e+00 -3.1972e+00 -2.6313e+00 -1.3527e+00
1132 0 +4.571375873e+00 +5.954113759e+02 +5.954113759e+02 +1.4032e+00 -3.1718e+00 -3.4241e+00 -2.2032e+00 -1.4982e+00
1135 0 +4.054098941e+00 +5.948940989e+02 +5.948940989e+02 +1.1858e+00 -3.2629e+00 -2.8821e+00 -2.5655e+00 -9.5027e-01
1143 0 +2.448418610e+00 +5.932884186e+02 +5.932884186e+02 +1.2816e+00 -3.2209e+00 -3.2625e+00 -2.1708e+00 -4.7534e-01
1210 0 +1.717017666e+00 +5.925570177e+02 +5.925570177e+02 +1.6563e+00 -3.4106e+00 -3.3001e+00 -1.8412e+00 -8.9871e-01
% f evaluations | g evaluations | best noise-free fitness - Fopt (6.749000000000e+01) + sum g_i+ | measured fitness | best measured fitness or single-digit g-values | x1 | x2...
1 0 +6.733320635e+03 +6.800810635e+03 +6.800810635e+03 +5.9671e-01 -3.8264e-02 +7.4769e-01 +1.6230e+00 -1.3415e-01
11 0 +6.266919907e+03 +6.334409907e+03 +6.334409907e+03 +4.2408e-01 -2.8508e-01 -5.7692e-01 +7.1168e-01 +1.1310e+00
12 0 +3.778865907e+03 +3.846355907e+03 +3.846355907e+03 +1.0313e+00 -7.3922e-01 -2.0921e-01 +4.3126e-01 +1.0755e+00
23 0 +2.261836565e+03 +2.329326565e+03 +2.329326565e+03 -1.8188e+00 +7.3486e-02 +1.6023e-01 +2.5632e+00 -9.2361e-02
24 0 +2.069581955e+03 +2.137071955e+03 +2.137071955e+03 +4.0155e-01 +6.5288e-02 -1.0687e+00 +1.2428e+00 +8.5193e-01
29 0 +6.519188798e+01 +1.326818880e+02 +1.326818880e+02 +1.8373e+00 +2.5895e-01 +5.5761e-01 +2.1013e+00 -2.7171e-01
32 0 +3.704039556e+01 +1.045303956e+02 +1.045303956e+02 +4.1815e-01 -1.6913e+00 +8.2843e-01 +2.4330e+00 +1.2354e+00
39 0 +3.116729457e+01 +9.865729457e+01 +9.865729457e+01 +5.0731e-01 -1.1896e+00 +7.3729e-03 +1.6946e+00 +1.2555e+00
60 0 +1.350689497e+01 +8.099689497e+01 +8.099689497e+01 -4.3349e-01 -1.4714e+00 +1.0665e+00 +1.2589e+00 +1.7975e+00
158 0 +6.790737522e+00 +7.428073752e+01 +7.428073752e+01 +5.4695e-01 -1.3160e-01 +8.9076e-01 +9.7333e-01 +2.7674e+00
329 0 +6.481368219e+00 +7.397136822e+01 +7.397136822e+01 -6.1798e-01 -6.2887e-01 +7.0852e-01 +1.2396e+00 +2.6095e+00
365 0 +4.992263990e+00 +7.248226399e+01 +7.248226399e+01 -4.2726e-01 -1.3561e+00 -8.1942e-02 +7.2335e-01 +3.4005e+00
374 0 +4.504368650e+00 +7.199436865e+01 +7.199436865e+01 -5.3599e-01 -1.4206e+00 -1.9719e-02 +6.9593e-01 +3.3472e+00
532 0 +4.488632772e+00 +7.197863277e+01 +7.197863277e+01 -1.0271e+00 -1.5612e+00 +6.7052e-01 +6.3517e-01 +2.7772e+00
535 0 +4.220567345e+00 +7.171056735e+01 +7.171056735e+01 +4.0481e-02 -9.3170e-01 +1.2559e-01 +4.8191e-01 +3.0468e+00
577 0 +2.714342646e+00 +7.020434265e+01 +7.020434265e+01 -9.2228e-01 -1.4356e+00 +3.3555e-01 +4.4330e-01 +3.1016e+00
588 0 +2.554216328e+00 +7.004421633e+01 +7.004421633e+01 -6.6445e-01 -1.2948e+00 +1.0556e-01 +1.3484e-01 +3.1988e+00
590 0 +2.148605636e+00 +6.963860564e+01 +6.963860564e+01 -9.2196e-01 -1.0978e+00 +5.0808e-01 +5.2297e-01 +3.0880e+00
671 0 +2.023977252e+00 +6.951397725e+01 +6.951397725e+01 -6.2077e-01 -1.0694e+00 -1.1958e-01 +2.3368e-01 +3.5329e+00
674 0 +1.572520652e+00 +6.906252065e+01 +6.906252065e+01 -8.4696e-01 -5.9853e-01 +3.3021e-01 +6.1541e-01 +3.4044e+00
753 0 +1.315064294e+00 +6.880506429e+01 +6.880506429e+01 -1.0616e+00 -1.0567e+00 +3.3359e-01 +4.4195e-01 +3.4089e+00
898 0 +7.995191533e-01 +6.828951915e+01 +6.828951915e+01 -5.6775e-01 -9.6212e-01 +6.6518e-01 +4.8961e-01 +3.3020e+00
938 0 +7.569225383e-01 +6.824692254e+01 +6.824692254e+01 -7.1466e-01 -1.0439e+00 +2.1101e-01 +2.4163e-01 +3.5617e+00
940 0 +3.861227426e-01 +6.787612274e+01 +6.787612274e+01 -7.9449e-01 -1.0509e+00 +5.9982e-01 +4.3795e-01 +3.4846e+00
% f evaluations | g evaluations | best noise-free fitness - Fopt (3.085000000000e+01) + sum g_i+ | measured fitness | best measured fitness or single-digit g-values | x1 | x2...
1 0 +6.031932525e+04 +6.035017525e+04 +6.035017525e+04 +5.9671e-01 -3.8264e-02 +7.4769e-01 +1.6230e+00 -1.3415e-01
11 0 +3.679332060e+04 +3.682417060e+04 +3.682417060e+04 +4.2408e-01 -2.8508e-01 -5.7692e-01 +7.1168e-01 +1.1310e+00
12 0 +2.958435594e+04 +2.961520594e+04 +2.961520594e+04 +1.0313e+00 -7.3922e-01 -2.0921e-01 +4.3126e-01 +1.0755e+00
26 0 +2.022193145e+04 +2.025278145e+04 +2.025278145e+04 +4.5899e-01 +5.4233e-02 -6.9236e-01 +1.1475e-01 +2.6171e+00
28 0 +5.425467194e+03 +5.456317194e+03 +5.456317194e+03 +1.2435e+00 -8.6987e-01 -3.9400e-01 +1.1696e-01 +2.5287e+00
38 0 +4.512759807e+03 +4.543609807e+03 +4.543609807e+03 +1.0763e+00 -5.8754e-01 -6.9696e-01 +2.0384e+00 +1.4907e+00
41 0 +1.100954014e+03 +1.131804014e+03 +1.131804014e+03 +1.8694e+00 -1.3164e+00 +1.0400e+00 +9.9311e-01 +1.5358e+00
57 0 +7.045244295e+01 +1.013024429e+02 +1.013024429e+02 +3.4360e+00 -1.7231e-01 +5.9107e-01 +2.0492e+00 +1.1700e+00
71 0 +5.447918242e+01 +8.532918242e+01 +8.532918242e+01 +2.3928e+00 -6.8786e-01 +1.3559e+00 +1.7073e+00 +1.9041e+00
75 0 +4.953465553e+01 +8.038465553e+01 +8.038465553e+01 +3.7241e+00 -3.9600e-01 +1.8720e+00 -8.5063e-01 +2.2351e+00
94 0 +4.247544274e+01 +7.332544274e+01 +7.332544274e+01 +4.5387e+00 -1.0294e+00 +2.1861e+00 +9.7534e-01 +7.6622e-01
124 0 +3.782672464e+01 +6.867672464e+01 +6.867672464e+01 +3.6913e+00 -4.6429e-01 +3.0396e+00 -2.6490e-01 +2.0011e+00
221 0 +2.352240420e+01 +5.437240420e+01 +5.437240420e+01 +4.4666e+00 -3.2267e+00 +7.7591e-02 +1.5289e+00 +2.3629e+00
265 0 +2.139333229e+01 +5.224333229e+01 +5.224333229e+01 +3.2478e+00 -2.0173e+00 +3.2349e-01 +3.6913e-01 +2.0046e+00
332 0 +1.319207975e+01 +4.404207975e+01 +4.404207975e+01 +4.1926e+00 -3.1724e+00 -6.0184e-01 -4.0302e-03 +6.2953e-01
445 0 +1.268995952e+01 +4.353995952e+01 +4.353995952e+01 +4.2515e+00 -2.5980e+00 -3.3617e-01 -9.2226e-01 +1.6043e+00
463 0 +9.768260162e+00 +4.061826016e+01 +4.061826016e+01 +3.7363e+00 -3.2330e+00 +5.5298e-01 +3.0973e-01 +1.1463e+00
561 0 +9.067020066e+00 +3.991702007e+01 +3.991702007e+01 +3.8469e+00 -3.2336e+00 -5.0396e-01 -1.3376e-02 +1.6627e+00
676 0 +7.371601299e+00 +3.822160130e+01 +3.822160130e+01 +3.6232e+00 -3.2088e+00 -3.0219e-01 -6.8452e-02 +1.6458e+00
698 0 +6.779679508e+00 +3.762967951e+01 +3.762967951e+01 +3.1406e+00 -3.0606e+00 -3.3588e-01 -5.2678e-01 +1.6735e+00
728 0 +4.458885787e+00 +3.530888579e+01 +3.530888579e+01 +3.6304e+00 -3.0913e+00 -8.9309e-02 -1.2262e+00 +2.1485e+00
759 0 +4.080367344e+00 +3.493036734e+01 +3.493036734e+01 +3.3315e+00 -2.9410e+00 -1.5117e-02 -1.2581e+00 +2.1004e+00
837 0 +2.806888525e+00 +3.365688852e+01 +3.365688852e+01 +3.1454e+00 -3.3405e+00 -3.1913e-01 -1.0821e+00 +1.8168e+00
930 0 +2.768045476e+00 +3.361804548e+01 +3.361804548e+01 +3.0304e+00 -3.4101e+00 -3.4387e-01 -1.0335e+00 +1.8505e+00
962 0 +2.585078439e+00 +3.343507844e+01 +3.343507844e+01 +3.1484e+00 -3.2801e+00 -2.9415e-01 -1.3151e+00 +1.7675e+00
969 0 +2.554434624e+00 +3.340443462e+01 +3.340443462e+01 +3.2429e+00 -3.0303e+00 -9.5311e-02 -1.8405e+00 +2.1184e+00
1004 0 +2.338670809e+00 +3.318867081e+01 +3.318867081e+01 +3.0221e+00 -3.3593e+00 +6.5434e-02 -1.1801e+00 +1.6004e+00
1046 0 +2.305003322e+00 +3.315500332e+01 +3.315500332e+01 +3.3045e+00 -3.6657e+00 -2.2661e-01 -9.5831e-01 +1.7759e+00
1088 0 +1.542370654e+00 +3.239237065e+01 +3.239237065e+01 +3.1303e+00 -3.2465e+00 +7.1500e-02 -1.5203e+00 +2.0230e+00
% f evaluations | g evaluations | best noise-free fitness - Fopt (-1.255000000000e+01) + sum g_i+ | measured fitness | best measured fitness or single-digit g-values | x1 | x2...
1 0 +2.754559647e+05 +2.754434147e+05 +2.754434147e+05 +5.9671e-01 -3.8264e-02 +7.4769e-01 +1.6230e+00 -1.3415e-01
2 0 +1.655811493e+05 +1.655685993e+05 +1.655685993e+05 -1.3414e-01 +1.6792e+00 +8.6743e-01 -3.6947e-01 +6.4256e-01
26 0 +1.100906432e+05 +1.100780932e+05 +1.100780932e+05 +4.9680e-01 +5.6269e-01 +7.7387e-01 +1.6559e+00 +1.8192e+00
30 0 +8.416020762e+04 +8.414765762e+04 +8.414765762e+04 +3.3946e-01 +1.2799e+00 +2.1135e+00 +1.0227e+00 +9.0725e-01
54 0 +3.350580056e+04 +3.349325056e+04 +3.349325056e+04 -1.6832e+00 +2.2643e+00 +1.5378e+00 -1.3822e+00 +3.1433e+00
64 0 +1.265707384e+01 +1.070738417e-01 +1.070738417e-01 +1.9058e+00 +2.4407e+00 +4.3094e+00 +8.3431e-01 +2.6596e+00
109 0 +8.813883567e+00 -3.736116433e+00 -3.736116433e+00 +9.9856e-01 +3.2965e+00 +3.6597e+00 +1.0022e+00 +1.5573e+00
281 0 +6.843148164e+00 -5.706851836e+00 -5.706851836e+00 +2.1103e+00 +1.4807e+00 +3.0878e+00 +1.4841e+00 +2.9140e+00
397 0 +5.360797965e+00 -7.189202035e+00 -7.189202035e+00 +2.5037e+00 +2.1880e+00 +3.6032e+00 +9.9604e-01 +2.2566e+00
652 0 +4.989380730e+00 -7.560619270e+00 -7.560619270e+00 +2.8377e+00 +2.9329e+00 +3.4249e+00 +8.6541e-01 +2.5419e+00
683 0 +2.235246903e+00 -1.031475310e+01 -1.031475310e+01 +2.8039e+00 +2.5943e+00 +3.2195e+00 +1.1899e+00 +2.2513e+00
866 0 +2.073741527e+00 -1.047625847e+01 -1.047625847e+01 +2.6077e+00 +2.4652e+00 +2.8841e+00 +1.1522e+00 +2.3888e+00
967 0 +2.007446273e+00 -1.054255373e+01 -1.054255373e+01 +2.6440e+00 +2.3896e+00 +3.0416e+00 +1.1294e+00 +2.3082e+00
1024 0 +1.611170126e+00 -1.093882987e+01 -1.093882987e+01 +2.9334e+00 +2.5767e+00 +3.2143e+00 +1.1524e+00 +2.1630e+00
1030 0 +1.432077409e+00 -1.111792259e+01 -1.111792259e+01 +2.7697e+00 +2.3972e+00 +3.0904e+00 +1.1083e+00 +2.0890e+00
1036 0 +1.179572887e+00 -1.137042711e+01 -1.137042711e+01 +2.8699e+00 +2.3877e+00 +3.0593e+00 +1.4230e+00 +2.0520e+00
1148 0 +5.588535062e-01 -1.199114649e+01 -1.199114649e+01 +3.0585e+00 +2.6328e+00 +2.9572e+00 +1.3200e+00 +2.0017e+00
1233 0 +4.118344852e-01 -1.213816551e+01 -1.213816551e+01 +2.9393e+00 +2.6043e+00 +2.9100e+00 +1.2954e+00 +1.8211e+00
% f evaluations | g evaluations | best noise-free fitness - Fopt (5.383900000000e+02) + sum g_i+ | measured fitness | best measured fitness or single-digit g-values | x1 | x2...
1 0 +3.045848773e+05 +3.051232673e+05 +3.051232673e+05 +5.9671e-01 -3.8264e-02 +7.4769e-01 +1.6230e+00 -1.3415e-01
2 0 +2.325146834e+05 +2.330530734e+05 +2.330530734e+05 -1.3414e-01 +1.6792e+00 +8.6743e-01 -3.6947e-01 +6.4256e-01
3 0 +2.211433402e+05 +2.216817302e+05 +2.216817302e+05 -3.6342e-01 -3.6573e-01 +3.4196e-01 -1.8133e+00 -1.6249e+00
5 0 +2.092489771e+05 +2.097873671e+05 +2.097873671e+05 +1.5656e+00 -1.2578e-01 +1.6753e-01 -1.3247e+00 -4.4438e-01
9 0 +1.454475131e+05 +1.459859031e+05 +1.459859031e+05 +8.3847e-01 +2.7137e-01 -1.5648e-02 -2.0110e-01 -1.3785e+00
15 0 +9.998282039e+04 +1.005212104e+05 +1.005212104e+05 +4.6140e-01 +1.6380e+00 +6.4174e-02 +1.6646e+00 -2.5197e+00
33 0 +4.731271809e+04 +4.785110809e+04 +4.785110809e+04 -1.4064e-01 +2.8333e+00 -1.1423e+00 -4.0562e-01 -2.5842e+00
36 0 +2.678422312e+02 +8.062322312e+02 +8.062322312e+02 +2.8459e+00 +3.0382e+00 -1.5463e+00 +2.7901e-01 -4.6747e+00
64 0 +4.102400790e+01 +5.794140079e+02 +5.794140079e+02 +3.4501e+00 +3.7788e+00 -1.1918e+00 +2.9490e-01 -2.7319e+00
68 0 +4.046719493e+01 +5.788571949e+02 +5.788571949e+02 +3.0906e+00 +3.1209e+00 -1.0749e+00 +6.0150e-01 -4.4086e+00
155 0 +2.378029400e+01 +5.621702940e+02 +5.621702940e+02 +3.0711e+00 +2.8170e+00 +1.2103e-01 +2.2135e+00 -3.4449e+00
207 0 +2.206971713e+01 +5.604597171e+02 +5.604597171e+02 +3.5505e+00 +4.5462e+00 +1.3636e+00 +1.8125e+00 -3.4602e+00
241 0 +1.279320477e+01 +5.511832048e+02 +5.511832048e+02 +3.8731e+00 +4.7362e+00 +2.5829e-02 +2.6320e+00 -2.3155e+00
322 0 +7.201225894e+00 +5.455912259e+02 +5.455912259e+02 +2.7492e+00 +3.5385e+00 +3.0489e-01 +1.9532e+00 -3.0245e+00
402 0 +6.773514380e+00 +5.451635144e+02 +5.451635144e+02 +2.7501e+00 +3.8322e+00 +9.2991e-02 +2.0582e+00 -2.4201e+00
489 0 +6.627904065e+00 +5.450179041e+02 +5.450179041e+02 +3.7727e+00 +3.7874e+00 +4.0936e-01 +2.8097e+00 -3.0469e+00
587 0 +6.191556835e+00 +5.445815568e+02 +5.445815568e+02 +3.3121e+00 +4.3935e+00 +1.4695e+00 +2.6993e+00 -2.6379e+00
588 0 +4.361034946e+00 +5.427510349e+02 +5.427510349e+02 +3.5811e+00 +3.9003e+00 +1.5965e+00 +2.8662e+00 -2.6448e+00
690 0 +4.200097772e+00 +5.425900978e+02 +5.425900978e+02 +3.2751e+00 +3.1484e+00 +5.1316e-01 +2.5472e+00 -3.3928e+00
733 0 +3.674893862e+00 +5.420648939e+02 +5.420648939e+02 +3.3298e+00 +4.0690e+00 +9.2610e-01 +2.9021e+00 -2.6478e+00
775 0 +3.226656546e+00 +5.416166565e+02 +5.416166565e+02 +3.4869e+00 +3.8861e+00 +1.1455e+00 +2.9146e+00 -2.6683e+00
783 0 +2.361560235e+00 +5.407515602e+02 +5.407515602e+02 +3.3146e+00 +3.3488e+00 +1.1086e+00 +2.7863e+00 -2.8954e+00
879 0 +7.412041844e-01 +5.391312042e+02 +5.391312042e+02 +3.4987e+00 +2.8632e+00 +5.0375e-01 +3.2489e+00 -3.3670e+00
1173 0 +4.258342524e-01 +5.388158343e+02 +5.388158343e+02 +3.4337e+00 +2.8666e+00 +4.8517e-01 +3.2017e+00 -3.1849e+00
% f evaluations | g evaluations | best noise-free fitness - Fopt (-1.055600000000e+02) + sum g_i+ | measured fitness | best measured fitness or single-digit g-values | x1 | x2...
1 0 +6.717353955e+04 +6.706797955e+04 +6.706797955e+04 +5.9671e-01 -3.8264e-02 +7.4769e-01 +1.6230e+00 -1.3415e-01
9 0 +6.574629930e+04 +6.564073930e+04 +6.564073930e+04 +8.3847e-01 +2.7137e-01 -1.5648e-02 -2.0110e-01 -1.3785e+00
10 0 +5.577528422e+04 +5.566972422e+04 +5.566972422e+04 -6.1984e-01 -3.6064e-01 +1.1571e+00 +4.4362e-01 -1.6630e+00
14 0 +4.870275908e+04 +4.859719908e+04 +4.859719908e+04 +1.4562e+00 +2.7990e-02 +1.1035e+00 +4.6164e-01 -5.4512e-01
15 0 +3.504295822e+04 +3.493739822e+04 +3.493739822e+04 +4.6140e-01 +1.6380e+00 +6.4174e-02 +1.6646e+00 -2.5197e+00
32 0 +6.617048084e+03 +6.511488084e+03 +6.511488084e+03 +5.3845e-01 +2.1128e+00 +2.6861e+00 +2.3605e+00 -1.1794e+00
33 0 +6.027725099e+03 +5.922165099e+03 +5.922165099e+03 +1.9619e+00 +2.0396e+00 +1.8219e+00 +1.9160e+00 -1.6924e+00
55 0 +1.667285232e+03 +1.561725232e+03 +1.561725232e+03 +3.0036e+00 +6.5156e-01 +3.7877e+00 +2.9276e+00 -2.8692e+00
58 0 +9.995453141e+01 -5.605468595e+00 -5.605468595e+00 +2.1194e+00 +1.2256e+00 +4.1367e+00 +9.3691e-01 -1.8766e+00
75 0 +5.394340359e+01 -5.161659641e+01 -5.161659641e+01 +3.7757e-01 -1.2261e+00 +4.9711e+00 -1.9680e+00 -1.4755e+00
320 0 +5.001678237e+01 -5.554321763e+01 -5.554321763e+01 +1.1314e+00 -4.0749e-02 +4.4095e+00 -9.1641e-01 -3.3803e+00
340 0 +4.054759310e+01 -6.501240690e+01 -6.501240690e+01 +1.9166e+00 +2.0582e-01 +3.1537e+00 -1.0435e-01 -2.7371e+00
393 0 +2.362005134e+01 -8.193994866e+01 -8.193994866e+01 +1.3768e+00 -2.6389e+00 +4.6570e+00 -3.3500e-01 -1.3792e+00
497 0 +2.159352443e+01 -8.396647557e+01 -8.396647557e+01 -3.0346e-01 -2.5053e+00 +4.2081e+00 -7.4173e-01 -3.4527e+00
625 0 +1.258442953e+01 -9.297557047e+01 -9.297557047e+01 +1.5564e+00 -2.5118e+00 +4.7962e+00 -7.9047e-01 -2.6309e+00
737 0 +9.468209235e+00 -9.609179077e+01 -9.609179077e+01 +1.5411e+00 -1.9991e+00 +3.7294e+00 -7.7535e-01 -2.8384e+00
768 0 +7.367605883e+00 -9.819239412e+01 -9.819239412e+01 +1.6232e+00 -2.1563e+00 +3.5328e+00 -3.5366e-01 -2.7748e+00
866 0 +7.122436958e+00 -9.843756304e+01 -9.843756304e+01 +1.5218e+00 -2.8835e+00 +4.5083e+00 -5.7019e-01 -2.6978e+00
939 0 +6.916052012e+00 -9.864394799e+01 -9.864394799e+01 +2.3427e+00 -2.3956e+00 +4.2890e+00 -1.0519e+00 -2.6209e+00
973 0 +6.701151681e+00 -9.885884832e+01 -9.885884832e+01 +1.5821e+00 -2.6056e+00 +4.3307e+00 -9.2858e-01 -2.8752e+00
1093 0 +6.537945131e+00 -9.902205487e+01 -9.902205487e+01 +1.2512e+00 -3.4918e+00 +4.9380e+00 -8.0346e-01 -2.6015e+00
1158 0 +5.815837407e+00 -9.974416259e+01 -9.974416259e+01 +7.2471e-01 -3.7844e+00 +4.5637e+00 -4.4026e-01 -2.9026e+00
1167 0 +5.520732463e+00 -1.000392675e+02 -1.000392675e+02 +3.2400e-01 -4.0649e+00 +4.7101e+00 -8.5650e-01 -2.7875e+00
1171 0 +5.169495399e+00 -1.003905046e+02 -1.003905046e+02 +7.0286e-01 -3.7709e+00 +4.4478e+00 -4.9100e-01 -2.6754e+00
1194 0 +3.791611763e+00 -1.017683882e+02 -1.017683882e+02 +1.8239e+00 -3.4116e+00 +4.8079e+00 -8.5255e-01 -2.8431e+00
1214 0 +2.893456017e+00 -1.026665440e+02 -1.026665440e+02 +6.5401e-01 -3.7580e+00 +4.4080e+00 -9.3003e-01 -2.9895e+00
1232 0 +1.771599714e+00 -1.037884003e+02 -1.037884003e+02 +1.5695e+00 -3.3804e+00 +4.3992e+00 -9.7327e-01 -2.8940e+00
