% f evaluations | g evaluations | best noise-free fitness - Fopt (-1.694000000000e+01) + sum g_i+ | measured fitness | best measured fitness or single-digit g-values | x1 | x2...
1 0 +1.324093633e+01 -3.699063674e+00 -3.699063674e+00 +5.9671e-01 -3.8264e-02 +7.4769e-01 +1.6230e+00 -1.3415e-01
5 0 +1.237830438e+01 -4.561695617e+00 -4.561695617e+00 +1.5656e+00 -1.2578e-01 +1.6753e-01 -1.3247e+00 -4.4438e-01
12 0 +1.195851158e+01 -4.981488421e+00 -4.981488421e+00 +1.0313e+00 -7.3922e-01 -2.0921e-01 +4.3126e-01 +1.0755e+00
14 0 +1.086104601e+01 -6.078953987e+00 -6.078953987e+00 +1.4562e+00 +2.7990e-02 +1.1035e+00 +4.6164e-01 -5.4512e-01
25 0 +6.718572502e+00 -1.022142750e+01 -1.022142750e+01 +8.9103e-01 -8.0939e-01 +1.5028e+00 -1.3019e+00 +6.8686e-01
34 0 +5.402858708e+00 -1.153714129e+01 -1.153714129e+01 +2.2446e+00 +6.2153e-01 -1.4737e-01 -7.4435e-02 +8.0773e-02
37 0 +4.786973409e+00 -1.215302659e+01 -1.215302659e+01 +1.9499e+00 +3.8515e-01 -2.2112e-01 -1.0642e+00 +1.3691e+00
58 0 +3.824333980e+00 -1.311566602e+01 -1.311566602e+01 +2.6902e+00 +7.9000e-01 -1.1316e+00 -1.5351e+00 +2.1332e-01
60 0 +3.777346844e+00 -1.316265316e+01 -1.316265316e+01 +2.7854e+00 +7.7606e-01 -7.3415e-01 -9.7572e-01 +1.4740e+00
102 0 +2.662085853e+00 -1.427791415e+01 -1.427791415e+01 +3.3420e+00 +1.5700e+00 -2.6231e+00 +1.1746e+00 -1.7378e-01
105 0 +2.260131745e+00 -1.467986826e+01 -1.467986826e+01 +4.3191e+00 +3.1976e+00 -1.1616e+00 +8.1128e-01 +1.1103e+00
139 0 +2.045231969e+00 -1.489476803e+01 -1.489476803e+01 +2.3892e+00 +1.7009e+00 -1.9866e+00 +1.5935e+00 +1.1317e+00
161 0 +1.413185734e+00 -1.552681427e+01 -1.552681427e+01 +3.3257e+00 +2.4752e+00 -8.9301e-01 +1.9038e+00 +1.7156e+00
177 0 +1.293558290e+00 -1.564644171e+01 -1.564644171e+01 +3.6312e+00 +3.1996e+00 -1.2772e+00 +1.6198e+00 +1.4060e+00
195 0 +1.019365363e+00 -1.592063464e+01 -1.592063464e+01 +3.6108e+00 +2.8042e+00 -1.4665e+00 +1.8254e+00 +2.3320e+00
258 0 +4.896357191e-01 -1.645036428e+01 -1.645036428e+01 +3.3322e+00 +2.5562e+00 -1.6616e+00 +1.7454e+00 +1.1968e+00
380 0 +3.188673189e-01 -1.662113268e+01 -1.662113268e+01 +3.7887e+00 +2.6632e+00 -1.4461e+00 +1.3626e+00 +1.5027e+00
418 0 +3.102843267e-01 -1.662971567e+01 -1.662971567e+01 +3.8090e+00 +2.7881e+00 -1.5839e+00 +1.5114e+00 +1.3821e+00
440 0 +2.928654364e-01 -1.664713456e+01 -1.664713456e+01 +3.5028e+00 +2.4972e+00 -1.5657e+00 +1.4353e+00 +1.2567e+00
460 0 +2.695369371e-01 -1.667046306e+01 -1.667046306e+01 +3.4306e+00 +2.4360e+00 -1.5521e+00 +1.4557e+00 +1.4379e+00
477 0 +1.877691455e-01 -1.675223085e+01 -1.675223085e+01 +3.7007e+00 +2.6288e+00 -1.6134e+00 +1.4842e+00 +1.3824e+00
487 0 +1.826671824e-01 -1.675733282e+01 -1.675733282e+01 +3.5941e+00 +2.5514e+00 -1.6162e+00 +1.5275e+00 +1.3749e+00
492 0 +1.636903507e-01 -1.677630965e+01 -1.677630965e+01 +3.6829e+00 +2.6040e+00 -1.5229e+00 +1.4116e+00 +1.4596e+00
501 0 +1.446788515e-01 -1.679532115e+01 -1.679532115e+01 +3.6326e+00 +2.5925e+00 -1.5790e+00 +1.4568e+00 +1.4421e+00
523 0 +1.258677710e-01 -1.681413223e+01 -1.681413223e+01 +3.7048e+00 +2.6058e+00 -1.5290e+00 +1.3943e+00 +1.4633e+00
527 0 +9.035544130e-02 -1.684964456e+01 -1.684964456e+01 +3.6612e+00 +2.5713e+00 -1.5716e+00 +1.4771e+00 +1.3955e+00
533 0 +8.566789637e-02 -1.685433210e+01 -1.685433210e+01 +3.6403e+00 +2.5172e+00 -1.5193e+00 +1.3661e+00 +1.3561e+00
589 0 +7.952150187e-02 -1.686047850e+01 -1.686047850e+01 +3.6470e+00 +2.5674e+00 -1.4979e+00 +1.4682e+00 +1.4056e+00
627 0 +6.994679924e-02 -1.687005320e+01 -1.687005320e+01 +3.5735e+00 +2.5142e+00 -1.5856e+00 +1.4989e+00 +1.3763e+00
634 0 +5.732786882e-02 -1.688267213e+01 -1.688267213e+01 +3.6412e+00 +2.5481e+00 -1.5332e+00 +1.5056e+00 +1.4210e+00
638 0 +5.375855532e-02 -1.688624144e+01 -1.688624144e+01 +3.6474e+00 +2.5713e+00 -1.5464e+00 +1.5169e+00 +1.4208e+00
709 0 +5.372688605e-02 -1.688627311e+01 -1.688627311e+01 +3.6870e+00 +2.5685e+00 -1.5029e+00 +1.4572e+00 +1.4139e+00
710 0 +3.319828498e-02 -1.690680172e+01 -1.690680172e+01 +3.6695e+00 +2.5766e+00 -1.5099e+00 +1.4666e+00 +1.4161e+00
% f evaluations | g evaluations | best noise-free fitness - Fopt (1.881000000000e+01) + sum g_i+ | measured fitness | best measured fitness or single-digit g-values | x1 | x2...
1 0 +8.477959466e+00 +2.728795947e+01 +2.728795947e+01 +5.9671e-01 -3.8264e-02 +7.4769e-01 +1.6230e+00 -1.3415e-01
2 0 +4.381082924e+00 +2.319108292e+01 +2.319108292e+01 -1.3414e-01 +1.6792e+00 +8.6743e-01 -3.6947e-01 +6.4256e-01
7 0 +2.922275631e+00 +2.173227563e+01 +2.173227563e+01 -5.0171e-01 +1.9523e+00 +8.6503e-02 -9.5771e-01 +9.2254e-01
27 0 +1.546076798e+00 +2.035607680e+01 +2.035607680e+01 -7.9010e-01 +2.6743e+00 -4.5260e-01 +8.5175e-01 +1.1197e+00
33 0 +9.145320173e-01 +1.972453202e+01 +1.972453202e+01 +2.0491e-01 +1.2232e+00 -2.9596e-01 -3.7619e-01 +2.4260e+00
156 0 +6.229179066e-01 +1.943291791e+01 +1.943291791e+01 -2.8210e-01 +1.8216e+00 -1.0980e+00 +8.3375e-02 +1.8005e+00
226 0 +5.803626276e-01 +1.939036263e+01 +1.939036263e+01 -4.6206e-03 +1.9918e+00 -8.0729e-01 -1.7180e-01 +1.7158e+00
227 0 +5.022751703e-01 +1.931227517e+01 +1.931227517e+01 -9.3355e-02 +1.9543e+00 -7.8676e-01 -1.2443e-01 +1.6051e+00
241 0 +3.852826635e-01 +1.919528266e+01 +1.919528266e+01 -1.3221e-01 +1.8995e+00 -7.8297e-01 -7.8957e-02 +1.2957e+00
257 0 +3.182362366e-01 +1.912823624e+01 +1.912823624e+01 -1.9163e-01 +1.8870e+00 -6.8835e-01 -1.3494e-01 +1.6465e+00
276 0 +3.104264014e-01 +1.912042640e+01 +1.912042640e+01 -1.8677e-01 +1.7859e+00 -9.7410e-01 -1.6172e-02 +1.7520e+00
302 0 +2.899684771e-01 +1.909996848e+01 +1.909996848e+01 -1.0768e-01 +1.7059e+00 -7.9400e-01 -9.8881e-02 +1.5849e+00
327 0 +2.310600450e-01 +1.904106004e+01 +1.904106004e+01 -2.3205e-01 +1.7318e+00 -7.7130e-01 -1.0358e-01 +1.6468e+00
356 0 +1.557941595e-01 +1.896579416e+01 +1.896579416e+01 -2.6728e-01 +1.7107e+00 -7.8387e-01 -1.1056e-01 +1.7108e+00
379 0 +1.439373284e-01 +1.895393733e+01 +1.895393733e+01 -1.3367e-01 +1.7495e+00 -8.5002e-01 -1.7516e-01 +1.7591e+00
392 0 +1.298865904e-01 +1.893988659e+01 +1.893988659e+01 -1.5620e-01 +1.6965e+00 -7.5128e-01 -1.2322e-01 +1.7384e+00
406 0 +1.188582477e-01 +1.892885825e+01 +1.892885825e+01 -1.5556e-01 +1.6758e+00 -8.1230e-01 -1.5350e-01 +1.7444e+00
431 0 +1.023753677e-01 +1.891237537e+01 +1.891237537e+01 -1.9923e-01 +1.6970e+00 -8.1661e-01 -1.5426e-01 +1.7746e+00
464 0 +7.885466112e-02 +1.888885466e+01 +1.888885466e+01 -1.7582e-01 +1.7113e+00 -8.3015e-01 -1.0122e-01 +1.7327e+00
465 0 +5.405505029e-02 +1.886405505e+01 +1.886405505e+01 -1.8748e-01 +1.7100e+00 -8.2314e-01 -9.6512e-02 +1.7052e+00
516 0 +5.378339088e-02 +1.886378339e+01 +1.886378339e+01 -1.7447e-01 +1.7025e+00 -8.1370e-01 -1.3649e-01 +1.7605e+00
551 0 +3.919783074e-02 +1.884919783e+01 +1.884919783e+01 -1.7554e-01 +1.7336e+00 -7.9895e-01 -9.8831e-02 +1.7233e+00
572 0 +3.483317165e-02 +1.884483317e+01 +1.884483317e+01 -1.8215e-01 +1.7162e+00 -8.1734e-01 -9.8129e-02 +1.7153e+00
584 0 +3.337865425e-02 +1.884337865e+01 +1.884337865e+01 -1.8062e-01 +1.7279e+00 -8.1563e-01 -1.0489e-01 +1.7242e+00
623 0 +2.327897449e-02 +1.883327897e+01 +1.883327897e+01 -1.8065e-01 +1.7542e+00 -8.2287e-01 -7.0581e-02 +1.7038e+00
842 0 +2.290827501e-02 +1.883290828e+01 +1.883290828e+01 -1.8609e-01 +1.7676e+00 -8.1559e-01 -5.9317e-02 +1.6936e+00
920 0 +1.848004333e-02 +1.882848004e+01 +1.882848004e+01 -1.8589e-01 +1.7949e+00 -8.2057e-01 -3.4906e-02 +1.6777e+00
1122 0 +1.701399590e-02 +1.882701400e+01 +1.882701400e+01 -1.9714e-01 +1.7743e+00 -8.2106e-01 -2.8959e-02 +1.6795e+00
1166 0 +1.048511458e-02 +1.882048511e+01 +1.882048511e+01 -1.8374e-01 +1.7702e+00 -8.1582e-01 -5.6082e-02 +1.6923e+00
% f evaluations | g evaluations | best noise-free fitness - Fopt (2.731500000000e+02) + sum g_i+ | measured fitness | best measured fitness or single-digit g-values | x1 | x2...
1 0 +1.003648843e+01 +2.831864884e+02 +2.831864884e+02 +5.9671e-01 -3.8264e-02 +7.4769e-01 +1.6230e+00 -1.3415e-01
7 0 +9.345729143e+00 +2.824957291e+02 +2.824957291e+02 -5.0171e-01 +1.9523e+00 +8.6503e-02 -9.5771e-01 +9.2254e-01
20 0 +9.256012260e+00 +2.824060123e+02 +2.824060123e+02 -1.3635e+00 +3.9612e-01 +3.6106e-01 +1.0511e-01 -1.3459e-01
27 0 +6.428432227e+00 +2.795784322e+02 +2.795784322e+02 -9.7593e-02 +8.7945e-01 -7.7909e-01 +1.8698e+00 -5.5876e-01
41 0 +5.187858725e+00 +2.783378587e+02 +2.783378587e+02 -4.2315e-01 +1.6890e+00 -9.9243e-02 +3.3678e-01 -9.8242e-01
79 0 +5.000727549e+00 +2.781507275e+02 +2.781507275e+02 -8.8570e-01 +1.8381e+00 -5.6944e-01 +2.0661e+00 -3.8967e-01
82 0 +4.825182252e+00 +2.779751823e+02 +2.779751823e+02 -1.1216e+00 +1.0670e+00 +6.0700e-02 +1.6377e+00 -1.2287e+00
153 0 +2.581475510e+00 +2.757314755e+02 +2.757314755e+02 -1.1060e+00 +3.4176e+00 +6.0350e-01 +2.2377e+00 +6.4547e-01
165 0 +2.543384467e+00 +2.756933845e+02 +2.756933845e+02 -1.0345e+00 +3.1319e+00 -4.3206e-01 +2.5998e+00 +1.3614e+00
278 0 +1.175241220e+00 +2.743252412e+02 +2.743252412e+02 -3.5022e+00 +3.5002e+00 -4.6214e-01 +2.1934e+00 +2.1460e+00
333 0 +1.012338749e+00 +2.741623387e+02 +2.741623387e+02 -2.4434e+00 +3.7948e+00 -5.4862e-01 +2.2893e+00 +1.9290e+00
361 0 +8.280924517e-01 +2.739780925e+02 +2.739780925e+02 -2.9047e+00 +3.6563e+00 -6.8285e-01 +2.3464e+00 +1.8878e+00
407 0 +7.295119801e-01 +2.738795120e+02 +2.738795120e+02 -2.3570e+00 +3.7930e+00 -5.1844e-01 +2.2835e+00 +1.6730e+00
422 0 +7.117296301e-01 +2.738617296e+02 +2.738617296e+02 -2.8423e+00 +3.6148e+00 -4.3333e-01 +2.3635e+00 +1.9474e+00
442 0 +4.301771092e-01 +2.735801771e+02 +2.735801771e+02 -3.0179e+00 +3.9374e+00 -3.8121e-01 +2.4481e+00 +2.1992e+00
502 0 +4.027871846e-01 +2.735527872e+02 +2.735527872e+02 -3.2985e+00 +3.8728e+00 -6.2024e-01 +2.4964e+00 +1.8984e+00
520 0 +2.544573620e-01 +2.734044574e+02 +2.734044574e+02 -3.6460e+00 +3.9024e+00 -4.5683e-01 +2.4532e+00 +2.1882e+00
526 0 +2.416301169e-01 +2.733916301e+02 +2.733916301e+02 -3.2578e+00 +3.8407e+00 -4.8313e-01 +2.5165e+00 +1.8771e+00
657 0 +2.140903992e-01 +2.733640904e+02 +2.733640904e+02 -3.6857e+00 +3.8009e+00 -3.6507e-01 +2.6212e+00 +2.0252e+00
673 0 +1.923596317e-01 +2.733423596e+02 +2.733423596e+02 -3.6340e+00 +3.7457e+00 -4.5567e-01 +2.4989e+00 +1.8579e+00
680 0 +1.859518491e-01 +2.733359518e+02 +2.733359518e+02 -3.6545e+00 +3.7463e+00 -4.2023e-01 +2.6128e+00 +1.9773e+00
715 0 +1.432397203e-01 +2.732932397e+02 +2.732932397e+02 -3.5065e+00 +3.7995e+00 -4.4731e-01 +2.5268e+00 +1.9556e+00
763 0 +1.309695383e-01 +2.732809695e+02 +2.732809695e+02 -3.5885e+00 +3.7413e+00 -4.2798e-01 +2.4932e+00 +1.9172e+00
779 0 +1.198564507e-01 +2.732698565e+02 +2.732698565e+02 -3.4474e+00 +3.7752e+00 -5.2490e-01 +2.5327e+00 +1.9967e+00
823 0 +9.015897655e-02 +2.732401590e+02 +2.732401590e+02 -3.6262e+00 +3.7765e+00 -4.8461e-01 +2.5610e+00 +2.0373e+00
829 0 +7.177018462e-02 +2.732217702e+02 +2.732217702e+02 -3.6817e+00 +3.7349e+00 -4.8550e-01 +2.5900e+00 +2.0131e+00
858 0 +5.898444147e-02 +2.732089844e+02 +2.732089844e+02 -3.6277e+00 +3.7320e+00 -4.7311e-01 +2.5460e+00 +1.9910e+00
973 0 +5.025434631e-02 +2.732002543e+02 +2.732002543e+02 -3.6470e+00 +3.7474e+00 -4.9853e-01 +2.5680e+00 +1.9816e+00
% f evaluations | g evaluations | best noise-free fitness - Fopt (3.718000000000e+01) + sum g_i+ | measured fitness | best measured fitness or single-digit g-values | x1 | x2...
1 0 +3.561082852e+01 +7.279082852e+01 +7.279082852e+01 +5.9671e-01 -3.8264e-02 +7.4769e-01 +1.6230e+00 -1.3415e-01
2 0 +2.925429655e+01 +6.643429655e+01 +6.643429655e+01 -1.3414e-01 +1.6792e+00 +8.6743e-01 -3.6947e-01 +6.4256e-01
4 0 +2.504697546e+01 +6.222697546e+01 +6.222697546e+01 -4.6229e-01 -9.1283e-01 +4.1425e-01 -8.0802e-01 -1.3123e+00
10 0 +1.250154236e+01 +4.968154236e+01 +4.968154236e+01 -6.1984e-01 -3.6064e-01 +1.1571e+00 +4.4362e-01 -1.6630e+00
27 0 +1.008779976e+01 +4.726779976e+01 +4.726779976e+01 +6.6889e-01 +1.9057e+00 +8.6117e-01 +9.8222e-01 -4.0421e+00
29 0 +8.301053641e+00 +4.548105364e+01 +4.548105364e+01 -4.4469e-01 +2.0169e+00 +1.5438e+00 +1.8829e-02 -4.0746e+00
30 0 +6.767724659e+00 +4.394772466e+01 +4.394772466e+01 -4.3059e-01 +3.2326e-01 +2.9143e+00 +3.3029e+00 -4.4677e+00
32 0 +5.375438906e+00 +4.255543891e+01 +4.255543891e+01 -1.1764e+00 +2.1248e-02 +1.7534e+00 +7.8652e-01 -2.8580e+00
52 0 +4.813890561e+00 +4.199389056e+01 +4.199389056e+01 -2.2487e+00 +6.7928e-01 +2.1089e+00 +5.0925e-01 -4.1151e+00
110 0 +3.789697335e+00 +4.096969734e+01 +4.096969734e+01 -2.2432e+00 -1.9640e-01 +4.6062e+00 +2.2828e+00 -2.4258e+00
131 0 +3.611366089e+00 +4.079136609e+01 +4.079136609e+01 -3.6470e+00 +2.0249e+00 +4.0206e+00 +2.6391e+00 -2.8625e+00
153 0 +2.909569744e+00 +4.008956974e+01 +4.008956974e+01 -2.4748e+00 +1.3472e+00 +3.2009e+00 +1.9018e+00 -4.2366e+00
184 0 +1.959625102e+00 +3.913962510e+01 +3.913962510e+01 -3.0580e+00 +2.6440e+00 +3.7093e+00 +8.0935e-01 -1.8413e+00
228 0 +1.448085451e+00 +3.862808545e+01 +3.862808545e+01 -3.6288e+00 +2.1897e+00 +3.3594e+00 +1.1010e+00 -3.0762e+00
232 0 +1.385125118e+00 +3.856512512e+01 +3.856512512e+01 -2.6403e+00 +1.6149e+00 +3.7620e+00 +1.2030e+00 -2.9966e+00
238 0 +1.082382838e+00 +3.826238284e+01 +3.826238284e+01 -3.3381e+00 +2.2473e+00 +2.1255e+00 +1.6403e+00 -3.4036e+00
307 0 +9.865074168e-01 +3.816650742e+01 +3.816650742e+01 -3.5845e+00 +2.1130e+00 +2.3689e+00 +1.7428e+00 -3.2891e+00
316 0 +8.603361192e-01 +3.804033612e+01 +3.804033612e+01 -3.1876e+00 +2.0055e+00 +2.3673e+00 +1.6023e+00 -3.4481e+00
318 0 +8.155344863e-01 +3.799553449e+01 +3.799553449e+01 -2.7577e+00 +1.8664e+00 +3.5796e+00 +1.2528e+00 -3.4163e+00
323 0 +6.519032628e-01 +3.783190326e+01 +3.783190326e+01 -3.1276e+00 +1.9720e+00 +3.1182e+00 +1.4225e+00 -3.0695e+00
353 0 +6.401427186e-01 +3.782014272e+01 +3.782014272e+01 -3.9635e+00 +2.0968e+00 +1.7112e+00 +1.9935e+00 -3.3189e+00
391 0 +5.550953557e-01 +3.773509536e+01 +3.773509536e+01 -4.0385e+00 +1.6638e+00 +1.2818e+00 +1.7567e+00 -3.5371e+00
457 0 +3.837671644e-01 +3.756376716e+01 +3.756376716e+01 -3.7457e+00 +2.1751e+00 +2.1554e+00 +1.7280e+00 -3.5530e+00
458 0 +3.173021910e-01 +3.749730219e+01 +3.749730219e+01 -4.0951e+00 +2.0349e+00 +1.9164e+00 +1.6230e+00 -3.6156e+00
507 0 +2.148965606e-01 +3.739489656e+01 +3.739489656e+01 -3.9021e+00 +2.0408e+00 +2.0594e+00 +1.5821e+00 -3.5963e+00
529 0 +1.548990568e-01 +3.733489906e+01 +3.733489906e+01 -3.9526e+00 +2.0160e+00 +2.0620e+00 +1.5812e+00 -3.5264e+00
604 0 +1.405499462e-01 +3.732054995e+01 +3.732054995e+01 -3.9326e+00 +2.1049e+00 +2.0630e+00 +1.6397e+00 -3.5304e+00
608 0 +1.277402070e-01 +3.730774021e+01 +3.730774021e+01 -3.8435e+00 +2.0639e+00 +2.0844e+00 +1.6069e+00 -3.5364e+00
625 0 +1.190303205e-01 +3.729903032e+01 +3.729903032e+01 -3.9023e+00 +2.0188e+00 +1.9927e+00 +1.5902e+00 -3.5514e+00
652 0 +9.724805697e-02 +3.727724806e+01 +3.727724806e+01 -3.8919e+00 +2.0732e+00 +2.0309e+00 +1.5708e+00 -3.4895e+00
653 0 +9.358568350e-02 +3.727358568e+01 +3.727358568e+01 -3.9581e+00 +2.0303e+00 +2.0475e+00 +1.6074e+00 -3.5222e+00
689 0 +8.102937314e-02 +3.726102937e+01 +3.726102937e+01 -3.9492e+00 +2.0644e+00 +2.0186e+00 +1.5907e+00 -3.5662e+00
710 0 +8.006016350e-02 +3.726006016e+01 +3.726006016e+01 -3.8656e+00 +2.0410e+00 +2.0580e+00 +1.5675e+00 -3.5114e+00
766 0 +7.272486952e-02 +3.725272487e+01 +3.725272487e+01 -3.9227e+00 +2.0244e+00 +2.0503e+00 +1.5474e+00 -3.5112e+00
999 0 +5.799280665e-02 +3.723799281e+01 +3.723799281e+01 -3.8714e+00 +2.0685e+00 +2.1167e+00 +1.5654e+00 -3.5107e+00
1083 0 +3.221246522e-02 +3.721221247e+01 +3.721221247e+01 -3.8968e+00 +2.0525e+00 +2.0427e+00 +1.5837e+00 -3.5314e+00
% f evaluations | g evaluations | best noise-free fitness - Fopt (-1.479000000000e+02) + sum g_i+ | measured fitness | best measured fitness or single-digit g-values | x1 | x2...
1 0 +1.688179895e+01 -1.310182010e+02 -1.310182010e+02 +5.9671e-01 -3.8264e-02 +7.4769e-01 +1.6230e+00 -1.3415e-01
2 0 +1.578665304e+01 -1.321133470e+02 -1.321133470e+02 -1.3414e-01 +1.6792e+00 +8.6743e-01 -3.6947e-01 +6.4256e-01
3 0 +3.169276508e+00 -1.447307235e+02 -1.447307235e+02 -3.6342e-01 -3.6573e-01 +3.4196e-01 -1.8133e+00 -1.6249e+00
82 0 +2.303210998e+00 -1.455967890e+02 -1.455967890e+02 -1.2160e+00 +1.3988e-01 +1.8377e+00 -2.7754e+00 -2.3891e+00
181 0 +1.755160548e+00 -1.461448395e+02 -1.461448395e+02 -1.9968e+00 +9.1732e-01 +1.0873e+00 -2.0318e+00 -3.5429e+00
191 0 +1.619760607e+00 -1.462802394e+02 -1.462802394e+02 -2.0712e+00 +2.6239e-01 +1.9588e+00 -1.3558e+00 -2.1487e+00
232 0 +1.151648836e+00 -1.467483512e+02 -1.467483512e+02 -2.0902e+00 -4.2365e-01 +1.6788e+00 -1.3063e+00 -3.3701e+00
277 0 +1.139141543e+00 -1.467608585e+02 -1.467608585e+02 -1.4055e+00 +8.9657e-02 +8.9907e-01 -2.2478e+00 -3.1209e+00
326 0 +7.715409973e-01 -1.471284590e+02 -1.471284590e+02 -1.6191e+00 -4.3421e-02 +9.9057e-01 -1.9147e+00 -3.0188e+00
344 0 +6.779879908e-01 -1.472220120e+02 -1.472220120e+02 -1.7223e+00 -1.2060e-01 +1.0051e+00 -2.0797e+00 -3.6387e+00
352 0 +6.071615684e-01 -1.472928384e+02 -1.472928384e+02 -1.8741e+00 +6.1119e-02 +1.2120e+00 -1.9568e+00 -3.3164e+00
358 0 +5.353375110e-01 -1.473646625e+02 -1.473646625e+02 -1.7617e+00 +5.0379e-02 +8.5058e-01 -2.0441e+00 -3.5065e+00
360 0 +3.596525965e-01 -1.475403474e+02 -1.475403474e+02 -1.8155e+00 +3.3647e-02 +9.9388e-01 -1.7980e+00 -3.1942e+00
365 0 +3.014121969e-01 -1.475985878e+02 -1.475985878e+02 -1.7577e+00 -1.3649e-01 +1.2202e+00 -1.8514e+00 -3.2884e+00
426 0 +2.914852882e-01 -1.476085147e+02 -1.476085147e+02 -1.6802e+00 -6.9298e-02 +1.2857e+00 -1.9042e+00 -3.0950e+00
429 0 +2.528420061e-01 -1.476471580e+02 -1.476471580e+02 -1.6890e+00 -1.3467e-03 +1.1064e+00 -2.0121e+00 -3.2403e+00
432 0 +2.513316151e-01 -1.476486684e+02 -1.476486684e+02 -1.6523e+00 -1.1557e-02 +1.2194e+00 -2.0510e+00 -3.1581e+00
478 0 +2.253631176e-01 -1.476746369e+02 -1.476746369e+02 -1.6447e+00 +5.0240e-02 +1.2360e+00 -2.0513e+00 -3.0859e+00
483 0 +2.133360184e-01 -1.476866640e+02 -1.476866640e+02 -1.7283e+00 +4.1612e-02 +1.1737e+00 -1.9995e+00 -3.1880e+00
484 0 +1.927150007e-01 -1.477072850e+02 -1.477072850e+02 -1.7135e+00 +1.5196e-01 +1.2038e+00 -1.9962e+00 -3.0744e+00
508 0 +1.886239707e-01 -1.477113760e+02 -1.477113760e+02 -1.6911e+00 -2.7096e-02 +1.2616e+00 -1.9169e+00 -3.0471e+00
511 0 +1.737077656e-01 -1.477262922e+02 -1.477262922e+02 -1.6460e+00 +4.0912e-02 +1.2663e+00 -1.9795e+00 -3.0675e+00
532 0 +1.245803505e-01 -1.477754196e+02 -1.477754196e+02 -1.6897e+00 +1.0746e-01 +1.1777e+00 -1.9699e+00 -3.1535e+00
533 0 +6.874950268e-02 -1.478312505e+02 -1.478312505e+02 -1.6645e+00 +8.0746e-02 +1.1990e+00 -1.9909e+00 -3.0442e+00
577 0 +6.627231626e-02 -1.478337277e+02 -1.478337277e+02 -1.7009e+00 +8.9130e-02 +1.1840e+00 -1.9744e+00 -3.0511e+00
584 0 +6.300987761e-02 -1.478369901e+02 -1.478369901e+02 -1.6666e+00 +5.1732e-02 +1.2754e+00 -1.9500e+00 -3.0417e+00
589 0 +5.863239798e-02 -1.478413676e+02 -1.478413676e+02 -1.6732e+00 +4.3529e-02 +1.2675e+00 -1.9565e+00 -3.0245e+00
668 0 +5.767109963e-02 -1.478423289e+02 -1.478423289e+02 -1.6711e+00 +1.3772e-01 +1.1706e+00 -2.0240e+00 -3.1041e+00
679 0 +5.381417764e-02 -1.478461858e+02 -1.478461858e+02 -1.6948e+00 +1.5582e-01 +1.1185e+00 -2.0289e+00 -3.1266e+00
682 0 +4.116356907e-02 -1.478588364e+02 -1.478588364e+02 -1.6607e+00 +1.4304e-01 +1.1448e+00 -2.0299e+00 -3.1113e+00
720 0 +4.114751680e-02 -1.478588525e+02 -1.478588525e+02 -1.6672e+00 +1.5205e-01 +1.1164e+00 -2.0327e+00 -3.1347e+00
723 0 +3.957203998e-02 -1.478604280e+02 -1.478604280e+02 -1.6580e+00 +1.3494e-01 +1.1492e+00 -2.0222e+00 -3.1039e+00
763 0 +3.178804533e-02 -1.478682120e+02 -1.478682120e+02 -1.6560e+00 +1.5198e-01 +1.1222e+00 -2.0257e+00 -3.1212e+00
857 0 +2.177943472e-02 -1.478782206e+02 -1.478782206e+02 -1.6802e+00 +1.3793e-01 +1.1441e+00 -2.0202e+00 -3.1190e+00
% f evaluations | g evaluations | best noise-free fitness - Fopt (4.817100000000e+02) + sum g_i+ | measured fitness | best measured fitness or single-digit g-values | x1 | x2...
1 0 +2.127025908e+01 +5.029802591e+02 +5.029802591e+02 +5.9671e-01 -3.8264e-02 +7.4769e-01 +1.6230e+00 -1.3415e-01
5 0 +1.733229107e+01 +4.990422911e+02 +4.990422911e+02 +1.5656e+00 -1.2578e-01 +1.6753e-01 -1.3247e+00 -4.4438e-01
9 0 +1.728758112e+01 +4.989975811e+02 +4.989975811e+02 +8.3847e-01 +2.7137e-01 -1.5648e-02 -2.0110e-01 -1.3785e+00
12 0 +1.135828084e+01 +4.930682808e+02 +4.930682808e+02 +1.0313e+00 -7.3922e-01 -2.0921e-01 +4.3126e-01 +1.0755e+00
35 0 +8.630732315e+00 +4.903407323e+02 +4.903407323e+02 +1.2928e+00 -4.6033e-01 +9.6301e-01 -1.8829e-01 -9.0824e-02
56 0 +3.439800047e+00 +4.851498000e+02 +4.851498000e+02 +4.3904e-01 -2.0338e+00 -1.2927e+00 +1.7737e+00 +1.0888e-01
128 0 +2.014341213e+00 +4.837243412e+02 +4.837243412e+02 -9.5569e-02 -2.3269e+00 -3.8354e+00 +3.3049e+00 -5.8659e-01
139 0 +1.457204457e+00 +4.831672045e+02 +4.831672045e+02 +2.8048e-01 -2.7275e+00 -2.7861e+00 +2.6636e+00 +1.5521e-01
220 0 +1.121806905e+00 +4.828318069e+02 +4.828318069e+02 +5.5808e-01 -2.7859e+00 -3.4793e+00 +3.3489e+00 -3.1967e-02
268 0 +9.365973932e-01 +4.826465974e+02 +4.826465974e+02 +5.6261e-01 -3.1642e+00 -2.8040e+00 +3.4141e+00 -1.1138e+00
320 0 +5.919339550e-01 +4.823019340e+02 +4.823019340e+02 +6.9668e-01 -2.8968e+00 -2.6466e+00 +2.3717e+00 +2.6221e-01
344 0 +5.253968263e-01 +4.822353968e+02 +4.822353968e+02 +1.2713e+00 -2.7751e+00 -2.9393e+00 +2.7646e+00 -3.5544e-01
378 0 +3.378912694e-01 +4.820478913e+02 +4.820478913e+02 +1.0284e+00 -2.9478e+00 -2.9629e+00 +3.3276e+00 -5.5980e-01
446 0 +2.669008802e-01 +4.819769009e+02 +4.819769009e+02 +1.1392e+00 -2.9383e+00 -2.8633e+00 +3.0152e+00 -2.2385e-01
452 0 +2.425446710e-01 +4.819525447e+02 +4.819525447e+02 +1.1825e+00 -3.0842e+00 -2.8129e+00 +3.0753e+00 -3.1651e-01
538 0 +6.461046834e-02 +4.817746105e+02 +4.817746105e+02 +1.0436e+00 -2.9776e+00 -2.8747e+00 +3.0298e+00 -3.9605e-01
559 0 +5.717106162e-02 +4.817671711e+02 +4.817671711e+02 +1.0207e+00 -2.9762e+00 -2.8906e+00 +3.0175e+00 -3.0813e-01
846 0 +5.173693445e-02 +4.817617369e+02 +4.817617369e+02 +9.2463e-01 -2.9563e+00 -2.8998e+00 +3.0419e+00 -4.0111e-01
1056 0 +4.016146301e-02 +4.817501615e+02 +4.817501615e+02 +1.0521e+00 -3.0204e+00 -2.9118e+00 +3.0564e+00 -3.6214e-01
1210 0 +3.639503126e-02 +4.817463950e+02 +4.817463950e+02 +1.0402e+00 -3.0015e+00 -2.9090e+00 +3.0356e+00 -3.7149e-01
% f evaluations | g evaluations | best noise-free fitness - Fopt (-3.646000000000e+01) + sum g_i+ | measured fitness | best measured fitness or single-digit g-values | x1 | x2...
1 0 +1.110755678e+01 -2.535244322e+01 -2.535244322e+01 +5.9671e-01 -3.8264e-02 +7.4769e-01 +1.6230e+00 -1.3415e-01
4 0 +1.009126069e+01 -2.636873931e+01 -2.636873931e+01 -4.6229e-01 -9.1283e-01 +4.1425e-01 -8.0802e-01 -1.3123e+00
5 0 +9.853372637e+00 -2.660662736e+01 -2.660662736e+01 +1.5656e+00 -1.2578e-01 +1.6753e-01 -1.3247e+00 -4.4438e-01
6 0 +6.864923841e+00 -2.959507616e+01 -2.959507616e+01 +2.1092e-01 -1.0510e+00 +4.7570e-01 -5.0064e-01 -1.9169e-01
13 0 +5.849552748e+00 -3.061044725e+01 -3.061044725e+01 -3.7917e-01 -8.5659e-02 -1.0063e+00 -1.0962e+00 +9.1253e-01
30 0 +5.317127794e+00 -3.114287221e+01 -3.114287221e+01 -3.6863e-01 -1.5416e+00 +1.4594e+00 -1.7844e+00 +8.9482e-01
38 0 +4.209955226e+00 -3.225004477e+01 -3.225004477e+01 +9.1704e-02 -1.9419e+00 -6.2738e-02 -7.0870e-01 +1.7839e+00
86 0 +3.681868008e+00 -3.277813199e+01 -3.277813199e+01 +9.5365e-02 -3.8678e+00 -7.3107e-01 +2.4112e+00 +1.6126e+00
120 0 +2.857777817e+00 -3.360222218e+01 -3.360222218e+01 +6.8588e-01 -3.9022e+00 +2.0137e-02 +2.1358e+00 +3.3539e+00
140 0 +2.857219070e+00 -3.360278093e+01 -3.360278093e+01 +1.0309e+00 -2.4702e+00 -5.7856e-02 -2.9661e-01 +2.1685e+00
152 0 +2.349065361e+00 -3.411093464e+01 -3.411093464e+01 +1.8911e+00 -2.6693e+00 -1.0863e+00 -6.2068e-01 +3.7890e+00
188 0 +2.131587686e+00 -3.432841231e+01 -3.432841231e+01 +2.3574e+00 -2.9247e+00 -2.9019e+00 +1.9191e+00 +3.6836e+00
190 0 +1.662056514e+00 -3.479794349e+01 -3.479794349e+01 +1.7089e+00 -3.0564e+00 -8.3868e-01 +1.3917e-01 +3.4754e+00
230 0 +1.243192510e+00 -3.521680749e+01 -3.521680749e+01 +2.0322e+00 -2.4451e+00 -2.7249e+00 +1.1867e+00 +3.2970e+00
241 0 +1.237070830e+00 -3.522292917e+01 -3.522292917e+01 +2.4238e+00 -3.0228e+00 -2.9643e+00 +1.7048e-01 +4.5954e+00
266 0 +1.078555823e+00 -3.538144418e+01 -3.538144418e+01 +2.2346e+00 -2.7405e+00 -2.9401e+00 +1.2674e+00 +4.1933e+00
267 0 +1.050489467e+00 -3.540951053e+01 -3.540951053e+01 +1.8402e+00 -2.9319e+00 -1.8960e+00 +1.2880e+00 +3.3912e+00
272 0 +9.625853204e-01 -3.549741468e+01 -3.549741468e+01 +1.4227e+00 -2.8213e+00 -2.1772e+00 +1.5110e+00 +3.4509e+00
282 0 +9.117611811e-01 -3.554823882e+01 -3.554823882e+01 +2.2498e+00 -3.0356e+00 -2.0498e+00 +1.2503e+00 +3.9276e+00
307 0 +2.601935898e-01 -3.619980641e+01 -3.619980641e+01 +2.1283e+00 -2.7656e+00 -2.3181e+00 +1.0786e+00 +3.8232e+00
344 0 +2.580385022e-01 -3.620196150e+01 -3.620196150e+01 +1.9539e+00 -2.9596e+00 -2.2484e+00 +1.1085e+00 +3.7019e+00
370 0 +2.128424985e-01 -3.624715750e+01 -3.624715750e+01 +2.2763e+00 -2.7947e+00 -2.2913e+00 +6.8970e-01 +4.1139e+00
416 0 +1.883843982e-01 -3.627161560e+01 -3.627161560e+01 +2.2024e+00 -2.8647e+00 -2.2792e+00 +9.4913e-01 +3.9526e+00
484 0 +1.774569124e-01 -3.628254309e+01 -3.628254309e+01 +2.2742e+00 -2.7702e+00 -2.3321e+00 +8.6423e-01 +4.0648e+00
485 0 +1.280396501e-01 -3.633196035e+01 -3.633196035e+01 +2.2079e+00 -2.7946e+00 -2.2528e+00 +9.4294e-01 +4.0147e+00
512 0 +1.264958242e-01 -3.633350418e+01 -3.633350418e+01 +2.2080e+00 -2.7696e+00 -2.1969e+00 +8.9282e-01 +4.0619e+00
578 0 +1.107963314e-01 -3.634920367e+01 -3.634920367e+01 +2.1740e+00 -2.8305e+00 -2.3020e+00 +9.1949e-01 +3.9948e+00
615 0 +8.293851396e-02 -3.637706149e+01 -3.637706149e+01 +2.1478e+00 -2.7506e+00 -2.3217e+00 +9.3788e-01 +3.9803e+00
717 0 +6.925812178e-02 -3.639074188e+01 -3.639074188e+01 +2.1723e+00 -2.8175e+00 -2.2734e+00 +8.9264e-01 +4.0262e+00
784 0 +5.198692139e-02 -3.640801308e+01 -3.640801308e+01 +2.1358e+00 -2.8373e+00 -2.2180e+00 +9.0723e-01 +3.9957e+00
792 0 +4.888310605e-02 -3.641111689e+01 -3.641111689e+01 +2.1835e+00 -2.8246e+00 -2.2383e+00 +8.5567e-01 +4.0592e+00
1071 0 +3.991503580e-02 -3.642008496e+01 -3.642008496e+01 +2.1367e+00 -2.8499e+00 -2.2098e+00 +9.3107e-01 +3.9782e+00
1074 0 +2.307709148e-02 -3.643692291e+01 -3.643692291e+01 +2.1129e+00 -2.8512e+00 -2.2140e+00 +9.4581e-01 +3.9747e+00
1142 0 +2.267747272e-02 -3.643732253e+01 -3.643732253e+01 +2.1241e+00 -2.8493e+00 -2.2234e+00 +9.4251e-01 +3.9920e+00
% f evaluations | g evaluations | best noise-free fitness - Fopt (3.920000000000e+01) + sum g_i+ | measured fitness | best measured fitness or single-digit g-values | x1 | x2...
1 0 +6.523640694e+00 +4.572364069e+01 +4.572364069e+01 +5.9671e-01 -3.8264e-02 +7.4769e-01 +1.6230e+00 -1.3415e-01
50 0 +5.115170716e+00 +4.431517072e+01 +4.431517072e+01 +1.8081e+00 +5.2194e-01 +1.4318e+00 -3.5674e-01 +2.9284e-01
52 0 +4.896830712e+00 +4.409683071e+01 +4.409683071e+01 +2.1152e+00 +1.2342e+00 +2.0823e+00 +2.0119e+00 -1.6570e+00
54 0 +4.238262272e+00 +4.343826227e+01 +4.343826227e+01 +2.3331e+00 +1.1328e+00 +2.3965e+00 +1.5725e+00 +8.8607e-01
57 0 +3.361683638e+00 +4.256168364e+01 +4.256168364e+01 +1.8451e+00 +6.0400e-01 +1.5738e+00 +2.2817e-01 -1.2115e+00
103 0 +2.230887114e+00 +4.143088711e+01 +4.143088711e+01 +4.1027e+00 +2.0693e+00 +2.8474e+00 +2.0794e+00 +2.0434e+00
172 0 +2.175351576e+00 +4.137535158e+01 +4.137535158e+01 +2.0446e+00 +3.1188e+00 +2.9586e+00 +2.9592e+00 +2.6163e+00
187 0 +1.097642525e+00 +4.029764252e+01 +4.029764252e+01 +3.6949e+00 +1.1502e+00 +1.9865e+00 +3.6505e+00 +2.0051e+00
257 0 +5.221148865e-01 +3.972211489e+01 +3.972211489e+01 +4.1058e+00 +1.5170e+00 +2.6716e+00 +3.1847e+00 +2.1627e+00
312 0 +4.254282129e-01 +3.962542821e+01 +3.962542821e+01 +3.3767e+00 +1.8063e+00 +2.2716e+00 +3.1842e+00 +2.3475e+00
351 0 +3.920929625e-01 +3.959209296e+01 +3.959209296e+01 +3.6544e+00 +1.5769e+00 +2.3504e+00 +3.2042e+00 +2.3858e+00
361 0 +3.215860277e-01 +3.952158603e+01 +3.952158603e+01 +3.2949e+00 +1.7053e+00 +2.3125e+00 +3.1176e+00 +2.4062e+00
394 0 +2.885230119e-01 +3.948852301e+01 +3.948852301e+01 +3.7231e+00 +1.5345e+00 +2.3695e+00 +3.4198e+00 +2.2595e+00
403 0 +1.669909632e-01 +3.936699096e+01 +3.936699096e+01 +3.6519e+00 +1.5954e+00 +2.3937e+00 +3.2422e+00 +2.1500e+00
489 0 +1.532806186e-01 +3.935328062e+01 +3.935328062e+01 +3.7918e+00 +1.5341e+00 +2.4886e+00 +3.2445e+00 +2.2116e+00
502 0 +1.304669649e-01 +3.933046696e+01 +3.933046696e+01 +3.8820e+00 +1.5899e+00 +2.5390e+00 +3.3121e+00 +2.2409e+00
503 0 +1.094918003e-01 +3.930949180e+01 +3.930949180e+01 +3.6843e+00 +1.6088e+00 +2.4827e+00 +3.2337e+00 +2.2564e+00
531 0 +5.260708249e-02 +3.925260708e+01 +3.925260708e+01 +3.7576e+00 +1.6389e+00 +2.4727e+00 +3.2448e+00 +2.2922e+00
985 0 +4.017687227e-02 +3.924017687e+01 +3.924017687e+01 +3.6967e+00 +1.6427e+00 +2.4530e+00 +3.2033e+00 +2.2657e+00
% f evaluations | g evaluations | best noise-free fitness - Fopt (-3.225000000000e+01) + sum g_i+ | measured fitness | best measured fitness or single-digit g-values | x1 | x2...
1 0 +1.406532040e+01 -1.818467960e+01 -1.818467960e+01 +5.9671e-01 -3.8264e-02 +7.4769e-01 +1.6230e+00 -1.3415e-01
7 0 +9.260279600e+00 -2.298972040e+01 -2.298972040e+01 -5.0171e-01 +1.9523e+00 +8.6503e-02 -9.5771e-01 +9.2254e-01
26 0 +8.822466537e+00 -2.342753346e+01 -2.342753346e+01 -3.6587e-01 +1.4936e+00 +1.7407e+00 -1.7857e+00 +1.2189e+00
34 0 +5.912722310e+00 -2.633727769e+01 -2.633727769e+01 +2.0121e+00 +8.5579e-01 +1.9506e-01 -6.1332e-01 +1.3916e+00
51 0 +4.680068980e+00 -2.756993102e+01 -2.756993102e+01 +3.4383e+00 +1.1395e+00 -7.8623e-01 -6.9661e-01 +3.3178e+00
57 0 +4.447587266e+00 -2.780241273e+01 -2.780241273e+01 +2.1513e+00 -6.7665e-02 -9.9215e-01 -1.3222e+00 +2.7788e+00
81 0 +3.348796006e+00 -2.890120399e+01 -2.890120399e+01 +2.6368e+00 +1.1266e+00 -1.9752e+00 -3.0701e+00 +2.0338e+00
84 0 +3.148873927e+00 -2.910112607e+01 -2.910112607e+01 +3.5250e+00 +1.2337e+00 -2.4236e+00 -2.4795e+00 +2.7057e+00
156 0 +2.851422001e+00 -2.939857800e+01 -2.939857800e+01 +4.2539e+00 +7.7342e-01 -1.5350e+00 -2.0167e+00 +2.5960e+00
173 0 +2.058872736e+00 -3.019112726e+01 -3.019112726e+01 +2.7802e+00 +7.0965e-01 +1.7782e-01 -2.9519e+00 +3.5637e+00
213 0 +1.920048589e+00 -3.032995141e+01 -3.032995141e+01 +3.4564e+00 +1.1204e+00 -1.6700e+00 -2.9082e+00 +3.8910e+00
232 0 +1.142673486e+00 -3.110732651e+01 -3.110732651e+01 +3.4905e+00 +3.4227e-01 -1.1677e+00 -3.0248e+00 +3.6317e+00
234 0 +8.118690518e-01 -3.143813095e+01 -3.143813095e+01 +3.7858e+00 +1.5071e+00 -7.3270e-01 -2.8160e+00 +3.3633e+00
267 0 +7.863895898e-01 -3.146361041e+01 -3.146361041e+01 +3.1635e+00 +1.3194e+00 -1.0782e+00 -2.8961e+00 +3.1800e+00
278 0 +6.216260688e-01 -3.162837393e+01 -3.162837393e+01 +3.3756e+00 +1.1652e+00 -9.3842e-01 -2.9471e+00 +3.5632e+00
304 0 +4.922662291e-01 -3.175773377e+01 -3.175773377e+01 +3.5832e+00 +1.0536e+00 -8.4681e-01 -2.5526e+00 +3.3249e+00
345 0 +4.288334010e-01 -3.182116660e+01 -3.182116660e+01 +3.7301e+00 +8.1476e-01 -7.1110e-01 -2.7352e+00 +3.2589e+00
366 0 +3.919241395e-01 -3.185807586e+01 -3.185807586e+01 +3.4592e+00 +1.3047e+00 -8.9745e-01 -2.8502e+00 +3.3237e+00
396 0 +3.823108629e-01 -3.186768914e+01 -3.186768914e+01 +3.6587e+00 +1.0100e+00 -9.7584e-01 -2.7860e+00 +3.2884e+00
406 0 +3.643943834e-01 -3.188560562e+01 -3.188560562e+01 +3.6909e+00 +1.0467e+00 -1.0060e+00 -2.5969e+00 +3.2110e+00
418 0 +3.641930530e-01 -3.188580695e+01 -3.188580695e+01 +3.6254e+00 +1.1264e+00 -1.0516e+00 -2.8668e+00 +3.0803e+00
423 0 +2.425195158e-01 -3.200748048e+01 -3.200748048e+01 +3.6172e+00 +1.1723e+00 -1.0073e+00 -2.9274e+00 +3.3950e+00
426 0 +2.403108480e-01 -3.200968915e+01 -3.200968915e+01 +3.6427e+00 +1.1870e+00 -9.1052e-01 -2.7037e+00 +3.4618e+00
462 0 +1.148377970e-01 -3.213516220e+01 -3.213516220e+01 +3.6113e+00 +1.1427e+00 -8.8444e-01 -2.7485e+00 +3.3200e+00
489 0 +1.073899504e-01 -3.214261005e+01 -3.214261005e+01 +3.6045e+00 +1.1147e+00 -9.4515e-01 -2.8212e+00 +3.2118e+00
591 0 +8.491704626e-02 -3.216508295e+01 -3.216508295e+01 +3.5688e+00 +1.0666e+00 -8.4629e-01 -2.8644e+00 +3.2841e+00
608 0 +5.995357766e-02 -3.219004642e+01 -3.219004642e+01 +3.5783e+00 +1.0844e+00 -8.5281e-01 -2.8097e+00 +3.2692e+00
759 0 +4.529768262e-02 -3.220470232e+01 -3.220470232e+01 +3.5751e+00 +1.0639e+00 -8.6309e-01 -2.7994e+00 +3.2619e+00
789 0 +4.253610529e-02 -3.220746389e+01 -3.220746389e+01 +3.5880e+00 +1.0745e+00 -8.4407e-01 -2.7970e+00 +3.3114e+00
806 0 +2.224922212e-02 -3.222775078e+01 -3.222775078e+01 +3.5896e+00 +1.0673e+00 -8.6445e-01 -2.7986e+00 +3.2550e+00
949 0 +2.181331486e-02 -3.222818669e+01 -3.222818669e+01 +3.5981e+00 +1.0547e+00 -8.5761e-01 -2.8138e+00 +3.2650e+00
% f evaluations | g evaluations | best noise-free fitness - Fopt (3.681200000000e+02) + sum g_i+ | measured fitness | best measured fitness or single-digit g-values | x1 | x2...
1 0 +1.307985437e+01 +3.811998544e+02 +3.811998544e+02 +5.9671e-01 -3.8264e-02 +7.4769e-01 +1.6230e+00 -1.3415e-01
2 0 +9.546472752e+00 +3.776664728e+02 +3.776664728e+02 -1.3414e-01 +1.6792e+00 +8.6743e-01 -3.6947e-01 +6.4256e-01
3 0 +5.743645547e+00 +3.738636455e+02 +3.738636455e+02 -3.6342e-01 -3.6573e-01 +3.4196e-01 -1.8133e+00 -1.6249e+00
44 0 +4.575456667e+00 +3.726954567e+02 +3.726954567e+02 -1.1422e+00 -4.0810e-01 -1.4420e-01 -1.2481e+00 -9.2963e-01
57 0 +4.296660175e+00 +3.724166602e+02 +3.724166602e+02 -1.2656e+00 -2.5778e-01 -5.4198e-01 -2.0752e-01 -9.0689e-01
82 0 +3.718753942e+00 +3.718387539e+02 +3.718387539e+02 -1.3866e+00 -2.2703e-01 -4.4945e-01 -1.4313e+00 -1.1276e+00
129 0 +3.524762401e+00 +3.716447624e+02 +3.716447624e+02 -9.1931e-01 -2.7758e-01 +5.1565e-01 -1.5460e+00 -1.8928e+00
135 0 +2.849211653e+00 +3.709692117e+02 +3.709692117e+02 -1.0209e+00 -1.7512e-01 +4.5562e-01 -2.2285e+00 -1.5817e+00
152 0 +2.171017460e+00 +3.702910175e+02 +3.702910175e+02 -2.4599e+00 -1.4911e+00 +8.7018e-01 -2.1200e+00 -1.2618e-01
181 0 +2.089162598e+00 +3.702091626e+02 +3.702091626e+02 -2.2133e+00 -9.9257e-01 +1.0922e+00 -2.4006e+00 +6.6623e-02
194 0 +2.014805823e+00 +3.701348058e+02 +3.701348058e+02 -2.0108e+00 -2.5631e-01 +8.4024e-01 -1.9460e+00 -6.7648e-01
206 0 +1.571113931e+00 +3.696911139e+02 +3.696911139e+02 -2.1141e+00 -3.9644e-01 +9.9144e-01 -1.8392e+00 -1.3831e-01
234 0 +1.127161807e+00 +3.692471618e+02 +3.692471618e+02 -2.4249e+00 -4.3114e-01 +1.1798e+00 -1.8171e+00 -6.4235e-01
310 0 +1.027820217e+00 +3.691478202e+02 +3.691478202e+02 -2.3569e+00 -9.1320e-01 +8.6626e-01 -1.9831e+00 -2.5657e-01
343 0 +9.743517162e-01 +3.690943517e+02 +3.690943517e+02 -2.2836e+00 -5.5960e-01 +9.9164e-01 -2.2702e+00 -6.6675e-01
375 0 +8.870518470e-01 +3.690070518e+02 +3.690070518e+02 -2.3916e+00 -7.0871e-01 +1.1717e+00 -2.0944e+00 -3.3380e-01
378 0 +8.639951501e-01 +3.689839952e+02 +3.689839952e+02 -2.7192e+00 -1.1284e+00 +4.6381e-01 -2.4859e+00 -8.2861e-01
379 0 +5.294435054e-01 +3.686494435e+02 +3.686494435e+02 -2.5755e+00 -7.7137e-01 +5.6695e-01 -2.2483e+00 -7.2313e-01
398 0 +4.042564185e-01 +3.685242564e+02 +3.685242564e+02 -2.4443e+00 -7.4514e-01 +8.4713e-01 -2.1597e+00 -4.6959e-01
403 0 +3.338246243e-01 +3.684538246e+02 +3.684538246e+02 -2.5830e+00 -6.6355e-01 +7.5460e-01 -2.1455e+00 -6.2780e-01
405 0 +2.788660611e-01 +3.683988661e+02 +3.683988661e+02 -2.4255e+00 -8.6951e-01 +7.6196e-01 -2.1905e+00 -6.0688e-01
457 0 +1.949033832e-01 +3.683149034e+02 +3.683149034e+02 -2.4339e+00 -9.6016e-01 +7.0108e-01 -2.4315e+00 -7.1549e-01
459 0 +1.400066576e-01 +3.682600067e+02 +3.682600067e+02 -2.4921e+00 -9.5244e-01 +7.2058e-01 -2.2865e+00 -5.8851e-01
501 0 +1.145287799e-01 +3.682345288e+02 +3.682345288e+02 -2.4746e+00 -1.0160e+00 +6.8520e-01 -2.2918e+00 -6.3374e-01
553 0 +9.540141310e-02 +3.682154014e+02 +3.682154014e+02 -2.4818e+00 -1.0909e+00 +7.0641e-01 -2.3539e+00 -6.4068e-01
612 0 +9.358756834e-02 +3.682135876e+02 +3.682135876e+02 -2.4677e+00 -1.1840e+00 +6.5109e-01 -2.4036e+00 -7.2186e-01
615 0 +8.413453649e-02 +3.682041345e+02 +3.682041345e+02 -2.4768e+00 -9.8815e-01 +7.2232e-01 -2.2842e+00 -5.9833e-01
649 0 +7.385240812e-02 +3.681938524e+02 +3.681938524e+02 -2.4613e+00 -1.0452e+00 +7.0581e-01 -2.3507e+00 -6.7471e-01
727 0 +6.227521433e-02 +3.681822752e+02 +3.681822752e+02 -2.4506e+00 -1.1193e+00 +7.1095e-01 -2.3236e+00 -6.3200e-01
729 0 +5.649225258e-02 +3.681764923e+02 +3.681764923e+02 -2.4840e+00 -1.0892e+00 +6.9692e-01 -2.3009e+00 -6.4820e-01
741 0 +3.514015837e-02 +3.681551402e+02 +3.681551402e+02 -2.4748e+00 -1.0989e+00 +6.9139e-01 -2.3473e+00 -6.7100e-01
761 0 +3.121491206e-02 +3.681512149e+02 +3.681512149e+02 -2.4764e+00 -1.1023e+00 +7.0580e-01 -2.3182e+00 -6.6152e-01
838 0 +2.975177833e-02 +3.681497518e+02 +3.681497518e+02 -2.4346e+00 -1.0892e+00 +7.1871e-01 -2.3407e+00 -6.5589e-01
940 0 +2.805977886e-02 +3.681480598e+02 +3.681480598e+02 -2.4629e+00 -1.1149e+00 +6.9323e-01 -2.3291e+00 -6.6929e-01
1048 0 +2.466413914e-02 +3.681446641e+02 +3.681446641e+02 -2.4640e+00 -1.0760e+00 +7.1067e-01 -2.3173e+00 -6.5339e-01
1177 0 +2.448378161e-02 +3.681444838e+02 +3.681444838e+02 -2.4561e+00 -1.0864e+00 +7.2320e-01 -2.3430e+00 -6.5877e-01
1179 0 +1.560141385e-02 +3.681356014e+02 +3.681356014e+02 -2.4614e+00 -1.0866e+00 +7.1785e-01 -2.3310e+00 -6.6153e-01
