% f evaluations | g evaluations | best noise-free fitness - Fopt (3.590000000000e+01) + sum g_i+ | measured fitness | best measured fitness or single-digit g-values | x1 | x2...
1 0 +1.573471996e+05 +1.573830996e+05 +1.573830996e+05 +5.9671e-01 -3.8264e-02
2 0 +9.222697216e+04 +9.226287216e+04 +9.226287216e+04 +7.4769e-01 +1.6230e+00
4 0 +3.576958594e+04 +3.580548594e+04 +3.580548594e+04 +1.6792e+00 +8.6743e-01
11 0 +1.837143961e+02 +2.196143961e+02 +2.196143961e+02 +3.2982e+00 +1.7195e+00
21 0 +3.208438985e+00 +3.910843898e+01 +3.910843898e+01 +3.5315e+00 +7.1196e-01
36 0 +2.432065385e+00 +3.833206538e+01 +3.833206538e+01 +3.4428e+00 +6.0256e-01
51 0 +5.151733902e-01 +3.641517339e+01 +3.641517339e+01 +3.0716e+00 +5.2876e-01
62 0 +2.932502805e-01 +3.619325028e+01 +3.619325028e+01 +2.9976e+00 +7.0958e-01
118 0 +2.591882660e-01 +3.615918827e+01 +3.615918827e+01 +2.9910e+00 +8.4366e-01
180 0 +2.419598407e-01 +3.614195984e+01 +3.614195984e+01 +2.9820e+00 +8.6029e-01
187 0 +2.410087420e-01 +3.614100874e+01 +3.614100874e+01 +2.9812e+00 +8.6616e-01
211 0 +1.741474555e-01 +3.607414746e+01 +3.607414746e+01 +2.9534e+00 +8.6410e-01
216 0 +1.578976851e-01 +3.605789769e+01 +3.605789769e+01 +2.9439e+00 +8.6860e-01
222 0 +1.004210446e-01 +3.600042104e+01 +3.600042104e+01 +2.9014e+00 +8.7828e-01
291 0 +9.912357140e-02 +3.599912357e+01 +3.599912357e+01 +2.9004e+00 +8.7777e-01
298 0 +9.896116801e-02 +3.599896117e+01 +3.599896117e+01 +2.8995e+00 +8.7538e-01
304 0 +9.711422236e-02 +3.599711422e+01 +3.599711422e+01 +2.8998e+00 +8.8017e-01
311 0 +9.703021788e-02 +3.599703022e+01 +3.599703022e+01 +2.9000e+00 +8.8089e-01
321 0 +9.619222060e-02 +3.599619222e+01 +3.599619222e+01 +2.8991e+00 +8.7991e-01
331 0 +9.613566164e-02 +3.599613566e+01 +3.599613566e+01 +2.8989e+00 +8.7927e-01
332 0 +9.565144481e-02 +3.599565144e+01 +3.599565144e+01 +2.8987e+00 +8.7975e-01
334 0 +9.541626995e-02 +3.599541627e+01 +3.599541627e+01 +2.8985e+00 +8.7972e-01
335 0 +9.526920690e-02 +3.599526921e+01 +3.599526921e+01 +2.8983e+00 +8.7951e-01
338 0 +9.454961721e-02 +3.599454962e+01 +3.599454962e+01 +2.8979e+00 +8.7992e-01
339 0 +9.453123786e-02 +3.599453124e+01 +3.599453124e+01 +2.8979e+00 +8.7997e-01
341 0 +9.394179913e-02 +3.599394180e+01 +3.599394180e+01 +2.8975e+00 +8.8011e-01
349 0 +9.329074335e-02 +3.599329074e+01 +3.599329074e+01 +2.8967e+00 +8.7936e-01
350 0 +9.296915867e-02 +3.599296916e+01 +3.599296916e+01 +2.8968e+00 +8.8023e-01
352 0 +9.264278675e-02 +3.599264279e+01 +3.599264279e+01 +2.8967e+00 +8.8081e-01
353 0 +9.220708675e-02 +3.599220709e+01 +3.599220709e+01 +2.8962e+00 +8.8033e-01
355 0 +9.195213689e-02 +3.599195214e+01 +3.599195214e+01 +2.8961e+00 +8.8055e-01
359 0 +9.182581609e-02 +3.599182582e+01 +3.599182582e+01 +2.8960e+00 +8.8059e-01
362 0 +9.138996918e-02 +3.599138997e+01 +3.599138997e+01 +2.8953e+00 +8.7978e-01
363 0 +9.089705919e-02 +3.599089706e+01 +3.599089706e+01 +2.8956e+00 +8.8183e-01
367 0 +9.065682944e-02 +3.599065683e+01 +3.599065683e+01 +2.8949e+00 +8.8039e-01
371 0 +9.035799853e-02 +3.599035800e+01 +3.599035800e+01 +2.8950e+00 +8.8139e-01
372 0 +9.024349490e-02 +3.599024349e+01 +3.599024349e+01 +2.8947e+00 +8.8098e-01
377 0 +8.977825100e-02 +3.598977825e+01 +3.598977825e+01 +2.8940e+00 +8.8019e-01
382 0 +8.968522632e-02 +3.598968523e+01 +3.598968523e+01 +2.8940e+00 +8.8057e-01
386 0 +8.939257988e-02 +3.598939258e+01 +3.598939258e+01 +2.8940e+00 +8.8120e-01
388 0 +8.918461356e-02 +3.598918461e+01 +3.598918461e+01 +2.8935e+00 +8.8056e-01
390 0 +8.911035680e-02 +3.598911036e+01 +3.598911036e+01 +2.8934e+00 +8.8034e-01
391 0 +8.901485170e-02 +3.598901485e+01 +3.598901485e+01 +2.8933e+00 +8.8045e-01
392 0 +8.884501476e-02 +3.598884501e+01 +3.598884501e+01 +2.8931e+00 +8.8034e-01
394 0 +8.883311726e-02 +3.598883312e+01 +3.598883312e+01 +2.8931e+00 +8.8049e-01
396 0 +8.860379763e-02 +3.598860380e+01 +3.598860380e+01 +2.8930e+00 +8.8083e-01
401 0 +8.835135621e-02 +3.598835136e+01 +3.598835136e+01 +2.8927e+00 +8.8080e-01
403 0 +8.821094431e-02 +3.598821094e+01 +3.598821094e+01 +2.8925e+00 +8.8056e-01
410 0 +8.787247648e-02 +3.598787248e+01 +3.598787248e+01 +2.8923e+00 +8.8105e-01
418 0 +8.745906693e-02 +3.598745907e+01 +3.598745907e+01 +2.8917e+00 +8.8075e-01
424 0 +8.728630531e-02 +3.598728631e+01 +3.598728631e+01 +2.8916e+00 +8.8107e-01
428 0 +8.717869888e-02 +3.598717870e+01 +3.598717870e+01 +2.8915e+00 +8.8110e-01
430 0 +8.713920527e-02 +3.598713921e+01 +3.598713921e+01 +2.8914e+00 +8.8097e-01
431 0 +8.426156411e-02 +3.598426156e+01 +3.598426156e+01 +2.8876e+00 +8.8173e-01
441 0 +8.140295466e-02 +3.598140295e+01 +3.598140295e+01 +2.8806e+00 +8.8261e-01
454 0 +8.007301977e-02 +3.598007302e+01 +3.598007302e+01 +2.8709e+00 +8.8374e-01
455 0 +8.006155471e-02 +3.598006155e+01 +3.598006155e+01 +2.8712e+00 +8.8413e-01
474 0 +8.003950304e-02 +3.598003950e+01 +3.598003950e+01 +2.8744e+00 +8.8742e-01
489 0 +7.997916292e-02 +3.597997916e+01 +3.597997916e+01 +2.8733e+00 +8.8718e-01
499 0 +7.989167191e-02 +3.597989167e+01 +3.597989167e+01 +2.8728e+00 +8.8801e-01
% f evaluations | g evaluations | best noise-free fitness - Fopt (3.137000000000e+01) + sum g_i+ | measured fitness | best measured fitness or single-digit g-values | x1 | x2...
1 0 +1.020947192e+04 +1.024084192e+04 +1.024084192e+04 +5.9671e-01 -3.8264e-02
2 0 +7.363259375e+00 +3.873325937e+01 +3.873325937e+01 +7.4769e-01 +1.6230e+00
11 0 +2.265726251e+00 +3.363572625e+01 +3.363572625e+01 +1.9018e-01 +2.1054e+00
36 0 +1.063070699e+00 +3.243307070e+01 +3.243307070e+01 -1.2564e-01 +2.6539e+00
37 0 +3.497981174e-01 +3.171979812e+01 +3.171979812e+01 -2.1931e-01 +2.3571e+00
87 0 +1.542165540e-01 +3.152421655e+01 +3.152421655e+01 -1.9459e-01 +2.0926e+00
147 0 +1.452492238e-01 +3.151524922e+01 +3.151524922e+01 -2.0935e-01 +2.1096e+00
152 0 +1.441297987e-01 +3.151412980e+01 +3.151412980e+01 -2.1216e-01 +2.1143e+00
153 0 +1.429964975e-01 +3.151299650e+01 +3.151299650e+01 -2.0904e-01 +2.1027e+00
170 0 +1.356841583e-01 +3.150568416e+01 +3.150568416e+01 -2.2614e-01 +2.1328e+00
171 0 +1.355600477e-01 +3.150556005e+01 +3.150556005e+01 -2.2662e-01 +2.1337e+00
175 0 +1.338217486e-01 +3.150382175e+01 +3.150382175e+01 -2.1159e-01 +2.0932e+00
176 0 +1.314377148e-01 +3.150143771e+01 +3.150143771e+01 -2.3365e-01 +2.1433e+00
181 0 +1.125456002e-01 +3.148254560e+01 +3.148254560e+01 -2.3480e-01 +2.1274e+00
182 0 +1.110455593e-01 +3.148104556e+01 +3.148104556e+01 -2.3815e-01 +2.1327e+00
183 0 +1.081289567e-01 +3.147812896e+01 +3.147812896e+01 -2.3414e-01 +2.1221e+00
185 0 +1.054200753e-01 +3.147542008e+01 +3.147542008e+01 -2.2466e-01 +2.0982e+00
186 0 +1.040137360e-01 +3.147401374e+01 +3.147401374e+01 -2.2556e-01 +2.0990e+00
191 0 +9.143979288e-02 +3.146143979e+01 +3.146143979e+01 -2.3362e-01 +2.1042e+00
192 0 +8.638189188e-02 +3.145638189e+01 +3.145638189e+01 -2.3234e-01 +2.0939e+00
195 0 +8.450684928e-02 +3.145450685e+01 +3.145450685e+01 -2.3326e-01 +2.0924e+00
199 0 +8.205437561e-02 +3.145205438e+01 +3.145205438e+01 -2.4099e-01 +2.1022e+00
203 0 +8.111787033e-02 +3.145111787e+01 +3.145111787e+01 -2.3662e-01 +2.0895e+00
208 0 +8.002740923e-02 +3.145002741e+01 +3.145002741e+01 -2.3678e-01 +2.0815e+00
209 0 +7.985829877e-02 +3.144985830e+01 +3.144985830e+01 -2.3892e-01 +2.0840e+00
211 0 +3.627922664e-02 +3.140627923e+01 +3.140627923e+01 -2.5723e-01 +2.0255e+00
224 0 +2.015546045e-02 +3.139015546e+01 +3.139015546e+01 -2.5074e-01 +1.9688e+00
233 0 +1.124646755e-03 +3.137112465e+01 +3.137112465e+01 -2.6480e-01 +1.8980e+00
332 0 +1.071213161e-03 +3.137107121e+01 +3.137107121e+01 -2.6474e-01 +1.8954e+00
350 0 +9.793563601e-04 +3.137097936e+01 +3.137097936e+01 -2.6613e-01 +1.9033e+00
357 0 +9.197882639e-04 +3.137091979e+01 +3.137091979e+01 -2.6602e-01 +1.9009e+00
375 0 +8.859023178e-04 +3.137088590e+01 +3.137088590e+01 -2.6592e-01 +1.8989e+00
384 0 +8.664120359e-04 +3.137086641e+01 +3.137086641e+01 -2.6634e-01 +1.9011e+00
391 0 +8.259736670e-04 +3.137082597e+01 +3.137082597e+01 -2.6641e-01 +1.9004e+00
396 0 +7.626779820e-04 +3.137076268e+01 +3.137076268e+01 -2.6671e-01 +1.9008e+00
401 0 +7.054467060e-04 +3.137070545e+01 +3.137070545e+01 -2.6697e-01 +1.9013e+00
406 0 +6.226438780e-04 +3.137062264e+01 +3.137062264e+01 -2.6712e-01 +1.9007e+00
411 0 +6.118836907e-04 +3.137061188e+01 +3.137061188e+01 -2.6719e-01 +1.9009e+00
413 0 +5.480040256e-04 +3.137054800e+01 +3.137054800e+01 -2.6746e-01 +1.9009e+00
421 0 +5.376330602e-04 +3.137053763e+01 +3.137053763e+01 -2.6741e-01 +1.9002e+00
432 0 +5.365476746e-04 +3.137053655e+01 +3.137053655e+01 -2.6752e-01 +1.9008e+00
434 0 +5.197250552e-04 +3.137051973e+01 +3.137051973e+01 -2.6751e-01 +1.8998e+00
438 0 +5.079232556e-04 +3.137050792e+01 +3.137050792e+01 -2.6781e-01 +1.9005e+00
441 0 +3.249552244e-04 +3.137032496e+01 +3.137032496e+01 -2.6885e-01 +1.9010e+00
455 0 +2.669510062e-04 +3.137026695e+01 +3.137026695e+01 -2.6950e-01 +1.9011e+00
458 0 +1.868376940e-04 +3.137018684e+01 +3.137018684e+01 -2.6979e-01 +1.9001e+00
461 0 +1.839429675e-04 +3.137018394e+01 +3.137018394e+01 -2.7198e-01 +1.9050e+00
462 0 +1.274755573e-04 +3.137012748e+01 +3.137012748e+01 -2.7163e-01 +1.9028e+00
% f evaluations | g evaluations | best noise-free fitness - Fopt (-1.000000000000e+03) + sum g_i+ | measured fitness | best measured fitness or single-digit g-values | x1 | x2...
1 0 +2.373419288e+04 +2.273419288e+04 +2.273419288e+04 +5.9671e-01 -3.8264e-02
4 0 +5.070829686e+03 +4.070829686e+03 +4.070829686e+03 +1.6792e+00 +8.6743e-01
7 0 +2.679302115e+03 +1.679302115e+03 +1.679302115e+03 +3.4196e-01 -1.8133e+00
11 0 +1.457738408e+01 -9.854226159e+02 -9.854226159e+02 +2.0730e+00 -4.6965e-02
12 0 +1.422690438e+01 -9.857730956e+02 -9.857730956e+02 +2.0575e+00 -1.9921e-01
14 0 +9.107450988e+00 -9.908925490e+02 -9.908925490e+02 +1.4838e+00 -8.4619e-01
17 0 +6.708987763e+00 -9.932910122e+02 -9.932910122e+02 +1.2336e+00 -1.5241e+00
18 0 +6.132855522e+00 -9.938671445e+02 -9.938671445e+02 +1.1305e+00 -1.4887e+00
21 0 +4.491403859e+00 -9.955085961e+02 -9.955085961e+02 +9.4992e-01 -1.6801e+00
31 0 +4.112936007e+00 -9.958870640e+02 -9.958870640e+02 +8.5573e-01 -2.3044e+00
109 0 +4.030114488e+00 -9.959698855e+02 -9.959698855e+02 +8.7307e-01 -2.0869e+00
114 0 +3.983961099e+00 -9.960160389e+02 -9.960160389e+02 +8.4475e-01 -2.2646e+00
118 0 +3.971673922e+00 -9.960283261e+02 -9.960283261e+02 +8.6885e-01 -2.0303e+00
121 0 +3.965223786e+00 -9.960347762e+02 -9.960347762e+02 +8.6561e-01 -2.0617e+00
132 0 +3.942314309e+00 -9.960576857e+02 -9.960576857e+02 +8.6575e-01 -2.0068e+00
140 0 +3.889372331e+00 -9.961106277e+02 -9.961106277e+02 +8.5705e-01 -2.0173e+00
146 0 +3.882973005e+00 -9.961170270e+02 -9.961170270e+02 +8.5831e-01 -1.9595e+00
150 0 +3.803469291e+00 -9.961965307e+02 -9.961965307e+02 +8.4500e-01 -1.9910e+00
154 0 +3.741854998e+00 -9.962581450e+02 -9.962581450e+02 +8.3548e-01 -1.9966e+00
158 0 +3.729431939e+00 -9.962705681e+02 -9.962705681e+02 +8.3400e-01 -1.9794e+00
167 0 +3.660967058e+00 -9.963390329e+02 -9.963390329e+02 +8.2377e-01 -1.9744e+00
170 0 +3.641859123e+00 -9.963581409e+02 -9.963581409e+02 +8.2016e-01 -2.0179e+00
171 0 +3.628361324e+00 -9.963716387e+02 -9.963716387e+02 +8.1882e-01 -1.9874e+00
172 0 +3.609844193e+00 -9.963901558e+02 -9.963901558e+02 +8.1608e-01 -1.9915e+00
176 0 +3.598625288e+00 -9.964013747e+02 -9.964013747e+02 +8.1455e-01 -1.9733e+00
180 0 +3.548925626e+00 -9.964510744e+02 -9.964510744e+02 +8.0697e-01 -2.0176e+00
188 0 +3.537202124e+00 -9.964627979e+02 -9.964627979e+02 +8.0556e-01 -1.9703e+00
190 0 +3.483065840e+00 -9.965169342e+02 -9.965169342e+02 +7.9791e-01 -1.9882e+00
196 0 +3.448018949e+00 -9.965519811e+02 -9.965519811e+02 +7.9278e-01 -1.9756e+00
201 0 +3.424328773e+00 -9.965756712e+02 -9.965756712e+02 +7.8950e-01 -1.9812e+00
207 0 +3.393853720e+00 -9.966061463e+02 -9.966061463e+02 +7.8514e-01 -1.9798e+00
211 0 +3.302718990e+00 -9.966972810e+02 -9.966972810e+02 +7.7228e-01 -1.9837e+00
214 0 +3.286971519e+00 -9.967130285e+02 -9.967130285e+02 +7.6994e-01 -1.9808e+00
221 0 +2.939205935e+00 -9.970607941e+02 -9.970607941e+02 +7.1352e-01 -1.9580e+00
231 0 +2.678777350e+00 -9.973212226e+02 -9.973212226e+02 +6.5255e-01 -1.9536e+00
232 0 +2.630406810e+00 -9.973695932e+02 -9.973695932e+02 +6.3585e-01 -1.9516e+00
239 0 +2.605978815e+00 -9.973940212e+02 -9.973940212e+02 +6.2432e-01 -1.9435e+00
241 0 +2.542011841e+00 -9.974579882e+02 -9.974579882e+02 +6.0242e-01 -1.9633e+00
251 0 +2.535245627e+00 -9.974647544e+02 -9.974647544e+02 +6.0135e-01 -1.9700e+00
261 0 +2.466649929e+00 -9.975333501e+02 -9.975333501e+02 +5.8526e-01 -2.0203e+00
281 0 +2.436427470e+00 -9.975635725e+02 -9.975635725e+02 +5.6806e-01 -2.0057e+00
318 0 +2.327200662e+00 -9.976727993e+02 -9.976727993e+02 +5.3863e-01 -2.0352e+00
432 0 +2.326860483e+00 -9.976731395e+02 -9.976731395e+02 +5.3765e-01 -2.0330e+00
433 0 +2.326684227e+00 -9.976733158e+02 -9.976733158e+02 +5.3650e-01 -2.0302e+00
441 0 +2.324403369e+00 -9.976755966e+02 -9.976755966e+02 +5.3661e-01 -2.0323e+00
445 0 +2.323033993e+00 -9.976769660e+02 -9.976769660e+02 +5.3548e-01 -2.0306e+00
451 0 +2.320678394e+00 -9.976793216e+02 -9.976793216e+02 +5.3458e-01 -2.0303e+00
454 0 +2.320483124e+00 -9.976795169e+02 -9.976795169e+02 +5.3429e-01 -2.0297e+00
461 0 +2.319330815e+00 -9.976806692e+02 -9.976806692e+02 +5.3449e-01 -2.0311e+00
462 0 +2.318313207e+00 -9.976816868e+02 -9.976816868e+02 +5.3408e-01 -2.0309e+00
468 0 +2.318124212e+00 -9.976818758e+02 -9.976818758e+02 +5.3364e-01 -2.0300e+00
471 0 +2.316821521e+00 -9.976831785e+02 -9.976831785e+02 +5.3332e-01 -2.0302e+00
472 0 +2.316705339e+00 -9.976832947e+02 -9.976832947e+02 +5.3322e-01 -2.0301e+00
473 0 +2.316487955e+00 -9.976835120e+02 -9.976835120e+02 +5.3304e-01 -2.0298e+00
477 0 +2.315882529e+00 -9.976841175e+02 -9.976841175e+02 +5.3256e-01 -2.0291e+00
481 0 +2.312531454e+00 -9.976874685e+02 -9.976874685e+02 +5.3185e-01 -2.0300e+00
484 0 +2.310996162e+00 -9.976890038e+02 -9.976890038e+02 +5.3161e-01 -2.0306e+00
487 0 +2.310435179e+00 -9.976895648e+02 -9.976895648e+02 +5.3130e-01 -2.0303e+00
491 0 +2.308615543e+00 -9.976913845e+02 -9.976913845e+02 +5.3098e-01 -2.0309e+00
492 0 +2.307561267e+00 -9.976924387e+02 -9.976924387e+02 +5.3101e-01 -2.0318e+00
493 0 +2.306110603e+00 -9.976938894e+02 -9.976938894e+02 +5.3028e-01 -2.0311e+00
498 0 +2.305674853e+00 -9.976943251e+02 -9.976943251e+02 +5.2965e-01 -2.0299e+00
499 0 +2.305137780e+00 -9.976948622e+02 -9.976948622e+02 +5.3051e-01 -2.0324e+00
500 0 +2.305069730e+00 -9.976949303e+02 -9.976949303e+02 +5.2946e-01 -2.0300e+00
% f evaluations | g evaluations | best noise-free fitness - Fopt (1.319200000000e+02) + sum g_i+ | measured fitness | best measured fitness or single-digit g-values | x1 | x2...
1 0 +2.200875834e+01 +1.539287583e+02 +1.539287583e+02 +5.9671e-01 -3.8264e-02
3 0 +2.065524130e+01 +1.525752413e+02 +1.525752413e+02 -1.3415e-01 -1.3414e-01
5 0 +1.227630518e+01 +1.441963052e+02 +1.441963052e+02 -3.6947e-01 +6.4256e-01
9 0 +1.220080265e+01 +1.441208027e+02 +1.441208027e+02 -9.1283e-01 +4.1425e-01
13 0 +1.155957461e+01 +1.434795746e+02 +1.434795746e+02 -7.0222e-01 +5.8302e-01
17 0 +1.088180429e+01 +1.428018043e+02 +1.428018043e+02 -8.0235e-01 +6.1137e-01
21 0 +7.409943991e+00 +1.393299440e+02 +1.393299440e+02 -1.3067e+00 +7.4055e-01
22 0 +7.088783576e+00 +1.390087836e+02 +1.390087836e+02 -1.3370e+00 +7.9123e-01
23 0 +6.356289271e+00 +1.382762893e+02 +1.382762893e+02 -1.6017e+00 +9.1405e-01
33 0 +2.058613049e+00 +1.339786130e+02 +1.339786130e+02 -2.6386e+00 +1.4191e+00
48 0 +4.706962352e-01 +1.323906962e+02 +1.323906962e+02 -3.4949e+00 +1.6413e+00
133 0 +4.692612011e-01 +1.323892612e+02 +1.323892612e+02 -3.5004e+00 +1.6410e+00
189 0 +4.405147954e-01 +1.323605148e+02 +1.323605148e+02 -3.5141e+00 +1.6488e+00
190 0 +4.348234902e-01 +1.323548235e+02 +1.323548235e+02 -3.5109e+00 +1.6515e+00
228 0 +4.337865809e-01 +1.323537866e+02 +1.323537866e+02 -3.5181e+00 +1.6510e+00
232 0 +4.287588779e-01 +1.323487589e+02 +1.323487589e+02 -3.5092e+00 +1.6544e+00
241 0 +4.241101435e-01 +1.323441101e+02 +1.323441101e+02 -3.5212e+00 +1.6550e+00
245 0 +4.210097804e-01 +1.323410098e+02 +1.323410098e+02 -3.5208e+00 +1.6566e+00
251 0 +3.822609136e-01 +1.323022609e+02 +1.323022609e+02 -3.5683e+00 +1.6763e+00
264 0 +3.428657931e-01 +1.322628658e+02 +1.322628658e+02 -3.5820e+00 +1.6939e+00
267 0 +3.258216817e-01 +1.322458217e+02 +1.322458217e+02 -3.5883e+00 +1.6999e+00
271 0 +3.043858096e-01 +1.322243858e+02 +1.322243858e+02 -3.8887e+00 +1.7216e+00
272 0 +1.992537118e-01 +1.321192537e+02 +1.321192537e+02 -3.7518e+00 +1.7432e+00
281 0 +4.167650108e-02 +1.319616765e+02 +1.319616765e+02 -4.0241e+00 +1.8680e+00
284 0 +1.920930824e-02 +1.319392093e+02 +1.319392093e+02 -3.9572e+00 +1.8688e+00
285 0 +1.047010629e-02 +1.319304701e+02 +1.319304701e+02 -3.9268e+00 +1.8776e+00
% f evaluations | g evaluations | best noise-free fitness - Fopt (5.908400000000e+02) + sum g_i+ | measured fitness | best measured fitness or single-digit g-values | x1 | x2...
1 0 +4.125852065e+04 +4.184936065e+04 +4.184936065e+04 +5.9671e-01 -3.8264e-02
3 0 +1.783210693e+04 +1.842294693e+04 +1.842294693e+04 -1.3415e-01 -1.3414e-01
6 0 +8.056471948e+03 +8.647311948e+03 +8.647311948e+03 -3.6342e-01 -3.6573e-01
7 0 +9.794827975e+02 +1.570322798e+03 +1.570322798e+03 +3.4196e-01 -1.8133e+00
8 0 +2.536658770e+01 +6.162065877e+02 +6.162065877e+02 -1.6249e+00 -4.6229e-01
10 0 +1.480512980e+01 +6.056451298e+02 +6.056451298e+02 -8.0802e-01 -1.3123e+00
18 0 +6.627345731e+00 +5.974673457e+02 +5.974673457e+02 +1.9598e-01 -2.6157e+00
21 0 +5.694954027e+00 +5.965349540e+02 +5.965349540e+02 +1.4458e+00 -4.9196e+00
44 0 +2.334664324e+00 +5.931746643e+02 +5.931746643e+02 +1.0914e+00 -3.7272e+00
61 0 +9.542536019e-01 +5.917942536e+02 +5.917942536e+02 +1.0505e+00 -3.1976e+00
132 0 +7.256092414e-01 +5.915656092e+02 +5.915656092e+02 +1.0879e+00 -3.1429e+00
141 0 +7.242674421e-01 +5.915642674e+02 +5.915642674e+02 +1.1011e+00 -3.1792e+00
149 0 +7.223369613e-01 +5.915623370e+02 +5.915623370e+02 +1.0683e+00 -3.0662e+00
161 0 +7.074479849e-01 +5.915474480e+02 +5.915474480e+02 +1.0870e+00 -3.1032e+00
167 0 +6.166707371e-01 +5.914566707e+02 +5.914566707e+02 +1.1394e+00 -3.2054e+00
169 0 +5.616416090e-01 +5.914016416e+02 +5.914016416e+02 +1.1498e+00 -3.2112e+00
171 0 +4.895323884e-01 +5.913295324e+02 +5.913295324e+02 +1.1579e+00 -3.2003e+00
181 0 +4.588585234e-01 +5.912988585e+02 +5.912988585e+02 +1.1647e+00 -3.2021e+00
182 0 +4.442423811e-01 +5.912842424e+02 +5.912842424e+02 +1.1530e+00 -3.1534e+00
183 0 +4.105027035e-01 +5.912505027e+02 +5.912505027e+02 +1.1616e+00 -3.1416e+00
184 0 +3.813560716e-01 +5.912213561e+02 +5.912213561e+02 +1.1954e+00 -3.2047e+00
196 0 +3.374350139e-01 +5.911774350e+02 +5.911774350e+02 +1.2137e+00 -3.2142e+00
199 0 +3.262262684e-01 +5.911662263e+02 +5.911662263e+02 +1.1958e+00 -3.1403e+00
200 0 +3.159643013e-01 +5.911559643e+02 +5.911559643e+02 +1.2015e+00 -3.1510e+00
201 0 +3.066969865e-01 +5.911466970e+02 +5.911466970e+02 +1.2145e+00 -3.1885e+00
203 0 +2.563790394e-01 +5.910963790e+02 +5.910963790e+02 +1.2288e+00 -3.1784e+00
204 0 +2.434837612e-01 +5.910834838e+02 +5.910834838e+02 +1.2293e+00 -3.1584e+00
232 0 +1.984763370e-01 +5.910384763e+02 +5.910384763e+02 +1.3419e+00 -3.4183e+00
243 0 +1.706295153e-01 +5.910106295e+02 +5.910106295e+02 +1.4762e+00 -3.6081e+00
248 0 +7.888557421e-02 +5.909188856e+02 +5.909188856e+02 +1.4491e+00 -3.4859e+00
472 0 +7.872459850e-02 +5.909187246e+02 +5.909187246e+02 +1.4264e+00 -3.4538e+00
474 0 +7.869048369e-02 +5.909186905e+02 +5.909186905e+02 +1.4316e+00 -3.4614e+00
481 0 +7.699915046e-02 +5.909169992e+02 +5.909169992e+02 +1.3978e+00 -3.4025e+00
482 0 +5.851218145e-02 +5.908985122e+02 +5.908985122e+02 +1.4263e+00 -3.4353e+00
492 0 +4.217172368e-02 +5.908821717e+02 +5.908821717e+02 +1.3872e+00 -3.3376e+00
493 0 +2.427835254e-02 +5.908642784e+02 +5.908642784e+02 +1.4178e+00 -3.3713e+00
% f evaluations | g evaluations | best noise-free fitness - Fopt (6.749000000000e+01) + sum g_i+ | measured fitness | best measured fitness or single-digit g-values | x1 | x2...
1 0 +1.454620518e+04 +1.461369518e+04 +1.461369518e+04 +5.9671e-01 -3.8264e-02
3 0 +4.272309712e+03 +4.339799712e+03 +4.339799712e+03 -1.3415e-01 -1.3414e-01
6 0 +2.219859599e+03 +2.287349599e+03 +2.287349599e+03 -3.6342e-01 -3.6573e-01
10 0 +2.397677273e+02 +3.072577273e+02 +3.072577273e+02 -8.0802e-01 -1.3123e+00
15 0 +1.067517936e+00 +6.855751794e+01 +6.855751794e+01 -1.0492e+00 -1.4582e+00
231 0 +7.323371989e-01 +6.822233720e+01 +6.822233720e+01 -1.5164e+00 -1.4577e+00
233 0 +6.827452168e-01 +6.817274522e+01 +6.817274522e+01 -1.3024e+00 -1.4679e+00
247 0 +1.401324929e-01 +6.763013249e+01 +6.763013249e+01 -9.4549e-01 -1.0883e+00
304 0 +1.380072203e-01 +6.762800722e+01 +6.762800722e+01 -1.0822e+00 -1.1416e+00
333 0 +8.323167659e-02 +6.757323168e+01 +6.757323168e+01 -9.8676e-01 -1.0830e+00
345 0 +8.275673759e-02 +6.757275674e+01 +6.757275674e+01 -1.0459e+00 -1.0975e+00
349 0 +7.923627194e-02 +6.756923627e+01 +6.756923627e+01 -9.5144e-01 -1.0540e+00
355 0 +7.850239707e-02 +6.756850240e+01 +6.756850240e+01 -9.4320e-01 -1.0473e+00
361 0 +4.392433326e-02 +6.753392433e+01 +6.753392433e+01 -9.0320e-01 -9.9862e-01
439 0 +4.296403274e-02 +6.753296403e+01 +6.753296403e+01 -9.0700e-01 -9.9892e-01
449 0 +4.250928255e-02 +6.753250928e+01 +6.753250928e+01 -9.0698e-01 -9.9716e-01
452 0 +4.244822091e-02 +6.753244822e+01 +6.753244822e+01 -9.1615e-01 -1.0031e+00
461 0 +2.723773798e-02 +6.751723774e+01 +6.751723774e+01 -9.3749e-01 -9.9917e-01
471 0 +9.064704631e-03 +6.749906470e+01 +6.749906470e+01 -8.9077e-01 -9.4373e-01
499 0 +7.041204623e-03 +6.749704120e+01 +6.749704120e+01 -9.0626e-01 -9.4760e-01
% f evaluations | g evaluations | best noise-free fitness - Fopt (3.085000000000e+01) + sum g_i+ | measured fitness | best measured fitness or single-digit g-values | x1 | x2...
1 0 +4.632693823e+01 +7.717693823e+01 +7.717693823e+01 +5.9671e-01 -3.8264e-02
4 0 +2.554974196e+01 +5.639974196e+01 +5.639974196e+01 +1.6792e+00 +8.6743e-01
15 0 +1.342771131e+01 +4.427771131e+01 +4.427771131e+01 +1.7303e+00 -1.6074e+00
21 0 +1.237085534e+01 +4.322085534e+01 +4.322085534e+01 +2.2004e+00 -6.8066e-01
23 0 +6.629255766e+00 +3.747925577e+01 +3.747925577e+01 +2.0212e+00 -4.5029e+00
25 0 +2.984494812e+00 +3.383449481e+01 +3.383449481e+01 +2.3280e+00 -3.5721e+00
27 0 +2.370412850e+00 +3.322041285e+01 +3.322041285e+01 +2.4429e+00 -3.3002e+00
41 0 +3.165593402e-01 +3.116655934e+01 +3.116655934e+01 +2.7993e+00 -3.3631e+00
43 0 +2.461291671e-01 +3.109612917e+01 +3.109612917e+01 +2.7826e+00 -3.5388e+00
197 0 +2.115517523e-01 +3.106155175e+01 +3.106155175e+01 +2.8044e+00 -3.4941e+00
228 0 +1.981704477e-01 +3.104817045e+01 +3.104817045e+01 +2.8086e+00 -3.4956e+00
232 0 +1.878780100e-01 +3.103787801e+01 +3.103787801e+01 +2.8074e+00 -3.5163e+00
233 0 +1.858888276e-01 +3.103588883e+01 +3.103588883e+01 +2.8077e+00 -3.5177e+00
238 0 +1.832679801e-01 +3.103326798e+01 +3.103326798e+01 +2.8058e+00 -3.5312e+00
251 0 +1.804271440e-01 +3.103042714e+01 +3.103042714e+01 +2.8100e+00 -3.5161e+00
252 0 +1.790260684e-01 +3.102902607e+01 +3.102902607e+01 +2.8103e+00 -3.5171e+00
266 0 +1.726436922e-01 +3.102264369e+01 +3.102264369e+01 +2.8103e+00 -3.5283e+00
283 0 +1.709096871e-01 +3.102090969e+01 +3.102090969e+01 +2.8128e+00 -3.5199e+00
291 0 +1.700941688e-01 +3.102009417e+01 +3.102009417e+01 +2.8132e+00 -3.5197e+00
294 0 +1.699634782e-01 +3.101996348e+01 +3.101996348e+01 +2.8116e+00 -3.5272e+00
295 0 +1.682653502e-01 +3.101826535e+01 +3.101826535e+01 +2.8130e+00 -3.5240e+00
296 0 +1.668598319e-01 +3.101685983e+01 +3.101685983e+01 +2.8144e+00 -3.5204e+00
299 0 +1.652910085e-01 +3.101529101e+01 +3.101529101e+01 +2.8161e+00 -3.5160e+00
301 0 +1.647614416e-01 +3.101476144e+01 +3.101476144e+01 +2.8160e+00 -3.5179e+00
306 0 +1.606257254e-01 +3.101062573e+01 +3.101062573e+01 +2.8187e+00 -3.5156e+00
313 0 +1.583105475e-01 +3.100831055e+01 +3.100831055e+01 +2.8198e+00 -3.5168e+00
321 0 +1.572793057e-01 +3.100727931e+01 +3.100727931e+01 +2.8178e+00 -3.5282e+00
326 0 +1.557437292e-01 +3.100574373e+01 +3.100574373e+01 +2.8185e+00 -3.5298e+00
328 0 +1.556341170e-01 +3.100563412e+01 +3.100563412e+01 +2.8221e+00 -3.5149e+00
332 0 +1.554371494e-01 +3.100543715e+01 +3.100543715e+01 +2.8218e+00 -3.5166e+00
334 0 +1.546098278e-01 +3.100460983e+01 +3.100460983e+01 +2.8203e+00 -3.5254e+00
336 0 +1.545961257e-01 +3.100459613e+01 +3.100459613e+01 +2.8230e+00 -3.5144e+00
344 0 +1.536270612e-01 +3.100362706e+01 +3.100362706e+01 +2.8123e+00 -3.5684e+00
351 0 +1.496614651e-01 +3.099966147e+01 +3.099966147e+01 +2.8072e+00 -3.6269e+00
352 0 +1.434244771e-01 +3.099342448e+01 +3.099342448e+01 +2.8229e+00 -3.5616e+00
361 0 +1.378110255e-01 +3.098781103e+01 +3.098781103e+01 +2.8108e+00 -3.6801e+00
365 0 +8.177727557e-02 +3.093177728e+01 +3.093177728e+01 +2.8433e+00 -3.5915e+00
% f evaluations | g evaluations | best noise-free fitness - Fopt (-1.255000000000e+01) + sum g_i+ | measured fitness | best measured fitness or single-digit g-values | x1 | x2...
1 0 +6.266307512e+01 +5.011307512e+01 +5.011307512e+01 +5.9671e-01 -3.8264e-02
2 0 +4.776078828e+01 +3.521078828e+01 +3.521078828e+01 +7.4769e-01 +1.6230e+00
4 0 +2.475437747e+01 +1.220437747e+01 +1.220437747e+01 +1.6792e+00 +8.6743e-01
12 0 +4.982076787e+00 -7.567923213e+00 -7.567923213e+00 +2.9358e+00 +1.0438e+00
25 0 +3.167739469e+00 -9.382260531e+00 -9.382260531e+00 +2.7959e+00 +2.3178e+00
73 0 +2.148057654e+00 -1.040194235e+01 -1.040194235e+01 +3.0898e+00 +1.6690e+00
178 0 +2.022630869e+00 -1.052736913e+01 -1.052736913e+01 +2.8845e+00 +2.9889e+00
218 0 +1.925571161e+00 -1.062442884e+01 -1.062442884e+01 +2.8929e+00 +2.9881e+00
224 0 +1.861139076e+00 -1.068886092e+01 -1.068886092e+01 +2.8984e+00 +3.0053e+00
227 0 +1.858347686e+00 -1.069165231e+01 -1.069165231e+01 +2.8986e+00 +3.0107e+00
234 0 +1.805775626e+00 -1.074422437e+01 -1.074422437e+01 +2.9033e+00 +2.9723e+00
241 0 +1.778061147e+00 -1.077193885e+01 -1.077193885e+01 +2.9059e+00 +2.9540e+00
243 0 +1.746522335e+00 -1.080347766e+01 -1.080347766e+01 +2.9091e+00 +2.9279e+00
247 0 +1.515535225e+00 -1.103446477e+01 -1.103446477e+01 +2.9332e+00 +2.9571e+00
254 0 +1.503288702e+00 -1.104671130e+01 -1.104671130e+01 +2.9355e+00 +2.9074e+00
256 0 +1.495611783e+00 -1.105438822e+01 -1.105438822e+01 +2.9367e+00 +2.9042e+00
265 0 +1.459648587e+00 -1.109035141e+01 -1.109035141e+01 +2.9428e+00 +3.0329e+00
268 0 +1.421271533e+00 -1.112872847e+01 -1.112872847e+01 +2.9513e+00 +3.0294e+00
277 0 +1.412620840e+00 -1.113737916e+01 -1.113737916e+01 +2.9544e+00 +3.0512e+00
278 0 +1.381393520e+00 -1.116860648e+01 -1.116860648e+01 +2.9666e+00 +2.9936e+00
283 0 +1.376726669e+00 -1.117327333e+01 -1.117327333e+01 +2.9696e+00 +2.9680e+00
296 0 +1.371911145e+00 -1.117808886e+01 -1.117808886e+01 +2.9739e+00 +2.9856e+00
299 0 +1.369442641e+00 -1.118055736e+01 -1.118055736e+01 +2.9787e+00 +3.0623e+00
300 0 +1.366671159e+00 -1.118332884e+01 -1.118332884e+01 +2.9810e+00 +3.0564e+00
305 0 +1.358608807e+00 -1.119139119e+01 -1.119139119e+01 +2.9847e+00 +2.9607e+00
306 0 +1.356806145e+00 -1.119319385e+01 -1.119319385e+01 +2.9859e+00 +2.9678e+00
308 0 +1.350698633e+00 -1.119930137e+01 -1.119930137e+01 +2.9892e+00 +2.9641e+00
309 0 +1.305958620e+00 -1.124404138e+01 -1.124404138e+01 +3.0063e+00 +3.0508e+00
315 0 +1.289734546e+00 -1.126026545e+01 -1.126026545e+01 +3.0107e+00 +3.0672e+00
316 0 +1.247588833e+00 -1.130241117e+01 -1.130241117e+01 +3.0156e+00 +3.0324e+00
323 0 +1.247385754e+00 -1.130261425e+01 -1.130261425e+01 +3.0139e+00 +2.9934e+00
329 0 +9.582567205e-01 -1.159174328e+01 -1.159174328e+01 +3.0447e+00 +2.9617e+00
340 0 +9.483313046e-01 -1.160166870e+01 -1.160166870e+01 +3.0445e+00 +2.9200e+00
350 0 +8.664061175e-01 -1.168359388e+01 -1.168359388e+01 +3.0536e+00 +2.8924e+00
359 0 +8.149415161e-01 -1.173505848e+01 -1.173505848e+01 +3.0613e+00 +2.8953e+00
378 0 +7.389122195e-01 -1.181108778e+01 -1.181108778e+01 +3.0837e+00 +2.7629e+00
390 0 +7.286792640e-01 -1.182132074e+01 -1.182132074e+01 +3.0940e+00 +2.7643e+00
436 0 +7.283944625e-01 -1.182160554e+01 -1.182160554e+01 +3.0979e+00 +2.9457e+00
437 0 +7.223115090e-01 -1.182768849e+01 -1.182768849e+01 +3.1025e+00 +2.9197e+00
439 0 +7.188516272e-01 -1.183114837e+01 -1.183114837e+01 +3.1024e+00 +2.8584e+00
440 0 +7.057004809e-01 -1.184429952e+01 -1.184429952e+01 +3.1085e+00 +2.8592e+00
446 0 +6.750023760e-01 -1.187499762e+01 -1.187499762e+01 +3.1173e+00 +2.8674e+00
474 0 +6.729379791e-01 -1.187706202e+01 -1.187706202e+01 +3.1182e+00 +2.8777e+00
475 0 +6.532120576e-01 -1.189678794e+01 -1.189678794e+01 +3.1216e+00 +2.8660e+00
480 0 +6.092239109e-01 -1.194077609e+01 -1.194077609e+01 +3.1290e+00 +2.8658e+00
487 0 +4.915972528e-01 -1.205840275e+01 -1.205840275e+01 +3.1464e+00 +2.8370e+00
495 0 +4.755281973e-01 -1.207447180e+01 -1.207447180e+01 +3.1478e+00 +2.7753e+00
497 0 +4.440607565e-01 -1.210593924e+01 -1.210593924e+01 +3.1552e+00 +2.7996e+00
% f evaluations | g evaluations | best noise-free fitness - Fopt (5.383900000000e+02) + sum g_i+ | measured fitness | best measured fitness or single-digit g-values | x1 | x2...
1 0 +9.632309690e+03 +1.017069969e+04 +1.017069969e+04 +5.9671e-01 -3.8264e-02
2 0 +1.440731041e+01 +5.527973104e+02 +5.527973104e+02 +7.4769e-01 +1.6230e+00
27 0 +8.107319181e+00 +5.464973192e+02 +5.464973192e+02 +2.3763e+00 +3.0786e+00
35 0 +5.723931988e+00 +5.441139320e+02 +5.441139320e+02 +3.3284e+00 +3.7226e+00
39 0 +4.031921387e-01 +5.387931921e+02 +5.387931921e+02 +3.1329e+00 +2.6341e+00
188 0 +3.728335710e-01 +5.387628336e+02 +5.387628336e+02 +3.1637e+00 +2.6526e+00
205 0 +3.708549028e-01 +5.387608549e+02 +5.387608549e+02 +3.1506e+00 +2.6329e+00
210 0 +3.435218821e-01 +5.387335219e+02 +5.387335219e+02 +3.1633e+00 +2.6356e+00
218 0 +3.174669972e-01 +5.387074670e+02 +5.387074670e+02 +3.1618e+00 +2.6206e+00
220 0 +3.005096887e-01 +5.386905097e+02 +5.386905097e+02 +3.1790e+00 +2.6374e+00
225 0 +2.926155808e-01 +5.386826156e+02 +5.386826156e+02 +3.1627e+00 +2.6089e+00
230 0 +2.898625649e-01 +5.386798626e+02 +5.386798626e+02 +3.1638e+00 +2.6091e+00
233 0 +2.677095263e-01 +5.386577095e+02 +5.386577095e+02 +3.1881e+00 +2.6323e+00
235 0 +2.576690614e-01 +5.386476691e+02 +5.386476691e+02 +3.1907e+00 +2.6292e+00
244 0 +2.554836481e-01 +5.386454836e+02 +5.386454836e+02 +3.2105e+00 +2.6563e+00
248 0 +2.554796935e-01 +5.386454797e+02 +5.386454797e+02 +3.1704e+00 +2.5959e+00
252 0 +2.214701536e-01 +5.386114702e+02 +5.386114702e+02 +3.4447e+00 +2.8915e+00
254 0 +1.477620219e-01 +5.385377620e+02 +5.385377620e+02 +3.3917e+00 +2.8054e+00
266 0 +4.982962503e-02 +5.384398296e+02 +5.384398296e+02 +3.4741e+00 +2.8133e+00
388 0 +4.842878810e-02 +5.384384288e+02 +5.384384288e+02 +3.4677e+00 +2.8076e+00
390 0 +4.290287516e-02 +5.384329029e+02 +5.384329029e+02 +3.4221e+00 +2.7619e+00
394 0 +4.204963890e-02 +5.384320496e+02 +5.384320496e+02 +3.4208e+00 +2.7574e+00
399 0 +4.034205472e-02 +5.384303421e+02 +5.384303421e+02 +3.4143e+00 +2.7478e+00
408 0 +3.367113993e-02 +5.384236711e+02 +5.384236711e+02 +3.4352e+00 +2.7619e+00
476 0 +3.257596159e-02 +5.384225760e+02 +5.384225760e+02 +3.4174e+00 +2.7443e+00
491 0 +2.769745970e-02 +5.384176975e+02 +5.384176975e+02 +3.3989e+00 +2.7205e+00
498 0 +2.704824845e-02 +5.384170482e+02 +5.384170482e+02 +3.4170e+00 +2.7393e+00
% f evaluations | g evaluations | best noise-free fitness - Fopt (-1.055600000000e+02) + sum g_i+ | measured fitness | best measured fitness or single-digit g-values | x1 | x2...
1 0 +4.817337766e+04 +4.806781766e+04 +4.806781766e+04 +5.9671e-01 -3.8264e-02
3 0 +4.599318124e+04 +4.588762124e+04 +4.588762124e+04 -1.3415e-01 -1.3414e-01
6 0 +4.264283032e+04 +4.253727032e+04 +4.253727032e+04 -3.6342e-01 -3.6573e-01
7 0 +1.650150411e+04 +1.639594411e+04 +1.639594411e+04 +3.4196e-01 -1.8133e+00
11 0 +3.701342574e+02 +2.645742574e+02 +2.645742574e+02 +1.0488e+00 -3.5811e+00
21 0 +3.028868175e+00 -1.025311318e+02 -1.025311318e+02 +1.0992e+00 -4.6080e+00
41 0 +3.271655118e-01 -1.052328345e+02 -1.052328345e+02 +1.3164e+00 -4.0085e+00
71 0 +1.629208610e-01 -1.053970791e+02 -1.053970791e+02 +1.2695e+00 -3.7881e+00
72 0 +5.011637296e-02 -1.055098836e+02 -1.055098836e+02 +1.3272e+00 -3.7769e+00
88 0 +2.140222538e-02 -1.055385978e+02 -1.055385978e+02 +1.3570e+00 -3.7727e+00
119 0 +2.120659690e-02 -1.055387934e+02 -1.055387934e+02 +1.3793e+00 -3.7978e+00
203 0 +2.027700772e-02 -1.055397230e+02 -1.055397230e+02 +1.3634e+00 -3.7791e+00
218 0 +1.957079767e-02 -1.055404292e+02 -1.055404292e+02 +1.3603e+00 -3.7734e+00
229 0 +1.793566313e-02 -1.055420643e+02 -1.055420643e+02 +1.3693e+00 -3.7812e+00
233 0 +1.756445679e-02 -1.055424355e+02 -1.055424355e+02 +1.3629e+00 -3.7727e+00
234 0 +1.647620936e-02 -1.055435238e+02 -1.055435238e+02 +1.3735e+00 -3.7818e+00
238 0 +1.562932414e-02 -1.055443707e+02 -1.055443707e+02 +1.3701e+00 -3.7760e+00
241 0 +1.457934779e-02 -1.055454207e+02 -1.055454207e+02 +1.3714e+00 -3.7739e+00
246 0 +1.362055204e-02 -1.055463794e+02 -1.055463794e+02 +1.3732e+00 -3.7728e+00
253 0 +1.231763136e-02 -1.055476824e+02 -1.055476824e+02 +1.3751e+00 -3.7710e+00
262 0 +1.113636453e-02 -1.055488636e+02 -1.055488636e+02 +1.3759e+00 -3.7688e+00
263 0 +1.110537030e-02 -1.055488946e+02 -1.055488946e+02 +1.3768e+00 -3.7693e+00
271 0 +1.085942223e-02 -1.055491406e+02 -1.055491406e+02 +1.3747e+00 -3.7674e+00
275 0 +9.999833937e-03 -1.055500002e+02 -1.055500002e+02 +1.3776e+00 -3.7667e+00
277 0 +9.559705043e-03 -1.055504403e+02 -1.055504403e+02 +1.3733e+00 -3.7628e+00
280 0 +9.427839457e-03 -1.055505722e+02 -1.055505722e+02 +1.3768e+00 -3.7643e+00
284 0 +8.970054045e-03 -1.055510299e+02 -1.055510299e+02 +1.3778e+00 -3.7622e+00
291 0 +8.857378641e-03 -1.055511426e+02 -1.055511426e+02 +1.3783e+00 -3.7614e+00
292 0 +8.683559214e-03 -1.055513164e+02 -1.055513164e+02 +1.3780e+00 -3.7595e+00
293 0 +8.626855466e-03 -1.055513731e+02 -1.055513731e+02 +1.3780e+00 -3.7588e+00
300 0 +8.494650655e-03 -1.055515053e+02 -1.055515053e+02 +1.3757e+00 -3.7568e+00
303 0 +8.381363064e-03 -1.055516186e+02 -1.055516186e+02 +1.3747e+00 -3.7555e+00
312 0 +8.206073733e-03 -1.055517939e+02 -1.055517939e+02 +1.3752e+00 -3.7548e+00
314 0 +8.049775064e-03 -1.055519502e+02 -1.055519502e+02 +1.3759e+00 -3.7543e+00
316 0 +7.868102047e-03 -1.055521319e+02 -1.055521319e+02 +1.3763e+00 -3.7538e+00
317 0 +7.761026997e-03 -1.055522390e+02 -1.055522390e+02 +1.3763e+00 -3.7534e+00
318 0 +7.680533532e-03 -1.055523195e+02 -1.055523195e+02 +1.3760e+00 -3.7530e+00
321 0 +5.858695807e-03 -1.055541413e+02 -1.055541413e+02 +1.3761e+00 -3.7480e+00
328 0 +5.467298939e-03 -1.055545327e+02 -1.055545327e+02 +1.3766e+00 -3.7467e+00
331 0 +4.971273734e-03 -1.055550287e+02 -1.055550287e+02 +1.3760e+00 -3.7445e+00
334 0 +4.874646006e-03 -1.055551254e+02 -1.055551254e+02 +1.3764e+00 -3.7438e+00
338 0 +4.814310884e-03 -1.055551857e+02 -1.055551857e+02 +1.3769e+00 -3.7432e+00
339 0 +4.743857616e-03 -1.055552561e+02 -1.055552561e+02 +1.3764e+00 -3.7425e+00
342 0 +4.711908060e-03 -1.055552881e+02 -1.055552881e+02 +1.3773e+00 -3.7415e+00
343 0 +4.678487508e-03 -1.055553215e+02 -1.055553215e+02 +1.3768e+00 -3.7409e+00
346 0 +4.620706424e-03 -1.055553793e+02 -1.055553793e+02 +1.3759e+00 -3.7388e+00
365 0 +4.609236224e-03 -1.055553908e+02 -1.055553908e+02 +1.3760e+00 -3.7384e+00
391 0 +4.571345470e-03 -1.055554287e+02 -1.055554287e+02 +1.3760e+00 -3.7376e+00
401 0 +4.510170750e-03 -1.055554898e+02 -1.055554898e+02 +1.3760e+00 -3.7368e+00
411 0 +4.404907323e-03 -1.055555951e+02 -1.055555951e+02 +1.3755e+00 -3.7361e+00
421 0 +4.213190644e-03 -1.055557868e+02 -1.055557868e+02 +1.3753e+00 -3.7350e+00
