% f evaluations | g evaluations | best noise-free fitness - Fopt (3.590000000000e+01) + sum g_i+ | measured fitness | best measured fitness or single-digit g-values | x1 | x2...
1 0 +3.090490570e+05 +3.090849570e+05 +3.090849570e+05 +5.9671e-01 -3.8264e-02 +7.4769e-01 +1.6230e+00 -1.3415e-01 -1.3414e-01 +1.6792e+00 +8.6743e-01 -3.6947e-01 +6.4256e-01
3 0 +2.688576330e+05 +2.688935330e+05 +2.688935330e+05 +1.5656e+00 -1.2578e-01 +1.6753e-01 -1.3247e+00 -4.4438e-01 +2.1092e-01 -1.0510e+00 +4.7570e-01 -5.0064e-01 -1.9169e-01
4 0 +2.638876136e+05 +2.639235136e+05 +2.639235136e+05 -5.0171e-01 +1.9523e+00 +8.6503e-02 -9.5771e-01 +9.2254e-01 -1.1208e+00 +3.0886e-01 -1.8597e+00 -1.2282e+00 +2.9686e-01
9 0 +2.231684420e+05 +2.232043420e+05 +2.232043420e+05 -1.1967e-01 +4.5711e-01 +1.5779e+00 -4.1827e-01 -7.0849e-01 -4.0176e-01 +1.0154e+00 +4.2875e-01 -4.2976e-01 +6.1327e-01
21 0 +1.923015603e+05 +1.923374603e+05 +1.923374603e+05 +4.5779e-01 +6.6078e-01 +1.1831e+00 +1.1538e+00 -1.2777e+00 -8.3783e-01 +6.1504e-01 +6.1379e-01 +6.1505e-01 +3.9527e+00
51 0 +6.369684359e+04 +6.373274359e+04 +6.373274359e+04 +2.6093e+00 +8.7203e-01 +3.3687e+00 +1.3013e+00 -2.3556e+00 -4.5539e-01 -1.5200e-01 -7.1811e-01 -5.0926e-01 -1.5983e+00
52 0 +3.698805161e+04 +3.702395161e+04 +3.702395161e+04 +1.9505e+00 +6.0194e-01 +3.4223e+00 -5.0040e-01 -7.6005e-01 -7.7848e-01 +5.3102e-01 +7.8203e-01 -3.1953e-01 +2.6876e+00
101 0 +1.846953271e+03 +1.882853271e+03 +1.882853271e+03 +3.1483e+00 +3.8694e+00 +4.1222e+00 -9.8238e-01 -3.1240e+00 -2.1668e+00 -2.0051e-01 +1.5649e-03 -1.5477e+00 +2.0819e+00
151 0 +1.150229842e+02 +1.509229842e+02 +1.509229842e+02 +2.7355e+00 +2.2834e+00 +4.2184e+00 +2.4255e+00 -3.3881e-02 -2.5079e+00 -4.7123e+00 +7.9480e-01 -4.9124e+00 +2.8444e+00
153 0 +9.638445806e+01 +1.322844581e+02 +1.322844581e+02 +3.2051e+00 +3.7682e+00 +4.3142e+00 -3.0804e-01 -2.9352e+00 -4.0661e+00 +1.3755e-02 -2.9055e+00 -4.1695e+00 +4.0421e-01
445 0 +3.664189619e+01 +7.254189619e+01 +7.254189619e+01 +2.9077e+00 +3.4119e+00 +2.9839e+00 +7.6541e-01 -1.9862e-01 -1.9512e+00 -1.6225e+00 -2.4270e+00 -3.7912e+00 -1.5288e-01
896 0 +2.846462497e+01 +6.436462497e+01 +6.436462497e+01 +2.2040e+00 +2.9264e+00 +3.7516e+00 +1.0879e+00 -9.2320e-01 -3.3573e+00 -3.5854e+00 -2.8162e+00 -3.4826e+00 -1.4172e+00
1072 0 +2.670419754e+01 +6.260419754e+01 +6.260419754e+01 +2.4653e+00 +3.3873e+00 +3.0306e+00 +1.6353e+00 -3.5033e-01 -2.4727e+00 -2.9980e+00 -2.2227e+00 -3.6648e+00 -1.3685e-01
1114 0 +2.529228655e+01 +6.119228655e+01 +6.119228655e+01 +1.5949e+00 +3.6542e+00 +2.3837e+00 +1.6024e+00 -5.6345e-01 -2.3358e+00 -2.8640e+00 -1.9347e+00 -3.0314e+00 -9.5836e-02
1204 0 +2.429975497e+01 +6.019975497e+01 +6.019975497e+01 +1.3232e+00 +2.7109e+00 +3.2117e+00 +1.7215e+00 -9.2296e-01 -2.5075e+00 -3.5817e+00 -2.2998e+00 -3.2550e+00 -4.8408e-01
1237 0 +2.412163511e+01 +6.002163511e+01 +6.002163511e+01 +2.5728e+00 +2.5649e+00 +2.5902e+00 +1.1301e+00 -1.2212e+00 -3.7679e+00 -2.5071e+00 -2.8186e+00 -4.3818e+00 -1.0081e+00
1255 0 +2.175379536e+01 +5.765379536e+01 +5.765379536e+01 +2.2489e+00 +2.5751e+00 +2.9858e+00 +1.3905e+00 -1.9835e+00 -3.1327e+00 -2.8707e+00 -2.9789e+00 -3.7023e+00 -1.0887e+00
1477 0 +2.138387164e+01 +5.728387164e+01 +5.728387164e+01 +2.2202e+00 +3.2330e+00 +2.9249e+00 +2.1307e+00 -5.0506e-01 -2.7143e+00 -3.6581e+00 -1.7753e+00 -3.2553e+00 -1.0820e+00
1485 0 +1.989079665e+01 +5.579079665e+01 +5.579079665e+01 +2.4447e+00 +2.8398e+00 +3.5931e+00 +2.4528e+00 -1.4339e+00 -3.0934e+00 -3.1433e+00 -2.1844e+00 -3.5115e+00 -1.6263e+00
1645 0 +1.812173685e+01 +5.402173685e+01 +5.402173685e+01 +2.2634e+00 +2.8864e+00 +3.0403e+00 +1.8673e+00 -2.7803e-01 -3.1403e+00 -3.2615e+00 -2.2972e+00 -2.7929e+00 -1.2171e+00
1646 0 +1.766876100e+01 +5.356876100e+01 +5.356876100e+01 +2.5558e+00 +2.8843e+00 +2.7097e+00 +2.2296e+00 -6.9211e-01 -2.7985e+00 -3.1786e+00 -2.0214e+00 -3.6133e+00 -6.9452e-01
1655 0 +1.610223615e+01 +5.200223615e+01 +5.200223615e+01 +2.3925e+00 +2.4623e+00 +2.7116e+00 +1.9689e+00 -8.5159e-01 -3.4880e+00 -3.8115e+00 -2.4925e+00 -3.7424e+00 -1.2583e+00
1663 0 +1.564942974e+01 +5.154942974e+01 +5.154942974e+01 +1.9803e+00 +2.5638e+00 +3.1882e+00 +2.5347e+00 -1.3696e+00 -2.5490e+00 -3.2900e+00 -1.5665e+00 -3.4879e+00 -1.3383e+00
1685 0 +1.491908166e+01 +5.081908166e+01 +5.081908166e+01 +2.0554e+00 +2.9794e+00 +3.1285e+00 +1.8598e+00 -6.0612e-01 -3.0994e+00 -2.5484e+00 -2.3361e+00 -3.3093e+00 -1.4997e+00
1688 0 +1.250906233e+01 +4.840906233e+01 +4.840906233e+01 +2.4413e+00 +3.0360e+00 +2.9473e+00 +2.5629e+00 -7.4763e-01 -3.0768e+00 -2.9166e+00 -2.4451e+00 -3.2994e+00 -1.5278e+00
1920 0 +1.250701517e+01 +4.840701517e+01 +4.840701517e+01 +2.7209e+00 +2.5814e+00 +2.8004e+00 +2.5233e+00 -1.4739e-01 -3.1547e+00 -3.3728e+00 -1.9910e+00 -3.1369e+00 -1.3873e+00
1922 0 +1.249975305e+01 +4.839975305e+01 +4.839975305e+01 +2.2997e+00 +2.6678e+00 +2.9164e+00 +2.1035e+00 -6.0134e-01 -2.7007e+00 -2.9177e+00 -2.3997e+00 -3.2977e+00 -1.2860e+00
1965 0 +1.248231169e+01 +4.838231169e+01 +4.838231169e+01 +2.3857e+00 +2.3363e+00 +2.9490e+00 +2.1476e+00 -7.5738e-01 -3.0719e+00 -2.8584e+00 -2.8484e+00 -3.9640e+00 -1.2559e+00
1967 0 +1.235210581e+01 +4.825210581e+01 +4.825210581e+01 +2.4725e+00 +2.4882e+00 +2.9900e+00 +2.9188e+00 +7.1358e-02 -3.3152e+00 -2.7727e+00 -2.3346e+00 -3.2754e+00 -1.1936e+00
1982 0 +1.221091277e+01 +4.811091277e+01 +4.811091277e+01 +2.3673e+00 +2.4672e+00 +3.0192e+00 +2.4116e+00 -2.8168e-01 -3.1782e+00 -2.9870e+00 -2.2100e+00 -2.9625e+00 -1.4756e+00
2014 0 +1.197015488e+01 +4.787015488e+01 +4.787015488e+01 +2.3791e+00 +2.3626e+00 +3.1009e+00 +2.4119e+00 -1.0518e+00 -3.4611e+00 -2.4879e+00 -3.0652e+00 -3.7777e+00 -1.5744e+00
2089 0 +1.088708143e+01 +4.678708143e+01 +4.678708143e+01 +2.2632e+00 +1.4982e+00 +3.2005e+00 +2.6501e+00 -1.0938e+00 -3.0828e+00 -3.1504e+00 -1.6030e+00 -3.6388e+00 -1.8999e+00
2174 0 +1.010148185e+01 +4.600148185e+01 +4.600148185e+01 +2.3725e+00 +1.9953e+00 +3.2762e+00 +2.7092e+00 -1.0577e+00 -3.0375e+00 -3.0271e+00 -2.2924e+00 -3.7075e+00 -1.6984e+00
2272 0 +8.692495734e+00 +4.459249573e+01 +4.459249573e+01 +2.6737e+00 +2.4463e+00 +2.6249e+00 +2.5165e+00 -9.3945e-01 -3.0896e+00 -2.9996e+00 -2.1470e+00 -3.3627e+00 -1.5252e+00
2306 0 +8.448532439e+00 +4.434853244e+01 +4.434853244e+01 +2.3522e+00 +2.5627e+00 +3.0105e+00 +2.8920e+00 -2.3874e-01 -2.9973e+00 -2.0811e+00 -2.3999e+00 -2.4793e+00 -2.0622e+00
2311 0 +6.852674154e+00 +4.275267415e+01 +4.275267415e+01 +2.6178e+00 +1.6591e+00 +2.6919e+00 +2.7992e+00 -2.9565e-01 -3.2938e+00 -2.3189e+00 -2.2572e+00 -2.9072e+00 -1.9442e+00
2331 0 +6.826720158e+00 +4.272672016e+01 +4.272672016e+01 +2.8842e+00 +1.3705e+00 +2.7304e+00 +2.8346e+00 -1.0572e+00 -3.2704e+00 -3.0647e+00 -1.8773e+00 -3.4084e+00 -1.6502e+00
2477 0 +6.823106207e+00 +4.272310621e+01 +4.272310621e+01 +2.8837e+00 +1.7744e+00 +2.6375e+00 +2.6724e+00 -1.3859e+00 -3.1158e+00 -2.8168e+00 -1.9128e+00 -3.3121e+00 -1.6642e+00
2487 0 +5.396409657e+00 +4.129640966e+01 +4.129640966e+01 +2.4776e+00 +1.6360e+00 +2.9885e+00 +3.1580e+00 -6.9820e-01 -3.1023e+00 -2.9747e+00 -1.6032e+00 -2.9202e+00 -2.1088e+00
% f evaluations | g evaluations | best noise-free fitness - Fopt (3.137000000000e+01) + sum g_i+ | measured fitness | best measured fitness or single-digit g-values | x1 | x2...
1 0 +1.643424689e+05 +1.643738389e+05 +1.643738389e+05 +5.9671e-01 -3.8264e-02 +7.4769e-01 +1.6230e+00 -1.3415e-01 -1.3414e-01 +1.6792e+00 +8.6743e-01 -3.6947e-01 +6.4256e-01
5 0 +1.017071090e+05 +1.017384790e+05 +1.017384790e+05 +8.3847e-01 +2.7137e-01 -1.5648e-02 -2.0110e-01 -1.3785e+00 -6.1984e-01 -3.6064e-01 +1.1571e+00 +4.4362e-01 -1.6630e+00
33 0 +6.327828245e+04 +6.330965245e+04 +6.330965245e+04 +1.9700e-01 +6.9516e-01 -7.1822e-01 +2.1924e+00 -9.0602e-01 -1.1142e+00 +1.2581e+00 +8.9166e-01 +7.2412e-01 +7.2835e-01
39 0 +6.154235215e+04 +6.157372215e+04 +6.157372215e+04 -7.3972e-01 -4.9939e-01 -2.0239e+00 -4.2576e-01 -6.5913e-01 +2.5039e-01 +4.4176e-01 +1.9762e+00 +1.0504e+00 -4.7690e-01
51 0 +3.355440378e+04 +3.358577378e+04 +3.358577378e+04 +9.3876e-01 +6.2397e-01 -8.7378e-01 +5.8926e-01 -1.0272e+00 -2.2913e+00 -1.0296e+00 +1.9567e+00 +8.7222e-01 +4.5381e-01
52 0 +1.951541488e+04 +1.954678488e+04 +1.954678488e+04 +9.9436e-01 +1.1801e+00 -2.5044e+00 +1.2965e+00 -1.2862e+00 -1.7751e+00 -1.4513e+00 +7.4503e-01 +1.2909e+00 +6.6471e-01
57 0 +1.912338130e+04 +1.915475130e+04 +1.915475130e+04 -3.9549e-01 +1.0908e+00 -3.4667e+00 +1.0820e+00 -1.1779e+00 -5.6667e-01 -1.8398e+00 +1.4177e+00 +5.9082e-01 +2.7962e-01
102 0 +7.794330873e+03 +7.825700873e+03 +7.825700873e+03 +7.3360e-01 +2.7364e+00 -3.5652e+00 +1.4365e+00 -1.7535e+00 -1.6259e+00 -8.8314e-01 +1.8921e+00 +1.5752e+00 +2.2953e-01
104 0 +3.381343978e+03 +3.412713978e+03 +3.412713978e+03 +8.6621e-02 +2.3898e+00 -2.9959e+00 +1.3630e+00 -3.0343e+00 -3.1305e+00 -1.3942e+00 +1.5525e+00 +2.6714e+00 +2.5176e+00
105 0 +2.283486423e+03 +2.314856423e+03 +2.314856423e+03 -1.0917e-01 +2.6330e+00 -2.1152e+00 +1.3458e+00 -3.4396e+00 -2.3366e+00 -5.6773e-01 +2.7281e+00 +3.3607e+00 +1.9578e+00
151 0 +5.839314182e+01 +8.976314182e+01 +8.976314182e+01 +2.3056e+00 +2.5313e+00 -3.1075e+00 +1.6055e+00 -2.8298e+00 -9.1719e-01 -1.4054e+00 +3.6450e+00 +2.0735e+00 +3.4533e-01
154 0 +4.664682989e+01 +7.801682989e+01 +7.801682989e+01 +3.3472e-01 +4.5565e+00 -4.3913e+00 +4.5208e-01 -1.9205e+00 -1.7779e+00 -3.8226e+00 +4.1569e+00 +6.3515e-01 -4.6099e-01
251 0 +4.581562136e+01 +7.718562136e+01 +7.718562136e+01 +1.3014e+00 +3.1702e+00 -1.9211e+00 +2.5919e+00 -1.3006e+00 -2.5129e+00 -2.3950e+00 +4.3313e+00 +2.7210e+00 -2.4534e-01
757 0 +4.046100366e+01 +7.183100366e+01 +7.183100366e+01 +1.3466e+00 +3.8513e+00 -3.0714e+00 +2.0529e+00 -3.5075e+00 -1.6971e+00 -3.4997e+00 +3.3036e+00 +1.3636e+00 +1.7726e+00
803 0 +4.010136813e+01 +7.147136813e+01 +7.147136813e+01 +1.0021e+00 +2.4580e+00 -3.0809e+00 +2.0109e+00 -2.4712e+00 -1.8650e+00 -1.9075e+00 +4.5152e+00 +1.1998e+00 +8.7375e-01
825 0 +2.930523868e+01 +6.067523868e+01 +6.067523868e+01 +9.6822e-01 +3.9596e+00 -4.2453e+00 +2.5328e+00 -2.3558e+00 -9.3671e-01 -3.7302e+00 +4.1806e+00 +1.0442e+00 +1.0626e+00
1203 0 +2.850083315e+01 +5.987083315e+01 +5.987083315e+01 +1.0878e+00 +3.6889e+00 -3.9905e+00 +2.5615e+00 -2.9737e+00 -1.6591e+00 -3.5399e+00 +3.9918e+00 +7.1933e-01 +8.6735e-01
1213 0 +2.837405494e+01 +5.974405494e+01 +5.974405494e+01 +1.5076e+00 +3.3250e+00 -3.2041e+00 +3.0701e+00 -3.4078e+00 -4.8924e-01 -4.2041e+00 +3.8888e+00 +1.4472e+00 +1.8286e+00
1461 0 +2.488040636e+01 +5.625040636e+01 +5.625040636e+01 +1.1383e+00 +3.5827e+00 -3.3763e+00 +3.1150e+00 -3.6706e+00 -1.3611e+00 -3.7613e+00 +3.3545e+00 +1.1115e+00 +1.3000e+00
1505 0 +2.482279301e+01 +5.619279301e+01 +5.619279301e+01 +3.2933e-01 +4.0034e+00 -3.7182e+00 +3.6344e+00 -4.0119e+00 -8.4795e-01 -3.7940e+00 +3.1308e+00 +1.2667e+00 +9.2329e-01
1522 0 +2.328648612e+01 +5.465648612e+01 +5.465648612e+01 +6.6780e-01 +3.4600e+00 -3.6333e+00 +2.7008e+00 -3.1599e+00 -1.2650e+00 -3.1519e+00 +3.2811e+00 +7.2444e-01 +8.7006e-01
1556 0 +2.191216726e+01 +5.328216726e+01 +5.328216726e+01 +9.4748e-01 +3.2854e+00 -3.4380e+00 +2.3223e+00 -3.3560e+00 -7.2887e-01 -3.6838e+00 +3.0271e+00 +3.2380e-01 +8.5933e-01
1581 0 +2.178723620e+01 +5.315723620e+01 +5.315723620e+01 +6.2422e-01 +2.9151e+00 -3.0437e+00 +3.1001e+00 -2.6370e+00 -1.5348e+00 -3.1555e+00 +3.3782e+00 +1.0661e+00 +1.5497e+00
1588 0 +2.074425628e+01 +5.211425628e+01 +5.211425628e+01 +9.6717e-01 +3.3099e+00 -3.9400e+00 +2.8626e+00 -3.0303e+00 -8.2130e-01 -2.8892e+00 +2.5893e+00 +5.9589e-01 +8.0932e-01
1596 0 +2.060072205e+01 +5.197072205e+01 +5.197072205e+01 +5.8740e-01 +3.1183e+00 -3.5173e+00 +2.7967e+00 -2.9447e+00 -1.1101e+00 -4.3718e+00 +3.9389e+00 +7.9682e-01 +8.8501e-01
1626 0 +1.949668032e+01 +5.086668032e+01 +5.086668032e+01 +3.2433e-01 +2.9701e+00 -3.4542e+00 +2.4998e+00 -3.1128e+00 -4.0296e-01 -3.7217e+00 +3.2781e+00 +1.2546e+00 +1.0122e+00
1658 0 +1.823389027e+01 +4.960389027e+01 +4.960389027e+01 -2.0886e-01 +2.7389e+00 -4.0508e+00 +2.2569e+00 -3.0229e+00 -8.4083e-01 -3.9292e+00 +3.0191e+00 +1.5160e+00 +2.6368e-01
1703 0 +1.546233599e+01 +4.683233599e+01 +4.683233599e+01 +5.8029e-01 +2.9557e+00 -3.8356e+00 +2.2789e+00 -3.0558e+00 -3.8760e-01 -3.4555e+00 +2.8220e+00 +9.7509e-01 +5.0610e-01
1845 0 +1.466510167e+01 +4.603510167e+01 +4.603510167e+01 +1.1503e+00 +3.3304e+00 -3.8861e+00 +4.0325e+00 -2.9871e+00 -8.8458e-01 -3.5662e+00 +3.0934e+00 +1.0121e+00 +4.7916e-01
1875 0 +1.339984654e+01 +4.476984654e+01 +4.476984654e+01 +4.5970e-01 +3.0704e+00 -3.5324e+00 +2.7240e+00 -3.2261e+00 -5.5625e-01 -4.2966e+00 +2.8151e+00 +9.5886e-01 +1.1439e+00
1922 0 +1.239167301e+01 +4.376167301e+01 +4.376167301e+01 +3.5020e-01 +2.4250e+00 -3.8871e+00 +2.9098e+00 -3.2649e+00 -8.1477e-01 -3.2387e+00 +2.5818e+00 +6.1222e-01 +5.4116e-01
2024 0 +7.815257931e+00 +3.918525793e+01 +3.918525793e+01 +1.1279e-01 +2.5151e+00 -3.7800e+00 +2.6987e+00 -2.8406e+00 -4.4964e-01 -3.9507e+00 +2.6760e+00 +6.0929e-01 +8.6272e-01
% f evaluations | g evaluations | best noise-free fitness - Fopt (-1.000000000000e+03) + sum g_i+ | measured fitness | best measured fitness or single-digit g-values | x1 | x2...
1 0 +2.725748886e+05 +2.715748886e+05 +2.715748886e+05 +5.9671e-01 -3.8264e-02 +7.4769e-01 +1.6230e+00 -1.3415e-01 -1.3414e-01 +1.6792e+00 +8.6743e-01 -3.6947e-01 +6.4256e-01
9 0 +2.315698115e+05 +2.305698115e+05 +2.305698115e+05 -1.1967e-01 +4.5711e-01 +1.5779e+00 -4.1827e-01 -7.0849e-01 -4.0176e-01 +1.0154e+00 +4.2875e-01 -4.2976e-01 +6.1327e-01
12 0 +2.069264728e+05 +2.059264728e+05 +2.059264728e+05 -1.8188e+00 +7.3486e-02 +1.6023e-01 +2.5632e+00 -9.2361e-02 +4.0155e-01 +6.5288e-02 -1.0687e+00 +1.2428e+00 +8.5193e-01
21 0 +1.426838322e+05 +1.416838322e+05 +1.416838322e+05 +4.5779e-01 +6.6078e-01 +1.1831e+00 +1.1538e+00 -1.2777e+00 -8.3783e-01 +6.1504e-01 +6.1379e-01 +6.1505e-01 +3.9527e+00
51 0 +3.349078496e+04 +3.249078496e+04 +3.249078496e+04 -1.4793e+00 -2.2721e+00 +1.5885e+00 +2.7576e+00 +4.0678e-02 -3.0957e+00 +2.7805e+00 -4.3897e+00 -1.2820e+00 +1.6835e+00
103 0 +1.497453356e+04 +1.397453356e+04 +1.397453356e+04 -3.5483e+00 -2.4367e+00 +4.4342e+00 +3.0034e+00 -8.3844e-01 -8.5935e-01 +2.2376e+00 -4.1194e+00 +7.3363e-01 +3.6508e+00
153 0 +1.034533942e+04 +9.345339418e+03 +9.345339418e+03 -2.7094e-01 -3.9175e+00 +3.6235e+00 +9.4465e-01 -2.5478e+00 -2.4803e+00 +1.2780e+00 -2.6523e+00 -3.0334e-01 +3.5468e+00
157 0 +6.140144916e+03 +5.140144916e+03 +5.140144916e+03 -1.1534e+00 -2.4777e+00 +3.9303e+00 +4.1491e+00 -1.3619e+00 -2.9307e+00 +1.2582e-01 -4.6573e+00 -3.4504e+00 +4.0312e+00
301 0 +2.080030641e+03 +1.080030641e+03 +1.080030641e+03 +1.4488e+00 -3.9183e+00 +2.8017e+00 +2.0470e+00 -9.9616e-01 -1.5941e+00 +1.1661e+00 -3.0889e+00 -1.6023e+00 +4.3625e+00
352 0 +2.587159513e+01 -9.741284049e+02 -9.741284049e+02 +2.6489e-01 -3.0693e+00 +3.5932e+00 +3.3562e+00 -1.5455e+00 -1.8484e+00 +3.5217e-01 -3.4026e+00 -8.4049e-01 +3.4186e+00
1023 0 +2.422953522e+01 -9.757704648e+02 -9.757704648e+02 -6.2785e-01 -2.7729e+00 +3.6036e+00 +2.4229e+00 -1.4392e+00 -3.1395e-01 +2.3638e-01 -4.5577e+00 +1.7353e-01 +3.6708e+00
1024 0 +2.315556993e+01 -9.768444301e+02 -9.768444301e+02 +3.7949e-01 -3.6091e+00 +4.1317e+00 +3.4111e+00 -9.4567e-01 -1.3794e-01 +1.0914e+00 -4.8841e+00 -5.6340e-02 +3.5312e+00
1050 0 +1.963584568e+01 -9.803641543e+02 -9.803641543e+02 +9.1441e-01 -3.7000e+00 +3.5099e+00 +4.1764e+00 -9.6672e-01 -3.2482e-01 -3.2684e-02 -4.2411e+00 -6.4393e-01 +3.9306e+00
1193 0 +1.685899548e+01 -9.831410045e+02 -9.831410045e+02 +7.7789e-02 -3.9919e+00 +3.7153e+00 +3.4849e+00 -9.6141e-01 -4.8540e-01 -1.7268e-01 -4.1415e+00 -8.4953e-01 +3.5446e+00
1194 0 +1.634499697e+01 -9.836550030e+02 -9.836550030e+02 +2.6914e-01 -3.6746e+00 +4.2717e+00 +3.2198e+00 -8.7251e-01 -2.4575e-01 +2.5213e-01 -3.9869e+00 -1.0663e+00 +3.4601e+00
1249 0 +1.619826804e+01 -9.838017320e+02 -9.838017320e+02 +1.9158e-01 -3.7688e+00 +3.9185e+00 +3.4656e+00 -6.9630e-01 +6.1956e-02 +1.4566e-01 -4.4094e+00 -1.0470e+00 +3.6202e+00
1250 0 +1.578514426e+01 -9.842148557e+02 -9.842148557e+02 +5.8077e-01 -3.1399e+00 +4.1324e+00 +3.5544e+00 -7.8879e-01 -3.6038e-01 +4.0080e-02 -3.6717e+00 -5.4598e-01 +3.8249e+00
1275 0 +1.567595989e+01 -9.843240401e+02 -9.843240401e+02 +3.3723e-01 -3.4588e+00 +3.9092e+00 +3.2923e+00 -1.0461e+00 -7.2520e-01 +2.0057e-01 -4.5190e+00 -1.0149e+00 +3.6937e+00
1281 0 +1.436792434e+01 -9.856320757e+02 -9.856320757e+02 +4.8044e-01 -3.6733e+00 +4.1473e+00 +3.4317e+00 -7.2577e-01 -4.8531e-01 +2.8475e-01 -4.5360e+00 -1.3702e+00 +3.5751e+00
1298 0 +1.053250936e+01 -9.894674906e+02 -9.894674906e+02 +2.8722e-01 -3.3104e+00 +3.7858e+00 +3.1887e+00 -1.1347e+00 -6.2338e-01 +5.4572e-02 -4.2379e+00 -1.0091e+00 +2.8775e+00
1343 0 +1.048195757e+01 -9.895180424e+02 -9.895180424e+02 +2.7578e-01 -3.4355e+00 +3.7698e+00 +3.0206e+00 -6.7953e-01 -4.0946e-01 +2.6181e-01 -4.2198e+00 -1.1801e+00 +2.7843e+00
1447 0 +8.709135719e+00 -9.912908643e+02 -9.912908643e+02 +4.8547e-01 -3.1845e+00 +3.6627e+00 +3.3715e+00 -8.2339e-01 -3.0104e-01 +5.2383e-02 -4.1093e+00 -6.0495e-01 +2.9880e+00
1607 0 +8.470623586e+00 -9.915293764e+02 -9.915293764e+02 +4.2661e-01 -3.1980e+00 +3.6655e+00 +3.2466e+00 -1.1230e+00 -2.6871e-01 -2.3816e-02 -4.1703e+00 -6.8982e-01 +2.9101e+00
1614 0 +7.754462850e+00 -9.922455371e+02 -9.922455371e+02 +2.0978e-01 -3.1196e+00 +3.6459e+00 +3.3795e+00 -9.1259e-01 -4.1953e-01 +7.6538e-02 -4.5100e+00 -6.9246e-01 +2.8830e+00
1662 0 +7.155637940e+00 -9.928443621e+02 -9.928443621e+02 +1.1604e-01 -3.3915e+00 +3.3695e+00 +3.3556e+00 -1.0799e+00 -3.7687e-01 -2.2679e-01 -4.4092e+00 -7.9823e-01 +2.8621e+00
1670 0 +7.130422536e+00 -9.928695775e+02 -9.928695775e+02 +6.7733e-01 -3.3416e+00 +3.6758e+00 +3.5216e+00 -1.1879e+00 -3.2690e-01 -1.0565e-01 -4.1775e+00 -1.0754e+00 +2.7963e+00
1704 0 +7.102401912e+00 -9.928975981e+02 -9.928975981e+02 +4.3190e-01 -3.0799e+00 +3.6179e+00 +3.5785e+00 -9.1582e-01 -3.5087e-01 -2.5727e-02 -4.1301e+00 -6.5425e-01 +2.8105e+00
1717 0 +6.759995357e+00 -9.932400046e+02 -9.932400046e+02 +1.8688e-01 -3.2040e+00 +3.4801e+00 +3.3612e+00 -1.0151e+00 -3.3375e-01 -3.1710e-01 -4.2352e+00 -9.2874e-01 +2.9318e+00
1734 0 +6.413091586e+00 -9.935869084e+02 -9.935869084e+02 +3.7654e-01 -3.1818e+00 +3.7236e+00 +3.6230e+00 -9.2577e-01 -3.7860e-01 -7.5678e-02 -4.3563e+00 -7.5213e-01 +2.6185e+00
1751 0 +5.832313372e+00 -9.941676866e+02 -9.941676866e+02 +2.9123e-01 -3.3583e+00 +3.7961e+00 +3.5310e+00 -8.4521e-01 -2.6884e-01 -1.0608e-01 -4.3078e+00 -1.2075e+00 +2.6024e+00
1831 0 +5.411146150e+00 -9.945888539e+02 -9.945888539e+02 +3.2952e-01 -3.3324e+00 +3.3256e+00 +3.6690e+00 -7.6009e-01 -5.6545e-01 -5.1182e-02 -4.2054e+00 -1.0449e+00 +2.5102e+00
1887 0 +4.836433401e+00 -9.951635666e+02 -9.951635666e+02 +4.0347e-01 -3.3573e+00 +3.5346e+00 +3.3306e+00 -8.5706e-01 -3.4029e-01 -6.4117e-02 -4.5556e+00 -1.0892e+00 +2.4728e+00
1942 0 +4.524101289e+00 -9.954758987e+02 -9.954758987e+02 +2.6277e-01 -3.3652e+00 +3.6336e+00 +3.5691e+00 -9.3159e-01 -7.4605e-02 -1.7493e-01 -4.1267e+00 -1.0719e+00 +2.4319e+00
1947 0 +4.343570158e+00 -9.956564298e+02 -9.956564298e+02 +3.0958e-01 -3.4890e+00 +3.4112e+00 +3.2521e+00 -8.5125e-01 -2.1099e-01 -2.4732e-01 -4.4543e+00 -1.1001e+00 +2.4374e+00
2036 0 +4.213618073e+00 -9.957863819e+02 -9.957863819e+02 +5.6383e-02 -3.2709e+00 +3.2592e+00 +3.4447e+00 -9.0000e-01 -3.2988e-01 -2.4356e-01 -4.4276e+00 -9.4294e-01 +2.4248e+00
2075 0 +4.090399260e+00 -9.959096007e+02 -9.959096007e+02 +2.2421e-01 -3.3275e+00 +3.5164e+00 +3.5117e+00 -7.6723e-01 -2.0393e-01 -1.7413e-01 -4.4124e+00 -9.8825e-01 +2.4334e+00
2142 0 +3.918369029e+00 -9.960816310e+02 -9.960816310e+02 +2.0095e-01 -3.4203e+00 +3.3488e+00 +3.4384e+00 -7.9041e-01 -3.9791e-01 -2.9746e-01 -4.3034e+00 -9.3010e-01 +2.3722e+00
2155 0 +3.893712736e+00 -9.961062873e+02 -9.961062873e+02 +1.8184e-01 -3.4199e+00 +3.4166e+00 +3.4313e+00 -8.4521e-01 -3.8363e-01 -2.7162e-01 -4.3647e+00 -1.0805e+00 +2.3416e+00
2158 0 +3.824147284e+00 -9.961758527e+02 -9.961758527e+02 +1.8565e-01 -3.3644e+00 +3.4315e+00 +3.3845e+00 -8.7519e-01 -4.0941e-01 -2.9683e-01 -4.4268e+00 -9.7215e-01 +2.3194e+00
2167 0 +3.453374273e+00 -9.965466257e+02 -9.965466257e+02 +2.7676e-01 -3.2978e+00 +3.4698e+00 +3.4900e+00 -8.8301e-01 -3.9240e-01 -4.0123e-01 -4.3916e+00 -1.0705e+00 +2.3603e+00
2220 0 +3.433772099e+00 -9.965662279e+02 -9.965662279e+02 +3.2470e-01 -3.2812e+00 +3.3768e+00 +3.3825e+00 -9.3350e-01 -2.3127e-01 -3.4461e-01 -4.2559e+00 -1.1219e+00 +2.3785e+00
2230 0 +3.404785994e+00 -9.965952140e+02 -9.965952140e+02 +2.1506e-01 -3.2101e+00 +3.4949e+00 +3.4881e+00 -8.9532e-01 -3.5713e-01 -3.8996e-01 -4.3109e+00 -1.1029e+00 +2.3518e+00
2289 0 +2.922121576e+00 -9.970778784e+02 -9.970778784e+02 +2.7573e-01 -3.2912e+00 +3.3697e+00 +3.4379e+00 -9.1634e-01 -2.6713e-01 -3.5389e-01 -4.3082e+00 -9.3325e-01 +2.2256e+00
2390 0 +2.859468106e+00 -9.971405319e+02 -9.971405319e+02 +2.5376e-01 -3.2419e+00 +3.3359e+00 +3.3002e+00 -8.6075e-01 -3.6825e-01 -3.7402e-01 -4.3135e+00 -9.8389e-01 +2.2171e+00
2472 0 +2.764549720e+00 -9.972354503e+02 -9.972354503e+02 +3.2072e-01 -3.2451e+00 +3.3166e+00 +3.3006e+00 -8.1098e-01 -4.2960e-01 -3.3721e-01 -4.4503e+00 -1.0863e+00 +2.1788e+00
% f evaluations | g evaluations | best noise-free fitness - Fopt (1.319200000000e+02) + sum g_i+ | measured fitness | best measured fitness or single-digit g-values | x1 | x2...
1 0 +5.885807765e+05 +5.887126965e+05 +5.887126965e+05 +5.9671e-01 -3.8264e-02 +7.4769e-01 +1.6230e+00 -1.3415e-01 -1.3414e-01 +1.6792e+00 +8.6743e-01 -3.6947e-01 +6.4256e-01
2 0 +5.199055727e+05 +5.200374927e+05 +5.200374927e+05 -3.6342e-01 -3.6573e-01 +3.4196e-01 -1.8133e+00 -1.6249e+00 -4.6229e-01 -9.1283e-01 +4.1425e-01 -8.0802e-01 -1.3123e+00
5 0 +3.766513236e+05 +3.767832436e+05 +3.767832436e+05 +8.3847e-01 +2.7137e-01 -1.5648e-02 -2.0110e-01 -1.3785e+00 -6.1984e-01 -3.6064e-01 +1.1571e+00 +4.4362e-01 -1.6630e+00
8 0 +3.728570265e+05 +3.729889465e+05 +3.729889465e+05 +4.6140e-01 +1.6380e+00 +6.4174e-02 +1.6646e+00 -2.5197e+00 +9.2190e-01 +1.8705e-01 -1.9901e-01 +1.9176e-01 -1.8876e+00
39 0 +2.359326861e+05 +2.360646061e+05 +2.360646061e+05 -7.3972e-01 -4.9939e-01 -2.0239e+00 -4.2576e-01 -6.5913e-01 +2.5039e-01 +4.4176e-01 +1.9762e+00 +1.0504e+00 -4.7690e-01
51 0 +6.357708793e+04 +6.370900793e+04 +6.370900793e+04 -1.3622e+00 +3.2598e+00 -2.9250e+00 -4.5688e-01 -2.7929e+00 +5.6414e-01 -1.5777e+00 +2.3023e+00 +1.8787e+00 -1.1469e+00
110 0 +3.430562438e+04 +3.443754438e+04 +3.443754438e+04 -3.5143e+00 +3.3615e+00 -2.3124e+00 +4.4802e-01 -2.4290e+00 +1.9827e+00 -4.5331e-01 +3.0801e+00 +2.3412e-01 -2.7964e+00
151 0 +2.896239064e+04 +2.909431064e+04 +2.909431064e+04 -2.7100e+00 +1.3210e+00 -4.4459e+00 +1.0786e+00 -4.7069e+00 +5.9624e-01 -2.1217e+00 +3.2812e+00 +1.6465e+00 -6.6625e-01
206 0 +1.774604179e+04 +1.787796179e+04 +1.787796179e+04 -4.1446e+00 +3.8885e+00 -2.8048e+00 +2.4976e+00 -4.0808e+00 -2.8381e+00 -1.2016e+00 +3.9711e+00 -8.4381e-02 -2.4767e+00
251 0 +4.583477924e+03 +4.715397924e+03 +4.715397924e+03 -4.7444e+00 +3.6137e+00 -3.2306e+00 +3.1569e+00 -4.0301e+00 +6.9780e-01 -4.2287e+00 +4.4247e+00 +2.3112e+00 -8.1708e-01
354 0 +4.292897267e+03 +4.424817267e+03 +4.424817267e+03 -4.2125e+00 +4.9799e+00 -4.7786e+00 +1.4377e+00 -3.0003e+00 +3.7217e-01 -4.7855e+00 +3.8448e+00 +2.6402e+00 -2.7840e+00
365 0 +3.670384235e+03 +3.802304235e+03 +3.802304235e+03 -3.6168e+00 +1.3064e+00 -3.1474e+00 +2.9935e+00 -4.6495e+00 +4.3063e-02 -3.4776e+00 +3.6429e+00 +2.3583e+00 -1.0753e-01
404 0 +2.588046533e+03 +2.719966533e+03 +2.719966533e+03 -4.6202e+00 +3.6465e+00 -2.9191e+00 +8.4453e-03 -4.7145e+00 -2.0227e+00 -3.8885e+00 +4.4326e+00 -1.3883e+00 -1.3521e+00
406 0 +1.454134363e+03 +1.586054363e+03 +1.586054363e+03 -3.1969e+00 +2.1890e+00 -2.8552e+00 +1.9637e+00 -4.7391e+00 +1.5315e-01 -3.7144e+00 +3.9768e+00 +1.8101e+00 +4.2942e-01
408 0 +1.066954507e+03 +1.198874507e+03 +1.198874507e+03 -4.6099e+00 +5.3556e-01 -4.1618e+00 +2.1761e+00 -3.6554e+00 +3.4862e-01 -2.4224e+00 +4.9336e+00 +1.0671e+00 -2.4656e-01
451 0 +3.954125378e+02 +5.273325378e+02 +5.273325378e+02 -3.6557e+00 +2.5148e+00 -3.4190e+00 +1.1411e+00 -4.2303e+00 +5.6168e-01 -4.9765e+00 +3.4749e+00 -1.0719e-01 +9.9976e-01
454 0 +3.933528680e+02 +5.252728680e+02 +5.252728680e+02 -3.9699e+00 +1.3254e+00 -4.4709e+00 +1.1300e+00 -2.9822e+00 +8.2169e-01 -2.5508e+00 +3.7360e+00 -7.5441e-01 +7.4849e-01
460 0 +1.034809303e+02 +2.354009303e+02 +2.354009303e+02 -3.7742e+00 +1.9791e+00 -4.6707e+00 +6.4200e-01 -4.4812e+00 -3.2186e+00 -2.4523e+00 +4.1883e+00 -8.2899e-01 -8.0176e-01
523 0 +4.357095773e+01 +1.754909577e+02 +1.754909577e+02 -3.5450e+00 +8.0466e-01 -4.8421e+00 +1.5009e+00 -4.2691e+00 +4.5825e-01 -4.2923e+00 +4.1778e+00 +3.4418e-01 +2.8118e+00
555 0 +3.865859366e+01 +1.705785937e+02 +1.705785937e+02 -4.8319e+00 +1.8948e+00 -4.6875e+00 +4.7171e-01 -4.1932e+00 +8.6808e-01 -4.7366e+00 +4.1188e+00 +3.7771e-02 +1.6800e+00
656 0 +3.189227067e+01 +1.638122707e+02 +1.638122707e+02 -4.8206e+00 +1.8553e+00 -3.9732e+00 +5.1787e-01 -3.7043e+00 +7.8962e-01 -3.6794e+00 +4.3888e+00 -3.8677e-01 +8.2965e-01
734 0 +2.836524607e+01 +1.602852461e+02 +1.602852461e+02 -3.8686e+00 +3.3537e+00 -3.8522e+00 -3.5117e-02 -3.4842e+00 +6.4493e-01 -4.7707e+00 +3.7815e+00 -1.7734e+00 +1.6610e+00
775 0 +2.773416354e+01 +1.596541635e+02 +1.596541635e+02 -4.0001e+00 +1.4841e+00 -4.5590e+00 -9.7797e-02 -3.5897e+00 -4.5900e-01 -3.6538e+00 +3.6939e+00 -4.4737e-01 +1.4006e+00
794 0 +2.375399109e+01 +1.556739911e+02 +1.556739911e+02 -4.5156e+00 +3.4700e+00 -3.9413e+00 +4.2941e-01 -3.6310e+00 +1.2558e+00 -3.9016e+00 +3.7346e+00 -1.6932e+00 +1.7202e+00
851 0 +1.993590656e+01 +1.518559066e+02 +1.518559066e+02 -4.5104e+00 +2.6316e+00 -4.1223e+00 +4.7518e-01 -3.2246e+00 +1.3623e+00 -3.4482e+00 +3.3132e+00 -1.1159e+00 +9.3856e-01
1001 0 +1.474749226e+01 +1.466674923e+02 +1.466674923e+02 -4.5035e+00 +2.4134e+00 -4.0195e+00 +2.7595e-02 -2.8013e+00 +1.4976e+00 -3.8228e+00 +4.1026e+00 -5.0192e-01 +1.5831e+00
1043 0 +1.097891938e+01 +1.428989194e+02 +1.428989194e+02 -4.9929e+00 +1.5455e+00 -4.0821e+00 +5.4686e-01 -3.0892e+00 +2.1464e+00 -3.7444e+00 +3.4504e+00 -1.1486e+00 +2.1414e+00
1279 0 +8.498978426e+00 +1.404189784e+02 +1.404189784e+02 -4.6202e+00 +1.9724e+00 -4.1180e+00 +4.1490e-01 -2.5208e+00 +1.7563e+00 -3.5901e+00 +3.9538e+00 -9.7802e-01 +2.0116e+00
1293 0 +7.608204562e+00 +1.395282046e+02 +1.395282046e+02 -4.7134e+00 +1.4889e+00 -3.6383e+00 +3.7618e-01 -2.5450e+00 +2.1952e+00 -3.5503e+00 +4.6412e+00 -1.2127e+00 +2.7675e+00
1801 0 +5.321322913e+00 +1.372413229e+02 +1.372413229e+02 -4.6819e+00 +1.8397e+00 -3.9030e+00 +4.1737e-01 -2.2433e+00 +1.9648e+00 -3.1910e+00 +4.1526e+00 -9.1860e-01 +2.6031e+00
1895 0 +4.149561817e+00 +1.360695618e+02 +1.360695618e+02 -4.6959e+00 +2.4989e+00 -3.6269e+00 +1.2465e-01 -2.0229e+00 +2.2679e+00 -3.4576e+00 +3.7160e+00 -1.6829e+00 +2.1756e+00
2016 0 +3.723051362e+00 +1.356430514e+02 +1.356430514e+02 -4.4766e+00 +2.2618e+00 -3.8695e+00 -2.5589e-01 -2.1619e+00 +2.1427e+00 -3.3870e+00 +3.8702e+00 -1.0820e+00 +2.3537e+00
2120 0 +3.161866454e+00 +1.350818665e+02 +1.350818665e+02 -4.3854e+00 +2.0835e+00 -3.9581e+00 +4.2771e-02 -2.1026e+00 +2.1915e+00 -3.6791e+00 +3.8552e+00 -1.2275e+00 +2.8391e+00
2181 0 +3.070087594e+00 +1.349900876e+02 +1.349900876e+02 -4.2310e+00 +2.1028e+00 -3.6772e+00 -8.9446e-03 -2.1021e+00 +1.9951e+00 -3.3220e+00 +3.6143e+00 -1.5344e+00 +2.3463e+00
2190 0 +2.919700730e+00 +1.348397007e+02 +1.348397007e+02 -4.3707e+00 +2.3259e+00 -3.7642e+00 -7.5626e-03 -1.8663e+00 +2.5215e+00 -3.5838e+00 +4.0143e+00 -1.2459e+00 +2.5141e+00
2252 0 +2.856612033e+00 +1.347766120e+02 +1.347766120e+02 -4.5898e+00 +2.1824e+00 -3.7635e+00 +6.8267e-02 -1.9920e+00 +2.2820e+00 -3.3435e+00 +3.9296e+00 -1.2478e+00 +2.4192e+00
2297 0 +2.538392761e+00 +1.344583928e+02 +1.344583928e+02 -4.5645e+00 +2.2353e+00 -3.9166e+00 -2.6594e-01 -2.0362e+00 +2.1157e+00 -3.2988e+00 +3.6196e+00 -1.1959e+00 +2.4330e+00
2333 0 +2.311024891e+00 +1.342310249e+02 +1.342310249e+02 -4.5231e+00 +2.1221e+00 -3.8018e+00 +6.7467e-03 -1.8301e+00 +2.3384e+00 -3.4749e+00 +3.9928e+00 -1.4967e+00 +2.6398e+00
2374 0 +1.375829625e+00 +1.332958296e+02 +1.332958296e+02 -4.6478e+00 +1.9381e+00 -3.6970e+00 +1.9070e-01 -1.8066e+00 +2.4902e+00 -3.3288e+00 +3.8419e+00 -1.4180e+00 +2.8933e+00
% f evaluations | g evaluations | best noise-free fitness - Fopt (5.908400000000e+02) + sum g_i+ | measured fitness | best measured fitness or single-digit g-values | x1 | x2...
1 0 +7.245945316e+03 +7.836785316e+03 +7.836785316e+03 +5.9671e-01 -3.8264e-02 +7.4769e-01 +1.6230e+00 -1.3415e-01 -1.3414e-01 +1.6792e+00 +8.6743e-01 -3.6947e-01 +6.4256e-01
11 0 +1.374302282e+02 +7.282702282e+02 +7.282702282e+02 -1.3154e+00 -3.2065e-01 -2.4271e-01 -7.0228e-01 -6.1286e-02 +5.0405e-01 +1.9862e+00 +2.7458e-01 +3.5755e-01 +2.5554e-02
30 0 +1.218067021e+02 +7.126467021e+02 +7.126467021e+02 -1.0812e-01 -3.9300e-01 -4.8936e-01 +9.4960e-01 +4.5702e-01 -5.9291e-01 +9.9960e-01 +4.0730e-01 +9.1286e-01 +7.2963e-01
33 0 +1.179064277e+02 +7.087464277e+02 +7.087464277e+02 +1.9700e-01 +6.9516e-01 -7.1822e-01 +2.1924e+00 -9.0602e-01 -1.1142e+00 +1.2581e+00 +8.9166e-01 +7.2412e-01 +7.2835e-01
51 0 +1.104013940e+02 +7.012413940e+02 +7.012413940e+02 -1.0822e+00 -3.9365e-01 -1.4153e+00 +5.1463e-01 +1.0116e+00 -4.5315e-01 +2.5751e+00 +5.0890e-01 +6.3960e-01 +1.5136e-01
790 0 +1.077659044e+02 +6.986059044e+02 +6.986059044e+02 -3.1319e+00 -1.7871e+00 -1.3420e+00 -1.6039e+00 -2.4983e+00 +4.7185e-01 +2.6403e+00 +1.9084e+00 +2.6801e+00 -2.0340e+00
804 0 +1.036030408e+02 +6.944430408e+02 +6.944430408e+02 -3.7777e+00 -1.3993e+00 +1.8324e-01 +1.9751e-01 -1.3375e+00 +1.6599e+00 +4.6272e+00 +3.0293e-02 +2.5366e+00 -3.2832e+00
840 0 +8.668825990e+01 +6.775282599e+02 +6.775282599e+02 -3.8893e+00 -1.7234e+00 -2.1500e+00 -1.9205e+00 -2.6410e+00 +1.9037e+00 +4.6499e+00 +8.5391e-01 +1.8248e+00 -1.8104e+00
850 0 +6.406838128e+01 +6.549083813e+02 +6.549083813e+02 -2.8427e+00 -2.3044e+00 -1.1897e+00 +5.2452e-01 -2.2952e+00 +1.2372e+00 +2.7131e+00 +1.4782e+00 +2.4615e+00 -3.0953e+00
1082 0 +6.380334982e+01 +6.546433498e+02 +6.546433498e+02 -2.2822e+00 -1.7081e+00 -9.5918e-01 -1.2355e+00 -1.3607e+00 +2.3154e+00 +4.2338e+00 +1.7328e+00 +4.5351e+00 -3.8224e+00
1112 0 +6.074778431e+01 +6.515877843e+02 +6.515877843e+02 -1.7878e+00 -1.0932e-01 -2.1172e+00 -8.9323e-01 -2.1831e+00 +1.2940e+00 +3.2001e+00 +9.2528e-01 +4.8473e+00 -3.1111e+00
1181 0 +5.106028432e+01 +6.419002843e+02 +6.419002843e+02 -1.2706e+00 -3.8429e+00 -4.3086e+00 -1.3237e+00 +9.9839e-01 -3.9083e-01 +3.3590e+00 +1.1938e+00 +3.4477e+00 -2.5229e+00
1330 0 +4.554830247e+01 +6.363883025e+02 +6.363883025e+02 -1.8635e-01 -1.9693e+00 -3.2763e+00 -1.2938e+00 -1.0577e-01 +9.2216e-02 +3.8111e+00 +1.5145e+00 +3.1428e+00 -1.9958e+00
1511 0 +4.452782972e+01 +6.353678297e+02 +6.353678297e+02 -4.7213e-01 -1.8551e+00 -2.9586e+00 -2.3076e+00 -4.6951e-01 +8.6803e-01 +4.4484e+00 +1.4497e+00 +4.4603e+00 -2.5878e+00
1570 0 +4.302073117e+01 +6.338607312e+02 +6.338607312e+02 -4.0663e-01 -2.3527e+00 -3.1903e+00 -2.1927e+00 +3.2426e-01 +5.9710e-01 +4.3827e+00 +1.3062e+00 +4.0985e+00 -2.7144e+00
1573 0 +4.299576535e+01 +6.338357654e+02 +6.338357654e+02 -2.2484e-01 -7.9855e-01 -3.0239e+00 -1.6248e+00 -1.5474e+00 +5.5769e-01 +3.7537e+00 +8.3510e-01 +4.3605e+00 -1.8915e+00
1628 0 +4.031217775e+01 +6.311521777e+02 +6.311521777e+02 +1.0739e+00 -1.6140e+00 -3.2720e+00 -3.0261e+00 -1.3778e+00 -3.5345e-02 +3.8514e+00 +6.5578e-01 +4.9959e+00 -2.5755e+00
1690 0 +3.498548693e+01 +6.258254869e+02 +6.258254869e+02 +1.1182e-01 -1.5425e+00 -2.5334e+00 -9.8034e-01 -5.8645e-01 +3.1930e-01 +4.0991e+00 +2.4492e-01 +4.4243e+00 -3.4442e+00
1756 0 +3.450390301e+01 +6.253439030e+02 +6.253439030e+02 +7.5533e-02 -1.9112e+00 -2.8370e+00 -7.8849e-01 -6.1243e-02 +2.5086e-01 +3.7028e+00 +5.8620e-01 +4.7499e+00 -2.7118e+00
1786 0 +3.206418624e+01 +6.229041862e+02 +6.229041862e+02 -7.0168e-01 -1.9929e+00 -3.3110e+00 -1.1821e+00 -3.1668e-01 +1.1818e+00 +3.7136e+00 +1.3093e+00 +4.6074e+00 -2.9590e+00
1821 0 +3.067034415e+01 +6.215103441e+02 +6.215103441e+02 +3.7602e-01 -2.9133e+00 -3.5467e+00 -6.4477e-01 +1.2516e+00 +2.1607e-02 +3.3835e+00 +4.1391e-01 +4.9589e+00 -2.2864e+00
1840 0 +3.048910093e+01 +6.213291009e+02 +6.213291009e+02 +5.5145e-01 -1.5353e+00 -3.2042e+00 -4.1642e-01 +1.4788e+00 +9.5338e-01 +3.9498e+00 +6.5268e-01 +4.4258e+00 -2.7180e+00
1863 0 +2.405866845e+01 +6.148986684e+02 +6.148986684e+02 +4.0766e-01 -2.4154e+00 -3.4476e+00 -1.3507e+00 -9.0416e-01 -2.1415e-01 +3.1019e+00 +4.3122e-01 +4.3124e+00 -2.2841e+00
% f evaluations | g evaluations | best noise-free fitness - Fopt (6.749000000000e+01) + sum g_i+ | measured fitness | best measured fitness or single-digit g-values | x1 | x2...
1 0 +1.379411307e+05 +1.380086207e+05 +1.380086207e+05 +5.9671e-01 -3.8264e-02 +7.4769e-01 +1.6230e+00 -1.3415e-01 -1.3414e-01 +1.6792e+00 +8.6743e-01 -3.6947e-01 +6.4256e-01
12 0 +8.747920287e+04 +8.754669287e+04 +8.754669287e+04 -1.8188e+00 +7.3486e-02 +1.6023e-01 +2.5632e+00 -9.2361e-02 +4.0155e-01 +6.5288e-02 -1.0687e+00 +1.2428e+00 +8.5193e-01
21 0 +6.523583802e+04 +6.530332802e+04 +6.530332802e+04 +4.5779e-01 +6.6078e-01 +1.1831e+00 +1.1538e+00 -1.2777e+00 -8.3783e-01 +6.1504e-01 +6.1379e-01 +6.1505e-01 +3.9527e+00
51 0 +1.967345242e+04 +1.974094242e+04 +1.974094242e+04 +1.0215e+00 -2.5561e+00 +1.0433e+00 +2.8692e+00 +1.4188e+00 -3.6527e-01 +1.6010e+00 -9.6814e-01 +1.4639e+00 +1.0535e+00
54 0 +1.945336749e+04 +1.952085749e+04 +1.952085749e+04 -2.7423e-01 -1.7092e+00 +1.2336e+00 +1.3891e+00 -2.7271e-01 -1.3876e+00 +2.4018e+00 -9.7094e-02 +7.5027e-01 +3.3880e+00
55 0 +1.820698867e+04 +1.827447867e+04 +1.827447867e+04 -8.5695e-02 -2.1526e-01 +1.0480e+00 +3.3039e+00 +1.8917e-01 -2.2581e+00 +1.8314e+00 -4.6190e-01 +1.5288e+00 +1.8123e+00
68 0 +5.495315453e+03 +5.562805453e+03 +5.562805453e+03 -2.5908e+00 -1.8398e+00 -2.8578e+00 +1.9181e+00 -3.7266e-01 -1.4500e+00 +1.7930e+00 -3.5500e-01 +3.6327e+00 +2.9767e+00
102 0 +3.680926310e+03 +3.748416310e+03 +3.748416310e+03 -9.0904e-01 -2.9741e+00 +1.6166e+00 +2.8105e+00 -6.0673e-01 -2.4259e+00 +2.8692e+00 -9.7641e-01 +4.1170e+00 +3.0321e+00
103 0 +1.279954111e+03 +1.347444111e+03 +1.347444111e+03 -3.5629e+00 -1.1808e+00 -2.7484e+00 +2.3437e+00 -3.0019e-01 -1.4750e+00 +3.1440e+00 -6.1778e-02 +1.4093e+00 +4.8608e+00
151 0 +1.130626348e+02 +1.805526348e+02 +1.805526348e+02 -6.1930e-01 -3.1924e+00 -1.0310e+00 +2.6422e+00 -5.7650e-01 -3.6052e+00 +3.7176e+00 -2.3918e+00 +4.4843e+00 +1.0449e+00
153 0 +1.100987660e+02 +1.775887660e+02 +1.775887660e+02 -4.1484e-01 -3.0984e+00 -7.5404e-01 +1.4313e+00 +1.1474e+00 -3.2150e+00 +4.0280e+00 -3.6680e-01 +3.5245e+00 +4.4472e+00
156 0 +1.012863861e+02 +1.687763861e+02 +1.687763861e+02 +4.8679e-01 -1.1452e+00 -1.6697e+00 +2.4585e+00 +4.2951e-01 -3.8898e+00 +3.5710e+00 -3.7174e+00 +3.8129e+00 +2.3020e+00
255 0 +7.741229650e+01 +1.449022965e+02 +1.449022965e+02 +1.6194e+00 -2.9400e+00 -1.3880e+00 +2.0458e+00 -1.3523e-02 -2.9265e+00 +3.3773e+00 -2.8749e+00 +4.5219e-01 +1.5347e+00
357 0 +5.213702075e+01 +1.196270208e+02 +1.196270208e+02 -1.3270e+00 +4.7867e-01 +1.0883e-01 +1.9098e+00 +6.2468e-03 -1.3691e+00 +3.8177e+00 -3.9034e+00 +4.0864e+00 +1.7317e+00
425 0 +5.114832729e+01 +1.186383273e+02 +1.186383273e+02 -8.5792e-02 -1.6174e+00 +9.1605e-01 +2.3824e+00 +1.9755e-01 -1.7486e+00 +3.0134e+00 -4.3204e+00 +3.2356e+00 +1.6834e+00
426 0 +4.913885510e+01 +1.166288551e+02 +1.166288551e+02 -5.0328e-01 -1.9502e+00 -1.6440e-01 +5.8599e-01 +1.3008e+00 -1.7058e+00 +4.7540e+00 -2.3791e+00 +1.8245e+00 +2.9517e+00
463 0 +4.651921019e+01 +1.140092102e+02 +1.140092102e+02 -5.8989e-01 -1.0802e+00 -6.8332e-01 +1.4980e+00 +4.5040e-01 -1.0649e+00 +4.4798e+00 -3.1539e+00 +3.0331e+00 +2.2277e+00
539 0 +4.208930030e+01 +1.095793003e+02 +1.095793003e+02 +1.4945e-01 -8.0407e-01 +4.6649e-01 -2.8937e-02 +4.9555e-02 -7.5208e-01 +3.2157e+00 -3.1660e+00 +4.4518e+00 +2.7812e+00
703 0 +3.874969752e+01 +1.062396975e+02 +1.062396975e+02 -5.1372e-01 -9.8781e-01 -2.8366e-01 +1.0226e+00 +6.9699e-01 -3.2622e-01 +3.2699e+00 -3.2524e+00 +4.5339e+00 +2.7464e+00
723 0 +3.856411716e+01 +1.060541172e+02 +1.060541172e+02 -3.0322e-01 -8.7688e-01 +1.1898e-01 +3.2129e-01 +7.1450e-01 -1.7088e+00 +3.8033e+00 -3.8592e+00 +4.8790e+00 +1.7253e+00
744 0 +3.736462006e+01 +1.048546201e+02 +1.048546201e+02 -4.1240e-01 -1.9481e+00 +5.1736e-01 +2.7043e-01 +9.5073e-01 -1.8102e+00 +3.2015e+00 -3.6837e+00 +4.9246e+00 +2.0823e+00
766 0 +3.635176232e+01 +1.038417623e+02 +1.038417623e+02 -2.6441e-01 -1.2726e+00 +1.7230e+00 +1.7358e+00 +1.7165e+00 -1.2640e+00 +2.8763e+00 -1.8381e+00 +4.4471e+00 +2.1200e+00
772 0 +1.765332683e+01 +8.514332683e+01 +8.514332683e+01 -5.7562e-01 -1.5130e+00 +1.1619e+00 +4.2132e-01 +1.9181e+00 -8.3559e-01 +2.9198e+00 -2.7348e+00 +4.4405e+00 +1.2034e+00
859 0 +1.325592822e+01 +8.074592822e+01 +8.074592822e+01 -3.2273e-01 -1.2760e+00 +8.3591e-01 +4.4329e-01 +1.6651e+00 -5.6342e-01 +2.0398e+00 -2.9452e+00 +4.3259e+00 +1.5600e+00
1469 0 +1.191567313e+01 +7.940567313e+01 +7.940567313e+01 -8.8230e-01 -1.4690e+00 -5.9480e-03 +4.7496e-01 +1.9855e+00 -2.5023e-01 +2.3552e+00 -3.3543e+00 +4.2020e+00 +7.1944e-01
1758 0 +9.223084609e+00 +7.671308461e+01 +7.671308461e+01 -5.1436e-01 -1.6658e+00 +5.6690e-01 +1.0307e+00 +2.3168e+00 -3.2028e-01 +2.8130e+00 -3.1706e+00 +3.3634e+00 +4.8558e-01
1873 0 +8.000484791e+00 +7.549048479e+01 +7.549048479e+01 -1.1580e+00 -8.8211e-01 +2.4844e-01 +5.4180e-01 +2.7660e+00 -1.7382e-01 +3.0655e+00 -3.6048e+00 +4.1420e+00 +1.1248e+00
1969 0 +7.967573164e+00 +7.545757316e+01 +7.545757316e+01 -5.5178e-01 -1.0378e+00 +7.1636e-01 +4.8306e-01 +1.9331e+00 -1.6083e-01 +2.1288e+00 -3.6007e+00 +4.2385e+00 +1.0524e+00
2052 0 +7.800539424e+00 +7.529053942e+01 +7.529053942e+01 -1.0592e+00 -1.2304e+00 +4.6896e-01 +3.7959e-01 +2.2581e+00 +1.1196e-01 +2.2653e+00 -3.3420e+00 +4.5179e+00 +9.8765e-01
2122 0 +7.115437560e+00 +7.460543756e+01 +7.460543756e+01 -9.0996e-01 -1.3172e+00 +4.0535e-02 +1.5948e-01 +2.5560e+00 -2.6992e-01 +2.1667e+00 -3.7211e+00 +4.7846e+00 +5.8107e-01
2128 0 +6.592203673e+00 +7.408220367e+01 +7.408220367e+01 -1.1078e+00 -7.4463e-01 +4.1102e-01 +8.4521e-01 +2.4861e+00 +1.2039e-02 +2.2633e+00 -3.4367e+00 +4.1461e+00 +7.2360e-01
% f evaluations | g evaluations | best noise-free fitness - Fopt (3.085000000000e+01) + sum g_i+ | measured fitness | best measured fitness or single-digit g-values | x1 | x2...
1 0 +3.157382535e+05 +3.157691035e+05 +3.157691035e+05 +5.9671e-01 -3.8264e-02 +7.4769e-01 +1.6230e+00 -1.3415e-01 -1.3414e-01 +1.6792e+00 +8.6743e-01 -3.6947e-01 +6.4256e-01
2 0 +1.188176023e+05 +1.188484523e+05 +1.188484523e+05 -3.6342e-01 -3.6573e-01 +3.4196e-01 -1.8133e+00 -1.6249e+00 -4.6229e-01 -9.1283e-01 +4.1425e-01 -8.0802e-01 -1.3123e+00
5 0 +1.158634390e+05 +1.158942890e+05 +1.158942890e+05 +8.3847e-01 +2.7137e-01 -1.5648e-02 -2.0110e-01 -1.3785e+00 -6.1984e-01 -3.6064e-01 +1.1571e+00 +4.4362e-01 -1.6630e+00
54 0 +5.432592335e+04 +5.435677335e+04 +5.435677335e+04 -4.1283e-01 -2.3472e+00 -9.5226e-01 -1.3724e+00 -1.3888e+00 -8.0054e-01 -1.1771e+00 +2.6399e+00 -1.0439e+00 -3.5100e+00
65 0 +4.938010235e+04 +4.941095235e+04 +4.941095235e+04 -2.8830e-01 -3.3685e-01 -3.7739e-01 +3.9337e-01 +1.0271e-01 -7.2376e-01 +5.0185e-01 +1.6393e+00 -4.8664e-01 -4.0733e+00
101 0 +2.048285659e+04 +2.051370659e+04 +2.051370659e+04 +9.3231e-01 -2.8114e+00 -2.8753e+00 -1.7956e+00 +1.6860e+00 -5.0059e-01 -1.4326e+00 +2.7031e+00 -4.4776e-01 -3.3700e+00
105 0 +1.513513725e+04 +1.516598725e+04 +1.516598725e+04 +2.2637e+00 -2.1540e+00 -2.6237e+00 -8.7021e-01 +3.9598e+00 -2.6106e+00 -1.9833e+00 +1.9794e+00 -1.1478e+00 -2.4450e+00
154 0 +1.124268955e+02 +1.432768955e+02 +1.432768955e+02 -1.7594e+00 -1.0782e+00 -3.0000e+00 -3.8241e+00 +2.8253e+00 +5.3345e-01 -4.5323e+00 +2.6330e+00 -3.8936e+00 -3.8999e+00
403 0 +1.015864436e+02 +1.324364436e+02 +1.324364436e+02 -9.5660e-01 +2.7616e-01 -3.5099e+00 -3.0831e+00 +2.1640e+00 +3.8750e-01 -3.2543e+00 +3.7558e+00 -3.3862e+00 -4.2997e+00
404 0 +5.559951762e+01 +8.644951762e+01 +8.644951762e+01 +6.6313e-01 -1.7140e+00 -2.1581e+00 -3.3263e+00 +3.7175e+00 -7.2583e-01 -2.9361e+00 +3.4447e+00 -2.8912e+00 -3.1258e+00
456 0 +4.906125825e+01 +7.991125825e+01 +7.991125825e+01 +1.5924e+00 -1.9627e+00 -1.5466e+00 -1.2001e+00 +2.8863e+00 -5.4337e-01 -2.0740e+00 +3.4804e+00 -1.5721e+00 -4.1821e+00
521 0 +3.676254160e+01 +6.761254160e+01 +6.761254160e+01 +2.2108e+00 -2.7825e+00 -2.6854e+00 -3.1452e+00 +3.7410e+00 +1.5887e+00 -1.4000e+00 +3.7751e+00 -3.1385e+00 -4.1126e+00
639 0 +2.338166624e+01 +5.423166624e+01 +5.423166624e+01 +1.8983e+00 -2.4434e+00 -1.7342e+00 -2.7045e+00 +2.0001e+00 +1.5890e+00 -1.2609e+00 +3.4276e+00 -2.8389e+00 -3.8567e+00
783 0 +2.319578620e+01 +5.404578620e+01 +5.404578620e+01 +3.0394e+00 -4.1772e+00 -1.2219e+00 -2.4159e+00 +2.7804e+00 +2.0372e+00 -1.2083e+00 +2.3699e+00 -2.7016e+00 -4.8607e+00
835 0 +2.268733698e+01 +5.353733698e+01 +5.353733698e+01 +2.3476e+00 -4.5090e+00 -1.3395e+00 -2.5537e+00 +2.0641e+00 +1.6916e+00 -7.7583e-01 +2.6164e+00 -2.0895e+00 -4.8888e+00
854 0 +2.127970760e+01 +5.212970760e+01 +5.212970760e+01 +2.9749e+00 -4.1810e+00 -1.1030e+00 -3.0521e+00 +3.3104e+00 +1.2253e+00 -1.1725e+00 +3.5524e+00 -2.6785e+00 -4.1504e+00
1104 0 +1.930505625e+01 +5.015505625e+01 +5.015505625e+01 +2.8934e+00 -3.3406e+00 -1.2482e+00 -2.7289e+00 +3.3611e+00 +2.0986e+00 -9.2782e-01 +2.7566e+00 -2.6496e+00 -4.3368e+00
1119 0 +1.316171231e+01 +4.401171231e+01 +4.401171231e+01 +2.2792e+00 -3.5901e+00 -9.7079e-01 -2.9567e+00 +3.2006e+00 +1.3310e+00 -1.0671e+00 +3.1489e+00 -2.5676e+00 -3.7727e+00
1404 0 +1.232824465e+01 +4.317824465e+01 +4.317824465e+01 +2.5585e+00 -4.2024e+00 -8.3481e-01 -2.9925e+00 +2.9412e+00 +1.5300e+00 -8.0031e-01 +2.2800e+00 -2.0776e+00 -4.0232e+00
1413 0 +1.215053820e+01 +4.300053820e+01 +4.300053820e+01 +3.0631e+00 -4.0187e+00 -7.0881e-01 -2.3538e+00 +3.2839e+00 +9.8677e-01 -1.0427e+00 +3.0066e+00 -2.0529e+00 -3.5049e+00
1445 0 +1.158991491e+01 +4.243991491e+01 +4.243991491e+01 +2.3672e+00 -3.4327e+00 -8.5771e-01 -2.6088e+00 +2.4317e+00 +1.4382e+00 -9.6220e-01 +2.3991e+00 -1.8975e+00 -3.9566e+00
1449 0 +1.118968704e+01 +4.203968704e+01 +4.203968704e+01 +2.8272e+00 -3.4337e+00 -7.9677e-01 -2.5969e+00 +2.4443e+00 +1.6884e+00 -7.3562e-01 +3.0766e+00 -2.4712e+00 -3.9665e+00
1495 0 +8.429384526e+00 +3.927938453e+01 +3.927938453e+01 +2.7480e+00 -3.2387e+00 -6.4515e-01 -2.2591e+00 +2.2169e+00 +8.5999e-01 -9.8746e-01 +2.3082e+00 -1.6596e+00 -3.7827e+00
1619 0 +5.957620977e+00 +3.680762098e+01 +3.680762098e+01 +2.8279e+00 -3.5631e+00 -3.2273e-01 -1.9798e+00 +2.2971e+00 +1.2106e+00 -6.3011e-01 +2.4976e+00 -2.0203e+00 -3.7132e+00
1846 0 +5.327200459e+00 +3.617720046e+01 +3.617720046e+01 +2.8219e+00 -3.7898e+00 -9.2533e-01 -2.3437e+00 +2.2042e+00 +1.1135e+00 -8.5049e-01 +1.8216e+00 -2.2319e+00 -3.3572e+00
1854 0 +4.160976639e+00 +3.501097664e+01 +3.501097664e+01 +3.0214e+00 -3.4964e+00 -1.7538e-01 -1.9784e+00 +2.0438e+00 +1.4801e+00 -5.5571e-01 +2.3233e+00 -1.9801e+00 -3.5354e+00
1944 0 +3.007343881e+00 +3.385734388e+01 +3.385734388e+01 +2.7407e+00 -3.7720e+00 -3.5174e-01 -2.3879e+00 +2.1680e+00 +1.1783e+00 -5.2275e-01 +2.0251e+00 -2.1477e+00 -3.3945e+00
2063 0 +2.445598778e+00 +3.329559878e+01 +3.329559878e+01 +2.9977e+00 -3.9850e+00 -4.0350e-01 -2.4854e+00 +2.1427e+00 +8.9739e-01 -2.1069e-01 +2.2823e+00 -2.1266e+00 -3.3351e+00
2100 0 +2.406913683e+00 +3.325691368e+01 +3.325691368e+01 +2.9760e+00 -3.4050e+00 -1.2271e-01 -2.5082e+00 +1.6613e+00 +7.8023e-01 -3.5272e-01 +2.2279e+00 -1.5758e+00 -3.4102e+00
2269 0 +2.121433948e+00 +3.297143395e+01 +3.297143395e+01 +2.7743e+00 -3.4892e+00 -3.7467e-01 -2.3147e+00 +2.1111e+00 +7.5738e-01 -5.4235e-01 +2.0281e+00 -1.8960e+00 -3.1824e+00
2297 0 +1.855847202e+00 +3.270584720e+01 +3.270584720e+01 +2.8841e+00 -3.9715e+00 -3.0872e-01 -2.5008e+00 +1.9360e+00 +8.4406e-01 -3.9185e-01 +1.9590e+00 -2.0036e+00 -3.2900e+00
2383 0 +1.717043331e+00 +3.256704333e+01 +3.256704333e+01 +2.6642e+00 -3.8597e+00 -2.4689e-01 -2.5067e+00 +2.1377e+00 +9.0416e-01 -3.7312e-01 +2.0083e+00 -2.0035e+00 -3.2278e+00
% f evaluations | g evaluations | best noise-free fitness - Fopt (-1.255000000000e+01) + sum g_i+ | measured fitness | best measured fitness or single-digit g-values | x1 | x2...
1 0 +5.623986172e+05 +5.623860672e+05 +5.623860672e+05 +5.9671e-01 -3.8264e-02 +7.4769e-01 +1.6230e+00 -1.3415e-01 -1.3414e-01 +1.6792e+00 +8.6743e-01 -3.6947e-01 +6.4256e-01
6 0 +3.534377773e+05 +3.534252273e+05 +3.534252273e+05 +4.2408e-01 -2.8508e-01 -5.7692e-01 +7.1168e-01 +1.1310e+00 +1.0313e+00 -7.3922e-01 -2.0921e-01 +4.3126e-01 +1.0755e+00
12 0 +3.036977624e+05 +3.036852124e+05 +3.036852124e+05 -1.8188e+00 +7.3486e-02 +1.6023e-01 +2.5632e+00 -9.2361e-02 +4.0155e-01 +6.5288e-02 -1.0687e+00 +1.2428e+00 +8.5193e-01
38 0 +1.716953995e+05 +1.716828495e+05 +1.716828495e+05 +1.2451e-01 +5.9800e-01 +1.5511e+00 +1.0593e+00 +2.2532e+00 -6.6735e-01 +9.7232e-01 +2.8334e-01 +2.2898e+00 -7.0830e-01
51 0 +6.224678239e+04 +6.223423239e+04 +6.223423239e+04 +4.1709e-01 +5.5593e-01 -1.3494e+00 +3.7284e+00 +6.0431e-01 +3.1903e-02 -4.5654e-01 +3.3445e-02 +4.6795e+00 +1.3888e+00
52 0 +5.630878212e+04 +5.629623212e+04 +5.629623212e+04 -3.4772e-01 -8.6176e-02 +1.0450e+00 +3.7462e+00 +3.6809e+00 -1.8949e-01 -1.0531e-01 +2.0533e+00 +3.4525e+00 +3.0607e-01
53 0 +2.221508641e+04 +2.220253641e+04 +2.220253641e+04 +1.5275e+00 +1.9564e+00 -1.3568e-01 +3.7125e+00 +6.0709e-01 +7.3270e-01 +1.7402e-01 -4.2124e-01 +2.8445e+00 +5.0194e-01
101 0 +9.140905500e+01 +7.885905500e+01 +7.885905500e+01 +1.5290e+00 +2.4041e+00 +2.2989e+00 +4.5450e+00 +3.7433e+00 -1.4330e+00 +3.6974e-01 +4.4683e-01 +4.1855e+00 -6.8072e-01
203 0 +6.545272465e+01 +5.290272465e+01 +5.290272465e+01 +3.5833e+00 +4.3462e+00 -6.1707e-01 +3.7593e+00 +1.7457e+00 -3.7228e+00 -1.8157e+00 -1.6334e-01 +3.8131e+00 -2.0155e+00
301 0 +4.847056856e+01 +3.592056856e+01 +3.592056856e+01 +2.9166e+00 +3.0570e+00 +2.6553e-01 +2.0125e+00 +2.7887e+00 -2.6091e+00 -1.4724e+00 -1.3463e+00 +4.5464e+00 +9.4733e-01
448 0 +2.602526581e+01 +1.347526581e+01 +1.347526581e+01 +2.5472e+00 +4.1314e+00 +1.3132e+00 +3.4466e+00 +8.9972e-01 -3.1815e+00 -2.2123e+00 -9.5384e-01 +2.5961e+00 -1.9847e+00
1061 0 +2.458398439e+01 +1.203398439e+01 +1.203398439e+01 +3.8103e+00 +4.0542e+00 +2.8824e+00 +2.8795e+00 +1.5628e+00 -1.6117e+00 -2.1324e+00 -2.2828e-01 +3.0344e+00 -1.6770e+00
1094 0 +2.382350727e+01 +1.127350727e+01 +1.127350727e+01 +3.9947e+00 +3.3901e+00 +1.5118e+00 +2.1313e+00 +2.1323e+00 -1.7734e+00 -1.6169e+00 -7.6974e-01 +3.2090e+00 -1.6377e+00
1105 0 +2.129383800e+01 +8.743837997e+00 +8.743837997e+00 +3.4700e+00 +3.7292e+00 +2.1599e+00 +3.0795e+00 +2.0499e+00 -2.8884e+00 -2.0509e+00 -1.1015e+00 +2.6154e+00 -2.0421e+00
1452 0 +2.014532329e+01 +7.595323286e+00 +7.595323286e+00 +3.8072e+00 +2.7253e+00 +1.3230e+00 +2.5511e+00 +2.2636e+00 -2.9628e+00 -1.7207e+00 -9.4285e-01 +3.0974e+00 -1.5702e+00
1454 0 +1.834894956e+01 +5.798949558e+00 +5.798949558e+00 +3.6889e+00 +3.2326e+00 +1.6970e+00 +2.3780e+00 +1.3630e+00 -2.4161e+00 -1.6669e+00 -1.1422e+00 +2.4012e+00 -1.1402e+00
1462 0 +1.708933792e+01 +4.539337919e+00 +4.539337919e+00 +3.4527e+00 +3.9293e+00 +1.9665e+00 +2.0586e+00 +2.1973e+00 -2.0571e+00 -1.8547e+00 -1.7416e+00 +2.4879e+00 -1.4501e+00
1465 0 +1.568813791e+01 +3.138137908e+00 +3.138137908e+00 +3.7030e+00 +3.9707e+00 +2.5363e+00 +2.1770e+00 +2.0400e+00 -1.9585e+00 -2.0261e+00 -1.3700e+00 +2.6945e+00 -1.5346e+00
1486 0 +1.318110951e+01 +6.311095113e-01 +6.311095113e-01 +3.5355e+00 +3.0857e+00 +2.8052e+00 +2.1548e+00 +3.1724e+00 -2.2402e+00 -2.0659e+00 -1.0061e+00 +2.8817e+00 -1.2412e+00
1734 0 +1.271259663e+01 +1.625966334e-01 +1.625966334e-01 +2.9081e+00 +2.7250e+00 +2.1880e+00 +1.9665e+00 +2.4546e+00 -1.8356e+00 -1.9818e+00 -9.9515e-01 +3.2663e+00 -1.3981e+00
1751 0 +1.252523574e+01 -2.476425710e-02 -2.476425710e-02 +3.0737e+00 +2.7846e+00 +2.2726e+00 +1.8576e+00 +2.8097e+00 -2.0379e+00 -1.7589e+00 -8.6042e-01 +3.3512e+00 -1.7896e+00
1757 0 +1.239166000e+01 -1.583400028e-01 -1.583400028e-01 +3.4127e+00 +3.0436e+00 +2.0887e+00 +2.1557e+00 +2.2718e+00 -2.4647e+00 -1.7221e+00 -1.0128e+00 +2.7921e+00 -1.3533e+00
1816 0 +1.101055680e+01 -1.539443202e+00 -1.539443202e+00 +3.2470e+00 +2.5893e+00 +1.9680e+00 +1.5421e+00 +2.8162e+00 -2.4148e+00 -1.8512e+00 -3.8309e-01 +3.3902e+00 -1.6840e+00
1817 0 +1.034422733e+01 -2.205772669e+00 -2.205772669e+00 +3.5437e+00 +2.5592e+00 +2.7157e+00 +2.3600e+00 +1.9205e+00 -2.0689e+00 -2.3498e+00 -4.1301e-01 +2.6666e+00 -1.2552e+00
1826 0 +7.298772862e+00 -5.251227138e+00 -5.251227138e+00 +3.3449e+00 +2.8249e+00 +2.7962e+00 +2.1145e+00 +2.0125e+00 -2.5944e+00 -2.5805e+00 -5.9953e-01 +2.8601e+00 -7.7182e-01
1873 0 +6.551898625e+00 -5.998101375e+00 -5.998101375e+00 +3.6520e+00 +2.8727e+00 +2.6499e+00 +2.0892e+00 +1.9910e+00 -2.7215e+00 -2.1875e+00 -9.9236e-01 +2.6024e+00 -1.1922e+00
2192 0 +4.619467238e+00 -7.930532762e+00 -7.930532762e+00 +3.7960e+00 +2.7847e+00 +2.0371e+00 +1.8686e+00 +1.6814e+00 -3.3728e+00 -2.1485e+00 -1.2026e+00 +2.3291e+00 -1.0463e+00
2314 0 +2.999250933e+00 -9.550749067e+00 -9.550749067e+00 +3.5005e+00 +2.9500e+00 +2.7613e+00 +1.6589e+00 +1.9049e+00 -3.0082e+00 -2.3230e+00 -9.4782e-01 +2.4489e+00 -8.3710e-01
% f evaluations | g evaluations | best noise-free fitness - Fopt (5.383900000000e+02) + sum g_i+ | measured fitness | best measured fitness or single-digit g-values | x1 | x2...
1 0 +3.573413297e+05 +3.578797197e+05 +3.578797197e+05 +5.9671e-01 -3.8264e-02 +7.4769e-01 +1.6230e+00 -1.3415e-01 -1.3414e-01 +1.6792e+00 +8.6743e-01 -3.6947e-01 +6.4256e-01
2 0 +1.580851749e+05 +1.586235649e+05 +1.586235649e+05 -3.6342e-01 -3.6573e-01 +3.4196e-01 -1.8133e+00 -1.6249e+00 -4.6229e-01 -9.1283e-01 +4.1425e-01 -8.0802e-01 -1.3123e+00
3 0 +1.313167039e+05 +1.318550939e+05 +1.318550939e+05 +1.5656e+00 -1.2578e-01 +1.6753e-01 -1.3247e+00 -4.4438e-01 +2.1092e-01 -1.0510e+00 +4.7570e-01 -5.0064e-01 -1.9169e-01
5 0 +1.119884296e+05 +1.125268196e+05 +1.125268196e+05 +8.3847e-01 +2.7137e-01 -1.5648e-02 -2.0110e-01 -1.3785e+00 -6.1984e-01 -3.6064e-01 +1.1571e+00 +4.4362e-01 -1.6630e+00
8 0 +1.102827705e+05 +1.108211605e+05 +1.108211605e+05 +4.6140e-01 +1.6380e+00 +6.4174e-02 +1.6646e+00 -2.5197e+00 +9.2190e-01 +1.8705e-01 -1.9901e-01 +1.9176e-01 -1.8876e+00
51 0 +1.339557924e+04 +1.393396924e+04 +1.393396924e+04 +3.1838e+00 +2.0821e+00 -5.3408e-01 -4.4084e+00 -3.0362e+00 +2.1145e+00 +9.9771e-01 +7.9598e-01 -6.8686e-01 -9.7495e-01
104 0 +1.321697990e+04 +1.375536990e+04 +1.375536990e+04 +4.0991e+00 +2.8185e-01 -1.6744e+00 -1.9052e+00 -4.5645e+00 -8.9956e-01 +2.8655e+00 -7.4228e-01 -1.6714e+00 -6.3096e-01
153 0 +7.530531370e+03 +8.068921370e+03 +8.068921370e+03 +2.9142e+00 -1.3001e+00 +3.7179e-01 -4.2223e+00 -4.9920e+00 +3.2497e+00 -1.0387e+00 -1.8296e+00 +9.8731e-01 -2.7577e+00
201 0 +2.458122312e+03 +2.996512312e+03 +2.996512312e+03 +3.6707e+00 -1.1881e+00 +6.0415e-01 -3.0211e-01 -4.7430e+00 +6.3166e-02 -1.3593e+00 -8.9475e-01 +1.2720e+00 -1.9439e+00
204 0 +6.752333762e+02 +1.213623376e+03 +1.213623376e+03 +4.9857e+00 -9.1141e-01 +1.0258e+00 -1.4498e+00 -4.7771e+00 +7.2360e-01 +6.0308e-01 +9.6196e-03 -2.2847e+00 +1.7101e-01
251 0 +2.992009523e+02 +8.375909523e+02 +8.375909523e+02 +3.3804e+00 +2.6714e+00 -1.0436e+00 -3.1733e+00 -4.7899e+00 +2.6862e+00 +2.0576e+00 +2.8726e-01 -1.7813e+00 -1.6262e+00
255 0 +1.702453768e+02 +7.086353768e+02 +7.086353768e+02 +4.6354e+00 +1.5252e+00 -5.3100e-02 -2.8699e+00 -4.1497e+00 -3.0866e+00 -3.0240e+00 -7.0180e-01 -2.5740e+00 -1.4987e-01
302 0 +1.594321243e+02 +6.978221243e+02 +6.978221243e+02 +4.8882e+00 +9.2267e-01 -2.3230e+00 -2.9017e+00 -4.1968e+00 -6.5514e-01 -2.1871e+00 -1.1043e-01 -2.8006e+00 -2.2640e+00
353 0 +1.555195466e+02 +6.939095466e+02 +6.939095466e+02 +3.9788e+00 -2.6884e+00 -1.3060e+00 -1.6840e+00 -4.9854e+00 -8.5298e-01 -6.5993e-01 -7.8044e-01 +3.7145e-01 -1.0929e+00
354 0 +1.148261109e+02 +6.532161109e+02 +6.532161109e+02 +4.4515e+00 +3.6015e+00 -1.3840e+00 -1.1039e+00 -4.1025e+00 +7.8785e-01 -8.6581e-02 +6.0543e-01 -4.7544e+00 -1.2305e+00
460 0 +1.130379687e+02 +6.514279687e+02 +6.514279687e+02 +4.0133e+00 -4.5462e-01 -1.1251e+00 -1.1730e+00 -4.0131e+00 +1.1677e+00 +3.5478e-01 +8.9113e-01 -1.6897e+00 -2.5413e+00
585 0 +1.126010292e+02 +6.509910292e+02 +6.509910292e+02 +3.7607e+00 +4.0860e-01 -1.7727e+00 -1.9114e+00 -3.4163e+00 +8.1334e-01 -9.9264e-01 -4.2198e-01 -1.5298e+00 -7.3590e-01
714 0 +1.026009879e+02 +6.409909879e+02 +6.409909879e+02 +4.2537e+00 +6.9360e-01 -2.7409e+00 -1.8918e-01 -4.6043e+00 -1.9961e+00 -2.2682e+00 +3.6471e-01 -4.0768e+00 -1.5128e+00
785 0 +9.777885620e+01 +6.361688562e+02 +6.361688562e+02 +3.5545e+00 -4.8154e-03 -1.8545e+00 -7.5418e-01 -4.2019e+00 -6.9176e-01 -1.6914e+00 +4.5321e-01 -3.0454e+00 -2.2059e+00
831 0 +7.347823991e+01 +6.118682399e+02 +6.118682399e+02 +2.4781e+00 +1.1728e+00 -1.4808e+00 -4.3047e-01 -4.9505e+00 -1.1908e+00 -1.9865e+00 -5.0560e-01 -2.0843e+00 -2.9619e+00
838 0 +6.889173212e+01 +6.072817321e+02 +6.072817321e+02 +4.2129e+00 +1.7747e+00 -1.2850e+00 -4.7441e-01 -4.7057e+00 -2.6601e+00 -2.6803e+00 +1.0471e+00 -2.0823e+00 -2.0013e+00
877 0 +4.970668907e+01 +5.880966891e+02 +5.880966891e+02 +4.2011e+00 +9.8206e-01 +1.5434e+00 +1.4689e+00 -4.1167e+00 -1.9829e+00 -1.9804e+00 +1.7535e+00 -1.8802e+00 -3.4957e+00
1066 0 +4.879327106e+01 +5.871832711e+02 +5.871832711e+02 +4.0816e+00 -2.7214e-01 -3.9392e-01 +1.3035e+00 -4.6635e+00 -1.3214e+00 -1.4825e+00 +3.3696e-01 -1.4723e+00 -2.4749e+00
1108 0 +4.849970274e+01 +5.868897027e+02 +5.868897027e+02 +3.2289e+00 +6.1352e-01 +9.6823e-01 +9.7852e-01 -4.8927e+00 -1.6005e+00 -2.5849e+00 +1.0959e+00 -1.2368e+00 -4.1283e+00
1124 0 +4.783599107e+01 +5.862259911e+02 +5.862259911e+02 +3.4397e+00 +7.4775e-01 +5.2340e-01 +7.3823e-01 -4.7387e+00 -2.7489e+00 -2.2543e+00 +8.3996e-01 -1.1826e+00 -2.6772e+00
1127 0 +4.558156138e+01 +5.839715614e+02 +5.839715614e+02 +4.2067e+00 +2.5583e-01 +2.2834e-02 +2.0497e+00 -4.9514e+00 -3.1557e+00 -3.1929e+00 +1.0815e+00 -2.2899e+00 -3.8553e+00
1203 0 +4.529135711e+01 +5.836813571e+02 +5.836813571e+02 +4.3127e+00 +1.5544e+00 -3.8087e-01 +9.4906e-01 -4.7431e+00 -1.9229e+00 -2.0313e+00 +9.4172e-01 -2.0508e+00 -3.4721e+00
1286 0 +3.357867752e+01 +5.719686775e+02 +5.719686775e+02 +4.2357e+00 +2.7410e+00 +1.0662e+00 +2.1609e+00 -4.5618e+00 -3.2540e+00 -1.5465e+00 +3.6173e+00 -2.9071e+00 -3.6905e+00
1390 0 +2.584148105e+01 +5.642314810e+02 +5.642314810e+02 +4.3779e+00 +1.8433e+00 +3.2895e-01 +2.1052e+00 -4.3229e+00 -1.7587e+00 -9.2559e-01 +2.3859e+00 -2.8309e+00 -3.2932e+00
1447 0 +2.419938747e+01 +5.625893875e+02 +5.625893875e+02 +3.3143e+00 +1.2184e+00 +5.5971e-01 +2.1179e+00 -4.8177e+00 -2.0814e+00 -1.7751e+00 +1.2049e+00 -2.2672e+00 -2.5217e+00
1588 0 +2.288275700e+01 +5.612727570e+02 +5.612727570e+02 +3.2182e+00 +2.5920e+00 -2.3595e-01 +1.7476e+00 -4.6914e+00 -1.6848e+00 -1.3051e+00 +1.5240e+00 -2.2872e+00 -2.4069e+00
1674 0 +2.268419083e+01 +5.610741908e+02 +5.610741908e+02 +3.3599e+00 +2.6724e+00 -2.2654e-01 +1.8256e+00 -4.6327e+00 -8.7723e-01 -8.5559e-01 +1.6644e+00 -2.4367e+00 -2.5432e+00
1748 0 +2.127474821e+01 +5.596647482e+02 +5.596647482e+02 +3.6113e+00 +2.6265e+00 -1.1013e-01 +1.9414e+00 -3.8569e+00 -1.6598e+00 -2.0291e+00 +2.8827e+00 -2.9210e+00 -3.5461e+00
1769 0 +1.624609549e+01 +5.546360955e+02 +5.546360955e+02 +3.5180e+00 +2.3210e+00 +5.1115e-01 +2.1987e+00 -4.7130e+00 -1.6042e+00 -1.0505e+00 +1.7376e+00 -1.9501e+00 -2.5369e+00
1811 0 +1.345140815e+01 +5.518414081e+02 +5.518414081e+02 +3.5604e+00 +3.3749e+00 +5.2736e-01 +2.2428e+00 -4.1897e+00 -1.7473e+00 -1.5152e+00 +2.7358e+00 -2.6634e+00 -2.4259e+00
1835 0 +1.293025899e+01 +5.513202590e+02 +5.513202590e+02 +3.8727e+00 +3.0798e+00 +6.5437e-01 +1.9564e+00 -3.9203e+00 -1.2712e+00 -1.7954e+00 +1.8860e+00 -2.3436e+00 -2.1126e+00
2088 0 +1.275640849e+01 +5.511464085e+02 +5.511464085e+02 +3.4343e+00 +2.6201e+00 +6.9700e-02 +2.1104e+00 -4.1753e+00 -1.6454e+00 -1.9089e+00 +1.9791e+00 -2.0787e+00 -3.5159e+00
2110 0 +1.237811267e+01 +5.507681127e+02 +5.507681127e+02 +3.9314e+00 +2.4281e+00 +3.8864e-01 +2.3414e+00 -3.8422e+00 -1.9776e+00 -2.1318e+00 +2.0954e+00 -2.3185e+00 -3.2753e+00
2143 0 +1.211208249e+01 +5.505020825e+02 +5.505020825e+02 +3.7027e+00 +2.4058e+00 +3.1849e-01 +2.1469e+00 -4.1387e+00 -1.5291e+00 -2.3130e+00 +1.8653e+00 -2.1153e+00 -2.5401e+00
2198 0 +8.990276445e+00 +5.473802764e+02 +5.473802764e+02 +3.7751e+00 +2.6702e+00 -6.1700e-02 +2.3775e+00 -3.5348e+00 -1.7616e+00 -2.2705e+00 +2.3063e+00 -2.5557e+00 -2.6816e+00
2418 0 +8.367099371e+00 +5.467570994e+02 +5.467570994e+02 +3.9092e+00 +2.9827e+00 +1.0369e+00 +2.5835e+00 -4.0913e+00 -2.1889e+00 -2.6680e+00 +2.6246e+00 -1.9350e+00 -2.8179e+00
2423 0 +7.032160499e+00 +5.454221605e+02 +5.454221605e+02 +3.9586e+00 +2.8383e+00 +8.4393e-01 +3.0423e+00 -4.1025e+00 -1.9569e+00 -2.0596e+00 +2.4380e+00 -2.1814e+00 -3.5399e+00
2449 0 +6.076227238e+00 +5.444662272e+02 +5.444662272e+02 +3.5893e+00 +2.9020e+00 +4.9153e-01 +3.0627e+00 -4.1951e+00 -1.4391e+00 -1.3919e+00 +1.8144e+00 -2.4431e+00 -2.6724e+00
% f evaluations | g evaluations | best noise-free fitness - Fopt (-1.055600000000e+02) + sum g_i+ | measured fitness | best measured fitness or single-digit g-values | x1 | x2...
1 0 +6.489641357e+05 +6.488585757e+05 +6.488585757e+05 +5.9671e-01 -3.8264e-02 +7.4769e-01 +1.6230e+00 -1.3415e-01 -1.3414e-01 +1.6792e+00 +8.6743e-01 -3.6947e-01 +6.4256e-01
2 0 +2.224974950e+05 +2.223919350e+05 +2.223919350e+05 -3.6342e-01 -3.6573e-01 +3.4196e-01 -1.8133e+00 -1.6249e+00 -4.6229e-01 -9.1283e-01 +4.1425e-01 -8.0802e-01 -1.3123e+00
13 0 +1.911212720e+05 +1.910157120e+05 +1.910157120e+05 +8.9103e-01 -8.0939e-01 +1.5028e+00 -1.3019e+00 +6.8686e-01 +2.2905e+00 -8.9054e-01 -4.6630e-01 +1.9965e-01 -4.0348e-01
51 0 +1.717387234e+05 +1.716331634e+05 +1.716331634e+05 +2.0717e+00 +1.1852e+00 +3.8596e-01 -2.6073e+00 -1.1112e+00 +1.2007e+00 -1.6860e+00 -5.7184e-02 -1.6039e+00 -3.4606e+00
53 0 +9.916211278e+04 +9.905655278e+04 +9.905655278e+04 -2.8457e-01 -1.7489e+00 +3.0645e-01 -6.4932e-01 +2.2655e+00 +2.9867e+00 -1.8895e+00 -2.5581e+00 -2.0478e+00 -1.5548e+00
64 0 +7.886181074e+04 +7.875625074e+04 +7.875625074e+04 -1.5707e+00 -2.3127e+00 +2.7623e+00 -2.6762e+00 -2.5763e-01 +1.2473e+00 +4.2120e-01 -1.6212e+00 +4.5265e-01 +1.8250e-01
101 0 +2.045627114e+02 +9.900271142e+01 +9.900271142e+01 -7.3366e-01 -3.8141e+00 +4.9997e+00 -4.9215e+00 +1.9553e+00 +8.6560e-01 -7.1706e-01 -4.2749e+00 -9.8114e-01 -9.4859e-01
352 0 +1.173307069e+02 +1.177070690e+01 +1.177070690e+01 -3.3498e+00 -4.5046e+00 +3.5981e+00 -3.3506e+00 +2.6477e-01 +2.1657e+00 -1.2876e+00 -3.0090e+00 +1.4544e+00 -3.8997e+00
451 0 +9.823783550e+01 -7.322164502e+00 -7.322164502e+00 -1.6243e+00 -4.6764e+00 +3.2888e+00 -2.6181e+00 +1.3077e-01 -7.1379e-03 -1.7130e+00 -3.4967e+00 +4.1052e-02 -2.4578e+00
515 0 +6.169144543e+01 -4.386855457e+01 -4.386855457e+01 -3.7203e-01 -4.9613e+00 +3.5611e+00 -1.4087e+00 +3.6613e-01 +9.8672e-01 -2.5837e+00 -1.1117e+00 +2.2803e-01 -2.5039e+00
579 0 +5.436367110e+01 -5.119632890e+01 -5.119632890e+01 -1.9923e+00 -4.7869e+00 +4.7633e+00 -1.5657e+00 -6.1105e-01 +1.1304e+00 -2.0397e+00 -2.1713e+00 +9.4893e-01 -2.7665e+00
916 0 +4.905760633e+01 -5.650239367e+01 -5.650239367e+01 -1.1023e+00 -4.5481e+00 +4.6615e+00 -2.1226e+00 -1.5151e-01 +1.0315e+00 -1.9330e+00 -1.8146e+00 +2.5384e+00 -2.7275e+00
926 0 +4.884186989e+01 -5.671813011e+01 -5.671813011e+01 -5.7477e-01 -4.8046e+00 +4.0458e+00 -2.4977e+00 -9.3881e-01 +6.8531e-01 -1.9792e+00 -1.3665e+00 +1.2549e+00 -3.4531e+00
969 0 +4.832672256e+01 -5.723327744e+01 -5.723327744e+01 -7.4755e-01 -4.4788e+00 +3.8738e+00 -1.8680e+00 -1.1128e+00 +1.1207e+00 -2.4063e+00 -1.4450e+00 +5.3325e-01 -3.6861e+00
992 0 +4.702229805e+01 -5.853770195e+01 -5.853770195e+01 -3.3198e-01 -4.4261e+00 +4.8941e+00 -1.6864e+00 -5.8323e-01 +4.3131e-01 -2.1419e+00 -1.2809e+00 +1.1169e+00 -3.7380e+00
994 0 +3.662662901e+01 -6.893337099e+01 -6.893337099e+01 -4.1823e-01 -4.4636e+00 +3.2847e+00 -1.0516e+00 -1.0482e+00 +1.7130e+00 -2.5110e+00 -1.6116e+00 +1.0221e+00 -2.6802e+00
1017 0 +2.700679195e+01 -7.855320805e+01 -7.855320805e+01 -5.2259e-01 -4.7109e+00 +3.9585e+00 -6.8257e-01 -8.7592e-01 +1.7731e+00 -3.5692e+00 -1.4967e+00 +2.2027e+00 -1.9097e+00
1034 0 +2.549934709e+01 -8.006065291e+01 -8.006065291e+01 -6.9714e-01 -4.8473e+00 +3.9930e+00 -1.1921e+00 -9.6789e-01 +7.4330e-01 -3.0213e+00 -1.1183e+00 +1.8512e+00 -2.0350e+00
1174 0 +2.354573588e+01 -8.201426412e+01 -8.201426412e+01 +1.5790e-01 -4.9782e+00 +3.5531e+00 -1.4830e+00 -1.5458e+00 +1.1476e+00 -3.1491e+00 -6.1263e-01 +1.3973e+00 -2.6574e+00
1421 0 +2.349351272e+01 -8.206648728e+01 -8.206648728e+01 +3.6744e-01 -4.3908e+00 +4.9889e+00 -8.8228e-01 -1.1667e+00 +1.5578e+00 -2.3414e+00 -1.5541e+00 +1.9592e+00 -2.8819e+00
1488 0 +1.332080366e+01 -9.223919634e+01 -9.223919634e+01 -3.0026e-01 -4.4282e+00 +4.7798e+00 -1.0999e+00 -1.4896e+00 +3.7194e-01 -2.9180e+00 -8.2081e-01 +2.3685e+00 -2.1340e+00
1510 0 +1.275905079e+01 -9.280094921e+01 -9.280094921e+01 +1.5551e-01 -4.5239e+00 +4.5091e+00 -1.0235e+00 -1.4378e+00 +3.2940e-01 -3.3079e+00 -7.0315e-01 +2.1756e+00 -2.1693e+00
1593 0 +1.097933768e+01 -9.458066232e+01 -9.458066232e+01 +4.4314e-01 -4.5569e+00 +4.6735e+00 -1.3465e+00 -2.3239e+00 +6.3546e-01 -2.2987e+00 -1.0072e+00 +2.6178e+00 -2.5510e+00
1849 0 +6.008997444e+00 -9.955100256e+01 -9.955100256e+01 +7.0094e-01 -3.9670e+00 +4.4229e+00 -7.7585e-01 -1.8147e+00 +7.2903e-01 -3.4059e+00 -6.6672e-01 +2.7532e+00 -2.2024e+00
1896 0 +4.279102646e+00 -1.012808974e+02 -1.012808974e+02 +6.4478e-01 -4.2327e+00 +4.0851e+00 -8.5671e-01 -2.3656e+00 +1.1026e+00 -3.2353e+00 -1.0813e+00 +2.4185e+00 -2.1332e+00
2081 0 +2.256889668e+00 -1.033031103e+02 -1.033031103e+02 +1.0946e+00 -3.8762e+00 +4.0677e+00 -1.0259e+00 -2.3883e+00 +1.0961e+00 -3.1042e+00 -6.9008e-01 +2.5079e+00 -2.0688e+00
