% f evaluations | g evaluations | best noise-free fitness - Fopt (1.238300000000e+02) + sum g_i+ | measured fitness | best measured fitness or single-digit g-values | x1 | x2...
1 0 +2.134850738e+03 +2.258680738e+03 +2.258680738e+03 +5.9671e-01 -3.8264e-02 +7.4769e-01 +1.6230e+00 -1.3415e-01
2 0 +1.521057945e+03 +1.644887945e+03 +1.644887945e+03 -1.3414e-01 +1.6792e+00 +8.6743e-01 -3.6947e-01 +6.4256e-01
5 0 +7.334808896e+02 +8.573108896e+02 +8.573108896e+02 +1.5656e+00 -1.2578e-01 +1.6753e-01 -1.3247e+00 -4.4438e-01
6 0 +3.986373671e+02 +5.224673671e+02 +5.224673671e+02 +2.1092e-01 -1.0510e+00 +4.7570e-01 -5.0064e-01 -1.9169e-01
13 0 +3.086668750e+02 +4.324968750e+02 +4.324968750e+02 -3.7917e-01 -8.5659e-02 -1.0063e+00 -1.0962e+00 +9.1253e-01
19 0 +7.429407286e+01 +1.981240729e+02 +1.981240729e+02 +1.9708e-01 +1.0686e+00 -6.0205e-01 -2.2766e-01 -2.9211e-01
31 0 +4.831724216e+01 +1.721472422e+02 +1.721472422e+02 -2.7263e-01 +9.0699e-02 -1.0775e-01 -3.6506e-01 +5.9442e-03
54 0 +4.135301740e+01 +1.651830174e+02 +1.651830174e+02 -3.4292e-02 +4.8386e-01 -6.9080e-01 +3.6754e-01 -1.0478e-01
57 0 +4.623564151e+00 +1.284535642e+02 +1.284535642e+02 -7.7286e-02 +5.6409e-01 -1.5431e-01 +2.1835e-01 -3.3102e-01
251 0 +3.591879347e+00 +1.274218793e+02 +1.274218793e+02 -1.1272e-01 +6.3996e-01 -3.0610e-01 +1.1758e-01 -2.2883e-01
303 0 +3.324971722e+00 +1.271549717e+02 +1.271549717e+02 -2.2826e-01 +6.4654e-01 -4.8686e-01 +1.2166e-01 -2.8482e-01
333 0 +2.597858762e+00 +1.264278588e+02 +1.264278588e+02 -1.1364e-01 +6.3046e-01 -1.9155e-01 +2.1629e-01 -2.8013e-01
408 0 +2.349134485e+00 +1.261791345e+02 +1.261791345e+02 -1.1188e-01 +6.5064e-01 -1.8691e-01 +2.0967e-01 -2.5475e-01
427 0 +2.344758212e+00 +1.261747582e+02 +1.261747582e+02 -6.1009e-02 +6.7505e-01 -6.3903e-03 +3.4119e-01 -1.7163e-01
456 0 +2.144635672e+00 +1.259746357e+02 +1.259746357e+02 -5.4568e-02 +6.6959e-01 -6.2145e-02 +3.0217e-01 -1.9933e-01
476 0 +1.993843419e+00 +1.258238434e+02 +1.258238434e+02 -5.8208e-02 +6.5974e-01 -1.3254e-02 +3.1275e-01 -1.8566e-01
505 0 +1.975259483e+00 +1.258052595e+02 +1.258052595e+02 -7.9223e-02 +5.9506e-01 -3.0067e-02 +2.6624e-01 -2.2610e-01
526 0 +1.939344457e+00 +1.257693445e+02 +1.257693445e+02 -7.1557e-02 +6.1622e-01 -2.6679e-02 +2.8516e-01 -2.4175e-01
532 0 +1.766006132e+00 +1.255960061e+02 +1.255960061e+02 -4.6815e-02 +6.2540e-01 +6.2795e-02 +3.3964e-01 -1.9940e-01
534 0 +1.701873642e+00 +1.255318736e+02 +1.255318736e+02 -8.4663e-02 +5.7912e-01 +2.7284e-02 +3.0692e-01 -2.1020e-01
598 0 +1.656721686e+00 +1.254867217e+02 +1.254867217e+02 -7.2003e-02 +5.7746e-01 +8.5618e-02 +3.6157e-01 -1.9915e-01
601 0 +1.656067630e+00 +1.254860676e+02 +1.254860676e+02 -6.3198e-02 +6.1037e-01 +5.8329e-02 +3.4019e-01 -1.8381e-01
617 0 +1.593166804e+00 +1.254231668e+02 +1.254231668e+02 -8.0888e-02 +5.3840e-01 +9.0341e-02 +3.2614e-01 -1.9039e-01
647 0 +1.437499151e+00 +1.252674992e+02 +1.252674992e+02 -5.2602e-02 +5.4414e-01 +1.0608e-01 +3.3075e-01 -1.9273e-01
686 0 +1.390128492e+00 +1.252201285e+02 +1.252201285e+02 -5.5214e-02 +5.6010e-01 +1.3912e-01 +3.5221e-01 -1.8486e-01
704 0 +1.359839991e+00 +1.251898400e+02 +1.251898400e+02 -4.5169e-02 +5.1021e-01 +1.9024e-01 +3.3445e-01 -1.8199e-01
705 0 +1.343606435e+00 +1.251736064e+02 +1.251736064e+02 -4.0328e-02 +5.0380e-01 +1.6399e-01 +3.4502e-01 -1.9245e-01
707 0 +1.295545609e+00 +1.251255456e+02 +1.251255456e+02 -3.6985e-02 +5.0191e-01 +1.8373e-01 +3.6150e-01 -1.8499e-01
721 0 +1.279440319e+00 +1.251094403e+02 +1.251094403e+02 -2.8410e-02 +4.9533e-01 +2.2680e-01 +3.8054e-01 -1.7831e-01
730 0 +1.255278270e+00 +1.250852783e+02 +1.250852783e+02 -5.2878e-02 +5.2031e-01 +1.7786e-01 +3.5961e-01 -1.8266e-01
750 0 +1.173761846e+00 +1.250037618e+02 +1.250037618e+02 -4.6672e-02 +4.7158e-01 +2.3970e-01 +3.7041e-01 -1.5122e-01
794 0 +1.155594672e+00 +1.249855947e+02 +1.249855947e+02 -3.5457e-02 +4.6669e-01 +2.4338e-01 +3.7356e-01 -1.8154e-01
803 0 +1.103851440e+00 +1.249338514e+02 +1.249338514e+02 -3.9866e-02 +4.6817e-01 +2.5231e-01 +3.7125e-01 -1.7664e-01
853 0 +9.585528244e-01 +1.247885528e+02 +1.247885528e+02 -2.5320e-02 +4.0984e-01 +3.2914e-01 +3.7556e-01 -1.4529e-01
877 0 +8.813586286e-01 +1.247113586e+02 +1.247113586e+02 -1.0640e-02 +3.8040e-01 +3.1666e-01 +3.5820e-01 -1.4031e-01
905 0 +8.725420836e-01 +1.247025421e+02 +1.247025421e+02 -1.9996e-02 +3.7998e-01 +3.2757e-01 +3.7067e-01 -1.4932e-01
927 0 +7.980399305e-01 +1.246280399e+02 +1.246280399e+02 +8.6826e-04 +2.9560e-01 +3.6935e-01 +3.3928e-01 -1.3002e-01
979 0 +6.276960150e-01 +1.244576960e+02 +1.244576960e+02 +1.5135e-02 +2.1269e-01 +4.6758e-01 +3.4037e-01 -1.0318e-01
1001 0 +6.136122174e-01 +1.244436122e+02 +1.244436122e+02 +3.7201e-02 +2.2404e-01 +4.6013e-01 +3.3272e-01 -8.7572e-02
1004 0 +5.927117269e-01 +1.244227117e+02 +1.244227117e+02 +4.0906e-02 +2.2855e-01 +4.7968e-01 +3.4524e-01 -1.0638e-01
1054 0 +5.728670408e-01 +1.244028670e+02 +1.244028670e+02 +2.2867e-02 +2.1144e-01 +4.7921e-01 +3.3915e-01 -1.0533e-01
1080 0 +4.554936459e-01 +1.242854936e+02 +1.242854936e+02 +5.1826e-02 +1.7545e-01 +4.9625e-01 +3.2618e-01 -9.0979e-02
1150 0 +4.257816076e-01 +1.242557816e+02 +1.242557816e+02 +8.6516e-02 +6.4431e-02 +5.6368e-01 +3.0366e-01 -5.9510e-02
1181 0 +3.844774699e-01 +1.242144775e+02 +1.242144775e+02 +8.8595e-02 +5.3742e-02 +5.6372e-01 +2.8617e-01 -6.7318e-02
1202 0 +3.709882936e-01 +1.242009883e+02 +1.242009883e+02 +7.7792e-02 +1.0135e-01 +5.4072e-01 +2.9278e-01 -7.2916e-02
1207 0 +3.367641987e-01 +1.241667642e+02 +1.241667642e+02 +9.5231e-02 +7.0877e-02 +5.6983e-01 +2.9362e-01 -5.7548e-02
1227 0 +3.073356423e-01 +1.241373356e+02 +1.241373356e+02 +1.1801e-01 +2.3067e-02 +5.9101e-01 +2.7555e-01 -4.6415e-02
% f evaluations | g evaluations | best noise-free fitness - Fopt (4.751000000000e+01) + sum g_i+ | measured fitness | best measured fitness or single-digit g-values | x1 | x2...
1 0 +1.143702278e+02 +1.618802278e+02 +1.618802278e+02 +5.9671e-01 -3.8264e-02 +7.4769e-01 +1.6230e+00 -1.3415e-01
20 0 +1.041708236e+02 +1.516808236e+02 +1.516808236e+02 -1.3635e+00 +3.9612e-01 +3.6106e-01 +1.0511e-01 -1.3459e-01
26 0 +7.256089201e+01 +1.200708920e+02 +1.200708920e+02 -5.9899e-02 -3.8091e-02 +1.1904e+00 +6.1963e-01 -4.0454e-01
27 0 +5.836239215e+01 +1.058723922e+02 +1.058723922e+02 +8.5600e-02 +2.5069e-01 +4.1309e-01 +1.6701e-01 -3.5952e-01
29 0 +5.577362547e+01 +1.032836255e+02 +1.032836255e+02 -1.5346e-01 -6.8074e-01 +1.1825e+00 +1.4435e-01 -3.5407e-01
33 0 +3.419696854e+01 +8.170696854e+01 +8.170696854e+01 -4.6230e-01 -2.0423e-01 +1.4750e-01 -1.2929e-01 +2.7856e-01
78 0 +1.547157999e+01 +6.298157999e+01 +6.298157999e+01 -7.1085e-01 -4.8124e-01 +6.8719e-01 +2.6875e-01 -1.9306e-01
84 0 +1.107815149e+01 +5.858815149e+01 +5.858815149e+01 -5.8616e-01 -3.7472e-01 +7.0789e-01 +1.7354e-01 -4.0227e-02
128 0 +8.226096109e+00 +5.573609611e+01 +5.573609611e+01 -5.3042e-01 -1.4284e-01 +6.3743e-01 +2.9652e-01 +9.8942e-02
148 0 +8.207608275e+00 +5.571760827e+01 +5.571760827e+01 -4.2742e-01 -1.6785e-01 +7.6335e-01 +1.9208e-01 -9.6160e-02
177 0 +5.874076703e+00 +5.338407670e+01 +5.338407670e+01 -5.8596e-01 -4.0747e-01 +7.5637e-01 +3.9495e-01 -1.4586e-01
187 0 +4.875413490e+00 +5.238541349e+01 +5.238541349e+01 -3.4798e-01 -6.8860e-01 +6.9670e-01 +6.6402e-01 -3.4905e-01
251 0 +4.289846927e+00 +5.179984693e+01 +5.179984693e+01 -5.4318e-01 -1.3011e-01 +6.4584e-01 +2.8748e-01 -1.7312e-01
259 0 +3.962792882e+00 +5.147279288e+01 +5.147279288e+01 -5.5337e-01 -2.7987e-01 +6.9545e-01 +4.0328e-01 -7.6148e-02
281 0 +3.702195026e+00 +5.121219503e+01 +5.121219503e+01 -5.9662e-01 -1.1117e-02 +6.0615e-01 +2.8785e-01 -5.3390e-02
302 0 +3.662298667e+00 +5.117229867e+01 +5.117229867e+01 -5.3582e-01 -2.0152e-01 +6.3760e-01 +4.0769e-01 -9.1890e-02
315 0 +2.707153166e+00 +5.021715317e+01 +5.021715317e+01 -5.8644e-01 -5.4562e-02 +4.6164e-01 +2.7829e-01 -8.8393e-03
356 0 +2.676713577e+00 +5.018671358e+01 +5.018671358e+01 -5.8314e-01 -1.0153e-02 +4.4782e-01 +2.4330e-01 -1.8303e-03
401 0 +2.564153996e+00 +5.007415400e+01 +5.007415400e+01 -6.7532e-01 +2.5893e-02 +3.8646e-01 +2.1386e-01 +1.2576e-02
426 0 +2.508093275e+00 +5.001809328e+01 +5.001809328e+01 -6.4819e-01 +8.1036e-03 +4.0728e-01 +2.1467e-01 -1.0347e-02
428 0 +2.499145922e+00 +5.000914592e+01 +5.000914592e+01 -6.0008e-01 -2.2059e-02 +4.1756e-01 +2.6033e-01 -2.1517e-02
429 0 +2.338120707e+00 +4.984812071e+01 +4.984812071e+01 -6.1214e-01 +2.2538e-04 +3.9957e-01 +2.4041e-01 -1.3167e-03
472 0 +2.331850716e+00 +4.984185072e+01 +4.984185072e+01 -6.0729e-01 +5.4155e-02 +3.6393e-01 +2.2393e-01 -1.5817e-02
477 0 +2.320987757e+00 +4.983098776e+01 +4.983098776e+01 -6.0611e-01 +4.3251e-02 +3.1240e-01 +2.4946e-01 +1.5076e-02
481 0 +2.280685949e+00 +4.979068595e+01 +4.979068595e+01 -6.5784e-01 +7.3767e-02 +3.6415e-01 +2.5565e-01 -8.0497e-03
501 0 +2.058148451e+00 +4.956814845e+01 +4.956814845e+01 -6.5138e-01 +7.3587e-02 +3.1476e-01 +2.2502e-01 +5.4642e-03
548 0 +1.918378948e+00 +4.942837895e+01 +4.942837895e+01 -6.4905e-01 +5.7204e-02 +2.7246e-01 +2.0982e-01 +3.9609e-02
585 0 +1.887899937e+00 +4.939789994e+01 +4.939789994e+01 -6.7610e-01 +8.5127e-02 +2.6084e-01 +2.1568e-01 +4.8691e-02
597 0 +1.847503607e+00 +4.935750361e+01 +4.935750361e+01 -6.8059e-01 +9.9227e-02 +2.4100e-01 +2.0646e-01 +5.2395e-02
599 0 +1.771211564e+00 +4.928121156e+01 +4.928121156e+01 -6.4244e-01 +1.0053e-01 +2.2383e-01 +1.7692e-01 +5.0391e-02
611 0 +1.741407807e+00 +4.925140781e+01 +4.925140781e+01 -6.6838e-01 +1.1766e-01 +2.0330e-01 +1.8456e-01 +6.7122e-02
619 0 +1.679912889e+00 +4.918991289e+01 +4.918991289e+01 -6.5426e-01 +1.0971e-01 +1.8308e-01 +1.9064e-01 +5.9261e-02
621 0 +1.668610445e+00 +4.917861045e+01 +4.917861045e+01 -6.3868e-01 +9.4052e-02 +1.7474e-01 +1.7047e-01 +7.7326e-02
628 0 +1.635173414e+00 +4.914517341e+01 +4.914517341e+01 -6.4077e-01 +1.2678e-01 +1.5527e-01 +1.7301e-01 +6.4418e-02
629 0 +1.490257631e+00 +4.900025763e+01 +4.900025763e+01 -6.3926e-01 +1.4388e-01 +1.0572e-01 +1.3350e-01 +8.6807e-02
653 0 +1.377577219e+00 +4.888757722e+01 +4.888757722e+01 -6.4868e-01 +1.2801e-01 +2.7461e-02 +1.0051e-01 +9.6336e-02
670 0 +1.356173679e+00 +4.886617368e+01 +4.886617368e+01 -6.5859e-01 +1.3397e-01 +5.1109e-02 +9.5103e-02 +1.0981e-01
674 0 +1.355775466e+00 +4.886577547e+01 +4.886577547e+01 -6.5720e-01 +1.5214e-01 +1.6739e-02 +1.1778e-01 +1.2810e-01
691 0 +1.301852076e+00 +4.881185208e+01 +4.881185208e+01 -6.3214e-01 +1.5552e-01 +2.1296e-02 +8.7488e-02 +1.2476e-01
698 0 +1.171171395e+00 +4.868117140e+01 +4.868117140e+01 -6.2108e-01 +1.7068e-01 -8.5408e-02 +2.1136e-02 +1.2837e-01
728 0 +1.126703569e+00 +4.863670357e+01 +4.863670357e+01 -6.1470e-01 +1.4762e-01 -2.0735e-02 +7.2254e-02 +1.3318e-01
739 0 +1.062740014e+00 +4.857274001e+01 +4.857274001e+01 -5.9109e-01 +1.4259e-01 -1.0896e-01 -1.2098e-02 +1.5659e-01
763 0 +8.220718149e-01 +4.833207181e+01 +4.833207181e+01 -5.4590e-01 +1.6721e-01 -1.6571e-01 -1.5853e-02 +1.6635e-01
792 0 +7.762859927e-01 +4.828628599e+01 +4.828628599e+01 -5.4812e-01 +1.8041e-01 -1.7960e-01 -4.5739e-02 +1.6918e-01
795 0 +7.405107735e-01 +4.825051077e+01 +4.825051077e+01 -5.1700e-01 +1.8348e-01 -1.9553e-01 -4.7402e-02 +1.7180e-01
853 0 +7.326026835e-01 +4.824260268e+01 +4.824260268e+01 -5.4624e-01 +1.8562e-01 -2.0204e-01 -3.8021e-02 +1.7403e-01
885 0 +6.746432313e-01 +4.818464323e+01 +4.818464323e+01 -5.2148e-01 +1.8872e-01 -2.6291e-01 -9.4275e-02 +1.8978e-01
901 0 +5.979032262e-01 +4.810790323e+01 +4.810790323e+01 -4.5197e-01 +1.9937e-01 -2.7030e-01 -1.0990e-01 +1.6947e-01
926 0 +4.850845291e-01 +4.799508453e+01 +4.799508453e+01 -4.3096e-01 +2.1463e-01 -3.1765e-01 -1.3068e-01 +1.9292e-01
929 0 +4.488705365e-01 +4.795887054e+01 +4.795887054e+01 -3.8275e-01 +2.1689e-01 -3.5177e-01 -1.6849e-01 +1.8034e-01
991 0 +3.211150656e-01 +4.783111507e+01 +4.783111507e+01 -3.2300e-01 +2.3327e-01 -4.0253e-01 -2.0644e-01 +1.9992e-01
1059 0 +3.201542164e-01 +4.783015422e+01 +4.783015422e+01 -2.6303e-01 +2.6089e-01 -4.5848e-01 -2.4821e-01 +1.8999e-01
1077 0 +3.114925310e-01 +4.782149253e+01 +4.782149253e+01 -2.4702e-01 +2.5548e-01 -4.6436e-01 -2.5744e-01 +1.9107e-01
1080 0 +2.881984381e-01 +4.779819844e+01 +4.779819844e+01 -2.9386e-01 +2.4398e-01 -4.3391e-01 -2.3637e-01 +2.0084e-01
1101 0 +2.807090374e-01 +4.779070904e+01 +4.779070904e+01 -2.3668e-01 +2.5984e-01 -4.6788e-01 -2.6691e-01 +1.9531e-01
1126 0 +2.621933001e-01 +4.777219330e+01 +4.777219330e+01 -2.4636e-01 +2.6448e-01 -4.8142e-01 -2.6969e-01 +2.0778e-01
1130 0 +2.495703287e-01 +4.775957033e+01 +4.775957033e+01 -2.5021e-01 +2.5645e-01 -4.5412e-01 -2.5292e-01 +1.9732e-01
1178 0 +2.183337874e-01 +4.772833379e+01 +4.772833379e+01 -1.9499e-01 +2.8196e-01 -5.0643e-01 -2.9212e-01 +2.0177e-01
1203 0 +1.979739649e-01 +4.770797396e+01 +4.770797396e+01 -2.2892e-01 +2.7015e-01 -4.8024e-01 -2.6511e-01 +2.0379e-01
1205 0 +1.913551096e-01 +4.770135511e+01 +4.770135511e+01 -2.1800e-01 +2.7138e-01 -4.8481e-01 -2.6942e-01 +2.0198e-01
% f evaluations | g evaluations | best noise-free fitness - Fopt (5.534000000000e+01) + sum g_i+ | measured fitness | best measured fitness or single-digit g-values | x1 | x2...
1 0 +7.961990943e+02 +8.515390943e+02 +8.515390943e+02 +5.9671e-01 -3.8264e-02 +7.4769e-01 +1.6230e+00 -1.3415e-01
4 0 +5.440010983e+02 +5.993410983e+02 +5.993410983e+02 -4.6229e-01 -9.1283e-01 +4.1425e-01 -8.0802e-01 -1.3123e+00
6 0 +9.297043714e+01 +1.483104371e+02 +1.483104371e+02 +2.1092e-01 -1.0510e+00 +4.7570e-01 -5.0064e-01 -1.9169e-01
28 0 +8.421663217e+01 +1.395566322e+02 +1.395566322e+02 -2.2213e-01 -1.0754e+00 +1.0391e+00 -1.2521e-01 +9.2241e-01
30 0 +5.343666451e+01 +1.087766645e+02 +1.087766645e+02 +3.1582e-01 -6.2779e-01 +6.2093e-01 +1.0997e-01 +3.5375e-01
31 0 +2.698532989e+01 +8.232532989e+01 +8.232532989e+01 +1.1870e-01 -1.5975e-01 +1.7963e-01 -1.0929e-01 -7.8445e-02
51 0 +1.058905250e+01 +6.592905250e+01 +6.592905250e+01 -6.2570e-02 -3.4887e-01 +5.0686e-01 +1.2503e-01 -4.2691e-01
140 0 +9.793173310e+00 +6.513317331e+01 +6.513317331e+01 -2.9566e-01 -6.7279e-01 +5.8045e-01 +2.5281e-01 -6.6547e-02
185 0 +6.824753965e+00 +6.216475396e+01 +6.216475396e+01 -4.2939e-02 -3.2739e-01 +7.0969e-01 +7.7195e-02 -3.6628e-01
191 0 +5.583280518e+00 +6.092328052e+01 +6.092328052e+01 -2.9950e-01 -8.4458e-01 +7.6802e-01 +4.1342e-01 +2.6614e-01
239 0 +5.480220866e+00 +6.082022087e+01 +6.082022087e+01 -2.1785e-01 -8.5762e-01 +8.4178e-01 +3.0112e-01 +3.3449e-02
241 0 +5.120169961e+00 +6.046016996e+01 +6.046016996e+01 -4.9553e-02 -7.6714e-01 +6.5024e-01 +2.8315e-01 -7.6455e-02
252 0 +4.382625217e+00 +5.972262522e+01 +5.972262522e+01 -1.1314e-01 -7.9261e-01 +7.6716e-01 +3.1534e-01 -1.1075e-01
276 0 +3.698199239e+00 +5.903819924e+01 +5.903819924e+01 +3.2893e-02 -5.6422e-01 +6.5193e-01 +1.4997e-01 -2.6146e-01
277 0 +3.615928366e+00 +5.895592837e+01 +5.895592837e+01 +7.0959e-02 -5.0448e-01 +6.3860e-01 +1.7812e-01 -2.7660e-01
352 0 +3.051412223e+00 +5.839141222e+01 +5.839141222e+01 +1.2040e-01 -3.9087e-01 +7.2500e-01 +1.3105e-01 -3.0383e-01
402 0 +3.044002283e+00 +5.838400228e+01 +5.838400228e+01 +1.3367e-01 -3.1109e-01 +6.7951e-01 +1.8205e-01 -3.2994e-01
405 0 +2.940933025e+00 +5.828093303e+01 +5.828093303e+01 +1.1300e-01 -3.8624e-01 +7.3005e-01 +1.4690e-01 -3.2917e-01
431 0 +2.871878765e+00 +5.821187877e+01 +5.821187877e+01 +1.7583e-01 -2.8559e-01 +6.8402e-01 +1.5234e-01 -3.5357e-01
432 0 +2.734596991e+00 +5.807459699e+01 +5.807459699e+01 +1.5118e-01 -2.8813e-01 +6.6545e-01 +1.5589e-01 -3.5122e-01
477 0 +2.675498911e+00 +5.801549891e+01 +5.801549891e+01 +1.5264e-01 -2.6550e-01 +6.8795e-01 +1.5767e-01 -3.6599e-01
483 0 +2.648005734e+00 +5.798800573e+01 +5.798800573e+01 +1.4157e-01 -2.3403e-01 +6.8795e-01 +1.2387e-01 -3.8507e-01
485 0 +2.564179088e+00 +5.790417909e+01 +5.790417909e+01 +1.2891e-01 -2.5645e-01 +6.9675e-01 +1.5036e-01 -3.5720e-01
511 0 +2.431549734e+00 +5.777154973e+01 +5.777154973e+01 +1.3854e-01 -2.2422e-01 +6.7119e-01 +1.2753e-01 -3.6195e-01
529 0 +2.424623491e+00 +5.776462349e+01 +5.776462349e+01 +1.2320e-01 -2.1463e-01 +6.8662e-01 +1.3301e-01 -3.6487e-01
552 0 +2.366442019e+00 +5.770644202e+01 +5.770644202e+01 +1.1993e-01 -1.7860e-01 +6.8566e-01 +1.3015e-01 -3.5932e-01
578 0 +2.320156862e+00 +5.766015686e+01 +5.766015686e+01 +1.1741e-01 -1.1460e-01 +6.4398e-01 +1.4523e-01 -3.5574e-01
579 0 +2.243836793e+00 +5.758383679e+01 +5.758383679e+01 +1.3562e-01 -1.2518e-01 +6.4132e-01 +1.3874e-01 -3.7114e-01
580 0 +2.235643671e+00 +5.757564367e+01 +5.757564367e+01 +1.2119e-01 -1.3651e-01 +6.6642e-01 +1.2800e-01 -3.6002e-01
626 0 +2.041247830e+00 +5.738124783e+01 +5.738124783e+01 +1.2389e-01 +4.4393e-02 +5.7176e-01 +1.3713e-01 -3.8572e-01
628 0 +2.010455834e+00 +5.735045583e+01 +5.735045583e+01 +1.4649e-01 +2.5002e-02 +6.0639e-01 +1.2456e-01 -3.7914e-01
631 0 +2.005330786e+00 +5.734533079e+01 +5.734533079e+01 +1.3109e-01 +3.0640e-02 +6.4030e-01 +1.2781e-01 -3.7827e-01
655 0 +1.914335676e+00 +5.725433568e+01 +5.725433568e+01 +1.3697e-01 +3.0736e-02 +6.3242e-01 +1.0514e-01 -3.6515e-01
691 0 +1.872993360e+00 +5.721299336e+01 +5.721299336e+01 +1.2700e-01 +3.5231e-02 +6.2393e-01 +1.2121e-01 -3.7472e-01
703 0 +1.815055963e+00 +5.715505596e+01 +5.715505596e+01 +1.2063e-01 +9.5900e-02 +5.7403e-01 +8.7837e-02 -3.8632e-01
705 0 +1.684158679e+00 +5.702415868e+01 +5.702415868e+01 +1.1325e-01 +7.7945e-02 +5.9418e-01 +9.7527e-02 -3.7039e-01
776 0 +1.643272116e+00 +5.698327212e+01 +5.698327212e+01 +1.1443e-01 +1.0112e-01 +5.6986e-01 +9.4363e-02 -3.6377e-01
802 0 +1.633967000e+00 +5.697396700e+01 +5.697396700e+01 +1.0595e-01 +9.0838e-02 +5.6984e-01 +1.0243e-01 -3.6824e-01
807 0 +1.622095347e+00 +5.696209535e+01 +5.696209535e+01 +1.1043e-01 +1.2720e-01 +5.7761e-01 +1.0248e-01 -3.6489e-01
826 0 +1.611780332e+00 +5.695178033e+01 +5.695178033e+01 +1.0021e-01 +1.3771e-01 +5.5366e-01 +7.9817e-02 -3.6878e-01
829 0 +1.585224311e+00 +5.692522431e+01 +5.692522431e+01 +1.1351e-01 +1.3499e-01 +5.6816e-01 +9.8682e-02 -3.6899e-01
832 0 +1.580349750e+00 +5.692034975e+01 +5.692034975e+01 +1.1059e-01 +1.6448e-01 +5.6575e-01 +8.8759e-02 -3.7834e-01
854 0 +1.575971611e+00 +5.691597161e+01 +5.691597161e+01 +1.0242e-01 +1.1854e-01 +5.5607e-01 +9.5783e-02 -3.6392e-01
857 0 +1.534918762e+00 +5.687491876e+01 +5.687491876e+01 +8.7001e-02 +1.4410e-01 +5.2902e-01 +9.0733e-02 -3.6513e-01
859 0 +1.507662578e+00 +5.684766258e+01 +5.684766258e+01 +9.9521e-02 +1.4250e-01 +5.4492e-01 +9.8059e-02 -3.6732e-01
905 0 +1.492216959e+00 +5.683221696e+01 +5.683221696e+01 +8.3378e-02 +2.5466e-01 +4.8420e-01 +6.8792e-02 -3.7727e-01
914 0 +1.387789676e+00 +5.672778968e+01 +5.672778968e+01 +8.5166e-02 +1.8992e-01 +5.0787e-01 +9.1722e-02 -3.6510e-01
927 0 +1.111167324e+00 +5.645116732e+01 +5.645116732e+01 +3.2022e-02 +3.1276e-01 +4.2009e-01 +8.7176e-02 -3.5122e-01
980 0 +1.110539738e+00 +5.645053974e+01 +5.645053974e+01 +2.5618e-02 +3.2344e-01 +3.9311e-01 +1.0833e-01 -3.6268e-01
1010 0 +1.016185326e+00 +5.635618533e+01 +5.635618533e+01 +4.7774e-02 +3.2731e-01 +4.1698e-01 +9.0320e-02 -3.6738e-01
1114 0 +1.005193412e+00 +5.634519341e+01 +5.634519341e+01 +4.1589e-02 +3.3830e-01 +3.9103e-01 +9.5630e-02 -3.6912e-01
1117 0 +9.959916263e-01 +5.633599163e+01 +5.633599163e+01 +3.0938e-02 +3.4941e-01 +4.0191e-01 +8.9054e-02 -3.5274e-01
1119 0 +9.629488606e-01 +5.630294886e+01 +5.630294886e+01 +3.7953e-02 +3.4853e-01 +4.0173e-01 +9.3072e-02 -3.6462e-01
1139 0 +9.555673586e-01 +5.629556736e+01 +5.629556736e+01 +2.3708e-02 +3.5446e-01 +3.8399e-01 +9.5486e-02 -3.5750e-01
1155 0 +8.637101513e-01 +5.620371015e+01 +5.620371015e+01 +4.7933e-03 +4.0969e-01 +3.3407e-01 +9.2729e-02 -3.5999e-01
1168 0 +8.049858036e-01 +5.614498580e+01 +5.614498580e+01 +1.5245e-02 +4.1954e-01 +3.2790e-01 +8.5008e-02 -3.5731e-01
1225 0 +7.701403870e-01 +5.611014039e+01 +5.611014039e+01 -1.4708e-02 +4.6410e-01 +2.5762e-01 +8.0804e-02 -3.3189e-01
1226 0 +6.284999093e-01 +5.596849991e+01 +5.596849991e+01 -1.1032e-02 +5.0997e-01 +2.0283e-01 +7.5183e-02 -3.2471e-01
% f evaluations | g evaluations | best noise-free fitness - Fopt (-9.033000000000e+01) + sum g_i+ | measured fitness | best measured fitness or single-digit g-values | x1 | x2...
1 0 +1.122096792e+03 +1.031766792e+03 +1.031766792e+03 +5.9671e-01 -3.8264e-02 +7.4769e-01 +1.6230e+00 -1.3415e-01
2 0 +9.925200630e+02 +9.021900630e+02 +9.021900630e+02 -1.3414e-01 +1.6792e+00 +8.6743e-01 -3.6947e-01 +6.4256e-01
3 0 +4.074720881e+02 +3.171420881e+02 +3.171420881e+02 -3.6342e-01 -3.6573e-01 +3.4196e-01 -1.8133e+00 -1.6249e+00
4 0 +2.214165043e+02 +1.310865043e+02 +1.310865043e+02 -4.6229e-01 -9.1283e-01 +4.1425e-01 -8.0802e-01 -1.3123e+00
6 0 +2.183178549e+02 +1.279878549e+02 +1.279878549e+02 +2.1092e-01 -1.0510e+00 +4.7570e-01 -5.0064e-01 -1.9169e-01
21 0 +1.731330129e+02 +8.280301294e+01 +8.280301294e+01 -1.3154e+00 -3.2065e-01 -2.4271e-01 -7.0228e-01 -6.1286e-02
26 0 +7.477208613e+01 -1.555791387e+01 -1.555791387e+01 -3.1573e-01 -3.0301e-01 -5.4476e-02 -3.5403e-01 -1.7021e-01
45 0 +4.801053938e+01 -4.231946062e+01 -4.231946062e+01 -1.0281e+00 -8.5956e-01 -5.0577e-01 +5.7735e-01 -2.2000e-01
51 0 +2.359864737e+01 -6.673135263e+01 -6.673135263e+01 +4.5902e-01 +2.5339e-01 +1.8256e-01 -1.6681e-01 +6.0357e-02
56 0 +2.078070901e+01 -6.954929099e+01 -6.954929099e+01 -4.2494e-01 -9.5829e-01 -6.1829e-01 +1.0839e-01 -5.0795e-02
77 0 +1.154607419e+01 -7.878392581e+01 -7.878392581e+01 -3.2833e-01 -3.1594e-01 -5.4012e-01 +1.0352e-01 -3.1861e-03
111 0 +1.077514920e+01 -7.955485080e+01 -7.955485080e+01 +7.3102e-02 -4.4947e-01 -4.8462e-01 +1.2476e-01 -5.3114e-02
135 0 +9.256009107e+00 -8.107399089e+01 -8.107399089e+01 -1.6949e-01 -4.9761e-01 -7.3320e-01 +2.4884e-01 +1.3846e-01
137 0 +9.134353405e+00 -8.119564659e+01 -8.119564659e+01 -1.3395e-01 -5.7230e-01 -6.1391e-01 +1.2150e-01 -1.4025e-01
138 0 +5.831988492e+00 -8.449801151e+01 -8.449801151e+01 -6.0832e-02 -6.4617e-01 -6.1425e-01 +1.9123e-01 +1.6742e-01
162 0 +4.562208607e+00 -8.576779139e+01 -8.576779139e+01 -4.7410e-01 -6.4102e-01 -7.1958e-01 +3.0118e-01 +2.7079e-02
182 0 +4.078843589e+00 -8.625115641e+01 -8.625115641e+01 +7.5722e-02 -6.2166e-01 -4.6267e-01 +1.6170e-01 +3.1184e-03
303 0 +4.065858537e+00 -8.626414146e+01 -8.626414146e+01 -2.9150e-01 -5.7024e-01 -6.9364e-01 +2.1910e-01 +6.7624e-02
308 0 +3.764956884e+00 -8.656504312e+01 -8.656504312e+01 -2.6609e-01 -5.7439e-01 -5.8434e-01 +1.9711e-01 +8.6919e-03
319 0 +3.751787163e+00 -8.657821284e+01 -8.657821284e+01 -2.3149e-01 -6.7402e-01 -5.6555e-01 +1.4079e-01 -2.1611e-02
334 0 +3.609260378e+00 -8.672073962e+01 -8.672073962e+01 -5.3081e-02 -7.3074e-01 -4.7090e-01 +1.1986e-01 +7.5056e-02
351 0 +2.985274111e+00 -8.734472589e+01 -8.734472589e+01 -1.0536e-01 -6.0146e-01 -5.5101e-01 +1.3152e-01 +5.7178e-02
378 0 +2.541742733e+00 -8.778825727e+01 -8.778825727e+01 +1.0368e-02 -6.7347e-01 -4.6919e-01 +1.0952e-01 +4.1531e-02
477 0 +2.455525886e+00 -8.787447411e+01 -8.787447411e+01 +7.0472e-02 -6.9954e-01 -3.8853e-01 +1.7023e-01 +6.1848e-02
501 0 +2.336908172e+00 -8.799309183e+01 -8.799309183e+01 +5.2441e-02 -6.8316e-01 -4.1243e-01 +1.5307e-01 +4.6706e-02
522 0 +2.224848704e+00 -8.810515130e+01 -8.810515130e+01 +1.0857e-01 -6.8119e-01 -3.7512e-01 +1.5670e-01 +6.5798e-02
530 0 +2.114922081e+00 -8.821507792e+01 -8.821507792e+01 +9.5030e-02 -6.6705e-01 -3.5343e-01 +1.2186e-01 +4.1599e-02
579 0 +1.791094600e+00 -8.853890540e+01 -8.853890540e+01 +1.7359e-01 -6.3030e-01 -2.7259e-01 +1.3796e-01 +7.4934e-02
623 0 +1.668858002e+00 -8.866114200e+01 -8.866114200e+01 +2.7977e-01 -6.0380e-01 -1.1302e-01 +1.4604e-01 +1.2827e-01
666 0 +1.527149899e+00 -8.880285010e+01 -8.880285010e+01 +2.5697e-01 -6.1231e-01 -1.5584e-01 +1.6514e-01 +8.8079e-02
676 0 +1.441213062e+00 -8.888878694e+01 -8.888878694e+01 +3.0094e-01 -5.7865e-01 -1.0623e-01 +1.8303e-01 +1.2596e-01
757 0 +1.276443878e+00 -8.905355612e+01 -8.905355612e+01 +3.2202e-01 -4.9937e-01 +1.1532e-03 +1.4607e-01 +1.0813e-01
784 0 +1.073028399e+00 -8.925697160e+01 -8.925697160e+01 +3.5756e-01 -4.8902e-01 +4.1840e-02 +1.4068e-01 +1.3795e-01
803 0 +8.606978868e-01 -8.946930211e+01 -8.946930211e+01 +4.0023e-01 -4.2887e-01 +8.5843e-02 +1.6471e-01 +1.5455e-01
880 0 +8.381703829e-01 -8.949182962e+01 -8.949182962e+01 +4.1351e-01 -3.9493e-01 +1.1318e-01 +1.6099e-01 +1.7996e-01
913 0 +7.508920370e-01 -8.957910796e+01 -8.957910796e+01 +4.4791e-01 -3.4839e-01 +2.0255e-01 +1.4967e-01 +1.7850e-01
927 0 +6.872852434e-01 -8.964271476e+01 -8.964271476e+01 +4.1918e-01 -3.5961e-01 +1.3698e-01 +1.3668e-01 +1.6111e-01
932 0 +6.808578583e-01 -8.964914214e+01 -8.964914214e+01 +4.4186e-01 -2.6113e-01 +2.2665e-01 +1.2936e-01 +1.7802e-01
952 0 +6.198542339e-01 -8.971014577e+01 -8.971014577e+01 +4.8449e-01 -2.1651e-01 +2.6432e-01 +7.4935e-02 +1.8270e-01
957 0 +4.964490965e-01 -8.983355090e+01 -8.983355090e+01 +4.8407e-01 -2.3344e-01 +2.7771e-01 +1.1306e-01 +1.8912e-01
1029 0 +4.307419723e-01 -8.989925803e+01 -8.989925803e+01 +4.9252e-01 -2.0035e-01 +2.9210e-01 +1.0544e-01 +1.8162e-01
1052 0 +3.932709268e-01 -8.993672907e+01 -8.993672907e+01 +5.1930e-01 -1.3295e-01 +3.3897e-01 +8.0247e-02 +1.8699e-01
1076 0 +3.606168936e-01 -8.996938311e+01 -8.996938311e+01 +5.0126e-01 -1.5514e-01 +3.1666e-01 +8.5786e-02 +1.7768e-01
1105 0 +2.542241428e-01 -9.007577586e+01 -9.007577586e+01 +5.3020e-01 -5.0997e-02 +3.9176e-01 +3.7183e-02 +1.7732e-01
1178 0 +2.492920543e-01 -9.008070795e+01 -9.008070795e+01 +5.4657e-01 +2.6557e-02 +4.4509e-01 +7.3961e-03 +1.7029e-01
1180 0 +1.742561897e-01 -9.015574381e+01 -9.015574381e+01 +5.3355e-01 +5.7022e-02 +4.5169e-01 -2.2738e-02 +1.5815e-01
% f evaluations | g evaluations | best noise-free fitness - Fopt (6.561000000000e+01) + sum g_i+ | measured fitness | best measured fitness or single-digit g-values | x1 | x2...
1 0 +1.932801862e+02 +2.588901862e+02 +2.588901862e+02 +5.9671e-01 -3.8264e-02 +7.4769e-01 +1.6230e+00 -1.3415e-01
14 0 +7.506631839e+01 +1.406763184e+02 +1.406763184e+02 +1.4562e+00 +2.7990e-02 +1.1035e+00 +4.6164e-01 -5.4512e-01
29 0 +3.749980742e+01 +1.031098074e+02 +1.031098074e+02 +9.8201e-02 +5.5602e-01 +4.1353e-01 +5.5940e-01 +1.1603e-01
37 0 +1.590115540e+01 +8.151115540e+01 +8.151115540e+01 +7.8218e-01 +3.7459e-02 +5.0916e-01 +5.7859e-01 -8.0650e-02
78 0 +1.132350820e+01 +7.693350820e+01 +7.693350820e+01 +1.0780e+00 +6.0718e-02 +6.3924e-01 +4.9162e-01 -5.3938e-01
81 0 +9.935510710e+00 +7.554551071e+01 +7.554551071e+01 +5.4459e-01 +2.6251e-01 +7.7471e-01 +3.2970e-01 -2.0797e-01
169 0 +7.704171057e+00 +7.331417106e+01 +7.331417106e+01 +5.9838e-01 +3.5266e-01 +8.4837e-01 +5.2645e-01 -2.0615e-01
174 0 +7.012286970e+00 +7.262228697e+01 +7.262228697e+01 +6.8445e-01 +1.3272e-01 +9.3716e-01 +5.9468e-01 -1.6220e-01
179 0 +6.874137320e+00 +7.248413732e+01 +7.248413732e+01 +7.4757e-01 +1.1301e-01 +7.7792e-01 +6.5108e-01 -2.9512e-01
203 0 +5.116038831e+00 +7.072603883e+01 +7.072603883e+01 +3.3681e-01 +1.8507e-01 +8.7836e-01 +4.2827e-01 -4.5986e-02
220 0 +5.012319331e+00 +7.062231933e+01 +7.062231933e+01 +6.4759e-01 +2.1036e-01 +7.8174e-01 +5.9571e-01 -9.5965e-02
237 0 +4.991460205e+00 +7.060146020e+01 +7.060146020e+01 +5.3999e-01 +1.7374e-01 +8.8298e-01 +5.0955e-01 -7.6602e-02
243 0 +3.833695858e+00 +6.944369586e+01 +6.944369586e+01 +1.4623e-01 +1.2921e-01 +8.0842e-01 +4.4903e-01 -4.2274e-02
253 0 +3.270192059e+00 +6.888019206e+01 +6.888019206e+01 +6.3044e-02 -1.2211e-02 +7.7956e-01 +2.8962e-01 -9.1560e-02
377 0 +3.145862695e+00 +6.875586270e+01 +6.875586270e+01 +1.1390e-01 +1.9081e-02 +8.2990e-01 +3.8786e-01 -5.6691e-02
392 0 +3.046559160e+00 +6.865655916e+01 +6.865655916e+01 +2.7675e-02 -1.6801e-02 +8.3984e-01 +2.9558e-01 -6.3968e-02
436 0 +3.032096730e+00 +6.864209673e+01 +6.864209673e+01 -1.8488e-02 -6.2002e-02 +7.8563e-01 +2.7417e-01 -3.9643e-02
443 0 +2.960681857e+00 +6.857068186e+01 +6.857068186e+01 -1.7498e-02 -4.4404e-02 +8.1434e-01 +2.4951e-01 -5.4922e-02
451 0 +2.934354250e+00 +6.854435425e+01 +6.854435425e+01 +1.3014e-02 +1.4606e-02 +7.8810e-01 +3.2642e-01 -9.6745e-02
464 0 +2.491660613e+00 +6.810166061e+01 +6.810166061e+01 -8.7043e-02 -6.8804e-02 +7.0789e-01 +1.6842e-01 -1.1135e-01
505 0 +2.083004102e+00 +6.769300410e+01 +6.769300410e+01 -1.8054e-01 -1.1390e-01 +6.6716e-01 +4.4080e-02 -1.1952e-01
577 0 +2.044607301e+00 +6.765460730e+01 +6.765460730e+01 -1.9738e-01 -1.2790e-01 +6.8960e-01 +3.2010e-02 -1.3056e-01
606 0 +1.983128260e+00 +6.759312826e+01 +6.759312826e+01 -1.7996e-01 -1.3619e-01 +6.8609e-01 +2.2430e-02 -1.2096e-01
610 0 +1.878986455e+00 +6.748898646e+01 +6.748898646e+01 -1.6552e-01 -1.1720e-01 +6.7047e-01 -4.8341e-03 -1.3176e-01
626 0 +1.736151206e+00 +6.734615121e+01 +6.734615121e+01 -1.8855e-01 -1.1975e-01 +6.6763e-01 -3.1773e-02 -1.3921e-01
627 0 +1.705317977e+00 +6.731531798e+01 +6.731531798e+01 -2.0885e-01 -1.2462e-01 +6.6787e-01 -7.0225e-02 -1.6599e-01
679 0 +1.685958092e+00 +6.729595809e+01 +6.729595809e+01 -2.0648e-01 -9.9442e-02 +6.7045e-01 -6.8772e-02 -1.6538e-01
701 0 +1.671204298e+00 +6.728120430e+01 +6.728120430e+01 -2.4422e-01 -1.4509e-01 +6.1692e-01 -1.4595e-01 -1.7110e-01
726 0 +1.338209262e+00 +6.694820926e+01 +6.694820926e+01 -2.4897e-01 -1.0551e-01 +5.7425e-01 -1.5018e-01 -1.6737e-01
751 0 +1.173128050e+00 +6.678312805e+01 +6.678312805e+01 -2.8027e-01 -9.4351e-02 +5.1775e-01 -2.0100e-01 -1.8719e-01
836 0 +1.170863602e+00 +6.678086360e+01 +6.678086360e+01 -2.7930e-01 -1.0621e-01 +5.2859e-01 -2.1199e-01 -1.8079e-01
898 0 +1.165508129e+00 +6.677550813e+01 +6.677550813e+01 -3.4485e-01 -8.5775e-02 +4.3611e-01 -3.1649e-01 -1.8874e-01
902 0 +1.083220815e+00 +6.669322081e+01 +6.669322081e+01 -3.1743e-01 -7.8445e-02 +4.6530e-01 -2.5341e-01 -1.9514e-01
914 0 +1.078328875e+00 +6.668832887e+01 +6.668832887e+01 -3.0163e-01 -6.3939e-02 +4.6059e-01 -2.7449e-01 -2.0351e-01
916 0 +9.780599723e-01 +6.658805997e+01 +6.658805997e+01 -3.5040e-01 -7.1734e-02 +3.9371e-01 -3.5611e-01 -2.1960e-01
976 0 +9.733800951e-01 +6.658338010e+01 +6.658338010e+01 -3.3443e-01 -8.9474e-02 +4.0733e-01 -2.9210e-01 -1.8369e-01
977 0 +8.400805932e-01 +6.645008059e+01 +6.645008059e+01 -3.2627e-01 -6.5625e-02 +3.7267e-01 -3.3444e-01 -1.9920e-01
1005 0 +8.163860031e-01 +6.642638600e+01 +6.642638600e+01 -3.3331e-01 -7.1082e-02 +3.7270e-01 -3.3189e-01 -1.9137e-01
1030 0 +8.053537270e-01 +6.641535373e+01 +6.641535373e+01 -3.4360e-01 -4.8009e-02 +2.9470e-01 -3.7785e-01 -1.9539e-01
1076 0 +6.395444418e-01 +6.624954444e+01 +6.624954444e+01 -3.6409e-01 -6.9908e-02 +2.4366e-01 -3.7993e-01 -1.7922e-01
1119 0 +6.366602643e-01 +6.624666026e+01 +6.624666026e+01 -3.8141e-01 -5.6435e-02 +1.5931e-01 -4.2718e-01 -1.6912e-01
1121 0 +5.947851241e-01 +6.620478512e+01 +6.620478512e+01 -3.7566e-01 -4.9464e-02 +2.0583e-01 -3.9492e-01 -1.9200e-01
1141 0 +5.539577453e-01 +6.616395775e+01 +6.616395775e+01 -3.8890e-01 -6.7786e-02 +1.9388e-01 -4.2633e-01 -1.9133e-01
1179 0 +5.167364478e-01 +6.612673645e+01 +6.612673645e+01 -3.8466e-01 -4.9686e-02 +1.6033e-01 -4.3632e-01 -1.8799e-01
1207 0 +4.213295670e-01 +6.603132957e+01 +6.603132957e+01 -3.9029e-01 -4.8324e-02 +9.5300e-02 -4.4189e-01 -1.7925e-01
1235 0 +3.890616498e-01 +6.599906165e+01 +6.599906165e+01 -4.0188e-01 -5.3752e-02 +6.0380e-02 -4.4939e-01 -1.8011e-01
% f evaluations | g evaluations | best noise-free fitness - Fopt (9.348200000000e+02) + sum g_i+ | measured fitness | best measured fitness or single-digit g-values | x1 | x2...
1 0 +6.243185515e+02 +1.559138552e+03 +1.559138552e+03 +5.9671e-01 -3.8264e-02 +7.4769e-01 +1.6230e+00 -1.3415e-01
5 0 +5.739312974e+02 +1.508751297e+03 +1.508751297e+03 +1.5656e+00 -1.2578e-01 +1.6753e-01 -1.3247e+00 -4.4438e-01
6 0 +3.934908708e+02 +1.328310871e+03 +1.328310871e+03 +2.1092e-01 -1.0510e+00 +4.7570e-01 -5.0064e-01 -1.9169e-01
9 0 +6.511098577e+01 +9.999309858e+02 +9.999309858e+02 +8.3847e-01 +2.7137e-01 -1.5648e-02 -2.0110e-01 -1.3785e+00
35 0 +1.373116027e+01 +9.485511603e+02 +9.485511603e+02 +5.1802e-01 +2.3720e-01 +1.7184e-01 +7.4268e-02 -8.3174e-01
85 0 +1.361477428e+01 +9.484347743e+02 +9.484347743e+02 +3.1608e-01 +1.7934e-01 +2.6293e-01 +1.6301e-02 -7.1372e-01
98 0 +1.224004841e+01 +9.470600484e+02 +9.470600484e+02 +4.0887e-01 +5.6348e-03 +4.5992e-01 -4.3604e-01 -9.3037e-01
110 0 +1.082605446e+01 +9.456460545e+02 +9.456460545e+02 +5.0649e-01 +4.4126e-02 +2.4112e-01 -5.0505e-02 -6.0130e-01
126 0 +6.935001662e+00 +9.417550017e+02 +9.417550017e+02 +5.3727e-01 +1.2147e-01 +4.8186e-01 -1.8671e-01 -9.7826e-01
156 0 +6.774521463e+00 +9.415945215e+02 +9.415945215e+02 +4.2633e-01 +1.3277e-02 +3.2132e-01 -2.1797e-01 -5.7513e-01
177 0 +5.310586974e+00 +9.401305870e+02 +9.401305870e+02 +5.8125e-01 +4.0399e-02 +2.9182e-01 -2.6348e-01 -6.7525e-01
217 0 +4.958596210e+00 +9.397785962e+02 +9.397785962e+02 +5.9222e-01 +2.3681e-01 +3.2118e-01 -7.5742e-02 -8.9401e-01
233 0 +4.095675028e+00 +9.389156750e+02 +9.389156750e+02 +4.7376e-01 -1.0810e-01 +3.1337e-01 -3.6379e-01 -7.4593e-01
251 0 +3.684462755e+00 +9.385044628e+02 +9.385044628e+02 +4.8982e-01 -1.4212e-01 +1.3663e-01 -4.1893e-01 -6.5711e-01
254 0 +3.638962309e+00 +9.384589623e+02 +9.384589623e+02 +4.9640e-01 +2.2271e-02 +3.2208e-01 -2.7000e-01 -7.4306e-01
279 0 +3.373414908e+00 +9.381934149e+02 +9.381934149e+02 +5.1928e-01 -1.4973e-01 +1.7761e-01 -3.6492e-01 -6.0734e-01
309 0 +3.113087879e+00 +9.379330879e+02 +9.379330879e+02 +5.1007e-01 -1.3897e-01 +1.8365e-01 -4.4282e-01 -5.7651e-01
328 0 +2.933649903e+00 +9.377536499e+02 +9.377536499e+02 +4.6983e-01 -1.2805e-01 +1.7746e-01 -4.2187e-01 -5.1935e-01
353 0 +2.690986992e+00 +9.375109870e+02 +9.375109870e+02 +4.3902e-01 -1.9162e-01 +1.1712e-01 -4.2651e-01 -5.0681e-01
401 0 +2.683961698e+00 +9.375039617e+02 +9.375039617e+02 +4.6042e-01 -1.4961e-01 +1.5125e-01 -4.2633e-01 -5.2944e-01
426 0 +2.600077716e+00 +9.374200777e+02 +9.374200777e+02 +4.6242e-01 -1.6911e-01 +1.3452e-01 -4.2008e-01 -5.0668e-01
460 0 +2.587967507e+00 +9.374079675e+02 +9.374079675e+02 +4.7826e-01 -1.7514e-01 +1.1985e-01 -4.6469e-01 -4.8312e-01
480 0 +2.550309174e+00 +9.373703092e+02 +9.373703092e+02 +4.6910e-01 -2.0096e-01 +1.1304e-01 -4.1339e-01 -4.6358e-01
501 0 +2.480313098e+00 +9.373003131e+02 +9.373003131e+02 +4.7210e-01 -2.1851e-01 +8.3654e-02 -4.4637e-01 -4.5801e-01
551 0 +2.408113778e+00 +9.372281138e+02 +9.372281138e+02 +4.7376e-01 -1.9066e-01 +9.8309e-02 -4.4639e-01 -4.4337e-01
577 0 +2.396472826e+00 +9.372164728e+02 +9.372164728e+02 +4.7192e-01 -2.1258e-01 +7.4081e-02 -4.3535e-01 -4.3482e-01
598 0 +2.354479677e+00 +9.371744797e+02 +9.371744797e+02 +4.7618e-01 -2.0070e-01 +7.8749e-02 -4.7132e-01 -4.1148e-01
602 0 +2.269290659e+00 +9.370892907e+02 +9.370892907e+02 +4.6100e-01 -2.0808e-01 +6.6033e-02 -4.6745e-01 -3.8737e-01
616 0 +2.221255292e+00 +9.370412553e+02 +9.370412553e+02 +4.7402e-01 -2.2704e-01 +5.1153e-02 -4.6212e-01 -3.8085e-01
668 0 +2.186704725e+00 +9.370067047e+02 +9.370067047e+02 +4.4403e-01 -2.1901e-01 +2.0602e-02 -4.5647e-01 -3.1260e-01
674 0 +2.157452355e+00 +9.369774524e+02 +9.369774524e+02 +4.5965e-01 -2.2934e-01 +3.7149e-02 -4.4583e-01 -3.5188e-01
676 0 +1.979392413e+00 +9.367993924e+02 +9.367993924e+02 +4.5409e-01 -2.4947e-01 +1.5708e-02 -4.6592e-01 -2.5770e-01
702 0 +1.703617186e+00 +9.365236172e+02 +9.365236172e+02 +4.4619e-01 -2.8326e-01 -3.4701e-02 -4.3880e-01 -1.6388e-01
773 0 +1.596381494e+00 +9.364163815e+02 +9.364163815e+02 +4.0989e-01 -3.2921e-01 -8.9991e-02 -3.5502e-01 -3.8655e-02
776 0 +1.567776845e+00 +9.363877768e+02 +9.363877768e+02 +4.3826e-01 -3.0514e-01 -4.4380e-02 -3.8314e-01 -8.9188e-02
802 0 +1.452475437e+00 +9.362724754e+02 +9.362724754e+02 +4.2588e-01 -2.9511e-01 -7.2400e-02 -3.7040e-01 +9.0580e-03
826 0 +1.355956735e+00 +9.361759567e+02 +9.361759567e+02 +4.6193e-01 -3.2336e-01 -7.7680e-02 -3.8821e-01 -4.7115e-02
851 0 +1.201731419e+00 +9.360217314e+02 +9.360217314e+02 +4.1835e-01 -3.4398e-01 -1.3688e-01 -3.1189e-01 +1.7377e-01
876 0 +9.439810886e-01 +9.357639811e+02 +9.357639811e+02 +3.8849e-01 -3.5711e-01 -1.3091e-01 -2.7641e-01 +1.4664e-01
1004 0 +9.304815578e-01 +9.357504816e+02 +9.357504816e+02 +3.8978e-01 -3.4594e-01 -1.3594e-01 -2.9252e-01 +1.2622e-01
1034 0 +9.140642465e-01 +9.357340642e+02 +9.357340642e+02 +4.0625e-01 -3.5306e-01 -1.3807e-01 -3.0813e-01 +1.4059e-01
1054 0 +8.662427132e-01 +9.356862427e+02 +9.356862427e+02 +3.9304e-01 -3.5437e-01 -1.4385e-01 -2.8775e-01 +1.5188e-01
1064 0 +8.647494978e-01 +9.356847495e+02 +9.356847495e+02 +3.9552e-01 -3.6239e-01 -1.5337e-01 -2.9309e-01 +1.6705e-01
1078 0 +8.061967969e-01 +9.356261968e+02 +9.356261968e+02 +3.7193e-01 -3.6325e-01 -1.5466e-01 -2.5258e-01 +2.1373e-01
1119 0 +8.057184868e-01 +9.356257185e+02 +9.356257185e+02 +3.7051e-01 -3.5124e-01 -1.5961e-01 -2.6616e-01 +1.9856e-01
1127 0 +7.900806561e-01 +9.356100807e+02 +9.356100807e+02 +3.5591e-01 -3.7599e-01 -1.8568e-01 -2.4496e-01 +2.6869e-01
1129 0 +7.882167471e-01 +9.356082167e+02 +9.356082167e+02 +3.6562e-01 -3.6775e-01 -1.7960e-01 -2.4521e-01 +2.2770e-01
1152 0 +6.720204858e-01 +9.354920205e+02 +9.354920205e+02 +3.2023e-01 -3.6304e-01 -1.8958e-01 -2.2921e-01 +2.5245e-01
1193 0 +6.500853448e-01 +9.354700853e+02 +9.354700853e+02 +3.2153e-01 -3.6864e-01 -1.8368e-01 -2.1646e-01 +2.8753e-01
1202 0 +6.273314145e-01 +9.354473314e+02 +9.354473314e+02 +2.8253e-01 -3.4932e-01 -1.9310e-01 -1.9250e-01 +3.1404e-01
1220 0 +5.597960877e-01 +9.353797961e+02 +9.353797961e+02 +2.8654e-01 -3.7235e-01 -2.1302e-01 -1.8987e-01 +3.2284e-01
1247 0 +5.580630581e-01 +9.353780631e+02 +9.353780631e+02 +2.9169e-01 -3.6160e-01 -1.9547e-01 -1.9983e-01 +3.0306e-01
% f evaluations | g evaluations | best noise-free fitness - Fopt (-6.371000000000e+01) + sum g_i+ | measured fitness | best measured fitness or single-digit g-values | x1 | x2...
1 0 +4.385864490e+02 +3.748764490e+02 +3.748764490e+02 +5.9671e-01 -3.8264e-02 +7.4769e-01 +1.6230e+00 -1.3415e-01
9 0 +2.006128290e+02 +1.369028290e+02 +1.369028290e+02 +8.3847e-01 +2.7137e-01 -1.5648e-02 -2.0110e-01 -1.3785e+00
20 0 +1.486946911e+02 +8.498469109e+01 +8.498469109e+01 -1.3635e+00 +3.9612e-01 +3.6106e-01 +1.0511e-01 -1.3459e-01
29 0 +1.114405755e+02 +4.773057549e+01 +4.773057549e+01 +4.7481e-01 +7.2967e-01 +6.4748e-01 +2.7340e-01 -1.7035e-01
30 0 +4.169941951e+01 -2.201058049e+01 -2.201058049e+01 -2.8778e-01 -2.0885e-01 -5.7647e-02 +3.5291e-02 -9.2223e-02
33 0 +2.704086744e+01 -3.666913256e+01 -3.666913256e+01 -2.4159e-01 +5.3651e-01 +1.2182e+00 +4.0748e-01 -2.1802e-01
54 0 +7.621391848e+00 -5.608860815e+01 -5.608860815e+01 -3.2006e-01 -2.0145e-02 +4.6971e-02 +3.9846e-01 +5.8835e-01
157 0 +7.277255113e+00 -5.643274489e+01 -5.643274489e+01 -2.6881e-01 -2.6361e-02 +1.5121e-01 +4.9191e-01 +2.2664e-01
175 0 +6.364664830e+00 -5.734533517e+01 -5.734533517e+01 -1.9838e-01 +2.2958e-02 +4.7267e-01 +6.8817e-01 +2.5774e-01
215 0 +5.124567122e+00 -5.858543288e+01 -5.858543288e+01 -3.7902e-01 +2.0345e-01 +5.7458e-01 +5.0322e-01 +1.6461e-01
233 0 +4.468039000e+00 -5.924196100e+01 -5.924196100e+01 -4.0541e-01 +1.4227e-01 +5.8137e-01 +6.2820e-01 +2.3308e-01
240 0 +3.210132937e+00 -6.049986706e+01 -6.049986706e+01 -3.7324e-01 +5.4497e-02 +3.7212e-01 +6.2043e-01 +3.8460e-01
272 0 +3.160959085e+00 -6.054904091e+01 -6.054904091e+01 -2.8207e-01 -8.0018e-02 +2.9158e-01 +5.8518e-01 +4.2926e-01
301 0 +3.054692904e+00 -6.065530710e+01 -6.065530710e+01 -2.4257e-01 +1.1350e-03 +2.4472e-01 +5.6359e-01 +4.9861e-01
303 0 +2.986238588e+00 -6.072376141e+01 -6.072376141e+01 -3.1022e-01 -9.7159e-02 +2.4788e-01 +5.7188e-01 +4.7113e-01
326 0 +2.649364392e+00 -6.106063561e+01 -6.106063561e+01 -2.5876e-01 -4.3012e-02 +1.3895e-01 +4.7160e-01 +4.3197e-01
377 0 +2.404214095e+00 -6.130578591e+01 -6.130578591e+01 -2.9386e-01 -6.8667e-03 +2.5842e-01 +4.9695e-01 +4.2762e-01
378 0 +2.366631213e+00 -6.134336879e+01 -6.134336879e+01 -2.6577e-01 -8.1311e-02 +2.0773e-01 +5.4051e-01 +4.7493e-01
401 0 +2.135762670e+00 -6.157423733e+01 -6.157423733e+01 -2.7375e-01 -5.9212e-02 +2.1457e-01 +5.2537e-01 +4.3596e-01
453 0 +2.112204069e+00 -6.159779593e+01 -6.159779593e+01 -2.6204e-01 -7.5454e-02 +2.0273e-01 +4.8613e-01 +4.3628e-01
476 0 +1.969098349e+00 -6.174090165e+01 -6.174090165e+01 -2.9013e-01 -7.5462e-02 +1.7604e-01 +4.5192e-01 +4.4731e-01
497 0 +1.803144029e+00 -6.190685597e+01 -6.190685597e+01 -2.4104e-01 -1.3268e-01 +8.2550e-02 +4.1164e-01 +4.9949e-01
515 0 +1.694939030e+00 -6.201506097e+01 -6.201506097e+01 -2.5551e-01 -1.2338e-01 +8.1253e-02 +3.9159e-01 +4.7268e-01
527 0 +1.683439083e+00 -6.202656092e+01 -6.202656092e+01 -2.6365e-01 -1.2627e-01 +7.9776e-02 +3.7356e-01 +4.7233e-01
529 0 +1.547919301e+00 -6.216208070e+01 -6.216208070e+01 -2.5903e-01 -1.6423e-01 +5.2464e-02 +3.7565e-01 +4.9285e-01
602 0 +1.353364900e+00 -6.235663510e+01 -6.235663510e+01 -2.7649e-01 -1.7964e-01 +1.1872e-02 +3.2362e-01 +4.8220e-01
605 0 +1.240895192e+00 -6.246910481e+01 -6.246910481e+01 -2.7824e-01 -2.1175e-01 -2.4009e-02 +2.8969e-01 +4.9831e-01
670 0 +1.085646992e+00 -6.262435301e+01 -6.262435301e+01 -2.7475e-01 -2.5005e-01 -8.5352e-02 +2.3534e-01 +4.9299e-01
684 0 +9.205819945e-01 -6.278941801e+01 -6.278941801e+01 -2.6287e-01 -2.7740e-01 -1.5340e-01 +1.7122e-01 +4.8810e-01
726 0 +8.474486915e-01 -6.286255131e+01 -6.286255131e+01 -2.6166e-01 -2.7687e-01 -1.5999e-01 +1.4883e-01 +4.5640e-01
777 0 +8.161250045e-01 -6.289387500e+01 -6.289387500e+01 -2.2725e-01 -2.9466e-01 -2.2091e-01 +6.9091e-02 +4.3450e-01
793 0 +7.485412053e-01 -6.296145879e+01 -6.296145879e+01 -2.0938e-01 -3.4322e-01 -3.1246e-01 -1.3496e-02 +4.1449e-01
830 0 +6.591300420e-01 -6.305086996e+01 -6.305086996e+01 -2.1904e-01 -3.2519e-01 -2.5701e-01 +5.1424e-02 +4.2867e-01
831 0 +6.388588880e-01 -6.307114111e+01 -6.307114111e+01 -2.3115e-01 -3.2076e-01 -2.5685e-01 +6.4236e-02 +4.2740e-01
840 0 +6.084198643e-01 -6.310158014e+01 -6.310158014e+01 -2.0379e-01 -3.2787e-01 -3.0848e-01 +1.7038e-02 +3.9332e-01
877 0 +5.957151519e-01 -6.311428485e+01 -6.311428485e+01 -1.7993e-01 -3.3023e-01 -2.8884e-01 +6.3292e-03 +3.8464e-01
902 0 +5.861847542e-01 -6.312381525e+01 -6.312381525e+01 -1.7563e-01 -3.4387e-01 -3.3537e-01 -5.6707e-02 +3.3316e-01
905 0 +5.774942068e-01 -6.313250579e+01 -6.313250579e+01 -1.7791e-01 -3.3845e-01 -2.9819e-01 -2.8226e-03 +3.6872e-01
926 0 +5.706774617e-01 -6.313932254e+01 -6.313932254e+01 -1.8320e-01 -3.4110e-01 -3.0150e-01 -9.9452e-03 +3.7114e-01
928 0 +4.926799487e-01 -6.321732005e+01 -6.321732005e+01 -1.8183e-01 -3.3566e-01 -3.1172e-01 -1.7959e-02 +3.6846e-01
973 0 +4.613282071e-01 -6.324867179e+01 -6.324867179e+01 -1.7122e-01 -3.5804e-01 -3.7136e-01 -7.1232e-02 +3.4498e-01
988 0 +4.500034607e-01 -6.325999654e+01 -6.325999654e+01 -1.6150e-01 -3.4670e-01 -3.3260e-01 -3.0189e-02 +3.5234e-01
995 0 +4.398868421e-01 -6.327011316e+01 -6.327011316e+01 -1.3472e-01 -3.7383e-01 -3.9012e-01 -7.5359e-02 +3.2275e-01
1009 0 +4.036538827e-01 -6.330634612e+01 -6.330634612e+01 -1.4513e-01 -3.6240e-01 -3.6666e-01 -6.2332e-02 +3.4093e-01
1015 0 +3.857992668e-01 -6.332420073e+01 -6.332420073e+01 -1.5206e-01 -3.4894e-01 -3.6133e-01 -5.9171e-02 +3.3006e-01
1052 0 +3.776376345e-01 -6.333236237e+01 -6.333236237e+01 -1.3371e-01 -3.5220e-01 -3.7055e-01 -6.5545e-02 +3.2643e-01
1082 0 +3.609456871e-01 -6.334905431e+01 -6.334905431e+01 -1.3258e-01 -3.5648e-01 -3.9346e-01 -8.5516e-02 +3.1763e-01
1116 0 +3.440135325e-01 -6.336598647e+01 -6.336598647e+01 -1.1773e-01 -3.7896e-01 -4.1252e-01 -1.1266e-01 +3.0290e-01
1161 0 +3.365118570e-01 -6.337348814e+01 -6.337348814e+01 -1.2806e-01 -3.6081e-01 -3.9712e-01 -9.9172e-02 +3.0029e-01
1162 0 +3.350592682e-01 -6.337494073e+01 -6.337494073e+01 -1.0822e-01 -3.6421e-01 -4.0107e-01 -1.0567e-01 +3.0861e-01
1176 0 +3.252023614e-01 -6.338479764e+01 -6.338479764e+01 -1.1277e-01 -3.6014e-01 -4.1321e-01 -1.1112e-01 +3.0153e-01
1180 0 +3.165661673e-01 -6.339343383e+01 -6.339343383e+01 -1.1354e-01 -3.6953e-01 -4.0488e-01 -1.1265e-01 +3.0376e-01
1181 0 +2.875760304e-01 -6.342242397e+01 -6.342242397e+01 -1.0491e-01 -3.6617e-01 -4.1405e-01 -1.1693e-01 +2.8863e-01
1188 0 +2.694204643e-01 -6.344057954e+01 -6.344057954e+01 -9.7847e-02 -3.7050e-01 -4.3107e-01 -1.3441e-01 +2.8507e-01
1206 0 +2.673498670e-01 -6.344265013e+01 -6.344265013e+01 -9.1785e-02 -3.6680e-01 -4.2541e-01 -1.3279e-01 +2.7825e-01
1209 0 +2.629049222e-01 -6.344709508e+01 -6.344709508e+01 -9.2051e-02 -3.6999e-01 -4.3516e-01 -1.4382e-01 +2.7823e-01
1214 0 +2.627797710e-01 -6.344722023e+01 -6.344722023e+01 -8.8225e-02 -3.7143e-01 -4.3723e-01 -1.5086e-01 +2.6612e-01
1219 0 +2.507055023e-01 -6.345929450e+01 -6.345929450e+01 -8.3735e-02 -3.7546e-01 -4.3900e-01 -1.4398e-01 +2.7146e-01
% f evaluations | g evaluations | best noise-free fitness - Fopt (1.000000000000e+03) + sum g_i+ | measured fitness | best measured fitness or single-digit g-values | x1 | x2...
1 0 +1.461700249e+02 +1.146170025e+03 +1.146170025e+03 +5.9671e-01 -3.8264e-02 +7.4769e-01 +1.6230e+00 -1.3415e-01
6 0 +1.205170181e+02 +1.120517018e+03 +1.120517018e+03 +2.1092e-01 -1.0510e+00 +4.7570e-01 -5.0064e-01 -1.9169e-01
19 0 +1.105442516e+02 +1.110544252e+03 +1.110544252e+03 +1.9708e-01 +1.0686e+00 -6.0205e-01 -2.2766e-01 -2.9211e-01
26 0 +3.076375436e+01 +1.030763754e+03 +1.030763754e+03 -1.3129e-01 -1.9362e-01 +4.8528e-01 -1.2484e-03 +2.9683e-01
34 0 +2.282127760e+01 +1.022821278e+03 +1.022821278e+03 -5.7908e-01 +1.2076e-01 +3.3192e-01 +4.6973e-01 +8.9571e-02
68 0 +1.489703335e+01 +1.014897033e+03 +1.014897033e+03 -4.7540e-01 +3.1565e-01 -1.7687e-01 +1.2001e-01 +2.5880e-01
78 0 +6.004043747e+00 +1.006004044e+03 +1.006004044e+03 -4.8041e-01 +2.7477e-01 -1.1432e-01 +2.9604e-02 +3.8245e-01
192 0 +4.271807767e+00 +1.004271808e+03 +1.004271808e+03 -1.0881e-01 -5.6975e-01 +5.7954e-01 +2.9537e-01 +1.5245e-01
251 0 +4.199917482e+00 +1.004199917e+03 +1.004199917e+03 -4.4175e-01 -3.1556e-01 +4.5065e-01 +2.0424e-01 +8.7575e-02
276 0 +2.100762354e+00 +1.002100762e+03 +1.002100762e+03 -5.2723e-01 +4.0646e-03 +1.9972e-01 +1.5091e-01 +2.0446e-01
410 0 +1.853712032e+00 +1.001853712e+03 +1.001853712e+03 -5.6479e-01 -8.8393e-02 +3.0587e-01 +1.3553e-01 +2.8914e-01
431 0 +1.644195825e+00 +1.001644196e+03 +1.001644196e+03 -5.2664e-01 -1.4031e-01 +3.2646e-01 +1.6126e-01 +2.5614e-01
438 0 +1.633318297e+00 +1.001633318e+03 +1.001633318e+03 -5.6760e-01 -9.9462e-02 +3.1001e-01 +1.5695e-01 +2.6480e-01
450 0 +1.632390819e+00 +1.001632391e+03 +1.001632391e+03 -5.2875e-01 -6.1260e-02 +2.3131e-01 +1.4058e-01 +2.3143e-01
451 0 +1.421454731e+00 +1.001421455e+03 +1.001421455e+03 -5.6763e-01 -2.8628e-02 +2.4807e-01 +1.5270e-01 +2.5614e-01
489 0 +1.340063448e+00 +1.001340063e+03 +1.001340063e+03 -5.7365e-01 -9.3623e-03 +2.0781e-01 +1.5351e-01 +2.9586e-01
527 0 +1.198458197e+00 +1.001198458e+03 +1.001198458e+03 -5.3863e-01 -2.9716e-03 +1.9323e-01 +1.2131e-01 +2.7613e-01
631 0 +1.164693282e+00 +1.001164693e+03 +1.001164693e+03 -5.5048e-01 +1.9845e-02 +1.7009e-01 +9.2336e-02 +2.7035e-01
643 0 +1.160763263e+00 +1.001160763e+03 +1.001160763e+03 -5.8880e-01 +5.1669e-02 +1.4193e-01 +1.0667e-01 +3.0042e-01
651 0 +1.148724704e+00 +1.001148725e+03 +1.001148725e+03 -5.6094e-01 +3.2837e-02 +1.6690e-01 +8.9634e-02 +2.8328e-01
653 0 +1.113548463e+00 +1.001113548e+03 +1.001113548e+03 -5.5952e-01 +2.3222e-02 +1.7062e-01 +1.1415e-01 +2.7529e-01
655 0 +1.027622953e+00 +1.001027623e+03 +1.001027623e+03 -5.5107e-01 +5.8683e-02 +1.2090e-01 +8.5542e-02 +3.1114e-01
671 0 +9.327793661e-01 +1.000932779e+03 +1.000932779e+03 -5.5506e-01 +7.2405e-02 +1.0929e-01 +7.6065e-02 +2.9922e-01
682 0 +9.031273075e-01 +1.000903127e+03 +1.000903127e+03 -5.3693e-01 +1.1566e-01 +6.4589e-02 +6.6859e-02 +2.8244e-01
703 0 +8.375544697e-01 +1.000837554e+03 +1.000837554e+03 -5.2482e-01 +2.0257e-01 -5.7452e-02 +9.8707e-03 +2.6915e-01
718 0 +7.751206115e-01 +1.000775121e+03 +1.000775121e+03 -5.4033e-01 +2.2746e-01 -8.4305e-02 -2.2636e-02 +3.0283e-01
732 0 +6.617382414e-01 +1.000661738e+03 +1.000661738e+03 -5.2071e-01 +2.5202e-01 -1.1208e-01 -3.7486e-02 +2.6296e-01
767 0 +4.393241940e-01 +1.000439324e+03 +1.000439324e+03 -4.7785e-01 +2.8320e-01 -1.5986e-01 -8.6330e-02 +2.4866e-01
876 0 +4.357567801e-01 +1.000435757e+03 +1.000435757e+03 -4.6996e-01 +3.1528e-01 -1.8176e-01 -1.1060e-01 +2.3774e-01
903 0 +3.742062952e-01 +1.000374206e+03 +1.000374206e+03 -4.5834e-01 +3.3199e-01 -2.0493e-01 -1.1228e-01 +2.3371e-01
922 0 +3.409214199e-01 +1.000340921e+03 +1.000340921e+03 -4.4038e-01 +3.4391e-01 -2.1378e-01 -1.3341e-01 +1.9564e-01
936 0 +3.060756865e-01 +1.000306076e+03 +1.000306076e+03 -4.3788e-01 +3.4439e-01 -2.1777e-01 -1.1793e-01 +2.0494e-01
1067 0 +2.927340158e-01 +1.000292734e+03 +1.000292734e+03 -4.1824e-01 +3.6083e-01 -2.5293e-01 -1.4739e-01 +1.9072e-01
1074 0 +2.852653320e-01 +1.000285265e+03 +1.000285265e+03 -4.2854e-01 +3.4964e-01 -2.3032e-01 -1.3122e-01 +1.9967e-01
1083 0 +2.832697222e-01 +1.000283270e+03 +1.000283270e+03 -4.3395e-01 +3.6029e-01 -2.3941e-01 -1.3121e-01 +1.9910e-01
1084 0 +2.501838247e-01 +1.000250184e+03 +1.000250184e+03 -4.1926e-01 +3.7079e-01 -2.4920e-01 -1.4784e-01 +1.8204e-01
1173 0 +2.365526237e-01 +1.000236553e+03 +1.000236553e+03 -4.1497e-01 +3.8017e-01 -2.6480e-01 -1.5328e-01 +1.7633e-01
1203 0 +2.107681821e-01 +1.000210768e+03 +1.000210768e+03 -3.8664e-01 +4.2568e-01 -3.1845e-01 -1.8910e-01 +1.5238e-01
1227 0 +1.859361100e-01 +1.000185936e+03 +1.000185936e+03 -3.8678e-01 +4.2769e-01 -3.1781e-01 -1.8822e-01 +1.4203e-01
% f evaluations | g evaluations | best noise-free fitness - Fopt (3.197000000000e+01) + sum g_i+ | measured fitness | best measured fitness or single-digit g-values | x1 | x2...
1 0 +1.417057057e+03 +1.449027057e+03 +1.449027057e+03 +5.9671e-01 -3.8264e-02 +7.4769e-01 +1.6230e+00 -1.3415e-01
3 0 +1.129863685e+03 +1.161833685e+03 +1.161833685e+03 -3.6342e-01 -3.6573e-01 +3.4196e-01 -1.8133e+00 -1.6249e+00
4 0 +1.503791013e+02 +1.823491013e+02 +1.823491013e+02 -4.6229e-01 -9.1283e-01 +4.1425e-01 -8.0802e-01 -1.3123e+00
6 0 +2.657439508e+01 +5.854439508e+01 +5.854439508e+01 +2.1092e-01 -1.0510e+00 +4.7570e-01 -5.0064e-01 -1.9169e-01
48 0 +9.378342828e+00 +4.134834283e+01 +4.134834283e+01 +1.7568e-02 -8.1684e-01 +3.8093e-01 -5.9648e-01 -3.3663e-01
152 0 +8.033738045e+00 +4.000373805e+01 +4.000373805e+01 +2.2383e-01 -1.1811e+00 -9.2725e-02 -4.4343e-01 -4.1147e-01
180 0 +6.917381987e+00 +3.888738199e+01 +3.888738199e+01 +9.2665e-02 -1.0009e+00 -5.4459e-02 -3.0954e-01 -4.2929e-01
194 0 +6.895679661e+00 +3.886567966e+01 +3.886567966e+01 +1.4593e-01 -1.0270e+00 +2.0105e-01 -4.9799e-01 -4.4729e-01
197 0 +6.172927452e+00 +3.814292745e+01 +3.814292745e+01 +9.7526e-02 -8.3559e-01 +1.3823e-01 -4.2531e-01 -6.0774e-01
220 0 +4.928952732e+00 +3.689895273e+01 +3.689895273e+01 -2.4073e-02 -6.7492e-01 +4.2410e-01 -2.4464e-01 -3.3044e-01
258 0 +4.880295897e+00 +3.685029590e+01 +3.685029590e+01 +1.0341e-01 -9.0437e-01 +3.2894e-02 -3.9980e-01 -4.8164e-01
269 0 +4.335029580e+00 +3.630502958e+01 +3.630502958e+01 -2.8613e-02 -8.0287e-01 +2.8592e-01 -2.7934e-01 -3.4419e-01
276 0 +4.112836544e+00 +3.608283654e+01 +3.608283654e+01 -1.5685e-01 -7.2183e-01 +5.0059e-01 -2.5610e-01 -2.4850e-01
326 0 +3.521649983e+00 +3.549164998e+01 +3.549164998e+01 -9.0468e-02 -7.2820e-01 +4.1849e-01 -3.5414e-01 -2.5497e-01
331 0 +3.274377422e+00 +3.524437742e+01 +3.524437742e+01 -1.4922e-01 -7.5196e-01 +4.2122e-01 -2.6833e-01 -2.6341e-01
379 0 +3.057753820e+00 +3.502775382e+01 +3.502775382e+01 -2.3572e-01 -6.4609e-01 +3.9516e-01 -2.2210e-01 -2.1210e-01
381 0 +2.991744967e+00 +3.496174497e+01 +3.496174497e+01 -1.6619e-01 -6.6551e-01 +4.1769e-01 -2.2976e-01 -2.2889e-01
406 0 +2.730798930e+00 +3.470079893e+01 +3.470079893e+01 -2.0583e-01 -6.6810e-01 +4.4870e-01 -2.1488e-01 -1.5134e-01
438 0 +2.539600216e+00 +3.450960022e+01 +3.450960022e+01 -2.5276e-01 -6.2921e-01 +4.2260e-01 -1.9510e-01 -1.4393e-01
478 0 +2.410277878e+00 +3.438027788e+01 +3.438027788e+01 -2.8603e-01 -6.1197e-01 +4.2680e-01 -1.3594e-01 -1.0031e-01
517 0 +2.362224069e+00 +3.433222407e+01 +3.433222407e+01 -3.4995e-01 -5.6960e-01 +4.3693e-01 -1.2461e-01 -7.5583e-02
527 0 +2.027106976e+00 +3.399710698e+01 +3.399710698e+01 -4.1552e-01 -5.1538e-01 +3.7922e-01 -4.4480e-02 -7.8437e-03
553 0 +1.975282633e+00 +3.394528263e+01 +3.394528263e+01 -4.4578e-01 -4.7490e-01 +3.5142e-01 +6.7028e-03 +1.4861e-02
554 0 +1.905529255e+00 +3.387552925e+01 +3.387552925e+01 -3.7761e-01 -4.8693e-01 +3.8751e-01 -6.2179e-02 -2.0127e-02
602 0 +1.874058545e+00 +3.384405855e+01 +3.384405855e+01 -4.2998e-01 -4.6040e-01 +3.5414e-01 -2.1921e-02 +1.8542e-02
627 0 +1.861690958e+00 +3.383169096e+01 +3.383169096e+01 -4.1814e-01 -4.4921e-01 +3.4622e-01 -3.1263e-02 -2.5203e-04
651 0 +1.817313492e+00 +3.378731349e+01 +3.378731349e+01 -4.8803e-01 -3.9196e-01 +3.1401e-01 +7.1688e-02 +6.0881e-02
654 0 +1.588502887e+00 +3.355850289e+01 +3.355850289e+01 -4.6062e-01 -4.1437e-01 +3.3646e-01 +2.0294e-02 +2.2036e-02
678 0 +1.542062179e+00 +3.351206218e+01 +3.351206218e+01 -4.5896e-01 -4.0210e-01 +3.5213e-01 +2.2655e-02 +2.4385e-02
726 0 +1.502056945e+00 +3.347205694e+01 +3.347205694e+01 -4.7208e-01 -3.6902e-01 +3.3497e-01 +2.9693e-02 +1.9551e-02
727 0 +1.441749981e+00 +3.341174998e+01 +3.341174998e+01 -4.6773e-01 -3.4160e-01 +3.2440e-01 +5.7186e-02 +5.9611e-02
732 0 +1.426598031e+00 +3.339659803e+01 +3.339659803e+01 -4.8637e-01 -3.2318e-01 +3.1808e-01 +5.8529e-02 +3.3718e-02
750 0 +1.348072069e+00 +3.331807207e+01 +3.331807207e+01 -4.9118e-01 -2.9723e-01 +3.0239e-01 +9.3383e-02 +5.9692e-02
760 0 +1.247881287e+00 +3.321788129e+01 +3.321788129e+01 -5.1353e-01 -2.3957e-01 +2.8658e-01 +1.0456e-01 +7.3214e-02
804 0 +1.143386457e+00 +3.311338646e+01 +3.311338646e+01 -5.4929e-01 -2.3281e-01 +2.4303e-01 +1.2989e-01 +7.0661e-02
826 0 +1.075610998e+00 +3.304561100e+01 +3.304561100e+01 -5.5829e-01 -1.6134e-01 +2.1962e-01 +1.2437e-01 +6.3090e-02
851 0 +9.551425224e-01 +3.292514252e+01 +3.292514252e+01 -5.3848e-01 -1.6430e-01 +2.2414e-01 +1.2461e-01 +8.2481e-02
876 0 +9.077344564e-01 +3.287773446e+01 +3.287773446e+01 -5.7481e-01 -1.1303e-01 +1.9713e-01 +1.6262e-01 +1.1760e-01
911 0 +8.726791410e-01 +3.284267914e+01 +3.284267914e+01 -5.5891e-01 -7.9398e-02 +1.6723e-01 +1.7865e-01 +9.6479e-02
915 0 +8.344877314e-01 +3.280448773e+01 +3.280448773e+01 -5.9611e-01 +6.9397e-02 +1.2888e-01 +2.1156e-01 +1.4005e-01
930 0 +7.559858760e-01 +3.272598588e+01 +3.272598588e+01 -5.3468e-01 -4.4637e-02 +1.7094e-01 +1.6401e-01 +1.1536e-01
978 0 +5.562974341e-01 +3.252629743e+01 +3.252629743e+01 -5.3986e-01 +5.7231e-02 +1.2580e-01 +2.1798e-01 +1.5904e-01
979 0 +5.561748303e-01 +3.252617483e+01 +3.252617483e+01 -5.5578e-01 +6.9995e-02 +1.0913e-01 +2.0857e-01 +1.4415e-01
1051 0 +5.027559041e-01 +3.247275590e+01 +3.247275590e+01 -5.4739e-01 +6.9344e-02 +1.2395e-01 +2.1809e-01 +1.4857e-01
1077 0 +4.991049519e-01 +3.246910495e+01 +3.246910495e+01 -5.3824e-01 +1.1257e-01 +1.1114e-01 +2.2595e-01 +1.5689e-01
1131 0 +4.732927503e-01 +3.244329275e+01 +3.244329275e+01 -5.3260e-01 +1.3473e-01 +8.8471e-02 +2.4204e-01 +1.8237e-01
1138 0 +4.216709265e-01 +3.239167093e+01 +3.239167093e+01 -5.2210e-01 +1.3450e-01 +9.1340e-02 +2.3265e-01 +1.6694e-01
1201 0 +4.087133179e-01 +3.237871332e+01 +3.237871332e+01 -5.3976e-01 +1.3902e-01 +8.9952e-02 +2.3667e-01 +1.6686e-01
1246 0 +4.012346402e-01 +3.237123464e+01 +3.237123464e+01 -5.3505e-01 +1.4176e-01 +8.8025e-02 +2.3131e-01 +1.6854e-01
% f evaluations | g evaluations | best noise-free fitness - Fopt (5.819000000000e+01) + sum g_i+ | measured fitness | best measured fitness or single-digit g-values | x1 | x2...
1 0 +4.001356762e+02 +4.583256762e+02 +4.583256762e+02 +5.9671e-01 -3.8264e-02 +7.4769e-01 +1.6230e+00 -1.3415e-01
5 0 +2.388933811e+02 +2.970833811e+02 +2.970833811e+02 +1.5656e+00 -1.2578e-01 +1.6753e-01 -1.3247e+00 -4.4438e-01
9 0 +2.005323123e+02 +2.587223123e+02 +2.587223123e+02 +8.3847e-01 +2.7137e-01 -1.5648e-02 -2.0110e-01 -1.3785e+00
17 0 +6.498122217e+01 +1.231712222e+02 +1.231712222e+02 -1.1967e-01 +4.5711e-01 +1.5779e+00 -4.1827e-01 -7.0849e-01
32 0 +6.273652078e+01 +1.209265208e+02 +1.209265208e+02 +2.6406e-01 +4.7292e-01 +6.9602e-01 -5.1389e-01 +3.9500e-01
39 0 +2.030283517e+01 +7.849283517e+01 +7.849283517e+01 +6.5091e-01 +1.3178e-01 +5.7626e-01 -4.0823e-01 -6.1455e-01
56 0 +1.271442762e+01 +7.090442762e+01 +7.090442762e+01 +2.6651e-01 +5.9968e-01 +1.1661e+00 -4.6896e-01 -2.4918e-01
89 0 +1.202092183e+01 +7.021092183e+01 +7.021092183e+01 +4.6042e-01 +2.9149e-01 +8.0220e-01 -6.1748e-01 -1.2584e-01
98 0 +9.625511459e+00 +6.781551146e+01 +6.781551146e+01 +3.1117e-01 +7.1093e-02 -2.0097e-01 -2.6069e-01 -5.0441e-01
123 0 +6.258812046e+00 +6.444881205e+01 +6.444881205e+01 +6.5246e-01 +1.1356e-01 +3.7690e-01 -2.0638e-01 -3.4109e-01
137 0 +6.221999227e+00 +6.441199923e+01 +6.441199923e+01 +5.6977e-01 +6.1581e-02 +8.7727e-01 -4.0841e-01 -2.0547e-01
174 0 +4.162229152e+00 +6.235222915e+01 +6.235222915e+01 +7.0081e-01 +6.9356e-02 +5.8300e-01 -2.0865e-01 -2.5842e-01
251 0 +3.147531554e+00 +6.133753155e+01 +6.133753155e+01 +6.3639e-01 -3.9156e-02 +3.2583e-01 -1.5525e-01 -3.9689e-01
351 0 +2.912628277e+00 +6.110262828e+01 +6.110262828e+01 +6.6781e-01 -3.4777e-02 +2.7788e-01 -9.6406e-02 -5.1171e-01
379 0 +2.867657143e+00 +6.105765714e+01 +6.105765714e+01 +6.5006e-01 -2.4120e-02 +3.0189e-01 -1.0336e-01 -4.2119e-01
406 0 +2.797591034e+00 +6.098759103e+01 +6.098759103e+01 +6.5033e-01 -4.5188e-02 +2.7074e-01 -9.1675e-02 -4.5428e-01
428 0 +2.773852819e+00 +6.096385282e+01 +6.096385282e+01 +5.9394e-01 -5.1320e-02 +2.4958e-01 -1.4988e-01 -4.6228e-01
431 0 +2.732836302e+00 +6.092283630e+01 +6.092283630e+01 +5.9642e-01 -4.8630e-02 +2.4057e-01 -7.8417e-02 -4.6724e-01
477 0 +2.626599019e+00 +6.081659902e+01 +6.081659902e+01 +6.1406e-01 -3.1232e-02 +1.6000e-01 -9.0725e-02 -5.3405e-01
479 0 +2.514252560e+00 +6.070425256e+01 +6.070425256e+01 +5.9118e-01 -4.9224e-02 +2.2163e-01 -1.0633e-01 -4.7647e-01
501 0 +2.502897268e+00 +6.069289727e+01 +6.069289727e+01 +5.9056e-01 -4.3341e-02 +2.0174e-01 -1.3326e-01 -4.6876e-01
505 0 +2.418672110e+00 +6.060867211e+01 +6.060867211e+01 +5.8616e-01 -3.9742e-02 +1.7171e-01 -9.1359e-02 -5.0033e-01
510 0 +2.374183428e+00 +6.056418343e+01 +6.056418343e+01 +5.7849e-01 -3.3292e-02 +1.6450e-01 -1.1435e-01 -4.8972e-01
551 0 +2.336708690e+00 +6.052670869e+01 +6.052670869e+01 +5.7584e-01 -6.2122e-02 +1.7042e-01 -1.2096e-01 -5.1799e-01
573 0 +2.314192769e+00 +6.050419277e+01 +6.050419277e+01 +5.4405e-01 -4.7171e-02 +1.2579e-01 -9.4415e-02 -5.0629e-01
577 0 +2.272042833e+00 +6.046204283e+01 +6.046204283e+01 +5.7557e-01 -5.1924e-02 +1.5384e-01 -1.1506e-01 -5.1798e-01
578 0 +2.164927251e+00 +6.035492725e+01 +6.035492725e+01 +5.1618e-01 -7.8206e-02 +8.8445e-02 -1.2596e-01 -5.3811e-01
580 0 +2.131842147e+00 +6.032184215e+01 +6.032184215e+01 +5.1035e-01 -5.3234e-02 +7.1566e-02 -1.0747e-01 -5.1455e-01
601 0 +1.843252963e+00 +6.003325296e+01 +6.003325296e+01 +4.4389e-01 -8.2288e-02 -7.2988e-02 -1.4440e-01 -5.7983e-01
648 0 +1.693282961e+00 +5.988328296e+01 +5.988328296e+01 +4.3130e-01 -8.1914e-02 -1.0095e-01 -1.7825e-01 -5.4602e-01
656 0 +1.076957381e+00 +5.926695738e+01 +5.926695738e+01 +2.7617e-01 -6.4784e-02 -3.0848e-01 -1.9611e-01 -4.8988e-01
777 0 +8.704525412e-01 +5.906045254e+01 +5.906045254e+01 +1.8063e-01 -6.7777e-02 -3.8900e-01 -1.7755e-01 -3.9882e-01
851 0 +8.515443983e-01 +5.904154440e+01 +5.904154440e+01 +1.5912e-01 -6.2924e-02 -4.0563e-01 -1.8326e-01 -4.2987e-01
878 0 +7.894981220e-01 +5.897949812e+01 +5.897949812e+01 +1.5859e-01 -5.8398e-02 -3.9535e-01 -1.6636e-01 -4.0890e-01
880 0 +6.301915851e-01 +5.882019159e+01 +5.882019159e+01 +8.7337e-02 -5.5876e-02 -4.9793e-01 -1.6370e-01 -3.4543e-01
901 0 +5.980128180e-01 +5.878801282e+01 +5.878801282e+01 +5.3178e-02 -6.0774e-02 -5.1127e-01 -1.6694e-01 -3.4589e-01
927 0 +5.907354462e-01 +5.878073545e+01 +5.878073545e+01 +5.6104e-02 -5.0197e-02 -5.0176e-01 -1.7259e-01 -3.3848e-01
962 0 +5.678211072e-01 +5.875782111e+01 +5.875782111e+01 +4.8317e-02 -4.8630e-02 -5.1682e-01 -1.7055e-01 -3.3127e-01
990 0 +5.376299336e-01 +5.872762993e+01 +5.872762993e+01 +5.3895e-02 -5.3574e-02 -5.1363e-01 -1.6594e-01 -3.3342e-01
1043 0 +5.150734851e-01 +5.870507349e+01 +5.870507349e+01 +5.4773e-02 -5.7220e-02 -5.0165e-01 -1.4863e-01 -3.2729e-01
1085 0 +5.102492682e-01 +5.870024927e+01 +5.870024927e+01 +4.9406e-02 -5.2574e-02 -5.1156e-01 -1.5721e-01 -3.2966e-01
1143 0 +5.055592831e-01 +5.869555928e+01 +5.869555928e+01 +3.9325e-02 -5.6745e-02 -5.1192e-01 -1.4161e-01 -3.2163e-01
1161 0 +5.026897853e-01 +5.869268979e+01 +5.869268979e+01 +4.2779e-02 -4.9852e-02 -5.2272e-01 -1.5503e-01 -3.1371e-01
1167 0 +5.006909399e-01 +5.869069094e+01 +5.869069094e+01 +4.0337e-02 -5.6812e-02 -5.0635e-01 -1.3950e-01 -3.1358e-01
1176 0 +4.751861374e-01 +5.866518614e+01 +5.866518614e+01 +1.9620e-02 -4.3484e-02 -5.2865e-01 -1.4137e-01 -2.8971e-01
1180 0 +4.614033657e-01 +5.865140337e+01 +5.865140337e+01 +2.1057e-02 -4.9993e-02 -5.3402e-01 -1.4707e-01 -3.0481e-01
1213 0 +4.452001947e-01 +5.863520019e+01 +5.863520019e+01 -5.2890e-03 -4.5191e-02 -5.3581e-01 -1.4117e-01 -2.7167e-01
1217 0 +4.437865225e-01 +5.863378652e+01 +5.863378652e+01 -5.6491e-03 -4.3404e-02 -5.3445e-01 -1.3478e-01 -2.7298e-01
1222 0 +4.251318715e-01 +5.861513187e+01 +5.861513187e+01 +2.9526e-03 -4.8823e-02 -5.3294e-01 -1.3633e-01 -2.7900e-01
1232 0 +4.245168774e-01 +5.861451688e+01 +5.861451688e+01 +1.4737e-03 -4.7902e-02 -5.3488e-01 -1.3913e-01 -2.8009e-01
1242 0 +4.196312231e-01 +5.860963122e+01 +5.860963122e+01 -2.7123e-03 -5.0485e-02 -5.4804e-01 -1.4214e-01 -2.8035e-01
