% f evaluations | g evaluations | best noise-free fitness - Fopt (7.135000000000e+01) + sum g_i+ | measured fitness | best measured fitness or single-digit g-values | x1 | x2...
1 0 +7.446886989e+01 +1.458188699e+02 +1.458188699e+02 +5.9671e-01 -3.8264e-02 +7.4769e-01 +1.6230e+00 -1.3415e-01
3 0 +5.113084942e+01 +1.224808494e+02 +1.224808494e+02 -3.6342e-01 -3.6573e-01 +3.4196e-01 -1.8133e+00 -1.6249e+00
18 0 +4.266526997e+01 +1.140152700e+02 +1.140152700e+02 -4.0176e-01 +1.0154e+00 +4.2875e-01 -4.2976e-01 +6.1327e-01
29 0 +1.390156537e+01 +8.525156537e+01 +8.525156537e+01 -9.1742e-01 +5.2213e-01 -6.7079e-01 -1.1259e+00 -1.8273e+00
54 0 +1.238278799e+01 +8.373278799e+01 +8.373278799e+01 -1.0181e+00 +1.1826e-01 +3.0002e-01 -3.5188e-01 -1.2448e+00
176 0 +1.126315381e+01 +8.261315381e+01 +8.261315381e+01 -6.8086e-01 +1.2918e-01 +2.2367e-01 -3.7940e-01 -1.3160e+00
178 0 +8.593272898e+00 +7.994327290e+01 +7.994327290e+01 -9.2014e-01 +8.7943e-02 +1.8577e-01 -1.2477e+00 -1.0884e+00
254 0 +7.632827375e+00 +7.898282737e+01 +7.898282737e+01 -1.0537e+00 -2.6103e-02 +4.5002e-02 -1.1821e-01 -9.6140e-01
259 0 +6.737513825e+00 +7.808751383e+01 +7.808751383e+01 -8.9428e-01 -3.4312e-02 +5.7507e-03 -1.1413e-01 -1.0386e+00
270 0 +5.612547054e+00 +7.696254705e+01 +7.696254705e+01 -1.0823e+00 +1.3095e-01 -1.8171e-01 -3.2581e-01 -1.1262e+00
276 0 +2.950344684e+00 +7.430034468e+01 +7.430034468e+01 -8.4197e-01 +6.7908e-02 -3.6720e-01 +8.3008e-02 -1.1936e+00
332 0 +2.398829680e+00 +7.374882968e+01 +7.374882968e+01 -6.7763e-01 +1.3037e-01 -4.0959e-01 -1.2514e-01 -1.2270e+00
338 0 +1.686171649e+00 +7.303617165e+01 +7.303617165e+01 -5.7771e-01 +2.7726e-01 -6.2858e-01 -9.2036e-02 -1.2088e+00
422 0 +6.521844157e-01 +7.200218442e+01 +7.200218442e+01 -6.1642e-01 +1.7119e-01 -5.4383e-01 +1.5631e-02 -1.2710e+00
535 0 +3.405486341e-01 +7.169054863e+01 +7.169054863e+01 -6.4685e-01 +2.1464e-01 -6.3754e-01 +2.3874e-01 -1.3186e+00
551 0 +2.809328116e-01 +7.163093281e+01 +7.163093281e+01 -6.5866e-01 +2.1021e-01 -6.0121e-01 +3.5414e-01 -1.2845e+00
558 0 +1.462535959e-01 +7.149625360e+01 +7.149625360e+01 -5.8662e-01 +2.3746e-01 -6.4597e-01 +2.9643e-01 -1.4122e+00
631 0 +7.170968615e-02 +7.142170969e+01 +7.142170969e+01 -5.3191e-01 +2.5989e-01 -6.4962e-01 +2.2601e-01 -1.4632e+00
833 0 +7.094602577e-02 +7.142094603e+01 +7.142094603e+01 -4.7825e-01 +3.0116e-01 -6.8165e-01 +2.8128e-01 -1.4543e+00
845 0 +4.177210366e-02 +7.139177210e+01 +7.139177210e+01 -4.7646e-01 +3.1636e-01 -6.8884e-01 +3.4477e-01 -1.4443e+00
851 0 +2.873824173e-02 +7.137873824e+01 +7.137873824e+01 -4.7119e-01 +3.1282e-01 -6.7451e-01 +3.5481e-01 -1.4471e+00
863 0 +2.548825887e-03 +7.135254883e+01 +7.135254883e+01 -5.0498e-01 +2.6786e-01 -6.4698e-01 +3.4729e-01 -1.4485e+00
1181 0 +2.452291538e-03 +7.135245229e+01 +7.135245229e+01 -5.0771e-01 +2.6737e-01 -6.4788e-01 +3.3640e-01 -1.4404e+00
1232 0 +4.653483754e-04 +7.135046535e+01 +7.135046535e+01 -5.1097e-01 +2.5963e-01 -6.4530e-01 +3.2470e-01 -1.4474e+00
% f evaluations | g evaluations | best noise-free fitness - Fopt (-3.552200000000e+02) + sum g_i+ | measured fitness | best measured fitness or single-digit g-values | x1 | x2...
1 0 +9.960213824e+01 -2.556178618e+02 -2.556178618e+02 +5.9671e-01 -3.8264e-02 +7.4769e-01 +1.6230e+00 -1.3415e-01
2 0 +9.589743832e+01 -2.593225617e+02 -2.593225617e+02 -1.3414e-01 +1.6792e+00 +8.6743e-01 -3.6947e-01 +6.4256e-01
3 0 +5.554821623e+01 -2.996717838e+02 -2.996717838e+02 -3.6342e-01 -3.6573e-01 +3.4196e-01 -1.8133e+00 -1.6249e+00
8 0 +3.140876179e+01 -3.238112382e+02 -3.238112382e+02 -1.1208e+00 +3.0886e-01 -1.8597e+00 -1.2282e+00 +2.9686e-01
31 0 +2.333498523e+01 -3.318850148e+02 -3.318850148e+02 -1.1966e+00 +1.8969e-01 -6.3361e-01 -7.0181e-01 -6.0228e-01
45 0 +1.161913122e+01 -3.436008688e+02 -3.436008688e+02 -2.5363e-01 -5.4976e-02 -8.8519e-01 -3.0716e+00 +6.9898e-01
251 0 +1.124827515e+01 -3.439717248e+02 -3.439717248e+02 -5.8823e-01 +2.8546e-02 -6.2852e-01 -6.3273e-01 -7.5394e-01
264 0 +6.462971343e+00 -3.487570287e+02 -3.487570287e+02 -9.3327e-01 +1.5617e+00 -1.1755e+00 +4.5287e-01 -2.0253e+00
433 0 +6.040365002e+00 -3.491796350e+02 -3.491796350e+02 -5.3134e-01 +9.8126e-01 -1.2173e+00 +5.9412e-01 -2.0453e+00
457 0 +5.633389831e+00 -3.495866102e+02 -3.495866102e+02 -6.8193e-01 +9.3454e-01 -1.3124e+00 +5.0288e-01 -2.0529e+00
462 0 +4.296910501e+00 -3.509230895e+02 -3.509230895e+02 -1.1359e+00 +1.4113e+00 -1.2782e+00 +6.1209e-01 -2.3776e+00
464 0 +3.574499520e+00 -3.516455005e+02 -3.516455005e+02 -1.0201e+00 +1.4404e+00 -1.1771e+00 +9.7739e-01 -2.5242e+00
478 0 +3.072187572e+00 -3.521478124e+02 -3.521478124e+02 -7.8124e-01 +1.1400e+00 -1.1555e+00 +7.2366e-01 -2.1241e+00
483 0 +2.654988917e+00 -3.525650111e+02 -3.525650111e+02 -9.7005e-01 +1.3229e+00 -1.2788e+00 +6.0595e-01 -2.2384e+00
552 0 +2.129488759e+00 -3.530905112e+02 -3.530905112e+02 -8.6048e-01 +1.1291e+00 -1.2556e+00 +7.1250e-01 -2.2535e+00
556 0 +1.789187399e+00 -3.534308126e+02 -3.534308126e+02 -6.9968e-01 +9.6268e-01 -1.2118e+00 +7.9308e-01 -2.1825e+00
605 0 +1.321872910e+00 -3.538981271e+02 -3.538981271e+02 -7.8088e-01 +8.9954e-01 -1.0953e+00 +9.0536e-01 -2.2478e+00
665 0 +1.210962421e+00 -3.540090376e+02 -3.540090376e+02 -7.1867e-01 +8.5105e-01 -1.2290e+00 +9.8943e-01 -2.3166e+00
677 0 +4.639926610e-01 -3.547560073e+02 -3.547560073e+02 -8.1929e-01 +8.6865e-01 -1.0241e+00 +9.5413e-01 -2.2522e+00
802 0 +1.895755914e-01 -3.550304244e+02 -3.550304244e+02 -7.3623e-01 +8.6273e-01 -1.0212e+00 +1.1726e+00 -2.3861e+00
832 0 +5.982355204e-02 -3.551601764e+02 -3.551601764e+02 -7.5019e-01 +8.4331e-01 -1.0337e+00 +1.1653e+00 -2.3788e+00
847 0 +5.543122898e-02 -3.551645688e+02 -3.551645688e+02 -7.3943e-01 +8.4592e-01 -1.0686e+00 +1.1122e+00 -2.3567e+00
914 0 +2.636094533e-02 -3.551936391e+02 -3.551936391e+02 -7.2885e-01 +8.1830e-01 -1.0548e+00 +1.1653e+00 -2.3785e+00
937 0 +2.333981043e-02 -3.551966602e+02 -3.551966602e+02 -7.7267e-01 +8.9271e-01 -1.0623e+00 +1.1244e+00 -2.3856e+00
945 0 +2.100259044e-02 -3.551989974e+02 -3.551989974e+02 -7.8584e-01 +9.0234e-01 -1.0258e+00 +1.1340e+00 -2.3851e+00
961 0 +1.841365623e-02 -3.552015863e+02 -3.552015863e+02 -7.7591e-01 +8.9971e-01 -1.0267e+00 +1.1193e+00 -2.3856e+00
1001 0 +1.438019548e-02 -3.552056198e+02 -3.552056198e+02 -7.7926e-01 +9.0381e-01 -1.0324e+00 +1.1257e+00 -2.3831e+00
1062 0 +8.644028751e-03 -3.552113560e+02 -3.552113560e+02 -7.6311e-01 +8.7409e-01 -1.0591e+00 +1.1460e+00 -2.3885e+00
1090 0 +7.968575474e-03 -3.552120314e+02 -3.552120314e+02 -7.6778e-01 +8.7312e-01 -1.0510e+00 +1.1350e+00 -2.3802e+00
1101 0 +1.655084280e-03 -3.552183449e+02 -3.552183449e+02 -7.6012e-01 +8.6776e-01 -1.0560e+00 +1.1452e+00 -2.3877e+00
1142 0 +1.427097133e-03 -3.552185729e+02 -3.552185729e+02 -7.6276e-01 +8.7315e-01 -1.0436e+00 +1.1352e+00 -2.3851e+00
1187 0 +1.290996824e-03 -3.552187090e+02 -3.552187090e+02 -7.5806e-01 +8.6616e-01 -1.0542e+00 +1.1458e+00 -2.3860e+00
1201 0 +6.515379401e-04 -3.552193485e+02 -3.552193485e+02 -7.5880e-01 +8.6850e-01 -1.0526e+00 +1.1439e+00 -2.3847e+00
1229 0 +5.063962541e-04 -3.552194936e+02 -3.552194936e+02 -7.6227e-01 +8.7183e-01 -1.0514e+00 +1.1468e+00 -2.3870e+00
% f evaluations | g evaluations | best noise-free fitness - Fopt (9.917000000000e+01) + sum g_i+ | measured fitness | best measured fitness or single-digit g-values | x1 | x2...
1 0 +7.486993682e+01 +1.740399368e+02 +1.740399368e+02 +5.9671e-01 -3.8264e-02 +7.4769e-01 +1.6230e+00 -1.3415e-01
6 0 +2.244151693e+01 +1.216115169e+02 +1.216115169e+02 +2.1092e-01 -1.0510e+00 +4.7570e-01 -5.0064e-01 -1.9169e-01
13 0 +1.944891373e+01 +1.186189137e+02 +1.186189137e+02 -3.7917e-01 -8.5659e-02 -1.0063e+00 -1.0962e+00 +9.1253e-01
27 0 +1.406377580e+01 +1.132337758e+02 +1.132337758e+02 +1.3919e-01 -8.2601e-01 -9.3468e-02 -2.6649e-01 +1.4636e+00
113 0 +1.195995456e+01 +1.111299546e+02 +1.111299546e+02 -6.4352e-01 -6.4975e-01 +9.3626e-02 -7.5690e-01 +1.2476e+00
137 0 +9.310496227e+00 +1.084804962e+02 +1.084804962e+02 -5.4061e-01 -5.2959e-01 +2.2501e-01 -5.7167e-01 +1.2981e+00
179 0 +3.547500300e+00 +1.027175003e+02 +1.027175003e+02 -5.8643e-01 -4.6982e-01 +5.0121e-02 -7.9385e-01 +9.2440e-01
227 0 +2.621000636e+00 +1.017910006e+02 +1.017910006e+02 -6.6352e-01 -5.4643e-01 +9.7970e-02 -1.0947e+00 +9.5056e-01
280 0 +2.503641268e+00 +1.016736413e+02 +1.016736413e+02 -9.0648e-01 -3.3125e-01 +7.6033e-02 -1.0771e+00 +1.5023e+00
282 0 +1.692049820e+00 +1.008620498e+02 +1.008620498e+02 -7.3910e-01 -4.7641e-01 +9.2779e-02 -1.1608e+00 +9.4173e-01
331 0 +1.448982356e+00 +1.006189824e+02 +1.006189824e+02 -7.3534e-01 -2.5359e-01 -2.1060e-01 -1.1219e+00 +1.2532e+00
332 0 +1.364443221e+00 +1.005344432e+02 +1.005344432e+02 -6.5591e-01 -5.0536e-01 -2.2315e-01 -1.0518e+00 +1.2348e+00
362 0 +1.264833239e+00 +1.004348332e+02 +1.004348332e+02 -7.7333e-01 -2.7629e-01 -1.5358e-01 -9.9970e-01 +1.3647e+00
367 0 +8.482084051e-01 +1.000182084e+02 +1.000182084e+02 -6.7382e-01 -4.3369e-01 -4.1818e-02 -9.2939e-01 +1.2310e+00
406 0 +2.932536938e-01 +9.946325369e+01 +9.946325369e+01 -6.3216e-01 -4.0778e-01 -2.6154e-01 -9.1634e-01 +1.3258e+00
483 0 +1.450592314e-01 +9.931505923e+01 +9.931505923e+01 -6.6671e-01 -3.7691e-01 -3.0347e-01 -9.5433e-01 +1.3509e+00
529 0 +1.288045721e-01 +9.929880457e+01 +9.929880457e+01 -6.5160e-01 -3.6530e-01 -3.9558e-01 -9.2444e-01 +1.4112e+00
532 0 +5.290482524e-02 +9.922290483e+01 +9.922290483e+01 -6.5504e-01 -3.6402e-01 -3.9072e-01 -9.0917e-01 +1.4165e+00
552 0 +2.327376574e-02 +9.919327377e+01 +9.919327377e+01 -6.6294e-01 -3.5327e-01 -4.2615e-01 -9.0188e-01 +1.4163e+00
681 0 +2.253499303e-02 +9.919253499e+01 +9.919253499e+01 -6.6100e-01 -3.4350e-01 -4.4735e-01 -8.9264e-01 +1.4291e+00
701 0 +8.504171519e-03 +9.917850417e+01 +9.917850417e+01 -6.5919e-01 -3.6321e-01 -4.2152e-01 -9.2355e-01 +1.4026e+00
720 0 +7.059456332e-03 +9.917705946e+01 +9.917705946e+01 -6.5312e-01 -3.5622e-01 -4.0619e-01 -8.9632e-01 +1.4062e+00
726 0 +1.488723090e-03 +9.917148872e+01 +9.917148872e+01 -6.5651e-01 -3.5295e-01 -4.1689e-01 -9.0397e-01 +1.4105e+00
811 0 +1.389547718e-03 +9.917138955e+01 +9.917138955e+01 -6.5966e-01 -3.5650e-01 -4.1804e-01 -9.1578e-01 +1.4064e+00
827 0 +9.145267164e-04 +9.917091453e+01 +9.917091453e+01 -6.5594e-01 -3.5476e-01 -4.1812e-01 -9.1022e-01 +1.4057e+00
852 0 +6.587980886e-04 +9.917065880e+01 +9.917065880e+01 -6.5603e-01 -3.5570e-01 -4.1824e-01 -9.1108e-01 +1.4053e+00
901 0 +2.490823080e-04 +9.917024908e+01 +9.917024908e+01 -6.5709e-01 -3.5538e-01 -4.1904e-01 -9.0995e-01 +1.4075e+00
932 0 +1.709332019e-04 +9.917017093e+01 +9.917017093e+01 -6.5663e-01 -3.5454e-01 -4.1713e-01 -9.0819e-01 +1.4077e+00
994 0 +1.261926520e-04 +9.917012619e+01 +9.917012619e+01 -6.5773e-01 -3.5409e-01 -4.1885e-01 -9.0837e-01 +1.4089e+00
1036 0 +8.966509266e-05 +9.917008967e+01 +9.917008967e+01 -6.5645e-01 -3.5442e-01 -4.1915e-01 -9.0807e-01 +1.4081e+00
1051 0 +2.553188192e-05 +9.917002553e+01 +9.917002553e+01 -6.5616e-01 -3.5468e-01 -4.1981e-01 -9.0724e-01 +1.4083e+00
1053 0 +1.754756906e-05 +9.917001755e+01 +9.917001755e+01 -6.5640e-01 -3.5504e-01 -4.1948e-01 -9.0786e-01 +1.4077e+00
1102 0 +1.542557459e-05 +9.917001543e+01 +9.917001543e+01 -6.5621e-01 -3.5503e-01 -4.1907e-01 -9.0731e-01 +1.4079e+00
1129 0 +1.463329707e-05 +9.917001463e+01 +9.917001463e+01 -6.5635e-01 -3.5462e-01 -4.1933e-01 -9.0729e-01 +1.4082e+00
1197 0 +8.125228462e-06 +9.917000813e+01 +9.917000813e+01 -6.5660e-01 -3.5480e-01 -4.1972e-01 -9.0785e-01 +1.4083e+00
1209 0 +6.532481621e-06 +9.917000653e+01 +9.917000653e+01 -6.5650e-01 -3.5458e-01 -4.1997e-01 -9.0744e-01 +1.4084e+00
1218 0 +3.972276048e-06 +9.917000397e+01 +9.917000397e+01 -6.5664e-01 -3.5464e-01 -4.1948e-01 -9.0768e-01 +1.4082e+00
1226 0 +6.441025135e-07 +9.917000064e+01 +9.917000064e+01 -6.5650e-01 -3.5474e-01 -4.1942e-01 -9.0773e-01 +1.4081e+00
% f evaluations | g evaluations | best noise-free fitness - Fopt (-5.179100000000e+02) + sum g_i+ | measured fitness | best measured fitness or single-digit g-values | x1 | x2...
1 0 +1.668669367e+01 -5.012233063e+02 -5.012233063e+02 +5.9671e-01 -3.8264e-02 +7.4769e-01 +1.6230e+00 -1.3415e-01
8 0 +1.394012739e+01 -5.039698726e+02 -5.039698726e+02 -1.1208e+00 +3.0886e-01 -1.8597e+00 -1.2282e+00 +2.9686e-01
55 0 +7.576158277e+00 -5.103338417e+02 -5.103338417e+02 +3.0342e-01 +8.3935e-01 -3.4537e-01 -6.2924e-01 +4.0211e-01
186 0 +6.108055158e+00 -5.118019448e+02 -5.118019448e+02 +3.0667e-01 -3.4031e-01 -7.9048e-01 +2.8076e+00 +7.3996e-02
206 0 +4.760370655e+00 -5.131496293e+02 -5.131496293e+02 +2.7981e-01 +2.3532e-01 -1.6367e-01 +1.2638e+00 +1.0476e-01
208 0 +3.026634812e+00 -5.148833652e+02 -5.148833652e+02 +4.7318e-01 -7.1274e-02 -4.1291e-01 +2.3519e+00 +1.6484e-02
241 0 +2.228575224e+00 -5.156814248e+02 -5.156814248e+02 +2.5947e-01 +1.7286e-04 -4.1067e-01 +1.7697e+00 -8.5428e-02
251 0 +4.465646780e-01 -5.174634353e+02 -5.174634353e+02 +4.1627e-01 -4.7607e-02 -3.7674e-01 +2.0590e+00 -1.7543e-02
355 0 +3.581495543e-01 -5.175518504e+02 -5.175518504e+02 +3.7969e-01 +1.4054e-02 -4.6087e-01 +1.9885e+00 -2.4912e-02
409 0 +2.901408793e-01 -5.176198591e+02 -5.176198591e+02 +3.8668e-01 -6.2424e-02 -4.9023e-01 +2.2383e+00 +4.6695e-02
431 0 +2.647567239e-01 -5.176452433e+02 -5.176452433e+02 +3.9153e-01 -3.7500e-02 -4.3446e-01 +2.1816e+00 +2.0274e-02
437 0 +2.489596676e-01 -5.176610403e+02 -5.176610403e+02 +4.1290e-01 -8.5722e-02 -4.6235e-01 +2.3403e+00 +9.3637e-02
443 0 +1.347239039e-01 -5.177752761e+02 -5.177752761e+02 +3.8907e-01 -1.7441e-02 -5.1321e-01 +2.1742e+00 +6.6600e-03
452 0 +5.957746210e-02 -5.178504225e+02 -5.178504225e+02 +4.2457e-01 -2.3508e-02 -4.8840e-01 +2.2390e+00 +5.8137e-02
500 0 +3.271392052e-02 -5.178772861e+02 -5.178772861e+02 +4.1389e-01 -3.3541e-02 -4.6813e-01 +2.1958e+00 +4.8696e-02
561 0 +2.654952055e-02 -5.178834505e+02 -5.178834505e+02 +4.0376e-01 -3.0311e-02 -4.7492e-01 +2.1804e+00 +3.5088e-02
565 0 +1.697389227e-02 -5.178930261e+02 -5.178930261e+02 +4.2983e-01 -5.7846e-03 -4.7561e-01 +2.1596e+00 +3.3030e-02
577 0 +1.649418804e-02 -5.178935058e+02 -5.178935058e+02 +4.1615e-01 -1.6625e-02 -4.8070e-01 +2.1742e+00 +4.0084e-02
625 0 +8.689472552e-03 -5.179013105e+02 -5.179013105e+02 +4.2032e-01 -2.2725e-02 -4.8099e-01 +2.1877e+00 +4.2299e-02
632 0 +7.812568403e-03 -5.179021874e+02 -5.179021874e+02 +4.1201e-01 -1.9721e-02 -4.7840e-01 +2.1747e+00 +2.7646e-02
677 0 +7.421285560e-03 -5.179025787e+02 -5.179025787e+02 +4.1959e-01 -1.9098e-02 -4.7924e-01 +2.1793e+00 +3.7009e-02
684 0 +6.803078312e-03 -5.179031969e+02 -5.179031969e+02 +4.2326e-01 -1.3009e-02 -4.8376e-01 +2.1752e+00 +3.6348e-02
701 0 +6.079793064e-03 -5.179039202e+02 -5.179039202e+02 +4.1368e-01 -1.9454e-02 -4.8112e-01 +2.1742e+00 +3.0217e-02
729 0 +5.989906657e-03 -5.179040101e+02 -5.179040101e+02 +4.1152e-01 -1.9611e-02 -4.7755e-01 +2.1707e+00 +3.1026e-02
732 0 +5.237023340e-03 -5.179047630e+02 -5.179047630e+02 +4.2006e-01 -1.2267e-02 -4.8526e-01 +2.1711e+00 +3.4437e-02
735 0 +5.131120906e-03 -5.179048689e+02 -5.179048689e+02 +4.1601e-01 -1.7806e-02 -4.8207e-01 +2.1729e+00 +3.2475e-02
753 0 +4.744961687e-03 -5.179052550e+02 -5.179052550e+02 +4.1412e-01 -2.0354e-02 -4.7731e-01 +2.1754e+00 +3.6177e-02
760 0 +4.677717374e-03 -5.179053223e+02 -5.179053223e+02 +4.1279e-01 -2.2835e-02 -4.7048e-01 +2.1683e+00 +2.9632e-02
777 0 +3.483284022e-03 -5.179065167e+02 -5.179065167e+02 +4.1228e-01 -2.0719e-02 -4.7485e-01 +2.1675e+00 +2.8368e-02
802 0 +2.986040783e-03 -5.179070140e+02 -5.179070140e+02 +4.1307e-01 -2.1035e-02 -4.7322e-01 +2.1657e+00 +3.0132e-02
811 0 +2.486524416e-03 -5.179075135e+02 -5.179075135e+02 +4.1534e-01 -1.9405e-02 -4.7517e-01 +2.1658e+00 +3.1251e-02
818 0 +1.999140199e-03 -5.179080009e+02 -5.179080009e+02 +4.1265e-01 -2.0672e-02 -4.7703e-01 +2.1726e+00 +3.3257e-02
826 0 +1.408937482e-03 -5.179085911e+02 -5.179085911e+02 +4.1289e-01 -2.0241e-02 -4.7366e-01 +2.1664e+00 +3.2002e-02
836 0 +1.066691760e-03 -5.179089333e+02 -5.179089333e+02 +4.1482e-01 -1.8474e-02 -4.7528e-01 +2.1642e+00 +3.0343e-02
837 0 +6.779632893e-04 -5.179093220e+02 -5.179093220e+02 +4.1389e-01 -1.8327e-02 -4.7575e-01 +2.1648e+00 +3.0431e-02
910 0 +5.448466093e-04 -5.179094552e+02 -5.179094552e+02 +4.1584e-01 -1.3889e-02 -4.8009e-01 +2.1584e+00 +2.7366e-02
926 0 +1.180310287e-04 -5.179098820e+02 -5.179098820e+02 +4.1680e-01 -1.3160e-02 -4.7884e-01 +2.1557e+00 +2.6936e-02
1126 0 +6.584134894e-06 -5.179099934e+02 -5.179099934e+02 +4.1828e-01 -1.1123e-02 -4.7883e-01 +2.1510e+00 +2.5904e-02
% f evaluations | g evaluations | best noise-free fitness - Fopt (-5.721000000000e+01) + sum g_i+ | measured fitness | best measured fitness or single-digit g-values | x1 | x2...
1 0 +8.736249735e+01 +3.015249735e+01 +3.015249735e+01 +5.9671e-01 -3.8264e-02 +7.4769e-01 +1.6230e+00 -1.3415e-01
3 0 +3.006729433e+01 -2.714270567e+01 -2.714270567e+01 -3.6342e-01 -3.6573e-01 +3.4196e-01 -1.8133e+00 -1.6249e+00
11 0 +1.892218357e+01 -3.828781643e+01 -3.828781643e+01 +4.2408e-01 -2.8508e-01 -5.7692e-01 +7.1168e-01 +1.1310e+00
69 0 +1.740853968e+01 -3.980146032e+01 -3.980146032e+01 +1.7538e+00 +1.5823e-01 +2.4813e-02 -1.4063e+00 -8.4711e-01
97 0 +1.622452433e+01 -4.098547567e+01 -4.098547567e+01 +5.3125e-01 -1.8309e+00 +4.5296e-01 -2.3216e+00 -1.0723e+00
102 0 +8.132743312e+00 -4.907725669e+01 -4.907725669e+01 +8.7343e-01 -1.7360e+00 +4.1723e-01 -2.1254e+00 -3.7354e-01
210 0 +7.367220634e+00 -4.984277937e+01 -4.984277937e+01 -2.0758e-01 -5.3170e-01 +3.7148e-01 -1.2856e+00 -1.0343e+00
213 0 +5.428697858e+00 -5.178130214e+01 -5.178130214e+01 +2.3732e-01 -1.0482e+00 +3.1888e-01 -1.5123e+00 -9.0012e-01
255 0 +4.283397852e+00 -5.292660215e+01 -5.292660215e+01 +1.2399e-01 -1.0600e+00 +3.3819e-01 -1.4068e+00 -7.6762e-01
294 0 +3.160027396e+00 -5.404997260e+01 -5.404997260e+01 +4.0549e-01 -1.2084e+00 +4.3095e-03 -1.5016e+00 -7.4343e-01
358 0 +3.155071677e+00 -5.405492832e+01 -5.405492832e+01 -2.4254e-02 -8.6614e-01 -1.5663e-02 -1.0189e+00 -1.0058e+00
363 0 +2.720355851e+00 -5.448964415e+01 -5.448964415e+01 +5.7424e-01 -1.3222e+00 +4.9086e-02 -1.5997e+00 -6.9337e-01
377 0 +1.689900168e+00 -5.552009983e+01 -5.552009983e+01 +7.3950e-02 -8.1702e-01 -7.8620e-02 -1.0901e+00 -1.0334e+00
410 0 +1.333762406e+00 -5.587623759e+01 -5.587623759e+01 -1.2247e-01 -5.7377e-01 -2.1659e-01 -1.1597e+00 -1.3451e+00
456 0 +1.323228913e+00 -5.588677109e+01 -5.588677109e+01 +5.5519e-02 -8.3373e-01 -6.7321e-02 -1.2297e+00 -1.0988e+00
482 0 +1.158557487e+00 -5.605144251e+01 -5.605144251e+01 -2.5843e-01 -4.9125e-01 -3.4697e-01 -1.0292e+00 -1.3979e+00
533 0 +7.645565445e-01 -5.644544346e+01 -5.644544346e+01 -2.5452e-01 -4.7493e-01 -3.3257e-01 -1.0789e+00 -1.4733e+00
565 0 +5.197491452e-01 -5.669025085e+01 -5.669025085e+01 -7.9336e-02 -6.3654e-01 -2.1031e-01 -1.1852e+00 -1.2542e+00
567 0 +4.739109857e-01 -5.673608901e+01 -5.673608901e+01 -6.9865e-02 -6.2689e-01 -2.8827e-01 -1.1793e+00 -1.2852e+00
568 0 +3.772992388e-01 -5.683270076e+01 -5.683270076e+01 -9.3778e-02 -6.3763e-01 -2.3582e-01 -1.1738e+00 -1.3236e+00
647 0 +3.438452325e-01 -5.686615477e+01 -5.686615477e+01 -1.2867e-01 -5.7149e-01 -3.7598e-01 -1.0965e+00 -1.3764e+00
658 0 +2.556508387e-01 -5.695434916e+01 -5.695434916e+01 -1.3722e-01 -5.6809e-01 -3.0160e-01 -1.1121e+00 -1.3334e+00
661 0 +1.665740918e-01 -5.704342591e+01 -5.704342591e+01 -1.4470e-01 -5.8608e-01 -2.7981e-01 -1.1826e+00 -1.3793e+00
679 0 +1.492885689e-01 -5.706071143e+01 -5.706071143e+01 -7.8566e-02 -6.2292e-01 -3.7072e-01 -1.1463e+00 -1.3831e+00
690 0 +1.323251656e-01 -5.707767483e+01 -5.707767483e+01 -1.1078e-01 -6.0294e-01 -3.1525e-01 -1.1661e+00 -1.3762e+00
720 0 +1.316017181e-01 -5.707839828e+01 -5.707839828e+01 -1.0324e-01 -5.9162e-01 -3.9680e-01 -1.1167e+00 -1.4086e+00
726 0 +1.079519132e-01 -5.710204809e+01 -5.710204809e+01 -9.9450e-02 -5.8530e-01 -3.8551e-01 -1.1374e+00 -1.4181e+00
745 0 +3.037406642e-02 -5.717962593e+01 -5.717962593e+01 -8.9253e-02 -5.8565e-01 -4.6836e-01 -1.1218e+00 -1.4616e+00
826 0 +9.931346318e-03 -5.720006865e+01 -5.720006865e+01 -9.5652e-02 -5.7762e-01 -5.1366e-01 -1.1365e+00 -1.5104e+00
908 0 +6.444689411e-03 -5.720355531e+01 -5.720355531e+01 -1.1209e-01 -5.7326e-01 -4.8228e-01 -1.1331e+00 -1.4871e+00
938 0 +4.097136904e-03 -5.720590286e+01 -5.720590286e+01 -9.9886e-02 -5.7780e-01 -4.9367e-01 -1.1373e+00 -1.4976e+00
976 0 +1.137783338e-03 -5.720886222e+01 -5.720886222e+01 -1.0588e-01 -5.7307e-01 -4.9162e-01 -1.1311e+00 -1.4954e+00
1038 0 +9.844290514e-04 -5.720901557e+01 -5.720901557e+01 -1.0646e-01 -5.7071e-01 -4.9739e-01 -1.1294e+00 -1.4981e+00
1070 0 +7.265643282e-04 -5.720927344e+01 -5.720927344e+01 -1.1178e-01 -5.6584e-01 -4.9274e-01 -1.1319e+00 -1.4986e+00
1095 0 +7.113775102e-04 -5.720928862e+01 -5.720928862e+01 -1.1038e-01 -5.6774e-01 -5.0233e-01 -1.1321e+00 -1.5048e+00
1112 0 +5.667058526e-04 -5.720943329e+01 -5.720943329e+01 -1.0857e-01 -5.7098e-01 -4.8992e-01 -1.1321e+00 -1.4928e+00
1127 0 +5.072033244e-04 -5.720949280e+01 -5.720949280e+01 -1.0925e-01 -5.6917e-01 -4.9070e-01 -1.1297e+00 -1.4947e+00
1130 0 +3.860004626e-04 -5.720961400e+01 -5.720961400e+01 -1.1193e-01 -5.6804e-01 -4.9301e-01 -1.1317e+00 -1.4976e+00
1153 0 +1.256713152e-04 -5.720987433e+01 -5.720987433e+01 -1.0864e-01 -5.6981e-01 -4.9086e-01 -1.1331e+00 -1.4943e+00
1154 0 +2.209329975e-05 -5.720997791e+01 -5.720997791e+01 -1.0988e-01 -5.7052e-01 -4.9321e-01 -1.1324e+00 -1.4976e+00
1227 0 +6.900338029e-06 -5.720999310e+01 -5.720999310e+01 -1.0958e-01 -5.6986e-01 -4.9300e-01 -1.1326e+00 -1.4974e+00
1230 0 +4.864021612e-06 -5.720999514e+01 -5.720999514e+01 -1.0970e-01 -5.6990e-01 -4.9216e-01 -1.1329e+00 -1.4967e+00
% f evaluations | g evaluations | best noise-free fitness - Fopt (6.626000000000e+01) + sum g_i+ | measured fitness | best measured fitness or single-digit g-values | x1 | x2...
1 0 +8.820622849e+01 +1.544662285e+02 +1.544662285e+02 +5.9671e-01 -3.8264e-02 +7.4769e-01 +1.6230e+00 -1.3415e-01
5 0 +4.417165334e+01 +1.104316533e+02 +1.104316533e+02 +1.5656e+00 -1.2578e-01 +1.6753e-01 -1.3247e+00 -4.4438e-01
9 0 +4.399379149e+01 +1.102537915e+02 +1.102537915e+02 +8.3847e-01 +2.7137e-01 -1.5648e-02 -2.0110e-01 -1.3785e+00
16 0 +1.958782640e+01 +8.584782640e+01 +8.584782640e+01 +9.2190e-01 +1.8705e-01 -1.9901e-01 +1.9176e-01 -1.8876e+00
25 0 +9.739598777e+00 +7.599959878e+01 +7.599959878e+01 +8.9103e-01 -8.0939e-01 +1.5028e+00 -1.3019e+00 +6.8686e-01
70 0 +6.070836983e+00 +7.233083698e+01 +7.233083698e+01 +1.4655e+00 +6.2526e-01 +4.8837e-02 -1.6173e+00 -1.0016e+00
130 0 +5.181977126e+00 +7.144197713e+01 +7.144197713e+01 +7.8697e-01 -1.0344e+00 +7.2689e-01 -1.3909e+00 +8.4569e-01
151 0 +6.960537139e-01 +6.695605371e+01 +6.695605371e+01 +8.6012e-01 -7.2435e-01 +8.7313e-01 -1.2768e+00 +4.3235e-01
351 0 +4.705730404e-01 +6.673057304e+01 +6.673057304e+01 +9.8081e-01 -8.0543e-01 +6.8816e-01 -1.3764e+00 +4.7850e-01
376 0 +2.839843401e-01 +6.654398434e+01 +6.654398434e+01 +1.0248e+00 -8.0206e-01 +6.8775e-01 -1.2562e+00 +4.2349e-01
378 0 +2.514458514e-01 +6.651144585e+01 +6.651144585e+01 +1.0369e+00 -8.5385e-01 +7.7505e-01 -1.3513e+00 +4.3398e-01
411 0 +9.862447169e-02 +6.635862447e+01 +6.635862447e+01 +9.8203e-01 -8.0150e-01 +6.4994e-01 -1.2787e+00 +4.2853e-01
414 0 +4.498824162e-02 +6.630498824e+01 +6.630498824e+01 +1.0775e+00 -8.2260e-01 +7.0633e-01 -1.2976e+00 +3.5163e-01
467 0 +4.142391773e-02 +6.630142392e+01 +6.630142392e+01 +1.0049e+00 -7.5990e-01 +6.8659e-01 -1.2576e+00 +3.7268e-01
478 0 +2.211687593e-02 +6.628211688e+01 +6.628211688e+01 +1.0199e+00 -7.4693e-01 +6.6203e-01 -1.2029e+00 +3.3531e-01
523 0 +2.067029319e-02 +6.628067029e+01 +6.628067029e+01 +9.9760e-01 -7.5384e-01 +6.5874e-01 -1.2401e+00 +3.6831e-01
529 0 +1.629074606e-02 +6.627629075e+01 +6.627629075e+01 +1.0358e+00 -7.5057e-01 +6.4500e-01 -1.2014e+00 +3.2356e-01
536 0 +1.231245730e-02 +6.627231246e+01 +6.627231246e+01 +1.0173e+00 -7.3756e-01 +6.3808e-01 -1.1968e+00 +3.1550e-01
577 0 +6.772694042e-03 +6.626677269e+01 +6.626677269e+01 +1.0243e+00 -7.3887e-01 +6.5454e-01 -1.1967e+00 +3.2358e-01
601 0 +2.141748506e-03 +6.626214175e+01 +6.626214175e+01 +1.0346e+00 -7.4385e-01 +6.5776e-01 -1.2025e+00 +3.1883e-01
628 0 +2.027738415e-03 +6.626202774e+01 +6.626202774e+01 +1.0322e+00 -7.5416e-01 +6.5607e-01 -1.2184e+00 +3.3153e-01
726 0 +1.246817058e-03 +6.626124682e+01 +6.626124682e+01 +1.0357e+00 -7.5270e-01 +6.5761e-01 -1.2141e+00 +3.2685e-01
765 0 +9.654992111e-04 +6.626096550e+01 +6.626096550e+01 +1.0427e+00 -7.5281e-01 +6.5591e-01 -1.2112e+00 +3.1957e-01
778 0 +4.950375946e-04 +6.626049504e+01 +6.626049504e+01 +1.0419e+00 -7.5503e-01 +6.5470e-01 -1.2164e+00 +3.2272e-01
828 0 +4.761017939e-04 +6.626047610e+01 +6.626047610e+01 +1.0373e+00 -7.6076e-01 +6.6528e-01 -1.2237e+00 +3.3225e-01
842 0 +3.594668756e-04 +6.626035947e+01 +6.626035947e+01 +1.0365e+00 -7.5753e-01 +6.6178e-01 -1.2216e+00 +3.2850e-01
855 0 +2.971496208e-04 +6.626029715e+01 +6.626029715e+01 +1.0384e+00 -7.6117e-01 +6.6756e-01 -1.2244e+00 +3.3136e-01
896 0 +2.589358125e-04 +6.626025894e+01 +6.626025894e+01 +1.0350e+00 -7.6040e-01 +6.6435e-01 -1.2241e+00 +3.3213e-01
898 0 +1.816754093e-04 +6.626018168e+01 +6.626018168e+01 +1.0314e+00 -7.5941e-01 +6.6534e-01 -1.2235e+00 +3.3457e-01
904 0 +1.270532046e-04 +6.626012705e+01 +6.626012705e+01 +1.0381e+00 -7.6069e-01 +6.6578e-01 -1.2243e+00 +3.3061e-01
937 0 +9.257101705e-05 +6.626009257e+01 +6.626009257e+01 +1.0378e+00 -7.5816e-01 +6.6326e-01 -1.2216e+00 +3.2891e-01
940 0 +9.048161081e-05 +6.626009048e+01 +6.626009048e+01 +1.0390e+00 -7.5609e-01 +6.6237e-01 -1.2190e+00 +3.2487e-01
951 0 +8.645242585e-05 +6.626008645e+01 +6.626008645e+01 +1.0394e+00 -7.5981e-01 +6.6443e-01 -1.2226e+00 +3.2790e-01
953 0 +8.073925824e-05 +6.626008074e+01 +6.626008074e+01 +1.0395e+00 -7.5934e-01 +6.6355e-01 -1.2220e+00 +3.2763e-01
976 0 +4.229338788e-05 +6.626004229e+01 +6.626004229e+01 +1.0398e+00 -7.5919e-01 +6.6380e-01 -1.2221e+00 +3.2762e-01
985 0 +2.882975845e-05 +6.626002883e+01 +6.626002883e+01 +1.0394e+00 -7.5693e-01 +6.6268e-01 -1.2194e+00 +3.2559e-01
1013 0 +1.312365802e-05 +6.626001312e+01 +6.626001312e+01 +1.0392e+00 -7.5818e-01 +6.6330e-01 -1.2212e+00 +3.2691e-01
1019 0 +6.050072827e-06 +6.626000605e+01 +6.626000605e+01 +1.0393e+00 -7.5840e-01 +6.6364e-01 -1.2215e+00 +3.2722e-01
1053 0 +5.777241867e-06 +6.626000578e+01 +6.626000578e+01 +1.0389e+00 -7.5848e-01 +6.6357e-01 -1.2217e+00 +3.2760e-01
1086 0 +5.745208753e-06 +6.626000575e+01 +6.626000575e+01 +1.0392e+00 -7.5761e-01 +6.6298e-01 -1.2206e+00 +3.2658e-01
1103 0 +3.749909311e-06 +6.626000375e+01 +6.626000375e+01 +1.0394e+00 -7.5787e-01 +6.6300e-01 -1.2208e+00 +3.2643e-01
1126 0 +1.254675738e-06 +6.626000125e+01 +6.626000125e+01 +1.0394e+00 -7.5770e-01 +6.6311e-01 -1.2206e+00 +3.2648e-01
1139 0 +5.979023570e-07 +6.626000060e+01 +6.626000060e+01 +1.0390e+00 -7.5800e-01 +6.6338e-01 -1.2210e+00 +3.2712e-01
1144 0 +3.960693675e-07 +6.626000040e+01 +6.626000040e+01 +1.0393e+00 -7.5796e-01 +6.6350e-01 -1.2210e+00 +3.2687e-01
1230 0 +2.256432623e-07 +6.626000023e+01 +6.626000023e+01 +1.0393e+00 -7.5792e-01 +6.6330e-01 -1.2209e+00 +3.2679e-01
% f evaluations | g evaluations | best noise-free fitness - Fopt (-1.386200000000e+02) + sum g_i+ | measured fitness | best measured fitness or single-digit g-values | x1 | x2...
1 0 +7.089111692e+01 -6.772888308e+01 -6.772888308e+01 +5.9671e-01 -3.8264e-02 +7.4769e-01 +1.6230e+00 -1.3415e-01
3 0 +1.325662276e+01 -1.253633772e+02 -1.253633772e+02 -3.6342e-01 -3.6573e-01 +3.4196e-01 -1.8133e+00 -1.6249e+00
65 0 +1.171146645e+01 -1.269085336e+02 -1.269085336e+02 -7.9692e-01 +9.8168e-01 -1.2897e+00 -1.5505e+00 -2.9316e+00
66 0 +1.124513353e+01 -1.273748665e+02 -1.273748665e+02 -6.3794e-02 +6.5804e-01 -9.0656e-01 -1.6357e+00 -2.5187e+00
176 0 +5.839022545e+00 -1.327809775e+02 -1.327809775e+02 -1.3743e-01 -4.7827e-01 -7.5768e-02 -1.6780e+00 -1.5603e+00
266 0 +5.700111010e+00 -1.329198890e+02 -1.329198890e+02 -6.4431e-01 +1.5189e-01 -1.2056e+00 -1.2640e+00 -3.1800e+00
276 0 +2.916787531e+00 -1.357032125e+02 -1.357032125e+02 -2.1233e-01 -1.0889e-01 -3.0915e-01 -1.7808e+00 -1.6365e+00
327 0 +1.236930856e+00 -1.373830691e+02 -1.373830691e+02 -5.7412e-01 +6.1458e-01 -3.1251e-01 -1.8076e+00 -1.8022e+00
378 0 +1.185192348e+00 -1.374348077e+02 -1.374348077e+02 -6.6400e-01 +2.0673e-01 -1.2418e-01 -1.9153e+00 -1.5683e+00
406 0 +3.305492813e-01 -1.382894507e+02 -1.382894507e+02 -3.9865e-01 +2.5286e-01 -5.1053e-01 -1.8790e+00 -1.5766e+00
407 0 +3.152035986e-01 -1.383047964e+02 -1.383047964e+02 -5.2788e-01 +3.9251e-01 -3.9599e-01 -1.8931e+00 -1.6747e+00
454 0 +2.433008147e-01 -1.383766992e+02 -1.383766992e+02 -3.2561e-01 +3.8157e-01 -5.7153e-01 -1.8020e+00 -1.7358e+00
476 0 +1.378133376e-01 -1.384821867e+02 -1.384821867e+02 -4.6570e-01 +3.4630e-01 -3.3411e-01 -1.8980e+00 -1.6677e+00
478 0 +1.297744039e-01 -1.384902256e+02 -1.384902256e+02 -3.8364e-01 +2.7096e-01 -3.8397e-01 -1.8882e+00 -1.6673e+00
492 0 +1.202000461e-01 -1.384998000e+02 -1.384998000e+02 -4.8118e-01 +3.1117e-01 -3.7671e-01 -1.8800e+00 -1.6305e+00
543 0 +8.838488155e-02 -1.385316151e+02 -1.385316151e+02 -4.2971e-01 +3.3097e-01 -4.6559e-01 -1.8518e+00 -1.6841e+00
555 0 +8.561240873e-02 -1.385343876e+02 -1.385343876e+02 -4.2763e-01 +3.5757e-01 -4.6067e-01 -1.8463e+00 -1.7034e+00
567 0 +6.660713281e-02 -1.385533929e+02 -1.385533929e+02 -4.2110e-01 +3.2511e-01 -4.6920e-01 -1.8514e+00 -1.6810e+00
568 0 +3.882259305e-02 -1.385811774e+02 -1.385811774e+02 -4.7941e-01 +3.7331e-01 -3.8570e-01 -1.8500e+00 -1.6887e+00
594 0 +3.470046517e-02 -1.385852995e+02 -1.385852995e+02 -4.0831e-01 +2.9670e-01 -4.3160e-01 -1.8874e+00 -1.6533e+00
607 0 +3.292858250e-02 -1.385870714e+02 -1.385870714e+02 -3.8849e-01 +3.1902e-01 -4.7125e-01 -1.8511e+00 -1.6883e+00
617 0 +6.492844052e-03 -1.386135072e+02 -1.386135072e+02 -4.1617e-01 +2.9840e-01 -4.2955e-01 -1.8723e+00 -1.6597e+00
656 0 +4.525556027e-03 -1.386154744e+02 -1.386154744e+02 -4.0237e-01 +3.0342e-01 -4.4625e-01 -1.8694e+00 -1.6601e+00
703 0 +3.183516353e-03 -1.386168165e+02 -1.386168165e+02 -4.0439e-01 +3.0845e-01 -4.4004e-01 -1.8692e+00 -1.6610e+00
704 0 +2.437711157e-03 -1.386175623e+02 -1.386175623e+02 -4.1577e-01 +3.0909e-01 -4.3058e-01 -1.8758e+00 -1.6611e+00
745 0 +1.666833924e-03 -1.386183332e+02 -1.386183332e+02 -4.1564e-01 +3.0282e-01 -4.3598e-01 -1.8738e+00 -1.6545e+00
754 0 +1.532004690e-03 -1.386184680e+02 -1.386184680e+02 -4.0274e-01 +3.0699e-01 -4.4056e-01 -1.8701e+00 -1.6630e+00
777 0 +1.494740107e-03 -1.386185053e+02 -1.386185053e+02 -4.1603e-01 +3.1147e-01 -4.3323e-01 -1.8740e+00 -1.6589e+00
809 0 +6.151178536e-04 -1.386193849e+02 -1.386193849e+02 -4.1675e-01 +3.0658e-01 -4.2922e-01 -1.8756e+00 -1.6576e+00
822 0 +5.080430125e-04 -1.386194920e+02 -1.386194920e+02 -4.1902e-01 +3.0925e-01 -4.2212e-01 -1.8760e+00 -1.6567e+00
874 0 +3.447582105e-04 -1.386196552e+02 -1.386196552e+02 -4.1553e-01 +3.0597e-01 -4.2724e-01 -1.8735e+00 -1.6587e+00
881 0 +3.255106107e-04 -1.386196745e+02 -1.386196745e+02 -4.1873e-01 +3.0519e-01 -4.2398e-01 -1.8760e+00 -1.6573e+00
887 0 +1.553692405e-04 -1.386198446e+02 -1.386198446e+02 -4.1749e-01 +3.1114e-01 -4.2593e-01 -1.8737e+00 -1.6610e+00
909 0 +1.262537807e-04 -1.386198737e+02 -1.386198737e+02 -4.1878e-01 +3.0828e-01 -4.2414e-01 -1.8747e+00 -1.6592e+00
973 0 +3.341466550e-05 -1.386199666e+02 -1.386199666e+02 -4.1700e-01 +3.0889e-01 -4.2642e-01 -1.8743e+00 -1.6597e+00
1052 0 +2.446407282e-05 -1.386199755e+02 -1.386199755e+02 -4.1714e-01 +3.0908e-01 -4.2640e-01 -1.8746e+00 -1.6597e+00
1064 0 +1.803751437e-05 -1.386199820e+02 -1.386199820e+02 -4.1530e-01 +3.0883e-01 -4.2863e-01 -1.8739e+00 -1.6600e+00
1091 0 +1.690888533e-05 -1.386199831e+02 -1.386199831e+02 -4.1642e-01 +3.0748e-01 -4.2663e-01 -1.8748e+00 -1.6590e+00
1103 0 +1.608698565e-05 -1.386199839e+02 -1.386199839e+02 -4.1625e-01 +3.0789e-01 -4.2734e-01 -1.8746e+00 -1.6592e+00
1107 0 +1.536703888e-05 -1.386199846e+02 -1.386199846e+02 -4.1675e-01 +3.0807e-01 -4.2600e-01 -1.8747e+00 -1.6591e+00
1119 0 +1.449040988e-05 -1.386199855e+02 -1.386199855e+02 -4.1614e-01 +3.0827e-01 -4.2745e-01 -1.8745e+00 -1.6595e+00
1121 0 +1.058078053e-05 -1.386199894e+02 -1.386199894e+02 -4.1674e-01 +3.0796e-01 -4.2673e-01 -1.8748e+00 -1.6588e+00
1131 0 +6.166857332e-06 -1.386199938e+02 -1.386199938e+02 -4.1619e-01 +3.0788e-01 -4.2705e-01 -1.8748e+00 -1.6591e+00
1151 0 +5.247989179e-06 -1.386199948e+02 -1.386199948e+02 -4.1627e-01 +3.0814e-01 -4.2726e-01 -1.8746e+00 -1.6592e+00
1176 0 +4.541697535e-06 -1.386199955e+02 -1.386199955e+02 -4.1685e-01 +3.0844e-01 -4.2632e-01 -1.8747e+00 -1.6592e+00
1178 0 +1.163738546e-06 -1.386199988e+02 -1.386199988e+02 -4.1661e-01 +3.0805e-01 -4.2667e-01 -1.8747e+00 -1.6592e+00
1201 0 +7.447422377e-07 -1.386199993e+02 -1.386199993e+02 -4.1671e-01 +3.0813e-01 -4.2647e-01 -1.8748e+00 -1.6592e+00
1206 0 +6.956921084e-07 -1.386199993e+02 -1.386199993e+02 -4.1675e-01 +3.0833e-01 -4.2634e-01 -1.8748e+00 -1.6593e+00
1226 0 +6.213260235e-07 -1.386199994e+02 -1.386199994e+02 -4.1664e-01 +3.0810e-01 -4.2650e-01 -1.8748e+00 -1.6592e+00
1227 0 +2.287400491e-07 -1.386199998e+02 -1.386199998e+02 -4.1668e-01 +3.0815e-01 -4.2661e-01 -1.8747e+00 -1.6592e+00
% f evaluations | g evaluations | best noise-free fitness - Fopt (7.313900000000e+02) + sum g_i+ | measured fitness | best measured fitness or single-digit g-values | x1 | x2...
1 0 +2.046415366e+02 +9.360315366e+02 +9.360315366e+02 +5.9671e-01 -3.8264e-02 +7.4769e-01 +1.6230e+00 -1.3415e-01
2 0 +1.421874192e+02 +8.735774192e+02 +8.735774192e+02 -1.3414e-01 +1.6792e+00 +8.6743e-01 -3.6947e-01 +6.4256e-01
3 0 +1.010786191e+02 +8.324686191e+02 +8.324686191e+02 -3.6342e-01 -3.6573e-01 +3.4196e-01 -1.8133e+00 -1.6249e+00
5 0 +2.831534046e+01 +7.597053405e+02 +7.597053405e+02 +1.5656e+00 -1.2578e-01 +1.6753e-01 -1.3247e+00 -4.4438e-01
39 0 +5.436867799e+00 +7.368268678e+02 +7.368268678e+02 -1.4667e+00 -4.3675e-01 +1.5454e+00 +9.3130e-02 +1.8934e+00
361 0 +1.494905484e+00 +7.328849055e+02 +7.328849055e+02 -4.4360e+00 -6.9953e-01 +1.4559e+00 +1.2236e+00 +3.1462e+00
554 0 +1.384194679e+00 +7.327741947e+02 +7.327741947e+02 -4.5089e+00 -3.6398e-01 +1.3914e+00 +1.1532e+00 +2.9680e+00
601 0 +1.069320242e+00 +7.324593202e+02 +7.324593202e+02 -4.4865e+00 -5.2780e-01 +1.5551e+00 +1.1901e+00 +3.2312e+00
603 0 +8.818862628e-01 +7.322718863e+02 +7.322718863e+02 -4.5034e+00 -2.8723e-01 +1.6349e+00 +1.0468e+00 +2.8363e+00
612 0 +6.379749837e-01 +7.320279750e+02 +7.320279750e+02 -4.4727e+00 -3.2160e-01 +1.5335e+00 +1.0367e+00 +2.9370e+00
635 0 +5.812484944e-01 +7.319712485e+02 +7.319712485e+02 -4.4863e+00 -4.2748e-01 +1.4382e+00 +1.1741e+00 +3.0578e+00
705 0 +4.294457301e-01 +7.318194457e+02 +7.318194457e+02 -4.4842e+00 -3.7682e-01 +1.3958e+00 +1.1387e+00 +3.0651e+00
711 0 +4.266551034e-01 +7.318166551e+02 +7.318166551e+02 -4.4704e+00 -3.9167e-01 +1.4815e+00 +1.1217e+00 +3.0450e+00
717 0 +3.713433132e-01 +7.317613433e+02 +7.317613433e+02 -4.4635e+00 -3.9664e-01 +1.4290e+00 +1.1354e+00 +3.0619e+00
756 0 +3.436249651e-01 +7.317336250e+02 +7.317336250e+02 -4.4664e+00 -3.4850e-01 +1.3454e+00 +1.1232e+00 +3.0260e+00
771 0 +2.163636732e-01 +7.316063637e+02 +7.316063637e+02 -4.4328e+00 -3.2925e-01 +1.1974e+00 +1.1084e+00 +3.0681e+00
808 0 +6.038757031e-02 +7.314503876e+02 +7.314503876e+02 -4.4340e+00 -4.0463e-01 +1.1378e+00 +1.1657e+00 +3.1011e+00
926 0 +2.097347875e-02 +7.314109735e+02 +7.314109735e+02 -4.4287e+00 -3.8340e-01 +1.1192e+00 +1.1551e+00 +3.1074e+00
949 0 +1.127844439e-02 +7.314012784e+02 +7.314012784e+02 -4.4131e+00 -3.6459e-01 +1.1160e+00 +1.1421e+00 +3.0751e+00
1005 0 +8.060685577e-03 +7.313980607e+02 +7.313980607e+02 -4.4181e+00 -3.8222e-01 +1.1372e+00 +1.1455e+00 +3.1044e+00
1029 0 +6.504300511e-03 +7.313965043e+02 +7.313965043e+02 -4.4183e+00 -3.7810e-01 +1.1387e+00 +1.1460e+00 +3.0901e+00
1077 0 +4.824375448e-03 +7.313948244e+02 +7.313948244e+02 -4.4165e+00 -3.6789e-01 +1.1410e+00 +1.1421e+00 +3.0813e+00
1101 0 +1.538797636e-03 +7.313915388e+02 +7.313915388e+02 -4.4269e+00 -3.7329e-01 +1.1432e+00 +1.1477e+00 +3.0863e+00
1167 0 +8.067221407e-04 +7.313908067e+02 +7.313908067e+02 -4.4221e+00 -3.6765e-01 +1.1256e+00 +1.1468e+00 +3.0830e+00
1183 0 +3.932022647e-04 +7.313903932e+02 +7.313903932e+02 -4.4226e+00 -3.7113e-01 +1.1332e+00 +1.1479e+00 +3.0851e+00
1211 0 +1.825334397e-04 +7.313901825e+02 +7.313901825e+02 -4.4270e+00 -3.6843e-01 +1.1331e+00 +1.1484e+00 +3.0849e+00
% f evaluations | g evaluations | best noise-free fitness - Fopt (7.526000000000e+01) + sum g_i+ | measured fitness | best measured fitness or single-digit g-values | x1 | x2...
1 0 +3.167498302e+01 +1.069349830e+02 +1.069349830e+02 +5.9671e-01 -3.8264e-02 +7.4769e-01 +1.6230e+00 -1.3415e-01
14 0 +1.971392701e+01 +9.497392701e+01 +9.497392701e+01 +1.4562e+00 +2.7990e-02 +1.1035e+00 +4.6164e-01 -5.4512e-01
33 0 +1.352670076e+01 +8.878670076e+01 +8.878670076e+01 +1.7158e+00 +3.2554e-01 +5.5433e-01 +1.5925e+00 +4.0640e-01
48 0 +1.223897077e+01 +8.749897077e+01 +8.749897077e+01 -2.1886e-01 +6.0979e-01 +1.3382e+00 +2.9251e-01 +1.6138e+00
73 0 +1.198302043e+01 +8.724302043e+01 +8.724302043e+01 +4.9900e-01 -8.2521e-01 +1.6042e+00 -6.5444e-01 +2.5303e+00
97 0 +1.154869835e+01 +8.680869835e+01 +8.680869835e+01 +3.4287e-01 -1.8620e-01 +1.3651e+00 +3.8745e-01 +1.2389e+00
421 0 +1.103508778e+01 +8.629508778e+01 +8.629508778e+01 +7.4583e-02 +1.1802e-01 +2.8816e-01 -3.7635e+00 -6.7846e-01
436 0 +7.784551902e+00 +8.304455190e+01 +8.304455190e+01 +4.0909e-01 +6.2128e-01 -2.7373e-01 -4.1211e+00 -1.7473e+00
485 0 +6.157641802e+00 +8.141764180e+01 +8.141764180e+01 +1.0705e+00 +7.6435e-01 +2.0554e-01 -3.5877e+00 +3.5497e-01
516 0 +5.155227083e+00 +8.041522708e+01 +8.041522708e+01 +1.5669e+00 +8.6909e-01 -7.3622e-02 -3.6774e+00 +8.1468e-02
581 0 +3.762600063e+00 +7.902260006e+01 +7.902260006e+01 +1.0150e+00 +8.1185e-01 +1.2216e-02 -3.7867e+00 +8.6873e-02
633 0 +3.626625597e+00 +7.888662560e+01 +7.888662560e+01 +1.0359e+00 +4.9486e-01 -3.6197e-01 -4.1598e+00 -2.0273e-01
635 0 +1.569725245e+00 +7.682972525e+01 +7.682972525e+01 +1.3322e+00 +4.0249e-01 -3.5922e-01 -4.1664e+00 -4.2830e-02
716 0 +1.561996991e+00 +7.682199699e+01 +7.682199699e+01 +1.4205e+00 +5.7703e-01 -5.5633e-01 -4.2664e+00 +7.4925e-02
726 0 +5.130212002e-01 +7.577302120e+01 +7.577302120e+01 +1.3714e+00 +4.8295e-01 -3.1763e-01 -4.1186e+00 +9.6821e-03
809 0 +4.330998541e-01 +7.569309985e+01 +7.569309985e+01 +1.7422e+00 +8.7153e-01 -4.8142e-01 -4.0558e+00 +1.0850e-01
838 0 +4.190304414e-01 +7.567903044e+01 +7.567903044e+01 +1.8151e+00 +8.6977e-01 -4.6765e-01 -4.0201e+00 +1.4911e-01
839 0 +2.854174054e-01 +7.554541741e+01 +7.554541741e+01 +1.7763e+00 +7.8932e-01 -4.9404e-01 -4.0434e+00 +1.4521e-01
869 0 +1.983749284e-01 +7.545837493e+01 +7.545837493e+01 +1.8509e+00 +9.7096e-01 -5.7669e-01 -4.0763e+00 +1.7855e-01
929 0 +1.919846119e-01 +7.545198461e+01 +7.545198461e+01 +1.7793e+00 +8.3143e-01 -5.0287e-01 -4.0653e+00 +1.4539e-01
931 0 +1.128581941e-01 +7.537285819e+01 +7.537285819e+01 +1.7718e+00 +8.8982e-01 -4.7571e-01 -4.0097e+00 +1.6840e-01
1001 0 +8.865498596e-02 +7.534865499e+01 +7.534865499e+01 +1.8295e+00 +9.4116e-01 -5.2602e-01 -4.0582e+00 +1.6187e-01
1014 0 +8.570492242e-02 +7.534570492e+01 +7.534570492e+01 +1.7993e+00 +9.2632e-01 -5.2734e-01 -4.0445e+00 +1.6418e-01
1018 0 +3.023263880e-02 +7.529023264e+01 +7.529023264e+01 +1.7498e+00 +8.8029e-01 -4.7011e-01 -4.0154e+00 +1.4244e-01
1051 0 +1.449820785e-02 +7.527449821e+01 +7.527449821e+01 +1.7608e+00 +9.1430e-01 -4.5254e-01 -3.9966e+00 +1.3326e-01
1052 0 +8.725436952e-03 +7.526872544e+01 +7.526872544e+01 +1.7529e+00 +9.1113e-01 -4.4581e-01 -3.9881e+00 +1.3878e-01
1128 0 +1.515438108e-03 +7.526151544e+01 +7.526151544e+01 +1.7399e+00 +8.9115e-01 -4.6838e-01 -4.0101e+00 +1.3992e-01
1212 0 +1.212099555e-03 +7.526121210e+01 +7.526121210e+01 +1.7449e+00 +8.9660e-01 -4.5407e-01 -3.9985e+00 +1.3763e-01
1234 0 +1.056602731e-03 +7.526105660e+01 +7.526105660e+01 +1.7394e+00 +8.9480e-01 -4.4515e-01 -3.9903e+00 +1.3623e-01
% f evaluations | g evaluations | best noise-free fitness - Fopt (-4.913000000000e+01) + sum g_i+ | measured fitness | best measured fitness or single-digit g-values | x1 | x2...
1 0 +9.278563647e+01 +4.365563647e+01 +4.365563647e+01 +5.9671e-01 -3.8264e-02 +7.4769e-01 +1.6230e+00 -1.3415e-01
8 0 +8.321498474e+01 +3.408498474e+01 +3.408498474e+01 -1.1208e+00 +3.0886e-01 -1.8597e+00 -1.2282e+00 +2.9686e-01
11 0 +3.866106911e+01 -1.046893089e+01 -1.046893089e+01 +4.2408e-01 -2.8508e-01 -5.7692e-01 +7.1168e-01 +1.1310e+00
16 0 +3.589504818e+01 -1.323495182e+01 -1.323495182e+01 +9.2190e-01 +1.8705e-01 -1.9901e-01 +1.9176e-01 -1.8876e+00
32 0 +3.017872048e+01 -1.895127952e+01 -1.895127952e+01 +5.1692e-01 +2.1768e-01 -1.6723e+00 +7.6313e-01 +1.9859e+00
37 0 +2.655335638e+01 -2.257664362e+01 -2.257664362e+01 +4.8265e-01 -1.0884e+00 -1.3218e+00 +3.3167e-01 +1.5311e+00
38 0 +1.032787611e+01 -3.880212389e+01 -3.880212389e+01 +1.1320e+00 -9.5500e-01 -1.2021e+00 +1.1998e+00 +1.2231e+00
222 0 +7.345859887e+00 -4.178414011e+01 -4.178414011e+01 +1.2185e+00 -1.0236e+00 -1.6552e+00 +2.5713e+00 +1.6380e-01
428 0 +6.891872056e+00 -4.223812794e+01 -4.223812794e+01 +1.3706e+00 -1.2908e+00 -1.7354e+00 +2.8775e+00 +2.4769e-01
477 0 +4.260477888e+00 -4.486952211e+01 -4.486952211e+01 +1.4458e+00 -1.6495e+00 -1.1465e+00 +3.3223e+00 -3.9693e-01
526 0 +4.206450553e+00 -4.492354945e+01 -4.492354945e+01 +1.2468e+00 -1.1520e+00 -1.9867e+00 +2.9210e+00 -1.2090e-01
529 0 +3.609765471e+00 -4.552023453e+01 -4.552023453e+01 +1.3664e+00 -1.3535e+00 -1.4417e+00 +3.0741e+00 -3.7195e-01
551 0 +2.706695958e+00 -4.642330404e+01 -4.642330404e+01 +1.4549e+00 -1.3321e+00 -1.5787e+00 +3.0753e+00 -1.8288e-01
573 0 +1.918484656e+00 -4.721151534e+01 -4.721151534e+01 +1.1982e+00 -1.6740e+00 -1.1595e+00 +2.9036e+00 -2.0604e-01
576 0 +1.257384132e+00 -4.787261587e+01 -4.787261587e+01 +1.3667e+00 -1.2852e+00 -1.5248e+00 +2.9571e+00 -2.9148e-01
577 0 +1.096524928e+00 -4.803347507e+01 -4.803347507e+01 +1.4531e+00 -1.5433e+00 -1.3928e+00 +2.9862e+00 -2.4697e-01
604 0 +3.456226343e-01 -4.878437737e+01 -4.878437737e+01 +1.2239e+00 -1.2880e+00 -1.4991e+00 +2.9740e+00 -2.3336e-01
649 0 +2.190122061e-01 -4.891098779e+01 -4.891098779e+01 +1.2019e+00 -1.1724e+00 -1.5713e+00 +3.0413e+00 -2.5884e-01
683 0 +1.508097305e-01 -4.897919027e+01 -4.897919027e+01 +1.2585e+00 -1.2404e+00 -1.4432e+00 +3.0127e+00 -2.5417e-01
741 0 +1.117309311e-01 -4.901826907e+01 -4.901826907e+01 +1.2666e+00 -1.1969e+00 -1.5429e+00 +3.0305e+00 -2.4194e-01
753 0 +6.820674110e-02 -4.906179326e+01 -4.906179326e+01 +1.2346e+00 -1.2441e+00 -1.3894e+00 +3.0760e+00 -2.8059e-01
758 0 +2.754208443e-02 -4.910245792e+01 -4.910245792e+01 +1.2672e+00 -1.2996e+00 -1.3930e+00 +3.0598e+00 -2.7352e-01
877 0 +2.651746977e-02 -4.910348253e+01 -4.910348253e+01 +1.2746e+00 -1.2591e+00 -1.4290e+00 +3.0773e+00 -2.7657e-01
882 0 +1.671349301e-02 -4.911328651e+01 -4.911328651e+01 +1.2685e+00 -1.2466e+00 -1.4378e+00 +3.0594e+00 -2.5805e-01
895 0 +1.044805434e-02 -4.911955195e+01 -4.911955195e+01 +1.2299e+00 -1.2275e+00 -1.4481e+00 +3.0380e+00 -2.5281e-01
907 0 +2.856130279e-03 -4.912714387e+01 -4.912714387e+01 +1.2584e+00 -1.2636e+00 -1.4231e+00 +3.0468e+00 -2.6080e-01
952 0 +1.775513137e-03 -4.912822449e+01 -4.912822449e+01 +1.2473e+00 -1.2568e+00 -1.4229e+00 +3.0454e+00 -2.5937e-01
966 0 +1.279985441e-03 -4.912872001e+01 -4.912872001e+01 +1.2461e+00 -1.2582e+00 -1.4118e+00 +3.0563e+00 -2.6719e-01
1029 0 +1.215041650e-03 -4.912878496e+01 -4.912878496e+01 +1.2449e+00 -1.2420e+00 -1.4343e+00 +3.0468e+00 -2.5703e-01
1057 0 +4.719086711e-04 -4.912952809e+01 -4.912952809e+01 +1.2462e+00 -1.2527e+00 -1.4245e+00 +3.0465e+00 -2.6049e-01
1130 0 +3.260696020e-04 -4.912967393e+01 -4.912967393e+01 +1.2493e+00 -1.2582e+00 -1.4154e+00 +3.0541e+00 -2.6511e-01
1152 0 +2.793751226e-04 -4.912972062e+01 -4.912972062e+01 +1.2489e+00 -1.2529e+00 -1.4246e+00 +3.0501e+00 -2.6203e-01
1154 0 +1.455321674e-04 -4.912985447e+01 -4.912985447e+01 +1.2483e+00 -1.2538e+00 -1.4201e+00 +3.0517e+00 -2.6279e-01
1157 0 +1.437787966e-04 -4.912985622e+01 -4.912985622e+01 +1.2473e+00 -1.2517e+00 -1.4246e+00 +3.0503e+00 -2.6174e-01
1178 0 +2.301074112e-05 -4.912997699e+01 -4.912997699e+01 +1.2480e+00 -1.2540e+00 -1.4209e+00 +3.0512e+00 -2.6262e-01
