% f evaluations | g evaluations | best noise-free fitness - Fopt (7.135000000000e+01) + sum g_i+ | measured fitness | best measured fitness or single-digit g-values | x1 | x2...
1 0 +1.563025373e+02 +2.276525373e+02 +2.276525373e+02 +5.9671e-01 -3.8264e-02 +7.4769e-01 +1.6230e+00 -1.3415e-01 -1.3414e-01 +1.6792e+00 +8.6743e-01 -3.6947e-01 +6.4256e-01
2 0 +8.507595492e+01 +1.564259549e+02 +1.564259549e+02 -3.6342e-01 -3.6573e-01 +3.4196e-01 -1.8133e+00 -1.6249e+00 -4.6229e-01 -9.1283e-01 +4.1425e-01 -8.0802e-01 -1.3123e+00
3 0 +5.025798271e+01 +1.216079827e+02 +1.216079827e+02 +1.5656e+00 -1.2578e-01 +1.6753e-01 -1.3247e+00 -4.4438e-01 +2.1092e-01 -1.0510e+00 +4.7570e-01 -5.0064e-01 -1.9169e-01
4 0 +4.969194061e+01 +1.210419406e+02 +1.210419406e+02 -5.0171e-01 +1.9523e+00 +8.6503e-02 -9.5771e-01 +9.2254e-01 -1.1208e+00 +3.0886e-01 -1.8597e+00 -1.2282e+00 +2.9686e-01
5 0 +4.878548473e+01 +1.201354847e+02 +1.201354847e+02 +8.3847e-01 +2.7137e-01 -1.5648e-02 -2.0110e-01 -1.3785e+00 -6.1984e-01 -3.6064e-01 +1.1571e+00 +4.4362e-01 -1.6630e+00
13 0 +2.412096411e+01 +9.547096411e+01 +9.547096411e+01 +8.9103e-01 -8.0939e-01 +1.5028e+00 -1.3019e+00 +6.8686e-01 +2.2905e+00 -8.9054e-01 -4.6630e-01 +1.9965e-01 -4.0348e-01
56 0 +2.395323970e+01 +9.530323970e+01 +9.530323970e+01 +7.5533e-01 -2.0214e-01 +1.2293e+00 -9.1030e-01 +9.4542e-01 +1.2696e+00 -3.0515e-01 -4.8583e-01 +7.3363e-01 -7.4328e-02
75 0 +2.203426049e+01 +9.338426049e+01 +9.338426049e+01 -1.4961e+00 +1.3582e+00 -2.0089e-01 -1.2161e+00 -3.5593e-01 -7.6576e-01 -3.2116e-01 -3.4987e-01 -1.7954e+00 +7.9482e-01
233 0 +1.813762101e+01 +8.948762101e+01 +8.948762101e+01 -1.0210e+00 -3.3590e-01 -3.2308e-01 -1.4628e+00 +1.3352e+00 +2.8064e+00 -8.2771e-01 +4.5881e-01 -8.5725e-01 -2.2926e+00
529 0 +1.565227760e+01 +8.700227760e+01 +8.700227760e+01 -5.5560e-01 -1.2701e+00 -1.3525e+00 -4.6006e+00 +1.0872e+00 +2.4920e+00 -5.0796e-01 +1.3372e+00 +9.5403e-02 -1.8221e+00
765 0 +1.501439707e+01 +8.636439707e+01 +8.636439707e+01 -3.8319e+00 -1.7821e+00 +2.0797e+00 -3.9989e-01 +1.5867e+00 +5.6274e-03 -1.6763e+00 -1.6114e-01 -1.7858e-01 +1.6889e+00
1283 0 +1.053846663e+01 +8.188846663e+01 +8.188846663e+01 -4.6751e+00 -3.6274e+00 +3.1088e+00 +2.7863e+00 +3.0608e+00 +2.6372e+00 -3.6552e+00 -9.6299e-01 -3.5161e-01 -3.1708e-01
1663 0 +2.454819115e+00 +7.380481911e+01 +7.380481911e+01 -2.2530e+00 -2.3543e+00 +1.2212e+00 +1.2488e+00 +2.1972e+00 +3.7922e+00 -2.7315e+00 +4.2887e-01 +7.1985e-01 -1.4144e+00
2274 0 +2.366027193e+00 +7.371602719e+01 +7.371602719e+01 -2.1317e+00 -2.5945e+00 +1.2775e+00 +1.3741e+00 +2.0630e+00 +4.0862e+00 -2.9587e+00 +5.4443e-01 +7.8563e-01 -1.6601e+00
2282 0 +1.808382950e+00 +7.315838295e+01 +7.315838295e+01 -2.0602e+00 -2.5068e+00 +1.0428e+00 +1.1811e+00 +2.0725e+00 +4.2739e+00 -2.8516e+00 +3.4539e-01 +9.0682e-01 -1.6516e+00
2306 0 +1.470936636e+00 +7.282093664e+01 +7.282093664e+01 -1.8843e+00 -2.6463e+00 +1.0031e+00 +1.3004e+00 +2.0069e+00 +4.2520e+00 -2.8035e+00 +4.3184e-01 +9.6269e-01 -1.6856e+00
2349 0 +9.655051803e-01 +7.231550518e+01 +7.231550518e+01 -2.1268e+00 -2.6274e+00 +1.2420e+00 +1.4610e+00 +2.1938e+00 +4.1989e+00 -2.9514e+00 +3.6213e-01 +8.5609e-01 -1.7102e+00
2401 0 +7.738783113e-01 +7.212387831e+01 +7.212387831e+01 -2.1214e+00 -2.5366e+00 +1.3103e+00 +1.2745e+00 +2.2378e+00 +4.0971e+00 -2.8812e+00 +1.5300e-01 +8.4147e-01 -1.7965e+00
2438 0 +7.591535109e-01 +7.210915351e+01 +7.210915351e+01 -2.0797e+00 -2.3846e+00 +1.3137e+00 +1.3292e+00 +2.2891e+00 +3.9908e+00 -2.9565e+00 +2.8502e-01 +7.6604e-01 -1.6947e+00
% f evaluations | g evaluations | best noise-free fitness - Fopt (-3.552200000000e+02) + sum g_i+ | measured fitness | best measured fitness or single-digit g-values | x1 | x2...
1 0 +5.743893307e+01 -2.977810669e+02 -2.977810669e+02 +5.9671e-01 -3.8264e-02 +7.4769e-01 +1.6230e+00 -1.3415e-01 -1.3414e-01 +1.6792e+00 +8.6743e-01 -3.6947e-01 +6.4256e-01
5 0 +4.767275423e+01 -3.075472458e+02 -3.075472458e+02 +8.3847e-01 +2.7137e-01 -1.5648e-02 -2.0110e-01 -1.3785e+00 -6.1984e-01 -3.6064e-01 +1.1571e+00 +4.4362e-01 -1.6630e+00
19 0 +4.686117056e+01 -3.083588294e+02 -3.083588294e+02 +7.2567e-01 -7.5716e-01 -9.7089e-01 +5.8247e-01 -1.2346e-01 +8.1400e-01 +5.7324e-01 +2.7171e-02 -7.4679e-01 -1.4148e+00
46 0 +4.684908744e+01 -3.083709126e+02 -3.083709126e+02 +3.7321e-02 +1.0551e+00 -8.8573e-01 +6.0405e-01 -4.3026e-01 -6.9287e-01 -7.0304e-03 -9.3524e-01 -4.5365e-01 -1.0979e+00
60 0 +4.252571220e+01 -3.126942878e+02 -3.126942878e+02 +7.1595e-01 -1.5680e+00 -3.7403e-01 +5.3625e-01 +1.0733e+00 -6.9207e-01 -4.0547e-01 +6.8437e-01 -2.3021e-01 -3.9924e-01
79 0 +3.867332763e+01 -3.165466724e+02 -3.165466724e+02 -3.5628e-01 -2.7728e-01 -5.2128e-01 +2.9045e-01 -8.6422e-01 -3.3657e-02 -7.5469e-01 +1.2213e+00 +1.5489e+00 +1.2314e+00
81 0 +3.793959116e+01 -3.172804088e+02 -3.172804088e+02 +4.8239e-01 -1.0626e-01 +2.2104e-02 +1.0506e-01 -1.3068e+00 +4.7055e-01 +7.8630e-01 -3.2432e-01 -7.6184e-01 -2.7601e-01
87 0 +2.533476063e+01 -3.298852394e+02 -3.298852394e+02 -9.5780e-01 -2.8803e-01 -1.0104e-01 -5.1973e-01 +1.1731e-01 +3.4458e-01 -1.6285e+00 +5.4521e-01 -2.3664e-01 +1.1515e+00
106 0 +2.446597901e+01 -3.307540210e+02 -3.307540210e+02 -1.1589e+00 -6.8964e-01 +6.4339e-01 +6.9229e-01 -9.9068e-01 +4.3772e-01 -1.0675e+00 +1.1346e+00 +6.3923e-02 +1.4455e-01
255 0 +1.608194601e+01 -3.391380540e+02 -3.391380540e+02 -5.2299e-01 -1.1643e+00 -1.7937e+00 -7.7929e-03 +2.1846e-01 -1.4399e+00 -2.7006e-01 +1.5841e+00 +3.3197e+00 +1.0449e+00
1792 0 +1.446253131e+01 -3.407574687e+02 -3.407574687e+02 -2.3610e+00 -2.7866e+00 -1.2584e+00 +1.0211e+00 -9.6959e-01 -1.3335e+00 -4.6068e-01 +2.5243e+00 -5.9562e-01 +9.1050e-01
1816 0 +1.310330861e+01 -3.421166914e+02 -3.421166914e+02 -1.4880e+00 -7.0599e-01 -7.0200e-01 -5.9095e-01 -1.8911e+00 -1.1220e+00 -8.8113e-01 +1.7871e+00 -2.5921e-01 +1.2453e+00
1943 0 +7.155936909e+00 -3.480640631e+02 -3.480640631e+02 -2.3942e+00 -8.5390e-01 -9.6447e-01 -5.8536e-01 -2.1978e+00 -4.9212e-01 -1.7297e+00 +2.8231e+00 -3.9418e-02 +1.9442e+00
2059 0 +6.574240737e+00 -3.486457593e+02 -3.486457593e+02 -1.5010e+00 -2.0906e-01 -1.2090e+00 -1.3189e+00 -2.3756e+00 -2.2106e-01 -1.0925e+00 +2.3405e+00 -7.4088e-01 +1.8621e+00
2107 0 +5.819240985e+00 -3.494007590e+02 -3.494007590e+02 -2.3027e+00 -1.0900e+00 -8.3685e-01 -8.9997e-01 -2.3172e+00 -2.6449e-01 -1.1893e+00 +2.5850e+00 -4.4429e-02 +2.0783e+00
2120 0 +5.816949189e+00 -3.494030508e+02 -3.494030508e+02 -1.3657e+00 -1.1976e+00 -1.5056e-01 -1.4624e+00 -2.6109e+00 -2.6462e-01 -1.0719e+00 +2.3976e+00 -1.7636e-01 +1.8284e+00
2171 0 +5.726331837e+00 -3.494936682e+02 -3.494936682e+02 -2.1282e+00 -9.0018e-01 -1.1575e+00 -1.4596e+00 -2.3133e+00 +2.1921e-01 -8.3258e-01 +2.5709e+00 -6.8692e-02 +2.3308e+00
2299 0 +4.392026468e+00 -3.508279735e+02 -3.508279735e+02 -1.5306e+00 -9.2603e-01 -8.7978e-01 -1.2068e+00 -2.2680e+00 -5.6677e-01 -1.0507e+00 +2.2407e+00 -1.2939e-01 +1.7849e+00
2312 0 +2.820328981e+00 -3.523996710e+02 -3.523996710e+02 -2.0705e+00 -8.7248e-01 -9.8539e-01 -1.2186e+00 -2.4356e+00 -2.8082e-01 -6.5073e-01 +2.4653e+00 -5.3409e-01 +1.9932e+00
2359 0 +2.506433164e+00 -3.527135668e+02 -3.527135668e+02 -1.9128e+00 -6.7676e-01 -5.3592e-01 -1.2555e+00 -2.5367e+00 -3.3189e-01 -9.1718e-01 +2.2606e+00 -2.0291e-01 +1.9094e+00
2453 0 +1.604564413e+00 -3.536154356e+02 -3.536154356e+02 -2.2756e+00 -7.9789e-01 -8.1259e-01 -1.0191e+00 -2.6069e+00 -2.6542e-01 -9.7681e-01 +2.5749e+00 -4.0403e-01 +1.9101e+00
% f evaluations | g evaluations | best noise-free fitness - Fopt (9.917000000000e+01) + sum g_i+ | measured fitness | best measured fitness or single-digit g-values | x1 | x2...
1 0 +1.039278948e+02 +2.030978948e+02 +2.030978948e+02 +5.9671e-01 -3.8264e-02 +7.4769e-01 +1.6230e+00 -1.3415e-01 -1.3414e-01 +1.6792e+00 +8.6743e-01 -3.6947e-01 +6.4256e-01
2 0 +1.013994634e+02 +2.005694634e+02 +2.005694634e+02 -3.6342e-01 -3.6573e-01 +3.4196e-01 -1.8133e+00 -1.6249e+00 -4.6229e-01 -9.1283e-01 +4.1425e-01 -8.0802e-01 -1.3123e+00
3 0 +6.749849581e+01 +1.666684958e+02 +1.666684958e+02 +1.5656e+00 -1.2578e-01 +1.6753e-01 -1.3247e+00 -4.4438e-01 +2.1092e-01 -1.0510e+00 +4.7570e-01 -5.0064e-01 -1.9169e-01
5 0 +6.101309449e+01 +1.601830945e+02 +1.601830945e+02 +8.3847e-01 +2.7137e-01 -1.5648e-02 -2.0110e-01 -1.3785e+00 -6.1984e-01 -3.6064e-01 +1.1571e+00 +4.4362e-01 -1.6630e+00
15 0 +3.540159609e+01 +1.345715961e+02 +1.345715961e+02 +3.2746e-01 +1.4071e+00 -1.5075e+00 +2.8463e-01 +3.5988e-01 +8.8182e-01 -1.1370e+00 -1.2205e+00 +6.2194e-01 +3.9698e-01
99 0 +3.217622711e+01 +1.313462271e+02 +1.313462271e+02 -1.2408e+00 +4.4517e-02 +1.3201e+00 -1.2130e+00 +6.7695e-01 -7.2940e-01 +4.0017e-01 +8.0188e-01 -2.1589e+00 +2.8249e-01
100 0 +2.327542115e+01 +1.224454212e+02 +1.224454212e+02 -5.1895e-01 +1.3246e+00 +2.7985e-01 -1.2833e+00 +2.9209e-01 -5.9741e-01 +4.7435e-01 +8.9550e-01 -1.1334e+00 +4.1609e-01
236 0 +2.178771690e+01 +1.209577169e+02 +1.209577169e+02 -1.0017e+00 +1.3957e+00 -5.0958e-01 -1.4433e+00 -1.2551e-01 +7.4614e-01 +1.2766e+00 -8.5051e-01 -2.3307e-02 +1.9076e+00
459 0 +1.841256280e+01 +1.175825628e+02 +1.175825628e+02 -1.2966e+00 -3.0097e-02 +3.5392e-01 +2.9639e-01 +1.3048e+00 -1.5701e+00 +1.2781e+00 +6.8497e-01 -1.0998e+00 +1.1227e-01
565 0 +1.531080133e+01 +1.144808013e+02 +1.144808013e+02 -1.4434e+00 -2.4419e+00 -3.3563e-01 -5.1385e-01 -1.1764e+00 -1.9971e+00 +1.2996e+00 -1.0351e+00 -2.0295e-01 -1.3814e-01
1233 0 +1.525382720e+01 +1.144238272e+02 +1.144238272e+02 -1.5295e+00 +5.8186e-01 -2.5371e+00 +8.1939e-01 -4.3872e-01 +2.6869e-01 +2.9964e+00 -3.5956e+00 +4.9037e-01 +5.6359e-01
1276 0 +1.504801653e+01 +1.142180165e+02 +1.142180165e+02 -3.1648e+00 -1.8756e+00 -2.8680e+00 +7.6276e-01 -6.1561e-01 -1.6192e+00 +1.6746e+00 -2.2042e+00 -5.3916e-01 -1.8381e-01
1332 0 +1.144917417e+01 +1.106191742e+02 +1.106191742e+02 -3.2801e+00 -1.1425e+00 -2.1805e+00 +8.4510e-01 -3.9015e-01 -1.8231e+00 +1.8293e+00 -2.3998e+00 -5.2069e-01 +1.4005e+00
1463 0 +1.052838251e+01 +1.096983825e+02 +1.096983825e+02 -2.7504e+00 -1.1457e+00 -1.1854e+00 +5.6280e-01 -9.4023e-01 -3.4285e-01 +2.4148e+00 -2.0365e+00 -6.5716e-01 -3.5147e-02
1516 0 +7.244040424e+00 +1.064140404e+02 +1.064140404e+02 -2.2532e+00 -1.9599e+00 -7.8702e-01 +2.0285e-01 -5.3474e-01 -1.0922e+00 +1.8729e+00 -1.6646e+00 -9.1469e-01 -2.2235e-01
1551 0 +6.022806952e+00 +1.051928070e+02 +1.051928070e+02 -2.7371e+00 -1.9559e+00 -1.0201e+00 +1.5086e-01 -6.4287e-01 -1.4615e+00 +1.9331e+00 -1.8663e+00 -9.4938e-01 +1.1558e-01
1653 0 +3.846589711e+00 +1.030165897e+02 +1.030165897e+02 -2.6892e+00 -1.9294e+00 -2.4602e-01 +2.0651e-01 -5.7955e-01 -1.0746e+00 +2.0796e+00 -2.0529e+00 -9.0249e-01 -1.8755e-01
1662 0 +2.561420924e+00 +1.017314209e+02 +1.017314209e+02 -2.7851e+00 -1.8646e+00 -8.6235e-01 +4.4995e-01 -6.7851e-01 -9.8586e-01 +2.1456e+00 -1.9933e+00 -9.0440e-01 -1.8711e-01
1894 0 +1.337762551e+00 +1.005077626e+02 +1.005077626e+02 -3.0261e+00 -1.9694e+00 -7.4627e-01 +8.5424e-02 -7.4674e-01 -1.2055e+00 +2.2661e+00 -1.7886e+00 -1.0414e+00 +1.4256e-01
1914 0 +9.385871221e-01 +1.001085871e+02 +1.001085871e+02 -2.6684e+00 -1.8801e+00 -7.1648e-01 +1.6923e-01 -5.8939e-01 -1.0584e+00 +2.3791e+00 -1.9080e+00 -9.6192e-01 -1.7557e-01
2213 0 +8.297042450e-01 +9.999970425e+01 +9.999970425e+01 -2.7545e+00 -2.0112e+00 -5.1560e-01 +2.4383e-01 -5.4378e-01 -1.1141e+00 +2.2657e+00 -1.9387e+00 -9.8390e-01 +1.2125e-02
2255 0 +5.745342921e-01 +9.974453429e+01 +9.974453429e+01 -2.9856e+00 -1.8982e+00 -4.7966e-01 +7.8733e-02 -7.2968e-01 -8.7984e-01 +2.3944e+00 -2.0960e+00 -7.8511e-01 +3.1819e-01
% f evaluations | g evaluations | best noise-free fitness - Fopt (-5.179100000000e+02) + sum g_i+ | measured fitness | best measured fitness or single-digit g-values | x1 | x2...
1 0 +8.463476067e+01 -4.332752393e+02 -4.332752393e+02 +5.9671e-01 -3.8264e-02 +7.4769e-01 +1.6230e+00 -1.3415e-01 -1.3414e-01 +1.6792e+00 +8.6743e-01 -3.6947e-01 +6.4256e-01
2 0 +5.014337174e+01 -4.677666283e+02 -4.677666283e+02 -3.6342e-01 -3.6573e-01 +3.4196e-01 -1.8133e+00 -1.6249e+00 -4.6229e-01 -9.1283e-01 +4.1425e-01 -8.0802e-01 -1.3123e+00
4 0 +3.776209812e+01 -4.801479019e+02 -4.801479019e+02 -5.0171e-01 +1.9523e+00 +8.6503e-02 -9.5771e-01 +9.2254e-01 -1.1208e+00 +3.0886e-01 -1.8597e+00 -1.2282e+00 +2.9686e-01
38 0 +2.841247606e+01 -4.894975239e+02 -4.894975239e+02 +1.2451e-01 +5.9800e-01 +1.5511e+00 +1.0593e+00 +2.2532e+00 -6.6735e-01 +9.7232e-01 +2.8334e-01 +2.2898e+00 -7.0830e-01
101 0 +2.202546181e+01 -4.958845382e+02 -4.958845382e+02 -8.0558e-01 -1.5694e+00 +2.5162e+00 +9.4079e-01 +1.0816e+00 -2.6755e+00 +3.0135e+00 -1.9185e-01 +2.5362e+00 -8.7026e-01
387 0 +2.099746317e+01 -4.969125368e+02 -4.969125368e+02 -4.3659e-01 +3.4290e-01 +3.8233e-01 +1.6645e-01 -2.6655e-01 -4.9784e-01 +1.8033e+00 +3.9989e-01 +1.3983e-01 -2.2801e-02
466 0 +1.447247318e+01 -5.034375268e+02 -5.034375268e+02 -1.3149e+00 +1.4946e-01 -7.2661e-01 -7.0830e-01 -1.0957e+00 -4.1911e-01 +9.9679e-01 +2.2540e+00 +5.5239e-01 +1.0303e-01
502 0 +1.305365969e+01 -5.048563403e+02 -5.048563403e+02 -1.0137e+00 +1.0216e+00 +3.6354e-01 +3.1999e-02 -2.1412e-01 -2.2610e-01 +2.6097e-01 +6.2084e-01 -6.6032e-02 -5.8928e-01
702 0 +1.237104181e+01 -5.055389582e+02 -5.055389582e+02 -7.9693e-01 +1.1417e+00 +1.6764e-01 -4.9679e-01 -5.9066e-01 -6.9947e-01 +9.6320e-01 +1.1165e+00 +7.1920e-01 +1.8306e-01
762 0 +9.894009474e+00 -5.080159905e+02 -5.080159905e+02 -1.0951e+00 +1.0968e+00 +4.5183e-01 -6.2349e-01 -5.8233e-01 -3.8924e-01 +7.4598e-01 +9.2695e-01 +6.2768e-01 +1.2767e-01
773 0 +9.892706268e+00 -5.080172937e+02 -5.080172937e+02 -9.9124e-01 +6.2406e-01 -1.1893e-01 -5.1738e-01 -5.0825e-01 -1.0297e+00 +1.2158e+00 +8.8966e-01 +5.3932e-01 +5.1260e-01
779 0 +8.882075263e+00 -5.090279247e+02 -5.090279247e+02 -1.1284e+00 +1.0777e+00 +8.3177e-01 -1.0367e+00 -4.7545e-01 -1.0533e-01 +8.8526e-01 +8.5150e-01 +6.9728e-02 -5.4492e-01
791 0 +7.564641580e+00 -5.103453584e+02 -5.103453584e+02 -1.0671e+00 +1.1524e+00 +2.2310e-01 -5.1891e-01 -8.0714e-01 -7.7701e-01 +1.0934e+00 +7.2131e-01 +4.0003e-01 +8.6715e-02
902 0 +7.378757947e+00 -5.105312421e+02 -5.105312421e+02 -1.6542e+00 +1.2408e+00 +7.5416e-01 -1.0432e+00 -4.8170e-01 -4.0273e-01 +9.0355e-01 +8.0005e-01 +9.2189e-02 -2.7145e-01
909 0 +6.406549561e+00 -5.115034504e+02 -5.115034504e+02 -1.8126e+00 +1.3555e+00 +5.2222e-01 -8.5639e-01 -5.2028e-01 -5.8532e-01 +8.4667e-01 +8.4078e-01 +4.5819e-01 -1.3441e-01
936 0 +5.995110520e+00 -5.119148895e+02 -5.119148895e+02 -1.2061e+00 +9.9737e-01 -6.9394e-02 -9.3332e-01 -6.6355e-01 -7.3509e-01 +1.0211e+00 +5.6025e-01 +1.6990e-01 -2.2381e-01
978 0 +5.352937151e+00 -5.125570628e+02 -5.125570628e+02 -1.8373e+00 +1.6380e+00 +3.8206e-01 -1.2445e+00 -7.9813e-01 -1.0533e+00 +1.1799e+00 +6.4235e-01 +1.4118e-01 +1.4648e-01
1015 0 +4.695566271e+00 -5.132144337e+02 -5.132144337e+02 -1.7973e+00 +1.3885e+00 +5.6129e-01 -1.1948e+00 -7.5574e-01 -7.0380e-01 +9.5564e-01 +1.0156e+00 -3.9549e-02 -1.6125e-01
1040 0 +4.050250639e+00 -5.138597494e+02 -5.138597494e+02 -1.5934e+00 +1.5099e+00 +8.1843e-01 -1.0449e+00 -9.0543e-01 -8.8459e-01 +1.1266e+00 +8.5358e-01 +3.0149e-01 -3.0571e-01
1100 0 +3.558297708e+00 -5.143517023e+02 -5.143517023e+02 -1.8472e+00 +1.6451e+00 +9.1533e-01 -1.1833e+00 -7.7396e-01 -9.2262e-01 +1.1739e+00 +1.0141e+00 +1.2953e-01 -1.4431e-01
1192 0 +3.291307399e+00 -5.146186926e+02 -5.146186926e+02 -1.3894e+00 +1.4388e+00 +5.8592e-01 -1.3121e+00 -8.1971e-01 -1.1328e+00 +1.3502e+00 +1.0213e+00 +2.4811e-01 +4.3139e-02
1208 0 +2.731061353e+00 -5.151789386e+02 -5.151789386e+02 -1.7075e+00 +1.5911e+00 +6.2990e-01 -1.3982e+00 -7.7708e-01 -1.2920e+00 +1.3847e+00 +9.7540e-01 +2.4007e-03 +3.8945e-01
1263 0 +2.288353251e+00 -5.156216467e+02 -5.156216467e+02 -1.6792e+00 +1.6270e+00 +4.1663e-01 -1.3904e+00 -8.7386e-01 -1.3219e+00 +1.4803e+00 +9.3382e-01 +1.1440e-01 +1.3727e-01
1411 0 +2.224079707e+00 -5.156859203e+02 -5.156859203e+02 -1.7184e+00 +1.4637e+00 +6.8253e-01 -1.4487e+00 -6.6714e-01 -1.3320e+00 +1.5736e+00 +8.3912e-01 +2.0972e-01 +3.2116e-01
1415 0 +1.440535097e+00 -5.164694649e+02 -5.164694649e+02 -1.8037e+00 +1.6002e+00 +6.0943e-01 -1.4539e+00 -8.2982e-01 -1.2306e+00 +1.4511e+00 +8.4552e-01 +1.0829e-01 +1.9948e-01
1455 0 +1.016374362e+00 -5.168936256e+02 -5.168936256e+02 -1.6127e+00 +1.3146e+00 +5.7473e-01 -1.3656e+00 -6.9505e-01 -1.1872e+00 +1.4902e+00 +9.0207e-01 +2.2263e-01 +2.4048e-01
1572 0 +7.076201033e-01 -5.172023799e+02 -5.172023799e+02 -1.8844e+00 +1.5305e+00 +7.2214e-01 -1.4527e+00 -6.9879e-01 -1.1254e+00 +1.5064e+00 +9.0428e-01 +8.2232e-02 +1.7256e-01
1760 0 +7.044526021e-01 -5.172055474e+02 -5.172055474e+02 -1.7780e+00 +1.3646e+00 +7.2610e-01 -1.4005e+00 -5.9170e-01 -9.9144e-01 +1.4896e+00 +8.6126e-01 +1.3268e-01 +1.8068e-01
1778 0 +5.287482685e-01 -5.173812517e+02 -5.173812517e+02 -1.7802e+00 +1.3945e+00 +6.9150e-01 -1.4134e+00 -6.0889e-01 -1.0492e+00 +1.4482e+00 +9.8604e-01 +1.4486e-01 +2.9082e-01
1976 0 +4.935902502e-01 -5.174164097e+02 -5.174164097e+02 -1.8139e+00 +1.3864e+00 +7.4036e-01 -1.4544e+00 -5.8668e-01 -1.0326e+00 +1.4405e+00 +9.0909e-01 +9.5765e-02 +1.7236e-01
2056 0 +4.817602481e-01 -5.174282398e+02 -5.174282398e+02 -1.8359e+00 +1.4884e+00 +7.4543e-01 -1.5113e+00 -6.3667e-01 -1.0041e+00 +1.4214e+00 +9.1504e-01 +1.2380e-01 +1.6577e-01
2062 0 +4.398165589e-01 -5.174701834e+02 -5.174701834e+02 -1.7209e+00 +1.3274e+00 +6.8076e-01 -1.4278e+00 -6.3301e-01 -1.0795e+00 +1.5048e+00 +8.1415e-01 +1.7590e-01 +2.0905e-01
2070 0 +3.930265981e-01 -5.175169734e+02 -5.175169734e+02 -1.7631e+00 +1.3485e+00 +6.7012e-01 -1.4504e+00 -5.8183e-01 -1.0945e+00 +1.4856e+00 +8.6672e-01 +1.3273e-01 +2.5035e-01
2104 0 +2.495415199e-01 -5.176604585e+02 -5.176604585e+02 -1.7749e+00 +1.4113e+00 +6.8611e-01 -1.4782e+00 -6.3816e-01 -1.0925e+00 +1.4712e+00 +8.8955e-01 +1.3455e-01 +2.3103e-01
2220 0 +1.933490482e-01 -5.177166510e+02 -5.177166510e+02 -1.8212e+00 +1.3912e+00 +6.9682e-01 -1.4797e+00 -6.0467e-01 -1.0411e+00 +1.4537e+00 +8.7648e-01 +1.2391e-01 +1.7990e-01
2269 0 +1.858529689e-01 -5.177241470e+02 -5.177241470e+02 -1.7900e+00 +1.3949e+00 +6.8389e-01 -1.4963e+00 -6.1853e-01 -1.1117e+00 +1.5292e+00 +8.7848e-01 +1.2052e-01 +2.4235e-01
2348 0 +1.415168647e-01 -5.177684831e+02 -5.177684831e+02 -1.7872e+00 +1.3208e+00 +6.9155e-01 -1.5387e+00 -5.8830e-01 -1.0561e+00 +1.5212e+00 +8.7786e-01 +1.6791e-01 +2.1531e-01
2392 0 +1.208606583e-01 -5.177891393e+02 -5.177891393e+02 -1.8090e+00 +1.3285e+00 +7.0444e-01 -1.5418e+00 -5.9587e-01 -1.0606e+00 +1.5253e+00 +8.7920e-01 +1.7510e-01 +1.8988e-01
% f evaluations | g evaluations | best noise-free fitness - Fopt (-5.721000000000e+01) + sum g_i+ | measured fitness | best measured fitness or single-digit g-values | x1 | x2...
1 0 +5.863635118e+01 +1.426351182e+00 +1.426351182e+00 +5.9671e-01 -3.8264e-02 +7.4769e-01 +1.6230e+00 -1.3415e-01 -1.3414e-01 +1.6792e+00 +8.6743e-01 -3.6947e-01 +6.4256e-01
11 0 +5.609913310e+01 -1.110866905e+00 -1.110866905e+00 -1.3154e+00 -3.2065e-01 -2.4271e-01 -7.0228e-01 -6.1286e-02 +5.0405e-01 +1.9862e+00 +2.7458e-01 +3.5755e-01 +2.5554e-02
13 0 +5.180887444e+01 -5.401125560e+00 -5.401125560e+00 +8.9103e-01 -8.0939e-01 +1.5028e+00 -1.3019e+00 +6.8686e-01 +2.2905e+00 -8.9054e-01 -4.6630e-01 +1.9965e-01 -4.0348e-01
23 0 +3.625132968e+01 -2.095867032e+01 -2.095867032e+01 +2.4147e+00 -1.7673e+00 +7.8626e-01 -1.5127e+00 -3.7193e-01 +1.1890e+00 +1.6428e-01 -9.7774e-01 -6.1530e-01 +7.7960e-01
47 0 +2.544855445e+01 -3.176144555e+01 -3.176144555e+01 +2.0647e+00 +1.3526e-01 -5.9973e-01 +3.1398e-01 -1.2328e-02 -1.2097e-01 +7.1417e-01 +8.5751e-01 -4.3050e-01 -4.7582e-01
176 0 +1.369800042e+01 -4.351199958e+01 -4.351199958e+01 +2.5600e-01 +1.2827e-01 +5.1292e-01 +1.0607e+00 -8.5811e-01 +2.6138e+00 +7.3624e-01 +9.6720e-01 -6.6151e-01 +2.0119e-01
811 0 +1.348199451e+01 -4.372800549e+01 -4.372800549e+01 +1.3398e+00 -1.2954e+00 +3.1997e+00 +3.7273e+00 -5.9707e-01 +6.5704e-01 -1.0444e+00 -2.4091e-01 -1.8133e+00 -8.5291e-01
910 0 +1.215941739e+01 -4.505058261e+01 -4.505058261e+01 +1.0668e+00 -2.8265e+00 +3.2911e+00 +1.9501e+00 +1.4816e+00 -4.6615e-01 -2.1472e-01 -5.1683e-01 -1.7827e+00 -9.6906e-02
1140 0 +5.649431159e+00 -5.156056884e+01 -5.156056884e+01 +8.6634e-01 -2.8053e+00 +3.2081e+00 +1.9829e+00 +7.4425e-01 +2.3044e-01 -8.3634e-01 +1.2160e-01 -2.0333e+00 +1.3842e-01
1609 0 +5.624728896e+00 -5.158527110e+01 -5.158527110e+01 +6.4364e-01 -3.1318e+00 +2.4623e+00 +2.2248e+00 +9.6547e-01 +1.8869e-01 -1.8721e-01 -6.2274e-01 -1.2725e+00 -7.0641e-02
1702 0 +5.154707474e+00 -5.205529253e+01 -5.205529253e+01 +6.0399e-01 -2.7620e+00 +3.0434e+00 +1.8916e+00 +1.6174e+00 -2.2106e-01 -5.3879e-01 +1.7735e-01 -1.3351e+00 -9.9775e-02
1703 0 +4.466990909e+00 -5.274300909e+01 -5.274300909e+01 +4.8607e-01 -3.0260e+00 +2.6205e+00 +2.1025e+00 +1.5784e+00 -2.3291e-01 -4.6796e-01 -6.1664e-02 -1.2837e+00 -1.4152e-01
1758 0 +4.324187873e+00 -5.288581213e+01 -5.288581213e+01 -3.2369e-03 -3.1530e+00 +3.1157e+00 +2.4613e+00 +1.1491e+00 -3.0320e-02 -1.8181e-01 -5.7884e-02 -1.1801e+00 +4.1118e-02
1824 0 +2.570016760e+00 -5.463998324e+01 -5.463998324e+01 +4.1511e-01 -3.2490e+00 +2.4104e+00 +1.8916e+00 +1.2858e+00 -6.3497e-01 +5.1225e-02 -9.5676e-02 -8.7729e-01 -5.6446e-01
1957 0 +2.271546357e+00 -5.493845364e+01 -5.493845364e+01 -1.1050e-01 -3.1820e+00 +2.1405e+00 +2.4429e+00 +1.4490e+00 -1.7836e-01 +2.5931e-02 -2.3261e-01 -1.1987e+00 -5.9747e-01
2083 0 +1.689235698e+00 -5.552076430e+01 -5.552076430e+01 +3.1171e-01 -3.4015e+00 +2.3827e+00 +2.1480e+00 +9.6864e-01 +7.3989e-02 +1.5745e-01 -3.8139e-01 -1.2139e+00 -3.0332e-01
2106 0 +1.244242054e+00 -5.596575795e+01 -5.596575795e+01 +3.8660e-01 -3.2236e+00 +2.6125e+00 +2.1361e+00 +9.5970e-01 -2.6495e-02 -1.3667e-02 -3.4709e-01 -1.2547e+00 -2.1217e-01
2306 0 +1.024073007e+00 -5.618592699e+01 -5.618592699e+01 +6.9160e-02 -3.3143e+00 +2.3975e+00 +2.2907e+00 +1.0198e+00 +1.7334e-01 +3.8436e-01 -5.2322e-01 -1.1207e+00 -3.8526e-01
2354 0 +1.023895832e+00 -5.618610417e+01 -5.618610417e+01 +9.9090e-02 -3.2112e+00 +2.4398e+00 +2.2973e+00 +1.1078e+00 -3.4560e-02 +1.0307e-01 -2.9980e-01 -1.1404e+00 -4.5428e-01
2404 0 +5.557100827e-01 -5.665428992e+01 -5.665428992e+01 +1.4084e-01 -3.2082e+00 +2.4982e+00 +2.1319e+00 +1.1461e+00 +1.5682e-02 +1.6134e-02 -3.1113e-01 -1.3815e+00 -4.1552e-01
% f evaluations | g evaluations | best noise-free fitness - Fopt (6.626000000000e+01) + sum g_i+ | measured fitness | best measured fitness or single-digit g-values | x1 | x2...
1 0 +5.586764802e+01 +1.221276480e+02 +1.221276480e+02 +5.9671e-01 -3.8264e-02 +7.4769e-01 +1.6230e+00 -1.3415e-01 -1.3414e-01 +1.6792e+00 +8.6743e-01 -3.6947e-01 +6.4256e-01
4 0 +5.227987907e+01 +1.185398791e+02 +1.185398791e+02 -5.0171e-01 +1.9523e+00 +8.6503e-02 -9.5771e-01 +9.2254e-01 -1.1208e+00 +3.0886e-01 -1.8597e+00 -1.2282e+00 +2.9686e-01
11 0 +5.165312297e+01 +1.179131230e+02 +1.179131230e+02 -1.3154e+00 -3.2065e-01 -2.4271e-01 -7.0228e-01 -6.1286e-02 +5.0405e-01 +1.9862e+00 +2.7458e-01 +3.5755e-01 +2.5554e-02
23 0 +4.305155598e+01 +1.093115560e+02 +1.093115560e+02 +2.4147e+00 -1.7673e+00 +7.8626e-01 -1.5127e+00 -3.7193e-01 +1.1890e+00 +1.6428e-01 -9.7774e-01 -6.1530e-01 +7.7960e-01
51 0 +4.086707768e+01 +1.071270777e+02 +1.071270777e+02 -1.8562e+00 -1.2042e+00 -6.6434e-01 -1.0534e-01 +7.1965e-01 +5.7038e-01 +1.7666e+00 -4.6693e-01 -2.2227e+00 -5.8227e-01
63 0 +3.544262864e+01 +1.017026286e+02 +1.017026286e+02 -1.9238e+00 -1.3671e+00 +1.6302e-01 +6.5184e-01 -1.2996e-01 +3.0581e-01 +3.7234e-01 +2.8539e-01 -3.1687e-01 -1.0721e-01
70 0 +3.200314750e+01 +9.826314750e+01 +9.826314750e+01 -1.6955e+00 -3.0548e-01 +8.5150e-01 +3.1430e-01 +1.9099e-01 +3.9260e-01 +7.5782e-01 -4.7030e-01 -2.0715e+00 -3.6971e-01
111 0 +2.932873343e+01 +9.558873343e+01 +9.558873343e+01 -1.9093e+00 -1.3260e+00 +6.6625e-01 +3.2371e-01 +1.4527e+00 -9.5882e-01 +1.1680e+00 -1.2802e+00 -1.2930e+00 -2.9055e-01
134 0 +2.413520978e+01 +9.039520978e+01 +9.039520978e+01 -3.8135e+00 -1.1673e-02 -2.6944e+00 -1.1582e-02 -1.4223e-01 -4.2387e-01 -9.3691e-01 -2.4940e+00 -3.3377e+00 -2.4768e-01
211 0 +1.570936257e+01 +8.196936257e+01 +8.196936257e+01 -1.9451e+00 +3.4962e-01 +1.1573e-01 +1.4674e-01 +4.7085e-01 +4.2739e-01 +2.0005e+00 -4.3555e+00 -1.9569e+00 -8.8056e-01
1752 0 +8.321645003e+00 +7.458164500e+01 +7.458164500e+01 -8.0837e-01 -2.6120e+00 +3.2517e-01 +2.4557e+00 -1.1459e+00 -1.1055e+00 -4.9921e-01 -8.8964e-01 -3.2585e+00 -3.4374e-01
1826 0 +7.884185028e+00 +7.414418503e+01 +7.414418503e+01 -1.0964e+00 -1.9915e+00 +5.0794e-01 +2.0690e+00 -1.2333e+00 -1.2527e+00 -3.4749e-01 -9.4779e-01 -3.2773e+00 +3.5838e-01
1905 0 +6.429090850e+00 +7.268909085e+01 +7.268909085e+01 -3.5707e-01 -3.0924e+00 +3.2025e-01 +2.3849e+00 -1.1292e+00 -1.0914e+00 -3.4089e-01 -1.2226e+00 -3.4115e+00 +1.5263e-01
1982 0 +5.211077020e+00 +7.147107702e+01 +7.147107702e+01 -2.6406e-01 -2.1491e+00 +1.4899e-01 +2.4346e+00 -1.0562e+00 -9.9579e-01 -3.2966e-01 -7.1630e-01 -3.3795e+00 +2.5211e-01
2003 0 +5.102012435e+00 +7.136201244e+01 +7.136201244e+01 -5.3187e-01 -2.2836e+00 -5.6147e-02 +2.6939e+00 -1.1120e+00 -1.0981e+00 -3.7732e-01 -5.9563e-01 -3.1637e+00 -1.6924e-02
2052 0 +2.888790823e+00 +6.914879082e+01 +6.914879082e+01 -4.9148e-01 -2.9014e+00 +2.1036e-01 +2.4156e+00 -1.0720e+00 -9.7857e-01 -1.5531e-01 -1.2322e+00 -3.3683e+00 -1.1630e-03
2055 0 +2.045980261e+00 +6.830598026e+01 +6.830598026e+01 -2.8410e-01 -2.6033e+00 +2.8537e-01 +2.6151e+00 -1.1727e+00 -1.1044e+00 -2.0098e-01 -1.0095e+00 -3.4469e+00 +4.6452e-01
2220 0 +1.726930646e+00 +6.798693065e+01 +6.798693065e+01 -8.7524e-01 -2.3751e+00 -3.2092e-02 +2.4428e+00 -1.2498e+00 -1.2402e+00 -7.0853e-02 -1.2590e+00 -3.3919e+00 +3.3665e-01
2312 0 +1.405016999e+00 +6.766501700e+01 +6.766501700e+01 -6.5693e-01 -2.1998e+00 +9.0300e-02 +2.6058e+00 -1.2671e+00 -1.1990e+00 -1.0501e-01 -1.1775e+00 -3.6114e+00 +2.8272e-01
2415 0 +1.252737233e+00 +6.751273723e+01 +6.751273723e+01 -6.5035e-01 -2.4108e+00 -4.9489e-02 +2.6443e+00 -1.3263e+00 -1.2630e+00 -2.2086e-01 -1.3307e+00 -3.4255e+00 +2.8841e-01
2425 0 +8.901587666e-01 +6.715015877e+01 +6.715015877e+01 -5.9038e-01 -2.3931e+00 -6.3040e-02 +2.5835e+00 -1.4476e+00 -1.1279e+00 -2.7783e-01 -1.2450e+00 -3.3722e+00 +1.5564e-01
2454 0 +5.368265564e-01 +6.679682656e+01 +6.679682656e+01 -6.7170e-01 -2.3799e+00 +2.7226e-02 +2.6665e+00 -1.3219e+00 -1.1259e+00 -2.5686e-01 -1.2196e+00 -3.3292e+00 +2.0813e-01
% f evaluations | g evaluations | best noise-free fitness - Fopt (-1.386200000000e+02) + sum g_i+ | measured fitness | best measured fitness or single-digit g-values | x1 | x2...
1 0 +5.619946729e+01 -8.242053271e+01 -8.242053271e+01 +5.9671e-01 -3.8264e-02 +7.4769e-01 +1.6230e+00 -1.3415e-01 -1.3414e-01 +1.6792e+00 +8.6743e-01 -3.6947e-01 +6.4256e-01
5 0 +5.186669293e+01 -8.675330707e+01 -8.675330707e+01 +8.3847e-01 +2.7137e-01 -1.5648e-02 -2.0110e-01 -1.3785e+00 -6.1984e-01 -3.6064e-01 +1.1571e+00 +4.4362e-01 -1.6630e+00
17 0 +3.974652191e+01 -9.887347809e+01 -9.887347809e+01 -8.7468e-01 +8.8708e-01 +1.2586e+00 -7.2068e-01 +1.0634e+00 +5.1278e-01 +9.2206e-01 +1.9968e+00 -1.4539e-01 -6.5374e-01
21 0 +3.713740102e+01 -1.014825990e+02 -1.014825990e+02 +4.5779e-01 +6.6078e-01 +1.1831e+00 +1.1538e+00 -1.2777e+00 -8.3783e-01 +6.1504e-01 +6.1379e-01 +6.1505e-01 +3.9527e+00
28 0 +3.276935266e+01 -1.058506473e+02 -1.058506473e+02 +1.5413e+00 -1.3359e+00 +1.2632e+00 +1.1023e-01 -8.8151e-01 +5.6210e-01 +2.9906e-01 -5.0022e-01 +1.6980e-01 -2.8531e-01
160 0 +3.012085627e+01 -1.084991437e+02 -1.084991437e+02 +1.8335e+00 -4.1683e-02 +7.8175e-01 -1.6137e+00 -4.7788e-01 -7.9294e-01 +3.3023e+00 +8.6151e-01 -2.1698e-01 +1.8715e+00
461 0 +2.735013598e+01 -1.112698640e+02 -1.112698640e+02 +3.2814e+00 +9.3630e-01 +1.1746e+00 +2.1149e+00 -1.6916e+00 -2.1115e+00 +2.5662e+00 +2.6746e+00 -2.2528e+00 +4.7206e-01
768 0 +2.725947862e+01 -1.113605214e+02 -1.113605214e+02 +5.4933e-01 -7.9225e-01 +2.0589e+00 +5.7395e-01 +1.9023e+00 +1.7729e+00 +1.1903e+00 -9.4313e-02 -1.4240e+00 +2.8989e+00
806 0 +2.695483047e+01 -1.116651695e+02 -1.116651695e+02 +1.5884e+00 -4.5897e-01 +2.4338e-01 +2.1666e-01 -2.8983e-01 +9.0766e-01 +1.8938e+00 +2.2389e+00 -3.5223e+00 +2.4104e+00
1094 0 +2.638856494e+01 -1.122314351e+02 -1.122314351e+02 -2.7074e+00 +5.8742e-01 +4.9035e-01 +1.9306e+00 -5.4611e-01 +3.1516e+00 +2.5911e-02 +7.6597e-01 -4.8823e-01 +4.0180e+00
1113 0 +2.087787776e+01 -1.177421222e+02 -1.177421222e+02 -2.3953e-02 +1.9222e-01 -3.7614e-01 +5.4047e-01 +6.9107e-01 +2.9420e+00 -1.2836e+00 +1.7302e-01 +1.5606e-01 +1.3236e+00
1141 0 +2.054280396e+01 -1.180771960e+02 -1.180771960e+02 -1.8672e+00 -1.7424e+00 -2.7798e+00 +2.8664e+00 +9.7547e-01 +3.5503e+00 -1.0747e+00 +2.8162e+00 -2.8090e+00 +2.1921e+00
1146 0 +1.099797298e+01 -1.276220270e+02 -1.276220270e+02 -2.8343e+00 +2.2341e+00 +3.9079e-01 +1.5662e+00 -1.5302e-02 +1.8193e+00 -2.8556e+00 -2.2350e+00 -1.3264e+00 +2.2141e+00
2101 0 +8.695936183e+00 -1.299240638e+02 -1.299240638e+02 -2.3479e+00 +2.0772e+00 -2.6546e-01 +1.8517e+00 +1.3166e-01 +3.0960e+00 -1.0144e+00 -9.2331e-01 +4.2073e-01 +2.6750e-01
2237 0 +8.498854017e+00 -1.301211460e+02 -1.301211460e+02 -2.4421e+00 +2.2151e+00 -7.3024e-02 +1.9772e+00 +1.3219e+00 +3.4097e+00 -8.3074e-01 -1.0416e+00 -1.6909e-01 +2.9107e-01
2250 0 +7.820320419e+00 -1.307996796e+02 -1.307996796e+02 -2.4416e+00 +2.6201e+00 +2.7695e-01 +2.1644e+00 +1.2375e+00 +2.7694e+00 -5.1338e-01 -1.2111e+00 +8.1259e-03 +3.1530e-01
2302 0 +3.389308419e+00 -1.352306916e+02 -1.352306916e+02 -2.0964e+00 +2.0459e+00 -1.9045e-02 +1.7565e+00 +1.2521e+00 +3.6209e+00 -7.5242e-01 -6.7260e-01 -4.5987e-02 +1.0860e-01
% f evaluations | g evaluations | best noise-free fitness - Fopt (7.313900000000e+02) + sum g_i+ | measured fitness | best measured fitness or single-digit g-values | x1 | x2...
1 0 +9.616550670e+01 +8.275555067e+02 +8.275555067e+02 +5.9671e-01 -3.8264e-02 +7.4769e-01 +1.6230e+00 -1.3415e-01 -1.3414e-01 +1.6792e+00 +8.6743e-01 -3.6947e-01 +6.4256e-01
2 0 +6.107912337e+01 +7.924691234e+02 +7.924691234e+02 -3.6342e-01 -3.6573e-01 +3.4196e-01 -1.8133e+00 -1.6249e+00 -4.6229e-01 -9.1283e-01 +4.1425e-01 -8.0802e-01 -1.3123e+00
7 0 +5.878047704e+01 +7.901704770e+02 +7.901704770e+02 -3.7917e-01 -8.5659e-02 -1.0063e+00 -1.0962e+00 +9.1253e-01 +1.4562e+00 +2.7990e-02 +1.1035e+00 +4.6164e-01 -5.4512e-01
9 0 +5.597123573e+01 +7.873612357e+02 +7.873612357e+02 -1.1967e-01 +4.5711e-01 +1.5779e+00 -4.1827e-01 -7.0849e-01 -4.0176e-01 +1.0154e+00 +4.2875e-01 -4.2976e-01 +6.1327e-01
12 0 +4.866274420e+01 +7.800527442e+02 +7.800527442e+02 -1.8188e+00 +7.3486e-02 +1.6023e-01 +2.5632e+00 -9.2361e-02 +4.0155e-01 +6.5288e-02 -1.0687e+00 +1.2428e+00 +8.5193e-01
18 0 +3.521180174e+01 +7.666018017e+02 +7.666018017e+02 -7.8951e-01 -7.1581e-01 +2.2898e-02 +4.4115e-01 +3.7669e-01 +9.2718e-01 +1.1300e-01 +1.5535e+00 -1.6466e-01 +2.8202e+00
29 0 +3.332197453e+01 +7.647119745e+02 +7.647119745e+02 +2.1352e-01 +7.6213e-01 +1.6860e+00 -1.1378e+00 +2.2330e+00 -1.8521e+00 -5.1785e-02 +6.8832e-01 +3.8099e-01 -5.2270e-01
67 0 +1.947464737e+01 +7.508646474e+02 +7.508646474e+02 -4.0601e-01 -4.0166e-01 +1.0262e+00 +7.8066e-01 -3.5837e-01 -3.7870e-01 -1.3841e-01 +1.7198e+00 -3.5066e-02 +1.1435e+00
183 0 +1.452480240e+01 +7.459148024e+02 +7.459148024e+02 -1.3392e+00 +4.9816e-02 +1.9118e+00 +1.0869e+00 -3.6195e-01 +1.5280e-01 +1.6020e+00 +1.1800e+00 -2.2866e-01 +5.6885e-01
366 0 +1.257804842e+01 +7.439680484e+02 +7.439680484e+02 -1.5291e-01 -5.3393e-01 +1.0404e+00 +4.4875e-01 -9.7105e-03 -8.2755e-01 -6.8625e-01 +1.2464e+00 -9.5310e-01 -2.1772e-02
371 0 +7.863035568e+00 +7.392530356e+02 +7.392530356e+02 -5.4253e-01 -3.6642e-02 +1.0769e+00 +4.7903e-01 +2.8926e-01 -1.1047e+00 -1.3149e+00 +1.4550e+00 -2.4198e-02 +9.9239e-02
455 0 +7.540366356e+00 +7.389303664e+02 +7.389303664e+02 -5.0961e-01 -4.4510e-01 +5.0743e-01 +8.2268e-01 -1.0174e-01 +1.8467e-01 -3.1988e-01 +1.1459e+00 -4.3623e-01 +8.0866e-01
522 0 +6.053314774e+00 +7.374433148e+02 +7.374433148e+02 -8.3501e-01 -1.0154e-01 +6.2070e-01 +3.1197e-01 +1.4770e-02 -3.2007e-01 -1.3814e+00 +1.1024e+00 -1.5223e-01 +1.8269e-01
780 0 +5.627800884e+00 +7.370178009e+02 +7.370178009e+02 -9.3395e-01 +1.6191e-01 -1.0479e-02 +2.2324e-01 +2.1627e-01 -6.8548e-02 -1.6871e+00 +8.0735e-01 +2.9940e-01 +1.6555e-01
802 0 +4.351846841e+00 +7.357418468e+02 +7.357418468e+02 -6.9136e-01 +1.0425e-01 -5.1422e-01 -1.4904e-01 +7.1164e-01 -8.0572e-01 -2.4613e+00 +3.8019e-01 +6.1981e-01 -5.9290e-01
828 0 +3.709881216e+00 +7.350998812e+02 +7.350998812e+02 -1.0608e+00 +4.0752e-01 +2.3852e-01 -5.3539e-02 +1.0855e+00 -6.7242e-01 -2.2327e+00 +4.4003e-01 +3.8412e-01 -1.7701e-01
1014 0 +3.014062490e+00 +7.344040625e+02 +7.344040625e+02 -1.0015e+00 +3.2981e-01 +1.3103e-01 +1.2705e-01 +1.2147e+00 -4.2780e-01 -1.8607e+00 +3.0804e-01 +3.9688e-01 +1.5075e-01
1067 0 +2.366117856e+00 +7.337561179e+02 +7.337561179e+02 -1.0274e+00 +2.1386e-01 +1.5102e-01 -2.2385e-01 +1.3022e+00 -6.8521e-01 -2.5652e+00 +2.3931e-01 +6.3604e-01 +6.7730e-02
1104 0 +1.799287155e+00 +7.331892872e+02 +7.331892872e+02 -1.2015e+00 +2.3844e-01 +6.2035e-02 -3.5624e-02 +1.0668e+00 -4.2703e-01 -2.4745e+00 +2.2840e-01 +5.5284e-01 +1.9824e-01
1257 0 +1.712035851e+00 +7.331020359e+02 +7.331020359e+02 -1.0118e+00 +2.2863e-01 +4.0194e-01 +2.0144e-02 +1.0506e+00 -2.2027e-01 -2.4122e+00 +9.6052e-02 +6.3486e-01 +6.0118e-02
1313 0 +1.014687633e+00 +7.324046876e+02 +7.324046876e+02 -1.0049e+00 +1.0685e-01 +3.1682e-01 -1.6055e-02 +1.0793e+00 -3.0115e-01 -2.1539e+00 +2.2191e-01 +3.9829e-01 -2.0440e-02
1405 0 +9.734556008e-01 +7.323634556e+02 +7.323634556e+02 -9.8680e-01 +1.8589e-01 +3.7162e-01 +1.0777e-03 +1.1540e+00 -2.2503e-01 -2.3109e+00 +1.8864e-01 +7.6497e-01 +1.8871e-01
1464 0 +7.445764505e-01 +7.321345765e+02 +7.321345765e+02 -1.0460e+00 +1.5769e-01 +3.7534e-01 -4.5943e-02 +1.1363e+00 -9.1315e-02 -2.2717e+00 +1.1740e-01 +6.7025e-01 +2.7586e-01
1510 0 +6.452401019e-01 +7.320352401e+02 +7.320352401e+02 -1.0699e+00 +3.1878e-01 +2.6813e-01 +4.5507e-02 +9.6654e-01 -2.7226e-01 -2.2358e+00 +1.7521e-01 +4.7390e-01 +1.1132e-01
1552 0 +5.817053785e-01 +7.319717054e+02 +7.319717054e+02 -1.0785e+00 +2.7370e-01 +2.9434e-01 +2.4744e-02 +1.0418e+00 -2.1186e-01 -2.3282e+00 +2.0844e-01 +5.1498e-01 +2.7991e-02
1680 0 +5.765573349e-01 +7.319665573e+02 +7.319665573e+02 -1.0401e+00 +1.9448e-01 +2.0244e-01 +1.5067e-03 +1.1022e+00 -2.9915e-01 -2.3386e+00 +2.0398e-01 +5.6725e-01 +1.6412e-01
1707 0 +4.392827141e-01 +7.318292827e+02 +7.318292827e+02 -1.0806e+00 +3.6505e-01 +4.4390e-01 +6.5214e-02 +1.0937e+00 -1.4033e-01 -2.2316e+00 +4.1195e-02 +4.6304e-01 +1.5922e-01
1746 0 +3.826989863e-01 +7.317726990e+02 +7.317726990e+02 -1.0519e+00 +2.8305e-01 +3.4534e-01 +7.5259e-02 +9.8964e-01 -1.9189e-01 -2.1658e+00 +2.6321e-01 +4.8459e-01 +8.9937e-02
1760 0 +1.810562271e-01 +7.315710562e+02 +7.315710562e+02 -1.0184e+00 +2.3919e-01 +3.1774e-01 +1.2549e-02 +1.1038e+00 -3.2956e-01 -2.2476e+00 +2.1108e-01 +5.1534e-01 +5.2263e-02
2058 0 +1.546519987e-01 +7.315446520e+02 +7.315446520e+02 -9.7355e-01 +1.6547e-01 +2.8159e-01 -9.5004e-03 +1.1271e+00 -3.8205e-01 -2.2194e+00 +2.2695e-01 +5.3997e-01 -1.5532e-02
2077 0 +1.116066803e-01 +7.315016067e+02 +7.315016067e+02 -1.0510e+00 +2.4640e-01 +3.9414e-01 -1.2572e-03 +1.0881e+00 -3.8798e-01 -2.2232e+00 +2.4180e-01 +4.5638e-01 -3.6566e-02
2168 0 +6.351710891e-02 +7.314535171e+02 +7.314535171e+02 -9.9337e-01 +1.3708e-01 +2.9312e-01 -1.8681e-02 +1.1233e+00 -3.8974e-01 -2.2216e+00 +2.4754e-01 +5.2373e-01 +8.2841e-03
2401 0 +3.968237890e-02 +7.314296824e+02 +7.314296824e+02 -9.9568e-01 +1.8804e-01 +2.8352e-01 -1.9515e-02 +1.1099e+00 -4.0674e-01 -2.2585e+00 +2.5841e-01 +5.1430e-01 -6.0314e-02
2441 0 +3.938235614e-02 +7.314293824e+02 +7.314293824e+02 -9.9184e-01 +1.5700e-01 +2.6926e-01 -3.4407e-03 +1.0982e+00 -3.9996e-01 -2.2140e+00 +2.7758e-01 +5.0129e-01 -6.6299e-02
2494 0 +3.393036007e-02 +7.314239304e+02 +7.314239304e+02 -9.8377e-01 +1.7019e-01 +2.3301e-01 -1.3089e-02 +1.0419e+00 -4.1898e-01 -2.2345e+00 +3.2104e-01 +4.6515e-01 -1.1827e-01
% f evaluations | g evaluations | best noise-free fitness - Fopt (7.526000000000e+01) + sum g_i+ | measured fitness | best measured fitness or single-digit g-values | x1 | x2...
1 0 +9.201754807e+01 +1.672775481e+02 +1.672775481e+02 +5.9671e-01 -3.8264e-02 +7.4769e-01 +1.6230e+00 -1.3415e-01 -1.3414e-01 +1.6792e+00 +8.6743e-01 -3.6947e-01 +6.4256e-01
4 0 +8.048127105e+01 +1.557412710e+02 +1.557412710e+02 -5.0171e-01 +1.9523e+00 +8.6503e-02 -9.5771e-01 +9.2254e-01 -1.1208e+00 +3.0886e-01 -1.8597e+00 -1.2282e+00 +2.9686e-01
6 0 +6.879173818e+01 +1.440517382e+02 +1.440517382e+02 +4.2408e-01 -2.8508e-01 -5.7692e-01 +7.1168e-01 +1.1310e+00 +1.0313e+00 -7.3922e-01 -2.0921e-01 +4.3126e-01 +1.0755e+00
9 0 +5.837541529e+01 +1.336354153e+02 +1.336354153e+02 -1.1967e-01 +4.5711e-01 +1.5779e+00 -4.1827e-01 -7.0849e-01 -4.0176e-01 +1.0154e+00 +4.2875e-01 -4.2976e-01 +6.1327e-01
10 0 +5.820577622e+01 +1.334657762e+02 +1.334657762e+02 +1.9708e-01 +1.0686e+00 -6.0205e-01 -2.2766e-01 -2.9211e-01 -1.3635e+00 +3.9612e-01 +3.6106e-01 +1.0511e-01 -1.3459e-01
11 0 +5.448489033e+01 +1.297448903e+02 +1.297448903e+02 -1.3154e+00 -3.2065e-01 -2.4271e-01 -7.0228e-01 -6.1286e-02 +5.0405e-01 +1.9862e+00 +2.7458e-01 +3.5755e-01 +2.5554e-02
28 0 +2.714502268e+01 +1.024050227e+02 +1.024050227e+02 +1.5413e+00 -1.3359e+00 +1.2632e+00 +1.1023e-01 -8.8151e-01 +5.6210e-01 +2.9906e-01 -5.0022e-01 +1.6980e-01 -2.8531e-01
142 0 +2.078771243e+01 +9.604771243e+01 +9.604771243e+01 -1.4882e+00 -6.7970e-01 -6.7032e-01 +7.7283e-01 -3.6272e-01 -1.6981e-01 +1.1133e+00 +7.3851e-02 +2.1208e-02 +6.0514e-01
337 0 +2.074561258e+01 +9.600561258e+01 +9.600561258e+01 -2.4435e+00 -3.2141e+00 -5.1954e-01 +2.0440e+00 -3.7131e-01 -4.8090e-01 +2.3321e+00 +3.1670e+00 -8.9612e-01 +1.5992e+00
396 0 +1.746841882e+01 +9.272841882e+01 +9.272841882e+01 +1.8228e+00 -2.2829e+00 -1.3711e+00 +2.8558e+00 +4.5404e+00 -1.8950e+00 +2.7286e+00 +2.9064e+00 -1.4008e+00 +4.9827e+00
1056 0 +9.881898406e+00 +8.514189841e+01 +8.514189841e+01 -4.1536e+00 +2.0881e+00 -7.0068e-01 +2.8761e+00 +1.3972e+00 +8.6413e-01 -2.0857e+00 +3.0263e+00 -8.5257e-01 -2.3736e+00
1180 0 +8.534212998e+00 +8.379421300e+01 +8.379421300e+01 -2.6275e+00 +3.9926e+00 -1.4145e+00 +5.3958e-01 -1.2925e+00 +1.1615e+00 +1.3579e+00 +4.2873e-01 +2.0144e-01 -2.0289e+00
2107 0 +4.563324339e+00 +7.982332434e+01 +7.982332434e+01 -1.3457e+00 -1.4357e+00 +1.0866e+00 +7.5003e-01 +2.6685e+00 -1.1991e-01 +1.7083e+00 +1.8385e+00 -1.6777e+00 +1.1315e+00
% f evaluations | g evaluations | best noise-free fitness - Fopt (-4.913000000000e+01) + sum g_i+ | measured fitness | best measured fitness or single-digit g-values | x1 | x2...
1 0 +1.248399223e+02 +7.570992230e+01 +7.570992230e+01 +5.9671e-01 -3.8264e-02 +7.4769e-01 +1.6230e+00 -1.3415e-01 -1.3414e-01 +1.6792e+00 +8.6743e-01 -3.6947e-01 +6.4256e-01
2 0 +5.939067329e+01 +1.026067329e+01 +1.026067329e+01 -3.6342e-01 -3.6573e-01 +3.4196e-01 -1.8133e+00 -1.6249e+00 -4.6229e-01 -9.1283e-01 +4.1425e-01 -8.0802e-01 -1.3123e+00
12 0 +2.163830984e+01 -2.749169016e+01 -2.749169016e+01 -1.8188e+00 +7.3486e-02 +1.6023e-01 +2.5632e+00 -9.2361e-02 +4.0155e-01 +6.5288e-02 -1.0687e+00 +1.2428e+00 +8.5193e-01
865 0 +2.087830067e+01 -2.825169933e+01 -2.825169933e+01 +1.8234e+00 +1.9646e+00 -3.2427e-01 +3.5730e-01 -6.8548e-01 +6.3599e-01 +2.6574e-01 +3.3413e-01 +3.5387e+00 +1.2731e+00
1234 0 +1.575452170e+01 -3.337547830e+01 -3.337547830e+01 +2.2681e-01 +8.7736e-01 -1.3968e+00 +1.1609e-01 -2.2829e+00 +1.7022e+00 -1.8283e+00 +3.8012e+00 +1.4638e+00 +2.1320e+00
1327 0 +1.434692185e+01 -3.478307815e+01 -3.478307815e+01 -3.9548e-01 +5.5621e-01 -8.2967e-01 +1.1676e+00 -3.0615e+00 -1.0245e-01 -9.5450e-01 +1.4097e+00 +2.5010e+00 +1.8623e+00
