% f evaluations | g evaluations | best noise-free fitness - Fopt (-1.000000000000e+03) + sum g_i+ | measured fitness | best measured fitness or single-digit g-values | x1 | x2...
1 0 +7.125699810e+01 -9.287430019e+02 -9.287430019e+02 +5.9671e-01 -3.8264e-02 +7.4769e-01 +1.6230e+00 -1.3415e-01 -1.3414e-01 +1.6792e+00 +8.6743e-01 -3.6947e-01 +6.4256e-01
6 0 +7.105190837e+01 -9.289480916e+02 -9.289480916e+02 +4.2408e-01 -2.8508e-01 -5.7692e-01 +7.1168e-01 +1.1310e+00 +1.0313e+00 -7.3922e-01 -2.0921e-01 +4.3126e-01 +1.0755e+00
30 0 +6.737530124e+01 -9.326246988e+02 -9.326246988e+02 -1.0812e-01 -3.9300e-01 -4.8936e-01 +9.4960e-01 +4.5702e-01 -5.9291e-01 +9.9960e-01 +4.0730e-01 +9.1286e-01 +7.2963e-01
38 0 +5.293221165e+01 -9.470677884e+02 -9.470677884e+02 +1.2451e-01 +5.9800e-01 +1.5511e+00 +1.0593e+00 +2.2532e+00 -6.6735e-01 +9.7232e-01 +2.8334e-01 +2.2898e+00 -7.0830e-01
77 0 +4.510953849e+01 -9.548904615e+02 -9.548904615e+02 +5.4418e-01 +1.5819e+00 -2.2132e+00 +1.5076e+00 +2.6396e+00 -2.0972e+00 -3.6748e-01 +2.7229e+00 +3.1762e+00 +2.0069e+00
82 0 +3.581094400e+01 -9.641890560e+02 -9.641890560e+02 +1.2421e+00 +1.0996e+00 -1.4977e+00 +9.3606e-01 +2.4990e+00 -4.0083e-01 +5.7289e-02 +2.2117e+00 +2.5091e+00 +4.9551e-01
91 0 +2.029926092e+01 -9.797007391e+02 -9.797007391e+02 -9.4684e-01 -5.9482e-01 +1.2192e+00 +1.8898e+00 +3.4280e+00 -7.3350e-01 +9.8464e-01 +2.3783e+00 +3.1266e+00 +7.4164e-01
422 0 +9.114476562e+00 -9.908855234e+02 -9.908855234e+02 +6.4470e-01 +1.5518e+00 -3.8111e-01 +3.4338e+00 +2.8652e+00 -6.0366e-01 +1.5656e+00 +1.8142e+00 +3.5790e+00 +7.2808e-01
475 0 +8.425095147e+00 -9.915749049e+02 -9.915749049e+02 +1.3182e+00 +3.5015e-01 +6.2676e-01 +2.1571e+00 +2.9923e+00 -1.4764e+00 +4.9001e-01 +3.1031e+00 +2.8107e+00 +7.6029e-01
499 0 +6.297589925e+00 -9.937024101e+02 -9.937024101e+02 +1.1951e+00 +6.7564e-02 +6.4653e-01 +2.6796e+00 +3.1122e+00 -3.9729e-01 +1.1247e+00 +2.0654e+00 +4.2873e+00 +1.5798e+00
612 0 +5.774197143e+00 -9.942258029e+02 -9.942258029e+02 +5.5113e-01 +9.5736e-01 +6.2766e-01 +3.1710e+00 +3.2116e+00 -1.3761e+00 +7.1795e-01 +2.0198e+00 +3.3812e+00 +1.6950e+00
640 0 +5.260100188e+00 -9.947398998e+02 -9.947398998e+02 +1.2968e+00 +6.5058e-01 +2.3134e-01 +3.0475e+00 +2.9865e+00 -5.1329e-01 +9.5973e-01 +3.4531e+00 +4.3842e+00 +1.4491e+00
689 0 +3.820049189e+00 -9.961799508e+02 -9.961799508e+02 +1.9448e+00 +9.4201e-01 +5.2114e-01 +3.4384e+00 +3.7577e+00 -7.0952e-01 +1.3725e+00 +2.5795e+00 +4.2421e+00 +1.0050e+00
692 0 +3.074224336e+00 -9.969257757e+02 -9.969257757e+02 +1.4994e+00 +1.5222e-01 +1.2128e-01 +3.2885e+00 +3.7383e+00 -9.9995e-01 +4.1140e-01 +3.3537e+00 +3.3590e+00 +1.2040e+00
815 0 +2.547824058e+00 -9.974521759e+02 -9.974521759e+02 +4.7301e-01 +2.8542e-01 +4.6528e-01 +3.2547e+00 +3.6128e+00 -1.3253e+00 +5.1840e-01 +2.6416e+00 +3.3155e+00 +7.4948e-01
994 0 +2.459140122e+00 -9.975408599e+02 -9.975408599e+02 +9.0541e-01 -1.0792e-01 +4.1964e-01 +3.6718e+00 +3.7394e+00 -1.5268e+00 +9.0275e-01 +2.8751e+00 +3.0170e+00 +1.0981e+00
1005 0 +2.194053964e+00 -9.978059460e+02 -9.978059460e+02 +1.1804e+00 +3.1465e-01 +6.8177e-02 +3.3885e+00 +3.8624e+00 -1.7177e+00 +1.3016e+00 +2.3187e+00 +3.4083e+00 +1.3828e+00
1008 0 +2.146014516e+00 -9.978539855e+02 -9.978539855e+02 +1.2153e+00 +5.6688e-01 -2.3699e-02 +3.7258e+00 +3.6135e+00 -1.3140e+00 +7.3949e-01 +2.5468e+00 +3.3189e+00 +1.3933e+00
1069 0 +2.131841886e+00 -9.978681581e+02 -9.978681581e+02 +1.5111e+00 +5.1339e-01 -1.8028e-01 +3.5640e+00 +3.7012e+00 -1.0599e+00 +1.0888e+00 +2.1767e+00 +3.5752e+00 +8.7851e-01
1087 0 +2.063542551e+00 -9.979364574e+02 -9.979364574e+02 +1.6875e+00 +3.4136e-01 +4.3242e-02 +3.4876e+00 +3.7599e+00 -9.7802e-01 +1.0165e+00 +2.6336e+00 +3.4218e+00 +1.0721e+00
1265 0 +2.012464970e+00 -9.979875350e+02 -9.979875350e+02 +1.0327e+00 +2.2234e-01 +2.7104e-02 +3.5671e+00 +3.6853e+00 -1.0695e+00 +6.3446e-01 +2.7304e+00 +3.7030e+00 +1.0707e+00
1320 0 +2.005053152e+00 -9.979949468e+02 -9.979949468e+02 +1.3693e+00 +2.6189e-01 +4.7117e-03 +3.3201e+00 +3.6013e+00 -1.2226e+00 +1.1004e+00 +2.3585e+00 +3.6748e+00 +1.1561e+00
1388 0 +1.994843025e+00 -9.980051570e+02 -9.980051570e+02 +1.2283e+00 +3.3936e-01 +7.8485e-02 +3.6659e+00 +3.8684e+00 -1.2142e+00 +9.2873e-01 +2.6751e+00 +3.5519e+00 +1.0201e+00
1488 0 +1.993476202e+00 -9.980065238e+02 -9.980065238e+02 +1.1629e+00 +3.0405e-01 +1.9287e-01 +3.5073e+00 +3.5576e+00 -9.7688e-01 +1.0589e+00 +2.4176e+00 +3.5312e+00 +1.1387e+00
1572 0 +1.990335725e+00 -9.980096643e+02 -9.980096643e+02 +1.2024e+00 +2.9183e-01 +2.0556e-01 +3.4788e+00 +3.4560e+00 -1.0339e+00 +1.0528e+00 +2.6291e+00 +3.7595e+00 +1.3345e+00
1632 0 +1.990158660e+00 -9.980098413e+02 -9.980098413e+02 +1.0857e+00 +1.2789e-01 +2.3582e-01 +3.5058e+00 +3.4942e+00 -1.0156e+00 +9.5314e-01 +2.5543e+00 +3.6470e+00 +1.2598e+00
1646 0 +1.980565037e+00 -9.980194350e+02 -9.980194350e+02 +1.2379e+00 +4.5208e-01 +1.2131e-01 +3.4797e+00 +3.6518e+00 -1.1907e+00 +1.1014e+00 +2.7398e+00 +3.5635e+00 +1.1673e+00
1712 0 +1.976049670e+00 -9.980239503e+02 -9.980239503e+02 +1.1638e+00 +1.3145e-01 +2.2829e-01 +3.4270e+00 +3.6217e+00 -1.2723e+00 +1.0315e+00 +2.6384e+00 +3.6169e+00 +1.1954e+00
1713 0 +1.975571882e+00 -9.980244281e+02 -9.980244281e+02 +1.1660e+00 +4.3661e-01 +1.6322e-01 +3.3964e+00 +3.6510e+00 -1.0649e+00 +8.7266e-01 +2.6402e+00 +3.6674e+00 +1.2348e+00
1724 0 +1.968304356e+00 -9.980316956e+02 -9.980316956e+02 +1.1331e+00 +3.3158e-01 +6.6008e-02 +3.4907e+00 +3.6728e+00 -1.2588e+00 +1.0874e+00 +2.5274e+00 +3.7203e+00 +1.1573e+00
1726 0 +1.967116303e+00 -9.980328837e+02 -9.980328837e+02 +1.1827e+00 +3.2637e-01 +2.1723e-01 +3.4726e+00 +3.6997e+00 -1.2115e+00 +9.8228e-01 +2.5322e+00 +3.5961e+00 +1.1965e+00
1744 0 +1.965098535e+00 -9.980349015e+02 -9.980349015e+02 +1.1914e+00 +2.5866e-01 +2.5166e-01 +3.4436e+00 +3.5815e+00 -1.1562e+00 +1.0307e+00 +2.5936e+00 +3.6965e+00 +1.0974e+00
1796 0 +1.960630645e+00 -9.980393694e+02 -9.980393694e+02 +1.1860e+00 +2.6206e-01 +1.3958e-01 +3.4776e+00 +3.7281e+00 -1.0962e+00 +9.7924e-01 +2.6018e+00 +3.7572e+00 +1.1362e+00
1955 0 +1.958293149e+00 -9.980417069e+02 -9.980417069e+02 +1.1139e+00 +2.5475e-01 +1.7321e-01 +3.4930e+00 +3.6873e+00 -1.1978e+00 +9.7350e-01 +2.6108e+00 +3.6987e+00 +1.1287e+00
2197 0 +1.957842153e+00 -9.980421578e+02 -9.980421578e+02 +1.1709e+00 +3.2243e-01 +1.5018e-01 +3.4806e+00 +3.6246e+00 -1.1602e+00 +1.0054e+00 +2.6738e+00 +3.6627e+00 +1.0781e+00
2265 0 +1.956094249e+00 -9.980439058e+02 -9.980439058e+02 +1.1399e+00 +3.0852e-01 +1.7230e-01 +3.4587e+00 +3.6861e+00 -1.1345e+00 +9.7045e-01 +2.6052e+00 +3.6683e+00 +1.1239e+00
2360 0 +1.955590145e+00 -9.980444099e+02 -9.980444099e+02 +1.1471e+00 +2.8036e-01 +1.4324e-01 +3.4602e+00 +3.6812e+00 -1.1624e+00 +9.9008e-01 +2.6219e+00 +3.6712e+00 +1.1225e+00
% f evaluations | g evaluations | best noise-free fitness - Fopt (1.000000000000e+03) + sum g_i+ | measured fitness | best measured fitness or single-digit g-values | x1 | x2...
1 0 +8.057463111e+01 +1.080574631e+03 +1.080574631e+03 +5.9671e-01 -3.8264e-02 +7.4769e-01 +1.6230e+00 -1.3415e-01 -1.3414e-01 +1.6792e+00 +8.6743e-01 -3.6947e-01 +6.4256e-01
2 0 +7.874391375e+01 +1.078743914e+03 +1.078743914e+03 -3.6342e-01 -3.6573e-01 +3.4196e-01 -1.8133e+00 -1.6249e+00 -4.6229e-01 -9.1283e-01 +4.1425e-01 -8.0802e-01 -1.3123e+00
4 0 +7.827089646e+01 +1.078270896e+03 +1.078270896e+03 -5.0171e-01 +1.9523e+00 +8.6503e-02 -9.5771e-01 +9.2254e-01 -1.1208e+00 +3.0886e-01 -1.8597e+00 -1.2282e+00 +2.9686e-01
7 0 +7.728644497e+01 +1.077286445e+03 +1.077286445e+03 -3.7917e-01 -8.5659e-02 -1.0063e+00 -1.0962e+00 +9.1253e-01 +1.4562e+00 +2.7990e-02 +1.1035e+00 +4.6164e-01 -5.4512e-01
9 0 +7.573061017e+01 +1.075730610e+03 +1.075730610e+03 -1.1967e-01 +4.5711e-01 +1.5779e+00 -4.1827e-01 -7.0849e-01 -4.0176e-01 +1.0154e+00 +4.2875e-01 -4.2976e-01 +6.1327e-01
27 0 +7.238718238e+01 +1.072387182e+03 +1.072387182e+03 -8.2693e-01 +4.0475e-02 -3.1413e+00 -9.2439e-01 -1.5257e-01 -1.1478e+00 +1.7324e+00 -1.3301e+00 -3.4004e-01 +2.3074e-01
61 0 +6.923361588e+01 +1.069233616e+03 +1.069233616e+03 -3.1176e+00 +2.0322e+00 -1.8411e+00 -9.1144e-01 -9.0095e-01 -1.2606e+00 +1.6330e+00 +1.2355e-01 -4.1797e-01 +2.3640e+00
68 0 +6.855692954e+01 +1.068556930e+03 +1.068556930e+03 +5.8100e-01 +1.6133e+00 -3.3301e+00 +1.8535e+00 -2.3096e-01 -1.2405e+00 +5.6003e-01 +2.0332e-01 -5.9711e-01 -1.7183e+00
87 0 +6.063903123e+01 +1.060639031e+03 +1.060639031e+03 -2.3947e+00 +4.5854e-01 -3.3534e+00 +3.8390e-01 -4.3530e-01 +8.9248e-02 +9.9023e-01 +2.4396e-01 -2.1936e+00 -8.0646e-01
91 0 +5.575392266e+01 +1.055753923e+03 +1.055753923e+03 -7.2168e-01 +9.0630e-01 -3.7822e+00 -8.5263e-01 +6.7873e-01 -1.0409e+00 +1.1065e+00 +3.9110e-01 -1.2028e+00 -1.4101e-01
144 0 +3.004705572e+01 +1.030047056e+03 +1.030047056e+03 -2.1671e+00 +2.5145e+00 -3.5999e+00 -2.0175e-01 -1.1492e-02 -1.0941e+00 +2.2923e+00 -5.2696e-01 -2.8476e+00 -1.2392e+00
177 0 +2.112811713e+01 +1.021128117e+03 +1.021128117e+03 -1.3352e+00 +3.5280e+00 -4.3226e+00 -3.6390e-01 +1.8171e-01 +7.4709e-01 +3.0000e+00 -1.6798e+00 -2.9564e+00 -2.8475e+00
506 0 +1.456915780e+01 +1.014569158e+03 +1.014569158e+03 -1.5033e+00 +3.5505e+00 -4.2215e+00 -2.1899e+00 +1.5569e-01 +1.4842e+00 +2.8742e+00 -1.2467e-01 -2.8377e+00 -4.5981e+00
508 0 +9.340766143e+00 +1.009340766e+03 +1.009340766e+03 -1.6050e+00 +4.2831e+00 -3.8813e+00 -2.7776e+00 +2.3324e-01 +6.3944e-01 +2.4056e+00 +4.8907e-01 -2.6861e+00 -3.1999e+00
544 0 +7.517769645e+00 +1.007517770e+03 +1.007517770e+03 -1.0937e+00 +3.5257e+00 -4.4543e+00 -2.4939e+00 +2.6728e-02 +5.7407e-01 +1.0174e+00 +1.0343e+00 -3.7505e+00 -1.6931e+00
601 0 +7.386419707e+00 +1.007386420e+03 +1.007386420e+03 -2.3328e+00 +3.1678e+00 -4.8357e+00 -8.4822e-01 -6.3788e-01 +1.2010e+00 +1.3298e+00 -1.5780e-02 -3.6866e+00 -3.6108e+00
728 0 +4.136567995e+00 +1.004136568e+03 +1.004136568e+03 -1.5104e+00 +2.7886e+00 -4.9106e+00 -2.2340e+00 -4.0154e-01 +5.8827e-01 +1.2472e+00 +2.7125e-01 -2.8576e+00 -3.1875e+00
902 0 +3.654108326e+00 +1.003654108e+03 +1.003654108e+03 -2.4215e+00 +3.4887e+00 -4.7149e+00 -1.9878e+00 +4.9352e-01 +1.4634e+00 +1.6196e+00 +1.2649e-01 -3.4805e+00 -2.2648e+00
940 0 +3.491714163e+00 +1.003491714e+03 +1.003491714e+03 -2.1692e+00 +3.5768e+00 -4.7421e+00 -1.4497e+00 -4.9569e-01 +4.3586e-01 +8.2706e-01 +3.3787e-01 -2.1282e+00 -3.3234e+00
975 0 +2.969415731e+00 +1.002969416e+03 +1.002969416e+03 -3.0444e+00 +3.3284e+00 -4.6528e+00 -1.9154e+00 +1.6027e-01 +1.0010e+00 +1.5944e+00 +3.2240e-02 -3.2249e+00 -2.6254e+00
1014 0 +2.624810304e+00 +1.002624810e+03 +1.002624810e+03 -2.5521e+00 +2.9486e+00 -4.3884e+00 -2.2449e+00 -3.2104e-01 +1.3233e+00 +2.0754e+00 +2.6658e-01 -2.4208e+00 -2.6513e+00
1017 0 +2.265787485e+00 +1.002265787e+03 +1.002265787e+03 -2.6661e+00 +3.4243e+00 -4.5945e+00 -2.3710e+00 -3.7362e-01 +1.3113e+00 +1.6489e+00 +5.7500e-02 -2.9737e+00 -3.0906e+00
1096 0 +2.209675840e+00 +1.002209676e+03 +1.002209676e+03 -2.2075e+00 +3.2948e+00 -4.5140e+00 -1.8721e+00 -2.8097e-01 +9.0279e-01 +1.6131e+00 -2.0988e-01 -3.1860e+00 -2.4074e+00
1105 0 +2.068410564e+00 +1.002068411e+03 +1.002068411e+03 -2.6151e+00 +3.2519e+00 -4.4748e+00 -2.1091e+00 -1.4666e-01 +1.2994e+00 +1.4197e+00 +4.0968e-01 -2.8184e+00 -2.8080e+00
1134 0 +2.053341612e+00 +1.002053342e+03 +1.002053342e+03 -2.1755e+00 +3.3551e+00 -4.4575e+00 -2.3287e+00 -6.0068e-02 +9.3776e-01 +1.7908e+00 +2.5278e-01 -2.9972e+00 -2.7057e+00
1171 0 +2.022060810e+00 +1.002022061e+03 +1.002022061e+03 -2.4203e+00 +3.5792e+00 -4.4493e+00 -2.2825e+00 -1.2964e-01 +8.5651e-01 +1.3532e+00 +2.2910e-01 -2.8810e+00 -2.6691e+00
1246 0 +2.012027869e+00 +1.002012028e+03 +1.002012028e+03 -2.3483e+00 +3.4683e+00 -4.6574e+00 -2.2368e+00 -9.6046e-02 +1.1824e+00 +1.1823e+00 +4.0131e-01 -2.7194e+00 -2.5068e+00
1434 0 +2.000343427e+00 +1.002000343e+03 +1.002000343e+03 -2.3628e+00 +3.2095e+00 -4.6953e+00 -2.0624e+00 -1.1147e-01 +1.0490e+00 +1.4531e+00 +1.1948e-01 -2.6288e+00 -2.7373e+00
1461 0 +1.997347872e+00 +1.001997348e+03 +1.001997348e+03 -2.2749e+00 +3.2519e+00 -4.5014e+00 -2.1047e+00 -6.0007e-03 +9.0875e-01 +1.2318e+00 +3.5854e-01 -2.8605e+00 -2.7077e+00
1467 0 +1.992116448e+00 +1.001992116e+03 +1.001992116e+03 -2.4318e+00 +3.3382e+00 -4.6574e+00 -2.0227e+00 +2.0629e-02 +8.0364e-01 +1.5158e+00 +3.5062e-01 -2.7036e+00 -2.7183e+00
1674 0 +1.982020513e+00 +1.001982021e+03 +1.001982021e+03 -2.1359e+00 +3.4387e+00 -4.6560e+00 -1.8125e+00 -1.6614e-01 +8.3119e-01 +1.2308e+00 +3.4792e-01 -2.8102e+00 -2.5084e+00
1795 0 +1.977579005e+00 +1.001977579e+03 +1.001977579e+03 -2.3734e+00 +3.3764e+00 -4.7337e+00 -2.0124e+00 -2.0821e-01 +9.2133e-01 +1.4831e+00 +1.9257e-01 -2.8242e+00 -2.7583e+00
1799 0 +1.974100856e+00 +1.001974101e+03 +1.001974101e+03 -2.2575e+00 +3.3026e+00 -4.7230e+00 -2.0245e+00 -1.5253e-01 +1.0192e+00 +1.3907e+00 +2.4985e-01 -2.6623e+00 -2.7201e+00
1930 0 +1.969374279e+00 +1.001969374e+03 +1.001969374e+03 -2.2104e+00 +3.3223e+00 -4.5979e+00 -1.9220e+00 -1.3765e-01 +8.8202e-01 +1.4501e+00 +3.8425e-01 -2.8639e+00 -2.6432e+00
1987 0 +1.968427827e+00 +1.001968428e+03 +1.001968428e+03 -2.1752e+00 +3.2549e+00 -4.6476e+00 -1.9584e+00 -1.0911e-01 +9.5021e-01 +1.4152e+00 +3.0443e-01 -2.7704e+00 -2.7035e+00
2053 0 +1.966835136e+00 +1.001966835e+03 +1.001966835e+03 -2.2722e+00 +3.3257e+00 -4.6702e+00 -1.9389e+00 -1.9853e-01 +9.5465e-01 +1.3165e+00 +4.0124e-01 -2.8853e+00 -2.6235e+00
2074 0 +1.966141990e+00 +1.001966142e+03 +1.001966142e+03 -2.3542e+00 +3.3989e+00 -4.6548e+00 -2.0368e+00 -1.9562e-01 +8.3818e-01 +1.3591e+00 +4.1111e-01 -2.7899e+00 -2.7289e+00
2160 0 +1.962622977e+00 +1.001962623e+03 +1.001962623e+03 -2.3113e+00 +3.4448e+00 -4.6842e+00 -1.9078e+00 -1.9259e-01 +8.2644e-01 +1.3152e+00 +3.6554e-01 -2.8198e+00 -2.7250e+00
2240 0 +1.960931324e+00 +1.001960931e+03 +1.001960931e+03 -2.3265e+00 +3.3764e+00 -4.7256e+00 -1.9616e+00 -2.0743e-01 +8.6726e-01 +1.3040e+00 +3.7464e-01 -2.8488e+00 -2.6962e+00
2303 0 +1.959166720e+00 +1.001959167e+03 +1.001959167e+03 -2.2372e+00 +3.3341e+00 -4.6527e+00 -1.9822e+00 -1.1209e-01 +9.4771e-01 +1.3954e+00 +3.5402e-01 -2.7731e+00 -2.6446e+00
2319 0 +1.957716875e+00 +1.001957717e+03 +1.001957717e+03 -2.2791e+00 +3.4058e+00 -4.6805e+00 -1.9738e+00 -9.0165e-02 +8.5567e-01 +1.2964e+00 +3.9870e-01 -2.7723e+00 -2.6986e+00
2367 0 +1.957120265e+00 +1.001957120e+03 +1.001957120e+03 -2.2630e+00 +3.3651e+00 -4.6967e+00 -1.9758e+00 -1.6050e-01 +8.6085e-01 +1.3189e+00 +3.5287e-01 -2.8443e+00 -2.7032e+00
% f evaluations | g evaluations | best noise-free fitness - Fopt (-4.913000000000e+01) + sum g_i+ | measured fitness | best measured fitness or single-digit g-values | x1 | x2...
1 0 +8.346231079e+01 +3.433231079e+01 +3.433231079e+01 +5.9671e-01 -3.8264e-02 +7.4769e-01 +1.6230e+00 -1.3415e-01 -1.3414e-01 +1.6792e+00 +8.6743e-01 -3.6947e-01 +6.4256e-01
2 0 +8.216388633e+01 +3.303388633e+01 +3.303388633e+01 -3.6342e-01 -3.6573e-01 +3.4196e-01 -1.8133e+00 -1.6249e+00 -4.6229e-01 -9.1283e-01 +4.1425e-01 -8.0802e-01 -1.3123e+00
3 0 +8.141876268e+01 +3.228876268e+01 +3.228876268e+01 +1.5656e+00 -1.2578e-01 +1.6753e-01 -1.3247e+00 -4.4438e-01 +2.1092e-01 -1.0510e+00 +4.7570e-01 -5.0064e-01 -1.9169e-01
7 0 +8.080453584e+01 +3.167453584e+01 +3.167453584e+01 -3.7917e-01 -8.5659e-02 -1.0063e+00 -1.0962e+00 +9.1253e-01 +1.4562e+00 +2.7990e-02 +1.1035e+00 +4.6164e-01 -5.4512e-01
11 0 +7.963989013e+01 +3.050989013e+01 +3.050989013e+01 -1.3154e+00 -3.2065e-01 -2.4271e-01 -7.0228e-01 -6.1286e-02 +5.0405e-01 +1.9862e+00 +2.7458e-01 +3.5755e-01 +2.5554e-02
19 0 +7.816834160e+01 +2.903834160e+01 +2.903834160e+01 +7.2567e-01 -7.5716e-01 -9.7089e-01 +5.8247e-01 -1.2346e-01 +8.1400e-01 +5.7324e-01 +2.7171e-02 -7.4679e-01 -1.4148e+00
28 0 +7.246289379e+01 +2.333289379e+01 +2.333289379e+01 +1.5413e+00 -1.3359e+00 +1.2632e+00 +1.1023e-01 -8.8151e-01 +5.6210e-01 +2.9906e-01 -5.0022e-01 +1.6980e-01 -2.8531e-01
66 0 +6.296581211e+01 +1.383581211e+01 +1.383581211e+01 +8.1657e-01 -1.3605e+00 +5.4844e-01 +1.2941e+00 -2.0129e+00 +7.1555e-01 -1.2292e-02 +2.3167e+00 +1.2596e+00 +1.7911e-01
114 0 +3.619382328e+01 -1.293617672e+01 -1.293617672e+01 +2.5528e-01 -1.8578e+00 +6.7800e-01 +1.6985e+00 +5.6071e-01 +1.4712e+00 -6.4636e-01 +1.6830e+00 +4.2422e-01 -7.1057e-01
711 0 +3.150568613e+01 -1.762431387e+01 -1.762431387e+01 +7.4059e-01 -3.1556e+00 +2.5588e+00 +4.4806e-01 +2.4456e+00 +4.2880e+00 -1.5674e+00 -9.6119e-01 -2.2690e+00 +2.6846e+00
740 0 +1.519254635e+01 -3.393745365e+01 -3.393745365e+01 +2.6647e+00 -2.6575e-01 +8.6429e-01 +1.4521e+00 +1.6681e+00 +3.0023e+00 -4.0878e-01 +9.8035e-01 +1.0808e+00 -1.4771e+00
1139 0 +1.263867252e+01 -3.649132748e+01 -3.649132748e+01 +3.9118e-01 -2.8161e+00 +3.3354e+00 +2.1156e+00 +3.8731e+00 +4.0615e+00 +6.8295e-01 +2.9676e-01 -1.6595e+00 +3.2794e+00
1208 0 +9.660754357e+00 -3.946924564e+01 -3.946924564e+01 +4.5963e-02 -3.1218e+00 +3.7801e+00 +1.3321e+00 +4.3626e+00 +4.4625e+00 +3.2157e+00 +8.5969e-01 +1.7153e-01 +2.8337e+00
1414 0 +9.616781719e+00 -3.951321828e+01 -3.951321828e+01 -1.2500e-01 -3.1305e+00 +3.0747e+00 +2.1995e+00 +4.5185e+00 +3.9814e+00 +2.0767e+00 +7.1469e-01 -4.6950e-01 +3.8403e+00
1433 0 +9.578184082e+00 -3.955181592e+01 -3.955181592e+01 -4.9594e-01 -2.6820e+00 +4.2045e+00 +1.9283e+00 +4.9821e+00 +4.5409e+00 +2.8967e+00 +7.3083e-01 -3.2924e-01 +3.1275e+00
1466 0 +9.418519748e+00 -3.971148025e+01 -3.971148025e+01 -2.7863e-01 -3.3103e+00 +2.5427e+00 +1.5670e+00 +4.3716e+00 +3.9093e+00 +1.6003e+00 -3.1217e-01 -1.2293e+00 +3.7929e+00
1538 0 +8.927343561e+00 -4.020265644e+01 -4.020265644e+01 -1.5318e-01 -3.2901e+00 +3.0262e+00 +1.6181e+00 +3.7943e+00 +4.0530e+00 +2.4829e+00 +3.8204e-01 -6.6823e-01 +2.8948e+00
1560 0 +7.938404006e+00 -4.119159599e+01 -4.119159599e+01 -4.2840e-01 -3.1845e+00 +3.1884e+00 +2.1839e+00 +4.2651e+00 +4.5439e+00 +1.7258e+00 +1.9603e-01 -1.0110e+00 +3.3204e+00
1648 0 +7.933647221e+00 -4.119635278e+01 -4.119635278e+01 -3.2870e-01 -3.1516e+00 +3.3626e+00 +1.7903e+00 +4.6674e+00 +4.1897e+00 +2.4626e+00 -2.0354e-01 -5.4400e-01 +3.1392e+00
1665 0 +7.880419171e+00 -4.124958083e+01 -4.124958083e+01 +2.9660e-01 -3.1395e+00 +3.3369e+00 +1.4122e+00 +4.5552e+00 +4.0291e+00 +2.2313e+00 +2.6021e-01 -5.2411e-01 +3.1364e+00
1686 0 +7.842383750e+00 -4.128761625e+01 -4.128761625e+01 -4.8799e-01 -3.4513e+00 +3.0131e+00 +1.8307e+00 +4.1856e+00 +4.5540e+00 +1.8056e+00 -1.2820e-01 -9.4301e-01 +3.3489e+00
1710 0 +7.809536665e+00 -4.132046333e+01 -4.132046333e+01 -6.6380e-01 -2.8724e+00 +3.4441e+00 +1.8740e+00 +4.9128e+00 +4.3425e+00 +1.7319e+00 +2.9218e-01 -1.0208e+00 +3.0607e+00
1882 0 +7.705980297e+00 -4.142401970e+01 -4.142401970e+01 -3.8624e-01 -3.2592e+00 +3.2105e+00 +1.1721e+00 +4.9625e+00 +4.5257e+00 +2.1307e+00 +2.6176e-01 -8.0412e-01 +2.6866e+00
1905 0 +7.460486605e+00 -4.166951340e+01 -4.166951340e+01 -1.1077e-01 -3.1938e+00 +3.4117e+00 +1.4199e+00 +4.6178e+00 +4.3330e+00 +2.1569e+00 +2.7895e-01 -6.7181e-01 +3.0355e+00
2122 0 +7.406261961e+00 -4.172373804e+01 -4.172373804e+01 -3.8270e-01 -3.2082e+00 +3.1487e+00 +1.5392e+00 +4.6216e+00 +4.2438e+00 +2.1810e+00 +9.2435e-02 -7.2809e-01 +2.8802e+00
2161 0 +7.396547371e+00 -4.173345263e+01 -4.173345263e+01 -2.6662e-01 -3.3836e+00 +3.0722e+00 +1.4271e+00 +4.6507e+00 +4.3642e+00 +2.0590e+00 -5.4463e-02 -9.0696e-01 +2.8518e+00
2166 0 +7.364708607e+00 -4.176529139e+01 -4.176529139e+01 -3.5935e-01 -3.2077e+00 +3.2444e+00 +1.5670e+00 +4.7920e+00 +4.3854e+00 +2.2280e+00 +7.5835e-02 -7.7761e-01 +2.9155e+00
2276 0 +7.344265247e+00 -4.178573475e+01 -4.178573475e+01 -2.5064e-01 -3.2434e+00 +3.3790e+00 +1.4401e+00 +4.6113e+00 +4.2714e+00 +2.2631e+00 +2.2765e-01 -7.6778e-01 +3.0292e+00
2472 0 +7.342400961e+00 -4.178759904e+01 -4.178759904e+01 -1.8469e-01 -3.1573e+00 +3.2442e+00 +1.3781e+00 +4.4676e+00 +4.2618e+00 +2.0657e+00 +1.2683e-01 -9.0697e-01 +2.9786e+00
% f evaluations | g evaluations | best noise-free fitness - Fopt (2.977300000000e+02) + sum g_i+ | measured fitness | best measured fitness or single-digit g-values | x1 | x2...
1 0 +7.130164596e+01 +3.690316460e+02 +3.690316460e+02 +5.9671e-01 -3.8264e-02 +7.4769e-01 +1.6230e+00 -1.3415e-01 -1.3414e-01 +1.6792e+00 +8.6743e-01 -3.6947e-01 +6.4256e-01
33 0 +6.575966579e+01 +3.634896658e+02 +3.634896658e+02 +1.9700e-01 +6.9516e-01 -7.1822e-01 +2.1924e+00 -9.0602e-01 -1.1142e+00 +1.2581e+00 +8.9166e-01 +7.2412e-01 +7.2835e-01
117 0 +4.673927050e+01 +3.444692705e+02 +3.444692705e+02 +2.1456e-01 +3.5421e-01 +5.1356e-01 +1.2222e+00 -1.2698e+00 +1.3599e+00 +2.0481e+00 +1.7564e+00 +4.3198e-01 +4.1561e+00
118 0 +4.371935872e+01 +3.414493587e+02 +3.414493587e+02 +7.3054e-01 +2.2544e+00 -2.3581e-01 +8.4500e-01 -2.6195e-01 +4.7939e-01 +5.7562e-01 +9.4633e-01 +3.4801e+00 +3.6362e+00
135 0 +3.595366591e+01 +3.336836659e+02 +3.336836659e+02 +2.2982e+00 +1.3899e+00 -6.4520e-01 +2.3844e+00 -1.7216e-01 +6.1948e-02 +3.1528e+00 +1.2139e+00 +1.3128e+00 +1.7541e+00
167 0 +2.284415050e+01 +3.205741505e+02 +3.205741505e+02 +5.6956e-01 +2.1088e+00 -6.6344e-01 +1.4922e+00 -2.1192e+00 +9.2534e-01 +1.4277e+00 +3.4137e+00 +3.6223e+00 +4.5296e+00
240 0 +1.177051009e+01 +3.095005101e+02 +3.095005101e+02 +2.9220e+00 +5.2205e-01 -1.7173e-01 +1.0955e+00 +9.2385e-01 +1.0112e-01 +5.4730e-01 +3.6103e+00 +3.4655e+00 +4.5139e+00
753 0 +1.095894722e+01 +3.086889472e+02 +3.086889472e+02 +2.8194e+00 +5.3341e-02 -2.4050e+00 +3.9476e+00 -4.5500e-01 -4.6738e+00 +2.7674e-01 +3.5066e+00 -2.9741e-01 +1.7004e+00
754 0 +9.829662788e+00 +3.075596628e+02 +3.075596628e+02 +3.5096e+00 +1.4396e+00 -3.9505e-02 +2.3448e+00 +2.9965e-01 -1.4454e-01 +2.4253e+00 +3.6943e+00 +3.1863e+00 +3.7115e+00
765 0 +7.779256050e+00 +3.055092561e+02 +3.055092561e+02 +1.8711e+00 +3.6697e-01 -2.0261e+00 +2.8475e+00 -1.0824e+00 -4.5247e+00 +1.0352e+00 +3.0596e+00 -6.3478e-01 +2.0459e+00
1208 0 +4.446660323e+00 +3.021766603e+02 +3.021766603e+02 +2.8506e+00 +8.6325e-01 +6.8958e-01 +1.1063e+00 -3.6787e-01 +1.3589e+00 +2.1843e+00 +3.2781e+00 +3.1196e+00 +4.8463e+00
1318 0 +4.223205996e+00 +3.019532060e+02 +3.019532060e+02 +2.5684e+00 +1.6976e+00 +2.5754e-01 +7.0509e-01 +2.1548e-02 +5.3200e-01 +2.4367e+00 +2.8328e+00 +3.3261e+00 +3.7683e+00
1466 0 +4.036881207e+00 +3.017668812e+02 +3.017668812e+02 +3.2102e+00 +1.8209e+00 +8.2354e-01 +1.7637e+00 -5.2493e-01 +2.3372e+00 +1.3733e+00 +3.3853e+00 +4.2035e+00 +4.0933e+00
1468 0 +3.711328693e+00 +3.014413287e+02 +3.014413287e+02 +2.9707e+00 +1.0405e+00 -4.9694e-02 +1.7450e+00 -1.5216e-01 +1.1826e+00 +1.6415e+00 +2.8122e+00 +3.6561e+00 +4.1142e+00
1510 0 +3.358068424e+00 +3.010880684e+02 +3.010880684e+02 +3.3630e+00 +1.6498e+00 -1.2420e-02 +1.6666e+00 +9.9519e-03 +8.1566e-01 +2.0055e+00 +2.3926e+00 +3.2367e+00 +4.0523e+00
1512 0 +2.165157599e+00 +2.998951576e+02 +2.998951576e+02 +3.3892e+00 +1.2256e+00 +3.1342e-01 +1.1098e+00 +8.1318e-01 +9.6940e-01 +1.5473e+00 +3.0437e+00 +3.9058e+00 +4.6635e+00
1735 0 +2.124339581e+00 +2.998543396e+02 +2.998543396e+02 +3.3778e+00 +1.3753e+00 +5.0670e-01 +1.8793e+00 +3.4212e-02 +1.0165e+00 +1.4682e+00 +3.2114e+00 +4.2687e+00 +4.0596e+00
1772 0 +2.100299010e+00 +2.998302990e+02 +2.998302990e+02 +3.3869e+00 +1.8895e+00 +2.5973e-01 +1.3050e+00 +8.1712e-02 +8.1760e-01 +1.7729e+00 +2.8044e+00 +4.3797e+00 +4.4255e+00
1800 0 +2.048392420e+00 +2.997783924e+02 +2.997783924e+02 +3.3430e+00 +1.3948e+00 +5.0121e-01 +1.3698e+00 -8.3075e-02 +1.0785e+00 +1.5305e+00 +3.0714e+00 +3.6626e+00 +4.2499e+00
1804 0 +2.030243560e+00 +2.997602436e+02 +2.997602436e+02 +3.1858e+00 +1.2874e+00 +3.3731e-01 +1.5862e+00 -3.5439e-02 +9.0705e-01 +1.5281e+00 +3.0459e+00 +3.9035e+00 +4.2363e+00
1855 0 +2.023594171e+00 +2.997535942e+02 +2.997535942e+02 +3.0326e+00 +1.4352e+00 +2.6394e-01 +1.3063e+00 +3.1438e-01 +8.3386e-01 +1.9374e+00 +3.1222e+00 +3.8943e+00 +4.2017e+00
1869 0 +2.023302151e+00 +2.997533022e+02 +2.997533022e+02 +3.2604e+00 +1.6121e+00 +5.0682e-01 +1.4474e+00 +2.5320e-01 +1.4308e+00 +1.5534e+00 +3.0959e+00 +3.9798e+00 +4.1870e+00
1893 0 +2.009486219e+00 +2.997394862e+02 +2.997394862e+02 +3.2157e+00 +1.5611e+00 +4.1647e-01 +1.1992e+00 +2.2759e-01 +1.0411e+00 +1.8041e+00 +2.9162e+00 +3.6710e+00 +4.3616e+00
1967 0 +2.007467255e+00 +2.997374673e+02 +2.997374673e+02 +3.2607e+00 +1.8385e+00 +1.5790e-01 +1.1721e+00 +4.8022e-01 +7.4394e-01 +1.7048e+00 +2.8165e+00 +3.8833e+00 +4.4728e+00
% f evaluations | g evaluations | best noise-free fitness - Fopt (5.157000000000e+01) + sum g_i+ | measured fitness | best measured fitness or single-digit g-values | x1 | x2...
1 0 +7.383174916e+01 +1.254017492e+02 +1.254017492e+02 +5.9671e-01 -3.8264e-02 +7.4769e-01 +1.6230e+00 -1.3415e-01 -1.3414e-01 +1.6792e+00 +8.6743e-01 -3.6947e-01 +6.4256e-01
4 0 +7.328528085e+01 +1.248552808e+02 +1.248552808e+02 -5.0171e-01 +1.9523e+00 +8.6503e-02 -9.5771e-01 +9.2254e-01 -1.1208e+00 +3.0886e-01 -1.8597e+00 -1.2282e+00 +2.9686e-01
11 0 +7.264223681e+01 +1.242122368e+02 +1.242122368e+02 -1.3154e+00 -3.2065e-01 -2.4271e-01 -7.0228e-01 -6.1286e-02 +5.0405e-01 +1.9862e+00 +2.7458e-01 +3.5755e-01 +2.5554e-02
13 0 +7.262591646e+01 +1.241959165e+02 +1.241959165e+02 +8.9103e-01 -8.0939e-01 +1.5028e+00 -1.3019e+00 +6.8686e-01 +2.2905e+00 -8.9054e-01 -4.6630e-01 +1.9965e-01 -4.0348e-01
16 0 +6.502896973e+01 +1.165989697e+02 +1.165989697e+02 +3.5049e-01 +4.4645e-01 -5.8002e-01 +3.3225e-01 +3.9307e-01 -6.1435e-01 +1.9658e+00 +5.7383e-01 -1.0913e+00 +7.5655e-01
27 0 +6.423922555e+01 +1.158092255e+02 +1.158092255e+02 -8.2693e-01 +4.0475e-02 -3.1413e+00 -9.2439e-01 -1.5257e-01 -1.1478e+00 +1.7324e+00 -1.3301e+00 -3.4004e-01 +2.3074e-01
58 0 +5.818900658e+01 +1.097590066e+02 +1.097590066e+02 +1.9250e-01 -7.5880e-01 -9.0347e-01 +5.3894e-01 -3.3895e-01 -7.4678e-01 +2.2193e+00 +1.8298e-02 -3.2872e+00 -8.9312e-01
63 0 +4.347682514e+01 +9.504682514e+01 +9.504682514e+01 -2.1182e+00 -2.9513e-01 -2.0951e+00 +7.1152e-01 -1.5976e+00 +4.9498e-01 +7.9421e-01 -5.4521e-01 -1.4010e+00 -3.4031e-01
179 0 +4.263925449e+01 +9.420925449e+01 +9.420925449e+01 -1.2745e+00 +1.4382e-01 -2.4719e+00 +1.7298e+00 -8.6222e-01 -1.1566e+00 +2.5016e+00 +1.4556e-01 -1.9532e+00 -2.9154e+00
320 0 +3.562319487e+01 +8.719319487e+01 +8.719319487e+01 +1.5058e+00 +7.5932e-01 -2.5164e+00 -4.5586e-01 +4.0788e-01 +1.6854e+00 -3.5697e-01 -1.5739e-01 -2.6611e+00 -2.5566e+00
354 0 +2.752635431e+01 +7.909635431e+01 +7.909635431e+01 -1.1448e+00 +8.0237e-01 -3.5280e+00 -1.4240e+00 -3.2593e+00 -1.6906e+00 +2.5067e+00 -4.9907e-01 -3.1894e+00 -5.9052e-01
454 0 +2.129720068e+01 +7.286720068e+01 +7.286720068e+01 -2.7449e+00 +6.1235e-01 -1.7453e+00 +3.4842e-01 -1.4851e+00 -9.4454e-01 +2.2367e+00 +4.9848e-01 -2.3730e+00 -1.4690e+00
456 0 +1.764362695e+01 +6.921362695e+01 +6.921362695e+01 -2.5369e+00 -4.9795e-01 -3.6495e+00 -9.0877e-01 -1.4511e+00 -3.6239e-01 +3.2468e+00 +9.7521e-01 -2.5839e+00 -5.5586e-01
539 0 +1.575315280e+01 +6.732315280e+01 +6.732315280e+01 -2.4850e+00 +1.4682e-01 -2.8738e+00 -2.9812e-01 -2.7548e+00 -6.1411e-01 +2.6353e+00 +8.6078e-01 -2.3671e+00 -1.4549e-01
559 0 +1.459790931e+01 +6.616790931e+01 +6.616790931e+01 -2.4635e+00 +1.1071e+00 -3.4600e+00 -1.5992e-01 -9.9895e-01 -1.4181e+00 +3.7812e+00 +7.9247e-01 -1.7778e+00 -2.4050e+00
562 0 +1.012540205e+01 +6.169540205e+01 +6.169540205e+01 -2.2005e+00 +1.3408e-01 -3.4510e+00 -1.7298e-02 -2.2712e+00 -5.0988e-01 +2.6885e+00 +7.6091e-01 -2.6393e+00 -2.3051e+00
715 0 +9.171878581e+00 +6.074187858e+01 +6.074187858e+01 -1.9232e+00 -2.0891e-01 -4.3770e+00 -3.7950e-01 -1.7102e+00 -1.3185e+00 +3.7673e+00 +1.0409e-01 -1.4908e+00 -2.0564e+00
786 0 +9.110660897e+00 +6.068066090e+01 +6.068066090e+01 -2.3990e+00 -4.0999e-01 -4.7751e+00 -1.5671e+00 -1.9316e+00 -2.1989e+00 +3.1222e+00 +1.2994e+00 -3.5382e+00 -1.7106e+00
839 0 +8.802415556e+00 +6.037241556e+01 +6.037241556e+01 -1.2325e+00 -3.0861e-01 -4.8539e+00 -2.0596e-01 -1.6029e+00 -1.6313e+00 +3.8825e+00 +9.0720e-01 -3.0594e+00 -1.7631e+00
865 0 +8.355199966e+00 +5.992519997e+01 +5.992519997e+01 -1.6314e+00 -2.5905e-01 -3.8138e+00 -2.0428e+00 -1.9688e+00 -2.0396e+00 +3.8866e+00 +9.2185e-01 -3.1167e+00 -1.3164e+00
891 0 +8.352008914e+00 +5.992200891e+01 +5.992200891e+01 -1.5220e+00 -3.7563e-01 -4.4837e+00 -2.7806e-01 -2.1213e+00 -9.4683e-01 +3.2207e+00 +5.2350e-01 -2.7310e+00 -1.0391e+00
903 0 +8.335083249e+00 +5.990508325e+01 +5.990508325e+01 -2.4742e+00 +1.5249e-01 -3.8932e+00 -4.7557e-01 -2.8316e+00 -1.9573e+00 +3.5655e+00 +5.7082e-01 -2.4450e+00 -2.6055e+00
922 0 +7.992772912e+00 +5.956277291e+01 +5.956277291e+01 -2.5441e+00 -4.2883e-01 -3.5119e+00 -4.0569e-02 -2.4827e+00 -1.0502e+00 +3.1366e+00 +7.8165e-02 -2.7830e+00 -2.1295e+00
925 0 +7.456167132e+00 +5.902616713e+01 +5.902616713e+01 -1.8127e+00 -1.5614e-01 -4.2470e+00 -1.0247e+00 -1.9547e+00 -2.7557e+00 +3.8885e+00 +8.9357e-01 -2.6706e+00 -1.7833e+00
954 0 +7.407008150e+00 +5.897700815e+01 +5.897700815e+01 -1.4747e+00 -5.7652e-01 -4.8513e+00 -1.0696e+00 -1.6935e+00 -2.4188e+00 +3.9681e+00 -4.0442e-02 -3.4072e+00 -1.7451e+00
972 0 +7.267137972e+00 +5.883713797e+01 +5.883713797e+01 -1.7159e+00 +5.5396e-01 -4.6598e+00 -8.6399e-01 -2.2320e+00 -2.0551e+00 +4.1066e+00 +4.2648e-01 -2.1309e+00 -1.2730e+00
1009 0 +7.262632777e+00 +5.883263278e+01 +5.883263278e+01 -2.0250e+00 +4.3260e-01 -4.6075e+00 -7.2708e-01 -2.4893e+00 -1.7496e+00 +3.3870e+00 +7.0017e-01 -2.6591e+00 -1.8690e+00
1014 0 +7.071700286e+00 +5.864170029e+01 +5.864170029e+01 -1.8912e+00 +2.7503e-01 -3.9476e+00 -1.1978e+00 -1.8899e+00 -1.6439e+00 +3.5368e+00 +3.1091e-01 -2.8404e+00 -1.2596e+00
1060 0 +7.036158461e+00 +5.860615846e+01 +5.860615846e+01 -2.3434e+00 +1.1963e-02 -4.3761e+00 -4.1950e-01 -2.0588e+00 -1.2317e+00 +3.0195e+00 +7.1900e-01 -3.0636e+00 -1.8876e+00
1067 0 +6.716966237e+00 +5.828696624e+01 +5.828696624e+01 -2.4557e+00 -1.6029e-01 -4.0722e+00 -1.1709e+00 -1.9963e+00 -2.0869e+00 +3.7453e+00 +2.1231e-01 -2.9729e+00 -2.2325e+00
1083 0 +6.570815844e+00 +5.814081584e+01 +5.814081584e+01 -2.5828e+00 +4.7882e-01 -4.3992e+00 -3.4421e-01 -1.8304e+00 -1.9065e+00 +3.3244e+00 +2.4091e-01 -2.8028e+00 -2.0634e+00
1090 0 +6.395832682e+00 +5.796583268e+01 +5.796583268e+01 -2.7755e+00 -1.3380e-01 -4.5929e+00 -7.5156e-01 -2.3561e+00 -2.0746e+00 +3.5554e+00 +9.4979e-03 -2.8624e+00 -2.1708e+00
1154 0 +6.083783154e+00 +5.765378315e+01 +5.765378315e+01 -1.8324e+00 -2.4741e-01 -4.2788e+00 -8.3834e-01 -2.1978e+00 -1.6731e+00 +3.6862e+00 +6.3149e-01 -2.9523e+00 -1.7448e+00
1219 0 +6.005726819e+00 +5.757572682e+01 +5.757572682e+01 -2.4200e+00 -1.7071e-01 -4.1337e+00 -1.0931e+00 -1.9423e+00 -1.7534e+00 +3.1047e+00 +4.4304e-01 -3.3917e+00 -1.7809e+00
1236 0 +5.955882498e+00 +5.752588250e+01 +5.752588250e+01 -2.1891e+00 -2.4307e-01 -3.9165e+00 -7.6635e-01 -2.1628e+00 -1.7479e+00 +3.6898e+00 +4.2682e-01 -2.7634e+00 -2.0323e+00
1261 0 +5.760526002e+00 +5.733052600e+01 +5.733052600e+01 -1.9573e+00 +6.6647e-02 -4.5520e+00 -8.5842e-01 -1.9098e+00 -1.9196e+00 +3.7492e+00 +7.3027e-01 -2.9687e+00 -1.9742e+00
1316 0 +5.710048078e+00 +5.728004808e+01 +5.728004808e+01 -1.8592e+00 -2.3558e-01 -4.6908e+00 -7.7093e-01 -1.9484e+00 -1.8891e+00 +3.7084e+00 +4.9911e-01 -2.7632e+00 -1.8173e+00
1331 0 +5.488869899e+00 +5.705886990e+01 +5.705886990e+01 -2.5067e+00 +1.0535e-01 -4.3118e+00 -7.2615e-01 -2.1397e+00 -1.9891e+00 +3.5170e+00 +2.5917e-01 -2.7535e+00 -2.0679e+00
1382 0 +5.458788729e+00 +5.702878873e+01 +5.702878873e+01 -2.0371e+00 +5.2640e-02 -4.3550e+00 -6.3706e-01 -1.7651e+00 -2.0549e+00 +3.5550e+00 +5.7400e-01 -2.6897e+00 -1.9453e+00
1523 0 +5.384740736e+00 +5.695474074e+01 +5.695474074e+01 -2.2986e+00 -8.2731e-02 -4.7126e+00 -7.7185e-01 -2.0882e+00 -2.0931e+00 +3.5826e+00 +2.1371e-01 -2.8089e+00 -2.0683e+00
1540 0 +5.374587230e+00 +5.694458723e+01 +5.694458723e+01 -2.1118e+00 -1.2065e-01 -4.3303e+00 -7.8611e-01 -2.0943e+00 -1.9584e+00 +3.4334e+00 +4.4771e-01 -2.8651e+00 -1.9769e+00
1550 0 +5.331516743e+00 +5.690151674e+01 +5.690151674e+01 -2.2326e+00 -3.1251e-04 -4.2127e+00 -7.6923e-01 -1.8156e+00 -2.0156e+00 +3.3613e+00 +4.9389e-01 -2.8703e+00 -1.9369e+00
1565 0 +5.258677293e+00 +5.682867729e+01 +5.682867729e+01 -2.1417e+00 -1.0790e-01 -4.3982e+00 -9.1138e-01 -1.9951e+00 -2.0793e+00 +3.4966e+00 +5.4217e-01 -3.0551e+00 -2.0304e+00
1593 0 +5.241881528e+00 +5.681188153e+01 +5.681188153e+01 -2.1926e+00 -8.4481e-02 -4.5270e+00 -9.3126e-01 -1.8539e+00 -2.0531e+00 +3.4008e+00 +4.0733e-01 -3.0374e+00 -1.9926e+00
1666 0 +5.198034697e+00 +5.676803470e+01 +5.676803470e+01 -2.1207e+00 +1.0735e-01 -4.3531e+00 -7.5845e-01 -1.9905e+00 -1.9602e+00 +3.5331e+00 +3.6536e-01 -2.8247e+00 -2.0355e+00
1706 0 +5.180815428e+00 +5.675081543e+01 +5.675081543e+01 -2.1621e+00 +2.4573e-02 -4.1888e+00 -8.4501e-01 -1.9302e+00 -2.0200e+00 +3.5156e+00 +4.4494e-01 -2.8969e+00 -1.9384e+00
1744 0 +5.148090397e+00 +5.671809040e+01 +5.671809040e+01 -2.1487e+00 +2.8232e-02 -4.5133e+00 -8.4003e-01 -1.9121e+00 -2.0944e+00 +3.5405e+00 +3.5780e-01 -2.8173e+00 -1.9543e+00
1861 0 +5.147952176e+00 +5.671795218e+01 +5.671795218e+01 -2.1884e+00 -4.3588e-02 -4.3756e+00 -7.7994e-01 -1.9039e+00 -2.0788e+00 +3.4620e+00 +3.6626e-01 -2.9557e+00 -1.9945e+00
1872 0 +5.128113804e+00 +5.669811380e+01 +5.669811380e+01 -2.2523e+00 -3.2901e-02 -4.3903e+00 -7.7779e-01 -2.0528e+00 -1.8456e+00 +3.5670e+00 +4.0452e-01 -2.8141e+00 -1.9649e+00
1922 0 +5.094549745e+00 +5.666454975e+01 +5.666454975e+01 -2.1389e+00 -8.1954e-02 -4.4872e+00 -8.0605e-01 -1.9145e+00 -2.0319e+00 +3.6012e+00 +3.8034e-01 -2.9062e+00 -1.9295e+00
2164 0 +5.084464729e+00 +5.665446473e+01 +5.665446473e+01 -2.1485e+00 -2.4028e-02 -4.4735e+00 -8.0268e-01 -1.8841e+00 -1.9955e+00 +3.5208e+00 +3.5928e-01 -2.9281e+00 -1.9264e+00
2267 0 +5.078077747e+00 +5.664807775e+01 +5.664807775e+01 -2.2083e+00 -6.9806e-02 -4.3661e+00 -8.2139e-01 -1.9496e+00 -1.9537e+00 +3.5231e+00 +4.1095e-01 -2.9015e+00 -1.9374e+00
2376 0 +5.077900917e+00 +5.664790092e+01 +5.664790092e+01 -2.2105e+00 -9.2455e-02 -4.3580e+00 -7.9044e-01 -1.9446e+00 -1.9394e+00 +3.5097e+00 +4.0080e-01 -2.9332e+00 -1.9568e+00
2426 0 +5.077156155e+00 +5.664715615e+01 +5.664715615e+01 -2.1612e+00 -8.1108e-02 -4.4182e+00 -7.7270e-01 -1.9486e+00 -1.9395e+00 +3.5231e+00 +3.3888e-01 -2.9061e+00 -1.9648e+00
2437 0 +5.071729040e+00 +5.664172904e+01 +5.664172904e+01 -2.1401e+00 -5.1275e-02 -4.3911e+00 -7.7119e-01 -1.9221e+00 -1.9313e+00 +3.5389e+00 +3.6130e-01 -2.9004e+00 -1.9386e+00
% f evaluations | g evaluations | best noise-free fitness - Fopt (1.527100000000e+02) + sum g_i+ | measured fitness | best measured fitness or single-digit g-values | x1 | x2...
1 0 +7.815228743e+01 +2.308622874e+02 +2.308622874e+02 +5.9671e-01 -3.8264e-02 +7.4769e-01 +1.6230e+00 -1.3415e-01 -1.3414e-01 +1.6792e+00 +8.6743e-01 -3.6947e-01 +6.4256e-01
4 0 +7.330495943e+01 +2.260149594e+02 +2.260149594e+02 -5.0171e-01 +1.9523e+00 +8.6503e-02 -9.5771e-01 +9.2254e-01 -1.1208e+00 +3.0886e-01 -1.8597e+00 -1.2282e+00 +2.9686e-01
10 0 +7.244868083e+01 +2.251586808e+02 +2.251586808e+02 +1.9708e-01 +1.0686e+00 -6.0205e-01 -2.2766e-01 -2.9211e-01 -1.3635e+00 +3.9612e-01 +3.6106e-01 +1.0511e-01 -1.3459e-01
16 0 +7.124201674e+01 +2.239520167e+02 +2.239520167e+02 +3.5049e-01 +4.4645e-01 -5.8002e-01 +3.3225e-01 +3.9307e-01 -6.1435e-01 +1.9658e+00 +5.7383e-01 -1.0913e+00 +7.5655e-01
27 0 +7.077845551e+01 +2.234884555e+02 +2.234884555e+02 -8.2693e-01 +4.0475e-02 -3.1413e+00 -9.2439e-01 -1.5257e-01 -1.1478e+00 +1.7324e+00 -1.3301e+00 -3.4004e-01 +2.3074e-01
57 0 +6.863056521e+01 +2.213405652e+02 +2.213405652e+02 +1.0451e+00 -7.7486e-01 -1.8981e+00 +1.4957e+00 -3.2175e+00 +1.7028e-01 +6.9180e-01 +2.1857e-01 +2.2896e+00 +1.5369e+00
89 0 +6.833323272e+01 +2.210432327e+02 +2.210432327e+02 +7.2310e-01 +2.1163e+00 -2.1363e+00 -1.3221e+00 -9.2836e-01 -2.2687e+00 -4.6374e-01 +2.0930e-01 -2.4998e+00 +7.9107e-01
106 0 +6.458878127e+01 +2.172987813e+02 +2.172987813e+02 +1.5273e+00 +1.8705e+00 -4.1468e-01 -8.3508e-01 +9.3081e-01 -3.3452e+00 -4.8162e-01 -2.6890e+00 -1.5253e+00 -8.7891e-02
189 0 +6.442160016e+01 +2.171316002e+02 +2.171316002e+02 +1.9318e+00 +4.5425e+00 -1.1198e+00 -1.5793e+00 -1.5939e+00 -3.4771e+00 +1.3479e+00 -3.3641e+00 -1.9604e+00 -1.2786e+00
438 0 +5.824829750e+01 +2.109582975e+02 +2.109582975e+02 +2.1928e+00 +2.9100e-01 -8.4328e-01 -6.7913e-01 -9.0435e-01 -3.9307e+00 +1.7527e+00 -1.3343e+00 -3.0705e+00 +1.5528e+00
458 0 +4.840905611e+01 +2.011190561e+02 +2.011190561e+02 +1.2469e+00 +2.3906e+00 +1.1459e+00 -1.0859e+00 +6.1567e-01 -3.5419e+00 +1.4392e+00 -2.3934e+00 -3.4110e+00 +2.2036e+00
487 0 +4.762917047e+01 +2.003391705e+02 +2.003391705e+02 +2.4446e+00 -4.9643e-01 -5.9970e-02 +5.4362e-01 -2.1635e+00 -3.1760e+00 +3.0430e-01 -2.7695e+00 -2.9602e+00 +2.4810e+00
496 0 +2.718911226e+01 +1.798991123e+02 +1.798991123e+02 +3.5067e+00 +3.3245e+00 -4.3580e-01 -1.8803e+00 +3.0228e-02 -4.5204e+00 +2.3513e+00 -2.9291e+00 -2.8503e+00 +2.5179e+00
522 0 +2.261364219e+01 +1.753236422e+02 +1.753236422e+02 +2.8009e+00 +2.0630e+00 +1.0318e+00 +8.1359e-01 -9.4586e-01 -3.9893e+00 +1.0814e+00 -4.2922e+00 -1.4518e+00 +3.1365e+00
700 0 +2.008812514e+01 +1.727981251e+02 +1.727981251e+02 +4.7009e+00 +2.8144e+00 -4.5966e-01 -1.0014e+00 -1.7867e+00 -4.2522e+00 +3.3673e+00 -3.8290e+00 -3.4921e+00 +1.4349e+00
752 0 +1.961464778e+01 +1.723246478e+02 +1.723246478e+02 +3.7985e+00 +2.8490e+00 +1.9653e-01 -9.8114e-01 -2.3700e+00 -2.5414e+00 +2.5699e+00 -3.4021e+00 -2.2882e+00 +1.9400e+00
765 0 +1.916154972e+01 +1.718715497e+02 +1.718715497e+02 +3.2473e+00 +1.5679e+00 +3.4603e-01 +8.7282e-02 -2.5238e+00 -3.4343e+00 -6.6280e-01 -4.6951e+00 -2.9463e+00 +1.7562e+00
769 0 +1.456926280e+01 +1.672792628e+02 +1.672792628e+02 +3.7333e+00 +3.9727e+00 -6.4156e-01 -4.0545e-01 -2.5069e+00 -3.3580e+00 -8.3212e-01 -4.1162e+00 -2.7799e+00 +1.9485e+00
799 0 +9.288466578e+00 +1.619984666e+02 +1.619984666e+02 +3.8184e+00 +3.9589e+00 -2.1043e+00 +4.1309e-01 -1.0556e+00 -4.1160e+00 +1.4685e+00 -3.6974e+00 -4.6119e+00 +3.2998e+00
806 0 +7.527397265e+00 +1.602373973e+02 +1.602373973e+02 +4.5308e+00 +4.6365e+00 -6.3497e-01 +6.4990e-03 -9.8696e-01 -2.9336e+00 +8.5849e-01 -4.0402e+00 -3.2001e+00 +3.0355e+00
871 0 +3.801120738e+00 +1.565111207e+02 +1.565111207e+02 +3.9130e+00 +3.5487e+00 -5.2718e-01 +2.0181e-01 -1.3323e+00 -4.1515e+00 +3.9801e-01 -4.8760e+00 -3.3334e+00 +3.5927e+00
1125 0 +3.504215684e+00 +1.562142157e+02 +1.562142157e+02 +3.6336e+00 +3.1009e+00 -1.2839e+00 +7.6532e-01 -2.6218e+00 -3.8650e+00 +1.3723e+00 -4.6199e+00 -3.0861e+00 +2.9633e+00
1139 0 +2.551251524e+00 +1.552612515e+02 +1.552612515e+02 +4.4724e+00 +4.1560e+00 -3.2988e-01 +1.5933e-01 -1.8443e+00 -3.3748e+00 +7.4533e-01 -4.8542e+00 -3.4006e+00 +2.9485e+00
1307 0 +2.278463982e+00 +1.549884640e+02 +1.549884640e+02 +3.4259e+00 +2.7376e+00 -8.5510e-02 +2.2647e-01 -1.2617e+00 -2.9866e+00 +1.4279e+00 -3.8534e+00 -3.2738e+00 +3.2186e+00
1342 0 +2.071107672e+00 +1.547811077e+02 +1.547811077e+02 +4.5800e+00 +3.2365e+00 +1.8210e-01 +4.9352e-01 -1.5494e+00 -3.7746e+00 +1.2788e+00 -4.4771e+00 -4.0476e+00 +3.1024e+00
1367 0 +1.924293295e+00 +1.546342933e+02 +1.546342933e+02 +3.7902e+00 +3.1412e+00 -3.4153e-01 +4.0704e-01 -2.1740e+00 -3.6915e+00 +7.9516e-01 -4.7026e+00 -3.2334e+00 +2.7774e+00
1540 0 +1.636945767e+00 +1.543469458e+02 +1.543469458e+02 +4.3979e+00 +2.8164e+00 -6.0569e-01 +1.3777e-01 -1.6567e+00 -3.9345e+00 +1.7227e+00 -4.4664e+00 -3.7391e+00 +3.0256e+00
1542 0 +1.523902690e+00 +1.542339027e+02 +1.542339027e+02 +3.9084e+00 +2.8531e+00 -4.2197e-01 +8.3384e-02 -1.6038e+00 -3.1438e+00 +1.0532e+00 -4.6577e+00 -3.8952e+00 +3.3062e+00
1660 0 +1.338112089e+00 +1.540481121e+02 +1.540481121e+02 +4.0272e+00 +3.3206e+00 -3.5268e-01 +6.6433e-01 -1.5955e+00 -3.7965e+00 +1.7358e+00 -4.5584e+00 -3.8828e+00 +3.0433e+00
1724 0 +1.216463166e+00 +1.539264632e+02 +1.539264632e+02 +3.7946e+00 +3.3850e+00 -5.4993e-01 +2.5849e-01 -2.0200e+00 -3.6280e+00 +1.5388e+00 -4.4701e+00 -3.7716e+00 +2.8285e+00
1873 0 +1.174235250e+00 +1.538842352e+02 +1.538842352e+02 +3.9364e+00 +2.9314e+00 -4.1212e-01 +3.3818e-01 -1.3242e+00 -3.3281e+00 +1.7693e+00 -4.4130e+00 -3.7644e+00 +3.0587e+00
2025 0 +1.010499142e+00 +1.537204991e+02 +1.537204991e+02 +3.7342e+00 +3.2526e+00 -4.9632e-01 +4.4121e-01 -2.0841e+00 -3.4836e+00 +1.2479e+00 -4.7573e+00 -3.6143e+00 +3.0057e+00
2031 0 +9.065238343e-01 +1.536165238e+02 +1.536165238e+02 +4.0008e+00 +3.1829e+00 -5.6285e-01 +5.7563e-01 -1.6911e+00 -3.6950e+00 +1.4563e+00 -4.4419e+00 -3.7560e+00 +3.0168e+00
2067 0 +8.707507739e-01 +1.535807508e+02 +1.535807508e+02 +3.8895e+00 +3.1667e+00 -5.0205e-01 +2.6010e-01 -1.4631e+00 -3.7653e+00 +1.4049e+00 -4.6354e+00 -3.5983e+00 +2.8205e+00
2101 0 +8.189192883e-01 +1.535289193e+02 +1.535289193e+02 +3.9223e+00 +3.0827e+00 -6.1734e-01 +3.7028e-01 -1.4670e+00 -3.5850e+00 +1.6527e+00 -4.5303e+00 -3.6121e+00 +3.0053e+00
2201 0 +7.917155792e-01 +1.535017156e+02 +1.535017156e+02 +3.9135e+00 +3.1755e+00 -7.2895e-01 +3.2103e-01 -1.5626e+00 -3.5512e+00 +1.3009e+00 -4.7140e+00 -3.6550e+00 +3.0717e+00
2269 0 +7.866603947e-01 +1.534966604e+02 +1.534966604e+02 +4.1391e+00 +3.2851e+00 -7.1475e-01 +4.1433e-01 -1.4903e+00 -3.5850e+00 +1.4598e+00 -4.6060e+00 -3.6515e+00 +2.9526e+00
2270 0 +7.843068315e-01 +1.534943068e+02 +1.534943068e+02 +4.1161e+00 +3.3317e+00 -6.3844e-01 +4.5191e-01 -1.6860e+00 -3.5720e+00 +1.3461e+00 -4.5774e+00 -3.7527e+00 +3.0010e+00
2288 0 +7.444368700e-01 +1.534544369e+02 +1.534544369e+02 +3.8569e+00 +3.1310e+00 -4.8193e-01 +3.0330e-01 -1.5631e+00 -3.4982e+00 +1.4546e+00 -4.5982e+00 -3.7235e+00 +3.0556e+00
2306 0 +7.308639534e-01 +1.534408640e+02 +1.534408640e+02 +3.9911e+00 +3.2226e+00 -5.8160e-01 +4.2980e-01 -1.5628e+00 -3.5083e+00 +1.4272e+00 -4.6552e+00 -3.5803e+00 +3.1171e+00
2379 0 +7.303813566e-01 +1.534403814e+02 +1.534403814e+02 +3.9921e+00 +3.1951e+00 -4.8217e-01 +2.3231e-01 -1.5457e+00 -3.4446e+00 +1.4261e+00 -4.5844e+00 -3.6897e+00 +2.9140e+00
2447 0 +7.261594970e-01 +1.534361595e+02 +1.534361595e+02 +3.9494e+00 +3.2616e+00 -6.0393e-01 +4.4170e-01 -1.6787e+00 -3.5255e+00 +1.4376e+00 -4.7031e+00 -3.5761e+00 +3.0729e+00
% f evaluations | g evaluations | best noise-free fitness - Fopt (9.980000000000e+01) + sum g_i+ | measured fitness | best measured fitness or single-digit g-values | x1 | x2...
1 0 +7.630194997e+01 +1.761019500e+02 +1.761019500e+02 +5.9671e-01 -3.8264e-02 +7.4769e-01 +1.6230e+00 -1.3415e-01 -1.3414e-01 +1.6792e+00 +8.6743e-01 -3.6947e-01 +6.4256e-01
4 0 +7.124472023e+01 +1.710447202e+02 +1.710447202e+02 -5.0171e-01 +1.9523e+00 +8.6503e-02 -9.5771e-01 +9.2254e-01 -1.1208e+00 +3.0886e-01 -1.8597e+00 -1.2282e+00 +2.9686e-01
7 0 +6.778363538e+01 +1.675836354e+02 +1.675836354e+02 -3.7917e-01 -8.5659e-02 -1.0063e+00 -1.0962e+00 +9.1253e-01 +1.4562e+00 +2.7990e-02 +1.1035e+00 +4.6164e-01 -5.4512e-01
53 0 +6.691182509e+01 +1.667118251e+02 +1.667118251e+02 -6.9971e-01 -2.2081e-01 +1.0951e+00 -1.1944e+00 +2.1096e-01 -6.5419e-02 -1.0313e+00 +2.6341e+00 +1.0599e+00 -1.6660e+00
59 0 +5.997961579e+01 +1.597796158e+02 +1.597796158e+02 +1.2989e+00 +7.2630e-01 +6.4687e-01 +3.3410e-01 +1.4505e+00 +1.7970e+00 -3.5200e-01 +2.3199e+00 +7.3672e-01 +3.9221e-01
64 0 +5.955294466e+01 +1.593529447e+02 +1.593529447e+02 -4.0634e-01 +9.5293e-02 +2.4238e+00 -5.1899e-01 +1.2073e+00 -1.0387e+00 -1.8565e+00 +9.3663e-02 +1.7856e+00 -1.9916e+00
122 0 +5.594776070e+01 +1.557477607e+02 +1.557477607e+02 +6.2182e-01 +2.2788e-01 +1.2580e+00 +6.8517e-01 +3.2285e+00 +2.0984e+00 -2.5101e+00 +2.1628e+00 +1.6343e+00 -1.8508e+00
123 0 +3.793671770e+01 +1.377367177e+02 +1.377367177e+02 -8.4535e-01 +1.1599e+00 +2.3557e+00 -7.6148e-01 +3.0321e+00 +1.5202e-01 -1.2290e+00 +1.4890e+00 +2.0088e+00 -2.0883e+00
342 0 +2.782205401e+01 +1.276220540e+02 +1.276220540e+02 +1.7098e+00 -3.3656e+00 -1.7564e+00 -2.2109e+00 +3.0012e+00 +1.3888e+00 -1.0830e+00 +2.7162e+00 -4.6432e-03 -1.5164e+00
653 0 +2.153116279e+01 +1.213311628e+02 +1.213311628e+02 +2.0232e+00 -1.8820e+00 -3.4134e+00 -4.3599e+00 +2.8930e+00 +3.8511e+00 +1.7751e-01 +3.2282e+00 +2.2845e+00 -3.8623e-01
737 0 +1.705114035e+01 +1.168511403e+02 +1.168511403e+02 +1.1779e+00 -2.6806e+00 -1.6436e+00 -4.0200e+00 +4.2987e+00 +2.4252e+00 -4.9340e-01 +1.7300e+00 -3.0668e-02 -1.3944e+00
763 0 +9.462293471e+00 +1.092622935e+02 +1.092622935e+02 +2.1052e+00 -3.6523e+00 -3.4976e+00 -3.9777e+00 +3.9452e+00 +2.6704e+00 -8.4398e-02 +2.4511e+00 +1.6077e+00 -2.0986e+00
1056 0 +7.901680544e+00 +1.077016805e+02 +1.077016805e+02 +2.4666e-01 -3.4267e+00 -2.5179e+00 -4.4254e+00 +4.4290e+00 +2.9276e+00 +4.5540e-01 +4.0532e+00 +1.2313e+00 -3.5509e-01
1084 0 +7.862033933e+00 +1.076620339e+02 +1.076620339e+02 +1.5737e+00 -3.8976e+00 -2.2534e+00 -4.0559e+00 +3.7356e+00 +3.0242e+00 +6.7031e-01 +2.2103e+00 +8.4661e-01 -3.4283e-01
1094 0 +7.303857996e+00 +1.071038580e+02 +1.071038580e+02 +1.9164e+00 -2.4108e+00 -2.7701e+00 -4.1655e+00 +4.2443e+00 +3.0253e+00 -1.7659e-01 +2.2297e+00 +5.2984e-01 -1.9724e-01
1133 0 +6.046301884e+00 +1.058463019e+02 +1.058463019e+02 +3.5229e-01 -3.1964e+00 -3.0062e+00 -4.1278e+00 +4.3521e+00 +3.5030e+00 +8.3793e-02 +3.1678e+00 +7.3822e-01 -6.2963e-02
1246 0 +5.573487161e+00 +1.053734872e+02 +1.053734872e+02 +7.6086e-01 -3.3332e+00 -3.0480e+00 -3.7286e+00 +4.7559e+00 +2.5646e+00 +4.2754e-01 +3.1979e+00 +1.4555e+00 -7.4250e-01
1319 0 +5.572048282e+00 +1.053720483e+02 +1.053720483e+02 +1.2642e+00 -3.4455e+00 -2.9598e+00 -3.8988e+00 +3.8478e+00 +2.2795e+00 +6.6842e-01 +2.3286e+00 +1.8041e+00 -4.3554e-01
1344 0 +5.501869074e+00 +1.053018691e+02 +1.053018691e+02 +1.4225e+00 -3.3909e+00 -2.7610e+00 -3.9980e+00 +4.1881e+00 +2.8803e+00 +4.1164e-01 +2.2457e+00 +7.0861e-01 -7.0957e-01
1362 0 +5.282822800e+00 +1.050828228e+02 +1.050828228e+02 +6.3002e-01 -3.2909e+00 -3.6921e+00 -4.1690e+00 +4.9142e+00 +2.8550e+00 +3.8891e-01 +3.6483e+00 +1.2247e+00 +6.5452e-03
1367 0 +4.510305554e+00 +1.043103056e+02 +1.043103056e+02 +4.5252e-01 -3.0235e+00 -3.7838e+00 -4.5114e+00 +4.5984e+00 +3.0556e+00 +7.6396e-01 +3.4959e+00 +1.1122e+00 -2.3724e-01
1394 0 +3.984167302e+00 +1.037841673e+02 +1.037841673e+02 +7.0982e-01 -3.1642e+00 -3.6304e+00 -3.9993e+00 +4.1726e+00 +3.3315e+00 +6.1597e-01 +3.1072e+00 +7.2619e-01 -3.1471e-01
1691 0 +3.326564874e+00 +1.031265649e+02 +1.031265649e+02 +9.7331e-01 -2.9292e+00 -2.8225e+00 -3.9170e+00 +4.1288e+00 +2.7518e+00 +1.6294e-01 +2.8315e+00 +1.2170e+00 -4.7163e-01
1716 0 +3.265500712e+00 +1.030655007e+02 +1.030655007e+02 +9.0051e-01 -3.0559e+00 -2.8630e+00 -3.8984e+00 +4.1797e+00 +2.7959e+00 +5.9934e-01 +3.1401e+00 +1.1885e+00 -2.1978e-01
1721 0 +3.146314940e+00 +1.029463149e+02 +1.029463149e+02 +1.2243e+00 -2.8949e+00 -3.2324e+00 -3.8225e+00 +3.9251e+00 +2.7361e+00 +3.8809e-01 +2.5229e+00 +1.1576e+00 -4.6325e-01
1758 0 +3.119703193e+00 +1.029197032e+02 +1.029197032e+02 +1.2057e+00 -3.4205e+00 -3.0128e+00 -4.2292e+00 +4.1414e+00 +3.0422e+00 +4.5224e-01 +2.7976e+00 +1.1821e+00 -4.7109e-01
1825 0 +3.076226976e+00 +1.028762270e+02 +1.028762270e+02 +8.0696e-01 -2.8888e+00 -3.1513e+00 -4.1401e+00 +4.4663e+00 +2.7051e+00 +4.3666e-01 +2.6890e+00 +8.9735e-01 -8.7309e-02
1831 0 +3.058349222e+00 +1.028583492e+02 +1.028583492e+02 +1.0073e+00 -2.9479e+00 -3.1506e+00 -3.8024e+00 +4.4396e+00 +2.7602e+00 +5.6618e-01 +2.8787e+00 +1.1317e+00 -1.4108e-01
1832 0 +2.870266958e+00 +1.026702670e+02 +1.026702670e+02 +1.0825e+00 -2.7871e+00 -3.0582e+00 -3.9371e+00 +4.2166e+00 +2.7708e+00 +3.5591e-01 +2.6495e+00 +9.7508e-01 -1.2870e-01
1900 0 +2.778846503e+00 +1.025788465e+02 +1.025788465e+02 +8.2683e-01 -2.7313e+00 -3.2566e+00 -4.0341e+00 +4.1877e+00 +2.9131e+00 +4.6226e-01 +2.6404e+00 +1.0398e+00 -6.8919e-02
1950 0 +2.765515262e+00 +1.025655153e+02 +1.025655153e+02 +1.1470e+00 -3.0407e+00 -3.0649e+00 -4.0442e+00 +4.0004e+00 +2.9912e+00 +4.4590e-01 +2.6687e+00 +1.2513e+00 -1.8021e-02
2012 0 +2.710492450e+00 +1.025104924e+02 +1.025104924e+02 +9.5130e-01 -3.0549e+00 -3.2449e+00 -4.1697e+00 +4.1963e+00 +2.7926e+00 +4.9585e-01 +2.7078e+00 +1.1636e+00 -2.8327e-01
2094 0 +2.652483300e+00 +1.024524833e+02 +1.024524833e+02 +1.0162e+00 -3.0680e+00 -3.2225e+00 -4.0763e+00 +4.1881e+00 +3.0069e+00 +6.0571e-01 +2.8041e+00 +1.1806e+00 -2.6733e-01
2113 0 +2.651764975e+00 +1.024517650e+02 +1.024517650e+02 +1.0537e+00 -3.1269e+00 -3.1818e+00 -4.0749e+00 +4.1992e+00 +2.8286e+00 +5.7532e-01 +2.7282e+00 +1.2877e+00 -2.0291e-01
2122 0 +2.629039865e+00 +1.024290399e+02 +1.024290399e+02 +1.0139e+00 -2.9718e+00 -3.2439e+00 -4.0073e+00 +4.1577e+00 +2.9755e+00 +5.3550e-01 +2.6867e+00 +1.1811e+00 -1.9860e-01
2243 0 +2.622744295e+00 +1.024227443e+02 +1.024227443e+02 +1.0361e+00 -2.9960e+00 -3.1818e+00 -4.0509e+00 +4.2222e+00 +2.9372e+00 +4.2546e-01 +2.7763e+00 +1.0270e+00 -2.0364e-01
2246 0 +2.620035890e+00 +1.024200359e+02 +1.024200359e+02 +1.0603e+00 -2.9976e+00 -3.1626e+00 -4.0576e+00 +4.1935e+00 +2.9693e+00 +4.8599e-01 +2.6406e+00 +1.1887e+00 -1.4512e-01
2305 0 +2.618006363e+00 +1.024180064e+02 +1.024180064e+02 +9.7205e-01 -2.9707e+00 -3.1493e+00 -4.0301e+00 +4.2404e+00 +2.9225e+00 +4.6184e-01 +2.7053e+00 +1.1272e+00 -2.2746e-01
2322 0 +2.607455183e+00 +1.024074552e+02 +1.024074552e+02 +1.0246e+00 -3.0465e+00 -3.2104e+00 -4.0036e+00 +4.1888e+00 +2.9406e+00 +5.2265e-01 +2.7844e+00 +1.1733e+00 -1.6237e-01
2379 0 +2.605054995e+00 +1.024050550e+02 +1.024050550e+02 +1.0244e+00 -3.0453e+00 -3.1362e+00 -4.0445e+00 +4.2510e+00 +2.9556e+00 +5.1173e-01 +2.7603e+00 +1.1240e+00 -1.5228e-01
2466 0 +2.598811505e+00 +1.023988115e+02 +1.023988115e+02 +9.8856e-01 -3.0320e+00 -3.1762e+00 -4.0099e+00 +4.2006e+00 +2.8802e+00 +4.7789e-01 +2.7519e+00 +1.1222e+00 -1.8054e-01
% f evaluations | g evaluations | best noise-free fitness - Fopt (-1.194100000000e+02) + sum g_i+ | measured fitness | best measured fitness or single-digit g-values | x1 | x2...
1 0 +7.751724898e+01 -4.189275102e+01 -4.189275102e+01 +5.9671e-01 -3.8264e-02 +7.4769e-01 +1.6230e+00 -1.3415e-01 -1.3414e-01 +1.6792e+00 +8.6743e-01 -3.6947e-01 +6.4256e-01
6 0 +7.677999533e+01 -4.263000467e+01 -4.263000467e+01 +4.2408e-01 -2.8508e-01 -5.7692e-01 +7.1168e-01 +1.1310e+00 +1.0313e+00 -7.3922e-01 -2.0921e-01 +4.3126e-01 +1.0755e+00
17 0 +7.236273790e+01 -4.704726210e+01 -4.704726210e+01 -8.7468e-01 +8.8708e-01 +1.2586e+00 -7.2068e-01 +1.0634e+00 +5.1278e-01 +9.2206e-01 +1.9968e+00 -1.4539e-01 -6.5374e-01
18 0 +7.131435777e+01 -4.809564223e+01 -4.809564223e+01 -7.8951e-01 -7.1581e-01 +2.2898e-02 +4.4115e-01 +3.7669e-01 +9.2718e-01 +1.1300e-01 +1.5535e+00 -1.6466e-01 +2.8202e+00
24 0 +6.819395380e+01 -5.121604620e+01 -5.121604620e+01 -6.3037e-01 +3.1646e-01 +1.4557e-01 -5.5160e-01 +2.2439e+00 +7.3392e-01 -1.9251e+00 +2.8645e-01 -5.6179e-01 +9.5243e-01
74 0 +6.653762445e+01 -5.287237555e+01 -5.287237555e+01 -1.4083e+00 -1.1517e-01 +2.8741e-01 -4.5202e-01 +2.5583e+00 -1.1329e+00 -4.0091e-01 +2.4698e+00 -7.2474e-01 -1.2830e+00
77 0 +6.433251067e+01 -5.507748933e+01 -5.507748933e+01 -1.5393e+00 +1.2120e+00 +7.3777e-01 +2.3987e+00 +1.9580e+00 -3.3936e-01 -7.6213e-01 +1.9822e+00 -2.9109e+00 +1.0324e+00
101 0 +4.875050043e+01 -7.065949957e+01 -7.065949957e+01 +1.2760e-01 +1.1140e+00 +1.3970e+00 +2.5924e+00 +1.5650e+00 -1.2908e+00 -2.0047e-01 +3.2392e+00 -7.0980e-01 +1.8159e+00
191 0 +3.789553029e+01 -8.151446971e+01 -8.151446971e+01 -2.2988e+00 -5.9007e-01 +2.6854e+00 -8.5547e-01 +1.6040e+00 +6.4239e-01 -1.9505e+00 +3.8587e+00 -1.8072e+00 +1.4135e+00
324 0 +3.710343749e+01 -8.230656251e+01 -8.230656251e+01 +5.7126e-01 +9.2608e-01 +2.7705e+00 -1.8161e+00 +2.8343e+00 +4.0532e-01 -2.8604e+00 +3.8235e+00 -1.7047e+00 +1.4941e+00
398 0 +2.929164093e+01 -9.011835907e+01 -9.011835907e+01 -8.7345e-01 +8.3812e-01 +1.5465e+00 -1.6957e+00 +3.0741e+00 -3.7030e-01 -2.3113e+00 +3.9764e+00 -4.6677e-01 +2.8001e+00
489 0 +2.898444980e+01 -9.042555020e+01 -9.042555020e+01 -3.1875e-01 +9.3259e-01 +1.5251e+00 +8.6687e-01 +3.4106e+00 -8.3415e-01 -1.4018e+00 +4.0489e+00 -3.7677e-01 +2.5866e+00
612 0 +2.840233712e+01 -9.100766288e+01 -9.100766288e+01 +3.1115e-01 -4.8982e-01 +2.1915e+00 -7.7255e-01 +1.9945e+00 -7.3343e-01 -2.3888e+00 +2.7909e+00 -2.0198e-01 +9.1715e-01
654 0 +2.810733209e+01 -9.130266791e+01 -9.130266791e+01 -1.4306e+00 +4.2486e-02 +1.8806e+00 -1.6180e+00 +3.0843e+00 +7.4572e-01 -1.6991e+00 +3.1665e+00 -4.7606e-01 +2.0672e+00
662 0 +2.788851750e+01 -9.152148250e+01 -9.152148250e+01 +8.0987e-02 -5.9872e-01 +1.9530e+00 -7.4286e-02 +1.6036e+00 +2.3033e-01 -2.2306e+00 +4.6943e+00 +1.5229e-01 +2.7034e+00
679 0 +2.556514187e+01 -9.384485813e+01 -9.384485813e+01 -5.1317e-01 +1.1900e-01 +2.2470e+00 -9.6719e-01 +1.9247e+00 -3.2779e-01 -2.7749e+00 +3.7194e+00 -5.0305e-01 +1.7206e+00
718 0 +2.240540857e+01 -9.700459143e+01 -9.700459143e+01 -5.0925e-01 +7.9586e-01 +2.2474e+00 -8.6948e-01 +2.3644e+00 +7.9353e-01 -1.4597e+00 +4.9359e+00 -5.6211e-02 +2.9610e+00
744 0 +2.086951350e+01 -9.854048650e+01 -9.854048650e+01 +2.5195e-01 +5.6408e-01 +2.6268e+00 -5.1747e-01 +2.5634e+00 +2.6021e-01 -1.7037e+00 +3.8408e+00 +4.5506e-01 +3.4018e+00
773 0 +2.039035782e+01 -9.901964218e+01 -9.901964218e+01 -2.5127e-01 +1.0699e+00 +1.9758e+00 +2.0448e-01 +2.4549e+00 +4.5233e-01 -1.3370e+00 +4.1291e+00 -1.0955e+00 +2.1776e+00
798 0 +2.010643618e+01 -9.930356382e+01 -9.930356382e+01 +4.5324e-01 +6.5432e-01 +2.0889e+00 +3.8620e-01 +2.5957e+00 +6.7258e-01 -1.6804e+00 +3.7985e+00 +6.8308e-01 +2.4623e+00
845 0 +1.803780234e+01 -1.013721977e+02 -1.013721977e+02 -8.6761e-02 +4.3583e-01 +2.4023e+00 -8.7430e-01 +3.7627e+00 +2.0172e-01 -1.9707e+00 +3.9168e+00 -3.8078e-01 +2.4919e+00
929 0 +1.772306726e+01 -1.016869327e+02 -1.016869327e+02 -2.1236e-01 +1.0752e-02 +2.4957e+00 +9.1133e-01 +2.8114e+00 +2.5689e-01 -1.4171e+00 +4.1699e+00 +2.3844e-01 +2.7719e+00
965 0 +1.754513805e+01 -1.018648620e+02 -1.018648620e+02 -7.2018e-02 +4.6802e-01 +2.1337e+00 -1.0407e-01 +3.3985e+00 +5.6473e-01 -1.3084e+00 +4.3055e+00 +2.8889e-01 +3.3814e+00
991 0 +1.719827752e+01 -1.022117225e+02 -1.022117225e+02 -4.9714e-01 +9.8589e-02 +2.6845e+00 +8.4581e-02 +3.1933e+00 +4.5314e-01 -1.7696e+00 +3.9186e+00 -4.6420e-01 +2.9507e+00
1085 0 +1.637771014e+01 -1.030322899e+02 -1.030322899e+02 -4.8140e-01 +5.2114e-01 +2.8301e+00 +1.2477e-01 +2.7170e+00 +7.7515e-01 -1.5424e+00 +3.9788e+00 -1.4834e-01 +3.1013e+00
1214 0 +1.603158837e+01 -1.033784116e+02 -1.033784116e+02 +3.5980e-01 +1.7919e-01 +2.9105e+00 +3.6366e-01 +2.8793e+00 +5.0444e-01 -1.6738e+00 +4.1490e+00 +1.6556e-02 +3.0860e+00
1334 0 +1.561839072e+01 -1.037916093e+02 -1.037916093e+02 -2.1392e-01 +3.1264e-01 +2.5226e+00 +5.9838e-02 +2.6255e+00 +8.2858e-01 -1.5940e+00 +4.1890e+00 -5.8789e-02 +2.7386e+00
1351 0 +1.561364807e+01 -1.037963519e+02 -1.037963519e+02 -1.9497e-01 -3.0078e-01 +2.5642e+00 +2.2237e-01 +2.6131e+00 +5.5084e-01 -1.4911e+00 +4.1815e+00 +1.2067e-01 +2.6788e+00
1363 0 +1.550681433e+01 -1.039031857e+02 -1.039031857e+02 +5.9435e-02 +3.4956e-01 +2.7776e+00 +3.2866e-01 +2.6427e+00 +5.8849e-01 -1.9102e+00 +4.0456e+00 +1.9784e-02 +2.7351e+00
1371 0 +1.520358160e+01 -1.042064184e+02 -1.042064184e+02 -1.4883e-01 +3.6803e-01 +2.6869e+00 +1.7346e-01 +2.8018e+00 +4.9026e-01 -1.7578e+00 +3.8807e+00 +2.1497e-02 +2.6444e+00
1563 0 +1.510443966e+01 -1.043055603e+02 -1.043055603e+02 -4.9037e-02 +1.5037e-01 +2.7720e+00 -1.1801e-01 +2.7341e+00 +3.7356e-01 -1.3540e+00 +4.3659e+00 +2.4364e-01 +2.7020e+00
1570 0 +1.506156306e+01 -1.043484369e+02 -1.043484369e+02 +7.0346e-02 +7.6054e-02 +2.7331e+00 -1.8143e-01 +3.0990e+00 +3.7818e-01 -1.7542e+00 +4.2954e+00 -2.6060e-02 +2.9141e+00
1605 0 +1.502377559e+01 -1.043862244e+02 -1.043862244e+02 +2.8025e-03 +1.3930e-01 +2.4791e+00 -1.0946e-01 +3.0338e+00 +5.2246e-01 -1.7699e+00 +4.1932e+00 -1.2471e-02 +2.9012e+00
1620 0 +1.501411626e+01 -1.043958837e+02 -1.043958837e+02 -1.8695e-01 +2.5484e-01 +2.4261e+00 -4.3753e-02 +3.1354e+00 +4.7993e-01 -1.5861e+00 +4.2208e+00 -1.4629e-02 +2.7340e+00
1667 0 +1.500619151e+01 -1.044038085e+02 -1.044038085e+02 -1.9356e-01 +3.7185e-01 +2.6285e+00 +2.1789e-01 +2.8253e+00 +4.9434e-01 -1.6682e+00 +4.3346e+00 -2.1882e-01 +2.5954e+00
1719 0 +1.497130257e+01 -1.044386974e+02 -1.044386974e+02 -1.4999e-01 +2.6026e-01 +2.8284e+00 +1.8881e-01 +2.7712e+00 +3.2463e-01 -1.4801e+00 +4.3297e+00 +9.0586e-02 +2.8694e+00
1749 0 +1.495623665e+01 -1.044537633e+02 -1.044537633e+02 -3.1876e-01 +3.1167e-01 +2.5852e+00 +2.8273e-02 +2.9448e+00 +6.1353e-01 -1.3276e+00 +4.4671e+00 -3.6749e-02 +2.7914e+00
1751 0 +1.494793688e+01 -1.044620631e+02 -1.044620631e+02 -2.6145e-01 +2.0527e-01 +2.4160e+00 -2.8283e-01 +2.8873e+00 +5.2355e-01 -1.7296e+00 +4.2388e+00 -1.0031e-02 +2.6581e+00
1782 0 +1.483745263e+01 -1.045725474e+02 -1.045725474e+02 -1.5714e-01 +4.6967e-02 +2.5304e+00 -2.3020e-01 +2.9948e+00 +5.4103e-01 -1.6155e+00 +4.1983e+00 -7.4298e-02 +2.8177e+00
1832 0 +1.464352704e+01 -1.047664730e+02 -1.047664730e+02 -1.8819e-01 +1.5129e-01 +2.6932e+00 -1.9474e-02 +2.8729e+00 +4.3886e-01 -1.5950e+00 +4.2846e+00 -5.7937e-02 +2.7579e+00
2007 0 +1.463707394e+01 -1.047729261e+02 -1.047729261e+02 -1.5988e-01 +9.8910e-02 +2.7189e+00 -2.0843e-01 +2.9434e+00 +5.4531e-01 -1.6142e+00 +4.2895e+00 +7.8618e-02 +2.7585e+00
2054 0 +1.463006644e+01 -1.047799336e+02 -1.047799336e+02 -1.6738e-01 +1.2870e-01 +2.7225e+00 -8.0852e-02 +2.9161e+00 +5.1559e-01 -1.6141e+00 +4.3041e+00 +1.2943e-01 +2.8376e+00
2083 0 +1.462343439e+01 -1.047865656e+02 -1.047865656e+02 -1.9703e-01 +5.2222e-02 +2.7279e+00 -8.0213e-02 +2.8999e+00 +5.7293e-01 -1.5367e+00 +4.2494e+00 +1.1717e-01 +2.7823e+00
2097 0 +1.461812933e+01 -1.047918707e+02 -1.047918707e+02 -1.7018e-01 +1.3478e-01 +2.6413e+00 -1.2298e-01 +2.9161e+00 +4.4705e-01 -1.6170e+00 +4.2561e+00 +3.1359e-02 +2.6415e+00
2115 0 +1.461309959e+01 -1.047969004e+02 -1.047969004e+02 -1.8372e-01 +1.4699e-01 +2.6907e+00 +3.9327e-02 +2.8465e+00 +5.2204e-01 -1.6034e+00 +4.2548e+00 +8.4457e-02 +2.7626e+00
2137 0 +1.461283060e+01 -1.047971694e+02 -1.047971694e+02 -2.1293e-01 +1.8032e-01 +2.6872e+00 -3.7394e-02 +2.9058e+00 +5.3736e-01 -1.5475e+00 +4.2543e+00 +6.6696e-02 +2.7763e+00
2224 0 +1.459325366e+01 -1.048167463e+02 -1.048167463e+02 -1.6715e-01 +1.5149e-01 +2.7053e+00 -4.5659e-02 +2.8723e+00 +5.3880e-01 -1.5828e+00 +4.2445e+00 +5.7574e-02 +2.7325e+00
2499 0 +1.458835654e+01 -1.048216435e+02 -1.048216435e+02 -1.7683e-01 +1.5105e-01 +2.6989e+00 -3.4103e-02 +2.8890e+00 +5.3329e-01 -1.5846e+00 +4.2947e+00 +6.4667e-02 +2.7244e+00
% f evaluations | g evaluations | best noise-free fitness - Fopt (1.077000000000e+01) + sum g_i+ | measured fitness | best measured fitness or single-digit g-values | x1 | x2...
1 0 +7.974913433e+01 +9.051913433e+01 +9.051913433e+01 +5.9671e-01 -3.8264e-02 +7.4769e-01 +1.6230e+00 -1.3415e-01 -1.3414e-01 +1.6792e+00 +8.6743e-01 -3.6947e-01 +6.4256e-01
4 0 +7.160999518e+01 +8.237999518e+01 +8.237999518e+01 -5.0171e-01 +1.9523e+00 +8.6503e-02 -9.5771e-01 +9.2254e-01 -1.1208e+00 +3.0886e-01 -1.8597e+00 -1.2282e+00 +2.9686e-01
58 0 +7.080252797e+01 +8.157252797e+01 +8.157252797e+01 -2.1454e+00 +6.3139e-01 -2.3484e+00 -2.0874e+00 -2.2974e-01 -1.4431e+00 +1.6572e-01 +8.4200e-01 -3.3444e-01 +1.2996e+00
60 0 +6.965768552e+01 +8.042768552e+01 +8.042768552e+01 +6.7464e-01 +1.4173e+00 -1.0737e+00 -5.9857e-01 -6.4481e-02 -4.7784e-01 +1.0416e+00 +5.5943e-03 +3.9250e-02 +1.1490e+00
74 0 +6.769324644e+01 +7.846324644e+01 +7.846324644e+01 -1.4595e+00 +2.4064e+00 +1.8578e-01 +4.3381e-01 -7.5099e-01 -1.3428e+00 +5.5254e-01 -2.3006e+00 +1.1078e+00 -1.2736e-01
87 0 +6.415991585e+01 +7.492991585e+01 +7.492991585e+01 -1.0687e+00 +2.4542e+00 -1.3771e+00 -1.7193e-01 +8.6730e-01 +6.0947e-01 +1.5154e+00 -2.4681e+00 -1.8696e+00 +1.6247e+00
112 0 +5.792254007e+01 +6.869254007e+01 +6.869254007e+01 +2.3111e+00 +2.7810e+00 -2.1187e+00 -1.8486e+00 +7.9584e-01 -2.6075e+00 -4.3509e-01 -2.6286e+00 -1.0273e+00 +2.1139e+00
129 0 +5.626124450e+01 +6.703124450e+01 +6.703124450e+01 -2.8819e+00 -2.2776e+00 +1.8048e+00 +9.7228e-01 -9.5022e-01 +1.3358e+00 -1.4476e+00 +1.9715e-01 -2.4352e-01 +1.0407e+00
205 0 +4.183514872e+01 +5.260514872e+01 +5.260514872e+01 +1.2971e-01 +2.1463e+00 -2.3306e+00 -2.0975e+00 +4.8829e-01 +2.2308e-01 +1.6884e+00 -2.3673e+00 -2.3093e+00 +2.5097e+00
331 0 +4.158922547e+01 +5.235922547e+01 +5.235922547e+01 +1.4468e+00 +1.6822e+00 -2.1681e+00 -8.6217e-02 -1.8342e-01 +1.4381e+00 +2.5912e+00 -1.6437e+00 -2.0616e+00 +2.5306e+00
407 0 +3.112695160e+01 +4.189695160e+01 +4.189695160e+01 +2.5774e+00 +2.7774e+00 -4.4276e+00 -2.2217e+00 +7.9794e-01 -6.4640e-02 +2.3960e+00 -4.6321e+00 -3.2698e+00 +2.5645e+00
451 0 +2.653044715e+01 +3.730044715e+01 +3.730044715e+01 -9.9719e-01 +2.6134e+00 -1.6593e+00 -1.4660e+00 +3.7684e-01 +2.0653e-01 +3.4180e+00 -3.2484e+00 -3.4973e+00 +1.4515e+00
455 0 +2.244065173e+01 +3.321065173e+01 +3.321065173e+01 +1.1345e+00 +4.7094e+00 -1.2677e+00 -1.6636e+00 +5.6609e-01 +3.7465e-01 +3.3039e+00 -2.8385e+00 -3.0113e+00 +2.4276e+00
616 0 +2.119431074e+01 +3.196431074e+01 +3.196431074e+01 +6.9103e-01 +3.2758e+00 -1.5202e+00 -2.5157e+00 -9.1348e-02 +1.7030e+00 +3.6700e+00 -2.9846e+00 -4.2708e+00 +3.5088e+00
710 0 +1.625060080e+01 +2.702060080e+01 +2.702060080e+01 +2.7379e+00 +3.4489e+00 -1.7371e+00 -6.6927e-01 -1.9096e-01 +1.5064e+00 +2.8163e+00 -2.3501e+00 -3.6150e+00 +2.4502e+00
779 0 +1.150184525e+01 +2.227184525e+01 +2.227184525e+01 +1.2472e+00 +3.7784e+00 -2.1539e+00 -8.3521e-01 +1.7055e-01 +1.9995e+00 +3.4719e+00 -2.9822e+00 -4.7302e+00 +2.4206e+00
963 0 +1.049967571e+01 +2.126967571e+01 +2.126967571e+01 +1.3319e+00 +4.0647e+00 -3.0002e+00 -3.0197e-01 +5.2793e-01 +1.7283e+00 +4.1077e+00 -3.2843e+00 -4.6520e+00 +2.6367e+00
1047 0 +1.005540923e+01 +2.082540923e+01 +2.082540923e+01 +1.5149e+00 +4.9756e+00 -2.4660e+00 -6.7462e-01 +5.6202e-01 +1.9110e+00 +3.6745e+00 -2.6514e+00 -4.1900e+00 +2.8733e+00
1138 0 +9.882632293e+00 +2.065263229e+01 +2.065263229e+01 +8.8678e-01 +3.7968e+00 -2.7562e+00 -1.1647e+00 +3.8977e-01 +1.9553e+00 +3.9150e+00 -3.1852e+00 -4.3636e+00 +2.5260e+00
1158 0 +9.608778530e+00 +2.037877853e+01 +2.037877853e+01 +2.5143e-01 +4.6096e+00 -2.5181e+00 -6.5778e-01 +6.8695e-01 +1.6347e+00 +4.1787e+00 -3.6084e+00 -4.8315e+00 +2.9846e+00
1502 0 +9.219975446e+00 +1.998997545e+01 +1.998997545e+01 +1.0010e+00 +4.1122e+00 -2.6838e+00 -1.0212e+00 +2.4004e-01 +2.1761e+00 +4.1310e+00 -3.0464e+00 -4.7286e+00 +3.1632e+00
1612 0 +9.209408863e+00 +1.997940886e+01 +1.997940886e+01 +1.2322e+00 +3.8692e+00 -2.4814e+00 -9.1930e-01 +3.1699e-01 +1.9971e+00 +3.7835e+00 -3.0732e+00 -4.6720e+00 +2.7262e+00
1644 0 +8.970863046e+00 +1.974086305e+01 +1.974086305e+01 +8.5385e-01 +4.1458e+00 -2.5900e+00 -8.0110e-01 +4.6805e-01 +1.6730e+00 +3.8275e+00 -2.9622e+00 -4.4703e+00 +2.8729e+00
1691 0 +8.970705061e+00 +1.974070506e+01 +1.974070506e+01 +6.5684e-01 +4.1896e+00 -2.2280e+00 -6.8750e-01 +3.0683e-01 +1.5420e+00 +3.8285e+00 -2.9653e+00 -4.7166e+00 +2.6970e+00
1694 0 +8.884129496e+00 +1.965412950e+01 +1.965412950e+01 +9.7613e-01 +4.3776e+00 -2.5569e+00 -8.5441e-01 +3.8077e-01 +1.8692e+00 +3.9514e+00 -3.2076e+00 -4.7074e+00 +3.0015e+00
1754 0 +8.856048809e+00 +1.962604881e+01 +1.962604881e+01 +1.0249e+00 +4.1217e+00 -2.5538e+00 -8.6683e-01 +3.4749e-01 +1.8507e+00 +3.9682e+00 -3.2144e+00 -4.6515e+00 +2.9524e+00
1816 0 +8.843062663e+00 +1.961306266e+01 +1.961306266e+01 +1.0741e+00 +4.2414e+00 -2.2660e+00 -8.3097e-01 +2.0744e-01 +1.7298e+00 +3.8144e+00 -2.8766e+00 -4.7422e+00 +2.8788e+00
1930 0 +8.805130996e+00 +1.957513100e+01 +1.957513100e+01 +9.5295e-01 +4.4007e+00 -2.4900e+00 -7.9460e-01 +4.6290e-01 +1.6388e+00 +3.8764e+00 -3.0685e+00 -4.6895e+00 +2.7846e+00
1955 0 +8.795070770e+00 +1.956507077e+01 +1.956507077e+01 +1.1107e+00 +4.2738e+00 -2.5009e+00 -8.6404e-01 +3.3910e-01 +1.8132e+00 +3.8861e+00 -2.9269e+00 -4.7386e+00 +2.8658e+00
2030 0 +8.789535093e+00 +1.955953509e+01 +1.955953509e+01 +1.1141e+00 +4.3592e+00 -2.5110e+00 -6.9353e-01 +4.4403e-01 +1.8669e+00 +3.9417e+00 -2.9490e+00 -4.6242e+00 +2.8343e+00
2059 0 +8.780474925e+00 +1.955047492e+01 +1.955047492e+01 +1.1445e+00 +4.2706e+00 -2.5427e+00 -7.3141e-01 +4.1660e-01 +1.9279e+00 +4.0016e+00 -3.0181e+00 -4.7643e+00 +2.8758e+00
2139 0 +8.769239155e+00 +1.953923916e+01 +1.953923916e+01 +1.0029e+00 +4.3051e+00 -2.3587e+00 -7.0256e-01 +3.7998e-01 +1.8158e+00 +3.9930e+00 -3.0291e+00 -4.7477e+00 +2.8407e+00
2230 0 +8.763089291e+00 +1.953308929e+01 +1.953308929e+01 +1.0970e+00 +4.3194e+00 -2.4823e+00 -8.5156e-01 +3.7587e-01 +1.9082e+00 +4.0336e+00 -3.0106e+00 -4.7540e+00 +2.8769e+00
2304 0 +8.762278223e+00 +1.953227822e+01 +1.953227822e+01 +9.5099e-01 +4.3032e+00 -2.4821e+00 -8.2923e-01 +4.4196e-01 +1.8233e+00 +3.9798e+00 -2.9669e+00 -4.6891e+00 +2.8276e+00
2306 0 +8.756387238e+00 +1.952638724e+01 +1.952638724e+01 +8.7264e-01 +4.2862e+00 -2.3801e+00 -8.0036e-01 +3.8323e-01 +1.8277e+00 +4.0435e+00 -3.0098e+00 -4.7445e+00 +2.8734e+00
2332 0 +8.755225365e+00 +1.952522537e+01 +1.952522537e+01 +9.9089e-01 +4.3145e+00 -2.4584e+00 -8.3273e-01 +4.4665e-01 +1.8726e+00 +4.0260e+00 -3.0320e+00 -4.7149e+00 +2.8337e+00
2333 0 +8.752142445e+00 +1.952214244e+01 +1.952214244e+01 +9.4834e-01 +4.3312e+00 -2.4154e+00 -7.8781e-01 +3.8355e-01 +1.8142e+00 +4.0073e+00 -3.0549e+00 -4.6893e+00 +2.8604e+00
% f evaluations | g evaluations | best noise-free fitness - Fopt (2.137000000000e+01) + sum g_i+ | measured fitness | best measured fitness or single-digit g-values | x1 | x2...
1 0 +8.383956709e+01 +1.052095671e+02 +1.052095671e+02 +5.9671e-01 -3.8264e-02 +7.4769e-01 +1.6230e+00 -1.3415e-01 -1.3414e-01 +1.6792e+00 +8.6743e-01 -3.6947e-01 +6.4256e-01
2 0 +8.042922161e+01 +1.017992216e+02 +1.017992216e+02 -3.6342e-01 -3.6573e-01 +3.4196e-01 -1.8133e+00 -1.6249e+00 -4.6229e-01 -9.1283e-01 +4.1425e-01 -8.0802e-01 -1.3123e+00
17 0 +8.017889666e+01 +1.015488967e+02 +1.015488967e+02 -8.7468e-01 +8.8708e-01 +1.2586e+00 -7.2068e-01 +1.0634e+00 +5.1278e-01 +9.2206e-01 +1.9968e+00 -1.4539e-01 -6.5374e-01
29 0 +7.957236286e+01 +1.009423629e+02 +1.009423629e+02 +2.1352e-01 +7.6213e-01 +1.6860e+00 -1.1378e+00 +2.2330e+00 -1.8521e+00 -5.1785e-02 +6.8832e-01 +3.8099e-01 -5.2270e-01
45 0 +7.731561834e+01 +9.868561834e+01 +9.868561834e+01 +4.8407e-01 +6.7305e-02 -1.9674e+00 +1.0880e-02 -1.2045e+00 +7.6967e-01 +4.6660e-01 -8.3988e-01 -4.1387e-01 -9.5921e-01
103 0 +7.634440234e+01 +9.771440234e+01 +9.771440234e+01 -4.7468e-01 -5.2928e-01 -1.1133e-01 -3.8887e-01 -2.0419e+00 -4.6280e-01 +1.2949e-02 +3.7602e-01 -4.7625e-01 +1.4422e+00
105 0 +7.493659471e+01 +9.630659471e+01 +9.630659471e+01 +3.0120e-01 -1.3290e+00 +7.2087e-01 +1.1026e+00 +9.7354e-01 +5.3155e-01 +1.4156e+00 +2.3713e+00 -5.4987e-01 +1.3627e+00
128 0 +7.434365934e+01 +9.571365934e+01 +9.571365934e+01 +7.8608e-01 -1.4199e+00 +8.5755e-01 -1.8092e+00 -5.4386e-01 -2.5076e-01 +1.2156e+00 +3.3409e-01 -1.8453e+00 +2.5937e-01
151 0 +7.208673952e+01 +9.345673952e+01 +9.345673952e+01 +6.0789e-01 -1.2381e+00 +2.4377e+00 -2.0859e-01 +1.3912e+00 -1.3515e-01 +1.3760e+00 +2.3309e+00 -1.7727e+00 +1.0956e+00
177 0 +6.960012661e+01 +9.097012661e+01 +9.097012661e+01 +1.8680e+00 +3.8754e-01 +2.5959e+00 -1.3803e+00 -2.4325e-01 -1.6169e+00 +2.0857e+00 +1.7184e+00 -2.0187e+00 -5.8873e-01
179 0 +6.916394261e+01 +9.053394261e+01 +9.053394261e+01 +5.0214e-01 -1.3378e+00 +7.0793e-01 -2.5783e-01 +2.3329e+00 +1.7981e+00 +1.4874e+00 +1.9164e+00 -1.7425e-01 -9.3741e-01
203 0 +6.310121471e+01 +8.447121471e+01 +8.447121471e+01 +3.7865e+00 +2.2884e-01 -1.4575e+00 -1.2473e+00 -1.4854e+00 +8.1200e-01 +1.1756e+00 +1.0335e-01 -2.3251e+00 -1.3264e+00
380 0 +4.955655149e+01 +7.092655149e+01 +7.092655149e+01 +1.7892e+00 -1.1256e+00 +2.2765e+00 -1.8782e-01 +2.8614e+00 +4.7261e+00 +2.9572e+00 +2.3170e+00 +2.1821e+00 -3.0941e+00
514 0 +4.422931977e+01 +6.559931977e+01 +6.559931977e+01 +1.0769e+00 -3.4578e+00 +4.8810e+00 -2.1188e+00 +3.9399e+00 +2.9357e+00 +2.3151e+00 +2.4523e+00 -1.7465e-01 -3.0499e+00
529 0 +3.694517746e+01 +5.831517746e+01 +5.831517746e+01 +5.3636e-01 -4.6616e+00 +4.3752e+00 -1.9753e+00 +1.3628e+00 +3.2613e+00 +2.7605e+00 -1.9850e+00 +1.3281e+00 -4.8555e+00
667 0 +2.917031836e+01 +5.054031836e+01 +5.054031836e+01 +3.6769e+00 -2.9610e+00 +3.3668e+00 -7.7054e-01 +3.3768e+00 +2.3609e+00 +2.3702e+00 +3.5717e-01 +4.4756e-01 -4.6401e+00
668 0 +2.602148743e+01 +4.739148743e+01 +4.739148743e+01 +2.6132e+00 -2.4974e+00 +3.3830e+00 -1.5923e+00 +3.3823e+00 +2.1403e+00 +4.7439e+00 +1.1176e+00 +2.4156e+00 -4.6473e+00
676 0 +1.921309334e+01 +4.058309334e+01 +4.058309334e+01 +1.6439e+00 -4.8199e+00 +4.4219e+00 -2.6214e+00 +2.5381e+00 +4.0878e+00 +4.2682e+00 +8.5494e-01 +2.2855e+00 -3.5612e+00
885 0 +1.790640674e+01 +3.927640674e+01 +3.927640674e+01 +2.4755e+00 -2.6135e+00 +3.4107e+00 -9.9841e-01 +3.1808e+00 +3.0011e+00 +4.3118e+00 +1.5259e+00 +7.9637e-01 -3.6134e+00
913 0 +1.504996465e+01 +3.641996465e+01 +3.641996465e+01 +2.1122e+00 -3.7227e+00 +4.4597e+00 -1.5360e+00 +2.4806e+00 +2.9016e+00 +4.1035e+00 +8.5472e-01 +1.4299e+00 -3.7141e+00
949 0 +1.331771579e+01 +3.468771579e+01 +3.468771579e+01 +2.4967e+00 -3.5511e+00 +3.7528e+00 -1.7740e+00 +2.7424e+00 +2.9444e+00 +3.5954e+00 +6.5691e-01 +1.6933e+00 -4.8332e+00
1067 0 +1.328694954e+01 +3.465694954e+01 +3.465694954e+01 +7.4418e-01 -3.7858e+00 +3.6378e+00 -1.0713e+00 +2.7944e+00 +3.2698e+00 +3.8826e+00 +1.7270e-02 +1.6988e+00 -3.9948e+00
1089 0 +1.202669986e+01 +3.339669986e+01 +3.339669986e+01 +1.3802e+00 -3.5991e+00 +3.3552e+00 -1.1367e+00 +2.3117e+00 +3.4208e+00 +4.2434e+00 -3.1619e-01 +1.1241e+00 -4.2577e+00
1156 0 +9.833617271e+00 +3.120361727e+01 +3.120361727e+01 +1.1053e+00 -4.1609e+00 +3.8571e+00 -1.8832e+00 +3.1658e+00 +3.5536e+00 +3.6155e+00 -1.6034e-01 +1.2978e+00 -4.5038e+00
1287 0 +9.752425473e+00 +3.112242547e+01 +3.112242547e+01 +1.7246e+00 -3.5797e+00 +3.8525e+00 -1.4599e+00 +2.8237e+00 +3.9221e+00 +4.5091e+00 +4.7665e-01 +1.5073e+00 -4.4020e+00
1302 0 +9.746928682e+00 +3.111692868e+01 +3.111692868e+01 +1.5533e+00 -4.1805e+00 +4.2363e+00 -1.2430e+00 +2.8659e+00 +3.7806e+00 +4.0288e+00 -1.2175e-02 +1.1836e+00 -4.3772e+00
1319 0 +9.480133941e+00 +3.085013394e+01 +3.085013394e+01 +1.6022e+00 -3.4397e+00 +3.9940e+00 -1.2795e+00 +2.8137e+00 +3.6414e+00 +4.0047e+00 -6.5125e-02 +1.2699e+00 -4.2320e+00
1410 0 +9.249848029e+00 +3.061984803e+01 +3.061984803e+01 +1.6815e+00 -4.0833e+00 +4.3627e+00 -1.7921e+00 +3.0020e+00 +3.6309e+00 +4.0561e+00 -1.5213e-02 +1.1934e+00 -4.5459e+00
1452 0 +9.209690839e+00 +3.057969084e+01 +3.057969084e+01 +1.7222e+00 -3.7378e+00 +3.9430e+00 -1.8042e+00 +2.8711e+00 +3.6781e+00 +4.1026e+00 +2.1277e-01 +1.2900e+00 -4.1509e+00
1547 0 +9.056932571e+00 +3.042693257e+01 +3.042693257e+01 +1.2975e+00 -3.7001e+00 +3.9071e+00 -1.5680e+00 +2.8015e+00 +3.7398e+00 +4.1919e+00 +2.8607e-01 +1.5591e+00 -4.6335e+00
1669 0 +8.909442558e+00 +3.027944256e+01 +3.027944256e+01 +1.4788e+00 -3.9522e+00 +3.9600e+00 -1.5397e+00 +2.9897e+00 +3.6772e+00 +3.6911e+00 +8.8676e-02 +1.4568e+00 -4.5155e+00
1792 0 +8.892002168e+00 +3.026200217e+01 +3.026200217e+01 +1.5075e+00 -3.8537e+00 +4.0624e+00 -1.5563e+00 +2.8849e+00 +3.8671e+00 +3.9878e+00 +2.7222e-01 +1.5231e+00 -4.4529e+00
2055 0 +8.868934915e+00 +3.023893492e+01 +3.023893492e+01 +1.3279e+00 -3.9275e+00 +4.0799e+00 -1.7045e+00 +3.1285e+00 +3.7673e+00 +3.8326e+00 -2.5912e-02 +1.4206e+00 -4.5942e+00
2112 0 +8.837243246e+00 +3.020724325e+01 +3.020724325e+01 +1.4237e+00 -3.7786e+00 +3.9443e+00 -1.7483e+00 +2.9744e+00 +3.7693e+00 +3.9339e+00 +3.8011e-01 +1.3794e+00 -4.4517e+00
2128 0 +8.823087777e+00 +3.019308778e+01 +3.019308778e+01 +1.3738e+00 -3.8506e+00 +3.9192e+00 -1.6468e+00 +3.0064e+00 +3.8015e+00 +3.8869e+00 +1.7438e-01 +1.4746e+00 -4.6648e+00
2193 0 +8.782405078e+00 +3.015240508e+01 +3.015240508e+01 +1.4300e+00 -3.8681e+00 +3.8846e+00 -1.5915e+00 +2.9469e+00 +3.7010e+00 +3.8144e+00 +1.9079e-01 +1.3289e+00 -4.5870e+00
2332 0 +8.780475649e+00 +3.015047565e+01 +3.015047565e+01 +1.5565e+00 -3.8886e+00 +3.8818e+00 -1.6296e+00 +2.9236e+00 +3.7901e+00 +3.9058e+00 +1.0743e-01 +1.3793e+00 -4.5300e+00
2405 0 +8.747921333e+00 +3.011792133e+01 +3.011792133e+01 +1.4694e+00 -3.8892e+00 +3.9808e+00 -1.6475e+00 +2.9855e+00 +3.7993e+00 +3.8519e+00 +1.5574e-01 +1.3639e+00 -4.5464e+00
