% f evaluations | g evaluations | best noise-free fitness - Fopt (-5.494000000000e+01) + sum g_i+ | measured fitness | best measured fitness or single-digit g-values | x1 | x2...
1 0 +1.460747422e+07 +1.460741928e+07 +1.460741928e+07 +5.9671e-01 -3.8264e-02 +7.4769e-01 +1.6230e+00 -1.3415e-01 -1.3414e-01 +1.6792e+00 +8.6743e-01 -3.6947e-01 +6.4256e-01
3 0 +1.121714553e+07 +1.121709059e+07 +1.121709059e+07 +1.5656e+00 -1.2578e-01 +1.6753e-01 -1.3247e+00 -4.4438e-01 +2.1092e-01 -1.0510e+00 +4.7570e-01 -5.0064e-01 -1.9169e-01
6 0 +8.192074538e+06 +8.192019598e+06 +8.192019598e+06 +4.2408e-01 -2.8508e-01 -5.7692e-01 +7.1168e-01 +1.1310e+00 +1.0313e+00 -7.3922e-01 -2.0921e-01 +4.3126e-01 +1.0755e+00
13 0 +4.258209999e+06 +4.258155059e+06 +4.258155059e+06 +8.9103e-01 -8.0939e-01 +1.5028e+00 -1.3019e+00 +6.8686e-01 +2.2905e+00 -8.9054e-01 -4.6630e-01 +1.9965e-01 -4.0348e-01
24 0 +2.783131062e+06 +2.783076122e+06 +2.783076122e+06 -6.3037e-01 +3.1646e-01 +1.4557e-01 -5.5160e-01 +2.2439e+00 +7.3392e-01 -1.9251e+00 +2.8645e-01 -5.6179e-01 +9.5243e-01
53 0 +2.622050722e+06 +2.621995782e+06 +2.621995782e+06 +2.1375e+00 -8.3619e-01 +1.7104e+00 +2.1653e+00 +6.1987e-01 +1.1590e+00 -1.0794e+00 -1.5565e-01 +1.6090e+00 -2.3542e-01
67 0 +2.485289016e+06 +2.485234076e+06 +2.485234076e+06 -9.2736e-01 -4.3842e-01 -6.0815e-01 +1.3933e+00 +8.0365e-01 +2.0253e+00 -2.1621e+00 +8.6433e-02 -2.0724e+00 +2.5380e+00
68 0 +9.131028984e+05 +9.130479584e+05 +9.130479584e+05 +2.0118e+00 +2.4409e-01 -5.6109e-01 +6.3105e-02 +4.3342e+00 +2.4059e+00 -1.2931e+00 -5.4079e-01 -1.6160e+00 -2.4771e-01
71 0 +7.327280791e+05 +7.326731391e+05 +7.326731391e+05 -1.5822e+00 +1.8144e-01 -7.1777e-01 +2.3386e+00 +8.6475e-01 +3.3917e+00 -3.3553e+00 +1.7365e-01 -1.7665e+00 +5.6814e-01
104 0 +6.965635764e+05 +6.965086364e+05 +6.965086364e+05 +2.9856e+00 +9.0736e-01 -1.8810e+00 +3.2899e+00 +2.5170e+00 +3.9888e+00 -2.1866e+00 +3.4747e+00 -6.8831e-01 +1.0591e+00
108 0 +5.539366562e+05 +5.538817162e+05 +5.538817162e+05 +8.9371e-01 -1.1499e+00 -9.2077e-01 -1.0414e+00 +2.9167e+00 +3.0349e+00 -3.4330e+00 -1.5100e+00 +8.1015e-01 +4.4800e+00
149 0 +1.757860843e+05 +1.757311443e+05 +1.757311443e+05 +3.2312e+00 +3.4202e-01 -2.7222e+00 +3.7035e+00 +4.4382e+00 +2.4603e+00 -2.5317e+00 +2.0683e+00 +2.3946e+00 +3.0382e+00
203 0 +4.711313304e+04 +4.705819304e+04 +4.705819304e+04 +1.0038e+00 -6.1336e-01 +1.4620e+00 +1.9898e+00 +3.1932e+00 +2.6173e+00 -1.2094e+00 +1.9613e+00 +2.6290e+00 +1.4889e+00
577 0 +4.329336951e+04 +4.323842951e+04 +4.323842951e+04 -2.7565e-01 +1.1886e+00 -1.8301e+00 +3.2615e+00 +3.5216e+00 +1.7703e+00 -3.3915e+00 +2.8222e+00 +8.2871e-01 +3.6465e+00
726 0 +4.026089258e+04 +4.020595258e+04 +4.020595258e+04 +1.8628e+00 -2.0681e+00 +2.3901e-01 +1.9203e+00 +3.1815e+00 +2.6306e+00 -2.3599e+00 -1.1194e-01 +3.7268e+00 +2.7092e+00
825 0 +2.499307013e+04 +2.493813013e+04 +2.493813013e+04 +2.4920e-01 -7.2187e-01 -2.4283e+00 +4.7274e+00 +3.2650e+00 +2.5486e+00 -2.5743e+00 +2.8527e+00 +1.8373e+00 +3.5065e+00
1050 0 +1.234919526e+04 +1.229425526e+04 +1.229425526e+04 +1.3027e+00 -3.1729e+00 +2.6499e+00 -3.2236e-01 +2.0637e+00 +3.9528e+00 -2.6324e+00 -3.6162e+00 +1.5961e+00 +9.2737e-01
1220 0 +1.002845376e+04 +9.973513764e+03 +9.973513764e+03 +1.6524e+00 -2.7974e+00 +1.5479e-01 +3.6874e+00 +3.3436e+00 +3.0376e+00 -9.2714e-01 -1.3388e+00 -6.6505e-01 +2.6369e+00
1311 0 +1.001330107e+04 +9.958361072e+03 +9.958361072e+03 +5.6791e-01 -1.3766e+00 -1.7455e+00 +1.4890e+00 +2.5668e+00 +3.9221e+00 -3.8375e+00 +1.1249e+00 +1.8322e+00 +3.6748e+00
1377 0 +6.582842837e+03 +6.527902837e+03 +6.527902837e+03 +2.1894e+00 -3.3910e+00 +1.8989e+00 +1.1784e+00 +2.1514e+00 +3.8030e+00 -1.5866e+00 -2.3210e+00 -3.0227e-01 +3.6551e+00
1511 0 +3.882712294e+03 +3.827772294e+03 +3.827772294e+03 +1.1045e+00 -4.1241e+00 +1.6214e+00 +3.2236e+00 +2.3633e+00 +4.5679e+00 +2.7458e-02 -1.9674e+00 -1.9618e+00 +1.2206e+00
1587 0 +3.236709418e+03 +3.181769418e+03 +3.181769418e+03 -2.4764e-01 -1.0456e+00 -1.4792e+00 +2.4641e+00 +2.8874e+00 +2.8772e+00 -2.9508e+00 +3.8754e-01 -1.6333e+00 +4.2463e+00
2025 0 +3.167859201e+03 +3.112919201e+03 +3.112919201e+03 -1.3355e+00 -4.7578e-01 -1.9439e+00 +1.2322e+00 +3.0896e+00 +3.1322e+00 -3.6712e+00 +5.8516e-01 -2.0040e+00 +4.7968e+00
2031 0 +1.945899881e+03 +1.890959881e+03 +1.890959881e+03 -2.2781e+00 -8.6220e-01 -1.7071e+00 +3.3183e+00 +2.9787e+00 +3.6998e+00 -1.7993e+00 +1.6431e+00 -4.1493e+00 +2.6679e+00
2060 0 +1.039452222e+03 +9.845122225e+02 +9.845122225e+02 -2.0850e+00 +8.4589e-01 -2.1441e+00 +2.9688e+00 +4.0426e+00 +1.8918e+00 -2.4932e+00 +2.2914e+00 -2.4160e+00 +3.6525e+00
2259 0 +7.880873974e+02 +7.331473974e+02 +7.331473974e+02 -2.2151e+00 -1.3635e-01 -2.7183e+00 +2.9389e+00 +3.0221e+00 +3.1089e+00 -3.1699e+00 +2.2702e+00 -2.7231e+00 +3.8679e+00
2297 0 +5.031139833e+02 +4.481739833e+02 +4.481739833e+02 -1.2641e+00 -4.5055e-01 -2.2179e+00 +3.7724e+00 +3.6139e+00 +2.6726e+00 -1.8641e+00 +1.9894e+00 -3.1700e+00 +4.1662e+00
2421 0 +1.719875979e+02 +1.170475979e+02 +1.170475979e+02 -1.7238e+00 -1.2733e+00 -1.3885e+00 +3.7194e+00 +2.9885e+00 +3.4024e+00 -1.6711e+00 +1.0654e+00 -3.3937e+00 +2.5438e+00
% f evaluations | g evaluations | best noise-free fitness - Fopt (5.913000000000e+01) + sum g_i+ | measured fitness | best measured fitness or single-digit g-values | x1 | x2...
1 0 +3.495160974e+06 +3.495220104e+06 +3.495220104e+06 +5.9671e-01 -3.8264e-02 +7.4769e-01 +1.6230e+00 -1.3415e-01 -1.3414e-01 +1.6792e+00 +8.6743e-01 -3.6947e-01 +6.4256e-01
16 0 +2.958823033e+06 +2.958882163e+06 +2.958882163e+06 +3.5049e-01 +4.4645e-01 -5.8002e-01 +3.3225e-01 +3.9307e-01 -6.1435e-01 +1.9658e+00 +5.7383e-01 -1.0913e+00 +7.5655e-01
21 0 +4.778148433e+05 +4.778739733e+05 +4.778739733e+05 +4.5779e-01 +6.6078e-01 +1.1831e+00 +1.1538e+00 -1.2777e+00 -8.3783e-01 +6.1504e-01 +6.1379e-01 +6.1505e-01 +3.9527e+00
87 0 +4.282087779e+05 +4.282679079e+05 +4.282679079e+05 -4.7285e-01 +9.2057e-01 +1.4137e+00 +3.8785e-01 -2.2480e+00 -2.7862e+00 +1.2407e-03 +2.4917e+00 -9.2912e-01 +3.1425e+00
121 0 +3.809172042e+05 +3.809763342e+05 +3.809763342e+05 -4.1544e+00 +1.9735e+00 -8.0358e-01 -9.3482e-01 +1.5677e-01 +1.1961e-01 +1.6078e+00 +3.2326e+00 -1.4023e+00 +3.2800e+00
257 0 +3.031713845e+05 +3.032305145e+05 +3.032305145e+05 -9.8413e-01 -1.8364e-01 +1.7816e+00 +3.0342e+00 -3.7175e-01 -1.8771e+00 +1.7605e+00 +2.5448e-01 -3.4641e+00 +3.3459e+00
318 0 +6.031937895e+04 +6.037850895e+04 +6.037850895e+04 -8.0791e-01 +1.4794e+00 +2.0423e+00 -4.8512e-02 -3.6721e+00 +7.0663e-03 -8.7256e-01 +1.6226e+00 -3.3726e+00 +4.0671e+00
741 0 +4.070762136e+04 +4.076675136e+04 +4.076675136e+04 -6.1958e-01 +1.4945e+00 -1.1476e+00 +1.6591e-01 -3.5139e+00 -1.8753e+00 -3.5565e-01 +1.3164e+00 -4.9791e+00 +1.1327e+00
776 0 +1.372948595e+04 +1.378861595e+04 +1.378861595e+04 -1.8783e+00 +3.1257e-01 -1.0078e+00 +1.6734e+00 -2.3566e+00 -2.7371e+00 +2.8731e-01 +7.0934e-01 -2.0995e+00 +3.3198e+00
1060 0 +1.194428755e+04 +1.200341755e+04 +1.200341755e+04 -1.7309e+00 +2.1938e-01 -3.8616e+00 +3.4600e-01 -3.5749e-01 -6.3119e-01 -2.7262e+00 +3.9760e+00 -2.9109e+00 +2.7326e+00
1243 0 +1.068312557e+04 +1.074225557e+04 +1.074225557e+04 -8.8244e-01 +7.6650e-01 -9.7531e-01 +5.8895e-02 -1.2788e+00 +1.3348e-01 -2.7149e+00 +3.9736e+00 -4.3649e+00 +2.9994e+00
1291 0 +9.844036827e+03 +9.903166827e+03 +9.903166827e+03 -4.7828e+00 +1.9402e+00 -3.4194e+00 +6.5822e-01 -2.9659e+00 -1.5482e+00 -1.5456e+00 +2.9053e+00 -2.0293e+00 +2.1287e+00
1328 0 +6.927184116e+03 +6.986314116e+03 +6.986314116e+03 -2.2465e+00 +2.3933e+00 -1.6301e+00 -1.0672e+00 -2.0568e+00 +3.1609e-01 -1.0626e+00 +2.7484e+00 -3.9635e+00 +2.6090e+00
1403 0 +5.578490008e+03 +5.637620008e+03 +5.637620008e+03 -3.1810e+00 +3.0047e+00 -1.6839e+00 -2.0334e-01 -3.6818e+00 +4.0702e-01 -3.3300e-01 +1.3425e+00 -3.2101e+00 +2.5577e+00
1452 0 +5.278071316e+03 +5.337201316e+03 +5.337201316e+03 -3.4367e+00 +8.5188e-01 -2.8213e+00 +1.5528e+00 -2.0229e+00 -1.1557e+00 -1.6851e+00 +3.6527e+00 -3.3286e+00 +1.8938e+00
1650 0 +4.858135499e+03 +4.917265499e+03 +4.917265499e+03 -1.8848e+00 +3.8774e-01 -3.5696e+00 +3.4901e-01 +1.7722e-01 -2.4882e-01 -2.1169e+00 +3.4779e+00 -3.1114e+00 +3.0356e+00
1706 0 +2.408405584e+03 +2.467535584e+03 +2.467535584e+03 -1.6279e+00 +1.0013e+00 -1.8674e+00 +4.2356e-01 -1.9378e+00 +2.0301e-01 -2.7490e+00 +3.7817e+00 -2.5005e+00 +2.9726e+00
1756 0 +2.031028248e+03 +2.090158248e+03 +2.090158248e+03 -2.5523e+00 +2.1706e+00 -2.0157e+00 -1.4592e-01 -2.6076e+00 +1.0306e-01 -7.4483e-01 +2.4355e+00 -4.1798e+00 +2.1126e+00
1757 0 +1.421987610e+03 +1.481117610e+03 +1.481117610e+03 -2.9739e+00 +1.9683e+00 -2.1513e+00 +1.7334e-01 -3.0927e+00 +1.0065e+00 -3.0159e+00 +3.9142e+00 -1.1437e+00 +3.2851e+00
1795 0 +9.479316404e+02 +1.007061640e+03 +1.007061640e+03 -1.8876e+00 +1.3966e+00 -2.0961e+00 +3.2526e-01 -1.5902e+00 +1.2386e+00 -2.0401e+00 +2.8987e+00 -1.8498e+00 +3.7823e+00
2044 0 +6.077429457e+02 +6.668729457e+02 +6.668729457e+02 -2.7457e+00 +2.3958e+00 -2.2042e+00 -9.6699e-02 -3.0265e+00 +8.0104e-01 -1.3935e+00 +2.7820e+00 -3.5068e+00 +2.2415e+00
2224 0 +5.615976075e+02 +6.207276075e+02 +6.207276075e+02 -2.6384e+00 +1.9966e+00 -2.2245e+00 +6.7656e-01 -4.0910e+00 -5.4902e-01 -1.3056e+00 +2.9060e+00 -4.6046e+00 +9.1581e-01
2310 0 +3.492199820e+02 +4.083499820e+02 +4.083499820e+02 -3.1859e+00 +2.3190e+00 -2.5298e+00 +2.4728e-01 -3.2442e+00 +1.4485e-02 -1.0426e+00 +2.6426e+00 -3.7086e+00 +1.7442e+00
2418 0 +3.007671847e+02 +3.598971847e+02 +3.598971847e+02 -2.4236e+00 +1.8027e+00 -2.1659e+00 +1.3032e-01 -2.7234e+00 +3.9917e-01 -2.2462e+00 +3.6901e+00 -3.4063e+00 +2.1497e+00
2463 0 +2.775364389e+02 +3.366664389e+02 +3.366664389e+02 -1.5647e+00 +8.7856e-01 -1.9213e+00 +4.8131e-01 -1.7913e+00 +6.6572e-01 -3.1471e+00 +4.0638e+00 -2.2330e+00 +3.3025e+00
2482 0 +2.663170743e+02 +3.254470743e+02 +3.254470743e+02 -2.6062e+00 +2.2987e+00 -1.9508e+00 +2.0000e-01 -3.8543e+00 +5.2029e-01 -1.8010e+00 +3.1968e+00 -3.7129e+00 +1.7295e+00
% f evaluations | g evaluations | best noise-free fitness - Fopt (-4.915300000000e+02) + sum g_i+ | measured fitness | best measured fitness or single-digit g-values | x1 | x2...
1 0 +9.446087697e+06 +9.445596167e+06 +9.445596167e+06 +5.9671e-01 -3.8264e-02 +7.4769e-01 +1.6230e+00 -1.3415e-01 -1.3414e-01 +1.6792e+00 +8.6743e-01 -3.6947e-01 +6.4256e-01
2 0 +5.127909550e+05 +5.122994250e+05 +5.122994250e+05 -3.6342e-01 -3.6573e-01 +3.4196e-01 -1.8133e+00 -1.6249e+00 -4.6229e-01 -9.1283e-01 +4.1425e-01 -8.0802e-01 -1.3123e+00
66 0 +3.413389196e+05 +3.408473896e+05 +3.408473896e+05 -3.5622e-02 -2.2893e+00 -5.0166e-01 -6.7508e-01 +6.5015e-01 -2.4072e+00 -4.2057e-01 -7.3240e-01 +9.4625e-01 -9.7407e-01
113 0 +2.106096324e+05 +2.101181024e+05 +2.101181024e+05 +1.8801e+00 -1.7827e-01 -8.3757e-01 +4.0014e-01 +5.6944e-01 -2.1852e+00 -2.3822e+00 +2.5439e-01 -1.4627e+00 +1.1260e+00
170 0 +2.007829415e+05 +2.002914115e+05 +2.002914115e+05 +9.9670e-01 -2.4192e+00 +1.0898e+00 -5.5029e-01 +1.0412e+00 -1.8162e+00 -6.4753e-02 -2.0838e+00 -3.6022e+00 +1.8479e-01
221 0 +1.921687462e+05 +1.916772162e+05 +1.916772162e+05 +9.6741e-01 -2.6270e+00 -5.5965e-01 -1.7872e+00 +7.6249e-01 -1.4259e+00 -1.2182e+00 -1.1025e+00 -8.3122e-01 -9.8493e-01
274 0 +1.643165220e+05 +1.638249920e+05 +1.638249920e+05 +1.7186e+00 -1.5591e+00 -6.6809e-02 -1.5380e+00 +2.7902e+00 -2.7282e+00 -2.4621e-01 -8.8832e-01 -1.8349e+00 +9.8850e-01
292 0 +1.221522908e+05 +1.216607608e+05 +1.216607608e+05 +2.0620e+00 -1.0436e+00 -4.3673e-01 -1.0143e+00 +1.2670e+00 -2.4362e+00 +7.5103e-01 -7.5241e-01 -4.1275e+00 -9.8114e-01
322 0 +1.084976259e+05 +1.080060959e+05 +1.080060959e+05 +6.7706e-01 -2.3491e+00 +1.9087e+00 +6.2878e-01 -1.4836e+00 -3.8642e+00 -5.6886e-01 -6.5060e-02 -1.9345e+00 +1.3713e+00
380 0 +7.476217834e+04 +7.427064834e+04 +7.427064834e+04 +1.7039e+00 -3.8048e+00 +6.2712e-01 +4.9732e-02 +3.3536e+00 -2.3510e+00 -1.2001e+00 -1.7715e+00 -1.1358e+00 +2.4576e+00
545 0 +6.572206676e+04 +6.523053676e+04 +6.523053676e+04 +5.2526e-01 -1.3751e+00 -8.9574e-01 +1.5415e+00 +1.5119e+00 -3.9710e+00 -5.9337e-01 -9.2460e-02 -2.1318e+00 -5.7942e-02
633 0 +3.231660792e+04 +3.182507792e+04 +3.182507792e+04 +1.0733e+00 -3.4691e+00 +1.3691e+00 +1.1346e+00 +8.9461e-01 -4.4456e+00 +1.7849e+00 -1.2166e+00 -3.8416e-01 -3.0707e+00
684 0 +2.103267378e+04 +2.054114378e+04 +2.054114378e+04 +1.2795e+00 -3.1026e+00 +3.9400e-01 +1.3430e-01 +6.2882e-01 -3.4120e+00 -2.6624e+00 +9.4402e-01 +1.4592e+00 +3.0106e+00
974 0 +1.794591958e+04 +1.745438958e+04 +1.745438958e+04 +4.3930e+00 -1.4589e+00 -4.6852e-01 +1.5511e+00 -8.6156e-01 -2.4957e+00 -2.0207e+00 +1.6615e+00 -1.3550e+00 +2.3149e-01
1103 0 +1.643588855e+04 +1.594435855e+04 +1.594435855e+04 +1.5946e+00 -2.0597e+00 -7.4306e-01 +1.7775e-01 -1.2671e+00 -2.7125e+00 -2.2302e+00 +1.9126e+00 +1.0648e+00 -7.3467e-02
1172 0 +8.155422695e+03 +7.663892695e+03 +7.663892695e+03 +1.9897e+00 -1.9537e+00 -1.5422e+00 +1.7011e-01 +9.4810e-01 -2.5214e+00 -2.2085e+00 +1.1299e+00 -1.3789e-02 +7.6069e-01
1265 0 +7.126343431e+03 +6.634813431e+03 +6.634813431e+03 -3.4354e+00 -3.4235e+00 -1.9689e+00 -1.1861e+00 -2.7511e+00 -3.6745e+00 -1.8607e-02 +8.5845e-01 +5.0039e-01 -4.6479e+00
1411 0 +6.096353255e+03 +5.604823255e+03 +5.604823255e+03 -2.2471e+00 -1.9110e+00 -1.6877e+00 -1.6169e+00 -2.6275e+00 -3.5191e+00 -5.5729e-01 +1.8186e+00 +7.4133e-01 -2.5257e+00
1459 0 +5.557601300e+03 +5.066071300e+03 +5.066071300e+03 +5.7459e-01 -2.8179e+00 -1.7637e+00 -1.3564e-01 -1.2628e-01 -2.2272e+00 -2.7551e+00 +8.7402e-01 +9.2468e-01 -5.1582e-02
1542 0 +4.840272172e+03 +4.348742172e+03 +4.348742172e+03 -1.0503e+00 -1.3590e+00 -3.1836e+00 -1.2084e+00 +2.0536e+00 -3.2124e+00 -1.7243e+00 +1.2563e+00 -8.2904e-01 +9.4361e-01
1585 0 +4.084786998e+03 +3.593256998e+03 +3.593256998e+03 +2.1040e+00 -1.0413e+00 -3.1485e+00 -2.3580e-01 +3.1466e+00 -2.0106e+00 -4.0684e+00 +1.4719e+00 -5.6145e-01 +3.7959e+00
1619 0 +4.063863492e+03 +3.572333492e+03 +3.572333492e+03 -4.0111e+00 -3.6885e+00 -2.1516e+00 -1.3652e+00 -2.3501e+00 -3.6836e+00 +2.4697e-01 +7.2641e-01 -1.3263e-01 -4.4920e+00
1917 0 +3.393995361e+03 +2.902465361e+03 +2.902465361e+03 -1.1168e+00 -2.0057e+00 -2.9907e+00 -5.6754e-01 +1.8349e+00 -2.8972e+00 -1.5477e+00 +6.0757e-01 -1.6786e+00 -2.5404e-02
1964 0 +3.343893352e+03 +2.852363352e+03 +2.852363352e+03 -1.6805e+00 -2.5222e+00 -2.0197e+00 -1.2931e+00 +7.5927e-01 -3.4114e+00 -1.3976e+00 +1.0314e+00 +1.1344e-01 +3.0648e-01
1995 0 +2.234076511e+02 -2.681223489e+02 -2.681223489e+02 -5.3062e-01 -1.3204e+00 -3.1560e+00 -1.6380e-01 +1.1241e+00 -2.9527e+00 -1.2547e+00 +9.8209e-01 -3.2740e+00 -2.7021e-01
% f evaluations | g evaluations | best noise-free fitness - Fopt (-1.702000000000e+02) + sum g_i+ | measured fitness | best measured fitness or single-digit g-values | x1 | x2...
1 0 +7.984198779e+06 +7.984028579e+06 +7.984028579e+06 +5.9671e-01 -3.8264e-02 +7.4769e-01 +1.6230e+00 -1.3415e-01 -1.3414e-01 +1.6792e+00 +8.6743e-01 -3.6947e-01 +6.4256e-01
18 0 +5.809193070e+06 +5.809022870e+06 +5.809022870e+06 -7.8951e-01 -7.1581e-01 +2.2898e-02 +4.4115e-01 +3.7669e-01 +9.2718e-01 +1.1300e-01 +1.5535e+00 -1.6466e-01 +2.8202e+00
55 0 +2.885392811e+06 +2.885222611e+06 +2.885222611e+06 +2.2019e+00 -3.2365e-02 -1.1629e+00 +2.8001e+00 +6.4836e-01 +1.2940e-01 +8.4741e-01 +1.9668e+00 -1.8053e+00 +8.5402e-01
73 0 +5.246782696e+05 +5.245080696e+05 +5.245080696e+05 +8.4577e-01 +2.2115e-03 +4.0920e-01 +1.9227e+00 +2.5347e+00 +7.2566e-01 +9.9611e-01 +8.8088e-02 +2.1848e-01 +2.6866e+00
79 0 +4.598123860e+05 +4.596421860e+05 +4.596421860e+05 -2.6703e-01 +5.6339e-01 +4.5207e-01 +1.0050e+00 +1.8900e+00 -3.7083e-01 +1.5205e+00 +2.3493e+00 -1.3853e-01 +3.4921e+00
123 0 +4.021817291e+05 +4.020115291e+05 +4.020115291e+05 -5.7415e-01 +7.3065e-01 -9.5469e-03 +1.8663e+00 +3.4726e+00 +1.5797e+00 -2.8876e+00 +3.0404e+00 -1.7891e+00 +7.6493e-01
152 0 +3.073656352e+05 +3.071954352e+05 +3.071954352e+05 -1.2265e+00 -2.1505e+00 +1.3446e+00 +2.5165e+00 +3.1393e+00 +1.8584e+00 -2.5628e+00 +2.8780e+00 -1.5095e+00 +3.0376e+00
181 0 +1.094039398e+05 +1.092337398e+05 +1.092337398e+05 -1.0120e+00 -8.2120e-01 -1.0164e+00 +3.2678e+00 +1.1715e+00 +9.6565e-01 +4.3683e+00 +3.1505e+00 -1.5989e+00 +2.9091e+00
523 0 +7.591323670e+04 +7.574303670e+04 +7.574303670e+04 -8.6035e-01 +2.1572e+00 -3.3163e+00 +4.8704e+00 +3.0992e+00 +7.9794e-01 +1.6162e+00 +1.8147e+00 +1.4886e+00 +1.0526e+00
530 0 +6.956964024e+04 +6.939944024e+04 +6.939944024e+04 -2.8259e+00 +1.9388e-01 +2.5460e+00 +3.4249e+00 +9.1353e-01 -5.6586e-01 +5.4544e-01 +3.6524e+00 +4.9213e-01 +3.9150e+00
544 0 +3.201371493e+04 +3.184351493e+04 +3.184351493e+04 -1.6573e+00 +1.4971e-01 +7.6420e-01 +2.0319e+00 +3.5755e+00 -2.4061e-01 +4.5869e+00 +8.9495e-01 +5.4257e-01 +2.6169e+00
783 0 +2.980251361e+04 +2.963231361e+04 +2.963231361e+04 -1.5380e+00 -2.3442e+00 +2.1756e+00 +2.8173e+00 +2.1453e+00 -8.8636e-02 +3.3637e+00 +2.1093e-01 +1.4581e+00 +4.6903e+00
802 0 +2.956869872e+04 +2.939849872e+04 +2.939849872e+04 -2.9592e-01 -5.3693e-01 +3.1762e-01 +4.4634e+00 +7.2494e-01 +7.2094e-01 +1.1748e+00 +1.8539e+00 +1.3783e+00 +3.4753e+00
905 0 +2.955693270e+04 +2.938673270e+04 +2.938673270e+04 -1.7902e+00 +3.3165e-01 +1.2682e+00 +3.6670e+00 +2.1800e+00 +5.3512e-01 +2.9923e+00 +1.7881e+00 +6.8656e-01 +2.1726e+00
906 0 +2.657839114e+04 +2.640819114e+04 +2.640819114e+04 -3.1646e-01 -2.6350e+00 +2.8083e+00 +4.5395e+00 +5.9322e-01 +1.5033e-01 +2.4590e+00 +7.3618e-01 +4.4307e-01 +4.0740e+00
991 0 +2.205218437e+04 +2.188198437e+04 +2.188198437e+04 +3.9238e-01 -4.2944e+00 +2.1869e+00 +3.6499e+00 -1.5726e-01 +8.8032e-01 +2.7726e+00 +1.4330e+00 -3.9658e-01 +4.6416e+00
1091 0 +1.383077132e+04 +1.366057132e+04 +1.366057132e+04 +1.0515e+00 -7.5542e-01 +5.1986e-02 +4.3131e+00 +1.4526e+00 +1.8732e+00 +1.7862e+00 +1.1950e+00 +2.5424e-01 +1.9050e+00
1340 0 +1.304183686e+04 +1.287163686e+04 +1.287163686e+04 -9.1764e-02 -2.8367e+00 +1.3536e+00 +3.2185e+00 +1.4198e+00 +3.5451e-01 +2.5381e+00 +9.1609e-01 -1.5550e-01 +4.2711e+00
1537 0 +1.228909422e+04 +1.211889422e+04 +1.211889422e+04 +7.1459e-01 -1.9651e+00 -1.8075e+00 +3.0377e+00 +1.9875e+00 +8.5360e-01 +3.4863e+00 +1.2366e+00 -6.0447e-01 +3.3728e+00
1678 0 +1.185071163e+04 +1.168051163e+04 +1.168051163e+04 +1.2265e+00 -3.0638e-01 -4.8076e+00 +3.4586e+00 +3.1791e+00 +2.0628e+00 +4.0845e-01 +2.2746e+00 -1.1752e+00 +1.8736e+00
1683 0 +6.750552331e+03 +6.580352331e+03 +6.580352331e+03 +1.0643e+00 -5.3501e-01 -3.6491e+00 +3.1651e+00 +2.7494e+00 +1.7359e+00 +2.5513e+00 +1.7507e+00 -4.4942e-01 +2.0737e+00
1776 0 +6.421690738e+03 +6.251490738e+03 +6.251490738e+03 +7.8545e-01 -3.0945e+00 -1.2409e+00 +2.4508e+00 +1.8086e+00 +7.3069e-01 +4.3298e+00 +1.2194e+00 -1.1081e+00 +3.9196e+00
1924 0 +5.224828066e+03 +5.054628066e+03 +5.054628066e+03 +4.2620e-01 -1.3754e+00 -4.6411e+00 +1.9902e+00 +2.7620e+00 +8.5131e-01 +4.6193e+00 +1.8529e+00 -2.7032e-01 +3.7390e+00
1941 0 +4.123126323e+03 +3.952926323e+03 +3.952926323e+03 -4.3212e-02 -1.9122e+00 -3.7203e+00 +2.4813e+00 +2.7194e+00 +5.2953e-01 +2.4746e+00 +2.1916e+00 -1.5387e+00 +4.0719e+00
1996 0 +3.931421329e+03 +3.761221329e+03 +3.761221329e+03 +3.4493e-01 -2.1788e+00 +4.8538e-01 +3.8719e+00 +2.3652e+00 +7.0555e-01 +2.1749e+00 +1.8572e+00 -3.5847e+00 +1.4246e+00
2081 0 +3.762964420e+03 +3.592764420e+03 +3.592764420e+03 -2.4692e-01 -6.2579e-01 -1.4077e+00 +4.0567e+00 +2.5935e+00 +7.1906e-01 +1.2867e+00 +2.3392e+00 -2.1166e+00 +1.7873e+00
2133 0 +3.394404862e+03 +3.224204862e+03 +3.224204862e+03 -1.5063e+00 -8.2358e-01 -3.4386e+00 +2.5857e+00 +3.3791e+00 -5.0448e-01 +3.3938e+00 +2.3496e+00 -1.3516e+00 +3.6305e+00
2153 0 +2.956123240e+03 +2.785923240e+03 +2.785923240e+03 -1.5856e+00 -2.4573e+00 -1.0427e+00 +2.0217e+00 +2.9951e+00 -8.7051e-01 +2.3435e+00 +2.4086e+00 -2.7539e+00 +4.2932e+00
2185 0 +1.732622118e+03 +1.562422118e+03 +1.562422118e+03 -2.6433e+00 +3.3688e-02 -4.0586e+00 +2.5694e+00 +4.0774e+00 -1.3061e+00 +2.2428e+00 +3.5043e+00 -3.1567e+00 +3.2276e+00
2330 0 +1.586860089e+03 +1.416660089e+03 +1.416660089e+03 -1.0226e+00 -1.1795e+00 -4.6197e+00 +2.8736e+00 +2.9912e+00 -1.2224e-01 +1.0970e+00 +3.0191e+00 -1.9911e+00 +4.2005e+00
2383 0 +1.239500431e+03 +1.069300431e+03 +1.069300431e+03 -2.3855e+00 -7.3183e-01 -1.6545e+00 +3.5359e+00 +3.0415e+00 -1.0335e+00 +2.0299e-01 +3.1608e+00 -2.7803e+00 +3.5416e+00
2470 0 +5.763534778e+02 +4.061534778e+02 +4.061534778e+02 -3.2629e+00 -1.0869e+00 -9.6216e-01 +3.1421e+00 +3.6631e+00 -2.0910e+00 +2.9571e+00 +3.1261e+00 -4.1611e+00 +2.9387e+00
% f evaluations | g evaluations | best noise-free fitness - Fopt (-4.697500000000e+02) + sum g_i+ | measured fitness | best measured fitness or single-digit g-values | x1 | x2...
1 0 +1.777962218e+06 +1.777492468e+06 +1.777492468e+06 +5.9671e-01 -3.8264e-02 +7.4769e-01 +1.6230e+00 -1.3415e-01 -1.3414e-01 +1.6792e+00 +8.6743e-01 -3.6947e-01 +6.4256e-01
3 0 +1.335109417e+06 +1.334639667e+06 +1.334639667e+06 +1.5656e+00 -1.2578e-01 +1.6753e-01 -1.3247e+00 -4.4438e-01 +2.1092e-01 -1.0510e+00 +4.7570e-01 -5.0064e-01 -1.9169e-01
6 0 +1.000638686e+06 +1.000168936e+06 +1.000168936e+06 +4.2408e-01 -2.8508e-01 -5.7692e-01 +7.1168e-01 +1.1310e+00 +1.0313e+00 -7.3922e-01 -2.0921e-01 +4.3126e-01 +1.0755e+00
28 0 +6.563094980e+05 +6.558397480e+05 +6.558397480e+05 +1.5413e+00 -1.3359e+00 +1.2632e+00 +1.1023e-01 -8.8151e-01 +5.6210e-01 +2.9906e-01 -5.0022e-01 +1.6980e-01 -2.8531e-01
55 0 +5.501200271e+05 +5.496502771e+05 +5.496502771e+05 +2.2929e+00 -8.1134e-01 -1.0552e-01 +1.0730e+00 +6.3035e-01 +1.2594e+00 -6.6818e-02 +1.9833e+00 -4.1587e-01 -1.1973e+00
115 0 +2.143432613e+05 +2.138735113e+05 +2.138735113e+05 +2.1955e+00 -1.3744e+00 -1.2216e+00 +1.9978e-02 +8.3136e-01 +2.6734e+00 -1.2487e+00 +2.3258e+00 -2.0514e-01 -8.4429e-02
125 0 +1.821226661e+05 +1.816529161e+05 +1.816529161e+05 +1.6262e+00 -3.0515e+00 -4.8158e-01 +1.3670e+00 +5.3757e-01 +5.2761e-01 -1.5455e+00 +1.5349e+00 +5.3756e-01 +1.1782e+00
164 0 +1.292121918e+05 +1.287424418e+05 +1.287424418e+05 +3.7726e+00 -2.6419e+00 -2.1944e+00 -8.5974e-01 +1.3911e+00 +3.6970e+00 -3.5007e+00 +2.3061e+00 +1.0745e+00 +1.4415e+00
174 0 +9.077229379e+04 +9.030254379e+04 +9.030254379e+04 +2.7722e+00 -2.4116e+00 +6.6814e-02 +5.7005e-01 +1.9029e-01 +2.6296e+00 -1.6125e+00 +7.7579e-01 +7.1703e-01 +2.2937e+00
194 0 +8.195156467e+04 +8.148181467e+04 +8.148181467e+04 +9.2817e-01 -2.2176e+00 -7.1705e-01 +1.1885e+00 +1.5723e+00 +2.6756e+00 -1.2596e+00 +1.7745e+00 +1.1397e+00 +1.1468e+00
239 0 +5.498533893e+04 +5.451558893e+04 +5.451558893e+04 +3.6015e+00 -1.9358e+00 -3.1141e+00 -7.5407e-01 +1.6092e+00 +3.9110e+00 -3.6323e+00 +3.2501e+00 +1.3476e+00 +1.4922e+00
699 0 +3.101826382e+04 +3.054851382e+04 +3.054851382e+04 +2.5100e+00 -3.4429e+00 +1.4255e+00 -1.8771e+00 -1.0986e+00 +3.6076e+00 -1.2979e+00 +9.3386e-01 +4.8574e-01 +1.4472e+00
760 0 +1.916645122e+04 +1.869670122e+04 +1.869670122e+04 +1.7231e+00 -2.0921e+00 +2.2036e-01 +6.4893e-01 +1.1746e+00 +2.4957e+00 -1.9140e+00 +3.4264e+00 +9.8382e-01 +3.1345e+00
926 0 +1.684901856e+04 +1.637926856e+04 +1.637926856e+04 -1.2812e-01 -2.9267e+00 +4.1402e-01 +2.5055e+00 +7.5342e-01 +1.1766e+00 -2.2065e+00 +3.5412e+00 -1.4633e+00 +2.1711e+00
931 0 +1.424728114e+04 +1.377753114e+04 +1.377753114e+04 +2.0616e-01 -3.2435e+00 +5.8935e-01 +1.3809e+00 +6.7798e-01 +1.8327e+00 -1.4719e+00 +1.6636e+00 +6.6163e-01 +2.2499e+00
1019 0 +8.966682565e+03 +8.496932565e+03 +8.496932565e+03 -8.3964e-01 -3.2288e+00 -5.1569e-01 +4.2645e+00 +7.5132e-01 +4.9028e-01 -1.1003e+00 +2.4092e+00 -1.4946e-02 +1.9608e+00
1311 0 +7.929999363e+03 +7.460249363e+03 +7.460249363e+03 +2.8939e+00 -2.5203e+00 +4.3011e+00 -3.4235e+00 -9.5920e-01 +4.0519e+00 -3.3598e-01 +2.1686e+00 +4.4585e-01 +2.7745e+00
1519 0 +5.707595595e+03 +5.237845595e+03 +5.237845595e+03 -5.5460e-01 -2.7910e+00 +2.0558e+00 +3.8736e+00 -4.6952e-01 +3.8071e+00 +1.4838e+00 +1.8744e+00 -2.6069e+00 +8.2832e-01
1638 0 +5.535104257e+03 +5.065354257e+03 +5.065354257e+03 +1.3413e+00 -2.9302e+00 +2.7579e+00 +4.3379e-01 -6.3433e-01 +2.7392e+00 +5.8825e-01 +3.6223e+00 -4.4482e-01 +1.5323e+00
1666 0 +1.969867697e+03 +1.500117697e+03 +1.500117697e+03 +1.9890e+00 -2.8752e+00 +4.1469e+00 -1.7822e-01 -1.7830e+00 +4.6783e+00 +2.6057e+00 +2.9253e+00 -1.2633e+00 +3.5415e-01
1798 0 +1.584214059e+03 +1.114464059e+03 +1.114464059e+03 +1.1516e+00 -2.4695e+00 +4.2621e+00 +3.4147e-01 -8.1282e-01 +4.0475e+00 +2.0416e+00 +2.1293e+00 -9.0764e-02 +2.0994e+00
1890 0 +1.501545183e+03 +1.031795183e+03 +1.031795183e+03 +1.0290e+00 -2.6732e+00 +3.9795e+00 +1.0894e+00 -1.2166e+00 +4.7736e+00 +2.4077e+00 +2.4166e+00 -1.9516e+00 +7.1161e-01
1912 0 +1.454191154e+03 +9.844411539e+02 +9.844411539e+02 +9.1983e-01 -2.2325e+00 +3.3383e+00 +1.5449e+00 -3.7882e-01 +4.3153e+00 +2.0690e+00 +2.3260e+00 -5.6025e-01 +1.6982e+00
1942 0 +1.310752015e+03 +8.410020151e+02 +8.410020151e+02 +6.3606e-01 -2.5496e+00 +3.6592e+00 +1.4050e+00 -8.0777e-01 +4.2311e+00 +1.8567e+00 +2.9818e+00 -1.8727e+00 +1.1491e+00
1952 0 +1.235719091e+03 +7.659690905e+02 +7.659690905e+02 +5.4406e-01 -2.7586e+00 +2.3947e+00 +1.4209e+00 -1.5436e-01 +2.9625e+00 +5.2249e-01 +3.2659e+00 -8.4787e-01 +1.5339e+00
2058 0 +1.134949703e+03 +6.651997030e+02 +6.651997030e+02 +9.1759e-01 -1.9745e+00 +2.5995e+00 +2.1391e+00 +5.0462e-01 +2.4981e+00 +1.9506e+00 +3.1211e+00 +1.8479e+00 +2.7560e+00
2085 0 +8.855916170e+02 +4.158416170e+02 +4.158416170e+02 +1.2045e-01 -2.4615e+00 +1.9802e+00 +2.6840e+00 +3.5234e-01 +2.4002e+00 +7.5489e-01 +2.0112e+00 +5.3834e-01 +2.6865e+00
2167 0 +8.138564906e+02 +3.441064906e+02 +3.441064906e+02 +1.8861e+00 -1.6812e+00 +2.8668e+00 +5.1986e-01 +5.6461e-01 +3.2863e+00 +1.9807e+00 +2.3749e+00 +2.7825e+00 +2.9668e+00
2184 0 +7.202578330e+02 +2.505078330e+02 +2.505078330e+02 +6.1363e-01 -1.9076e+00 +2.3219e+00 +2.6960e+00 +4.4230e-01 +3.3311e+00 +1.9214e+00 +2.2770e+00 +7.0670e-01 +2.3083e+00
2240 0 +3.414618164e+02 -1.282881836e+02 -1.282881836e+02 +1.4871e+00 -1.9779e+00 +2.0506e+00 +1.6986e+00 +6.8457e-01 +2.6322e+00 +1.9917e+00 +3.0964e+00 +2.6830e+00 +2.5348e+00
% f evaluations | g evaluations | best noise-free fitness - Fopt (-5.191000000000e+01) + sum g_i+ | measured fitness | best measured fitness or single-digit g-values | x1 | x2...
1 0 +8.415068501e+06 +8.415016591e+06 +8.415016591e+06 +5.9671e-01 -3.8264e-02 +7.4769e-01 +1.6230e+00 -1.3415e-01 -1.3414e-01 +1.6792e+00 +8.6743e-01 -3.6947e-01 +6.4256e-01
2 0 +3.471323576e+06 +3.471271666e+06 +3.471271666e+06 -3.6342e-01 -3.6573e-01 +3.4196e-01 -1.8133e+00 -1.6249e+00 -4.6229e-01 -9.1283e-01 +4.1425e-01 -8.0802e-01 -1.3123e+00
3 0 +3.365975069e+06 +3.365923159e+06 +3.365923159e+06 +1.5656e+00 -1.2578e-01 +1.6753e-01 -1.3247e+00 -4.4438e-01 +2.1092e-01 -1.0510e+00 +4.7570e-01 -5.0064e-01 -1.9169e-01
4 0 +3.734226445e+05 +3.733707345e+05 +3.733707345e+05 -5.0171e-01 +1.9523e+00 +8.6503e-02 -9.5771e-01 +9.2254e-01 -1.1208e+00 +3.0886e-01 -1.8597e+00 -1.2282e+00 +2.9686e-01
109 0 +3.258273495e+05 +3.257754395e+05 +3.257754395e+05 -2.4461e-01 +1.8619e+00 +5.8076e-02 -1.0258e+00 +1.4647e+00 -1.2415e+00 -1.8350e+00 -1.1626e+00 +2.3125e+00 -7.7135e-01
125 0 +2.658571476e+05 +2.658052376e+05 +2.658052376e+05 -4.0407e-01 +1.6452e-01 -4.1769e-01 +2.5723e-01 +2.4886e+00 -3.4159e+00 -1.1410e-01 -5.4610e-01 +8.6290e-01 -2.9776e+00
183 0 +1.281386961e+05 +1.280867861e+05 +1.280867861e+05 -2.5317e+00 -2.0874e-01 +3.4193e-01 -1.5270e+00 +4.3602e+00 -2.3857e+00 +8.0070e-01 -8.9370e-01 +1.5248e+00 +7.4013e-01
558 0 +5.841532144e+04 +5.836341144e+04 +5.836341144e+04 -3.4915e-02 +7.2114e-01 -9.2186e-01 +1.8239e+00 +8.5446e-01 -1.5235e+00 -2.8190e+00 -1.5434e+00 +3.6368e+00 +5.5937e-01
657 0 +5.594247759e+04 +5.589056759e+04 +5.589056759e+04 -2.1235e+00 +6.2875e-03 -3.7264e+00 +3.2027e-01 +1.0894e+00 -2.0711e+00 -1.8771e+00 -2.8298e+00 +4.7417e+00 +3.7154e-02
689 0 +4.125126342e+04 +4.119935342e+04 +4.119935342e+04 -2.6220e+00 +4.3346e-01 -4.1221e+00 -9.2915e-02 +1.5068e+00 -1.9526e+00 -8.0802e-01 -1.9859e+00 +4.9884e+00 -2.4453e-01
709 0 +3.756062982e+04 +3.750871982e+04 +3.750871982e+04 -2.7894e+00 +4.8473e-01 -3.4359e+00 -3.9618e-01 +1.0201e+00 -1.3102e+00 -1.2145e+00 -3.2967e+00 +2.3821e+00 -1.6912e+00
763 0 +2.216645055e+04 +2.211454055e+04 +2.211454055e+04 -4.1105e+00 +1.9335e+00 -2.8956e+00 -1.7241e+00 +8.0515e-01 -4.5026e-01 -8.5927e-02 -8.3669e-01 +4.2427e+00 +1.7013e+00
1143 0 +1.699951721e+04 +1.694760721e+04 +1.694760721e+04 -2.6987e+00 +2.3386e+00 -3.7967e+00 +5.4121e-01 -2.0569e-01 -2.8587e+00 +6.5314e-02 -2.8262e+00 +2.2989e+00 +2.2161e-01
1180 0 +1.654718132e+04 +1.649527132e+04 +1.649527132e+04 -2.9764e+00 +9.4224e-01 -4.3510e+00 +6.9742e-01 +1.3078e-01 -1.7076e+00 -4.2957e-01 -4.9898e+00 +2.5298e-02 -1.4099e+00
1209 0 +1.202443819e+04 +1.197252819e+04 +1.197252819e+04 -3.3913e+00 +1.0022e+00 -2.1238e+00 +2.6661e-01 -7.5742e-01 -3.5226e+00 -7.5824e-01 -3.7346e+00 +1.4477e+00 -1.0928e+00
1244 0 +1.160357258e+04 +1.155166258e+04 +1.155166258e+04 -4.8328e+00 +1.0768e+00 -4.6837e+00 -8.4457e-01 -8.2795e-01 -2.9110e+00 +2.0618e-01 -3.9778e+00 +1.6729e+00 -2.9267e+00
1267 0 +9.783005354e+03 +9.731095354e+03 +9.731095354e+03 -3.4395e+00 -1.7723e-01 -4.0562e+00 +2.6685e-01 +1.8098e+00 -1.8543e+00 -6.4946e-01 -2.5522e+00 +3.1880e+00 -1.1154e+00
1321 0 +5.588057114e+03 +5.536147114e+03 +5.536147114e+03 -2.7091e+00 -2.2607e-01 -2.7998e+00 +1.1136e-01 +2.5464e+00 -1.6503e+00 -1.0508e+00 -1.6541e+00 +3.8594e+00 -4.3510e-01
1550 0 +2.144166510e+03 +2.092256510e+03 +2.092256510e+03 -1.1210e+00 +1.6667e+00 -1.8247e+00 +1.0795e+00 +8.7635e-01 -4.7294e-01 -2.0159e+00 -2.2971e+00 +2.3978e+00 +1.5998e+00
1660 0 +2.066044727e+03 +2.014134727e+03 +2.014134727e+03 -2.4651e+00 +1.9866e+00 -3.1011e+00 +5.2604e-02 -1.2674e-01 -7.9101e-01 -1.5253e+00 -2.0320e+00 +3.6850e+00 +6.5214e-01
1799 0 +1.792581162e+03 +1.740671162e+03 +1.740671162e+03 +5.6796e-01 +1.3620e+00 -2.8978e-01 +1.6334e+00 +3.2773e+00 +2.0034e-01 -2.1107e+00 -4.4180e-01 +3.3455e+00 +3.9359e+00
1895 0 +1.646147207e+03 +1.594237207e+03 +1.594237207e+03 +1.8684e-01 +2.5475e+00 -8.8213e-01 +1.1140e+00 +2.3382e+00 +1.1519e+00 -1.9590e+00 -5.6347e-01 +3.3712e+00 +4.7232e+00
1985 0 +1.174926702e+03 +1.123016702e+03 +1.123016702e+03 +5.9889e-01 +1.3207e+00 -3.9211e-01 +1.6033e+00 +3.2738e+00 +5.1020e-02 -2.2959e+00 -8.2212e-02 +4.1993e+00 +3.7976e+00
2046 0 +1.000412050e+03 +9.485020496e+02 +9.485020496e+02 -1.1157e-01 +6.9262e-01 -1.0477e+00 +1.5861e+00 +3.5023e+00 -4.6141e-01 -1.8954e+00 -7.4738e-01 +3.7106e+00 +2.8323e+00
2067 0 +6.162443250e+02 +5.643343250e+02 +5.643343250e+02 +1.1108e+00 +1.5864e+00 -1.4928e-01 +1.8770e+00 +3.8071e+00 +4.8965e-01 -2.1616e+00 +7.6905e-02 +3.8213e+00 +4.7868e+00
2187 0 +4.163876598e+02 +3.644776598e+02 +3.644776598e+02 +9.6488e-01 +1.9048e+00 -1.4532e+00 +2.4298e+00 +2.8461e+00 +1.8257e-02 -1.4405e+00 -1.8116e+00 +1.3860e+00 +3.5690e+00
2259 0 +3.164547568e+02 +2.645447568e+02 +2.645447568e+02 +1.4352e+00 +4.5889e-01 -5.7717e-01 +2.5459e+00 +4.7397e+00 +5.0339e-01 -2.5259e+00 -2.2876e-01 +3.6665e+00 +3.7573e+00
2361 0 +2.685665432e+02 +2.166565432e+02 +2.166565432e+02 +6.2403e-01 +6.2903e-01 -1.8547e+00 +2.4889e+00 +3.1080e+00 +9.4752e-02 -2.4528e+00 -1.8254e+00 +2.5093e+00 +2.0223e+00
% f evaluations | g evaluations | best noise-free fitness - Fopt (4.808000000000e+01) + sum g_i+ | measured fitness | best measured fitness or single-digit g-values | x1 | x2...
1 0 +7.072208091e+06 +7.072256171e+06 +7.072256171e+06 +5.9671e-01 -3.8264e-02 +7.4769e-01 +1.6230e+00 -1.3415e-01 -1.3414e-01 +1.6792e+00 +8.6743e-01 -3.6947e-01 +6.4256e-01
2 0 +3.344361654e+06 +3.344409734e+06 +3.344409734e+06 -3.6342e-01 -3.6573e-01 +3.4196e-01 -1.8133e+00 -1.6249e+00 -4.6229e-01 -9.1283e-01 +4.1425e-01 -8.0802e-01 -1.3123e+00
3 0 +1.771217716e+06 +1.771265796e+06 +1.771265796e+06 +1.5656e+00 -1.2578e-01 +1.6753e-01 -1.3247e+00 -4.4438e-01 +2.1092e-01 -1.0510e+00 +4.7570e-01 -5.0064e-01 -1.9169e-01
5 0 +1.519111821e+06 +1.519159901e+06 +1.519159901e+06 +8.3847e-01 +2.7137e-01 -1.5648e-02 -2.0110e-01 -1.3785e+00 -6.1984e-01 -3.6064e-01 +1.1571e+00 +4.4362e-01 -1.6630e+00
23 0 +8.859623300e+05 +8.860104100e+05 +8.860104100e+05 +2.4147e+00 -1.7673e+00 +7.8626e-01 -1.5127e+00 -3.7193e-01 +1.1890e+00 +1.6428e-01 -9.7774e-01 -6.1530e-01 +7.7960e-01
59 0 +4.925506990e+05 +4.925987790e+05 +4.925987790e+05 +2.0614e+00 -1.5893e+00 -8.1998e-01 -1.3594e-02 -7.7998e-02 -2.1134e-01 -1.4282e+00 +2.4220e-01 +1.7266e-02 -2.5178e+00
103 0 +3.422046975e+05 +3.422527775e+05 +3.422527775e+05 +4.4125e+00 -2.2032e-01 -1.4284e+00 -1.5745e+00 +1.7287e+00 -5.1825e-01 -5.4936e-01 -7.9165e-01 +1.5624e+00 -1.1400e+00
161 0 +1.991034560e+05 +1.991515360e+05 +1.991515360e+05 +4.2827e+00 -1.9807e+00 +1.5095e-01 -2.7168e+00 +2.8142e+00 +1.5668e+00 -6.7544e-01 -1.3658e-01 -1.4060e+00 +1.1222e+00
340 0 +1.765972565e+05 +1.766453365e+05 +1.766453365e+05 +4.3544e+00 -6.7959e-01 -1.6636e+00 -1.0670e+00 +3.5051e+00 +2.1202e-03 -2.5656e+00 -9.0635e-01 -1.2271e+00 +1.3281e+00
473 0 +1.763946680e+05 +1.764427480e+05 +1.764427480e+05 +3.2042e+00 +6.3705e-01 -4.5094e+00 -1.4567e+00 +2.2429e+00 -3.0696e+00 -1.6940e+00 -1.1256e+00 -8.7656e-01 -3.9513e-01
525 0 +1.676737887e+05 +1.677218687e+05 +1.677218687e+05 +1.7642e+00 -2.2882e+00 -2.1119e+00 -1.7529e+00 +1.5811e+00 -2.1830e+00 -3.9011e+00 -2.3518e+00 -1.0844e+00 -3.1010e+00
531 0 +1.352933889e+05 +1.353414689e+05 +1.353414689e+05 +3.1847e+00 -1.4149e+00 -2.5115e+00 -2.5607e+00 +1.4173e+00 -3.2692e+00 -2.6933e+00 -4.2025e+00 +3.4883e-01 -1.9200e+00
655 0 +6.846481541e+04 +6.851289541e+04 +6.851289541e+04 +3.4405e+00 -2.2317e+00 -1.6226e+00 -3.6013e+00 +1.0983e+00 -3.2452e+00 -6.9118e-01 +6.2123e-01 -2.3051e+00 +3.3533e-01
664 0 +6.826586342e+04 +6.831394342e+04 +6.831394342e+04 +2.4183e+00 -2.0159e+00 -1.9960e+00 -2.0546e+00 +1.2323e+00 -2.7971e+00 -2.0767e+00 +8.1405e-01 -2.0266e+00 +3.2526e-01
691 0 +6.427558147e+04 +6.432366147e+04 +6.432366147e+04 +1.7349e+00 -2.8459e+00 -5.5384e-01 -2.7596e+00 -2.0704e+00 -4.2606e+00 -7.5837e-01 -3.5055e+00 -3.9990e+00 -2.3083e+00
708 0 +4.350496677e+04 +4.355304677e+04 +4.355304677e+04 +1.2975e+00 -1.5847e+00 -3.3502e+00 -2.6395e+00 +1.5481e+00 -3.3019e+00 -2.3678e+00 -8.6395e-01 -8.6317e-01 -2.1042e+00
754 0 +4.056463013e+04 +4.061271013e+04 +4.061271013e+04 +3.6929e+00 -1.5569e+00 -2.0141e+00 -4.0188e+00 +4.0079e+00 +3.7702e-01 -1.2294e+00 -9.3028e-01 -1.5507e+00 +9.1400e-02
840 0 +1.737023502e+04 +1.741831502e+04 +1.741831502e+04 +2.5436e+00 -2.7517e+00 -1.3142e+00 -4.2008e+00 +5.9080e-01 -3.5663e+00 -7.7416e-01 -6.8840e-01 -1.3101e+00 -1.3303e+00
891 0 +1.537943064e+04 +1.542751064e+04 +1.542751064e+04 +1.6844e+00 -3.2724e+00 -1.6563e+00 -4.3253e+00 -1.7005e-01 -3.3089e+00 -7.4186e-01 -1.7261e-01 -3.5781e-01 -3.1774e+00
976 0 +5.955626135e+03 +6.003706135e+03 +6.003706135e+03 +2.1300e+00 -2.1233e+00 -3.5962e+00 -4.7790e+00 +2.5480e+00 -1.1368e+00 -8.8519e-01 +9.7066e-02 -4.3016e-01 -2.8727e+00
1055 0 +5.245604959e+03 +5.293684959e+03 +5.293684959e+03 +1.8333e+00 -2.6278e+00 -2.1508e+00 -3.8054e+00 +9.2952e-01 -3.8445e+00 -1.2020e+00 +5.1537e-01 -3.4657e+00 -8.1186e-01
1210 0 +5.220645575e+03 +5.268725575e+03 +5.268725575e+03 +3.9280e-01 -4.1250e+00 -1.6006e+00 -2.9112e+00 -7.5574e-01 -4.1361e+00 -2.1695e+00 +6.5751e-01 -3.6439e+00 -2.4401e+00
1309 0 +4.462140435e+03 +4.510220435e+03 +4.510220435e+03 -2.2588e-01 -3.2449e+00 -3.3241e+00 -2.0372e+00 +3.3533e-01 -3.0360e+00 -3.0347e+00 +1.6862e+00 -3.0079e+00 -2.8451e+00
1422 0 +4.013753639e+03 +4.061833639e+03 +4.061833639e+03 +1.9413e+00 -2.5028e+00 -2.8293e+00 -4.1345e+00 +1.6512e+00 -3.4890e+00 -1.3039e+00 +8.1513e-01 -1.9332e+00 -1.1611e+00
1453 0 +2.563764933e+03 +2.611844933e+03 +2.611844933e+03 +1.1071e+00 -3.2793e+00 -2.7628e+00 -4.1586e+00 +1.2817e+00 -2.4400e+00 -1.5738e+00 +1.0192e+00 -1.7323e+00 -2.4608e+00
1474 0 +1.942638165e+03 +1.990718165e+03 +1.990718165e+03 +1.2877e+00 -2.8731e+00 -2.1110e+00 -3.6120e+00 +7.0223e-01 -2.9281e+00 -1.6249e+00 -1.3728e+00 -3.5128e+00 -2.0292e+00
1507 0 +1.405675902e+03 +1.453755902e+03 +1.453755902e+03 +1.5907e+00 -3.1443e+00 -2.1707e+00 -3.7880e+00 +1.6615e+00 -1.7098e+00 -1.5175e+00 +8.4285e-01 -2.4130e+00 -1.6025e+00
1744 0 +9.513740929e+02 +9.994540929e+02 +9.994540929e+02 +1.3694e+00 -2.0434e+00 -3.9104e+00 -3.7878e+00 +1.3344e+00 -2.2531e+00 -9.1218e-01 +2.6739e+00 -1.3782e+00 -2.1455e+00
1912 0 +8.891071142e+02 +9.371871142e+02 +9.371871142e+02 +1.6833e+00 -2.8765e+00 -2.6974e+00 -4.6151e+00 +1.4088e+00 -1.8424e+00 -6.1296e-01 +1.5264e+00 -1.2002e+00 -2.2892e+00
2181 0 +7.414724333e+02 +7.895524333e+02 +7.895524333e+02 +1.6038e+00 -1.8864e+00 -3.3052e+00 -4.0921e+00 +6.4046e-01 -3.1352e+00 -7.2123e-01 -7.9005e-01 -1.8512e+00 -2.6355e+00
2192 0 +6.351851831e+02 +6.832651831e+02 +6.832651831e+02 +9.3065e-01 -2.6987e+00 -4.2571e+00 -2.6488e+00 +2.6620e+00 -1.5263e+00 -2.8669e+00 +4.2908e+00 -7.5426e-01 -2.1473e+00
2214 0 +4.757262407e+02 +5.238062407e+02 +5.238062407e+02 +1.0996e+00 -3.0101e+00 -2.1328e+00 -3.8321e+00 -1.4972e-02 -3.2758e+00 -1.1960e+00 -1.1305e+00 -2.9230e+00 -2.7189e+00
2405 0 +2.139892390e+02 +2.620692390e+02 +2.620692390e+02 +1.4371e+00 -3.2037e+00 -1.4115e+00 -3.9952e+00 -2.8834e-01 -3.7894e+00 -7.9348e-01 -5.9771e-01 -3.8897e+00 -1.5777e+00
% f evaluations | g evaluations | best noise-free fitness - Fopt (3.058000000000e+01) + sum g_i+ | measured fitness | best measured fitness or single-digit g-values | x1 | x2...
1 0 +1.935209604e+07 +1.935212662e+07 +1.935212662e+07 +5.9671e-01 -3.8264e-02 +7.4769e-01 +1.6230e+00 -1.3415e-01 -1.3414e-01 +1.6792e+00 +8.6743e-01 -3.6947e-01 +6.4256e-01
2 0 +4.066364824e+06 +4.066395404e+06 +4.066395404e+06 -3.6342e-01 -3.6573e-01 +3.4196e-01 -1.8133e+00 -1.6249e+00 -4.6229e-01 -9.1283e-01 +4.1425e-01 -8.0802e-01 -1.3123e+00
4 0 +2.906257570e+06 +2.906288150e+06 +2.906288150e+06 -5.0171e-01 +1.9523e+00 +8.6503e-02 -9.5771e-01 +9.2254e-01 -1.1208e+00 +3.0886e-01 -1.8597e+00 -1.2282e+00 +2.9686e-01
52 0 +2.596479837e+06 +2.596510417e+06 +2.596510417e+06 -1.3070e+00 +1.0217e+00 +3.5103e-01 -5.0453e-01 +9.9187e-01 +4.5873e-01 -5.1315e-01 -7.4541e-01 -1.5903e+00 +3.6076e-01
62 0 +8.928209889e+05 +8.928515689e+05 +8.928515689e+05 -1.5322e+00 +9.0003e-03 -4.3058e-01 -1.4198e+00 -1.4873e+00 -9.1331e-01 -1.0006e+00 +3.8895e-01 -5.3195e-01 +2.2635e+00
63 0 +6.516541383e+05 +6.516847183e+05 +6.516847183e+05 -5.4743e-01 +1.1969e+00 -1.5239e+00 -1.4735e+00 -4.6159e-01 -1.3678e+00 -2.5004e+00 -7.0139e-01 +1.4767e+00 -9.3089e-02
101 0 +5.004097889e+05 +5.004403689e+05 +5.004403689e+05 -4.8064e-01 +3.3209e+00 -6.7899e-01 +2.7075e-01 -5.6747e-01 -1.9857e+00 -1.3287e+00 -2.1948e+00 -1.1977e+00 +1.1783e+00
106 0 +2.515075970e+05 +2.515381770e+05 +2.515381770e+05 -2.7781e+00 +1.2833e+00 -1.1246e+00 -3.0108e-02 +1.2003e+00 -2.9812e-01 -1.9717e+00 -1.2578e+00 +8.9398e-01 +9.5965e-01
141 0 +2.312504229e+05 +2.312810029e+05 +2.312810029e+05 -2.4674e+00 +1.8655e+00 +7.0923e-01 +1.2190e+00 +4.9804e-01 -9.9887e-02 -1.9263e+00 +5.5978e-02 -1.2138e+00 +7.2087e-01
223 0 +6.735743600e+04 +6.738801600e+04 +6.738801600e+04 -1.3258e+00 +1.4541e+00 -3.2371e+00 -2.3668e+00 +2.3731e+00 -2.5531e+00 -1.8939e+00 -1.9569e+00 +6.8834e-01 +7.4635e-01
489 0 +2.506266335e+04 +2.509324335e+04 +2.509324335e+04 -2.0204e+00 +4.6110e+00 -3.2506e+00 +3.2976e-01 +2.5878e+00 -1.2102e+00 +1.0346e-01 -3.5027e+00 +2.1444e-02 +9.8703e-01
1385 0 +2.394565886e+04 +2.397623886e+04 +2.397623886e+04 -4.0836e+00 -1.6455e+00 +2.2623e+00 -9.9546e-01 +2.8653e+00 -6.6969e-01 -4.7448e+00 +2.4382e+00 +1.3160e+00 -2.2257e-01
1521 0 +2.045262420e+04 +2.048320420e+04 +2.048320420e+04 -3.6298e+00 -4.3224e-01 +8.5432e-02 -9.1010e-01 +3.7303e+00 +4.2327e-01 -3.4332e+00 +5.2373e-01 -1.0839e+00 -3.4750e-01
1529 0 +1.737516863e+04 +1.740574863e+04 +1.740574863e+04 -3.6190e+00 -1.7267e+00 -1.6343e+00 +2.9919e-01 +3.0255e+00 -1.1589e+00 -3.0264e+00 +5.0677e-01 +1.4302e+00 +1.6345e+00
1558 0 +1.587225534e+04 +1.590283534e+04 +1.590283534e+04 -1.7698e+00 +1.2263e+00 -3.0459e+00 -1.7389e-01 +5.6713e-01 +4.0970e+00 -4.3766e+00 -1.1701e+00 -3.3634e+00 -1.5194e+00
1569 0 +1.207198611e+04 +1.210256611e+04 +1.210256611e+04 -3.5573e+00 -4.9801e-01 +1.7224e+00 -2.0142e+00 +3.4447e+00 +4.3751e-01 -4.6611e+00 +1.8913e+00 +4.9226e-01 -2.2600e-01
1570 0 +8.613841783e+03 +8.644421783e+03 +8.644421783e+03 -3.3083e+00 +2.5977e-01 -1.2745e+00 -3.5483e+00 +4.0183e+00 +5.3703e-01 -2.9294e+00 -4.9329e-01 +1.3601e+00 -2.9768e-01
1659 0 +8.032323993e+03 +8.062903993e+03 +8.062903993e+03 -1.6895e+00 -1.3713e+00 -2.1996e+00 -2.8075e+00 +3.3268e+00 +1.4360e+00 -4.7353e+00 +1.6994e-02 -8.9032e-01 +9.3716e-01
1795 0 +7.727032495e+03 +7.757612495e+03 +7.757612495e+03 -2.9726e+00 -2.4853e+00 -1.5287e+00 -3.3454e+00 +3.3315e+00 -2.1739e-01 -4.1930e+00 +1.0640e+00 +2.2153e+00 +1.3262e+00
1918 0 +5.012864461e+03 +5.043444461e+03 +5.043444461e+03 -2.5335e+00 -1.0364e+00 -9.2494e-01 -1.7392e+00 +3.6960e+00 -5.1269e-01 -3.8667e+00 +6.6789e-01 +2.9919e-01 +1.3663e+00
2015 0 +4.524047656e+03 +4.554627656e+03 +4.554627656e+03 -2.0342e+00 +3.8529e-01 -1.8217e+00 -4.2034e+00 +1.1703e+00 -2.0902e+00 -3.1716e+00 -6.3010e-02 +4.6437e+00 +5.3800e-01
2019 0 +3.228722229e+03 +3.259302229e+03 +3.259302229e+03 -1.8343e+00 +6.9949e-02 -4.7793e+00 -1.5621e+00 +4.3195e+00 +1.5580e-01 -1.9431e+00 -2.1625e+00 -3.9111e-01 +2.3419e+00
2234 0 +3.060377203e+03 +3.090957203e+03 +3.090957203e+03 -3.2511e+00 -3.3567e-01 -2.4585e+00 +1.3356e+00 +4.7917e+00 +9.3303e-01 -2.3515e+00 -7.6098e-01 -2.0951e+00 +2.1761e+00
2296 0 +2.480722157e+03 +2.511302157e+03 +2.511302157e+03 -2.9658e+00 -1.9364e+00 -2.4967e+00 +8.6497e-01 +3.2632e+00 -1.8608e+00 -2.9018e+00 +3.7098e-01 +1.4770e+00 +3.3781e+00
2341 0 +1.661939070e+03 +1.692519070e+03 +1.692519070e+03 -3.5033e+00 -2.3610e+00 -5.8737e-01 +1.4340e-01 +3.7260e+00 -3.1305e+00 -3.3659e+00 +1.5418e+00 +3.5079e+00 +3.5571e+00
% f evaluations | g evaluations | best noise-free fitness - Fopt (1.000000000000e+03) + sum g_i+ | measured fitness | best measured fitness or single-digit g-values | x1 | x2...
1 0 +3.539809844e+06 +3.540809844e+06 +3.540809844e+06 +5.9671e-01 -3.8264e-02 +7.4769e-01 +1.6230e+00 -1.3415e-01 -1.3414e-01 +1.6792e+00 +8.6743e-01 -3.6947e-01 +6.4256e-01
9 0 +2.056721451e+06 +2.057721451e+06 +2.057721451e+06 -1.1967e-01 +4.5711e-01 +1.5779e+00 -4.1827e-01 -7.0849e-01 -4.0176e-01 +1.0154e+00 +4.2875e-01 -4.2976e-01 +6.1327e-01
21 0 +9.707796952e+05 +9.717796952e+05 +9.717796952e+05 +4.5779e-01 +6.6078e-01 +1.1831e+00 +1.1538e+00 -1.2777e+00 -8.3783e-01 +6.1504e-01 +6.1379e-01 +6.1505e-01 +3.9527e+00
57 0 +9.139174087e+05 +9.149174087e+05 +9.149174087e+05 -7.0356e-01 -3.3602e+00 -2.4251e-03 +3.1567e+00 -1.6925e+00 -8.8158e-01 -1.9238e+00 -3.1864e-01 +1.1024e+00 +1.1369e+00
59 0 +8.820950778e+05 +8.830950778e+05 +8.830950778e+05 -1.4090e+00 +1.0113e+00 +1.6289e+00 +1.5535e+00 -7.6413e-01 +1.0541e+00 -1.0456e-01 -1.8368e+00 -5.9396e-01 +2.5199e+00
70 0 +8.162418189e+05 +8.172418189e+05 +8.172418189e+05 -1.1830e+00 -2.9667e-01 +2.5612e+00 +4.2419e-02 -9.7880e-01 -1.3982e+00 +2.7380e-01 -7.4659e-01 -3.1916e-01 +6.8621e-01
85 0 +3.409729833e+05 +3.419729833e+05 +3.419729833e+05 -8.9541e-01 +5.1543e-01 -1.6895e+00 -1.1928e-01 -5.7243e-01 -2.0547e+00 +2.3947e-01 +1.6662e+00 -4.2385e-01 +3.2287e+00
104 0 +1.874424007e+05 +1.884424007e+05 +1.884424007e+05 -4.9854e-01 +7.8597e-01 +6.2256e-01 +6.9529e-01 -1.4600e+00 -6.8416e-01 -1.5050e+00 +6.5728e-01 +4.3964e+00 +3.8023e+00
171 0 +1.432419998e+05 +1.442419998e+05 +1.442419998e+05 -3.5440e+00 +2.6968e+00 +4.5472e-01 +2.7678e+00 -3.0172e+00 -1.0659e+00 -1.1107e-01 -1.7250e+00 +3.2931e+00 +1.1685e+00
267 0 +1.196905345e+05 +1.206905345e+05 +1.206905345e+05 -1.9767e+00 +3.4161e-01 -3.3673e+00 +1.9004e+00 -2.3856e+00 +5.2375e-01 +2.3457e-01 -1.3372e+00 +1.6887e+00 +3.9245e+00
294 0 +1.162179059e+05 +1.172179059e+05 +1.172179059e+05 -1.8044e+00 -2.1302e-01 -2.9869e-01 +1.4321e+00 -1.2035e+00 -2.7257e+00 -4.2774e-01 -1.1851e+00 +1.2044e+00 +2.6912e+00
325 0 +6.763874701e+04 +6.863874701e+04 +6.863874701e+04 -2.5905e+00 -1.4730e+00 -2.2732e+00 +3.1591e-01 -1.5797e+00 -1.3914e+00 -1.2951e+00 -6.1389e-01 +3.9409e+00 +2.1512e+00
504 0 +5.819454238e+04 +5.919454238e+04 +5.919454238e+04 -2.3596e+00 +2.4451e+00 -1.1624e+00 +1.9529e+00 -4.1092e-01 -7.3651e-01 -1.6346e+00 -7.8744e-01 +3.5406e+00 +4.1470e+00
691 0 +4.871109295e+04 +4.971109295e+04 +4.971109295e+04 -3.2220e+00 +1.3453e+00 -7.2968e-01 -1.3044e+00 +3.3928e-01 +2.2819e-01 -1.6393e+00 -2.8633e+00 +2.3898e+00 +3.8425e+00
814 0 +3.861524668e+04 +3.961524668e+04 +3.961524668e+04 -1.4282e+00 +1.9390e+00 -2.5392e+00 -1.8972e+00 -2.6226e+00 -1.4848e+00 +1.0155e+00 -1.0583e+00 +3.7649e+00 +3.1174e+00
886 0 +2.277978621e+04 +2.377978621e+04 +2.377978621e+04 -1.1701e+00 +3.4338e+00 -7.6242e-01 +8.5425e-01 -1.1016e+00 -1.0045e+00 +2.4022e-01 -1.2765e+00 +1.6851e+00 +4.4479e+00
915 0 +1.790811552e+04 +1.890811552e+04 +1.890811552e+04 -2.5686e+00 +2.7648e+00 -1.4737e+00 -1.8529e+00 -1.0616e+00 -8.9256e-01 -3.0840e-01 -7.5491e-01 +3.2583e+00 +3.6981e+00
980 0 +1.226360817e+04 +1.326360817e+04 +1.326360817e+04 -8.6824e-01 +1.1753e+00 -2.1607e+00 +4.0665e-02 -2.2621e+00 -3.7763e-01 +2.5635e-02 -1.3653e+00 +3.7050e+00 +3.6828e+00
1131 0 +8.536456353e+03 +9.536456353e+03 +9.536456353e+03 -2.7402e+00 +4.1630e+00 -2.3183e+00 -1.4974e+00 -1.7433e+00 -5.3273e-02 +4.7102e-01 -4.7700e-01 +2.6572e+00 +4.3336e+00
1255 0 +7.142642988e+03 +8.142642988e+03 +8.142642988e+03 -8.9288e-01 +4.1960e+00 -1.3094e+00 +2.3188e+00 -3.1579e+00 -2.6221e-01 -1.3230e-01 -3.3434e-01 +4.8589e+00 +4.4389e+00
1356 0 +6.358453843e+03 +7.358453843e+03 +7.358453843e+03 -2.3096e+00 +3.3793e+00 +5.6784e-01 +2.8359e+00 -1.4269e+00 -3.6675e-01 -1.4552e+00 -3.1162e+00 +4.2782e+00 +3.6142e+00
1424 0 +3.720043894e+03 +4.720043894e+03 +4.720043894e+03 -3.0282e+00 +3.9419e+00 -2.8503e+00 +1.3453e-01 -1.7196e+00 +1.1971e+00 -6.9795e-01 -1.0160e+00 +4.1514e+00 +4.8006e+00
1447 0 +2.865245890e+03 +3.865245890e+03 +3.865245890e+03 -1.9665e+00 +3.6131e+00 -5.9986e-01 +2.8998e+00 -2.3253e+00 +4.7952e-02 -5.0851e-01 -2.7681e+00 +3.8781e+00 +3.5887e+00
1653 0 +2.837082048e+03 +3.837082048e+03 +3.837082048e+03 -2.6083e+00 +3.7728e+00 -2.6396e+00 +6.9421e-01 -3.0748e+00 +1.0772e+00 +2.3737e-01 -1.7993e+00 +4.1400e+00 +3.9084e+00
1659 0 +2.758316293e+03 +3.758316293e+03 +3.758316293e+03 -2.1230e+00 +2.5928e+00 -2.0220e+00 +2.8093e-01 -2.1147e+00 -1.8875e-02 -1.0988e-01 -1.5256e+00 +3.6107e+00 +3.8330e+00
1682 0 +2.603604752e+03 +3.603604752e+03 +3.603604752e+03 -1.9162e+00 +4.4758e+00 -1.8474e+00 +1.2237e+00 -2.5187e+00 +4.8790e-01 +3.8549e-01 -1.9913e+00 +3.1694e+00 +4.4703e+00
1728 0 +7.130693531e+02 +1.713069353e+03 +1.713069353e+03 -2.6248e+00 +4.1937e+00 -3.3762e+00 +1.9844e-01 -3.0424e+00 +1.0252e+00 +8.4394e-01 -1.0362e+00 +3.1521e+00 +4.2517e+00
2112 0 +6.995542125e+02 +1.699554213e+03 +1.699554213e+03 -2.0977e+00 +4.0566e+00 -2.4416e+00 +1.8716e-01 -2.3854e+00 +4.3127e-01 +8.0426e-01 -1.7442e+00 +2.4922e+00 +4.3078e+00
2118 0 +6.220492204e+02 +1.622049220e+03 +1.622049220e+03 -2.9022e+00 +4.1385e+00 -2.0001e+00 +4.9873e-01 -2.0520e+00 +9.9743e-01 -4.1235e-01 -1.7079e+00 +4.0846e+00 +4.2325e+00
2170 0 +4.089165822e+02 +1.408916582e+03 +1.408916582e+03 -2.3419e+00 +3.9063e+00 -1.8347e+00 +7.2170e-01 -2.1138e+00 +4.8827e-01 -1.0083e-02 -1.9917e+00 +3.3887e+00 +4.1880e+00
2181 0 +3.390356113e+02 +1.339035611e+03 +1.339035611e+03 -1.7046e+00 +3.9894e+00 -2.1993e+00 +1.4267e+00 -2.8884e+00 +2.0894e-01 +4.6320e-01 -1.1583e+00 +3.3735e+00 +4.2671e+00
2239 0 +3.241467512e+02 +1.324146751e+03 +1.324146751e+03 -2.5954e+00 +4.2958e+00 -2.4023e+00 -4.3476e-01 -2.9912e+00 +4.0281e-01 +9.4835e-01 -1.0998e+00 +3.2018e+00 +3.7302e+00
2340 0 +2.960745427e+02 +1.296074543e+03 +1.296074543e+03 -2.5362e+00 +3.4546e+00 -2.9174e+00 -5.6526e-01 -3.2587e+00 +6.4572e-01 +9.4441e-01 -1.1265e+00 +3.5359e+00 +3.4849e+00
2349 0 +2.531079480e+02 +1.253107948e+03 +1.253107948e+03 -2.3048e+00 +3.4688e+00 -2.6408e+00 -7.9919e-02 -3.0144e+00 +4.5972e-01 +8.2425e-01 -1.3932e+00 +3.2858e+00 +3.6935e+00
2440 0 +2.324623498e+02 +1.232462350e+03 +1.232462350e+03 -2.5327e+00 +4.3712e+00 -3.0802e+00 -1.8453e-01 -2.5911e+00 +8.8528e-01 +8.0866e-01 -1.1151e+00 +2.8116e+00 +4.4479e+00
% f evaluations | g evaluations | best noise-free fitness - Fopt (-4.236000000000e+01) + sum g_i+ | measured fitness | best measured fitness or single-digit g-values | x1 | x2...
1 0 +8.729378122e+05 +8.728954522e+05 +8.728954522e+05 +5.9671e-01 -3.8264e-02 +7.4769e-01 +1.6230e+00 -1.3415e-01 -1.3414e-01 +1.6792e+00 +8.6743e-01 -3.6947e-01 +6.4256e-01
7 0 +8.432992605e+05 +8.432569005e+05 +8.432569005e+05 -3.7917e-01 -8.5659e-02 -1.0063e+00 -1.0962e+00 +9.1253e-01 +1.4562e+00 +2.7990e-02 +1.1035e+00 +4.6164e-01 -5.4512e-01
9 0 +4.957517830e+05 +4.957094230e+05 +4.957094230e+05 -1.1967e-01 +4.5711e-01 +1.5779e+00 -4.1827e-01 -7.0849e-01 -4.0176e-01 +1.0154e+00 +4.2875e-01 -4.2976e-01 +6.1327e-01
17 0 +4.675856234e+05 +4.675432634e+05 +4.675432634e+05 -8.7468e-01 +8.8708e-01 +1.2586e+00 -7.2068e-01 +1.0634e+00 +5.1278e-01 +9.2206e-01 +1.9968e+00 -1.4539e-01 -6.5374e-01
52 0 +3.716028952e+05 +3.715605352e+05 +3.715605352e+05 -1.2862e+00 -1.7747e-01 +1.3941e+00 +1.0181e-01 +5.8083e-01 +1.3146e+00 +1.1831e+00 +8.6797e-01 +1.4884e-02 -6.4648e-01
102 0 +2.879162740e+05 +2.878739140e+05 +2.878739140e+05 +1.5177e-01 -1.5885e+00 +2.4120e+00 -1.3613e+00 +1.5581e+00 -1.2768e+00 +1.1772e+00 +1.1151e+00 +1.1308e+00 +4.6035e-02
132 0 +1.930674057e+05 +1.930250457e+05 +1.930250457e+05 -1.1583e+00 -5.2007e-01 +2.2730e+00 -1.2255e+00 -4.8930e-01 +1.6202e+00 +8.0428e-01 -9.2744e-01 +1.5133e+00 -2.6668e-01
194 0 +1.303429612e+05 +1.303006012e+05 +1.303006012e+05 -1.2093e+00 -4.8351e-03 +3.8882e+00 -1.0730e+00 +1.4406e+00 +7.2103e-02 +2.2456e+00 -1.7919e-02 +3.5210e-01 -7.3893e-01
213 0 +9.421134645e+04 +9.416898645e+04 +9.416898645e+04 -2.1692e+00 +7.1723e-01 +4.4196e+00 -6.4605e-01 -1.1878e+00 +1.4225e+00 +2.0585e+00 +1.4646e-02 +2.3051e+00 -3.1602e+00
305 0 +7.731745371e+04 +7.727509371e+04 +7.727509371e+04 -6.5183e-01 -2.0245e+00 +1.7194e+00 -3.5564e+00 -1.3987e+00 +3.8758e+00 -6.9503e-01 +3.1903e-01 +6.6015e-01 -1.2835e-02
345 0 +4.672750718e+04 +4.668514718e+04 +4.668514718e+04 -1.0305e+00 +1.9467e+00 +4.8551e+00 -1.7852e+00 +4.0980e-01 +1.6731e+00 +2.2485e+00 -1.9008e-01 +3.3222e-01 -1.8511e+00
351 0 +3.044496491e+04 +3.040260491e+04 +3.040260491e+04 -1.9118e+00 -1.4659e+00 +3.1137e+00 -2.9849e+00 -1.6074e+00 +1.8366e+00 +1.6271e+00 -1.9046e+00 +1.7010e+00 -6.9020e-01
608 0 +2.959741515e+04 +2.955505515e+04 +2.955505515e+04 +7.4662e-01 +1.5620e+00 +3.8896e+00 -9.5916e-01 -2.2249e+00 +4.1348e-01 +3.6965e+00 -1.7800e+00 +7.8523e-01 -9.2451e-01
645 0 +2.610385724e+04 +2.606149724e+04 +2.606149724e+04 -9.7053e-01 -1.6837e+00 +1.4030e+00 -3.5897e+00 -1.1719e+00 +1.0358e+00 +1.0100e+00 -2.0559e+00 +4.4065e-01 +1.4700e+00
707 0 +7.347045377e+03 +7.304685377e+03 +7.304685377e+03 +7.5435e-01 -2.1105e+00 +4.9671e+00 -2.7455e+00 -1.2534e+00 +6.9700e-01 +9.8063e-01 -1.5793e-01 +2.1285e+00 -3.9276e-01
1117 0 +4.812393771e+03 +4.770033771e+03 +4.770033771e+03 +3.9234e-01 -6.3243e-02 +3.5013e+00 -2.6029e+00 -1.3323e+00 +6.7391e-01 +2.2586e+00 -1.4417e+00 +8.8300e-01 -2.5806e-01
1164 0 +3.943756224e+03 +3.901396224e+03 +3.901396224e+03 +1.0965e-01 +2.3239e-01 +3.1743e+00 -3.0481e+00 -1.9786e+00 +1.0708e+00 +1.5601e+00 -5.4253e-01 +3.0651e-01 -4.4502e-02
1206 0 +2.117300593e+03 +2.074940593e+03 +2.074940593e+03 +8.0782e-01 +3.9105e-01 +4.5393e+00 -1.6522e+00 -7.7617e-01 +6.9963e-01 +2.3704e+00 -9.2875e-01 +7.0015e-01 -4.1560e-01
1858 0 +1.363022630e+03 +1.320662630e+03 +1.320662630e+03 +9.7092e-01 -1.0575e+00 +2.2700e+00 -1.5786e+00 +5.1082e-01 -1.6293e-01 +2.5016e+00 -2.6296e+00 +4.1578e-01 +1.5443e+00
1878 0 +9.395046260e+02 +8.971446260e+02 +8.971446260e+02 +7.6418e-02 -7.8348e-01 +2.2522e+00 -1.1379e+00 -1.3957e-02 +3.9987e-01 +2.9074e+00 -3.0837e+00 +7.3920e-01 +8.7450e-01
1940 0 +7.523244655e+02 +7.099644655e+02 +7.099644655e+02 -5.8600e-02 -5.2029e-01 +3.0969e+00 -1.9432e+00 -2.3199e-01 +3.2095e-03 +2.6293e+00 -2.0709e+00 +1.4194e+00 -2.0213e-01
1986 0 +6.641610104e+02 +6.218010104e+02 +6.218010104e+02 -3.8003e-01 -4.7652e-02 +1.0991e+00 -2.9038e+00 +6.8014e-01 -1.1043e+00 +2.5526e+00 -2.5406e+00 +3.6059e-01 +1.0069e+00
2022 0 +6.071597886e+02 +5.647997886e+02 +5.647997886e+02 -1.9374e-01 -1.4250e-01 +1.3644e+00 -2.4552e+00 -1.3281e-01 -1.2447e-01 +2.5227e+00 -2.6589e+00 +1.6799e-01 +1.0832e+00
2179 0 +5.493078853e+02 +5.069478853e+02 +5.069478853e+02 -6.7778e-01 -2.8414e-01 +5.7287e-01 -2.0107e+00 +1.4865e+00 -1.3245e+00 +3.2158e+00 -3.6852e+00 +6.7421e-01 +1.1353e+00
2246 0 +4.691575058e+02 +4.267975058e+02 +4.267975058e+02 +3.0696e-01 +3.5894e-01 +2.3952e+00 -6.1311e-01 +1.0709e+00 +1.0551e-01 +3.4427e+00 -3.1794e+00 +2.7182e-01 +6.8057e-01
2360 0 +3.659897201e+02 +3.236297201e+02 +3.236297201e+02 +4.7501e-01 -8.7081e-01 +4.7940e-01 -1.4939e+00 +1.8008e+00 -1.1656e+00 +3.2370e+00 -4.2017e+00 +1.5286e-01 +2.3208e+00
2470 0 +3.461092449e+02 +3.037492449e+02 +3.037492449e+02 +3.0871e-01 -9.8552e-01 +2.6177e+00 -3.6482e-01 +2.1048e+00 -9.7212e-01 +3.6826e+00 -3.7729e+00 +1.7165e+00 +5.1060e-01
2489 0 +3.363304511e+02 +2.939704511e+02 +2.939704511e+02 +1.9103e-01 +4.6798e-01 +2.0145e+00 -1.0115e+00 +1.5874e+00 -6.8002e-01 +3.5006e+00 -3.2811e+00 +2.7399e-01 +8.0412e-01
2494 0 +3.009631758e+02 +2.586031758e+02 +2.586031758e+02 +5.1879e-01 -1.8476e-01 +1.7629e+00 -9.4502e-01 +1.3743e+00 -3.0023e-01 +3.3419e+00 -3.6013e+00 +4.2330e-01 +1.2344e+00
