% f evaluations | g evaluations | best noise-free fitness - Fopt (1.491500000000e+02) + sum g_i+ | measured fitness | best measured fitness or single-digit g-values | x1 | x2...
1 0 +1.953860801e+02 +3.445360801e+02 +3.445360801e+02 +5.9671e-01 -3.8264e-02
2 0 +7.227817213e+00 +1.563778172e+02 +1.563778172e+02 +7.4769e-01 +1.6230e+00
10 0 +5.674199010e-01 +1.497174199e+02 +1.497174199e+02 -8.0802e-01 -1.3123e+00
174 0 +5.465138822e-01 +1.496965139e+02 +1.496965139e+02 -7.2743e-01 -1.2941e+00
175 0 +5.128710103e-01 +1.496628710e+02 +1.496628710e+02 -7.5151e-01 -1.2953e+00
181 0 +2.782704890e-01 +1.494282705e+02 +1.494282705e+02 -5.3089e-01 -1.1187e+00
199 0 +1.961754501e-01 +1.493461755e+02 +1.493461755e+02 -4.9788e-01 -1.0616e+00
213 0 +1.374442917e-01 +1.492874443e+02 +1.492874443e+02 -4.0924e-01 -9.6454e-01
251 0 +1.166142896e-01 +1.492666143e+02 +1.492666143e+02 -3.9564e-01 -9.3845e-01
253 0 +1.161416133e-01 +1.492661416e+02 +1.492661416e+02 -3.4141e-01 -8.7981e-01
254 0 +1.140573887e-01 +1.492640574e+02 +1.492640574e+02 -3.3327e-01 -8.6878e-01
266 0 +8.853911874e-02 +1.492385391e+02 +1.492385391e+02 -3.5141e-01 -8.7831e-01
281 0 +8.396760581e-02 +1.492339676e+02 +1.492339676e+02 -3.3536e-01 -8.4522e-01
292 0 +8.027012755e-02 +1.492302701e+02 +1.492302701e+02 -3.2883e-01 -8.5053e-01
306 0 +6.975012229e-02 +1.492197501e+02 +1.492197501e+02 -2.9274e-01 -8.0100e-01
323 0 +6.839385859e-02 +1.492183939e+02 +1.492183939e+02 -3.1648e-01 -8.2396e-01
331 0 +6.627482684e-02 +1.492162748e+02 +1.492162748e+02 -3.0913e-01 -8.0995e-01
332 0 +6.151110908e-02 +1.492115111e+02 +1.492115111e+02 -2.9327e-01 -7.8332e-01
341 0 +5.129155205e-02 +1.492012916e+02 +1.492012916e+02 -2.8100e-01 -7.7316e-01
351 0 +4.704084221e-02 +1.491970408e+02 +1.491970408e+02 -2.7182e-01 -7.5819e-01
352 0 +4.529406233e-02 +1.491952941e+02 +1.491952941e+02 -2.6793e-01 -7.5036e-01
354 0 +4.389948507e-02 +1.491938995e+02 +1.491938995e+02 -2.6364e-01 -7.4636e-01
372 0 +4.001495621e-02 +1.491900150e+02 +1.491900150e+02 -2.5484e-01 -7.3148e-01
396 0 +3.754419630e-02 +1.491875442e+02 +1.491875442e+02 -2.4746e-01 -7.2077e-01
431 0 +3.471905844e-02 +1.491847191e+02 +1.491847191e+02 -2.4151e-01 -7.0843e-01
444 0 +2.381663974e-02 +1.491738166e+02 +1.491738166e+02 -2.0215e-01 -6.4782e-01
468 0 +2.152246874e-02 +1.491715225e+02 +1.491715225e+02 -1.3118e-01 -5.0444e-01
469 0 +1.162983941e-02 +1.491616298e+02 +1.491616298e+02 -1.5890e-01 -5.6448e-01
% f evaluations | g evaluations | best noise-free fitness - Fopt (-1.000000000000e+03) + sum g_i+ | measured fitness | best measured fitness or single-digit g-values | x1 | x2...
1 0 +3.990044964e+04 +3.890044964e+04 +3.890044964e+04 +5.9671e-01 -3.8264e-02
2 0 +3.872648986e+04 +3.772648986e+04 +3.772648986e+04 +7.4769e-01 +1.6230e+00
3 0 +1.990212803e+04 +1.890212803e+04 +1.890212803e+04 -1.3415e-01 -1.3414e-01
5 0 +1.354479732e+04 +1.254479732e+04 +1.254479732e+04 -3.6947e-01 +6.4256e-01
8 0 +3.117224945e+03 +2.117224945e+03 +2.117224945e+03 -1.6249e+00 -4.6229e-01
13 0 +3.034349659e+03 +2.034349659e+03 +2.034349659e+03 -1.4779e+00 +2.8818e-01
14 0 +6.660691741e+02 -3.339308259e+02 -3.339308259e+02 -2.0439e+00 +8.5235e-01
16 0 +3.259555185e+01 -9.674044481e+02 -9.674044481e+02 -4.1123e+00 -3.1043e-01
28 0 +1.005921510e+00 -9.989940785e+02 -9.989940785e+02 -2.5341e+00 +1.9986e+00
116 0 +8.826314537e-01 -9.991173685e+02 -9.991173685e+02 -3.7679e+00 +2.0222e-01
133 0 +8.590660597e-01 -9.991409339e+02 -9.991409339e+02 -3.7717e+00 +1.9037e-01
135 0 +5.504913342e-01 -9.994495087e+02 -9.994495087e+02 -3.5641e+00 +2.7677e-01
143 0 +5.388744240e-01 -9.994611256e+02 -9.994611256e+02 -3.5676e+00 +2.4073e-01
145 0 +5.241063803e-01 -9.994758936e+02 -9.994758936e+02 -3.5714e+00 +2.4997e-01
172 0 +3.006658568e-01 -9.996993341e+02 -9.996993341e+02 -3.3472e+00 +4.0488e-01
184 0 +2.726468728e-01 -9.997273531e+02 -9.997273531e+02 -3.3444e+00 +4.4666e-01
185 0 +2.449692826e-01 -9.997550307e+02 -9.997550307e+02 -3.3428e+00 +4.3387e-01
221 0 +2.214261909e-01 -9.997785738e+02 -9.997785738e+02 -3.3041e+00 +4.8434e-01
273 0 +2.147651953e-01 -9.997852348e+02 -9.997852348e+02 -3.2369e+00 +5.2505e-01
275 0 +1.813049627e-01 -9.998186950e+02 -9.998186950e+02 -3.2737e+00 +5.0827e-01
287 0 +1.811112710e-01 -9.998188887e+02 -9.998188887e+02 -3.2729e+00 +5.0485e-01
298 0 +1.753109753e-01 -9.998246890e+02 -9.998246890e+02 -3.2642e+00 +5.1291e-01
301 0 +1.687844702e-01 -9.998312155e+02 -9.998312155e+02 -3.2558e+00 +5.2240e-01
303 0 +1.554914677e-01 -9.998445085e+02 -9.998445085e+02 -3.2425e+00 +5.4329e-01
308 0 +1.531480561e-01 -9.998468519e+02 -9.998468519e+02 -3.2234e+00 +5.5582e-01
315 0 +1.492634757e-01 -9.998507365e+02 -9.998507365e+02 -3.2279e+00 +5.6859e-01
320 0 +1.429445943e-01 -9.998570554e+02 -9.998570554e+02 -3.2250e+00 +5.6187e-01
322 0 +1.018797727e-01 -9.998981202e+02 -9.998981202e+02 -3.1674e+00 +6.4029e-01
325 0 +9.644599468e-02 -9.999035540e+02 -9.999035540e+02 -3.1578e+00 +6.5082e-01
335 0 +9.432139494e-02 -9.999056786e+02 -9.999056786e+02 -3.1541e+00 +6.6113e-01
339 0 +8.795567812e-02 -9.999120443e+02 -9.999120443e+02 -3.1410e+00 +6.7204e-01
345 0 +5.828138359e-02 -9.999417186e+02 -9.999417186e+02 -3.0613e+00 +8.0722e-01
347 0 +5.571113402e-02 -9.999442889e+02 -9.999442889e+02 -3.0829e+00 +7.5979e-01
354 0 +5.415133644e-02 -9.999458487e+02 -9.999458487e+02 -3.0744e+00 +7.8076e-01
359 0 +5.031327086e-02 -9.999496867e+02 -9.999496867e+02 -3.0485e+00 +8.2618e-01
371 0 +3.471551264e-02 -9.999652845e+02 -9.999652845e+02 -2.9806e+00 +9.1615e-01
382 0 +1.145808326e-02 -9.999885419e+02 -9.999885419e+02 -2.9550e+00 +9.7369e-01
383 0 +1.134769169e-02 -9.999886523e+02 -9.999886523e+02 -2.9539e+00 +9.7506e-01
410 0 +5.401602929e-04 -9.999994598e+02 -9.999994598e+02 -2.8673e+00 +1.1401e+00
% f evaluations | g evaluations | best noise-free fitness - Fopt (9.862000000000e+01) + sum g_i+ | measured fitness | best measured fitness or single-digit g-values | x1 | x2...
1 0 +1.341273494e+03 +1.439893494e+03 +1.439893494e+03 +5.9671e-01 -3.8264e-02
2 0 +7.566882690e+02 +8.553082690e+02 +8.553082690e+02 +7.4769e-01 +1.6230e+00
3 0 +6.109293371e+01 +1.597129337e+02 +1.597129337e+02 -1.3415e-01 -1.3414e-01
5 0 +5.334153937e+01 +1.519615394e+02 +1.519615394e+02 -3.6947e-01 +6.4256e-01
6 0 +8.996241673e+00 +1.076162417e+02 +1.076162417e+02 -3.6342e-01 -3.6573e-01
10 0 +2.523769955e+00 +1.011437700e+02 +1.011437700e+02 -8.0802e-01 -1.3123e+00
34 0 +2.611438888e-01 +9.888114389e+01 +9.888114389e+01 -5.8355e-01 -7.0141e-01
161 0 +2.535536171e-01 +9.887355362e+01 +9.887355362e+01 -1.3085e+00 -1.9027e+00
164 0 +2.198935744e-01 +9.883989357e+01 +9.883989357e+01 -1.2731e+00 -1.8615e+00
173 0 +2.016413386e-01 +9.882164134e+01 +9.882164134e+01 -1.2542e+00 -1.8447e+00
182 0 +1.687373318e-01 +9.878873733e+01 +9.878873733e+01 -1.2158e+00 -1.7991e+00
205 0 +1.572603035e-01 +9.877726030e+01 +9.877726030e+01 -1.1980e+00 -1.7846e+00
214 0 +1.539726272e-01 +9.877397263e+01 +9.877397263e+01 -1.1694e+00 -1.7582e+00
219 0 +1.491662440e-01 +9.876916624e+01 +9.876916624e+01 -1.1896e+00 -1.7651e+00
225 0 +1.100607900e-01 +9.873006079e+01 +9.873006079e+01 -1.1354e+00 -1.6960e+00
231 0 +7.171477185e-02 +9.869171477e+01 +9.869171477e+01 -1.0706e+00 -1.6117e+00
405 0 +7.106040419e-02 +9.869106040e+01 +9.869106040e+01 -1.0684e+00 -1.6091e+00
431 0 +6.724809596e-02 +9.868724810e+01 +9.868724810e+01 -1.0073e+00 -1.5274e+00
432 0 +6.012257005e-02 +9.868012257e+01 +9.868012257e+01 -1.0476e+00 -1.5775e+00
446 0 +5.702014907e-02 +9.867702015e+01 +9.867702015e+01 -1.0431e+00 -1.5691e+00
449 0 +5.323451923e-02 +9.867323452e+01 +9.867323452e+01 -1.0345e+00 -1.5564e+00
% f evaluations | g evaluations | best noise-free fitness - Fopt (-4.715000000000e+01) + sum g_i+ | measured fitness | best measured fitness or single-digit g-values | x1 | x2...
1 0 +3.818138538e+02 +3.346638538e+02 +3.346638538e+02 +5.9671e-01 -3.8264e-02
2 0 +8.131056962e+01 +3.416056962e+01 +3.416056962e+01 +7.4769e-01 +1.6230e+00
3 0 +5.578895852e+00 -4.157110415e+01 -4.157110415e+01 -1.3415e-01 -1.3414e-01
10 0 +4.876731222e+00 -4.227326878e+01 -4.227326878e+01 -8.0802e-01 -1.3123e+00
12 0 +3.258691997e+00 -4.389130800e+01 -4.389130800e+01 -1.3334e+00 -1.9511e+00
17 0 +1.620917327e+00 -4.552908267e+01 -4.552908267e+01 -1.0578e+00 -1.6221e+00
34 0 +8.788994177e-02 -4.706211006e+01 -4.706211006e+01 -9.7629e-02 -2.9912e-01
245 0 +1.896303664e-02 -4.713103696e+01 -4.713103696e+01 -2.9613e-01 -7.4421e-01
443 0 +1.710343798e-02 -4.713289656e+01 -4.713289656e+01 -4.5479e-01 -1.0381e+00
446 0 +1.638217187e-02 -4.713361783e+01 -4.713361783e+01 -4.4989e-01 -1.0300e+00
457 0 +1.615726201e-02 -4.713384274e+01 -4.713384274e+01 -4.4850e-01 -1.0277e+00
461 0 +1.029401379e-02 -4.713970599e+01 -4.713970599e+01 -4.3160e-01 -9.9184e-01
467 0 +7.601352814e-03 -4.714239865e+01 -4.714239865e+01 -4.0870e-01 -9.5497e-01
% f evaluations | g evaluations | best noise-free fitness - Fopt (3.752000000000e+01) + sum g_i+ | measured fitness | best measured fitness or single-digit g-values | x1 | x2...
1 0 +4.585432332e+02 +4.960632332e+02 +4.960632332e+02 +5.9671e-01 -3.8264e-02
3 0 +1.077452552e+01 +4.829452552e+01 +4.829452552e+01 -1.3415e-01 -1.3414e-01
5 0 +1.055173868e+01 +4.807173868e+01 +4.807173868e+01 -3.6947e-01 +6.4256e-01
7 0 +7.240762791e+00 +4.476076279e+01 +4.476076279e+01 +3.4196e-01 -1.8133e+00
17 0 +5.956620440e+00 +4.347662044e+01 +4.347662044e+01 +3.8821e-01 -1.8793e+00
41 0 +3.751286451e+00 +4.127128645e+01 +4.127128645e+01 +1.3452e+00 -2.7920e+00
45 0 +1.055342924e+00 +3.857534292e+01 +3.857534292e+01 +1.6437e+00 -3.0038e+00
59 0 +4.653464106e-01 +3.798534641e+01 +3.798534641e+01 +1.8996e+00 -2.7672e+00
73 0 +4.031418155e-01 +3.792314182e+01 +3.792314182e+01 +1.8786e+00 -2.8353e+00
307 0 +3.838794874e-01 +3.790387949e+01 +3.790387949e+01 +1.8896e+00 -2.8248e+00
311 0 +3.141344372e-01 +3.783413444e+01 +3.783413444e+01 +1.9536e+00 -2.7705e+00
312 0 +2.907964518e-01 +3.781079645e+01 +3.781079645e+01 +1.9508e+00 -2.7562e+00
321 0 +2.097232474e-01 +3.772972325e+01 +3.772972325e+01 +2.0328e+00 -2.6772e+00
332 0 +1.672183081e-01 +3.768721831e+01 +3.768721831e+01 +2.2793e+00 -2.3812e+00
346 0 +1.649081165e-01 +3.768490812e+01 +3.768490812e+01 +2.0850e+00 -2.6122e+00
349 0 +1.371216108e-01 +3.765712161e+01 +3.765712161e+01 +2.1533e+00 -2.5139e+00
358 0 +7.728623057e-02 +3.759728623e+01 +3.759728623e+01 +2.2221e+00 -2.4257e+00
367 0 +6.669723901e-02 +3.758669724e+01 +3.758669724e+01 +2.2448e+00 -2.3914e+00
368 0 +5.480768468e-02 +3.757480768e+01 +3.757480768e+01 +2.2695e+00 -2.3694e+00
429 0 +4.997622999e-02 +3.756997623e+01 +3.756997623e+01 +2.2679e+00 -2.3666e+00
439 0 +3.466040605e-02 +3.755466041e+01 +3.755466041e+01 +2.3362e+00 -2.2637e+00
441 0 +3.056947831e-04 +3.752030569e+01 +3.752030569e+01 +2.4759e+00 -1.9982e+00
% f evaluations | g evaluations | best noise-free fitness - Fopt (6.740000000000e+00) + sum g_i+ | measured fitness | best measured fitness or single-digit g-values | x1 | x2...
1 0 +7.516823728e+01 +8.190823728e+01 +8.190823728e+01 +5.9671e-01 -3.8264e-02
2 0 +4.160186708e+01 +4.834186708e+01 +4.834186708e+01 +7.4769e-01 +1.6230e+00
5 0 +1.062320043e+01 +1.736320043e+01 +1.736320043e+01 -3.6947e-01 +6.4256e-01
13 0 +5.291630895e+00 +1.203163089e+01 +1.203163089e+01 +4.5961e-01 +9.4671e-01
20 0 +7.610994125e-01 +7.501099412e+00 +7.501099412e+00 +9.8710e-01 +1.2294e+00
73 0 +6.189750774e-01 +7.358975077e+00 +7.358975077e+00 +8.4069e-01 +1.0245e+00
74 0 +1.638877118e-01 +6.903887712e+00 +6.903887712e+00 +8.9813e-01 +1.1465e+00
87 0 +1.549149818e-01 +6.894914982e+00 +6.894914982e+00 +9.5825e-01 +1.2349e+00
95 0 +1.019635806e-01 +6.841963581e+00 +6.841963581e+00 +8.4992e-01 +1.1124e+00
102 0 +8.081301127e-02 +6.820813011e+00 +6.820813011e+00 +9.1936e-01 +1.2222e+00
119 0 +3.568667992e-02 +6.775686680e+00 +6.775686680e+00 +9.8418e-01 +1.3147e+00
226 0 +3.487717210e-02 +6.774877172e+00 +6.774877172e+00 +9.8139e-01 +1.3034e+00
230 0 +3.056438236e-02 +6.770564382e+00 +6.770564382e+00 +9.9586e-01 +1.3256e+00
433 0 +2.928262434e-02 +6.769282624e+00 +6.769282624e+00 +9.9847e-01 +1.3306e+00
439 0 +2.918451802e-02 +6.769184518e+00 +6.769184518e+00 +9.9689e-01 +1.3293e+00
444 0 +2.827060789e-02 +6.768270608e+00 +6.768270608e+00 +9.9942e-01 +1.3365e+00
448 0 +2.812308538e-02 +6.768123085e+00 +6.768123085e+00 +1.0005e+00 +1.3390e+00
491 0 +2.569703393e-02 +6.765697034e+00 +6.765697034e+00 +1.0112e+00 +1.3511e+00
492 0 +2.557529721e-02 +6.765575297e+00 +6.765575297e+00 +1.0098e+00 +1.3496e+00
499 0 +2.476294255e-02 +6.764762943e+00 +6.764762943e+00 +1.0097e+00 +1.3519e+00
% f evaluations | g evaluations | best noise-free fitness - Fopt (-1.897900000000e+02) + sum g_i+ | measured fitness | best measured fitness or single-digit g-values | x1 | x2...
1 0 +4.625729222e+03 +4.435939222e+03 +4.435939222e+03 +5.9671e-01 -3.8264e-02
2 0 +3.444127161e+03 +3.254337161e+03 +3.254337161e+03 +7.4769e-01 +1.6230e+00
3 0 +1.612799443e+03 +1.423009443e+03 +1.423009443e+03 -1.3415e-01 -1.3414e-01
5 0 +6.446812567e+02 +4.548912567e+02 +4.548912567e+02 -3.6947e-01 +6.4256e-01
8 0 +3.178195938e+02 +1.280295938e+02 +1.280295938e+02 -1.6249e+00 -4.6229e-01
9 0 +2.477268134e+02 +5.793681344e+01 +5.793681344e+01 -9.1283e-01 +4.1425e-01
13 0 +1.198880161e+02 -6.990198393e+01 -6.990198393e+01 -1.1255e+00 +5.8759e-01
14 0 +4.100298474e+00 -1.856897015e+02 -1.856897015e+02 -1.4573e+00 +1.1953e+00
31 0 +3.800690278e+00 -1.859893097e+02 -1.859893097e+02 -9.4630e-01 +1.7400e+00
39 0 +1.113282045e+00 -1.886767180e+02 -1.886767180e+02 -1.4986e+00 +1.2898e+00
87 0 +4.636179651e-02 -1.897436382e+02 -1.897436382e+02 -8.5398e-01 +2.0706e+00
242 0 +2.090534162e-02 -1.897690947e+02 -1.897690947e+02 -7.1973e-01 +2.3588e+00
253 0 +4.213624663e-04 -1.897895786e+02 -1.897895786e+02 -7.4353e-01 +2.2946e+00
315 0 +2.445684658e-04 -1.897897554e+02 -1.897897554e+02 -7.2925e-01 +2.3240e+00
% f evaluations | g evaluations | best noise-free fitness - Fopt (-2.774000000000e+01) + sum g_i+ | measured fitness | best measured fitness or single-digit g-values | x1 | x2...
1 0 +6.186159519e+02 +5.908759519e+02 +5.908759519e+02 +5.9671e-01 -3.8264e-02
4 0 +5.221820327e+00 -2.251817967e+01 -2.251817967e+01 +1.6792e+00 +8.6743e-01
21 0 +3.712005721e-01 -2.736879943e+01 -2.736879943e+01 +1.2407e+00 -9.3140e-01
491 0 +3.592352217e-01 -2.738076478e+01 -2.738076478e+01 +9.6807e-01 -1.7476e+00
493 0 +2.507469428e-01 -2.748925306e+01 -2.748925306e+01 +9.9906e-01 -1.6515e+00
494 0 +1.328911512e-01 -2.760710885e+01 -2.760710885e+01 +1.0216e+00 -1.5613e+00
% f evaluations | g evaluations | best noise-free fitness - Fopt (6.930000000000e+00) + sum g_i+ | measured fitness | best measured fitness or single-digit g-values | x1 | x2...
1 0 +2.205298107e+03 +2.212228107e+03 +2.212228107e+03 +5.9671e-01 -3.8264e-02
2 0 +1.348214911e+03 +1.355144911e+03 +1.355144911e+03 +7.4769e-01 +1.6230e+00
3 0 +5.547584323e+02 +5.616884323e+02 +5.616884323e+02 -1.3415e-01 -1.3414e-01
5 0 +1.043678421e+02 +1.112978421e+02 +1.112978421e+02 -3.6947e-01 +6.4256e-01
9 0 +1.522171380e+01 +2.215171380e+01 +2.215171380e+01 -9.1283e-01 +4.1425e-01
13 0 +2.481464504e+00 +9.411464504e+00 +9.411464504e+00 -8.4056e-01 +7.2994e-01
26 0 +9.909997806e-01 +7.920999781e+00 +7.920999781e+00 -1.1252e+00 +5.5306e-01
27 0 +4.293501435e-01 +7.359350144e+00 +7.359350144e+00 -2.8015e-01 +1.7988e+00
73 0 +1.517057011e-01 +7.081705701e+00 +7.081705701e+00 -7.4861e-01 +1.0230e+00
281 0 +1.476725229e-01 +7.077672523e+00 +7.077672523e+00 -8.0705e-01 +9.1350e-01
291 0 +1.208153575e-01 +7.050815357e+00 +7.050815357e+00 -7.8068e-01 +9.6058e-01
301 0 +1.046449989e-01 +7.034644999e+00 +7.034644999e+00 -7.4655e-01 +1.0115e+00
310 0 +9.123952005e-02 +7.021239520e+00 +7.021239520e+00 -7.3078e-01 +1.0186e+00
313 0 +6.140656386e-02 +6.991406564e+00 +6.991406564e+00 -6.8273e-01 +1.0941e+00
321 0 +5.800117811e-02 +6.988001178e+00 +6.988001178e+00 -6.6152e-01 +1.1189e+00
332 0 +4.282959634e-02 +6.972829596e+00 +6.972829596e+00 -6.2752e-01 +1.1884e+00
357 0 +3.831426442e-02 +6.968314264e+00 +6.968314264e+00 -6.1752e-01 +1.1900e+00
361 0 +3.205351472e-02 +6.962053515e+00 +6.962053515e+00 -6.0657e-01 +1.2100e+00
373 0 +2.791071273e-02 +6.957910713e+00 +6.957910713e+00 -5.6937e-01 +1.2880e+00
% f evaluations | g evaluations | best noise-free fitness - Fopt (-4.456000000000e+01) + sum g_i+ | measured fitness | best measured fitness or single-digit g-values | x1 | x2...
1 0 +3.917266246e+02 +3.471666246e+02 +3.471666246e+02 +5.9671e-01 -3.8264e-02
4 0 +1.970690753e+00 -4.258930925e+01 -4.258930925e+01 +1.6792e+00 +8.6743e-01
12 0 +7.346509426e-01 -4.382534906e+01 -4.382534906e+01 +1.4798e+00 +2.9219e-01
21 0 +4.455373686e-01 -4.411446263e+01 -4.411446263e+01 +1.1333e+00 -7.7283e-01
64 0 +1.754527921e-01 -4.438454721e+01 -4.438454721e+01 +7.8022e-01 -1.7172e+00
96 0 +8.188839176e-02 -4.447811161e+01 -4.447811161e+01 +5.0618e-01 -2.1752e+00
110 0 +4.686159926e-02 -4.451313840e+01 -4.451313840e+01 +5.5193e-01 -2.0836e+00
133 0 +4.449775576e-02 -4.451550224e+01 -4.451550224e+01 +9.5066e-01 -1.3057e+00
138 0 +2.554552320e-02 -4.453445448e+01 -4.453445448e+01 +6.3402e-01 -1.9431e+00
142 0 +2.056796292e-03 -4.455794320e+01 -4.455794320e+01 +7.2919e-01 -1.7737e+00
198 0 +1.551267493e-03 -4.455844873e+01 -4.455844873e+01 +7.9561e-01 -1.6442e+00
200 0 +8.292641094e-04 -4.455917074e+01 -4.455917074e+01 +7.7731e-01 -1.6833e+00
207 0 +3.300970546e-04 -4.455966990e+01 -4.455966990e+01 +7.7444e-01 -1.6869e+00
292 0 +2.061963989e-04 -4.455979380e+01 -4.455979380e+01 +7.5097e-01 -1.7331e+00
301 0 +1.137666673e-04 -4.455988623e+01 -4.455988623e+01 +7.6538e-01 -1.7049e+00
303 0 +1.381944352e-05 -4.455998618e+01 -4.455998618e+01 +7.5545e-01 -1.7258e+00
353 0 +8.539498090e-06 -4.455999146e+01 -4.455999146e+01 +7.5927e-01 -1.7177e+00
439 0 +4.070688853e-06 -4.455999593e+01 -4.455999593e+01 +7.5846e-01 -1.7194e+00
449 0 +2.212549589e-06 -4.455999779e+01 -4.455999779e+01 +7.5629e-01 -1.7237e+00
450 0 +5.971371380e-07 -4.455999940e+01 -4.455999940e+01 +7.5734e-01 -1.7218e+00
459 0 +4.766682409e-07 -4.455999952e+01 -4.455999952e+01 +7.5726e-01 -1.7219e+00
478 0 +3.990229089e-07 -4.455999960e+01 -4.455999960e+01 +7.5694e-01 -1.7226e+00
