% f evaluations | g evaluations | best noise-free fitness - Fopt (-6.211100000000e+02) + sum g_i+ | measured fitness | best measured fitness or single-digit g-values | x1 | x2...
1 0 +7.457005122e+07 +7.456943011e+07 +7.456943011e+07 +5.9671e-01 -3.8264e-02 +7.4769e-01 +1.6230e+00 -1.3415e-01 -1.3414e-01 +1.6792e+00 +8.6743e-01 -3.6947e-01 +6.4256e-01
3 0 +6.478858654e+07 +6.478796543e+07 +6.478796543e+07 +1.5656e+00 -1.2578e-01 +1.6753e-01 -1.3247e+00 -4.4438e-01 +2.1092e-01 -1.0510e+00 +4.7570e-01 -5.0064e-01 -1.9169e-01
4 0 +2.549752750e+07 +2.549690639e+07 +2.549690639e+07 -5.0171e-01 +1.9523e+00 +8.6503e-02 -9.5771e-01 +9.2254e-01 -1.1208e+00 +3.0886e-01 -1.8597e+00 -1.2282e+00 +2.9686e-01
51 0 +9.033700792e+06 +9.033079682e+06 +9.033079682e+06 -1.4523e+00 +4.0865e+00 -7.4564e-01 -1.2148e+00 +1.7632e+00 -1.5785e+00 +1.4071e+00 -2.0461e+00 +6.7781e-01 -7.2921e-01
110 0 +8.762128665e+06 +8.761507555e+06 +8.761507555e+06 +7.8772e-01 +4.6366e+00 +1.0584e+00 -2.7554e+00 +8.7590e-01 -1.5565e+00 +9.1994e-01 -7.7186e-01 +2.6634e+00 +3.6804e-01
301 0 +5.259322952e+06 +5.258701842e+06 +5.258701842e+06 +5.9262e-01 +3.5928e+00 +3.8053e-01 -3.1317e+00 -3.4568e-01 -1.0426e+00 +1.7126e+00 -1.2787e+00 +1.1441e+00 -1.3331e+00
351 0 +3.447930588e+06 +3.447309478e+06 +3.447309478e+06 -5.3733e-01 +3.4202e+00 +2.8072e-01 -3.2418e+00 +1.1144e+00 -2.5210e+00 +1.4844e+00 -1.0120e+00 +1.0476e+00 -1.2174e+00
406 0 +2.716066137e+06 +2.715445027e+06 +2.715445027e+06 -1.3996e+00 +4.5615e+00 -6.1293e-02 -4.7248e+00 -8.4273e-01 -2.5881e+00 +1.2878e+00 -5.4458e-01 +9.2023e-01 +8.6724e-01
501 0 +2.379505277e+06 +2.378884167e+06 +2.378884167e+06 +1.1881e-01 +4.6310e+00 -2.1630e-01 -3.4289e+00 +4.0081e-01 -1.8867e+00 +1.3857e+00 -4.8508e-01 +1.8972e+00 -9.4276e-01
551 0 +6.065124749e+05 +6.058913649e+05 +6.058913649e+05 -9.4775e-01 +4.0141e+00 -7.7856e-01 -3.1132e+00 +8.7633e-01 -1.5380e+00 +5.2034e-01 -7.1982e-01 +2.1897e+00 -6.2846e-01
603 0 +5.260174677e+05 +5.253963577e+05 +5.253963577e+05 -1.4786e+00 +4.4261e+00 -5.2726e-01 -3.7679e+00 +7.4658e-01 -1.4341e+00 +1.1690e+00 -9.3056e-01 +1.7207e+00 -6.9932e-01
654 0 +4.666052310e+05 +4.659841210e+05 +4.659841210e+05 -1.1400e+00 +4.1704e+00 -1.6273e-01 -3.6203e+00 -2.5527e-01 -1.7408e+00 +1.7385e+00 -9.0115e-01 +1.3990e+00 -7.1697e-01
701 0 +3.577219591e+05 +3.571008491e+05 +3.571008491e+05 -1.1190e+00 +4.0735e+00 +1.1162e-01 -3.4000e+00 -3.0734e-02 -1.7301e+00 +1.5037e+00 -1.0244e+00 +1.3717e+00 -7.4122e-02
751 0 +2.184510927e+05 +2.178299827e+05 +2.178299827e+05 -9.5120e-01 +4.0111e+00 -6.6263e-02 -3.4904e+00 +7.2543e-02 -1.9923e+00 +9.4479e-01 -9.9101e-01 +1.4140e+00 -2.1891e-01
851 0 +1.331307394e+05 +1.325096294e+05 +1.325096294e+05 -9.9006e-01 +4.0593e+00 -7.8133e-02 -3.8283e+00 -6.4559e-01 -2.2015e+00 +1.2267e+00 -7.0684e-01 +1.0357e+00 -2.3493e-01
901 0 +7.891962118e+04 +7.829851118e+04 +7.829851118e+04 -8.6155e-01 +4.1291e+00 +1.3217e-01 -3.8416e+00 -2.1189e-01 -2.1031e+00 +1.2944e+00 -9.3422e-01 +1.2478e+00 -3.1577e-01
951 0 +7.626790615e+04 +7.564679615e+04 +7.564679615e+04 -1.0763e+00 +3.9311e+00 -2.0801e-01 -3.5764e+00 -7.0377e-02 -1.8927e+00 +1.3733e+00 -6.3950e-01 +1.1155e+00 -3.3779e-01
952 0 +7.113480596e+04 +7.051369596e+04 +7.051369596e+04 -1.0119e+00 +3.8810e+00 -1.6787e-01 -3.7665e+00 -1.3697e-01 -1.9635e+00 +1.4192e+00 -8.8088e-01 +1.0774e+00 -2.8237e-01
1001 0 +5.994735077e+04 +5.932624077e+04 +5.932624077e+04 -9.2699e-01 +3.9042e+00 +7.1394e-02 -3.6227e+00 -4.7643e-01 -2.1576e+00 +1.4931e+00 -7.0812e-01 +1.1964e+00 -4.0814e-01
1052 0 +4.652273755e+04 +4.590162755e+04 +4.590162755e+04 -8.9642e-01 +4.0308e+00 -1.8668e-02 -3.8942e+00 -3.0036e-01 -1.9223e+00 +1.3096e+00 -6.8968e-01 +1.2246e+00 -3.2648e-01
1101 0 +3.589531222e+04 +3.527420222e+04 +3.527420222e+04 -1.0573e+00 +4.0217e+00 +1.4064e-01 -3.7019e+00 -2.2216e-01 -2.0132e+00 +1.3872e+00 -7.7848e-01 +1.1485e+00 -3.9190e-01
1102 0 +3.201780971e+04 +3.139669971e+04 +3.139669971e+04 -9.4386e-01 +3.9611e+00 +1.7049e-01 -3.7338e+00 -4.1914e-01 -2.1441e+00 +1.4813e+00 -8.6582e-01 +1.0874e+00 -3.2432e-01
1152 0 +3.115816917e+04 +3.053705917e+04 +3.053705917e+04 -9.7025e-01 +4.0628e+00 +2.0146e-01 -3.7678e+00 -3.5829e-01 -1.9452e+00 +1.3224e+00 -7.6629e-01 +1.2220e+00 -3.1915e-01
1251 0 +1.307460751e+04 +1.245349751e+04 +1.245349751e+04 -9.4221e-01 +3.8839e+00 +9.7575e-02 -3.8033e+00 -3.7728e-01 -2.0729e+00 +1.4029e+00 -7.6995e-01 +1.2204e+00 -3.0873e-01
1351 0 +1.065157031e+04 +1.003046031e+04 +1.003046031e+04 -9.3110e-01 +4.0186e+00 +1.9249e-01 -3.7281e+00 -3.8502e-01 -2.0927e+00 +1.3627e+00 -7.4589e-01 +1.1686e+00 -2.6680e-01
1401 0 +5.152890921e+03 +4.531780921e+03 +4.531780921e+03 -9.3866e-01 +4.0068e+00 -1.4752e-02 -3.7400e+00 -2.6167e-01 -2.0176e+00 +1.2886e+00 -7.2685e-01 +1.2574e+00 -3.4507e-01
1436 0 +4.196407110e+03 +3.575297110e+03 +3.575297110e+03 -1.0232e+00 +4.0418e+00 -1.1350e-01 -3.6248e+00 -7.2395e-02 -1.9436e+00 +1.2730e+00 -7.4488e-01 +1.3343e+00 -3.5361e-01
1451 0 +2.933218644e+03 +2.312108644e+03 +2.312108644e+03 -9.3778e-01 +3.9773e+00 +1.1613e-01 -3.7487e+00 -3.5490e-01 -2.0392e+00 +1.4028e+00 -7.4122e-01 +1.1887e+00 -3.0212e-01
1582 0 +2.286631306e+03 +1.665521306e+03 +1.665521306e+03 -9.7654e-01 +3.9965e+00 -1.1420e-02 -3.6741e+00 -2.1445e-01 -2.0421e+00 +1.3315e+00 -7.3548e-01 +1.2600e+00 -3.3368e-01
1601 0 +1.744302463e+03 +1.123192463e+03 +1.123192463e+03 -9.4256e-01 +4.0011e+00 +3.1569e-02 -3.7204e+00 -2.3968e-01 -2.0064e+00 +1.3265e+00 -7.7973e-01 +1.2227e+00 -3.4053e-01
1602 0 +1.083447632e+03 +4.623376323e+02 +4.623376323e+02 -9.6974e-01 +4.0004e+00 -1.7305e-02 -3.7220e+00 -2.1883e-01 -2.0338e+00 +1.3358e+00 -7.4657e-01 +1.2609e+00 -3.2475e-01
1651 0 +4.022867957e+02 -2.188232043e+02 -2.188232043e+02 -9.4299e-01 +3.9941e+00 +3.8298e-02 -3.7464e+00 -2.9450e-01 -2.0489e+00 +1.3361e+00 -7.5586e-01 +1.2025e+00 -3.3051e-01
1855 0 +2.705152889e+02 -3.505947111e+02 -3.505947111e+02 -9.2171e-01 +3.9809e+00 +9.5249e-02 -3.7589e+00 -3.6946e-01 -2.0529e+00 +1.3588e+00 -7.3973e-01 +1.1917e+00 -3.1851e-01
1903 0 +2.431921350e+02 -3.779178650e+02 -3.779178650e+02 -9.3599e-01 +3.9919e+00 +7.6113e-02 -3.7512e+00 -3.3188e-01 -2.0632e+00 +1.3637e+00 -7.4269e-01 +1.1936e+00 -3.2382e-01
1977 0 +2.412881771e+02 -3.798218229e+02 -3.798218229e+02 -9.2129e-01 +3.9959e+00 +7.3296e-02 -3.7565e+00 -3.4698e-01 -2.0565e+00 +1.3596e+00 -7.4078e-01 +1.1951e+00 -3.2015e-01
1986 0 +1.755252632e+02 -4.455847368e+02 -4.455847368e+02 -9.3603e-01 +3.9931e+00 +6.5557e-02 -3.7453e+00 -3.0893e-01 -2.0365e+00 +1.3541e+00 -7.4888e-01 +1.2016e+00 -3.3123e-01
2001 0 +1.261265223e+02 -4.949834777e+02 -4.949834777e+02 -9.3193e-01 +3.9919e+00 +6.8104e-02 -3.7549e+00 -3.3286e-01 -2.0516e+00 +1.3469e+00 -7.4132e-01 +1.1981e+00 -3.2794e-01
2002 0 +1.249089649e+02 -4.962010351e+02 -4.962010351e+02 -9.1947e-01 +3.9906e+00 +1.0455e-01 -3.7726e+00 -3.7242e-01 -2.0707e+00 +1.3596e+00 -7.4208e-01 +1.1764e+00 -3.1420e-01
2087 0 +5.801486058e+01 -5.630951394e+02 -5.630951394e+02 -9.3691e-01 +3.9986e+00 +7.3061e-02 -3.7501e+00 -3.3169e-01 -2.0510e+00 +1.3479e+00 -7.3974e-01 +1.1977e+00 -3.2444e-01
2195 0 +4.271890202e+01 -5.783910980e+02 -5.783910980e+02 -9.3251e-01 +3.9948e+00 +8.2409e-02 -3.7591e+00 -3.3413e-01 -2.0499e+00 +1.3497e+00 -7.4583e-01 +1.1975e+00 -3.2346e-01
2263 0 +3.981021598e+01 -5.812997840e+02 -5.812997840e+02 -9.4056e-01 +3.9938e+00 +6.0959e-02 -3.7474e+00 -3.1262e-01 -2.0428e+00 +1.3429e+00 -7.4552e-01 +1.2022e+00 -3.2451e-01
2301 0 +7.114952779e+00 -6.139950472e+02 -6.139950472e+02 -9.3989e-01 +3.9958e+00 +5.9089e-02 -3.7439e+00 -3.0751e-01 -2.0435e+00 +1.3470e+00 -7.4582e-01 +1.2052e+00 -3.2640e-01
2401 0 +6.530045269e+00 -6.145799547e+02 -6.145799547e+02 -9.3751e-01 +3.9952e+00 +6.6219e-02 -3.7487e+00 -3.1745e-01 -2.0458e+00 +1.3493e+00 -7.4561e-01 +1.1999e+00 -3.2617e-01
2402 0 +5.914741110e+00 -6.151952589e+02 -6.151952589e+02 -9.4588e-01 +3.9968e+00 +5.1084e-02 -3.7412e+00 -2.9693e-01 -2.0401e+00 +1.3450e+00 -7.4621e-01 +1.2119e+00 -3.2916e-01
% f evaluations | g evaluations | best noise-free fitness - Fopt (-2.548200000000e+02) + sum g_i+ | measured fitness | best measured fitness or single-digit g-values | x1 | x2...
1 0 +1.280983798e+08 +1.280981250e+08 +1.280981250e+08 +5.9671e-01 -3.8264e-02 +7.4769e-01 +1.6230e+00 -1.3415e-01 -1.3414e-01 +1.6792e+00 +8.6743e-01 -3.6947e-01 +6.4256e-01
3 0 +1.048446844e+08 +1.048444295e+08 +1.048444295e+08 +1.5656e+00 -1.2578e-01 +1.6753e-01 -1.3247e+00 -4.4438e-01 +2.1092e-01 -1.0510e+00 +4.7570e-01 -5.0064e-01 -1.9169e-01
17 0 +1.013525569e+08 +1.013523021e+08 +1.013523021e+08 -8.7468e-01 +8.8708e-01 +1.2586e+00 -7.2068e-01 +1.0634e+00 +5.1278e-01 +9.2206e-01 +1.9968e+00 -1.4539e-01 -6.5374e-01
21 0 +5.270304575e+07 +5.270279093e+07 +5.270279093e+07 +4.5779e-01 +6.6078e-01 +1.1831e+00 +1.1538e+00 -1.2777e+00 -8.3783e-01 +6.1504e-01 +6.1379e-01 +6.1505e-01 +3.9527e+00
51 0 +3.805073596e+07 +3.805048114e+07 +3.805048114e+07 +2.3575e+00 +1.1978e+00 -1.3471e+00 -4.6969e-01 +9.0344e-01 +1.4123e+00 +8.4588e-01 +1.5617e+00 +1.4065e+00 +9.1615e-01
54 0 +2.634356588e+07 +2.634331106e+07 +2.634331106e+07 +1.4294e+00 +2.5023e+00 -8.2789e-01 +1.8388e-01 +5.7203e-01 +1.3236e+00 -4.9011e-01 +2.4565e+00 +1.2598e+00 +9.5569e-01
68 0 +2.431956758e+07 +2.431931276e+07 +2.431931276e+07 +1.8762e+00 +2.2525e+00 +2.2484e-02 -4.9266e-01 -1.4797e+00 -2.8588e+00 +4.8493e-01 +1.9609e+00 +8.5889e-01 +9.0423e-01
107 0 +9.372320871e+06 +9.372066051e+06 +9.372066051e+06 +4.1835e+00 +2.9516e+00 +1.1996e+00 -1.3431e+00 -3.7890e-01 -1.3055e+00 -4.8268e-01 +3.4633e+00 +1.4563e+00 +3.6519e+00
232 0 +5.717489991e+06 +5.717235171e+06 +5.717235171e+06 +2.1450e+00 +4.1505e+00 -5.1028e-02 -1.9896e+00 -3.3915e+00 -1.3894e+00 -1.2239e+00 +2.2242e+00 +1.9493e-01 +3.6061e+00
301 0 +5.500791962e+06 +5.500537142e+06 +5.500537142e+06 +3.3641e+00 +3.2298e+00 +1.7330e+00 -1.0597e-01 -1.6139e+00 -9.1299e-01 -1.1973e+00 +2.3436e+00 +4.8450e-01 +2.0187e+00
410 0 +4.304434153e+06 +4.304179333e+06 +4.304179333e+06 +3.4727e+00 +4.1459e+00 +1.8964e+00 -6.1305e-02 -2.5225e+00 -1.3790e+00 -1.7460e+00 +2.1853e+00 +1.3533e+00 +3.5635e+00
452 0 +2.452066010e+06 +2.451811190e+06 +2.451811190e+06 +3.7987e+00 +3.8556e+00 -1.1438e-01 -1.4305e-01 -1.7766e+00 -1.4937e+00 -1.6671e+00 +1.7124e+00 +1.0171e+00 +2.2693e+00
552 0 +1.126635595e+06 +1.126380775e+06 +1.126380775e+06 +4.1867e+00 +3.6158e+00 -1.2131e-01 -5.8113e-01 -2.7671e+00 -1.6890e+00 -1.8303e+00 +2.4569e+00 +6.8922e-01 +2.7834e+00
553 0 +1.075236611e+06 +1.074981791e+06 +1.074981791e+06 +2.2360e+00 +4.5079e+00 +5.8335e-01 -4.4257e-01 -2.4413e+00 -9.5815e-01 -7.5633e-01 +2.9564e+00 +1.3262e+00 +2.8834e+00
601 0 +9.842144334e+05 +9.839596134e+05 +9.839596134e+05 +3.6748e+00 +3.4158e+00 +2.2506e-02 -8.3381e-01 -2.1178e+00 -6.3538e-01 -5.6770e-01 +2.5261e+00 +1.0358e+00 +3.2843e+00
651 0 +7.764710061e+05 +7.762161861e+05 +7.762161861e+05 +2.7479e+00 +3.6891e+00 +4.2297e-01 -6.4134e-01 -2.1714e+00 -9.7500e-01 -1.1148e+00 +3.2158e+00 +9.4798e-01 +3.0920e+00
701 0 +7.308128964e+05 +7.305580764e+05 +7.305580764e+05 +3.5519e+00 +4.1081e+00 -2.3810e-01 -1.0181e+00 -2.3416e+00 -1.5454e+00 -8.7726e-01 +3.2183e+00 +1.1712e+00 +3.1275e+00
702 0 +5.900336465e+05 +5.897788265e+05 +5.897788265e+05 +3.3025e+00 +4.0464e+00 -8.4144e-03 -5.5646e-01 -2.1785e+00 -1.9094e+00 -1.2318e+00 +3.1269e+00 +7.8850e-01 +2.7708e+00
751 0 +3.866556223e+05 +3.864008023e+05 +3.864008023e+05 +3.3588e+00 +3.5596e+00 +1.7002e-01 -7.6055e-01 -2.5723e+00 -6.9683e-01 -1.2934e+00 +2.4723e+00 +9.4942e-01 +3.2927e+00
775 0 +3.680430985e+05 +3.677882785e+05 +3.677882785e+05 +2.4844e+00 +4.5549e+00 +1.6288e-01 -7.2032e-02 -2.1095e+00 -1.8578e+00 -1.6057e+00 +2.6812e+00 +1.2411e+00 +2.8580e+00
801 0 +1.308605563e+05 +1.306057363e+05 +1.306057363e+05 +4.2859e+00 +3.5399e+00 -1.7491e-01 -1.1034e+00 -2.7367e+00 -9.3845e-01 -1.5334e+00 +2.5881e+00 +8.2353e-01 +3.1226e+00
951 0 +9.214779760e+04 +9.189297760e+04 +9.189297760e+04 +3.6315e+00 +4.0321e+00 +6.7335e-02 -9.4106e-01 -2.4797e+00 -1.1023e+00 -1.3223e+00 +2.6827e+00 +8.2119e-01 +2.9930e+00
1001 0 +7.771657469e+04 +7.746175469e+04 +7.746175469e+04 +3.6247e+00 +4.0948e+00 +6.2975e-02 -6.3189e-01 -2.4489e+00 -1.2341e+00 -1.4006e+00 +2.6499e+00 +1.0008e+00 +3.0302e+00
1051 0 +4.817305678e+04 +4.791823678e+04 +4.791823678e+04 +3.7354e+00 +3.8246e+00 -1.4816e-01 -7.3678e-01 -2.5272e+00 -1.1161e+00 -1.2226e+00 +2.6964e+00 +1.0603e+00 +2.9668e+00
1102 0 +4.741846421e+04 +4.716364421e+04 +4.716364421e+04 +3.6927e+00 +3.8069e+00 -5.1051e-02 -9.2455e-01 -2.4620e+00 -1.0905e+00 -1.2002e+00 +2.5221e+00 +1.1761e+00 +3.1858e+00
1151 0 +3.756180426e+04 +3.730698426e+04 +3.730698426e+04 +3.5818e+00 +3.7426e+00 -5.1735e-03 -8.4766e-01 -2.4967e+00 -1.1004e+00 -1.1837e+00 +2.6748e+00 +1.0056e+00 +2.9303e+00
1201 0 +1.477223940e+04 +1.451741940e+04 +1.451741940e+04 +3.2981e+00 +3.9757e+00 +5.4565e-02 -5.7417e-01 -2.3837e+00 -1.3031e+00 -1.3191e+00 +2.6680e+00 +1.1133e+00 +2.9636e+00
1344 0 +1.465142386e+04 +1.439660386e+04 +1.439660386e+04 +3.4526e+00 +3.9966e+00 +3.1386e-02 -5.7812e-01 -2.4178e+00 -1.1232e+00 -1.2790e+00 +2.6472e+00 +1.0244e+00 +2.9726e+00
1358 0 +1.216206370e+04 +1.190724370e+04 +1.190724370e+04 +3.4716e+00 +3.9702e+00 -6.1313e-03 -7.2322e-01 -2.5038e+00 -1.0776e+00 -1.2714e+00 +2.6182e+00 +9.9562e-01 +3.0158e+00
1401 0 +3.346583042e+03 +3.091763042e+03 +3.091763042e+03 +3.4440e+00 +3.9492e+00 +1.0408e-02 -6.8060e-01 -2.3930e+00 -1.1392e+00 -1.2881e+00 +2.6320e+00 +1.0331e+00 +3.0564e+00
1402 0 +3.294107416e+03 +3.039287416e+03 +3.039287416e+03 +3.5596e+00 +3.8577e+00 -2.5931e-02 -7.3772e-01 -2.4091e+00 -1.1400e+00 -1.2969e+00 +2.6134e+00 +1.0142e+00 +3.0555e+00
1501 0 +2.769999423e+03 +2.515179423e+03 +2.515179423e+03 +3.5183e+00 +3.9249e+00 +2.6700e-02 -6.9959e-01 -2.4150e+00 -1.1589e+00 -1.2913e+00 +2.6660e+00 +1.0110e+00 +3.0385e+00
1507 0 +2.755264684e+03 +2.500444684e+03 +2.500444684e+03 +3.6206e+00 +3.8458e+00 -4.0319e-02 -8.4258e-01 -2.4647e+00 -1.0363e+00 -1.3221e+00 +2.6024e+00 +9.9536e-01 +3.0774e+00
1601 0 +1.377610786e+03 +1.122790786e+03 +1.122790786e+03 +3.5636e+00 +3.8657e+00 -3.5370e-02 -8.0031e-01 -2.4455e+00 -1.1415e+00 -1.3005e+00 +2.6193e+00 +1.0098e+00 +3.0696e+00
1697 0 +1.132337927e+03 +8.775179268e+02 +8.775179268e+02 +3.5809e+00 +3.8368e+00 -6.6053e-02 -8.2112e-01 -2.4433e+00 -1.0850e+00 -1.2919e+00 +2.6321e+00 +1.0001e+00 +3.0464e+00
1701 0 +1.084062421e+03 +8.292424209e+02 +8.292424209e+02 +3.5012e+00 +3.9042e+00 -4.1538e-02 -7.4230e-01 -2.4185e+00 -1.1252e+00 -1.3071e+00 +2.6357e+00 +1.0013e+00 +3.0378e+00
1703 0 +9.773552943e+02 +7.225352943e+02 +7.225352943e+02 +3.5450e+00 +3.8844e+00 -2.7631e-02 -7.8763e-01 -2.4617e+00 -1.1032e+00 -1.2962e+00 +2.6128e+00 +1.0019e+00 +3.0424e+00
1726 0 +6.079385741e+02 +3.531185741e+02 +3.531185741e+02 +3.6194e+00 +3.8407e+00 -5.7717e-02 -8.4191e-01 -2.4333e+00 -1.0732e+00 -1.3168e+00 +2.6003e+00 +1.0145e+00 +3.0663e+00
1751 0 +5.121421011e+02 +2.573221011e+02 +2.573221011e+02 +3.4938e+00 +3.9202e+00 -1.3118e-02 -7.4256e-01 -2.4358e+00 -1.1293e+00 -1.3064e+00 +2.6505e+00 +1.0075e+00 +3.0305e+00
1752 0 +3.686768697e+02 +1.138568697e+02 +1.138568697e+02 +3.5005e+00 +3.8996e+00 -1.1201e-02 -7.4143e-01 -2.4369e+00 -1.1429e+00 -1.2779e+00 +2.6519e+00 +1.0197e+00 +3.0397e+00
1829 0 +2.823136175e+02 +2.749361750e+01 +2.749361750e+01 +3.5449e+00 +3.8905e+00 -2.4238e-02 -7.7705e-01 -2.4349e+00 -1.1060e+00 -1.2850e+00 +2.6451e+00 +1.0044e+00 +3.0394e+00
1901 0 +1.346869697e+02 -1.201330303e+02 -1.201330303e+02 +3.5010e+00 +3.9088e+00 -1.9969e-02 -7.4458e-01 -2.4354e+00 -1.1365e+00 -1.2900e+00 +2.6463e+00 +1.0153e+00 +3.0313e+00
1902 0 +1.092126762e+02 -1.456073238e+02 -1.456073238e+02 +3.5502e+00 +3.8790e+00 -3.6926e-02 -7.8289e-01 -2.4410e+00 -1.1090e+00 -1.2948e+00 +2.6222e+00 +1.0091e+00 +3.0411e+00
2001 0 +5.819886010e+01 -1.966211399e+02 -1.966211399e+02 +3.5313e+00 +3.8908e+00 -1.8757e-02 -7.6495e-01 -2.4318e+00 -1.1239e+00 -1.2963e+00 +2.6419e+00 +1.0100e+00 +3.0426e+00
2005 0 +4.072806065e+01 -2.140919394e+02 -2.140919394e+02 +3.4993e+00 +3.9148e+00 -1.1878e-02 -7.3854e-01 -2.4214e+00 -1.1413e+00 -1.2962e+00 +2.6487e+00 +1.0143e+00 +3.0340e+00
2104 0 +2.976471579e+01 -2.250552842e+02 -2.250552842e+02 +3.5237e+00 +3.8928e+00 -2.0365e-02 -7.5796e-01 -2.4329e+00 -1.1275e+00 -1.2900e+00 +2.6426e+00 +1.0101e+00 +3.0365e+00
2201 0 +1.542719020e+01 -2.393928098e+02 -2.393928098e+02 +3.5101e+00 +3.9038e+00 -1.3431e-02 -7.4951e-01 -2.4284e+00 -1.1347e+00 -1.2930e+00 +2.6442e+00 +1.0141e+00 +3.0339e+00
2301 0 +7.813901419e+00 -2.470060986e+02 -2.470060986e+02 +3.5222e+00 +3.8972e+00 -1.9125e-02 -7.5885e-01 -2.4321e+00 -1.1262e+00 -1.2948e+00 +2.6414e+00 +1.0135e+00 +3.0385e+00
2401 0 +7.785852905e+00 -2.470341471e+02 -2.470341471e+02 +3.5124e+00 +3.9029e+00 -1.6890e-02 -7.4828e-01 -2.4306e+00 -1.1323e+00 -1.2926e+00 +2.6455e+00 +1.0148e+00 +3.0358e+00
2452 0 +3.668925611e+00 -2.511510744e+02 -2.511510744e+02 +3.5328e+00 +3.8909e+00 -2.4970e-02 -7.6701e-01 -2.4352e+00 -1.1213e+00 -1.2944e+00 +2.6384e+00 +1.0131e+00 +3.0392e+00
% f evaluations | g evaluations | best noise-free fitness - Fopt (5.661000000000e+01) + sum g_i+ | measured fitness | best measured fitness or single-digit g-values | x1 | x2...
1 0 +1.659942632e+08 +1.659943198e+08 +1.659943198e+08 +5.9671e-01 -3.8264e-02 +7.4769e-01 +1.6230e+00 -1.3415e-01 -1.3414e-01 +1.6792e+00 +8.6743e-01 -3.6947e-01 +6.4256e-01
6 0 +1.174264525e+08 +1.174265091e+08 +1.174265091e+08 +4.2408e-01 -2.8508e-01 -5.7692e-01 +7.1168e-01 +1.1310e+00 +1.0313e+00 -7.3922e-01 -2.0921e-01 +4.3126e-01 +1.0755e+00
12 0 +9.846818893e+07 +9.846824554e+07 +9.846824554e+07 -1.8188e+00 +7.3486e-02 +1.6023e-01 +2.5632e+00 -9.2361e-02 +4.0155e-01 +6.5288e-02 -1.0687e+00 +1.2428e+00 +8.5193e-01
18 0 +9.056003324e+07 +9.056008985e+07 +9.056008985e+07 -7.8951e-01 -7.1581e-01 +2.2898e-02 +4.4115e-01 +3.7669e-01 +9.2718e-01 +1.1300e-01 +1.5535e+00 -1.6466e-01 +2.8202e+00
27 0 +6.761160305e+07 +6.761165966e+07 +6.761165966e+07 -8.2693e-01 +4.0475e-02 -3.1413e+00 -9.2439e-01 -1.5257e-01 -1.1478e+00 +1.7324e+00 -1.3301e+00 -3.4004e-01 +2.3074e-01
44 0 +5.854768940e+07 +5.854774601e+07 +5.854774601e+07 -1.0833e+00 -1.9392e+00 -1.6941e-01 +8.1754e-01 +1.6024e+00 +1.7409e-01 +1.7286e+00 -1.2801e+00 -1.6034e+00 +4.4452e-02
52 0 +5.701136050e+07 +5.701141711e+07 +5.701141711e+07 -1.3700e+00 -1.5190e+00 -2.6483e+00 +1.1036e+00 +2.1724e+00 -3.4426e-01 -9.1010e-01 -2.5479e+00 -3.6604e-01 +9.3185e-01
56 0 +4.902307959e+07 +4.902313620e+07 +4.902313620e+07 -1.5811e+00 -2.3285e+00 -3.5310e+00 +1.5632e+00 +1.2005e+00 -1.2846e+00 -1.0866e+00 -2.9231e+00 +9.7335e-01 +4.4692e-01
60 0 +4.209911941e+07 +4.209917602e+07 +4.209917602e+07 -2.1805e+00 -3.9436e+00 -2.1335e+00 +2.2767e+00 +2.0241e-01 -2.3082e+00 +3.0416e+00 +1.6262e-03 -5.2441e-01 -4.6576e-01
63 0 +4.093280770e+07 +4.093286431e+07 +4.093286431e+07 -2.2232e+00 -2.6956e+00 -3.2510e+00 +2.6201e+00 -9.3929e-01 -1.8257e-01 +8.4159e-01 -1.7073e+00 +2.9924e+00 +8.1676e-01
64 0 +2.853063772e+07 +2.853069433e+07 +2.853069433e+07 -2.9495e+00 -2.6975e+00 -8.5085e-01 +3.4237e-01 -8.6396e-01 -4.5887e-01 +2.2578e+00 -1.8807e+00 +1.6558e+00 +4.6228e-01
102 0 +2.525863261e+07 +2.525868922e+07 +2.525868922e+07 -4.7181e+00 -3.3188e+00 -4.5085e+00 +4.6269e+00 -3.7737e-01 -3.2398e+00 +3.7782e+00 -1.4900e+00 -1.7884e+00 +3.4178e+00
202 0 +2.380645866e+07 +2.380651527e+07 +2.380651527e+07 -4.4582e+00 -3.0751e+00 -4.4107e+00 +1.0262e+00 -5.3699e-01 -1.4308e+00 +5.4139e-01 -3.1938e-01 -2.0433e+00 +3.3112e+00
225 0 +2.054233072e+07 +2.054238733e+07 +2.054238733e+07 -3.0146e+00 -1.7648e+00 -1.8732e+00 -8.5782e-01 -9.7752e-01 -5.4782e-01 +2.3896e+00 -4.1654e+00 -5.1802e-01 -1.0229e-01
236 0 +1.396660889e+07 +1.396666550e+07 +1.396666550e+07 -2.7289e+00 -3.5825e+00 -2.6267e+00 +1.1711e+00 -2.6823e+00 -1.4308e+00 +4.7560e+00 -3.1739e+00 -3.0235e+00 +1.6066e+00
313 0 +8.811407931e+06 +8.811464541e+06 +8.811464541e+06 -3.2682e+00 -2.5279e+00 -2.5641e+00 +2.3785e+00 -2.7182e+00 -1.7301e+00 +1.6973e+00 -2.1267e+00 -1.1535e+00 +1.3792e+00
367 0 +5.932427559e+06 +5.932484169e+06 +5.932484169e+06 -4.1102e+00 -1.4264e+00 -3.0982e+00 -5.8245e-01 -2.8135e+00 -3.0018e+00 +1.8498e+00 -4.3317e+00 -1.7260e+00 +1.1781e+00
404 0 +5.007847507e+06 +5.007904117e+06 +5.007904117e+06 -4.3145e+00 -1.6035e+00 -3.6762e+00 +2.0360e+00 -1.1052e+00 -3.0858e+00 +3.3429e+00 -2.3511e+00 -2.6925e+00 +5.6504e-01
451 0 +3.022831130e+06 +3.022887740e+06 +3.022887740e+06 -3.2011e+00 -3.2462e+00 -4.6320e+00 +2.1739e+00 -2.4422e+00 -3.3502e+00 +2.3688e+00 -2.5385e+00 -2.6413e+00 +1.1494e+00
501 0 +2.823463317e+06 +2.823519927e+06 +2.823519927e+06 -3.6295e+00 -2.5088e+00 -4.1784e+00 +1.2523e+00 -2.6918e+00 -2.3442e+00 +4.1975e+00 -3.7437e+00 -8.2198e-01 +2.6285e+00
506 0 +2.630206226e+06 +2.630262836e+06 +2.630262836e+06 -3.5611e+00 -2.1459e+00 -3.8445e+00 +5.8000e-01 -2.7214e+00 -1.4185e+00 +3.0369e+00 -2.6797e+00 -2.9019e+00 +6.8313e-01
601 0 +7.154027393e+05 +7.154593493e+05 +7.154593493e+05 -4.2377e+00 -2.0679e+00 -3.5924e+00 +1.1767e+00 -2.7191e+00 -2.8507e+00 +2.8040e+00 -3.0788e+00 -2.0655e+00 +1.3987e+00
701 0 +5.578889925e+05 +5.579456025e+05 +5.579456025e+05 -4.0226e+00 -2.7768e+00 -4.0602e+00 +1.1674e+00 -2.6578e+00 -2.4272e+00 +3.4154e+00 -2.9422e+00 -2.0515e+00 +2.0637e+00
751 0 +2.661036226e+05 +2.661602326e+05 +2.661602326e+05 -3.8717e+00 -2.7003e+00 -4.1311e+00 +6.9868e-01 -2.6935e+00 -2.6133e+00 +2.8615e+00 -3.1441e+00 -1.7311e+00 +1.6074e+00
860 0 +2.403409528e+05 +2.403975628e+05 +2.403975628e+05 -3.7035e+00 -2.1546e+00 -3.8348e+00 +4.5698e-01 -2.9101e+00 -2.4547e+00 +3.1144e+00 -3.7908e+00 -1.0335e+00 +2.3702e+00
902 0 +1.820948228e+05 +1.821514328e+05 +1.821514328e+05 -3.7983e+00 -2.4915e+00 -3.7893e+00 +8.6286e-01 -3.0243e+00 -2.6755e+00 +3.1042e+00 -3.2656e+00 -1.1820e+00 +1.9011e+00
951 0 +9.562328004e+04 +9.567989004e+04 +9.567989004e+04 -3.7289e+00 -2.2861e+00 -3.9197e+00 +7.4804e-01 -2.6941e+00 -2.5350e+00 +3.2504e+00 -3.0306e+00 -2.1153e+00 +1.5045e+00
1003 0 +9.152875782e+04 +9.158536782e+04 +9.158536782e+04 -3.7363e+00 -2.2787e+00 -3.6220e+00 +7.3388e-01 -3.0468e+00 -2.4548e+00 +3.0051e+00 -3.0806e+00 -1.3652e+00 +1.8898e+00
1007 0 +7.548796187e+04 +7.554457187e+04 +7.554457187e+04 -3.8866e+00 -2.2788e+00 -4.1553e+00 +9.3547e-01 -2.6879e+00 -2.7378e+00 +3.2005e+00 -3.0606e+00 -2.0758e+00 +1.4943e+00
1051 0 +4.625479337e+04 +4.631140337e+04 +4.631140337e+04 -3.9972e+00 -2.2547e+00 -3.7440e+00 +6.3967e-01 -2.9561e+00 -2.4852e+00 +3.1334e+00 -3.2332e+00 -1.5787e+00 +1.7620e+00
1101 0 +1.978278495e+04 +1.983939495e+04 +1.983939495e+04 -3.7684e+00 -2.4042e+00 -3.8497e+00 +6.7832e-01 -2.9014e+00 -2.4850e+00 +3.0635e+00 -3.2116e+00 -1.4789e+00 +1.7791e+00
1215 0 +1.924337003e+04 +1.929998003e+04 +1.929998003e+04 -3.8402e+00 -2.4053e+00 -4.0035e+00 +8.4286e-01 -2.8633e+00 -2.4537e+00 +3.1840e+00 -3.0352e+00 -1.7541e+00 +1.6537e+00
1251 0 +7.801355768e+03 +7.857965768e+03 +7.857965768e+03 -3.8883e+00 -2.3737e+00 -3.9217e+00 +7.3303e-01 -2.8737e+00 -2.4747e+00 +3.0931e+00 -3.1914e+00 -1.6722e+00 +1.7710e+00
1376 0 +5.863838495e+03 +5.920448495e+03 +5.920448495e+03 -3.8344e+00 -2.3214e+00 -3.8916e+00 +8.2721e-01 -2.8714e+00 -2.5597e+00 +3.1130e+00 -3.1152e+00 -1.7324e+00 +1.7238e+00
1395 0 +4.512169084e+03 +4.568779084e+03 +4.568779084e+03 -3.8341e+00 -2.3903e+00 -3.9644e+00 +8.3356e-01 -2.9020e+00 -2.5259e+00 +3.1407e+00 -3.0294e+00 -1.8823e+00 +1.6509e+00
1401 0 +2.924959101e+03 +2.981569101e+03 +2.981569101e+03 -3.8446e+00 -2.4119e+00 -3.9502e+00 +8.2086e-01 -2.8312e+00 -2.5426e+00 +3.1384e+00 -3.0983e+00 -1.8643e+00 +1.6311e+00
1501 0 +1.436621753e+03 +1.493231753e+03 +1.493231753e+03 -3.8322e+00 -2.3813e+00 -3.9500e+00 +8.1412e-01 -2.8657e+00 -2.5113e+00 +3.1495e+00 -3.0910e+00 -1.8103e+00 +1.6813e+00
1551 0 +6.127828985e+02 +6.693928985e+02 +6.693928985e+02 -3.8334e+00 -2.3957e+00 -3.9556e+00 +8.5432e-01 -2.8578e+00 -2.5498e+00 +3.1614e+00 -3.0440e+00 -1.8980e+00 +1.6206e+00
1751 0 +5.365063697e+02 +5.931163697e+02 +5.931163697e+02 -3.8657e+00 -2.3611e+00 -3.9210e+00 +8.1477e-01 -2.8688e+00 -2.5283e+00 +3.1394e+00 -3.0938e+00 -1.8013e+00 +1.6624e+00
1777 0 +4.874106972e+02 +5.440206972e+02 +5.440206972e+02 -3.8445e+00 -2.3509e+00 -3.9159e+00 +7.7466e-01 -2.8770e+00 -2.5283e+00 +3.1166e+00 -3.1109e+00 -1.7317e+00 +1.6900e+00
1821 0 +3.028240730e+02 +3.594340730e+02 +3.594340730e+02 -3.8624e+00 -2.3635e+00 -3.9332e+00 +8.1634e-01 -2.8597e+00 -2.5321e+00 +3.1351e+00 -3.1042e+00 -1.7998e+00 +1.6655e+00
1899 0 +1.154780491e+02 +1.720880491e+02 +1.720880491e+02 -3.8455e+00 -2.3611e+00 -3.9411e+00 +8.1302e-01 -2.8601e+00 -2.5391e+00 +3.1355e+00 -3.0920e+00 -1.7982e+00 +1.6699e+00
2010 0 +8.944821767e+01 +1.460582177e+02 +1.460582177e+02 -3.8556e+00 -2.3795e+00 -3.9498e+00 +8.2587e-01 -2.8495e+00 -2.5427e+00 +3.1469e+00 -3.0739e+00 -1.8417e+00 +1.6559e+00
2129 0 +4.751284256e+01 +1.041228426e+02 +1.041228426e+02 -3.8497e+00 -2.3565e+00 -3.9322e+00 +8.0055e-01 -2.8667e+00 -2.5256e+00 +3.1327e+00 -3.0981e+00 -1.7764e+00 +1.6806e+00
2201 0 +3.097851098e+01 +8.758851098e+01 +8.758851098e+01 -3.8533e+00 -2.3662e+00 -3.9380e+00 +8.1141e-01 -2.8604e+00 -2.5362e+00 +3.1405e+00 -3.0879e+00 -1.8085e+00 +1.6691e+00
2223 0 +2.622811394e+01 +8.283811394e+01 +8.283811394e+01 -3.8544e+00 -2.3754e+00 -3.9414e+00 +8.2231e-01 -2.8582e+00 -2.5372e+00 +3.1410e+00 -3.0757e+00 -1.8309e+00 +1.6591e+00
2401 0 +2.488223920e+01 +8.149223920e+01 +8.149223920e+01 -3.8535e+00 -2.3666e+00 -3.9338e+00 +8.1246e-01 -2.8663e+00 -2.5332e+00 +3.1354e+00 -3.0964e+00 -1.7949e+00 +1.6730e+00
2402 0 +1.982787448e+01 +7.643787448e+01 +7.643787448e+01 -3.8517e+00 -2.3718e+00 -3.9400e+00 +8.1816e-01 -2.8616e+00 -2.5326e+00 +3.1378e+00 -3.0856e+00 -1.8135e+00 +1.6626e+00
2408 0 +1.809573189e+01 +7.470573189e+01 +7.470573189e+01 -3.8529e+00 -2.3677e+00 -3.9405e+00 +8.1657e-01 -2.8597e+00 -2.5338e+00 +3.1392e+00 -3.0857e+00 -1.8144e+00 +1.6679e+00
2485 0 +1.710451997e+01 +7.371451997e+01 +7.371451997e+01 -3.8521e+00 -2.3699e+00 -3.9392e+00 +8.2071e-01 -2.8607e+00 -2.5381e+00 +3.1385e+00 -3.0824e+00 -1.8189e+00 +1.6612e+00
2488 0 +1.074980417e+01 +6.735980417e+01 +6.735980417e+01 -3.8515e+00 -2.3636e+00 -3.9372e+00 +8.0694e-01 -2.8637e+00 -2.5326e+00 +3.1348e+00 -3.0959e+00 -1.7940e+00 +1.6740e+00
% f evaluations | g evaluations | best noise-free fitness - Fopt (-1.810000000000e+01) + sum g_i+ | measured fitness | best measured fitness or single-digit g-values | x1 | x2...
1 0 +4.284287200e+07 +4.284285390e+07 +4.284285390e+07 +5.9671e-01 -3.8264e-02 +7.4769e-01 +1.6230e+00 -1.3415e-01 -1.3414e-01 +1.6792e+00 +8.6743e-01 -3.6947e-01 +6.4256e-01
12 0 +3.137919858e+07 +3.137918048e+07 +3.137918048e+07 -1.8188e+00 +7.3486e-02 +1.6023e-01 +2.5632e+00 -9.2361e-02 +4.0155e-01 +6.5288e-02 -1.0687e+00 +1.2428e+00 +8.5193e-01
51 0 +2.886623105e+07 +2.886621295e+07 +2.886621295e+07 -3.4855e-01 +5.5934e-01 +7.9500e-01 +4.5265e-01 +1.4666e+00 +1.4462e+00 +2.0561e+00 +3.8088e-01 +1.1051e+00 +3.1897e-01
54 0 +2.702378637e+07 +2.702376827e+07 +2.702376827e+07 -1.7509e+00 -9.2404e-01 +2.5748e+00 +2.0759e+00 +1.0909e+00 +1.4213e+00 -1.3799e-01 -4.8141e-01 +3.4076e-02 +4.2677e-01
57 0 +2.500233501e+07 +2.500231691e+07 +2.500231691e+07 -1.7917e+00 +1.2893e+00 +2.2818e+00 +2.2952e+00 +7.5487e-01 +5.7298e-01 -6.4880e-01 -5.6864e-01 +2.1450e+00 +8.0145e-01
65 0 +1.574902087e+07 +1.574900277e+07 +1.574900277e+07 -1.9845e+00 -7.3801e-01 +4.9941e-01 +3.7404e+00 +2.1073e+00 -3.8993e-01 +2.6717e+00 -8.3888e-02 +4.1940e-01 +3.1795e+00
79 0 +1.045362551e+07 +1.045360741e+07 +1.045360741e+07 -1.2776e+00 +1.0288e+00 +3.3600e-01 +2.5675e+00 +1.9622e+00 +2.1437e+00 +1.1876e+00 -1.5925e+00 +1.4477e+00 +2.2973e+00
201 0 +9.690418374e+06 +9.690400274e+06 +9.690400274e+06 -7.1142e-01 +1.0200e+00 +1.7279e+00 +4.6392e+00 +3.1853e+00 +1.3695e+00 +3.1506e+00 -1.1784e+00 +2.9354e+00 +3.0588e+00
202 0 +7.736268205e+06 +7.736250105e+06 +7.736250105e+06 -5.4202e-01 +5.4317e-01 +2.4135e+00 +3.8749e+00 +1.2638e+00 +9.9789e-01 +4.5879e+00 -8.7821e-01 +1.6818e+00 +4.7654e+00
252 0 +6.939479970e+06 +6.939461870e+06 +6.939461870e+06 -5.4463e-01 +9.7453e-01 +3.7150e+00 +4.4073e+00 +1.9701e+00 +2.3556e+00 +3.2717e+00 -2.9535e+00 +1.9683e+00 +3.0285e+00
302 0 +5.691430872e+06 +5.691412772e+06 +5.691412772e+06 -2.8205e-01 +7.5300e-01 +2.7972e+00 +4.1490e+00 +1.9631e+00 +8.2820e-03 +1.5341e+00 -1.0028e+00 +2.7858e+00 +3.2423e+00
303 0 +3.127128603e+06 +3.127110503e+06 +3.127110503e+06 -3.3499e-01 +5.6195e-01 +4.4819e+00 +3.4902e+00 +3.2931e+00 -1.3499e+00 +1.5532e+00 -2.0212e+00 +1.0437e+00 +1.1332e+00
409 0 +1.713424773e+06 +1.713406673e+06 +1.713406673e+06 -1.6470e+00 +1.0384e+00 +1.9887e+00 +2.7681e+00 +9.1818e-01 +2.5538e+00 +3.2937e+00 -1.7382e+00 +1.5143e+00 +3.8540e+00
501 0 +1.092168539e+06 +1.092150439e+06 +1.092150439e+06 -5.3072e-01 +7.7814e-01 +2.2798e+00 +2.7616e+00 +2.2166e+00 +1.1261e+00 +2.6588e+00 -2.1953e+00 +1.1658e+00 +3.0728e+00
602 0 +1.078137322e+06 +1.078119222e+06 +1.078119222e+06 -1.0791e+00 +3.9842e-01 +3.2362e+00 +3.0341e+00 +2.3708e+00 +3.0979e-02 +2.4013e+00 -2.3639e+00 +1.5416e+00 +2.5466e+00
605 0 +1.059031657e+06 +1.059013557e+06 +1.059013557e+06 -1.5929e-01 +8.4416e-01 +3.1184e+00 +4.2232e+00 +2.9919e+00 -1.0237e-01 +2.4921e+00 -2.9200e+00 +1.1246e+00 +2.5587e+00
651 0 +5.118596481e+05 +5.118415481e+05 +5.118415481e+05 -1.8890e-01 +1.0238e+00 +2.9785e+00 +3.6417e+00 +1.8822e+00 +6.3153e-01 +2.0377e+00 -2.4993e+00 +1.8239e+00 +3.1159e+00
751 0 +1.720249404e+05 +1.720068404e+05 +1.720068404e+05 -8.3567e-01 +7.3203e-01 +3.0676e+00 +3.4338e+00 +1.9447e+00 +4.9859e-01 +2.2996e+00 -2.4904e+00 +1.1168e+00 +2.7946e+00
851 0 +1.591010519e+05 +1.590829519e+05 +1.590829519e+05 -5.3155e-01 +5.7175e-01 +2.9690e+00 +3.1958e+00 +2.1297e+00 +4.3324e-01 +2.3240e+00 -2.5029e+00 +1.1242e+00 +2.8294e+00
901 0 +1.245685700e+05 +1.245504700e+05 +1.245504700e+05 -7.5549e-01 +8.6048e-01 +3.1131e+00 +3.6806e+00 +2.0237e+00 +3.2990e-01 +2.1559e+00 -2.5111e+00 +1.2348e+00 +3.0146e+00
951 0 +8.183256841e+04 +8.181446841e+04 +8.181446841e+04 -8.1388e-01 +7.8491e-01 +2.6835e+00 +3.4772e+00 +1.6935e+00 +8.4053e-01 +2.3010e+00 -2.5729e+00 +1.3143e+00 +3.3339e+00
952 0 +8.060725807e+04 +8.058915807e+04 +8.058915807e+04 -5.4064e-01 +7.6676e-01 +2.9030e+00 +3.6818e+00 +2.0449e+00 +4.7397e-01 +2.3160e+00 -2.5115e+00 +1.1773e+00 +3.0368e+00
953 0 +4.911041561e+04 +4.909231561e+04 +4.909231561e+04 -9.7916e-01 +7.6106e-01 +2.4726e+00 +3.2254e+00 +1.6301e+00 +6.9557e-01 +2.4574e+00 -2.4627e+00 +1.4031e+00 +3.1781e+00
1002 0 +3.320581561e+04 +3.318771561e+04 +3.318771561e+04 -6.4147e-01 +8.6160e-01 +2.7384e+00 +3.4467e+00 +1.9811e+00 +4.5313e-01 +2.2488e+00 -2.4538e+00 +1.2814e+00 +3.0675e+00
1051 0 +3.237269427e+04 +3.235459427e+04 +3.235459427e+04 -8.1235e-01 +7.7532e-01 +2.6956e+00 +3.4108e+00 +1.6859e+00 +6.5344e-01 +2.3653e+00 -2.3024e+00 +1.4182e+00 +3.1757e+00
1052 0 +2.910787221e+04 +2.908977221e+04 +2.908977221e+04 -7.7038e-01 +6.3657e-01 +2.7984e+00 +3.3038e+00 +1.7621e+00 +6.9335e-01 +2.3172e+00 -2.4196e+00 +1.3794e+00 +3.2440e+00
1101 0 +1.670622300e+04 +1.668812300e+04 +1.668812300e+04 -6.9543e-01 +7.6321e-01 +2.7447e+00 +3.3730e+00 +1.7913e+00 +5.9679e-01 +2.2971e+00 -2.4396e+00 +1.2985e+00 +3.2002e+00
1151 0 +9.675763849e+03 +9.657663849e+03 +9.657663849e+03 -6.4964e-01 +7.4440e-01 +2.8864e+00 +3.3969e+00 +1.9500e+00 +4.8677e-01 +2.2971e+00 -2.4900e+00 +1.2932e+00 +3.0591e+00
1225 0 +8.984723315e+03 +8.966623315e+03 +8.966623315e+03 -7.4439e-01 +7.0172e-01 +2.8283e+00 +3.3573e+00 +1.9186e+00 +6.0154e-01 +2.3758e+00 -2.4495e+00 +1.4090e+00 +3.1278e+00
1248 0 +7.237789095e+03 +7.219689095e+03 +7.219689095e+03 -7.6324e-01 +7.9055e-01 +2.7636e+00 +3.3907e+00 +1.8380e+00 +6.3891e-01 +2.3108e+00 -2.4758e+00 +1.3931e+00 +3.1888e+00
1288 0 +6.253420014e+03 +6.235320014e+03 +6.235320014e+03 -6.8174e-01 +7.0977e-01 +2.7637e+00 +3.3921e+00 +1.9295e+00 +6.4392e-01 +2.3361e+00 -2.4841e+00 +1.3603e+00 +3.1490e+00
1301 0 +4.531937192e+03 +4.513837192e+03 +4.513837192e+03 -6.6522e-01 +7.8253e-01 +2.8057e+00 +3.4319e+00 +1.9515e+00 +5.2089e-01 +2.2767e+00 -2.4638e+00 +1.3574e+00 +3.0801e+00
1307 0 +4.531588541e+03 +4.513488541e+03 +4.513488541e+03 -6.6828e-01 +7.1219e-01 +2.8058e+00 +3.4531e+00 +1.9830e+00 +5.7110e-01 +2.3289e+00 -2.4628e+00 +1.3674e+00 +3.0787e+00
1316 0 +4.130456177e+03 +4.112356177e+03 +4.112356177e+03 -6.7667e-01 +6.9244e-01 +2.8589e+00 +3.4184e+00 +2.0436e+00 +4.5925e-01 +2.2726e+00 -2.4761e+00 +1.3042e+00 +3.0767e+00
1321 0 +3.446654086e+03 +3.428554086e+03 +3.428554086e+03 -6.2229e-01 +7.2534e-01 +2.8610e+00 +3.4357e+00 +2.0250e+00 +4.7718e-01 +2.2913e+00 -2.4652e+00 +1.3110e+00 +3.0677e+00
1351 0 +2.726423353e+03 +2.708323353e+03 +2.708323353e+03 -7.0887e-01 +7.2823e-01 +2.8093e+00 +3.3769e+00 +1.9627e+00 +5.2119e-01 +2.3138e+00 -2.4808e+00 +1.3356e+00 +3.0918e+00
1402 0 +2.203411312e+03 +2.185311312e+03 +2.185311312e+03 -6.9258e-01 +7.3379e-01 +2.7836e+00 +3.4303e+00 +1.9171e+00 +5.4465e-01 +2.3028e+00 -2.4539e+00 +1.3636e+00 +3.1518e+00
1403 0 +1.064177630e+03 +1.046077630e+03 +1.046077630e+03 -6.7610e-01 +7.4089e-01 +2.8415e+00 +3.4448e+00 +2.0084e+00 +5.3040e-01 +2.2712e+00 -2.4820e+00 +1.3471e+00 +3.0907e+00
1503 0 +8.442249186e+02 +8.261249186e+02 +8.261249186e+02 -7.0611e-01 +7.2105e-01 +2.7807e+00 +3.3996e+00 +1.9094e+00 +5.8671e-01 +2.3303e+00 -2.4660e+00 +1.3991e+00 +3.1496e+00
1551 0 +4.845163549e+02 +4.664163549e+02 +4.664163549e+02 -7.2266e-01 +7.2500e-01 +2.7839e+00 +3.3961e+00 +1.9077e+00 +5.6846e-01 +2.3084e+00 -2.4729e+00 +1.3622e+00 +3.1348e+00
1601 0 +3.625122041e+02 +3.444122041e+02 +3.444122041e+02 -7.1115e-01 +7.2522e-01 +2.7838e+00 +3.4033e+00 +1.9423e+00 +5.7714e-01 +2.3153e+00 -2.4710e+00 +1.3742e+00 +3.1349e+00
1664 0 +1.441152399e+02 +1.260152399e+02 +1.260152399e+02 -6.8706e-01 +7.2585e-01 +2.8115e+00 +3.4160e+00 +1.9779e+00 +5.2884e-01 +2.2858e+00 -2.4661e+00 +1.3554e+00 +3.0995e+00
1828 0 +1.175555614e+02 +9.945556139e+01 +9.945556139e+01 -7.1384e-01 +7.1835e-01 +2.7856e+00 +3.4072e+00 +1.9217e+00 +5.7165e-01 +2.3118e+00 -2.4621e+00 +1.3667e+00 +3.1335e+00
1851 0 +5.513356078e+01 +3.703356078e+01 +3.703356078e+01 -6.9735e-01 +7.2016e-01 +2.8053e+00 +3.4103e+00 +1.9475e+00 +5.4693e-01 +2.3038e+00 -2.4664e+00 +1.3593e+00 +3.1146e+00
1908 0 +3.389190695e+01 +1.579190695e+01 +1.579190695e+01 -6.9321e-01 +7.2274e-01 +2.8048e+00 +3.4066e+00 +1.9530e+00 +5.4866e-01 +2.3041e+00 -2.4634e+00 +1.3567e+00 +3.1132e+00
1951 0 +1.955895655e+01 +1.458956547e+00 +1.458956547e+00 -6.9512e-01 +7.2108e-01 +2.8071e+00 +3.4107e+00 +1.9605e+00 +5.4975e-01 +2.2974e+00 -2.4637e+00 +1.3547e+00 +3.1126e+00
2051 0 +1.009827056e+01 -8.001729443e+00 -8.001729443e+00 -6.9796e-01 +7.2193e-01 +2.7999e+00 +3.4087e+00 +1.9489e+00 +5.5216e-01 +2.3028e+00 -2.4646e+00 +1.3614e+00 +3.1156e+00
2117 0 +6.245127203e+00 -1.185487280e+01 -1.185487280e+01 -6.9173e-01 +7.2331e-01 +2.8086e+00 +3.4118e+00 +1.9630e+00 +5.4640e-01 +2.2965e+00 -2.4648e+00 +1.3566e+00 +3.1086e+00
2202 0 +4.546527443e+00 -1.355347256e+01 -1.355347256e+01 -6.9223e-01 +7.2213e-01 +2.8065e+00 +3.4126e+00 +1.9594e+00 +5.4675e-01 +2.2988e+00 -2.4645e+00 +1.3565e+00 +3.1120e+00
2289 0 +4.376767337e+00 -1.372323266e+01 -1.372323266e+01 -6.8958e-01 +7.2294e-01 +2.8108e+00 +3.4133e+00 +1.9631e+00 +5.4619e-01 +2.2962e+00 -2.4638e+00 +1.3550e+00 +3.1094e+00
2302 0 +4.209850637e+00 -1.389014936e+01 -1.389014936e+01 -6.9689e-01 +7.2166e-01 +2.8013e+00 +3.4095e+00 +1.9508e+00 +5.5312e-01 +2.3015e+00 -2.4642e+00 +1.3582e+00 +3.1169e+00
2322 0 +3.907601210e+00 -1.419239879e+01 -1.419239879e+01 -6.9194e-01 +7.2287e-01 +2.8060e+00 +3.4121e+00 +1.9574e+00 +5.4783e-01 +2.2983e+00 -2.4661e+00 +1.3571e+00 +3.1132e+00
2326 0 +7.693273883e-01 -1.733067261e+01 -1.733067261e+01 -6.9215e-01 +7.2207e-01 +2.8063e+00 +3.4116e+00 +1.9579e+00 +5.4829e-01 +2.2977e+00 -2.4654e+00 +1.3570e+00 +3.1117e+00
% f evaluations | g evaluations | best noise-free fitness - Fopt (3.777000000000e+01) + sum g_i+ | measured fitness | best measured fitness or single-digit g-values | x1 | x2...
1 0 +1.253869672e+08 +1.253870049e+08 +1.253870049e+08 +5.9671e-01 -3.8264e-02 +7.4769e-01 +1.6230e+00 -1.3415e-01 -1.3414e-01 +1.6792e+00 +8.6743e-01 -3.6947e-01 +6.4256e-01
2 0 +5.715896188e+07 +5.715899965e+07 +5.715899965e+07 -3.6342e-01 -3.6573e-01 +3.4196e-01 -1.8133e+00 -1.6249e+00 -4.6229e-01 -9.1283e-01 +4.1425e-01 -8.0802e-01 -1.3123e+00
4 0 +5.272125814e+07 +5.272129591e+07 +5.272129591e+07 -5.0171e-01 +1.9523e+00 +8.6503e-02 -9.5771e-01 +9.2254e-01 -1.1208e+00 +3.0886e-01 -1.8597e+00 -1.2282e+00 +2.9686e-01
10 0 +4.739683687e+07 +4.739687464e+07 +4.739687464e+07 +1.9708e-01 +1.0686e+00 -6.0205e-01 -2.2766e-01 -2.9211e-01 -1.3635e+00 +3.9612e-01 +3.6106e-01 +1.0511e-01 -1.3459e-01
17 0 +4.532272315e+07 +4.532276092e+07 +4.532276092e+07 -8.7468e-01 +8.8708e-01 +1.2586e+00 -7.2068e-01 +1.0634e+00 +5.1278e-01 +9.2206e-01 +1.9968e+00 -1.4539e-01 -6.5374e-01
20 0 +4.165397028e+07 +4.165400805e+07 +4.165400805e+07 -3.4651e-01 +9.5640e-01 +3.1409e-01 -1.1457e+00 +2.7318e-01 +4.8532e-01 -7.8386e-01 +2.5373e-01 +1.5821e-01 -1.0430e+00
29 0 +3.037172894e+07 +3.037176671e+07 +3.037176671e+07 +2.1352e-01 +7.6213e-01 +1.6860e+00 -1.1378e+00 +2.2330e+00 -1.8521e+00 -5.1785e-02 +6.8832e-01 +3.8099e-01 -5.2270e-01
55 0 +2.273445676e+07 +2.273449453e+07 +2.273449453e+07 -1.8781e+00 +1.2116e-01 +9.3683e-01 -1.6284e+00 +2.1752e+00 -2.0296e+00 -2.4387e-01 +3.6159e+00 -3.9243e-01 -1.0995e+00
73 0 +2.034674530e+07 +2.034678307e+07 +2.034678307e+07 -1.3100e+00 -2.4503e-01 +3.0383e-01 +3.5337e-01 +1.5488e+00 -7.2506e-01 -9.4608e-01 +9.4080e-01 -5.0539e-01 -2.1125e+00
103 0 +1.399149907e+07 +1.399153684e+07 +1.399153684e+07 -1.4983e+00 +1.5592e+00 +2.5497e-01 -4.6501e-01 -4.1664e-01 -3.2805e+00 -2.9610e+00 +4.4840e+00 +6.5633e-01 -3.0159e+00
118 0 +1.320547910e+07 +1.320551687e+07 +1.320551687e+07 -2.6043e+00 +8.7527e-01 -1.1995e+00 -6.2619e-01 +3.0261e+00 -2.5056e+00 -4.1555e+00 +6.3726e-01 +3.2949e-02 -2.5073e+00
119 0 +6.812692587e+06 +6.812730357e+06 +6.812730357e+06 -4.7202e-01 +1.2423e+00 +1.8283e+00 -2.1708e-02 +1.1942e+00 -3.2798e+00 -2.7501e+00 +1.6082e+00 +4.9126e-02 -1.8364e+00
310 0 +1.992037712e+06 +1.992075482e+06 +1.992075482e+06 -2.6168e+00 +2.1521e+00 +2.7787e-01 -1.1158e+00 +1.3184e+00 -2.9548e+00 -2.9653e+00 +2.5598e+00 -1.5531e+00 -3.8270e+00
504 0 +1.894757802e+06 +1.894795572e+06 +1.894795572e+06 -2.0013e+00 +1.8690e+00 +1.9354e-01 -3.8306e-01 +1.4642e+00 -2.0791e+00 -2.7754e+00 +1.9572e+00 -1.7086e+00 -3.7732e+00
554 0 +1.695765976e+06 +1.695803746e+06 +1.695803746e+06 -2.7225e+00 +2.2570e+00 +6.5569e-01 -9.4862e-01 +3.0511e+00 -3.1874e+00 -3.5534e+00 +1.8938e+00 -1.9634e+00 -4.0572e+00
556 0 +1.634753997e+06 +1.634791767e+06 +1.634791767e+06 -1.9606e+00 +2.8642e+00 +1.7949e-01 +1.4457e-01 +2.7350e+00 -2.7275e+00 -3.2683e+00 +2.2894e+00 -1.8831e+00 -4.5484e+00
601 0 +7.349798168e+05 +7.350175868e+05 +7.350175868e+05 -1.5198e+00 +1.9292e+00 +6.1496e-01 -4.3385e-01 +2.0340e+00 -3.9163e+00 -2.9278e+00 +2.2180e+00 -1.1277e+00 -3.3393e+00
651 0 +3.863889291e+05 +3.864266991e+05 +3.864266991e+05 -1.5816e+00 +2.8071e+00 +2.5923e-01 -7.8991e-01 +2.2689e+00 -3.1884e+00 -3.0776e+00 +2.1760e+00 -1.1611e+00 -3.8453e+00
801 0 +2.332792993e+05 +2.333170693e+05 +2.333170693e+05 -1.6010e+00 +2.5010e+00 +5.6432e-01 -4.1207e-01 +1.9770e+00 -3.3699e+00 -3.0930e+00 +2.5297e+00 -8.4077e-01 -3.4174e+00
851 0 +1.715865839e+05 +1.716243539e+05 +1.716243539e+05 -1.5069e+00 +2.2107e+00 +6.0630e-01 -2.8782e-01 +2.1135e+00 -2.9989e+00 -3.1741e+00 +2.5209e+00 -1.1219e+00 -3.1780e+00
902 0 +1.557505914e+05 +1.557883614e+05 +1.557883614e+05 -1.6555e+00 +2.2237e+00 +6.4752e-02 -3.4180e-01 +2.1879e+00 -3.1666e+00 -3.1014e+00 +2.1069e+00 -1.2928e+00 -3.6955e+00
903 0 +1.500183794e+05 +1.500561494e+05 +1.500561494e+05 -1.3480e+00 +2.0737e+00 +2.0539e-01 -1.9116e-01 +1.7858e+00 -3.0391e+00 -3.0999e+00 +2.5068e+00 -9.2598e-01 -3.3591e+00
951 0 +9.064090064e+04 +9.067867064e+04 +9.067867064e+04 -1.3369e+00 +2.1752e+00 +5.3543e-01 -2.0675e-01 +1.9041e+00 -3.2198e+00 -2.9338e+00 +2.2675e+00 -1.0951e+00 -3.1209e+00
1001 0 +6.788450542e+04 +6.792227542e+04 +6.792227542e+04 -1.7253e+00 +2.2202e+00 +2.4677e-01 -5.0988e-01 +1.9743e+00 -3.2186e+00 -3.0517e+00 +2.3868e+00 -1.1328e+00 -3.5531e+00
1005 0 +5.785876351e+04 +5.789653351e+04 +5.789653351e+04 -1.5088e+00 +2.1199e+00 +4.0371e-01 -1.3177e-01 +1.9859e+00 -3.2099e+00 -3.1082e+00 +2.5612e+00 -1.0055e+00 -3.1567e+00
1051 0 +3.755887025e+04 +3.759664025e+04 +3.759664025e+04 -1.5418e+00 +2.2555e+00 +3.2041e-01 -3.2421e-01 +1.8427e+00 -3.1637e+00 -3.0300e+00 +2.2768e+00 -1.0843e+00 -3.3390e+00
1101 0 +2.295492375e+04 +2.299269375e+04 +2.299269375e+04 -1.4902e+00 +2.2496e+00 +3.7285e-01 -3.5813e-01 +1.9473e+00 -3.0388e+00 -2.9269e+00 +2.3957e+00 -1.0812e+00 -3.4614e+00
1151 0 +1.616110930e+04 +1.619887930e+04 +1.619887930e+04 -1.5256e+00 +2.1976e+00 +4.2404e-01 -2.3477e-01 +1.8635e+00 -3.1845e+00 -2.9457e+00 +2.4143e+00 -1.0467e+00 -3.3749e+00
1217 0 +1.233540024e+04 +1.237317024e+04 +1.237317024e+04 -1.3892e+00 +2.1920e+00 +4.4134e-01 -1.9058e-01 +1.8080e+00 -3.3245e+00 -2.8488e+00 +2.5664e+00 -9.4520e-01 -3.0526e+00
1228 0 +1.053079731e+04 +1.056856731e+04 +1.056856731e+04 -1.4837e+00 +2.2820e+00 +4.0961e-01 -2.7157e-01 +1.9371e+00 -3.2400e+00 -2.9266e+00 +2.3980e+00 -1.0593e+00 -3.2319e+00
1351 0 +3.369337284e+03 +3.407107284e+03 +3.407107284e+03 -1.5781e+00 +2.2684e+00 +4.0125e-01 -3.0447e-01 +1.9823e+00 -3.1430e+00 -2.9990e+00 +2.3659e+00 -1.1015e+00 -3.3593e+00
1501 0 +1.485917597e+03 +1.523687597e+03 +1.523687597e+03 -1.5315e+00 +2.2514e+00 +3.8435e-01 -3.0756e-01 +1.9304e+00 -3.1808e+00 -2.9635e+00 +2.4154e+00 -1.0780e+00 -3.3466e+00
1651 0 +9.813511653e+02 +1.019121165e+03 +1.019121165e+03 -1.5041e+00 +2.2273e+00 +4.0772e-01 -2.7848e-01 +1.9181e+00 -3.1987e+00 -2.9568e+00 +2.4615e+00 -1.0552e+00 -3.2847e+00
1652 0 +9.216199982e+02 +9.593899982e+02 +9.593899982e+02 -1.5098e+00 +2.2328e+00 +3.8384e-01 -2.9135e-01 +1.9301e+00 -3.1920e+00 -2.9786e+00 +2.4264e+00 -1.0411e+00 -3.2717e+00
1653 0 +7.368759798e+02 +7.746459798e+02 +7.746459798e+02 -1.5279e+00 +2.2175e+00 +3.7122e-01 -2.9770e-01 +1.9446e+00 -3.1653e+00 -2.9732e+00 +2.4245e+00 -1.0684e+00 -3.3100e+00
1859 0 +4.600671362e+02 +4.978371362e+02 +4.978371362e+02 -1.5269e+00 +2.2177e+00 +3.9668e-01 -2.8881e-01 +1.9604e+00 -3.1715e+00 -2.9721e+00 +2.4182e+00 -1.0614e+00 -3.3224e+00
1901 0 +4.430351770e+02 +4.808051770e+02 +4.808051770e+02 -1.5062e+00 +2.2203e+00 +3.9450e-01 -2.8612e-01 +1.9456e+00 -3.1798e+00 -2.9679e+00 +2.4260e+00 -1.0715e+00 -3.2942e+00
1902 0 +3.762181839e+02 +4.139881839e+02 +4.139881839e+02 -1.5183e+00 +2.2171e+00 +3.8611e-01 -2.8034e-01 +1.9364e+00 -3.1976e+00 -2.9678e+00 +2.4277e+00 -1.0581e+00 -3.3088e+00
1971 0 +3.724097385e+02 +4.101797385e+02 +4.101797385e+02 -1.4872e+00 +2.2267e+00 +3.8977e-01 -2.5494e-01 +1.9187e+00 -3.2103e+00 -2.9711e+00 +2.4625e+00 -1.0517e+00 -3.2654e+00
1997 0 +3.445104006e+02 +3.822804006e+02 +3.822804006e+02 -1.4865e+00 +2.2196e+00 +3.9201e-01 -2.4972e-01 +1.9179e+00 -3.2045e+00 -2.9587e+00 +2.4477e+00 -1.0363e+00 -3.2420e+00
2001 0 +1.907776912e+02 +2.285476912e+02 +2.285476912e+02 -1.4943e+00 +2.2093e+00 +3.8995e-01 -2.6477e-01 +1.9206e+00 -3.2076e+00 -2.9694e+00 +2.4488e+00 -1.0387e+00 -3.2652e+00
2021 0 +1.837924278e+02 +2.215624278e+02 +2.215624278e+02 -1.4726e+00 +2.2213e+00 +3.9628e-01 -2.3933e-01 +1.8990e+00 -3.2363e+00 -2.9651e+00 +2.4753e+00 -1.0274e+00 -3.2092e+00
2051 0 +1.076866860e+02 +1.454566860e+02 +1.454566860e+02 -1.5218e+00 +2.2280e+00 +3.8966e-01 -2.9146e-01 +1.9471e+00 -3.1785e+00 -2.9803e+00 +2.4319e+00 -1.0667e+00 -3.3093e+00
2104 0 +1.027279922e+02 +1.404979922e+02 +1.404979922e+02 -1.4983e+00 +2.2173e+00 +3.8975e-01 -2.7948e-01 +1.9317e+00 -3.1975e+00 -2.9739e+00 +2.4398e+00 -1.0511e+00 -3.2802e+00
2106 0 +8.792846690e+01 +1.256984669e+02 +1.256984669e+02 -1.4811e+00 +2.2178e+00 +3.9030e-01 -2.5436e-01 +1.9044e+00 -3.2161e+00 -2.9616e+00 +2.4651e+00 -1.0352e+00 -3.2293e+00
2108 0 +8.452616991e+01 +1.222961699e+02 +1.222961699e+02 -1.5218e+00 +2.2292e+00 +3.8841e-01 -2.9663e-01 +1.9523e+00 -3.1760e+00 -2.9840e+00 +2.4180e+00 -1.0692e+00 -3.3181e+00
2152 0 +8.389457127e+01 +1.216645713e+02 +1.216645713e+02 -1.4974e+00 +2.2235e+00 +3.9820e-01 -2.6204e-01 +1.9162e+00 -3.2057e+00 -2.9654e+00 +2.4501e+00 -1.0401e+00 -3.2595e+00
2266 0 +8.078267746e+01 +1.185526775e+02 +1.185526775e+02 -1.4960e+00 +2.2182e+00 +3.9353e-01 -2.6634e-01 +1.9163e+00 -3.1991e+00 -2.9755e+00 +2.4448e+00 -1.0461e+00 -3.2654e+00
2273 0 +9.944880976e+00 +4.771488098e+01 +4.771488098e+01 -1.4996e+00 +2.2227e+00 +3.9211e-01 -2.6733e-01 +1.9238e+00 -3.2004e+00 -2.9721e+00 +2.4437e+00 -1.0496e+00 -3.2729e+00
% f evaluations | g evaluations | best noise-free fitness - Fopt (-6.325500000000e+02) + sum g_i+ | measured fitness | best measured fitness or single-digit g-values | x1 | x2...
1 0 +4.896107132e+07 +4.896043877e+07 +4.896043877e+07 +5.9671e-01 -3.8264e-02 +7.4769e-01 +1.6230e+00 -1.3415e-01 -1.3414e-01 +1.6792e+00 +8.6743e-01 -3.6947e-01 +6.4256e-01
2 0 +4.625966434e+07 +4.625903179e+07 +4.625903179e+07 -3.6342e-01 -3.6573e-01 +3.4196e-01 -1.8133e+00 -1.6249e+00 -4.6229e-01 -9.1283e-01 +4.1425e-01 -8.0802e-01 -1.3123e+00
3 0 +2.790854354e+07 +2.790791099e+07 +2.790791099e+07 +1.5656e+00 -1.2578e-01 +1.6753e-01 -1.3247e+00 -4.4438e-01 +2.1092e-01 -1.0510e+00 +4.7570e-01 -5.0064e-01 -1.9169e-01
22 0 +1.797590115e+07 +1.797526860e+07 +1.797526860e+07 +6.7089e-01 +1.2356e+00 +1.0540e+00 +7.5139e-01 -2.1527e-01 +8.5897e-01 -6.7283e-01 -1.3682e-01 -3.8536e-01 +1.8187e-01
51 0 +1.123071740e+07 +1.123008485e+07 +1.123008485e+07 -7.1354e-01 +1.0251e+00 +1.0670e+00 +1.3597e+00 -2.0070e+00 +2.8227e+00 -2.4463e+00 -2.6373e-01 +9.3723e-01 -1.5331e-01
52 0 +8.678589272e+06 +8.677956722e+06 +8.677956722e+06 -2.9940e-01 -2.2337e-01 +1.3533e+00 +1.0550e+00 -1.5349e+00 +1.9875e+00 -8.0370e-01 +4.8516e-01 -7.3645e-02 +1.2873e-01
55 0 +7.860058414e+06 +7.859425864e+06 +7.859425864e+06 +1.9537e+00 +4.7443e-01 +1.3663e+00 +1.6168e+00 -5.1745e-01 +2.7262e+00 -1.0586e+00 +5.3368e-01 -9.1093e-02 +5.1160e-01
157 0 +6.225205337e+06 +6.224572787e+06 +6.224572787e+06 +1.7937e-01 +7.4120e-01 +3.4050e+00 +3.3121e+00 -3.0718e+00 +4.9890e+00 -1.4846e+00 +6.0967e-01 -7.6744e-01 -1.9220e-01
251 0 +3.761076437e+06 +3.760443887e+06 +3.760443887e+06 +6.2541e-01 +4.9355e-01 +3.0880e+00 +8.5660e-01 -4.0974e-01 +2.9979e+00 -8.3232e-01 +1.9386e+00 -3.6812e-01 +2.3418e-01
304 0 +3.232298181e+06 +3.231665631e+06 +3.231665631e+06 -4.7588e-01 -5.2389e-01 +3.3133e+00 +2.0106e+00 -2.3149e+00 +3.6066e+00 -1.6856e+00 +2.8144e+00 -6.8981e-01 +8.1333e-01
401 0 +1.600217466e+06 +1.599584916e+06 +1.599584916e+06 +3.2749e-01 +5.0914e-01 +2.7451e+00 +1.8663e+00 -9.7809e-01 +3.4902e+00 -1.3497e+00 +2.6378e+00 +5.2537e-01 -9.0984e-01
501 0 +1.340934836e+06 +1.340302286e+06 +1.340302286e+06 -3.1246e-01 -4.3396e-01 +2.5086e+00 +1.7885e+00 -1.8111e+00 +3.5701e+00 -1.4908e+00 +1.6573e+00 -3.7331e-01 +2.3375e-01
514 0 +1.122970375e+06 +1.122337825e+06 +1.122337825e+06 +9.6857e-01 +8.2814e-01 +3.0195e+00 +8.3528e-01 -6.4308e-01 +2.7321e+00 -2.0795e+00 +2.1964e+00 +1.3831e-02 -4.5615e-01
551 0 +9.865114819e+05 +9.858789319e+05 +9.858789319e+05 +3.9102e-01 +4.5257e-01 +1.9172e+00 +1.5040e+00 -9.5999e-01 +3.0638e+00 -1.9152e+00 +1.2737e+00 -4.3921e-02 -4.2139e-01
601 0 +3.964620372e+05 +3.958294872e+05 +3.958294872e+05 +5.9709e-01 +1.6604e-01 +2.2806e+00 +1.6770e+00 -1.1805e+00 +3.1258e+00 -2.0046e+00 +2.1585e+00 -2.1214e-01 +1.4969e-01
651 0 +3.332050507e+05 +3.325725007e+05 +3.325725007e+05 +2.5892e-01 +2.4494e-01 +2.4901e+00 +2.0747e+00 -1.3854e+00 +3.6508e+00 -1.8303e+00 +2.1484e+00 -2.9627e-01 -4.4506e-01
702 0 +2.012066691e+05 +2.005741191e+05 +2.005741191e+05 +7.0909e-01 +6.5062e-01 +2.0957e+00 +1.0537e+00 -1.2376e+00 +3.0245e+00 -2.4864e+00 +2.2280e+00 +2.2929e-01 -3.2432e-01
851 0 +6.329833825e+04 +6.266578825e+04 +6.266578825e+04 +5.3561e-01 +5.8157e-01 +2.3122e+00 +1.7773e+00 -1.3136e+00 +3.2615e+00 -2.0148e+00 +2.2206e+00 -2.2686e-02 -3.5781e-01
951 0 +5.872322778e+04 +5.809067778e+04 +5.809067778e+04 +4.5457e-01 +6.6005e-01 +2.3141e+00 +1.6691e+00 -1.2137e+00 +3.5410e+00 -1.8430e+00 +2.1634e+00 +9.7305e-02 -7.5755e-02
1004 0 +2.588781873e+04 +2.525526873e+04 +2.525526873e+04 +2.3012e-01 +3.4132e-01 +2.4062e+00 +1.9641e+00 -1.4333e+00 +3.7731e+00 -1.7181e+00 +2.1744e+00 -1.0290e-01 -8.1466e-02
1101 0 +2.319056508e+04 +2.255801508e+04 +2.255801508e+04 +4.6980e-01 +4.9557e-01 +2.3619e+00 +1.6950e+00 -1.3355e+00 +3.3826e+00 -2.0323e+00 +2.1368e+00 -9.5689e-03 -1.5445e-01
1102 0 +8.180822300e+03 +7.548272300e+03 +7.548272300e+03 +4.8984e-01 +6.1794e-01 +2.2521e+00 +1.5063e+00 -1.1340e+00 +3.1693e+00 -2.0643e+00 +2.1779e+00 +1.1238e-01 -3.2137e-01
1201 0 +6.241529581e+03 +5.608979581e+03 +5.608979581e+03 +3.7913e-01 +5.4196e-01 +2.2678e+00 +1.7252e+00 -1.3282e+00 +3.4489e+00 -1.9404e+00 +2.1626e+00 +1.0202e-01 -1.8310e-01
1251 0 +5.884794188e+03 +5.252244188e+03 +5.252244188e+03 +4.7617e-01 +5.4893e-01 +2.3167e+00 +1.6898e+00 -1.2572e+00 +3.4208e+00 -1.9531e+00 +2.1615e+00 +1.9685e-02 -2.0348e-01
1317 0 +5.293161603e+03 +4.660611603e+03 +4.660611603e+03 +4.5664e-01 +5.1181e-01 +2.3316e+00 +1.6765e+00 -1.2956e+00 +3.4145e+00 -1.9043e+00 +2.1737e+00 +3.8823e-02 -1.8851e-01
1349 0 +4.376733137e+03 +3.744183137e+03 +3.744183137e+03 +4.7195e-01 +5.5795e-01 +2.2725e+00 +1.6255e+00 -1.2277e+00 +3.2564e+00 -2.0454e+00 +2.1811e+00 +5.0456e-02 -2.4363e-01
1401 0 +3.623764812e+03 +2.991214812e+03 +2.991214812e+03 +4.2586e-01 +5.2766e-01 +2.3238e+00 +1.6663e+00 -1.2634e+00 +3.3872e+00 -1.9230e+00 +2.1644e+00 +6.5664e-02 -2.1982e-01
1552 0 +3.460872457e+03 +2.828322457e+03 +2.828322457e+03 +5.5738e-01 +6.6097e-01 +2.2707e+00 +1.5114e+00 -1.1150e+00 +3.1310e+00 -2.1763e+00 +2.1587e+00 +1.1431e-01 -3.0673e-01
1554 0 +3.089313116e+03 +2.456763116e+03 +2.456763116e+03 +5.7263e-01 +6.4771e-01 +2.2105e+00 +1.4947e+00 -1.0819e+00 +3.0960e+00 -2.2147e+00 +2.1798e+00 +1.2429e-01 -3.2222e-01
1601 0 +1.437699800e+03 +8.051498003e+02 +8.051498003e+02 +5.2263e-01 +6.0898e-01 +2.2715e+00 +1.5902e+00 -1.1626e+00 +3.2395e+00 -2.0856e+00 +2.1374e+00 +9.2577e-02 -2.7358e-01
1751 0 +6.345068049e+02 +1.956804873e+00 +1.956804873e+00 +5.1262e-01 +6.0876e-01 +2.2517e+00 +1.5638e+00 -1.1711e+00 +3.2303e+00 -2.0711e+00 +2.1597e+00 +1.0791e-01 -2.7187e-01
1851 0 +4.852337177e+02 -1.473162823e+02 -1.473162823e+02 +5.0369e-01 +5.9319e-01 +2.2580e+00 +1.5670e+00 -1.1713e+00 +3.2370e+00 -2.0917e+00 +2.1438e+00 +1.0822e-01 -2.6809e-01
1951 0 +3.716412193e+02 -2.609087807e+02 -2.609087807e+02 +5.1822e-01 +5.9959e-01 +2.2509e+00 +1.5735e+00 -1.1640e+00 +3.2289e+00 -2.0973e+00 +2.1560e+00 +1.2586e-01 -2.7914e-01
2001 0 +2.696174707e+02 -3.629325293e+02 -3.629325293e+02 +5.1246e-01 +6.0350e-01 +2.2630e+00 +1.5835e+00 -1.1658e+00 +3.2542e+00 -2.0763e+00 +2.1653e+00 +1.0804e-01 -2.6919e-01
2005 0 +2.413932160e+02 -3.911567840e+02 -3.911567840e+02 +4.9445e-01 +5.8358e-01 +2.2628e+00 +1.5998e+00 -1.1846e+00 +3.2683e+00 -2.0610e+00 +2.1573e+00 +9.9077e-02 -2.7125e-01
2008 0 +1.842241425e+02 -4.483258575e+02 -4.483258575e+02 +5.3545e-01 +6.0495e-01 +2.2478e+00 +1.5422e+00 -1.1434e+00 +3.2042e+00 -2.1027e+00 +2.1564e+00 +1.2342e-01 -2.9480e-01
2085 0 +1.550716006e+02 -4.774783994e+02 -4.774783994e+02 +5.3938e-01 +6.2164e-01 +2.2455e+00 +1.5277e+00 -1.1312e+00 +3.1952e+00 -2.1249e+00 +2.1499e+00 +1.2728e-01 -3.0003e-01
2101 0 +6.950828949e+01 -5.630417105e+02 -5.630417105e+02 +5.0659e-01 +5.8867e-01 +2.2607e+00 +1.5862e+00 -1.1755e+00 +3.2561e+00 -2.0765e+00 +2.1601e+00 +1.0629e-01 -2.6504e-01
2251 0 +3.293323701e+01 -5.996167630e+02 -5.996167630e+02 +5.1976e-01 +6.0037e-01 +2.2576e+00 +1.5674e+00 -1.1563e+00 +3.2303e+00 -2.0905e+00 +2.1540e+00 +1.1600e-01 -2.8061e-01
2301 0 +3.256554412e+01 -5.999844559e+02 -5.999844559e+02 +5.2079e-01 +5.9923e-01 +2.2552e+00 +1.5612e+00 -1.1528e+00 +3.2291e+00 -2.0955e+00 +2.1565e+00 +1.1532e-01 -2.7959e-01
2302 0 +2.998264564e+01 -6.025673544e+02 -6.025673544e+02 +5.1554e-01 +5.9802e-01 +2.2617e+00 +1.5676e+00 -1.1591e+00 +3.2290e+00 -2.0892e+00 +2.1548e+00 +1.1272e-01 -2.7833e-01
2351 0 +1.220176982e+01 -6.203482302e+02 -6.203482302e+02 +5.1868e-01 +6.0186e-01 +2.2582e+00 +1.5614e+00 -1.1568e+00 +3.2262e+00 -2.0919e+00 +2.1561e+00 +1.1428e-01 -2.8181e-01
2401 0 +1.183468142e+01 -6.207153186e+02 -6.207153186e+02 +5.1406e-01 +5.9599e-01 +2.2632e+00 +1.5721e+00 -1.1640e+00 +3.2392e+00 -2.0828e+00 +2.1586e+00 +1.1027e-01 -2.7278e-01
2451 0 +2.392509927e+00 -6.301574901e+02 -6.301574901e+02 +5.1747e-01 +6.0021e-01 +2.2602e+00 +1.5644e+00 -1.1587e+00 +3.2317e+00 -2.0900e+00 +2.1562e+00 +1.1321e-01 -2.7924e-01
% f evaluations | g evaluations | best noise-free fitness - Fopt (-8.530000000000e+01) + sum g_i+ | measured fitness | best measured fitness or single-digit g-values | x1 | x2...
1 0 +5.553662950e+07 +5.553654420e+07 +5.553654420e+07 +5.9671e-01 -3.8264e-02 +7.4769e-01 +1.6230e+00 -1.3415e-01 -1.3414e-01 +1.6792e+00 +8.6743e-01 -3.6947e-01 +6.4256e-01
11 0 +4.877465245e+07 +4.877456715e+07 +4.877456715e+07 -1.3154e+00 -3.2065e-01 -2.4271e-01 -7.0228e-01 -6.1286e-02 +5.0405e-01 +1.9862e+00 +2.7458e-01 +3.5755e-01 +2.5554e-02
13 0 +4.339270581e+07 +4.339262051e+07 +4.339262051e+07 +8.9103e-01 -8.0939e-01 +1.5028e+00 -1.3019e+00 +6.8686e-01 +2.2905e+00 -8.9054e-01 -4.6630e-01 +1.9965e-01 -4.0348e-01
23 0 +3.982206492e+07 +3.982197962e+07 +3.982197962e+07 +2.4147e+00 -1.7673e+00 +7.8626e-01 -1.5127e+00 -3.7193e-01 +1.1890e+00 +1.6428e-01 -9.7774e-01 -6.1530e-01 +7.7960e-01
51 0 +2.908906956e+07 +2.908898426e+07 +2.908898426e+07 +6.4644e-01 -8.5323e-01 +7.8324e-01 +7.4603e-01 +1.3611e+00 +1.6977e+00 +6.7813e-01 +1.0899e+00 +9.0494e-01 -2.0633e-01
52 0 +2.751765655e+07 +2.751757125e+07 +2.751757125e+07 +9.0216e-01 -1.0814e-01 +3.0066e-01 -1.0661e+00 +1.6586e+00 +4.3385e-01 +2.4189e+00 +4.7782e-01 +1.3393e+00 +3.8460e-01
53 0 +1.948256213e+07 +1.948247683e+07 +1.948247683e+07 -1.8341e-02 +1.2975e-01 +1.1975e+00 +4.9242e-01 +1.1812e+00 +4.8646e-01 +2.6389e+00 +3.0544e-01 +1.0603e+00 -1.1231e-01
54 0 +1.897845532e+07 +1.897837002e+07 +1.897837002e+07 +1.0281e+00 -6.3562e-01 +1.1366e+00 +2.5209e-02 +3.9443e-01 +1.7593e+00 +1.3961e+00 +1.5266e+00 +1.4548e+00 -3.8554e-01
95 0 +1.867929709e+07 +1.867921179e+07 +1.867921179e+07 +3.2010e-01 -8.7287e-01 -6.6385e-01 -1.1388e+00 +5.7125e-01 +2.2915e+00 +1.0598e+00 -3.0646e-02 +2.6284e+00 -2.1061e-01
115 0 +1.175808612e+07 +1.175800082e+07 +1.175800082e+07 -9.1611e-01 -9.0870e-01 +1.3121e+00 -1.2540e+00 +1.7044e+00 +1.2306e+00 +3.1359e+00 -2.0992e-01 +1.6898e+00 -3.9436e-01
136 0 +9.264313083e+06 +9.264227783e+06 +9.264227783e+06 +1.0472e+00 -1.2133e+00 +3.3593e+00 -2.2604e-01 +8.1996e-01 +2.2371e+00 +2.2065e+00 -1.3730e+00 +1.3552e+00 -1.0627e+00
188 0 +8.829306243e+06 +8.829220943e+06 +8.829220943e+06 -1.9152e+00 -7.3454e-01 +1.5950e+00 +4.3192e-02 +2.4907e+00 +3.1890e+00 +4.2015e+00 -5.5176e-02 +2.4912e+00 -6.4563e-01
253 0 +7.117351888e+06 +7.117266588e+06 +7.117266588e+06 +3.1246e-02 -1.9895e-01 +3.1989e+00 -2.3483e+00 -9.0123e-01 +4.3467e+00 +2.6431e+00 -1.3335e+00 +3.6591e+00 -1.6605e+00
302 0 +4.717985233e+06 +4.717899933e+06 +4.717899933e+06 -9.1757e-01 -7.7837e-01 +2.4273e+00 -2.3114e-01 -5.6641e-01 +4.7907e+00 +2.7418e+00 -1.6582e+00 +3.5415e+00 -1.6194e+00
407 0 +3.486282631e+06 +3.486197331e+06 +3.486197331e+06 -1.6454e+00 -3.8439e-01 +2.5316e+00 -9.1312e-01 +1.9115e+00 +3.1451e+00 +3.9356e+00 -2.2350e-01 +4.1358e+00 -2.1263e+00
464 0 +2.532725492e+06 +2.532640192e+06 +2.532640192e+06 -2.0012e+00 -8.3420e-01 +4.3164e+00 +2.8997e-01 +2.8459e+00 +3.6079e+00 +2.9637e+00 -9.5125e-01 +4.2516e+00 -1.1984e+00
501 0 +2.458701980e+06 +2.458616680e+06 +2.458616680e+06 +7.7834e-02 -1.1232e+00 +1.8468e+00 -1.2939e+00 -5.5771e-01 +2.8124e+00 +2.7577e+00 -1.9034e+00 +2.0242e+00 -5.1841e-01
507 0 +2.123225528e+06 +2.123140228e+06 +2.123140228e+06 -1.4451e+00 +3.1807e-01 +2.6260e+00 -7.2573e-01 +1.5675e+00 +3.1326e+00 +2.0636e+00 -7.4424e-01 +4.4727e+00 -2.4550e+00
552 0 +1.694278652e+06 +1.694193352e+06 +1.694193352e+06 +2.4824e-01 +9.6646e-02 +2.3859e+00 -7.2326e-01 -4.5199e-01 +3.3666e+00 +2.3869e+00 -4.7347e-01 +2.3392e+00 -1.9395e+00
651 0 +1.433235108e+06 +1.433149808e+06 +1.433149808e+06 -8.0521e-01 -8.3696e-01 +2.5340e+00 -3.0464e-01 +1.0784e+00 +3.8385e+00 +2.3283e+00 -1.5048e+00 +2.9037e+00 -1.2708e+00
701 0 +1.230280433e+06 +1.230195133e+06 +1.230195133e+06 -6.3097e-01 +4.4112e-01 +2.7005e+00 -5.8343e-01 +2.2875e-01 +2.3522e+00 +3.2175e+00 -1.2538e+00 +2.6145e+00 -1.6471e+00
702 0 +5.382578578e+05 +5.381725578e+05 +5.381725578e+05 -1.3876e+00 -1.8442e-01 +2.7335e+00 -1.5152e-01 +1.5739e+00 +2.8414e+00 +2.7271e+00 -1.3316e+00 +3.7744e+00 -1.4584e+00
851 0 +4.274047941e+05 +4.273194941e+05 +4.273194941e+05 -7.3038e-01 -5.2631e-01 +2.3474e+00 -2.1537e-01 +3.6951e-01 +2.9560e+00 +2.7371e+00 -1.3142e+00 +2.4114e+00 -1.6555e+00
901 0 +2.945565522e+05 +2.944712522e+05 +2.944712522e+05 -8.2204e-01 -2.6600e-01 +2.4635e+00 -2.4433e-01 +7.7329e-02 +3.0833e+00 +3.0703e+00 -8.9591e-01 +3.2437e+00 -1.7731e+00
951 0 +1.660457914e+05 +1.659604914e+05 +1.659604914e+05 -1.0748e+00 -9.3194e-02 +2.6363e+00 -5.2362e-01 +8.2627e-01 +3.3283e+00 +2.6516e+00 -1.0839e+00 +2.9572e+00 -1.8507e+00
953 0 +1.639465144e+05 +1.638612144e+05 +1.638612144e+05 -1.0498e+00 -2.1669e-01 +2.5325e+00 -1.8693e-01 +5.8238e-01 +3.4584e+00 +2.6836e+00 -9.2223e-01 +3.1117e+00 -1.9177e+00
1001 0 +1.165287258e+05 +1.164434258e+05 +1.164434258e+05 -1.0534e+00 -8.3508e-02 +2.7273e+00 -2.8552e-01 +8.7324e-01 +2.9291e+00 +2.8014e+00 -1.0111e+00 +3.2255e+00 -1.7307e+00
1052 0 +7.427504243e+04 +7.418974243e+04 +7.418974243e+04 -1.3019e+00 -2.5573e-01 +2.6503e+00 -3.8926e-01 +1.2124e+00 +3.2942e+00 +2.6217e+00 -9.3658e-01 +3.3336e+00 -1.8140e+00
1101 0 +6.228912708e+04 +6.220382708e+04 +6.220382708e+04 -8.3078e-01 -2.9011e-01 +2.4795e+00 -4.9353e-01 +5.0872e-01 +3.2676e+00 +2.7050e+00 -1.2085e+00 +2.9676e+00 -1.5384e+00
1102 0 +5.964583184e+04 +5.956053184e+04 +5.956053184e+04 -1.1594e+00 -2.5141e-01 +2.7852e+00 -2.9013e-01 +9.5041e-01 +3.2959e+00 +2.5431e+00 -9.2373e-01 +3.5241e+00 -1.7681e+00
1154 0 +5.781056605e+04 +5.772526605e+04 +5.772526605e+04 -9.5093e-01 -1.8327e-01 +2.6688e+00 -2.3533e-01 +9.6652e-01 +3.2950e+00 +2.8291e+00 -9.8331e-01 +3.3527e+00 -1.6526e+00
1201 0 +5.153068581e+04 +5.144538581e+04 +5.144538581e+04 -9.8190e-01 -1.2971e-01 +2.5869e+00 -2.9986e-01 +7.4254e-01 +3.1475e+00 +2.8633e+00 -9.7642e-01 +3.2587e+00 -1.7521e+00
1203 0 +3.722950101e+04 +3.714420101e+04 +3.714420101e+04 -9.9059e-01 -2.4086e-01 +2.6725e+00 -3.4493e-01 +8.5104e-01 +3.1032e+00 +2.5499e+00 -9.1318e-01 +3.2899e+00 -1.6355e+00
1251 0 +3.510733367e+04 +3.502203367e+04 +3.502203367e+04 -1.1358e+00 -2.3377e-01 +2.6646e+00 -3.2283e-01 +8.9237e-01 +3.1756e+00 +2.6267e+00 -1.0520e+00 +3.3649e+00 -1.5901e+00
1252 0 +3.145355256e+04 +3.136825256e+04 +3.136825256e+04 -1.0972e+00 -2.4271e-01 +2.6553e+00 -2.6114e-01 +9.3278e-01 +3.0865e+00 +2.7218e+00 -1.0313e+00 +3.3619e+00 -1.7851e+00
1301 0 +9.628812824e+03 +9.543512824e+03 +9.543512824e+03 -9.3466e-01 -2.3952e-01 +2.6581e+00 -3.4026e-01 +7.3897e-01 +3.1737e+00 +2.7425e+00 -9.8783e-01 +3.2496e+00 -1.6293e+00
1401 0 +8.922603382e+03 +8.837303382e+03 +8.837303382e+03 -9.8903e-01 -2.9232e-01 +2.6351e+00 -3.8026e-01 +7.4868e-01 +3.1272e+00 +2.6569e+00 -1.0108e+00 +3.2229e+00 -1.7351e+00
1403 0 +4.617181632e+03 +4.531881632e+03 +4.531881632e+03 -1.0319e+00 -2.9699e-01 +2.6526e+00 -3.6596e-01 +8.2216e-01 +3.2397e+00 +2.7169e+00 -1.0093e+00 +3.2289e+00 -1.6974e+00
1501 0 +3.305089700e+03 +3.219789700e+03 +3.219789700e+03 -9.2740e-01 -2.7768e-01 +2.5873e+00 -4.1154e-01 +6.4925e-01 +3.1597e+00 +2.7735e+00 -1.0097e+00 +3.1810e+00 -1.6953e+00
1551 0 +2.704648846e+03 +2.619348846e+03 +2.619348846e+03 -9.4707e-01 -3.0669e-01 +2.6008e+00 -3.6345e-01 +7.2568e-01 +3.1384e+00 +2.7199e+00 -1.0160e+00 +3.1589e+00 -1.6866e+00
1651 0 +1.987510089e+03 +1.902210089e+03 +1.902210089e+03 -9.4771e-01 -3.1656e-01 +2.6255e+00 -3.9018e-01 +7.0606e-01 +3.1961e+00 +2.7428e+00 -1.0139e+00 +3.1698e+00 -1.7019e+00
1704 0 +1.770713205e+03 +1.685413205e+03 +1.685413205e+03 -9.4540e-01 -3.1542e-01 +2.6322e+00 -3.6391e-01 +6.6429e-01 +3.1582e+00 +2.7402e+00 -1.0066e+00 +3.1620e+00 -1.6776e+00
1793 0 +1.208005382e+03 +1.122705382e+03 +1.122705382e+03 -9.4703e-01 -2.9570e-01 +2.6216e+00 -3.8262e-01 +7.0762e-01 +3.1610e+00 +2.7061e+00 -9.8731e-01 +3.1786e+00 -1.6869e+00
1801 0 +6.009861120e+02 +5.156861120e+02 +5.156861120e+02 -9.8684e-01 -2.9770e-01 +2.6237e+00 -3.5966e-01 +7.6058e-01 +3.1764e+00 +2.7095e+00 -9.9963e-01 +3.1856e+00 -1.6785e+00
1886 0 +5.357957820e+02 +4.504957820e+02 +4.504957820e+02 -9.5367e-01 -3.0991e-01 +2.6121e+00 -3.7326e-01 +7.2378e-01 +3.1799e+00 +2.7275e+00 -1.0163e+00 +3.1803e+00 -1.6843e+00
1933 0 +4.550735599e+02 +3.697735599e+02 +3.697735599e+02 -1.0061e+00 -2.8265e-01 +2.6444e+00 -3.4282e-01 +7.9700e-01 +3.1722e+00 +2.6969e+00 -9.8733e-01 +3.2224e+00 -1.6974e+00
1951 0 +2.572979760e+02 +1.719979760e+02 +1.719979760e+02 -9.5678e-01 -2.9668e-01 +2.6193e+00 -3.6908e-01 +6.9521e-01 +3.1716e+00 +2.7359e+00 -1.0116e+00 +3.1838e+00 -1.6655e+00
2001 0 +2.371914741e+02 +1.518914741e+02 +1.518914741e+02 -9.6465e-01 -2.9356e-01 +2.6159e+00 -3.7598e-01 +7.3186e-01 +3.1654e+00 +2.7162e+00 -1.0056e+00 +3.1995e+00 -1.6859e+00
2051 0 +1.265601847e+02 +4.126018469e+01 +4.126018469e+01 -9.7678e-01 -2.8862e-01 +2.6272e+00 -3.7115e-01 +7.5436e-01 +3.1793e+00 +2.7219e+00 -9.9852e-01 +3.2080e+00 -1.6784e+00
2066 0 +1.190041414e+02 +3.370414138e+01 +3.370414138e+01 -9.4910e-01 -2.9397e-01 +2.6067e+00 -3.8626e-01 +6.9704e-01 +3.1758e+00 +2.7256e+00 -1.0119e+00 +3.1768e+00 -1.6716e+00
2182 0 +7.599137418e+01 -9.308625822e+00 -9.308625822e+00 -9.7295e-01 -2.9352e-01 +2.6228e+00 -3.7527e-01 +7.3429e-01 +3.1706e+00 +2.7179e+00 -1.0052e+00 +3.1972e+00 -1.6766e+00
2200 0 +7.215701617e+01 -1.314298383e+01 -1.314298383e+01 -9.6396e-01 -2.9596e-01 +2.6132e+00 -3.7153e-01 +7.2568e-01 +3.1758e+00 +2.7267e+00 -1.0099e+00 +3.1946e+00 -1.6772e+00
2202 0 +7.184528557e+01 -1.345471443e+01 -1.345471443e+01 -9.6520e-01 -2.9568e-01 +2.6176e+00 -3.7295e-01 +7.3083e-01 +3.1749e+00 +2.7259e+00 -1.0043e+00 +3.1992e+00 -1.6782e+00
2203 0 +4.038803143e+01 -4.491196857e+01 -4.491196857e+01 -9.6791e-01 -2.9168e-01 +2.6196e+00 -3.7159e-01 +7.3056e-01 +3.1765e+00 +2.7190e+00 -1.0037e+00 +3.2009e+00 -1.6797e+00
2351 0 +1.729965618e+01 -6.800034382e+01 -6.800034382e+01 -9.7506e-01 -2.9476e-01 +2.6251e+00 -3.6675e-01 +7.4706e-01 +3.1788e+00 +2.7174e+00 -1.0006e+00 +3.2022e+00 -1.6823e+00
2401 0 +1.206431189e+01 -7.323568811e+01 -7.323568811e+01 -9.6850e-01 -2.9214e-01 +2.6218e+00 -3.7261e-01 +7.3002e-01 +3.1754e+00 +2.7202e+00 -1.0066e+00 +3.1950e+00 -1.6771e+00
% f evaluations | g evaluations | best noise-free fitness - Fopt (1.719500000000e+02) + sum g_i+ | measured fitness | best measured fitness or single-digit g-values | x1 | x2...
1 0 +1.347900069e+08 +1.347901788e+08 +1.347901788e+08 +5.9671e-01 -3.8264e-02 +7.4769e-01 +1.6230e+00 -1.3415e-01 -1.3414e-01 +1.6792e+00 +8.6743e-01 -3.6947e-01 +6.4256e-01
3 0 +9.210052900e+07 +9.210070095e+07 +9.210070095e+07 +1.5656e+00 -1.2578e-01 +1.6753e-01 -1.3247e+00 -4.4438e-01 +2.1092e-01 -1.0510e+00 +4.7570e-01 -5.0064e-01 -1.9169e-01
23 0 +8.651859190e+07 +8.651876385e+07 +8.651876385e+07 +2.4147e+00 -1.7673e+00 +7.8626e-01 -1.5127e+00 -3.7193e-01 +1.1890e+00 +1.6428e-01 -9.7774e-01 -6.1530e-01 +7.7960e-01
51 0 +2.981551073e+07 +2.981568268e+07 +2.981568268e+07 +3.0329e+00 +3.4113e-01 -5.7978e-01 -1.0175e+00 +4.5875e-01 +2.5405e+00 +7.3876e-01 -2.6091e-01 +5.4573e-01 +2.0188e+00
101 0 +2.286853876e+07 +2.286871071e+07 +2.286871071e+07 +4.4774e+00 +4.7361e+00 -2.9777e-02 -3.6570e+00 -1.0972e+00 +2.4175e+00 -3.6690e+00 +1.2640e+00 -1.8306e+00 +4.0069e+00
104 0 +2.191775791e+07 +2.191792986e+07 +2.191792986e+07 +3.4926e+00 +1.4648e+00 -3.9533e+00 -5.1489e-01 -1.8223e-01 +2.8074e+00 -2.8924e-01 -7.7607e-01 +2.2256e-02 +4.1792e+00
106 0 +1.475959575e+07 +1.475976770e+07 +1.475976770e+07 +1.9258e+00 +3.5364e+00 -6.4405e-01 -3.3766e+00 +3.3378e+00 +3.6483e+00 +3.3425e-01 -1.2720e+00 -1.1707e+00 +4.1548e+00
267 0 +1.352151863e+07 +1.352169058e+07 +1.352169058e+07 +2.1602e+00 +2.9749e+00 -2.1261e+00 -3.8678e+00 +1.9118e+00 +4.6065e+00 -3.1910e+00 -2.8945e+00 -3.2610e-01 +1.7331e+00
303 0 +1.139162774e+07 +1.139179969e+07 +1.139179969e+07 +3.7942e+00 +1.9384e+00 -1.1434e+00 -2.3257e+00 +2.7934e-02 +2.8285e+00 -3.3434e+00 -4.7506e-01 -3.5560e+00 +1.9771e+00
313 0 +1.040503451e+07 +1.040520646e+07 +1.040520646e+07 +2.3321e+00 +2.1264e+00 -2.4011e+00 -1.8511e+00 -2.4462e+00 +2.6803e+00 -3.7515e+00 -1.2514e+00 -2.2018e+00 +1.3956e+00
326 0 +1.025823450e+07 +1.025840645e+07 +1.025840645e+07 +2.5027e+00 +4.2751e+00 -7.2595e-02 -1.0864e+00 +3.9661e+00 +4.5449e+00 -1.1490e+00 -3.3228e+00 -1.5985e+00 +3.6712e+00
355 0 +6.334864298e+06 +6.335036248e+06 +6.335036248e+06 +3.2651e+00 +2.8574e+00 -3.0804e+00 -3.0844e+00 -6.4333e-02 +3.6467e+00 -3.8136e+00 -1.3040e+00 -1.8723e+00 +4.7816e+00
451 0 +2.027835473e+06 +2.028007423e+06 +2.028007423e+06 +3.7261e+00 +3.2735e+00 -1.8488e+00 -1.7716e+00 -6.6300e-02 +2.6140e+00 -2.4147e+00 -2.4027e+00 -1.3102e+00 +2.9673e+00
502 0 +1.900526710e+06 +1.900698660e+06 +1.900698660e+06 +3.3009e+00 +3.0138e+00 -1.2509e+00 -1.4769e+00 +8.2069e-01 +3.3011e+00 -2.9974e+00 -1.4676e+00 -1.8985e+00 +2.8634e+00
601 0 +1.532477695e+06 +1.532649645e+06 +1.532649645e+06 +4.2873e+00 +3.7461e+00 -2.6406e+00 -2.7032e+00 -7.9050e-01 +3.3766e+00 -3.6433e+00 -1.7820e+00 -1.5833e+00 +2.9551e+00
602 0 +1.140410856e+06 +1.140582806e+06 +1.140582806e+06 +3.6068e+00 +3.1881e+00 -2.9533e+00 -3.4901e+00 -6.1781e-01 +3.4205e+00 -4.3151e+00 -1.7360e+00 -1.9735e+00 +2.7641e+00
651 0 +6.830367434e+05 +6.832086934e+05 +6.832086934e+05 +3.6954e+00 +2.9129e+00 -2.1633e+00 -2.7153e+00 +4.6625e-01 +2.9527e+00 -4.0212e+00 -2.2154e+00 -2.1979e+00 +2.4048e+00
701 0 +4.218005908e+05 +4.219725408e+05 +4.219725408e+05 +3.5380e+00 +3.8237e+00 -2.6601e+00 -2.9645e+00 -3.4197e-02 +2.8329e+00 -4.0390e+00 -1.6720e+00 -2.3363e+00 +2.8847e+00
751 0 +3.753904785e+05 +3.755624285e+05 +3.755624285e+05 +2.9912e+00 +3.1213e+00 -2.1280e+00 -2.1732e+00 +7.5851e-01 +2.9181e+00 -3.3249e+00 -2.1322e+00 -1.8059e+00 +2.6413e+00
801 0 +3.282810516e+05 +3.284530016e+05 +3.284530016e+05 +3.5358e+00 +3.1583e+00 -2.6641e+00 -2.1917e+00 +4.1275e-01 +2.5805e+00 -3.2530e+00 -1.9005e+00 -2.0203e+00 +2.9436e+00
851 0 +2.674672591e+05 +2.676392091e+05 +2.676392091e+05 +3.7884e+00 +3.4308e+00 -2.3093e+00 -2.8583e+00 -1.6569e-01 +2.7189e+00 -3.8797e+00 -2.0121e+00 -2.2274e+00 +2.6386e+00
853 0 +2.451732189e+05 +2.453451689e+05 +2.453451689e+05 +3.4693e+00 +3.2326e+00 -2.0849e+00 -2.3758e+00 +3.9597e-01 +2.6157e+00 -3.5907e+00 -1.6024e+00 -1.7210e+00 +2.6540e+00
856 0 +2.331869463e+05 +2.333588963e+05 +2.333588963e+05 +3.8014e+00 +3.6865e+00 -2.6289e+00 -2.6329e+00 -3.7523e-01 +3.2621e+00 -4.5310e+00 -1.6349e+00 -2.6835e+00 +2.4889e+00
901 0 +1.358173303e+05 +1.359892803e+05 +1.359892803e+05 +3.8573e+00 +3.4926e+00 -2.4070e+00 -2.5321e+00 -2.4622e-02 +2.9744e+00 -3.8428e+00 -1.5526e+00 -2.4631e+00 +2.5494e+00
951 0 +7.760555753e+04 +7.777750753e+04 +7.777750753e+04 +3.6171e+00 +3.4837e+00 -2.4397e+00 -2.5843e+00 +3.2152e-01 +2.7254e+00 -3.4882e+00 -1.6930e+00 -1.9319e+00 +2.7865e+00
1001 0 +4.597028606e+04 +4.614223606e+04 +4.614223606e+04 +3.5490e+00 +3.2470e+00 -2.4253e+00 -2.5490e+00 +5.4060e-02 +2.9313e+00 -3.6359e+00 -1.8419e+00 -1.9987e+00 +2.6779e+00
1051 0 +2.287969811e+04 +2.305164811e+04 +2.305164811e+04 +3.8008e+00 +3.4714e+00 -2.4574e+00 -2.6774e+00 -6.9045e-02 +3.0246e+00 -3.8975e+00 -1.7002e+00 -2.1839e+00 +2.5861e+00
1151 0 +1.826173030e+04 +1.843368030e+04 +1.843368030e+04 +3.7510e+00 +3.3949e+00 -2.3963e+00 -2.5950e+00 +2.6155e-02 +2.9334e+00 -3.7523e+00 -1.7683e+00 -2.1055e+00 +2.5805e+00
1152 0 +8.638240195e+03 +8.810190195e+03 +8.810190195e+03 +3.6953e+00 +3.4243e+00 -2.4493e+00 -2.5724e+00 -7.4660e-02 +3.0522e+00 -3.8763e+00 -1.7806e+00 -2.0783e+00 +2.6171e+00
1306 0 +8.573565161e+03 +8.745515161e+03 +8.745515161e+03 +3.6452e+00 +3.3415e+00 -2.3904e+00 -2.5281e+00 +1.0815e-01 +2.9497e+00 -3.6576e+00 -1.8255e+00 -2.0825e+00 +2.7093e+00
1373 0 +5.479680755e+03 +5.651630755e+03 +5.651630755e+03 +3.6682e+00 +3.3954e+00 -2.3864e+00 -2.5073e+00 +6.8539e-04 +2.9709e+00 -3.7103e+00 -1.7381e+00 -2.0460e+00 +2.6682e+00
1451 0 +4.905435448e+03 +5.077385448e+03 +5.077385448e+03 +3.6711e+00 +3.4389e+00 -2.4019e+00 -2.5081e+00 +2.2760e-02 +2.9248e+00 -3.8024e+00 -1.7189e+00 -2.0870e+00 +2.6703e+00
1501 0 +2.545752587e+03 +2.717702587e+03 +2.717702587e+03 +3.6781e+00 +3.3658e+00 -2.3934e+00 -2.5538e+00 -1.9741e-02 +2.9705e+00 -3.8109e+00 -1.7352e+00 -2.1045e+00 +2.6238e+00
1563 0 +1.646290936e+03 +1.818240936e+03 +1.818240936e+03 +3.6998e+00 +3.4444e+00 -2.4544e+00 -2.6109e+00 -1.4877e-01 +2.9872e+00 -3.9493e+00 -1.6902e+00 -2.1374e+00 +2.5654e+00
1651 0 +1.191537121e+03 +1.363487121e+03 +1.363487121e+03 +3.6919e+00 +3.4270e+00 -2.4417e+00 -2.5668e+00 -3.2316e-02 +2.9815e+00 -3.8317e+00 -1.7259e+00 -2.1018e+00 +2.6095e+00
1653 0 +9.085292061e+02 +1.080479206e+03 +1.080479206e+03 +3.6650e+00 +3.4072e+00 -2.4507e+00 -2.5689e+00 -6.3773e-02 +3.0124e+00 -3.8576e+00 -1.7201e+00 -2.1183e+00 +2.6111e+00
1701 0 +7.215540697e+02 +8.935040697e+02 +8.935040697e+02 +3.6814e+00 +3.4095e+00 -2.4612e+00 -2.5832e+00 -9.1545e-02 +2.9844e+00 -3.8765e+00 -1.7076e+00 -2.1264e+00 +2.6056e+00
1704 0 +6.591901788e+02 +8.311401788e+02 +8.311401788e+02 +3.6807e+00 +3.3942e+00 -2.4252e+00 -2.5755e+00 -5.1931e-02 +2.9986e+00 -3.8542e+00 -1.7292e+00 -2.1254e+00 +2.6211e+00
1851 0 +4.705259979e+02 +6.424759979e+02 +6.424759979e+02 +3.6956e+00 +3.4058e+00 -2.4442e+00 -2.5715e+00 -6.4810e-02 +2.9960e+00 -3.8710e+00 -1.7139e+00 -2.1243e+00 +2.6140e+00
1856 0 +4.695835051e+02 +6.415335051e+02 +6.415335051e+02 +3.6915e+00 +3.4031e+00 -2.4257e+00 -2.5798e+00 -3.1083e-02 +3.0023e+00 -3.8349e+00 -1.7369e+00 -2.1042e+00 +2.6382e+00
1902 0 +4.003079043e+02 +5.722579043e+02 +5.722579043e+02 +3.6789e+00 +3.4038e+00 -2.4223e+00 -2.5645e+00 -4.9399e-02 +2.9800e+00 -3.8305e+00 -1.7375e+00 -2.1022e+00 +2.6327e+00
1927 0 +3.775167206e+02 +5.494667206e+02 +5.494667206e+02 +3.6857e+00 +3.4194e+00 -2.4258e+00 -2.5741e+00 -4.4590e-02 +2.9782e+00 -3.8412e+00 -1.7275e+00 -2.1103e+00 +2.6297e+00
1951 0 +2.639305491e+02 +4.358805491e+02 +4.358805491e+02 +3.6746e+00 +3.4047e+00 -2.4234e+00 -2.5619e+00 -3.0942e-02 +2.9853e+00 -3.8274e+00 -1.7315e+00 -2.0889e+00 +2.6383e+00
2001 0 +1.334757923e+02 +3.054257923e+02 +3.054257923e+02 +3.6809e+00 +3.4114e+00 -2.4383e+00 -2.5828e+00 -7.0872e-02 +2.9996e+00 -3.8490e+00 -1.7138e+00 -2.1157e+00 +2.6151e+00
2122 0 +1.067391414e+02 +2.786891414e+02 +2.786891414e+02 +3.6835e+00 +3.4142e+00 -2.4401e+00 -2.5825e+00 -6.5606e-02 +2.9929e+00 -3.8428e+00 -1.7187e+00 -2.1151e+00 +2.6247e+00
2151 0 +4.930697675e+01 +2.212569768e+02 +2.212569768e+02 +3.6857e+00 +3.4136e+00 -2.4386e+00 -2.5806e+00 -6.1390e-02 +2.9943e+00 -3.8477e+00 -1.7223e+00 -2.1135e+00 +2.6267e+00
2201 0 +3.848552558e+01 +2.104355256e+02 +2.104355256e+02 +3.6804e+00 +3.4033e+00 -2.4282e+00 -2.5699e+00 -3.6400e-02 +2.9964e+00 -3.8213e+00 -1.7313e+00 -2.0995e+00 +2.6365e+00
2305 0 +3.813262165e+01 +2.100826216e+02 +2.100826216e+02 +3.6779e+00 +3.4015e+00 -2.4253e+00 -2.5600e+00 -1.6458e-02 +2.9872e+00 -3.8090e+00 -1.7321e+00 -2.0930e+00 +2.6417e+00
2352 0 +2.495446512e+01 +1.969044651e+02 +1.969044651e+02 +3.6820e+00 +3.4088e+00 -2.4320e+00 -2.5709e+00 -4.9777e-02 +2.9946e+00 -3.8345e+00 -1.7229e+00 -2.1030e+00 +2.6280e+00
2401 0 +1.998049828e+01 +1.919304983e+02 +1.919304983e+02 +3.6860e+00 +3.4087e+00 -2.4327e+00 -2.5732e+00 -5.0368e-02 +2.9981e+00 -3.8347e+00 -1.7240e+00 -2.1081e+00 +2.6297e+00
2416 0 +1.587394075e+01 +1.878239407e+02 +1.878239407e+02 +3.6801e+00 +3.4076e+00 -2.4285e+00 -2.5687e+00 -4.6919e-02 +2.9951e+00 -3.8305e+00 -1.7262e+00 -2.1048e+00 +2.6299e+00
2437 0 +1.497766200e+01 +1.869276620e+02 +1.869276620e+02 +3.6805e+00 +3.4072e+00 -2.4272e+00 -2.5705e+00 -4.2246e-02 +2.9927e+00 -3.8288e+00 -1.7270e+00 -2.1051e+00 +2.6283e+00
2451 0 +1.008124653e+01 +1.820312465e+02 +1.820312465e+02 +3.6854e+00 +3.4095e+00 -2.4317e+00 -2.5742e+00 -5.5427e-02 +2.9972e+00 -3.8384e+00 -1.7256e+00 -2.1078e+00 +2.6245e+00
% f evaluations | g evaluations | best noise-free fitness - Fopt (6.816000000000e+01) + sum g_i+ | measured fitness | best measured fitness or single-digit g-values | x1 | x2...
1 0 +8.121603092e+07 +8.121609908e+07 +8.121609908e+07 +5.9671e-01 -3.8264e-02 +7.4769e-01 +1.6230e+00 -1.3415e-01 -1.3414e-01 +1.6792e+00 +8.6743e-01 -3.6947e-01 +6.4256e-01
22 0 +5.728876382e+07 +5.728883198e+07 +5.728883198e+07 +6.7089e-01 +1.2356e+00 +1.0540e+00 +7.5139e-01 -2.1527e-01 +8.5897e-01 -6.7283e-01 -1.3682e-01 -3.8536e-01 +1.8187e-01
43 0 +4.812720169e+07 +4.812726985e+07 +4.812726985e+07 +2.1607e+00 +1.8553e+00 -1.4896e-01 +1.0716e+00 +7.4538e-01 +1.4686e+00 -8.6492e-01 +7.8605e-01 +1.1584e+00 -1.6587e+00
52 0 +4.209818194e+07 +4.209825010e+07 +4.209825010e+07 +3.2742e+00 +1.3722e+00 +1.5780e+00 +2.9290e+00 +1.9664e-01 +7.9654e-02 +6.1146e-01 +1.8096e+00 -6.2617e-01 -1.9514e+00
72 0 +3.463277705e+07 +3.463284521e+07 +3.463284521e+07 +2.1021e+00 +6.0578e-01 +7.6127e-01 +7.7158e-01 +1.7006e+00 +9.1113e-01 +6.3466e-01 +1.0981e+00 -1.2068e+00 -1.0396e-01
77 0 +3.078414356e+07 +3.078421172e+07 +3.078421172e+07 +2.1982e+00 +1.7427e+00 -1.2213e-01 +2.7531e+00 +9.5299e-02 +3.4398e-01 +1.9862e-01 +5.6170e-01 +3.8633e-01 +9.5461e-01
105 0 +9.845450717e+06 +9.845518877e+06 +9.845518877e+06 +3.3222e+00 +3.3919e+00 +1.0761e+00 +3.2192e+00 +1.9142e+00 +2.6414e+00 +1.8376e+00 +2.9481e+00 +2.5002e+00 +1.9291e+00
203 0 +8.027514725e+06 +8.027582885e+06 +8.027582885e+06 +3.7221e+00 +3.0199e+00 +3.0499e+00 +2.4193e+00 +2.8407e+00 +7.0624e-01 +1.2714e+00 +3.0002e+00 -1.2372e+00 +1.1407e+00
302 0 +7.519363959e+06 +7.519432119e+06 +7.519432119e+06 +3.1949e+00 +3.1278e+00 +3.6062e-01 +4.2697e+00 +8.6111e-01 +1.6116e+00 +1.9278e+00 +2.4044e+00 +5.0845e-01 +2.2903e+00
320 0 +6.252938246e+06 +6.253006406e+06 +6.253006406e+06 +3.3828e+00 +3.4805e+00 +3.2559e+00 +4.4666e+00 +2.5501e+00 +1.3004e+00 +1.3685e+00 +3.7655e+00 -1.3153e+00 +1.0590e+00
403 0 +5.470414133e+06 +5.470482293e+06 +5.470482293e+06 +3.4607e+00 +4.1424e+00 +1.7123e+00 +3.1940e+00 +1.1545e+00 +2.5786e+00 +2.0138e+00 +2.2912e+00 -1.9706e-01 +3.2053e+00
451 0 +3.997684709e+06 +3.997752869e+06 +3.997752869e+06 +3.7164e+00 +3.0194e+00 +8.2882e-01 +3.0348e+00 +1.7875e+00 +2.2293e+00 +2.4629e-01 +2.5064e+00 -7.8779e-01 +1.4482e+00
452 0 +3.589648032e+06 +3.589716192e+06 +3.589716192e+06 +3.5686e+00 +2.9295e+00 +2.6673e+00 +3.1784e+00 +2.8531e+00 +1.6933e+00 +9.7412e-01 +2.1969e+00 -1.4453e+00 +2.2930e+00
453 0 +3.045976764e+06 +3.046044924e+06 +3.046044924e+06 +4.2379e+00 +3.7523e+00 +1.6449e+00 +3.1346e+00 +3.6724e+00 +2.2076e+00 +1.7004e+00 +3.6614e+00 -2.3278e-01 +2.8052e+00
454 0 +3.010248898e+06 +3.010317058e+06 +3.010317058e+06 +3.1974e+00 +3.4571e+00 +9.0488e-01 +3.8714e+00 +2.7338e+00 +1.8845e+00 +1.2025e+00 +3.6805e+00 +3.5727e-01 +2.5223e+00
501 0 +2.726805848e+06 +2.726874008e+06 +2.726874008e+06 +3.4787e+00 +2.9361e+00 +1.5089e+00 +3.9319e+00 +3.2633e+00 +2.5296e+00 +4.1702e-01 +3.4353e+00 +5.3378e-02 +2.2212e+00
503 0 +2.534769209e+06 +2.534837369e+06 +2.534837369e+06 +4.4052e+00 +3.0521e+00 +6.8089e-01 +3.7433e+00 +2.5173e+00 +3.3276e+00 +1.7821e+00 +2.3796e+00 -1.2242e-02 +2.5678e+00
551 0 +1.113842870e+06 +1.113911030e+06 +1.113911030e+06 +2.4811e+00 +3.0395e+00 +1.9020e+00 +3.8403e+00 +3.1941e+00 +2.5141e+00 +9.7829e-01 +2.9055e+00 -1.5850e+00 +2.7103e+00
601 0 +7.609946999e+05 +7.610628599e+05 +7.610628599e+05 +4.2700e+00 +3.2594e+00 +1.3715e+00 +3.6305e+00 +1.7932e+00 +2.5051e+00 +1.6449e+00 +2.8173e+00 -9.3903e-01 +2.0263e+00
652 0 +6.311691990e+05 +6.312373590e+05 +6.312373590e+05 +3.6890e+00 +2.7883e+00 +1.9746e+00 +4.1921e+00 +2.6352e+00 +2.2284e+00 +1.4561e+00 +3.5748e+00 -1.1790e+00 +2.2027e+00
701 0 +5.055143216e+05 +5.055824816e+05 +5.055824816e+05 +4.1950e+00 +3.1501e+00 +1.4563e+00 +3.5966e+00 +1.9083e+00 +2.1940e+00 +1.2520e+00 +3.3235e+00 -1.7294e-01 +2.4152e+00
733 0 +4.946340148e+05 +4.947021748e+05 +4.947021748e+05 +2.3002e+00 +2.9681e+00 +1.9396e+00 +3.6631e+00 +2.9671e+00 +1.9808e+00 +1.6236e+00 +3.6955e+00 -1.8546e+00 +2.8715e+00
751 0 +4.610724220e+05 +4.611405820e+05 +4.611405820e+05 +3.7809e+00 +3.1239e+00 +1.4942e+00 +3.7518e+00 +1.9496e+00 +2.6116e+00 +1.6987e+00 +3.6231e+00 -9.3983e-01 +2.3837e+00
801 0 +1.135707981e+05 +1.136389581e+05 +1.136389581e+05 +3.8257e+00 +3.3410e+00 +1.2852e+00 +3.7204e+00 +2.2763e+00 +2.4397e+00 +1.3944e+00 +3.2990e+00 -7.6696e-01 +2.0980e+00
1001 0 +9.232152040e+04 +9.238968040e+04 +9.238968040e+04 +3.3637e+00 +3.2787e+00 +1.6728e+00 +3.5882e+00 +2.8278e+00 +2.3299e+00 +1.6090e+00 +3.2211e+00 -1.2618e+00 +2.3944e+00
1004 0 +8.708981840e+04 +8.715797840e+04 +8.715797840e+04 +3.8117e+00 +3.3061e+00 +1.5170e+00 +3.7030e+00 +2.3337e+00 +2.4211e+00 +1.4336e+00 +3.0926e+00 -7.5592e-01 +2.2434e+00
1051 0 +4.728719273e+04 +4.735535273e+04 +4.735535273e+04 +3.7603e+00 +3.1264e+00 +1.6142e+00 +3.6149e+00 +2.4746e+00 +2.4028e+00 +1.4941e+00 +3.4189e+00 -8.2158e-01 +2.1057e+00
1101 0 +4.188875888e+04 +4.195691888e+04 +4.195691888e+04 +3.4872e+00 +3.1971e+00 +1.6209e+00 +3.7026e+00 +2.5932e+00 +2.4103e+00 +1.6716e+00 +3.2506e+00 -1.1877e+00 +2.2935e+00
1151 0 +3.277171719e+04 +3.283987719e+04 +3.283987719e+04 +3.7403e+00 +3.3072e+00 +1.6263e+00 +3.7467e+00 +2.5848e+00 +2.3724e+00 +1.4375e+00 +3.3248e+00 -1.0616e+00 +2.2761e+00
1201 0 +4.574015536e+03 +4.642175536e+03 +4.642175536e+03 +3.6205e+00 +3.2512e+00 +1.6058e+00 +3.7370e+00 +2.5579e+00 +2.4433e+00 +1.5154e+00 +3.3275e+00 -9.9392e-01 +2.2132e+00
1501 0 +2.560148368e+03 +2.628308368e+03 +2.628308368e+03 +3.6327e+00 +3.2367e+00 +1.6038e+00 +3.7417e+00 +2.5832e+00 +2.4932e+00 +1.4979e+00 +3.3408e+00 -1.1084e+00 +2.2201e+00
1601 0 +1.832698304e+03 +1.900858304e+03 +1.900858304e+03 +3.5736e+00 +3.2399e+00 +1.5995e+00 +3.7373e+00 +2.6292e+00 +2.4328e+00 +1.5035e+00 +3.3513e+00 -1.1051e+00 +2.2303e+00
1602 0 +1.598750934e+03 +1.666910934e+03 +1.666910934e+03 +3.5713e+00 +3.2491e+00 +1.6070e+00 +3.7274e+00 +2.6145e+00 +2.4310e+00 +1.5218e+00 +3.3570e+00 -1.1718e+00 +2.2616e+00
1613 0 +1.541202739e+03 +1.609362739e+03 +1.609362739e+03 +3.4862e+00 +3.2472e+00 +1.6354e+00 +3.7140e+00 +2.6620e+00 +2.4205e+00 +1.5175e+00 +3.3594e+00 -1.2700e+00 +2.2675e+00
1651 0 +8.176678662e+02 +8.858278662e+02 +8.858278662e+02 +3.5826e+00 +3.2453e+00 +1.5942e+00 +3.7413e+00 +2.6142e+00 +2.4582e+00 +1.5150e+00 +3.3631e+00 -1.1259e+00 +2.2297e+00
1701 0 +7.785618407e+02 +8.467218407e+02 +8.467218407e+02 +3.5782e+00 +3.2293e+00 +1.5974e+00 +3.7319e+00 +2.5888e+00 +2.4562e+00 +1.5066e+00 +3.3537e+00 -1.1203e+00 +2.2072e+00
1702 0 +5.898765497e+02 +6.580365497e+02 +6.580365497e+02 +3.5640e+00 +3.2607e+00 +1.6115e+00 +3.7211e+00 +2.6076e+00 +2.4351e+00 +1.5069e+00 +3.3531e+00 -1.1387e+00 +2.2256e+00
1803 0 +4.649183524e+02 +5.330783524e+02 +5.330783524e+02 +3.5212e+00 +3.2339e+00 +1.6247e+00 +3.7222e+00 +2.6302e+00 +2.4211e+00 +1.5219e+00 +3.3607e+00 -1.2043e+00 +2.2429e+00
1849 0 +3.954833512e+02 +4.636433512e+02 +4.636433512e+02 +3.5421e+00 +3.2394e+00 +1.6157e+00 +3.7297e+00 +2.6342e+00 +2.4473e+00 +1.5253e+00 +3.3522e+00 -1.1653e+00 +2.2427e+00
1851 0 +1.269119858e+02 +1.950719858e+02 +1.950719858e+02 +3.5347e+00 +3.2351e+00 +1.6133e+00 +3.7320e+00 +2.6279e+00 +2.4374e+00 +1.5152e+00 +3.3568e+00 -1.1915e+00 +2.2483e+00
1901 0 +9.554405752e+01 +1.637040575e+02 +1.637040575e+02 +3.5578e+00 +3.2448e+00 +1.6099e+00 +3.7299e+00 +2.6156e+00 +2.4396e+00 +1.5125e+00 +3.3593e+00 -1.1502e+00 +2.2334e+00
1953 0 +5.938856617e+01 +1.275485662e+02 +1.275485662e+02 +3.5560e+00 +3.2402e+00 +1.6127e+00 +3.7309e+00 +2.6171e+00 +2.4388e+00 +1.5089e+00 +3.3514e+00 -1.1597e+00 +2.2360e+00
2101 0 +3.071628329e+01 +9.887628329e+01 +9.887628329e+01 +3.5409e+00 +3.2397e+00 +1.6173e+00 +3.7306e+00 +2.6231e+00 +2.4390e+00 +1.5144e+00 +3.3582e+00 -1.1762e+00 +2.2372e+00
2251 0 +1.900689714e+01 +8.716689714e+01 +8.716689714e+01 +3.5606e+00 +3.2399e+00 +1.6142e+00 +3.7298e+00 +2.6137e+00 +2.4438e+00 +1.5141e+00 +3.3518e+00 -1.1543e+00 +2.2316e+00
2256 0 +1.515789003e+01 +8.331789003e+01 +8.331789003e+01 +3.5571e+00 +3.2393e+00 +1.6114e+00 +3.7294e+00 +2.6138e+00 +2.4456e+00 +1.5137e+00 +3.3548e+00 -1.1530e+00 +2.2327e+00
2302 0 +1.404142374e+01 +8.220142374e+01 +8.220142374e+01 +3.5581e+00 +3.2401e+00 +1.6102e+00 +3.7331e+00 +2.6122e+00 +2.4442e+00 +1.5124e+00 +3.3537e+00 -1.1533e+00 +2.2316e+00
2401 0 +7.925304456e+00 +7.608530446e+01 +7.608530446e+01 +3.5535e+00 +3.2390e+00 +1.6140e+00 +3.7320e+00 +2.6172e+00 +2.4421e+00 +1.5151e+00 +3.3532e+00 -1.1583e+00 +2.2346e+00
% f evaluations | g evaluations | best noise-free fitness - Fopt (1.000000000000e+03) + sum g_i+ | measured fitness | best measured fitness or single-digit g-values | x1 | x2...
1 0 +9.994469284e+07 +9.994569284e+07 +9.994569284e+07 +5.9671e-01 -3.8264e-02 +7.4769e-01 +1.6230e+00 -1.3415e-01 -1.3414e-01 +1.6792e+00 +8.6743e-01 -3.6947e-01 +6.4256e-01
2 0 +9.497028591e+07 +9.497128591e+07 +9.497128591e+07 -3.6342e-01 -3.6573e-01 +3.4196e-01 -1.8133e+00 -1.6249e+00 -4.6229e-01 -9.1283e-01 +4.1425e-01 -8.0802e-01 -1.3123e+00
4 0 +4.996018428e+07 +4.996118428e+07 +4.996118428e+07 -5.0171e-01 +1.9523e+00 +8.6503e-02 -9.5771e-01 +9.2254e-01 -1.1208e+00 +3.0886e-01 -1.8597e+00 -1.2282e+00 +2.9686e-01
51 0 +3.314109197e+07 +3.314209197e+07 +3.314209197e+07 -1.4302e+00 +2.1071e+00 +1.1087e+00 -8.1069e-01 -8.5335e-01 -1.0351e+00 -1.8784e+00 -6.0997e-01 -6.2951e-01 +5.6510e-01
55 0 +2.979843639e+07 +2.979943639e+07 +2.979943639e+07 -1.7708e+00 +1.0679e+00 +8.8444e-01 +1.1260e+00 -9.9840e-01 +9.3983e-02 -1.1253e+00 -2.2995e+00 -3.3426e-01 +3.4627e+00
102 0 +9.961075773e+06 +9.962075773e+06 +9.962075773e+06 -4.3881e+00 +3.9861e+00 +1.6704e+00 +7.9939e-01 -2.6293e+00 -2.1828e+00 -3.2494e+00 -2.9308e+00 -1.8051e+00 +2.8556e+00
154 0 +6.695915514e+06 +6.696915514e+06 +6.696915514e+06 -2.0979e+00 +2.4969e+00 +3.4842e+00 +1.0827e+00 -3.0274e+00 -2.6036e+00 -4.0256e+00 -2.1735e+00 -3.7609e+00 +2.1462e+00
402 0 +4.256498115e+06 +4.257498115e+06 +4.257498115e+06 -1.6249e+00 +3.1080e+00 +1.7287e+00 -4.8184e-01 -2.1531e+00 -3.8014e+00 -2.7096e+00 -2.7347e+00 -1.2555e+00 +3.0898e+00
406 0 +2.363845164e+06 +2.364845164e+06 +2.364845164e+06 -7.4907e-01 +2.9917e+00 +2.4791e+00 +6.4146e-01 -3.3615e+00 -3.8110e+00 -3.8211e+00 -1.7130e+00 -3.2351e+00 +2.6027e+00
411 0 +2.360716492e+06 +2.361716492e+06 +2.361716492e+06 -5.9091e-01 +2.9438e+00 +2.1355e+00 -4.1708e-01 -3.8833e+00 -4.2056e+00 -3.6659e+00 -2.5980e+00 -3.1718e+00 +3.1082e+00
415 0 +2.029965158e+06 +2.030965158e+06 +2.030965158e+06 -9.7546e-01 +4.9329e+00 +2.6837e+00 +9.3048e-02 -4.0925e+00 -4.1759e+00 -3.8070e+00 -2.1498e+00 -2.3432e+00 +2.5641e+00
504 0 +1.250218350e+06 +1.251218350e+06 +1.251218350e+06 -1.1138e+00 +4.0117e+00 +3.1002e+00 +2.2821e-01 -3.8302e+00 -3.3085e+00 -3.6942e+00 -2.8488e+00 -3.2147e+00 +3.1818e+00
554 0 +9.882463198e+05 +9.892463198e+05 +9.892463198e+05 -2.1590e+00 +2.6217e+00 +2.1844e+00 -4.8330e-01 -3.6691e+00 -3.8514e+00 -3.2297e+00 -3.4483e+00 -2.8303e+00 +2.9361e+00
661 0 +7.406008426e+05 +7.416008426e+05 +7.416008426e+05 -5.9401e-01 +4.1475e+00 +1.7613e+00 +4.1794e-01 -4.2148e+00 -3.6254e+00 -4.2334e+00 -2.4885e+00 -2.8528e+00 +2.2356e+00
707 0 +4.250987400e+05 +4.260987400e+05 +4.260987400e+05 -1.2374e+00 +4.1021e+00 +2.5645e+00 +4.3435e-01 -3.9615e+00 -3.8481e+00 -4.6356e+00 -2.2957e+00 -3.0287e+00 +2.0651e+00
751 0 +2.914380866e+05 +2.924380866e+05 +2.924380866e+05 -1.2380e+00 +3.6971e+00 +2.0090e+00 -9.8382e-02 -3.8338e+00 -3.4803e+00 -4.4299e+00 -2.7182e+00 -2.9439e+00 +2.4104e+00
851 0 +2.766615290e+05 +2.776615290e+05 +2.776615290e+05 -1.3685e+00 +3.9449e+00 +2.2659e+00 -1.1712e-01 -3.7688e+00 -3.8241e+00 -3.9984e+00 -2.2968e+00 -3.0314e+00 +2.4363e+00
852 0 +1.346773291e+05 +1.356773291e+05 +1.356773291e+05 -1.7733e+00 +3.5470e+00 +2.0715e+00 +3.5385e-02 -3.1861e+00 -3.4454e+00 -3.7082e+00 -2.7998e+00 -2.9541e+00 +3.0946e+00
901 0 +4.242602161e+04 +4.342602161e+04 +4.342602161e+04 -1.3196e+00 +3.6450e+00 +2.4088e+00 +3.7871e-02 -3.7279e+00 -3.5212e+00 -3.9851e+00 -2.5502e+00 -3.0652e+00 +2.5807e+00
1102 0 +3.853800317e+04 +3.953800317e+04 +3.953800317e+04 -1.8330e+00 +3.4654e+00 +2.2838e+00 -1.2895e-01 -3.4675e+00 -3.6129e+00 -3.6233e+00 -2.8734e+00 -3.0421e+00 +2.9867e+00
1201 0 +2.131282759e+04 +2.231282759e+04 +2.231282759e+04 -1.3800e+00 +3.5891e+00 +2.2608e+00 +8.2636e-04 -3.6686e+00 -3.5803e+00 -3.9371e+00 -2.6385e+00 -2.8970e+00 +2.7499e+00
1251 0 +1.838995976e+04 +1.938995976e+04 +1.938995976e+04 -1.5237e+00 +3.5878e+00 +2.2589e+00 -4.8626e-02 -3.7594e+00 -3.5023e+00 -3.8811e+00 -2.8009e+00 -2.9627e+00 +2.8236e+00
1301 0 +1.705172903e+04 +1.805172903e+04 +1.805172903e+04 -1.5771e+00 +3.4868e+00 +2.1484e+00 -1.3299e-01 -3.5861e+00 -3.5489e+00 -3.7188e+00 -2.8337e+00 -2.9288e+00 +2.8329e+00
1302 0 +1.030195034e+04 +1.130195034e+04 +1.130195034e+04 -1.5951e+00 +3.5028e+00 +2.3072e+00 -7.3376e-02 -3.5742e+00 -3.5847e+00 -3.7739e+00 -2.7524e+00 -2.9267e+00 +2.8266e+00
1351 0 +6.682861158e+03 +7.682861158e+03 +7.682861158e+03 -1.7493e+00 +3.3936e+00 +2.1438e+00 -1.1696e-01 -3.4801e+00 -3.5314e+00 -3.6440e+00 -2.8395e+00 -2.9609e+00 +2.8893e+00
1401 0 +3.306556613e+03 +4.306556613e+03 +4.306556613e+03 -1.6130e+00 +3.5533e+00 +2.1849e+00 -2.6902e-02 -3.6048e+00 -3.5383e+00 -3.7763e+00 -2.7236e+00 -2.9843e+00 +2.8506e+00
1552 0 +2.723358440e+03 +3.723358440e+03 +3.723358440e+03 -1.7006e+00 +3.4530e+00 +2.1982e+00 -6.9547e-02 -3.5456e+00 -3.5620e+00 -3.7189e+00 -2.8039e+00 -2.9581e+00 +2.8725e+00
1577 0 +2.062420607e+03 +3.062420607e+03 +3.062420607e+03 -1.6265e+00 +3.5198e+00 +2.1799e+00 -4.5197e-02 -3.6267e+00 -3.5316e+00 -3.7237e+00 -2.7616e+00 -2.9657e+00 +2.8478e+00
1578 0 +1.854789193e+03 +2.854789193e+03 +2.854789193e+03 -1.6292e+00 +3.5031e+00 +2.1999e+00 -2.2649e-02 -3.5696e+00 -3.5416e+00 -3.7553e+00 -2.7287e+00 -2.9670e+00 +2.8351e+00
1651 0 +1.261282646e+03 +2.261282646e+03 +2.261282646e+03 -1.6526e+00 +3.4498e+00 +2.2032e+00 -5.7507e-02 -3.5603e+00 -3.5542e+00 -3.7085e+00 -2.7549e+00 -2.9524e+00 +2.8533e+00
1652 0 +6.683486876e+02 +1.668348688e+03 +1.668348688e+03 -1.5751e+00 +3.5418e+00 +2.2202e+00 -3.8042e-02 -3.6398e+00 -3.5508e+00 -3.7876e+00 -2.7357e+00 -2.9680e+00 +2.8018e+00
1816 0 +5.086001468e+02 +1.508600147e+03 +1.508600147e+03 -1.6353e+00 +3.4925e+00 +2.2022e+00 -3.7521e-02 -3.5857e+00 -3.5378e+00 -3.7139e+00 -2.7402e+00 -2.9616e+00 +2.8582e+00
1851 0 +3.598127790e+02 +1.359812779e+03 +1.359812779e+03 -1.6014e+00 +3.5295e+00 +2.2106e+00 -2.7763e-02 -3.6053e+00 -3.5493e+00 -3.7695e+00 -2.7339e+00 -2.9557e+00 +2.8098e+00
1852 0 +3.194688493e+02 +1.319468849e+03 +1.319468849e+03 -1.6081e+00 +3.5113e+00 +2.2043e+00 -3.3286e-02 -3.6073e+00 -3.5389e+00 -3.7461e+00 -2.7386e+00 -2.9602e+00 +2.8465e+00
1927 0 +1.855123384e+02 +1.185512338e+03 +1.185512338e+03 -1.5819e+00 +3.5367e+00 +2.2152e+00 -3.6038e-02 -3.6306e+00 -3.5385e+00 -3.7760e+00 -2.7295e+00 -2.9509e+00 +2.8098e+00
2051 0 +1.260407216e+02 +1.126040722e+03 +1.126040722e+03 -1.6145e+00 +3.5216e+00 +2.2139e+00 -2.8219e-02 -3.6086e+00 -3.5392e+00 -3.7471e+00 -2.7406e+00 -2.9533e+00 +2.8351e+00
2101 0 +1.022625719e+02 +1.102262572e+03 +1.102262572e+03 -1.6066e+00 +3.5250e+00 +2.2194e+00 -3.3293e-02 -3.6089e+00 -3.5447e+00 -3.7465e+00 -2.7286e+00 -2.9550e+00 +2.8234e+00
2122 0 +8.820019497e+01 +1.088200195e+03 +1.088200195e+03 -1.5686e+00 +3.5486e+00 +2.2293e+00 -1.4232e-02 -3.6502e+00 -3.5391e+00 -3.7877e+00 -2.7165e+00 -2.9568e+00 +2.7784e+00
2261 0 +4.644074869e+01 +1.046440749e+03 +1.046440749e+03 -1.6075e+00 +3.5177e+00 +2.2181e+00 -3.6513e-02 -3.6052e+00 -3.5465e+00 -3.7506e+00 -2.7381e+00 -2.9500e+00 +2.8272e+00
2263 0 +3.706454889e+01 +1.037064549e+03 +1.037064549e+03 -1.5824e+00 +3.5503e+00 +2.2225e+00 -2.2068e-02 -3.6382e+00 -3.5454e+00 -3.7762e+00 -2.7221e+00 -2.9509e+00 +2.7985e+00
2301 0 +2.791713198e+01 +1.027917132e+03 +1.027917132e+03 -1.5884e+00 +3.5370e+00 +2.2191e+00 -2.8753e-02 -3.6288e+00 -3.5479e+00 -3.7690e+00 -2.7241e+00 -2.9486e+00 +2.8069e+00
2351 0 +2.650267352e+01 +1.026502674e+03 +1.026502674e+03 -1.5840e+00 +3.5455e+00 +2.2271e+00 -1.9889e-02 -3.6346e+00 -3.5433e+00 -3.7773e+00 -2.7240e+00 -2.9516e+00 +2.7981e+00
2404 0 +2.002982800e+01 +1.020029828e+03 +1.020029828e+03 -1.5808e+00 +3.5427e+00 +2.2206e+00 -2.3422e-02 -3.6319e+00 -3.5433e+00 -3.7700e+00 -2.7247e+00 -2.9502e+00 +2.8018e+00
2462 0 +1.816312809e+01 +1.018163128e+03 +1.018163128e+03 -1.5861e+00 +3.5375e+00 +2.2200e+00 -2.3946e-02 -3.6290e+00 -3.5416e+00 -3.7685e+00 -2.7303e+00 -2.9521e+00 +2.8069e+00
