% f evaluations | g evaluations | best noise-free fitness - Fopt (-2.098800000000e+02) + sum g_i+ | measured fitness | best measured fitness or single-digit g-values | x1 | x2...
1 0 +3.881792436e+06 +3.881582556e+06 +3.881582556e+06 +5.9671e-01 -3.8264e-02 +7.4769e-01 +1.6230e+00 -1.3415e-01
2 0 +1.683626694e+06 +1.683416814e+06 +1.683416814e+06 -1.3414e-01 +1.6792e+00 +8.6743e-01 -3.6947e-01 +6.4256e-01
7 0 +1.022656255e+06 +1.022446375e+06 +1.022446375e+06 -5.0171e-01 +1.9523e+00 +8.6503e-02 -9.5771e-01 +9.2254e-01
11 0 +4.809329989e+05 +4.807231189e+05 +4.807231189e+05 +4.2408e-01 -2.8508e-01 -5.7692e-01 +7.1168e-01 +1.1310e+00
27 0 +3.007311287e+05 +3.005212487e+05 +3.005212487e+05 +8.5734e-01 -1.2525e-01 -2.6900e-01 -2.3637e-01 +2.0667e+00
28 0 +2.440687525e+05 +2.438588725e+05 +2.438588725e+05 +3.7727e-01 +6.0653e-01 -1.4081e+00 -2.5336e-01 +1.9016e+00
29 0 +2.304162617e+05 +2.302063817e+05 +2.302063817e+05 +6.1907e-01 +7.9449e-01 +5.7439e-01 +9.4007e-01 +2.1837e+00
31 0 +1.404176138e+05 +1.402077338e+05 +1.402077338e+05 +5.6821e-01 -4.3899e-02 -3.5382e-01 +4.6445e-01 +1.7327e+00
32 0 +1.292937212e+05 +1.290838412e+05 +1.290838412e+05 +3.6069e-02 -5.2847e-02 +7.2013e-02 +2.0144e+00 +2.1148e+00
34 0 +1.979848873e+04 +1.958860873e+04 +1.958860873e+04 +1.2652e-01 -9.0992e-01 +6.9751e-01 +1.8930e+00 +1.7123e+00
52 0 +1.779390311e+04 +1.758402311e+04 +1.758402311e+04 +1.0726e+00 -2.4136e-01 -1.5645e-01 +2.1670e+00 +1.8320e+00
118 0 +1.602320416e+04 +1.581332416e+04 +1.581332416e+04 -6.9811e-01 -2.1487e+00 -6.5476e-02 +2.4612e+00 +1.8328e+00
229 0 +1.394606889e+04 +1.373618889e+04 +1.373618889e+04 -7.1309e-01 -1.5581e+00 -5.5270e-02 +2.2421e+00 +1.7952e+00
268 0 +1.368473832e+04 +1.347485832e+04 +1.347485832e+04 -1.0268e-02 -8.7143e-01 +3.6691e-01 +2.4700e+00 +1.8430e+00
271 0 +9.373361982e+03 +9.163481982e+03 +9.163481982e+03 -4.6209e-02 -7.9818e-01 +4.7847e-01 +2.4521e+00 +1.7970e+00
351 0 +9.294539147e+03 +9.084659147e+03 +9.084659147e+03 -1.9208e-01 -8.6960e-01 +9.8773e-01 +2.1498e+00 +1.8242e+00
365 0 +8.535112053e+03 +8.325232053e+03 +8.325232053e+03 -1.3101e-01 -1.0581e+00 +7.8120e-01 +2.2610e+00 +1.8101e+00
377 0 +6.103063136e+03 +5.893183136e+03 +5.893183136e+03 -1.0487e-01 -9.4470e-01 +1.3886e+00 +2.2165e+00 +1.7649e+00
388 0 +5.248401958e+03 +5.038521958e+03 +5.038521958e+03 -2.0515e-01 -7.2316e-01 +1.6644e+00 +2.3749e+00 +1.7502e+00
394 0 +4.644942165e+03 +4.435062165e+03 +4.435062165e+03 -2.0058e-01 -4.8404e-01 +1.7136e+00 +2.3276e+00 +1.7566e+00
408 0 +3.764753285e+03 +3.554873285e+03 +3.554873285e+03 +3.9295e-01 -2.8191e-01 +3.5956e+00 +2.0531e+00 +1.7932e+00
434 0 +2.910433093e+03 +2.700553093e+03 +2.700553093e+03 -1.0297e+00 -7.3727e-01 +4.1444e+00 +2.4502e+00 +1.8311e+00
527 0 +2.765031063e+03 +2.555151063e+03 +2.555151063e+03 +2.7706e+00 -2.8746e+00 +4.9196e+00 +2.4745e+00 +1.7988e+00
608 0 +2.415414764e+03 +2.205534764e+03 +2.205534764e+03 -4.7051e+00 -3.3495e+00 +3.5740e+00 +2.1720e+00 +1.8067e+00
622 0 +3.805905997e+02 +1.707105997e+02 +1.707105997e+02 +1.3025e+00 -1.6467e+00 +3.8413e+00 +2.4623e+00 +1.7849e+00
791 0 +3.185407596e+02 +1.086607596e+02 +1.086607596e+02 +1.4555e+00 -1.7953e+00 +3.9395e+00 +2.3993e+00 +1.7900e+00
806 0 +2.820381113e+02 +7.215811128e+01 +7.215811128e+01 +1.0131e+00 -3.3175e-01 +3.5406e+00 +2.2907e+00 +1.7828e+00
812 0 +2.103863505e+02 +5.063504550e-01 +5.063504550e-01 +5.2266e-01 -1.2439e+00 +3.3825e+00 +2.3796e+00 +1.7940e+00
816 0 +1.698667118e+02 -4.001328820e+01 -4.001328820e+01 +7.7861e-01 -1.3079e+00 +3.4483e+00 +2.3698e+00 +1.7788e+00
828 0 +1.580276175e+02 -5.185238249e+01 -5.185238249e+01 +2.7653e+00 +1.3082e+00 +3.4423e+00 +2.3767e+00 +1.7966e+00
846 0 +1.061184447e+02 -1.037615553e+02 -1.037615553e+02 +5.2619e-01 -1.1819e+00 +3.5798e+00 +2.3838e+00 +1.7887e+00
891 0 +1.806703836e+01 -1.918129616e+02 -1.918129616e+02 +1.8827e+00 +6.9239e-01 +3.5077e+00 +2.3809e+00 +1.7823e+00
1019 0 +1.065093723e+01 -1.992290628e+02 -1.992290628e+02 +1.5734e+00 +9.1786e-01 +3.5592e+00 +2.3755e+00 +1.7863e+00
1038 0 +8.199749445e+00 -2.016802506e+02 -2.016802506e+02 +2.1388e+00 +6.8088e-01 +3.5551e+00 +2.3847e+00 +1.7878e+00
1052 0 +7.837442953e+00 -2.020425570e+02 -2.020425570e+02 +1.9916e+00 +8.1604e-01 +3.5302e+00 +2.3771e+00 +1.7862e+00
1057 0 +4.246995548e+00 -2.056330045e+02 -2.056330045e+02 +1.7731e+00 +4.6384e-01 +3.5269e+00 +2.3883e+00 +1.7838e+00
1062 0 +2.825613253e+00 -2.070543867e+02 -2.070543867e+02 +1.8750e+00 +4.1105e-01 +3.5318e+00 +2.3928e+00 +1.7848e+00
1083 0 +2.184714848e+00 -2.076952852e+02 -2.076952852e+02 +1.6836e+00 +3.8537e-01 +3.5256e+00 +2.3905e+00 +1.7862e+00
1131 0 +1.565203236e+00 -2.083147968e+02 -2.083147968e+02 +1.7014e+00 +4.6550e-01 +3.5463e+00 +2.3811e+00 +1.7861e+00
1158 0 +1.134259673e+00 -2.087457403e+02 -2.087457403e+02 +2.1012e+00 +5.1429e-01 +3.5493e+00 +2.3856e+00 +1.7851e+00
1234 0 +8.989422285e-01 -2.089810578e+02 -2.089810578e+02 +1.8972e+00 +5.0281e-01 +3.5594e+00 +2.3835e+00 +1.7855e+00
% f evaluations | g evaluations | best noise-free fitness - Fopt (-9.209000000000e+01) + sum g_i+ | measured fitness | best measured fitness or single-digit g-values | x1 | x2...
1 0 +3.580459808e+05 +3.579538908e+05 +3.579538908e+05 +5.9671e-01 -3.8264e-02 +7.4769e-01 +1.6230e+00 -1.3415e-01
5 0 +1.187055269e+05 +1.186134369e+05 +1.186134369e+05 +1.5656e+00 -1.2578e-01 +1.6753e-01 -1.3247e+00 -4.4438e-01
6 0 +6.687542995e+04 +6.678333995e+04 +6.678333995e+04 +2.1092e-01 -1.0510e+00 +4.7570e-01 -5.0064e-01 -1.9169e-01
21 0 +5.126596986e+04 +5.117387986e+04 +5.117387986e+04 -1.3154e+00 -3.2065e-01 -2.4271e-01 -7.0228e-01 -6.1286e-02
43 0 +1.878711530e+04 +1.869502530e+04 +1.869502530e+04 -1.9890e-01 -1.7455e+00 +2.1615e-02 -1.2076e+00 -5.0088e-02
53 0 +1.870088325e+04 +1.860879325e+04 +1.860879325e+04 -1.4491e+00 -3.1513e+00 +9.8313e-01 -1.8594e+00 +1.6739e-02
59 0 +1.330072632e+04 +1.320863632e+04 +1.320863632e+04 -2.9454e+00 -1.8827e+00 +1.0523e-01 -1.5748e+00 -2.2676e-02
144 0 +1.056100790e+04 +1.046891790e+04 +1.046891790e+04 +5.0161e-01 -3.4767e+00 +2.3147e+00 -1.8196e+00 -1.8849e-01
176 0 +1.019415529e+04 +1.010206529e+04 +1.010206529e+04 +1.4859e+00 +1.3372e+00 +2.6093e+00 -1.5414e+00 -1.3967e-01
231 0 +2.593617190e+03 +2.501527190e+03 +2.501527190e+03 +2.3092e+00 +1.0324e-01 +1.3021e+00 -1.9139e+00 -1.3987e-01
256 0 +2.079476576e+03 +1.987386576e+03 +1.987386576e+03 +5.8660e-01 +5.3310e-01 +1.8078e-01 -1.9635e+00 -1.5298e-01
307 0 +1.458146380e+03 +1.366056380e+03 +1.366056380e+03 +9.9506e-01 +7.6415e-01 -4.0758e-01 -1.7594e+00 -8.5333e-02
366 0 +7.786823295e+02 +6.865923295e+02 +6.865923295e+02 -1.5805e+00 -1.5776e+00 +3.0801e-01 -1.9004e+00 -1.1471e-01
451 0 +6.031559606e+02 +5.110659606e+02 +5.110659606e+02 -1.0089e+00 -1.0455e+00 +4.7699e-01 -1.8532e+00 -1.2279e-01
477 0 +4.002243439e+02 +3.081343439e+02 +3.081343439e+02 +3.7138e+00 +1.9434e+00 +5.7222e-02 -1.9356e+00 -1.1617e-01
540 0 +3.935218783e+02 +3.014318783e+02 +3.014318783e+02 +4.3176e+00 +2.2120e+00 +3.1082e-01 -1.7592e+00 -1.3323e-01
564 0 +2.336050440e+02 +1.415150440e+02 +1.415150440e+02 +4.4229e+00 +1.8306e+00 +1.5812e-01 -1.8661e+00 -1.3123e-01
569 0 +1.514588214e+02 +5.936882143e+01 +5.936882143e+01 +4.5244e+00 +3.2221e+00 +2.9726e-01 -1.8723e+00 -1.2178e-01
650 0 +1.042230989e+02 +1.213309886e+01 +1.213309886e+01 +2.4225e+00 +3.3327e+00 +1.2714e-02 -1.8749e+00 -1.2022e-01
744 0 +6.745465873e+01 -2.463534127e+01 -2.463534127e+01 -3.4868e+00 +3.5701e+00 +1.9843e-01 -1.8138e+00 -1.2160e-01
757 0 +4.987587867e+01 -4.221412133e+01 -4.221412133e+01 -2.4273e+00 +3.1049e+00 +1.6586e-01 -1.8525e+00 -1.1652e-01
773 0 +3.621823257e+01 -5.587176743e+01 -5.587176743e+01 -3.8424e+00 +2.3600e+00 +1.0180e-01 -1.8414e+00 -1.1700e-01
805 0 +2.698268582e+01 -6.510731418e+01 -6.510731418e+01 -1.4911e+00 +2.7105e+00 +1.5825e-01 -1.8431e+00 -1.2217e-01
848 0 +1.143538630e+01 -8.065461370e+01 -8.065461370e+01 -1.4617e+00 +2.6446e+00 +1.2445e-01 -1.8376e+00 -1.1767e-01
893 0 +5.407359422e+00 -8.668264058e+01 -8.668264058e+01 -1.7554e-01 +2.9048e+00 +5.6422e-02 -1.8274e+00 -1.2007e-01
921 0 +4.416351286e+00 -8.767364871e+01 -8.767364871e+01 -8.2661e-01 +2.7302e+00 +5.9860e-02 -1.8280e+00 -1.1951e-01
936 0 +1.289628383e+00 -9.080037162e+01 -9.080037162e+01 +1.0142e+00 +2.6810e+00 +6.1071e-02 -1.8254e+00 -1.1957e-01
1021 0 +9.131383241e-01 -9.117686168e+01 -9.117686168e+01 +3.0897e-01 +2.5121e+00 +7.3872e-02 -1.8266e+00 -1.1892e-01
1057 0 +7.145691042e-01 -9.137543090e+01 -9.137543090e+01 +5.8697e-01 +2.6775e+00 +7.3787e-02 -1.8263e+00 -1.1970e-01
1062 0 +6.050642723e-01 -9.148493573e+01 -9.148493573e+01 +2.7200e-01 +2.5649e+00 +9.8618e-02 -1.8256e+00 -1.1875e-01
1077 0 +5.282822713e-01 -9.156171773e+01 -9.156171773e+01 +9.2745e-01 +2.6199e+00 +7.2118e-02 -1.8272e+00 -1.1955e-01
1083 0 +2.797431286e-01 -9.181025687e+01 -9.181025687e+01 +8.4974e-01 +2.6615e+00 +8.6658e-02 -1.8290e+00 -1.1915e-01
1088 0 +1.996414007e-01 -9.189035860e+01 -9.189035860e+01 +5.8958e-01 +2.6327e+00 +8.0225e-02 -1.8250e+00 -1.1937e-01
1159 0 +1.486477662e-01 -9.194135223e+01 -9.194135223e+01 +4.4957e-01 +2.6375e+00 +9.5720e-02 -1.8262e+00 -1.1940e-01
1177 0 +7.159469719e-02 -9.201840530e+01 -9.201840530e+01 +5.0820e-01 +2.5952e+00 +9.1357e-02 -1.8265e+00 -1.1920e-01
1192 0 +6.728922175e-03 -9.208327108e+01 -9.208327108e+01 +6.6624e-01 +2.6245e+00 +9.0478e-02 -1.8265e+00 -1.1925e-01
% f evaluations | g evaluations | best noise-free fitness - Fopt (-8.789000000000e+01) + sum g_i+ | measured fitness | best measured fitness or single-digit g-values | x1 | x2...
1 0 +8.944824187e+06 +8.944736297e+06 +8.944736297e+06 +5.9671e-01 -3.8264e-02 +7.4769e-01 +1.6230e+00 -1.3415e-01
3 0 +2.042668877e+06 +2.042580987e+06 +2.042580987e+06 -3.6342e-01 -3.6573e-01 +3.4196e-01 -1.8133e+00 -1.6249e+00
15 0 +8.090460595e+05 +8.089581695e+05 +8.089581695e+05 +4.6140e-01 +1.6380e+00 +6.4174e-02 +1.6646e+00 -2.5197e+00
26 0 +3.186435389e+05 +3.185556489e+05 +3.185556489e+05 -9.3732e-02 +3.6366e-01 +4.0184e-01 -1.1847e+00 -3.6528e+00
32 0 +8.290349246e+04 +8.281560246e+04 +8.281560246e+04 -3.2660e-02 -1.7114e-01 +1.8101e+00 -6.5687e-01 -3.2100e+00
51 0 +7.766757745e+04 +7.757968745e+04 +7.757968745e+04 -5.5164e-01 -9.3583e-01 +1.5569e+00 -6.3248e-01 -3.1927e+00
57 0 +6.529542070e+04 +6.520753070e+04 +6.520753070e+04 -3.1069e-01 -1.4090e+00 +1.9637e-01 -1.5985e+00 -2.8479e+00
64 0 +1.745596189e+04 +1.736807189e+04 +1.736807189e+04 +5.6965e-01 -1.6845e+00 -1.3926e+00 -2.0102e+00 -2.9890e+00
82 0 +5.997919749e+03 +5.910029749e+03 +5.910029749e+03 -8.4445e-02 -4.2907e+00 +3.1794e-01 -2.1735e+00 -3.1412e+00
280 0 +5.167528602e+03 +5.079638602e+03 +5.079638602e+03 -6.6652e-01 -2.9602e+00 -2.2244e-01 -1.9047e+00 -3.0857e+00
378 0 +5.051404931e+03 +4.963514931e+03 +4.963514931e+03 -6.9605e-01 -3.4149e+00 -5.5330e-01 -2.1557e+00 -3.0762e+00
383 0 +4.047554373e+03 +3.959664373e+03 +3.959664373e+03 -7.5312e-01 -3.0848e+00 -1.5967e-01 -2.0303e+00 -3.0673e+00
441 0 +3.447604621e+03 +3.359714621e+03 +3.359714621e+03 -3.8891e-01 -2.6086e+00 -1.0226e-01 -2.1830e+00 -3.0869e+00
453 0 +1.684122152e+03 +1.596232152e+03 +1.596232152e+03 -8.1768e-01 -2.3480e+00 +7.1220e-01 -2.1970e+00 -3.0958e+00
483 0 +1.219851862e+03 +1.131961862e+03 +1.131961862e+03 -8.7078e-01 -2.1007e+00 +8.6748e-01 -2.1627e+00 -3.0866e+00
521 0 +1.123472230e+03 +1.035582230e+03 +1.035582230e+03 -4.0868e-01 -2.5659e+00 +1.4277e+00 -2.1116e+00 -3.0839e+00
787 0 +5.861506980e+02 +4.982606980e+02 +4.982606980e+02 -9.2045e-01 +1.9459e+00 +5.9781e-01 -2.1724e+00 -3.0855e+00
801 0 +4.558941345e+02 +3.680041345e+02 +3.680041345e+02 -5.5962e-01 +8.6728e-01 +7.9237e-01 -2.1101e+00 -3.0857e+00
854 0 +2.225192915e+02 +1.346292915e+02 +1.346292915e+02 +1.1293e-01 +1.1548e+00 +1.1780e+00 -2.1005e+00 -3.0877e+00
884 0 +1.861155659e+02 +9.822556588e+01 +9.822556588e+01 -6.9363e-01 +1.7183e+00 +1.2804e+00 -2.1486e+00 -3.0800e+00
936 0 +1.421023434e+02 +5.421234341e+01 +5.421234341e+01 +1.3671e+00 +2.1103e+00 +1.0865e+00 -2.1144e+00 -3.0781e+00
939 0 +1.397550223e+02 +5.186502230e+01 +5.186502230e+01 +1.3667e+00 +1.7903e+00 +1.2547e+00 -2.0973e+00 -3.0785e+00
998 0 +1.396129031e+02 +5.172290307e+01 +5.172290307e+01 +7.7444e-01 +1.8659e+00 +1.2350e+00 -2.1388e+00 -3.0834e+00
1008 0 +9.685431125e+01 +8.964311255e+00 +8.964311255e+00 +2.6294e+00 +3.4976e+00 +1.4633e+00 -2.0808e+00 -3.0861e+00
1037 0 +3.877750629e+01 -4.911249371e+01 -4.911249371e+01 +2.5510e+00 +3.2995e+00 +1.3704e+00 -2.1031e+00 -3.0858e+00
1131 0 +3.699017848e+01 -5.089982152e+01 -5.089982152e+01 +3.9563e+00 +3.5360e+00 +1.2079e+00 -2.0886e+00 -3.0794e+00
1201 0 +3.266894460e+01 -5.522105540e+01 -5.522105540e+01 +3.9616e+00 +3.3613e+00 +1.2178e+00 -2.1205e+00 -3.0857e+00
1219 0 +2.052045414e+01 -6.736954586e+01 -6.736954586e+01 +3.0988e+00 +3.6280e+00 +1.1653e+00 -2.0961e+00 -3.0831e+00
1227 0 +9.859391167e+00 -7.803060883e+01 -7.803060883e+01 +3.3153e+00 +3.5996e+00 +1.2495e+00 -2.1139e+00 -3.0826e+00
% f evaluations | g evaluations | best noise-free fitness - Fopt (3.201900000000e+02) + sum g_i+ | measured fitness | best measured fitness or single-digit g-values | x1 | x2...
1 0 +1.071916706e+07 +1.071948725e+07 +1.071948725e+07 +5.9671e-01 -3.8264e-02 +7.4769e-01 +1.6230e+00 -1.3415e-01
3 0 +3.068794891e+06 +3.069115081e+06 +3.069115081e+06 -3.6342e-01 -3.6573e-01 +3.4196e-01 -1.8133e+00 -1.6249e+00
10 0 +2.917830563e+06 +2.918150753e+06 +2.918150753e+06 -6.1984e-01 -3.6064e-01 +1.1571e+00 +4.4362e-01 -1.6630e+00
15 0 +1.052203239e+06 +1.052523429e+06 +1.052523429e+06 +4.6140e-01 +1.6380e+00 +6.4174e-02 +1.6646e+00 -2.5197e+00
26 0 +3.453502377e+05 +3.456704277e+05 +3.456704277e+05 +1.9202e+00 +1.6675e-01 -1.7013e-01 +1.6785e-01 -4.0584e+00
28 0 +8.675008820e+04 +8.707027820e+04 +8.707027820e+04 +2.0026e-01 +2.1899e-02 +4.8914e-01 +2.2877e-01 -3.2636e+00
35 0 +7.008322253e+04 +7.040341253e+04 +7.040341253e+04 -5.6126e-01 +7.7972e-01 -2.0516e+00 -4.6486e-01 -3.7010e+00
41 0 +6.140212481e+04 +6.172231481e+04 +6.172231481e+04 -3.1624e+00 -2.6984e-01 -1.8472e+00 -1.5001e+00 -3.6642e+00
68 0 +2.176344581e+04 +2.208363581e+04 +2.208363581e+04 -4.6137e+00 +6.7518e-01 +2.4879e+00 -5.8043e-01 -3.3310e+00
116 0 +9.053549594e+03 +9.373739594e+03 +9.373739594e+03 -1.9462e+00 +1.6792e+00 -9.3427e-01 -9.2267e-01 -3.5284e+00
169 0 +7.510048522e+03 +7.830238522e+03 +7.830238522e+03 +4.2689e-02 -1.0183e+00 +8.2938e-01 -1.3224e+00 -3.4833e+00
176 0 +6.467203971e+03 +6.787393971e+03 +6.787393971e+03 -2.2228e+00 -3.4647e-01 -8.8406e-01 -7.4355e-01 -3.4403e+00
285 0 +5.792048407e+03 +6.112238407e+03 +6.112238407e+03 -1.3157e+00 +8.1421e-01 -8.1746e-01 -7.0540e-01 -3.4749e+00
287 0 +5.374541706e+03 +5.694731706e+03 +5.694731706e+03 +8.2257e-02 +1.7345e+00 -4.8586e-01 -6.8130e-01 -3.4791e+00
297 0 +4.652398091e+03 +4.972588091e+03 +4.972588091e+03 -6.6809e-01 +7.0031e-01 -5.9044e-01 -8.5492e-01 -3.4514e+00
377 0 +3.803295483e+03 +4.123485483e+03 +4.123485483e+03 -1.4519e+00 +9.2646e-01 -1.8800e-01 -7.4380e-01 -3.4600e+00
476 0 +3.563111709e+03 +3.883301709e+03 +3.883301709e+03 -1.3743e+00 +6.3780e-01 -2.5219e-01 -8.9878e-01 -3.4600e+00
505 0 +3.328933614e+03 +3.649123614e+03 +3.649123614e+03 -1.3415e+00 +8.3071e-01 -1.4665e-01 -7.9152e-01 -3.4608e+00
526 0 +3.078204980e+03 +3.398394980e+03 +3.398394980e+03 -1.1669e+00 +5.5166e-01 -1.1239e-01 -8.3767e-01 -3.4607e+00
541 0 +3.062805686e+03 +3.382995686e+03 +3.382995686e+03 -8.8517e-01 +1.0732e+00 +5.0291e-02 -7.3417e-01 -3.4624e+00
552 0 +2.111742766e+03 +2.431932766e+03 +2.431932766e+03 -8.5169e-01 +1.1752e+00 +2.7430e-01 -8.0304e-01 -3.4547e+00
611 0 +1.627117441e+03 +1.947307441e+03 +1.947307441e+03 -3.7698e-01 +1.0329e+00 +4.6304e-01 -7.6215e-01 -3.4588e+00
628 0 +8.668283001e+02 +1.187018300e+03 +1.187018300e+03 +5.3706e-01 +9.5964e-01 +9.0011e-01 -8.1232e-01 -3.4841e+00
634 0 +6.573618028e+02 +9.775518028e+02 +9.775518028e+02 -6.1990e-01 +3.3587e-01 +1.2321e+00 -9.4766e-01 -3.4823e+00
805 0 +1.581765643e+02 +4.783665643e+02 +4.783665643e+02 -3.2707e+00 -2.8542e+00 +1.2495e+00 -9.0994e-01 -3.4642e+00
967 0 +1.429481890e+02 +4.631381890e+02 +4.631381890e+02 +3.0655e+00 -4.1753e+00 +1.2775e+00 -8.5443e-01 -3.4707e+00
1009 0 +1.167413519e+02 +4.369313519e+02 +4.369313519e+02 +1.1760e+00 -3.7010e+00 +1.5496e+00 -8.8002e-01 -3.4729e+00
1037 0 +9.077406111e+01 +4.109640611e+02 +4.109640611e+02 +1.2956e+00 -1.5488e+00 +1.3612e+00 -8.8621e-01 -3.4629e+00
1040 0 +4.860229557e+01 +3.687922956e+02 +3.687922956e+02 +5.1014e-01 -2.1545e+00 +1.4317e+00 -8.5119e-01 -3.4627e+00
1065 0 +2.707925182e+01 +3.472692518e+02 +3.472692518e+02 +7.8565e-01 -2.4320e+00 +1.2640e+00 -8.5529e-01 -3.4715e+00
1187 0 +2.173290110e+01 +3.419229011e+02 +3.419229011e+02 -9.2377e-02 -1.9025e+00 +1.3092e+00 -8.7062e-01 -3.4711e+00
1213 0 +1.895852679e+01 +3.391485268e+02 +3.391485268e+02 +7.8634e-01 -2.4545e+00 +1.4104e+00 -8.7955e-01 -3.4681e+00
1239 0 +1.453058363e+01 +3.347205836e+02 +3.347205836e+02 +5.4529e-01 -2.9470e+00 +1.4292e+00 -8.6698e-01 -3.4687e+00
1245 0 +8.366523808e+00 +3.285565238e+02 +3.285565238e+02 +9.3200e-01 -2.4167e+00 +1.3212e+00 -8.5334e-01 -3.4698e+00
% f evaluations | g evaluations | best noise-free fitness - Fopt (-1.042400000000e+02) + sum g_i+ | measured fitness | best measured fitness or single-digit g-values | x1 | x2...
1 0 +1.555253018e+05 +1.554210618e+05 +1.554210618e+05 +5.9671e-01 -3.8264e-02 +7.4769e-01 +1.6230e+00 -1.3415e-01
6 0 +2.053525433e+04 +2.043101433e+04 +2.043101433e+04 +2.1092e-01 -1.0510e+00 +4.7570e-01 -5.0064e-01 -1.9169e-01
20 0 +1.963691347e+04 +1.953267347e+04 +1.953267347e+04 -1.3635e+00 +3.9612e-01 +3.6106e-01 +1.0511e-01 -1.3459e-01
21 0 +4.661114349e+03 +4.556874349e+03 +4.556874349e+03 -1.3154e+00 -3.2065e-01 -2.4271e-01 -7.0228e-01 -6.1286e-02
51 0 +1.952130828e+03 +1.847890828e+03 +1.847890828e+03 -5.2625e-01 +1.0103e+00 +1.3430e+00 -3.2823e-01 -7.7064e-02
120 0 +6.841522066e+02 +5.799122066e+02 +5.799122066e+02 -9.5614e-01 -2.8030e+00 +1.3441e+00 -5.5896e-01 -8.1356e-02
183 0 +3.431139283e+02 +2.388739283e+02 +2.388739283e+02 -1.2391e+00 -3.2800e+00 +1.0477e+00 -4.1652e-01 -4.8946e-02
242 0 +2.608988034e+02 +1.566588034e+02 +1.566588034e+02 -1.8942e+00 -2.3491e+00 +1.6637e+00 -4.4986e-01 -5.9779e-02
274 0 +7.983912206e+01 -2.440087794e+01 -2.440087794e+01 -2.1264e+00 -2.4764e+00 +1.2477e+00 -5.0592e-01 -5.7375e-02
541 0 +6.303175451e+01 -4.120824549e+01 -4.120824549e+01 -2.1204e+00 -3.0873e+00 +1.2919e+00 -4.5964e-01 -5.5371e-02
575 0 +5.374024803e+01 -5.049975197e+01 -5.049975197e+01 -2.2711e+00 -3.3021e+00 +1.3791e+00 -4.6285e-01 -5.9147e-02
606 0 +3.486229512e+01 -6.937770488e+01 -6.937770488e+01 -1.7089e+00 -3.8445e+00 +1.4103e+00 -4.7274e-01 -5.6165e-02
636 0 +3.025194811e+01 -7.398805189e+01 -7.398805189e+01 -1.8629e+00 -3.3045e+00 +1.3343e+00 -4.9571e-01 -6.1578e-02
640 0 +1.570359195e+01 -8.853640805e+01 -8.853640805e+01 -2.6219e+00 -3.8150e+00 +1.3333e+00 -5.0088e-01 -5.6380e-02
676 0 +1.300219135e+01 -9.123780865e+01 -9.123780865e+01 -2.4622e+00 -3.7244e+00 +1.3065e+00 -4.8270e-01 -5.7873e-02
700 0 +9.244517458e+00 -9.499548254e+01 -9.499548254e+01 -2.1290e+00 -3.6842e+00 +1.2824e+00 -4.9507e-01 -5.9020e-02
725 0 +8.880994824e+00 -9.535900518e+01 -9.535900518e+01 -2.3946e+00 -3.7918e+00 +1.3382e+00 -4.9016e-01 -5.8604e-02
733 0 +7.902604400e+00 -9.633739560e+01 -9.633739560e+01 -2.0652e+00 -3.7960e+00 +1.3318e+00 -4.9900e-01 -5.7742e-02
743 0 +7.824280888e+00 -9.641571911e+01 -9.641571911e+01 -2.4340e+00 -3.8576e+00 +1.3104e+00 -4.9184e-01 -5.8681e-02
759 0 +6.907481476e+00 -9.733251852e+01 -9.733251852e+01 -2.0331e+00 -3.7627e+00 +1.3060e+00 -4.9048e-01 -5.8909e-02
808 0 +6.626470651e+00 -9.761352935e+01 -9.761352935e+01 -2.0977e+00 -3.7813e+00 +1.3087e+00 -4.9096e-01 -5.8449e-02
860 0 +6.215910845e+00 -9.802408915e+01 -9.802408915e+01 -2.0031e+00 -3.9833e+00 +1.3031e+00 -4.9168e-01 -5.9061e-02
884 0 +5.737528724e+00 -9.850247128e+01 -9.850247128e+01 -2.0052e+00 -3.9669e+00 +1.3162e+00 -4.9526e-01 -5.8054e-02
954 0 +5.709951164e+00 -9.853004884e+01 -9.853004884e+01 -2.0200e+00 -3.9129e+00 +1.3246e+00 -4.9205e-01 -5.8555e-02
961 0 +5.658478660e+00 -9.858152134e+01 -9.858152134e+01 -2.0004e+00 -3.9526e+00 +1.3231e+00 -4.9186e-01 -5.8259e-02
966 0 +5.453568272e+00 -9.878643173e+01 -9.878643173e+01 -1.9855e+00 -3.9047e+00 +1.3198e+00 -4.9392e-01 -5.8186e-02
1002 0 +5.359340600e+00 -9.888065940e+01 -9.888065940e+01 -1.9254e+00 -3.9118e+00 +1.3154e+00 -4.9093e-01 -5.8515e-02
1014 0 +5.260955922e+00 -9.897904408e+01 -9.897904408e+01 -1.9517e+00 -3.9154e+00 +1.3096e+00 -4.9351e-01 -5.8506e-02
1026 0 +5.260127590e+00 -9.897987241e+01 -9.897987241e+01 -1.8462e+00 -3.8351e+00 +1.3219e+00 -4.9546e-01 -5.8266e-02
1027 0 +5.117513690e+00 -9.912248631e+01 -9.912248631e+01 -1.8622e+00 -3.8681e+00 +1.3236e+00 -4.9422e-01 -5.8363e-02
1035 0 +4.994781534e+00 -9.924521847e+01 -9.924521847e+01 -1.8238e+00 -3.8628e+00 +1.3080e+00 -4.9518e-01 -5.8341e-02
1051 0 +4.982421225e+00 -9.925757878e+01 -9.925757878e+01 -1.8334e+00 -3.8549e+00 +1.3119e+00 -4.9422e-01 -5.8181e-02
1076 0 +4.836130991e+00 -9.940386901e+01 -9.940386901e+01 -1.8105e+00 -3.9036e+00 +1.3183e+00 -4.9289e-01 -5.8126e-02
1086 0 +4.742530189e+00 -9.949746981e+01 -9.949746981e+01 -1.7193e+00 -3.8892e+00 +1.3255e+00 -4.9424e-01 -5.8053e-02
1100 0 +4.712645230e+00 -9.952735477e+01 -9.952735477e+01 -1.6425e+00 -3.8629e+00 +1.3110e+00 -4.9695e-01 -5.8496e-02
1119 0 +4.436364417e+00 -9.980363558e+01 -9.980363558e+01 -1.6245e+00 -3.8615e+00 +1.3236e+00 -4.9279e-01 -5.8666e-02
1128 0 +4.288694876e+00 -9.995130512e+01 -9.995130512e+01 -1.6381e+00 -3.8716e+00 +1.3174e+00 -4.9371e-01 -5.8458e-02
1131 0 +4.239274748e+00 -1.000007253e+02 -1.000007253e+02 -1.6427e+00 -3.9060e+00 +1.3181e+00 -4.9412e-01 -5.8325e-02
1155 0 +4.020677175e+00 -1.002193228e+02 -1.002193228e+02 -1.4945e+00 -3.9488e+00 +1.3101e+00 -4.9297e-01 -5.8806e-02
1176 0 +3.878894326e+00 -1.003611057e+02 -1.003611057e+02 -1.5137e+00 -3.9210e+00 +1.3132e+00 -4.9488e-01 -5.8427e-02
1227 0 +3.874127921e+00 -1.003658721e+02 -1.003658721e+02 -1.5161e+00 -3.9294e+00 +1.3109e+00 -4.9435e-01 -5.8520e-02
1228 0 +3.850530431e+00 -1.003894696e+02 -1.003894696e+02 -1.4925e+00 -3.9291e+00 +1.3169e+00 -4.9509e-01 -5.8427e-02
1229 0 +3.848236834e+00 -1.003917632e+02 -1.003917632e+02 -1.5068e+00 -3.9170e+00 +1.3201e+00 -4.9357e-01 -5.8443e-02
% f evaluations | g evaluations | best noise-free fitness - Fopt (-6.785000000000e+01) + sum g_i+ | measured fitness | best measured fitness or single-digit g-values | x1 | x2...
1 0 +1.888040833e+06 +1.887972983e+06 +1.887972983e+06 +5.9671e-01 -3.8264e-02 +7.4769e-01 +1.6230e+00 -1.3415e-01
3 0 +7.904876169e+05 +7.904197669e+05 +7.904197669e+05 -3.6342e-01 -3.6573e-01 +3.4196e-01 -1.8133e+00 -1.6249e+00
4 0 +4.719640159e+05 +4.718961659e+05 +4.718961659e+05 -4.6229e-01 -9.1283e-01 +4.1425e-01 -8.0802e-01 -1.3123e+00
9 0 +3.230130970e+05 +3.229452470e+05 +3.229452470e+05 +8.3847e-01 +2.7137e-01 -1.5648e-02 -2.0110e-01 -1.3785e+00
10 0 +2.914170861e+05 +2.913492361e+05 +2.913492361e+05 -6.1984e-01 -3.6064e-01 +1.1571e+00 +4.4362e-01 -1.6630e+00
36 0 +2.533884084e+05 +2.533205584e+05 +2.533205584e+05 +2.8702e-01 -4.6983e-01 +1.3556e+00 +3.3809e-01 -1.5516e+00
52 0 +1.195619638e+05 +1.194941138e+05 +1.194941138e+05 +3.2047e-01 +2.3994e-01 +2.1929e+00 +1.5789e+00 -1.1661e+00
81 0 +8.521506920e+04 +8.514721920e+04 +8.514721920e+04 +2.8157e+00 +4.4183e+00 -3.1484e-01 +1.6188e+00 -1.2779e+00
83 0 +4.824883292e+04 +4.818098292e+04 +4.818098292e+04 +1.3772e+00 +1.3858e+00 +3.2974e+00 +4.1045e+00 -1.4207e+00
89 0 +4.402504582e+04 +4.395719582e+04 +4.395719582e+04 +4.7700e-01 +4.2435e-01 +2.9784e+00 +2.8178e+00 -1.1640e+00
92 0 +1.078111970e+04 +1.071326970e+04 +1.071326970e+04 +6.9731e-01 +1.6986e+00 +3.1952e+00 +2.8523e+00 -1.4483e+00
176 0 +8.299398674e+03 +8.231548674e+03 +8.231548674e+03 +2.4944e-01 +1.0901e+00 +2.8919e+00 +2.8198e+00 -1.4360e+00
178 0 +4.532086590e+03 +4.464236590e+03 +4.464236590e+03 +1.3691e+00 +2.1403e+00 +1.3662e+00 +3.2373e+00 -1.3109e+00
253 0 +4.221573147e+03 +4.153723147e+03 +4.153723147e+03 +1.9018e+00 +9.8918e-01 +2.7568e+00 +3.0778e+00 -1.3181e+00
255 0 +3.203858737e+03 +3.136008737e+03 +3.136008737e+03 +1.6677e+00 +1.0144e+00 +1.0992e+00 +2.9777e+00 -1.3123e+00
266 0 +4.061507691e+02 +3.383007691e+02 +3.383007691e+02 +1.2492e+00 +1.3270e+00 +9.0236e-01 +3.1004e+00 -1.3633e+00
318 0 +1.935247285e+02 +1.256747285e+02 +1.256747285e+02 +1.4330e+00 +1.2891e+00 +1.4417e+00 +3.0630e+00 -1.3683e+00
505 0 +1.716936653e+02 +1.038436653e+02 +1.038436653e+02 +1.5501e+00 +1.0412e+00 +1.3562e+00 +3.0297e+00 -1.3683e+00
508 0 +1.649300809e+02 +9.708008091e+01 +9.708008091e+01 +1.4483e+00 +1.0570e+00 +1.1513e+00 +3.0176e+00 -1.3586e+00
535 0 +1.156931001e+02 +4.784310010e+01 +4.784310010e+01 +1.2501e+00 +1.2623e+00 +1.3066e+00 +3.0455e+00 -1.3626e+00
566 0 +9.940195774e+01 +3.155195774e+01 +3.155195774e+01 +9.8450e-01 +1.4631e+00 +1.2693e+00 +3.0145e+00 -1.3610e+00
632 0 +9.001940560e+01 +2.216940560e+01 +2.216940560e+01 +7.1302e-01 +1.6712e+00 +1.3451e+00 +3.0502e+00 -1.3584e+00
713 0 +6.697469749e+01 -8.753025124e-01 -8.753025124e-01 +9.1035e-01 +2.8464e+00 +1.2317e+00 +3.0634e+00 -1.3670e+00
740 0 +8.712824237e+00 -5.913717576e+01 -5.913717576e+01 +1.3140e+00 +2.6264e+00 +1.3490e+00 +3.0265e+00 -1.3625e+00
931 0 +6.385976601e+00 -6.146402340e+01 -6.146402340e+01 +1.1861e-01 +2.7661e+00 +1.2658e+00 +3.0352e+00 -1.3628e+00
956 0 +3.284064170e+00 -6.456593583e+01 -6.456593583e+01 +3.2366e-01 +3.0130e+00 +1.2707e+00 +3.0365e+00 -1.3625e+00
1114 0 +1.354202759e+00 -6.649579724e+01 -6.649579724e+01 +1.2634e+00 +2.9206e+00 +1.3059e+00 +3.0304e+00 -1.3626e+00
1137 0 +8.363164016e-01 -6.701368360e+01 -6.701368360e+01 +1.1537e+00 +2.9749e+00 +1.2850e+00 +3.0316e+00 -1.3621e+00
1141 0 +7.590457229e-01 -6.709095428e+01 -6.709095428e+01 +1.1710e+00 +3.0025e+00 +1.3226e+00 +3.0314e+00 -1.3610e+00
1147 0 +6.147539283e-01 -6.723524607e+01 -6.723524607e+01 +3.7956e-01 +3.1011e+00 +1.3120e+00 +3.0301e+00 -1.3613e+00
1177 0 +4.189710682e-01 -6.743102893e+01 -6.743102893e+01 +1.0211e+00 +2.9596e+00 +1.3124e+00 +3.0319e+00 -1.3612e+00
1208 0 +3.969427243e-01 -6.745305728e+01 -6.745305728e+01 +8.3958e-01 +2.9636e+00 +1.3032e+00 +3.0337e+00 -1.3615e+00
1226 0 +2.802183486e-01 -6.756978165e+01 -6.756978165e+01 +8.6676e-01 +3.0241e+00 +1.2925e+00 +3.0324e+00 -1.3617e+00
1232 0 +1.519959839e-01 -6.769800402e+01 -6.769800402e+01 +8.0399e-01 +3.0143e+00 +1.3082e+00 +3.0318e+00 -1.3613e+00
1250 0 +8.585315759e-02 -6.776414684e+01 -6.776414684e+01 +9.6550e-01 +2.9884e+00 +1.3035e+00 +3.0306e+00 -1.3619e+00
% f evaluations | g evaluations | best noise-free fitness - Fopt (-3.639800000000e+02) + sum g_i+ | measured fitness | best measured fitness or single-digit g-values | x1 | x2...
1 0 +5.218023222e+06 +5.217659242e+06 +5.217659242e+06 +5.9671e-01 -3.8264e-02 +7.4769e-01 +1.6230e+00 -1.3415e-01
2 0 +3.323573765e+06 +3.323209785e+06 +3.323209785e+06 -1.3414e-01 +1.6792e+00 +8.6743e-01 -3.6947e-01 +6.4256e-01
7 0 +2.531586789e+06 +2.531222809e+06 +2.531222809e+06 -5.0171e-01 +1.9523e+00 +8.6503e-02 -9.5771e-01 +9.2254e-01
11 0 +1.424549748e+06 +1.424185768e+06 +1.424185768e+06 +4.2408e-01 -2.8508e-01 -5.7692e-01 +7.1168e-01 +1.1310e+00
26 0 +8.125439826e+05 +8.121800026e+05 +8.121800026e+05 -2.9664e-01 -4.0338e-02 -1.1120e+00 -6.8412e-01 +2.5578e+00
27 0 +1.289512921e+05 +1.285873121e+05 +1.285873121e+05 +3.6069e-02 -5.2847e-02 +7.2013e-02 +2.0144e+00 +2.1148e+00
77 0 +6.007890642e+03 +5.643910642e+03 +5.643910642e+03 +8.1282e-01 -1.1062e+00 +7.6135e-01 +3.7614e+00 +2.1991e+00
202 0 +3.957260906e+03 +3.593280906e+03 +3.593280906e+03 -1.1714e+00 +1.4803e+00 +1.8334e+00 +4.0336e+00 +2.2143e+00
276 0 +1.624065204e+03 +1.260085204e+03 +1.260085204e+03 -1.0076e+00 -1.0691e+00 +1.7884e+00 +4.0258e+00 +2.1665e+00
343 0 +9.871012692e+02 +6.231212692e+02 +6.231212692e+02 -4.7908e-01 -7.0795e-01 +2.0506e+00 +3.9864e+00 +2.1580e+00
572 0 +9.646190490e+02 +6.006390490e+02 +6.006390490e+02 -9.6326e-01 -4.3390e-01 +2.0082e+00 +3.9703e+00 +2.1548e+00
579 0 +9.595102996e+02 +5.955302996e+02 +5.955302996e+02 -1.0512e+00 -2.7030e-04 +2.0192e+00 +3.9232e+00 +2.1479e+00
580 0 +5.443494371e+02 +1.803694371e+02 +1.803694371e+02 -8.8539e-01 -4.0406e-01 +2.3038e+00 +3.9440e+00 +2.1663e+00
677 0 +2.905282659e+02 -7.345173407e+01 -7.345173407e+01 -5.2251e-01 +5.9172e-01 +2.4549e+00 +3.9097e+00 +2.1574e+00
703 0 +2.150691489e+02 -1.489108511e+02 -1.489108511e+02 -3.7646e-01 +7.4045e-01 +2.5928e+00 +3.8950e+00 +2.1611e+00
785 0 +1.156773656e+02 -2.483026344e+02 -2.483026344e+02 -3.3425e-01 +4.4837e+00 +2.5054e+00 +3.8763e+00 +2.1653e+00
1001 0 +1.002448423e+02 -2.637351577e+02 -2.637351577e+02 +3.7355e+00 +3.7200e+00 +2.8746e+00 +3.9085e+00 +2.1617e+00
1028 0 +9.137491706e+01 -2.726050829e+02 -2.726050829e+02 +4.6026e+00 +3.1310e+00 +2.8591e+00 +3.8864e+00 +2.1679e+00
1034 0 +8.513310065e+01 -2.788468994e+02 -2.788468994e+02 +4.1742e+00 +2.8848e+00 +2.7995e+00 +3.9231e+00 +2.1598e+00
1055 0 +1.999265388e+01 -3.439873461e+02 -3.439873461e+02 +2.7118e+00 +2.8050e+00 +2.6955e+00 +3.9255e+00 +2.1650e+00
1073 0 +1.369894866e+01 -3.502810513e+02 -3.502810513e+02 +3.4111e+00 +3.2151e+00 +2.5539e+00 +3.8960e+00 +2.1641e+00
1118 0 +1.429257988e+00 -3.625507420e+02 -3.625507420e+02 +2.7490e+00 +3.1581e+00 +2.5939e+00 +3.9091e+00 +2.1661e+00
% f evaluations | g evaluations | best noise-free fitness - Fopt (-1.865000000000e+01) + sum g_i+ | measured fitness | best measured fitness or single-digit g-values | x1 | x2...
1 0 +8.225484417e+06 +8.225465767e+06 +8.225465767e+06 +5.9671e-01 -3.8264e-02 +7.4769e-01 +1.6230e+00 -1.3415e-01
3 0 +2.131658279e+06 +2.131639629e+06 +2.131639629e+06 -3.6342e-01 -3.6573e-01 +3.4196e-01 -1.8133e+00 -1.6249e+00
10 0 +1.966919310e+06 +1.966900660e+06 +1.966900660e+06 -6.1984e-01 -3.6064e-01 +1.1571e+00 +4.4362e-01 -1.6630e+00
15 0 +2.684494183e+05 +2.684307683e+05 +2.684307683e+05 +4.6140e-01 +1.6380e+00 +6.4174e-02 +1.6646e+00 -2.5197e+00
27 0 +8.856366880e+04 +8.854501880e+04 +8.854501880e+04 +2.0026e-01 +2.1899e-02 +4.8914e-01 +2.2877e-01 -3.2636e+00
29 0 +3.087177193e+04 +3.085312193e+04 +3.085312193e+04 +4.5106e-01 +1.6648e+00 +4.7208e-01 +1.0930e+00 -2.9060e+00
35 0 +2.653731882e+04 +2.651866882e+04 +2.651866882e+04 +3.7992e-01 -1.6631e-01 -4.8625e-01 +1.8825e-01 -3.1225e+00
37 0 +1.122051638e+04 +1.120186638e+04 +1.120186638e+04 -1.0298e+00 -5.6654e-02 +1.1846e-01 +7.7182e-03 -2.9529e+00
153 0 +6.186444560e+03 +6.167794560e+03 +6.167794560e+03 -2.6798e-01 +2.6493e-01 -7.8391e-01 +2.3627e-01 -2.9291e+00
198 0 +4.987931339e+03 +4.969281339e+03 +4.969281339e+03 -1.3560e+00 -9.1438e-01 -1.8113e+00 +7.9054e-02 -3.0354e+00
236 0 +3.962706140e+03 +3.944056140e+03 +3.944056140e+03 +1.1342e+00 -7.7774e-01 -1.0103e+00 +1.5954e-01 -2.9459e+00
248 0 +1.914281315e+03 +1.895631315e+03 +1.895631315e+03 +4.7952e-01 -1.2687e+00 -3.0277e+00 +1.7602e-01 -3.0134e+00
387 0 +1.712649221e+03 +1.693999221e+03 +1.693999221e+03 -4.3312e-01 -4.4961e-01 -1.5201e+00 +1.7386e-01 -2.9947e+00
405 0 +1.482839746e+03 +1.464189746e+03 +1.464189746e+03 -5.5911e-01 +7.9143e-02 -1.4942e+00 +3.4262e-01 -2.9980e+00
416 0 +1.353284369e+03 +1.334634369e+03 +1.334634369e+03 +3.0235e-01 +1.6983e-01 -1.5064e+00 +3.2457e-01 -2.9960e+00
431 0 +1.205254731e+03 +1.186604731e+03 +1.186604731e+03 -4.0671e-01 -3.8174e-01 -1.5563e+00 +2.8371e-01 -2.9992e+00
451 0 +1.021577372e+03 +1.002927372e+03 +1.002927372e+03 -1.3447e-01 +9.1171e-02 -1.7737e+00 +3.0715e-01 -2.9993e+00
452 0 +8.556624048e+02 +8.370124048e+02 +8.370124048e+02 -3.5026e-01 +8.7890e-02 -1.9038e+00 +3.7789e-01 -2.9736e+00
476 0 +8.412522817e+02 +8.226022817e+02 +8.226022817e+02 -2.9467e-02 +2.0034e-01 -1.7669e+00 +3.4430e-01 -2.9898e+00
504 0 +8.087548151e+02 +7.901048151e+02 +7.901048151e+02 -2.5807e-01 +2.6916e-01 -1.8728e+00 +2.5311e-01 -2.9892e+00
636 0 +8.010982233e+02 +7.824482233e+02 +7.824482233e+02 -9.7558e-02 +2.9879e-01 -1.7273e+00 +2.9789e-01 -2.9887e+00
639 0 +7.635416958e+02 +7.448916958e+02 +7.448916958e+02 -2.0127e-01 -2.2911e-02 -1.7357e+00 +2.8167e-01 -2.9769e+00
651 0 +7.403713943e+02 +7.217213943e+02 +7.217213943e+02 -4.0499e-01 +1.0535e-01 -1.8822e+00 +2.6321e-01 -2.9768e+00
680 0 +5.094209019e+02 +4.907709019e+02 +4.907709019e+02 -2.2200e-01 +8.6612e-02 -2.0104e+00 +2.8112e-01 -2.9907e+00
749 0 +3.309128467e+02 +3.122628467e+02 +3.122628467e+02 -3.0284e-01 +9.0163e-02 -2.4491e+00 +3.4213e-01 -2.9905e+00
756 0 +3.045915941e+02 +2.859415941e+02 +2.859415941e+02 +1.0455e-03 +2.6746e-01 -2.3785e+00 +2.7685e-01 -2.9868e+00
757 0 +2.447011607e+02 +2.260511607e+02 +2.260511607e+02 -2.9208e-01 -3.2553e-01 -2.3223e+00 +2.6273e-01 -2.9804e+00
960 0 +2.190782040e+02 +2.004282040e+02 +2.004282040e+02 -2.4344e+00 -2.6950e+00 -2.7603e+00 +2.7632e-01 -2.9723e+00
980 0 +1.345553989e+02 +1.159053989e+02 +1.159053989e+02 +1.4773e+00 -3.7897e+00 -2.5984e+00 +3.2979e-01 -2.9770e+00
1051 0 +4.885520911e+01 +3.020520911e+01 +3.020520911e+01 -1.2303e+00 -1.9296e+00 -2.5218e+00 +3.3014e-01 -2.9806e+00
1126 0 +3.227268493e+01 +1.362268493e+01 +1.362268493e+01 -1.2257e+00 -1.8117e+00 -2.5267e+00 +3.1736e-01 -2.9835e+00
1214 0 +1.725948094e+01 -1.390519057e+00 -1.390519057e+00 -1.8133e+00 -2.8056e+00 -2.4851e+00 +3.1087e-01 -2.9831e+00
% f evaluations | g evaluations | best noise-free fitness - Fopt (1.749200000000e+02) + sum g_i+ | measured fitness | best measured fitness or single-digit g-values | x1 | x2...
1 0 +8.141879848e+06 +8.142054768e+06 +8.142054768e+06 +5.9671e-01 -3.8264e-02 +7.4769e-01 +1.6230e+00 -1.3415e-01
3 0 +1.854465442e+06 +1.854640362e+06 +1.854640362e+06 -3.6342e-01 -3.6573e-01 +3.4196e-01 -1.8133e+00 -1.6249e+00
15 0 +4.978638545e+05 +4.980387745e+05 +4.980387745e+05 +4.6140e-01 +1.6380e+00 +6.4174e-02 +1.6646e+00 -2.5197e+00
35 0 +2.270506126e+05 +2.272255326e+05 +2.272255326e+05 -3.5833e-01 -2.9736e-01 -6.0536e-01 +3.3482e-01 -3.1122e+00
43 0 +2.191236977e+05 +2.192986177e+05 +2.192986177e+05 +3.3882e+00 -1.4923e+00 -1.9401e+00 -1.5962e+00 -3.3242e+00
45 0 +8.710570806e+04 +8.728062806e+04 +8.728062806e+04 +3.5445e-01 +1.2642e+00 +1.8422e+00 -1.0237e+00 -3.0694e+00
54 0 +3.688849610e+04 +3.706341610e+04 +3.706341610e+04 +4.5928e+00 +3.7350e+00 +7.5033e-01 -2.5722e+00 -2.9287e+00
66 0 +3.338887527e+04 +3.356379527e+04 +3.356379527e+04 -4.2992e-01 +1.0211e+00 +1.9512e-01 -1.8994e+00 -3.0012e+00
128 0 +2.308981615e+04 +2.326473615e+04 +2.326473615e+04 -3.2662e-01 +1.9584e+00 +8.7096e-01 -1.9615e+00 -2.8095e+00
155 0 +1.989174271e+04 +2.006666271e+04 +2.006666271e+04 +2.4327e+00 +1.7619e+00 +3.6356e-01 -1.9516e+00 -2.7895e+00
201 0 +8.907565625e+03 +9.082485625e+03 +9.082485625e+03 +1.3109e+00 +1.9802e+00 -5.9779e-01 -1.7534e+00 -2.8478e+00
332 0 +3.918260443e+03 +4.093180443e+03 +4.093180443e+03 +1.0622e+00 +5.2805e-01 -1.7295e+00 -1.7947e+00 -2.8270e+00
444 0 +1.850518345e+03 +2.025438345e+03 +2.025438345e+03 +5.4865e-01 -1.8636e+00 -3.5948e+00 -1.6751e+00 -2.8280e+00
559 0 +4.776633663e+02 +6.525833663e+02 +6.525833663e+02 +4.0861e+00 -5.0178e-01 -3.2830e+00 -1.7515e+00 -2.8496e+00
810 0 +4.346199700e+02 +6.095399700e+02 +6.095399700e+02 -4.2394e+00 -3.0844e+00 -2.9363e+00 -1.7518e+00 -2.8707e+00
838 0 +4.057044944e+02 +5.806244944e+02 +5.806244944e+02 +2.9973e-01 -3.9338e-01 -3.9608e+00 -1.8350e+00 -2.8583e+00
882 0 +3.951697411e+02 +5.700897411e+02 +5.700897411e+02 +1.6961e+00 -6.9319e-01 -3.7522e+00 -1.7717e+00 -2.8769e+00
894 0 +3.783127714e+02 +5.532327714e+02 +5.532327714e+02 +2.2720e+00 -1.4476e+00 -3.4708e+00 -1.8303e+00 -2.8844e+00
911 0 +1.789112026e+02 +3.538312026e+02 +3.538312026e+02 +2.2629e+00 -3.7656e+00 -3.2886e+00 -1.7869e+00 -2.8657e+00
926 0 +5.945273739e+01 +2.343727374e+02 +2.343727374e+02 +2.2039e+00 -1.3621e+00 -3.4794e+00 -1.8175e+00 -2.8718e+00
1007 0 +4.901004609e+01 +2.239300461e+02 +2.239300461e+02 +9.5966e-01 -9.6263e-01 -3.2673e+00 -1.8265e+00 -2.8637e+00
1017 0 +4.381789952e+01 +2.187378995e+02 +2.187378995e+02 -1.2930e+00 -1.7516e+00 -3.5352e+00 -1.8418e+00 -2.8620e+00
1036 0 +2.752294784e+00 +1.776722948e+02 +1.776722948e+02 -1.9902e+00 -1.8529e+00 -3.3960e+00 -1.8137e+00 -2.8662e+00
1210 0 +2.677245978e+00 +1.775972460e+02 +1.775972460e+02 -2.1510e+00 -1.9507e+00 -3.3717e+00 -1.8202e+00 -2.8658e+00
1240 0 +2.454966002e+00 +1.773749660e+02 +1.773749660e+02 -2.2027e+00 -1.8685e+00 -3.4169e+00 -1.8272e+00 -2.8655e+00
% f evaluations | g evaluations | best noise-free fitness - Fopt (-5.659600000000e+02) + sum g_i+ | measured fitness | best measured fitness or single-digit g-values | x1 | x2...
1 0 +1.154249746e+07 +1.154193150e+07 +1.154193150e+07 +5.9671e-01 -3.8264e-02 +7.4769e-01 +1.6230e+00 -1.3415e-01
3 0 +3.594165107e+06 +3.593599147e+06 +3.593599147e+06 -3.6342e-01 -3.6573e-01 +3.4196e-01 -1.8133e+00 -1.6249e+00
10 0 +3.555922469e+06 +3.555356509e+06 +3.555356509e+06 -6.1984e-01 -3.6064e-01 +1.1571e+00 +4.4362e-01 -1.6630e+00
15 0 +1.562717689e+06 +1.562151729e+06 +1.562151729e+06 +4.6140e-01 +1.6380e+00 +6.4174e-02 +1.6646e+00 -2.5197e+00
26 0 +3.689446557e+05 +3.683786957e+05 +3.683786957e+05 +1.9202e+00 +1.6675e-01 -1.7013e-01 +1.6785e-01 -4.0584e+00
27 0 +3.423303881e+05 +3.417644281e+05 +3.417644281e+05 +1.7681e-01 +1.3629e-01 +8.9183e-01 -8.0498e-01 -4.1427e+00
30 0 +2.446497713e+05 +2.440838113e+05 +2.440838113e+05 +2.0026e-01 +2.1899e-02 +4.8914e-01 +2.2877e-01 -3.2636e+00
35 0 +8.290168891e+04 +8.233572891e+04 +8.233572891e+04 -5.6126e-01 +7.7972e-01 -2.0516e+00 -4.6486e-01 -3.7010e+00
41 0 +1.227612625e+04 +1.171016625e+04 +1.171016625e+04 -3.1624e+00 -2.6984e-01 -1.8472e+00 -1.5001e+00 -3.6642e+00
114 0 +1.065561945e+04 +1.008965945e+04 +1.008965945e+04 -4.5450e+00 -1.4433e+00 +4.0843e-01 -1.6581e+00 -3.6130e+00
215 0 +8.746280706e+03 +8.180320706e+03 +8.180320706e+03 -3.7943e+00 +1.6688e-01 -3.0762e+00 -2.2184e+00 -3.5170e+00
220 0 +4.989444025e+03 +4.423484025e+03 +4.423484025e+03 +1.5790e+00 -2.4444e-01 -3.1799e+00 -2.0433e+00 -3.6154e+00
251 0 +3.404876606e+03 +2.838916606e+03 +2.838916606e+03 -1.6828e+00 -3.7624e-01 -3.5157e+00 -1.6599e+00 -3.5564e+00
277 0 +1.847884818e+03 +1.281924818e+03 +1.281924818e+03 -1.3914e+00 +3.4602e-01 -2.5538e+00 -1.7094e+00 -3.5998e+00
278 0 +6.819211440e+02 +1.159611440e+02 +1.159611440e+02 -2.8423e+00 -4.6516e-01 -1.9409e+00 -1.9648e+00 -3.5582e+00
404 0 +5.961940125e+02 +3.023401245e+01 +3.023401245e+01 -1.9243e+00 -6.0423e-01 -2.6664e+00 -1.7994e+00 -3.5833e+00
410 0 +5.322470908e+02 -3.371290920e+01 -3.371290920e+01 -1.8394e+00 -4.7194e-01 -2.2856e+00 -1.9572e+00 -3.5735e+00
427 0 +7.711304969e+01 -4.888469503e+02 -4.888469503e+02 -2.1902e+00 -4.8729e-01 -2.3367e+00 -1.8657e+00 -3.5675e+00
438 0 +5.972228775e+01 -5.062377122e+02 -5.062377122e+02 -2.2480e+00 -7.8301e-01 -2.1732e+00 -1.8391e+00 -3.5716e+00
586 0 +5.837989139e+01 -5.075801086e+02 -5.075801086e+02 -1.9739e+00 -3.8487e-01 -2.1840e+00 -1.8376e+00 -3.5603e+00
626 0 +4.874730065e+01 -5.172126994e+02 -5.172126994e+02 -1.8997e+00 -6.7087e-01 -2.2816e+00 -1.8322e+00 -3.5660e+00
676 0 +4.531552051e+01 -5.206444795e+02 -5.206444795e+02 -2.2611e+00 -8.5336e-01 -2.1274e+00 -1.8338e+00 -3.5686e+00
736 0 +4.054399177e+01 -5.254160082e+02 -5.254160082e+02 -2.1839e+00 -8.1616e-01 -2.1454e+00 -1.8393e+00 -3.5687e+00
745 0 +3.655267891e+01 -5.294073211e+02 -5.294073211e+02 -2.1058e+00 -7.2879e-01 -2.1358e+00 -1.8285e+00 -3.5655e+00
760 0 +2.852264768e+01 -5.374373523e+02 -5.374373523e+02 -1.9597e+00 -6.9937e-01 -2.1287e+00 -1.8427e+00 -3.5664e+00
788 0 +2.480478678e+01 -5.411552132e+02 -5.411552132e+02 -2.0073e+00 -6.5719e-01 -2.1303e+00 -1.8407e+00 -3.5677e+00
836 0 +2.331472226e+01 -5.426452777e+02 -5.426452777e+02 -2.0515e+00 -5.9456e-01 -2.1364e+00 -1.8491e+00 -3.5676e+00
853 0 +2.229396555e+01 -5.436660345e+02 -5.436660345e+02 -1.9747e+00 -6.0649e-01 -2.1763e+00 -1.8419e+00 -3.5676e+00
879 0 +2.149251246e+01 -5.444674875e+02 -5.444674875e+02 -1.9665e+00 -6.1181e-01 -2.1556e+00 -1.8374e+00 -3.5676e+00
943 0 +1.992254953e+01 -5.460374505e+02 -5.460374505e+02 -1.9632e+00 -5.9093e-01 -2.1452e+00 -1.8388e+00 -3.5675e+00
993 0 +1.818416951e+01 -5.477758305e+02 -5.477758305e+02 -1.8806e+00 -5.4309e-01 -2.1417e+00 -1.8334e+00 -3.5668e+00
1005 0 +1.813605911e+01 -5.478239409e+02 -5.478239409e+02 -1.9140e+00 -5.5979e-01 -2.1526e+00 -1.8376e+00 -3.5671e+00
1026 0 +1.748364924e+01 -5.484763508e+02 -5.484763508e+02 -1.8780e+00 -5.4540e-01 -2.1538e+00 -1.8379e+00 -3.5668e+00
1051 0 +1.745208186e+01 -5.485079181e+02 -5.485079181e+02 -1.9012e+00 -5.4381e-01 -2.1374e+00 -1.8418e+00 -3.5674e+00
1055 0 +1.731595834e+01 -5.486440417e+02 -5.486440417e+02 -1.8766e+00 -5.4082e-01 -2.1556e+00 -1.8411e+00 -3.5668e+00
1062 0 +1.660406953e+01 -5.493559305e+02 -5.493559305e+02 -1.8858e+00 -5.3208e-01 -2.1411e+00 -1.8397e+00 -3.5673e+00
1081 0 +1.434209480e+01 -5.516179052e+02 -5.516179052e+02 -1.8139e+00 -4.6883e-01 -2.1362e+00 -1.8359e+00 -3.5676e+00
1085 0 +1.399192016e+01 -5.519680798e+02 -5.519680798e+02 -1.8769e+00 -4.6653e-01 -2.1413e+00 -1.8414e+00 -3.5672e+00
1138 0 +1.379195149e+01 -5.521680485e+02 -5.521680485e+02 -1.8447e+00 -4.5944e-01 -2.1316e+00 -1.8383e+00 -3.5669e+00
1151 0 +1.210825919e+01 -5.538517408e+02 -5.538517408e+02 -1.8083e+00 -4.1142e-01 -2.1376e+00 -1.8414e+00 -3.5673e+00
1206 0 +1.175186986e+01 -5.542081301e+02 -5.542081301e+02 -1.8046e+00 -3.8571e-01 -2.1262e+00 -1.8418e+00 -3.5670e+00
1209 0 +1.105799630e+01 -5.549020037e+02 -5.549020037e+02 -1.7154e+00 -2.9352e-01 -2.1384e+00 -1.8468e+00 -3.5664e+00
1226 0 +9.857989921e+00 -5.561020101e+02 -5.561020101e+02 -1.7450e+00 -3.2465e-01 -2.1385e+00 -1.8378e+00 -3.5676e+00
1229 0 +9.519984330e+00 -5.564400157e+02 -5.564400157e+02 -1.7156e+00 -3.2198e-01 -2.1465e+00 -1.8400e+00 -3.5671e+00
