% f evaluations | g evaluations | best noise-free fitness - Fopt (-1.694000000000e+01) + sum g_i+ | measured fitness | best measured fitness or single-digit g-values | x1 | x2...
1 0 +1.285945330e+02 +1.116545330e+02 +1.116545330e+02 +5.9671e-01 -3.8264e-02 +7.4769e-01 +1.6230e+00 -1.3415e-01 -1.3414e-01 +1.6792e+00 +8.6743e-01 -3.6947e-01 +6.4256e-01
4 0 +1.244974470e+02 +1.075574470e+02 +1.075574470e+02 -5.0171e-01 +1.9523e+00 +8.6503e-02 -9.5771e-01 +9.2254e-01 -1.1208e+00 +3.0886e-01 -1.8597e+00 -1.2282e+00 +2.9686e-01
5 0 +8.215471805e+01 +6.521471805e+01 +6.521471805e+01 +8.3847e-01 +2.7137e-01 -1.5648e-02 -2.0110e-01 -1.3785e+00 -6.1984e-01 -3.6064e-01 +1.1571e+00 +4.4362e-01 -1.6630e+00
8 0 +6.416805909e+01 +4.722805909e+01 +4.722805909e+01 +4.6140e-01 +1.6380e+00 +6.4174e-02 +1.6646e+00 -2.5197e+00 +9.2190e-01 +1.8705e-01 -1.9901e-01 +1.9176e-01 -1.8876e+00
43 0 +6.142466708e+01 +4.448466708e+01 +4.448466708e+01 +2.1607e+00 +1.8553e+00 -1.4896e-01 +1.0716e+00 +7.4538e-01 +1.4686e+00 -8.6492e-01 +7.8605e-01 +1.1584e+00 -1.6587e+00
51 0 +4.712338326e+01 +3.018338326e+01 +3.018338326e+01 +1.3607e+00 +2.0072e+00 -2.8922e-01 -1.1598e+00 -1.1749e-01 +2.8569e-01 +1.6401e+00 +5.5296e-01 -5.8871e-01 -3.1031e+00
106 0 +4.241416969e+01 +2.547416969e+01 +2.547416969e+01 +1.8976e+00 +8.8805e-01 +3.0475e-01 +1.8502e+00 -9.9198e-01 -5.0825e-01 +2.4619e+00 -1.6373e-01 -1.0336e-01 -2.3384e+00
115 0 +3.620806212e+01 +1.926806212e+01 +1.926806212e+01 +4.3129e+00 +3.3888e+00 +1.3294e+00 +5.6654e-01 +1.7872e+00 -5.6697e-01 +1.9764e+00 +1.5587e+00 +5.4022e-01 -1.4472e+00
119 0 +3.599418996e+01 +1.905418996e+01 +1.905418996e+01 +4.3586e+00 +2.5851e+00 -7.4735e-01 +4.9625e-01 +1.1742e+00 +4.9745e-01 +1.2612e+00 +4.2793e-01 -2.1742e+00 -3.1521e+00
130 0 +3.398982604e+01 +1.704982604e+01 +1.704982604e+01 +1.3757e+00 +2.6985e+00 -3.0188e-01 +3.2882e-01 +2.1185e-01 -2.0516e+00 +2.5730e+00 +3.8561e-01 -2.2723e-01 -7.9320e-01
144 0 +3.299716098e+01 +1.605716098e+01 +1.605716098e+01 +2.4219e+00 +2.2562e+00 -8.0953e-01 +7.4847e-01 -2.1165e-01 -2.3131e+00 +1.9355e+00 +1.5550e+00 -1.6027e+00 -1.6848e+00
181 0 +2.893196557e+01 +1.199196557e+01 +1.199196557e+01 +1.3306e+00 +1.7888e+00 -2.4044e-01 +1.6539e+00 +1.7383e+00 -2.0101e+00 +1.7710e+00 +9.8031e-01 -1.6308e+00 +3.4399e-01
182 0 +2.713481969e+01 +1.019481969e+01 +1.019481969e+01 +3.4045e+00 +4.5458e+00 +2.0289e-02 +1.5175e+00 -2.0152e-01 -2.1625e+00 +2.1577e+00 +2.1502e+00 -4.8652e-01 -2.0999e+00
184 0 +2.592077348e+01 +8.980773476e+00 +8.980773476e+00 +7.3031e-01 +4.6655e+00 -2.1294e+00 +2.5392e+00 +1.6342e+00 -7.6444e-01 +2.4676e+00 +3.9445e-01 +1.0028e+00 -3.7240e+00
188 0 +1.991286113e+01 +2.972861126e+00 +2.972861126e+00 +1.8437e+00 +2.0815e+00 +1.3374e-02 +5.2012e-01 -3.9169e-01 -1.0298e+00 +2.5804e+00 -7.4469e-01 +2.5551e-01 -4.1650e+00
335 0 +1.631463449e+01 -6.253655097e-01 -6.253655097e-01 +3.0888e+00 +2.1549e+00 -1.0379e+00 +4.8271e+00 +1.1238e+00 -2.5490e+00 +4.3704e+00 -8.3812e-01 +1.6797e+00 -1.4052e+00
452 0 +1.482720842e+01 -2.112791577e+00 -2.112791577e+00 +3.1561e+00 +3.4141e+00 +2.1041e+00 +1.9237e+00 +1.0081e+00 -1.9505e+00 +3.3287e+00 -3.7406e+00 +7.9651e-01 -2.8352e+00
526 0 +1.273177413e+01 -4.208225871e+00 -4.208225871e+00 +2.6995e+00 +2.8468e+00 +2.0167e+00 +4.3633e+00 +2.2960e+00 -2.0428e+00 +4.9105e+00 -3.2362e+00 +5.2126e-01 -2.9670e+00
797 0 +1.242362407e+01 -4.516375933e+00 -4.516375933e+00 +4.3916e+00 +1.4623e+00 -1.3918e+00 +1.7103e+00 +2.7400e+00 -1.6339e+00 +4.9323e+00 -2.0755e+00 -6.2515e-01 -2.5711e+00
868 0 +1.231808076e+01 -4.621919240e+00 -4.621919240e+00 +3.3567e+00 +2.1997e+00 +7.3502e-01 +1.2935e+00 +1.8252e+00 -1.3370e+00 +2.9606e+00 -1.7080e+00 -8.9182e-01 -2.8468e+00
875 0 +1.117268540e+01 -5.767314597e+00 -5.767314597e+00 +3.2244e+00 +2.1819e+00 -2.6856e-02 +9.7574e-01 +2.6330e+00 -1.7890e+00 +4.3031e+00 -1.7581e+00 -1.7598e+00 -3.6054e+00
894 0 +7.616327921e+00 -9.323672079e+00 -9.323672079e+00 +3.4335e+00 +2.2060e+00 -4.3338e-02 +2.0917e+00 +2.5743e+00 -2.1787e+00 +3.2255e+00 -3.0999e+00 +4.7031e-01 -2.6310e+00
910 0 +7.105337936e+00 -9.834662064e+00 -9.834662064e+00 +3.7663e+00 +2.2282e+00 -2.5527e+00 +1.4213e+00 +2.1721e+00 -2.0218e+00 +2.3300e+00 -2.7997e+00 -3.7372e-01 -1.9211e+00
1126 0 +6.671733267e+00 -1.026826673e+01 -1.026826673e+01 +3.3099e+00 +1.7750e+00 -1.9199e+00 +1.7207e+00 +1.1203e+00 -2.7064e+00 +3.8311e+00 -1.7515e+00 -5.2196e-01 -2.6565e+00
1204 0 +5.956425347e+00 -1.098357465e+01 -1.098357465e+01 +2.7268e+00 +2.0218e+00 -2.0458e+00 +1.7081e+00 +1.1741e+00 -2.4592e+00 +3.4115e+00 -1.8207e+00 +1.0239e-01 -3.5920e+00
1220 0 +5.472450278e+00 -1.146754972e+01 -1.146754972e+01 +4.1112e+00 +2.3910e+00 -3.1705e+00 +1.1428e+00 +2.3351e+00 -1.8372e+00 +2.6932e+00 -3.6598e+00 -3.2357e-01 -1.0191e+00
1305 0 +5.021706302e+00 -1.191829370e+01 -1.191829370e+01 +3.7301e+00 +2.3930e+00 -1.4596e-01 +1.9969e+00 +9.4940e-01 -1.5527e+00 +3.8338e+00 -2.0499e+00 -1.9359e-01 -2.0332e+00
1325 0 +4.113024295e+00 -1.282697570e+01 -1.282697570e+01 +3.4638e+00 +2.7040e+00 -1.6872e+00 +9.8427e-01 +1.4979e+00 -2.1597e+00 +3.3879e+00 -2.2225e+00 -7.4546e-01 -2.0232e+00
1450 0 +3.814125553e+00 -1.312587445e+01 -1.312587445e+01 +3.8282e+00 +2.4853e+00 -1.4123e+00 +2.8340e+00 +9.1814e-01 -2.1283e+00 +3.8683e+00 -1.1441e+00 +9.8035e-01 -1.6764e+00
1519 0 +3.651062596e+00 -1.328893740e+01 -1.328893740e+01 +3.7664e+00 +2.4847e+00 -1.2066e+00 +1.5822e+00 +8.9894e-01 -1.8995e+00 +3.0749e+00 -2.5884e+00 +1.4620e-01 -1.5872e+00
1540 0 +3.180975647e+00 -1.375902435e+01 -1.375902435e+01 +3.6464e+00 +2.7553e+00 -7.2568e-01 +2.0345e+00 +7.8167e-01 -1.6758e+00 +4.2807e+00 -1.1862e+00 -4.8078e-01 -2.6507e+00
1573 0 +3.073327300e+00 -1.386667270e+01 -1.386667270e+01 +3.5331e+00 +2.3950e+00 -2.6909e-01 +1.3165e+00 +8.8528e-01 -1.7812e+00 +2.9216e+00 -2.6085e+00 -5.6004e-01 -2.4711e+00
1626 0 +3.066372804e+00 -1.387362720e+01 -1.387362720e+01 +3.9138e+00 +2.4648e+00 -7.5136e-01 +1.9403e+00 +7.0656e-01 -1.7091e+00 +3.5203e+00 -1.6111e+00 -2.9687e-01 -2.1385e+00
1647 0 +2.448165654e+00 -1.449183435e+01 -1.449183435e+01 +3.5877e+00 +2.5638e+00 -1.4611e+00 +1.1878e+00 +1.4477e+00 -2.0286e+00 +3.1557e+00 -2.2895e+00 -2.7257e-01 -2.0322e+00
1665 0 +2.191771158e+00 -1.474822884e+01 -1.474822884e+01 +3.5298e+00 +2.4405e+00 -1.9369e+00 +1.1517e+00 +1.1904e+00 -2.0632e+00 +3.2448e+00 -2.2553e+00 -4.8383e-01 -2.2392e+00
1976 0 +2.115979858e+00 -1.482402014e+01 -1.482402014e+01 +3.9355e+00 +2.6923e+00 -1.2263e+00 +1.8137e+00 +1.0109e+00 -1.4477e+00 +3.3226e+00 -1.9467e+00 -3.8578e-01 -1.7457e+00
1990 0 +1.887157203e+00 -1.505284280e+01 -1.505284280e+01 +3.5950e+00 +2.4206e+00 -1.0352e+00 +1.7515e+00 +1.2160e+00 -1.9261e+00 +3.5296e+00 -2.3982e+00 -2.6470e-01 -1.8763e+00
2028 0 +9.123746915e-01 -1.602762531e+01 -1.602762531e+01 +3.6854e+00 +2.5053e+00 -1.2633e+00 +1.5746e+00 +1.2597e+00 -1.8795e+00 +3.5526e+00 -2.2557e+00 -3.6452e-01 -2.0134e+00
% f evaluations | g evaluations | best noise-free fitness - Fopt (1.881000000000e+01) + sum g_i+ | measured fitness | best measured fitness or single-digit g-values | x1 | x2...
1 0 +3.920605467e+01 +5.801605467e+01 +5.801605467e+01 +5.9671e-01 -3.8264e-02 +7.4769e-01 +1.6230e+00 -1.3415e-01 -1.3414e-01 +1.6792e+00 +8.6743e-01 -3.6947e-01 +6.4256e-01
3 0 +3.889614342e+01 +5.770614342e+01 +5.770614342e+01 +1.5656e+00 -1.2578e-01 +1.6753e-01 -1.3247e+00 -4.4438e-01 +2.1092e-01 -1.0510e+00 +4.7570e-01 -5.0064e-01 -1.9169e-01
4 0 +3.573796686e+01 +5.454796686e+01 +5.454796686e+01 -5.0171e-01 +1.9523e+00 +8.6503e-02 -9.5771e-01 +9.2254e-01 -1.1208e+00 +3.0886e-01 -1.8597e+00 -1.2282e+00 +2.9686e-01
9 0 +3.300541816e+01 +5.181541816e+01 +5.181541816e+01 -1.1967e-01 +4.5711e-01 +1.5779e+00 -4.1827e-01 -7.0849e-01 -4.0176e-01 +1.0154e+00 +4.2875e-01 -4.2976e-01 +6.1327e-01
10 0 +2.293013372e+01 +4.174013372e+01 +4.174013372e+01 +1.9708e-01 +1.0686e+00 -6.0205e-01 -2.2766e-01 -2.9211e-01 -1.3635e+00 +3.9612e-01 +3.6106e-01 +1.0511e-01 -1.3459e-01
16 0 +1.918655397e+01 +3.799655397e+01 +3.799655397e+01 +3.5049e-01 +4.4645e-01 -5.8002e-01 +3.3225e-01 +3.9307e-01 -6.1435e-01 +1.9658e+00 +5.7383e-01 -1.0913e+00 +7.5655e-01
29 0 +1.237787101e+01 +3.118787101e+01 +3.118787101e+01 +2.1352e-01 +7.6213e-01 +1.6860e+00 -1.1378e+00 +2.2330e+00 -1.8521e+00 -5.1785e-02 +6.8832e-01 +3.8099e-01 -5.2270e-01
150 0 +1.049377843e+01 +2.930377843e+01 +2.930377843e+01 -1.3171e+00 +1.4906e+00 -1.1867e-01 -1.7643e-01 +1.9500e+00 -2.9190e+00 +2.1419e+00 +2.6524e-01 -3.4990e-01 +1.3801e+00
254 0 +9.973077641e+00 +2.878307764e+01 +2.878307764e+01 -3.1356e-02 +1.4227e+00 -1.7748e+00 -7.6064e-02 +1.3646e+00 -4.1512e+00 -3.6578e-01 +1.0263e+00 +2.0004e+00 +2.3738e+00
483 0 +8.024888487e+00 +2.683488849e+01 +2.683488849e+01 +1.8875e+00 +2.8705e+00 +1.0712e-01 +2.9794e-01 +1.2986e+00 -1.8767e+00 +1.0482e+00 +9.1257e-01 -7.9911e-01 +2.5791e+00
633 0 +8.004980123e+00 +2.681498012e+01 +2.681498012e+01 +1.1613e+00 +1.7569e+00 +1.2491e-01 +2.0931e-01 +2.1485e+00 -2.2298e+00 -1.7573e-01 +1.8982e+00 -6.7015e-02 +2.6542e+00
664 0 +7.926815077e+00 +2.673681508e+01 +2.673681508e+01 +4.1002e-01 +5.7541e-01 -8.9309e-01 +3.5014e-01 +1.1660e+00 -2.2363e+00 -2.5817e-01 +1.1874e+00 -4.8960e-01 +2.0530e+00
675 0 +5.966299639e+00 +2.477629964e+01 +2.477629964e+01 +4.0809e-01 +1.3001e+00 +4.1439e-01 -4.4552e-01 +1.0638e+00 -2.8617e+00 -7.0487e-01 +7.6109e-01 +8.9150e-01 +3.2904e+00
707 0 +5.224224091e+00 +2.403422409e+01 +2.403422409e+01 +1.8164e-01 +8.0540e-01 -3.5015e-01 -7.9450e-02 +1.4266e+00 -3.3397e+00 -8.8115e-01 -4.5706e-01 +1.4856e+00 +3.2022e+00
801 0 +4.381640142e+00 +2.319164014e+01 +2.319164014e+01 +3.5682e-02 +1.1596e+00 -7.7140e-01 +3.5595e-01 +1.7233e+00 -3.1042e+00 -2.4409e-01 -1.2047e-01 +5.3504e-02 +2.8107e+00
802 0 +4.263078568e+00 +2.307307857e+01 +2.307307857e+01 -1.5574e-01 +1.4481e+00 -1.4313e+00 +2.4318e-01 +2.0208e+00 -3.2135e+00 +9.8081e-02 +7.9145e-01 +1.5916e-01 +2.7852e+00
805 0 +3.009864381e+00 +2.181986438e+01 +2.181986438e+01 +2.5315e-01 +2.0079e+00 -7.8570e-01 +3.4923e-01 +1.5229e+00 -3.0870e+00 +2.9041e-01 +9.4996e-02 +4.8606e-01 +2.9466e+00
1119 0 +2.819215181e+00 +2.162921518e+01 +2.162921518e+01 -3.8348e-01 +1.3379e+00 -6.5114e-01 -1.1235e-01 +1.9847e+00 -3.5058e+00 -2.4015e-01 +1.4092e-01 +8.5362e-01 +1.9780e+00
1690 0 +1.605550083e+00 +2.041555008e+01 +2.041555008e+01 -7.5476e-01 +1.3741e+00 -1.4021e+00 -3.5261e-01 +1.1921e+00 -3.1347e+00 +4.6094e-01 -1.6134e-03 +1.0129e+00 +3.0485e+00
1896 0 +1.595354251e+00 +2.040535425e+01 +2.040535425e+01 +3.4622e-01 +1.9969e+00 -4.7376e-01 +9.5392e-02 +1.5305e+00 -2.9479e+00 +1.1046e-01 +3.6281e-01 +1.1832e-01 +3.1125e+00
2236 0 +1.256312031e+00 +2.006631203e+01 +2.006631203e+01 -9.3301e-02 +1.9098e+00 -9.9903e-01 +2.6230e-01 +1.7369e+00 -3.3530e+00 +4.9668e-01 +1.9162e-01 +1.6957e-01 +2.4039e+00
2461 0 +1.131967980e+00 +1.994196798e+01 +1.994196798e+01 -4.8171e-01 +1.8401e+00 -1.2109e+00 +8.9913e-02 +1.7418e+00 -3.5011e+00 +2.6911e-01 +5.5193e-01 +2.6374e-01 +2.6174e+00
% f evaluations | g evaluations | best noise-free fitness - Fopt (2.731500000000e+02) + sum g_i+ | measured fitness | best measured fitness or single-digit g-values | x1 | x2...
1 0 +8.502759335e+01 +3.581775933e+02 +3.581775933e+02 +5.9671e-01 -3.8264e-02 +7.4769e-01 +1.6230e+00 -1.3415e-01 -1.3414e-01 +1.6792e+00 +8.6743e-01 -3.6947e-01 +6.4256e-01
4 0 +5.198835973e+01 +3.251383597e+02 +3.251383597e+02 -5.0171e-01 +1.9523e+00 +8.6503e-02 -9.5771e-01 +9.2254e-01 -1.1208e+00 +3.0886e-01 -1.8597e+00 -1.2282e+00 +2.9686e-01
55 0 +4.389468663e+01 +3.170446866e+02 +3.170446866e+02 -1.4259e+00 +2.9379e-01 -1.4122e+00 +1.8839e+00 +1.2314e+00 -2.0679e-01 +1.1883e+00 -1.0018e+00 -8.3431e-01 -2.4355e+00
64 0 +4.053231458e+01 +3.136823146e+02 +3.136823146e+02 +2.3569e+00 +2.4355e+00 -5.1689e-01 +9.8132e-01 +1.1578e+00 -1.5618e+00 +2.3000e+00 -1.8257e+00 +6.2472e-01 -9.8729e-01
104 0 +3.249513970e+01 +3.056451397e+02 +3.056451397e+02 -1.5639e-01 +1.7705e+00 -4.0199e-01 -1.8038e+00 -1.7471e+00 -1.9607e+00 +2.8983e+00 -2.8637e+00 -3.4304e-02 +1.4955e+00
223 0 +2.056766791e+01 +2.937176679e+02 +2.937176679e+02 -5.4322e-01 +4.0618e+00 -1.0315e+00 +2.3766e+00 +4.3605e+00 -3.9512e+00 +1.4439e-01 -2.2387e+00 -2.1366e+00 +9.5529e-01
313 0 +1.954763611e+01 +2.926976361e+02 +2.926976361e+02 -3.9543e+00 +2.8975e+00 -1.0459e+00 +3.4666e+00 +1.7638e+00 -3.0852e+00 +9.8102e-01 -1.1353e+00 -1.8259e+00 +3.3270e+00
375 0 +1.488211881e+01 +2.880321188e+02 +2.880321188e+02 -3.7340e+00 +4.7978e+00 -4.7670e-01 +2.4261e+00 +4.8432e-01 -3.3662e+00 +1.4765e+00 +2.8706e-01 -3.0997e+00 +4.1094e+00
490 0 +1.254530342e+01 +2.856953034e+02 +2.856953034e+02 -2.7470e+00 +4.1045e+00 +9.6664e-01 +1.4142e+00 +8.9125e-01 -2.8286e+00 -3.2460e-01 -8.8161e-02 -3.0085e+00 +4.0415e+00
629 0 +1.099772272e+01 +2.841477227e+02 +2.841477227e+02 -3.7890e+00 +3.7329e+00 -1.2310e+00 +2.4637e+00 +2.1052e+00 -4.2884e+00 +1.8625e-01 -1.1835e+00 -1.2942e+00 +4.2853e+00
672 0 +1.097452773e+01 +2.841245277e+02 +2.841245277e+02 -2.7019e+00 +4.7589e+00 -1.0139e+00 +2.5988e+00 +1.5146e+00 -3.8290e+00 -1.8951e+00 -1.1379e+00 -3.4402e+00 +1.8868e+00
697 0 +9.067119470e+00 +2.822171195e+02 +2.822171195e+02 -2.7345e+00 +4.0933e+00 -2.5539e+00 +3.1153e+00 +2.7194e+00 -4.5882e+00 -4.0958e-01 -8.4145e-01 -2.7553e+00 +2.4839e+00
836 0 +8.991204467e+00 +2.821412045e+02 +2.821412045e+02 -4.1498e+00 +4.5364e+00 -8.2400e-01 +2.1302e+00 +2.2212e+00 -4.4011e+00 -5.1413e-01 -1.5350e+00 -2.6809e+00 +2.3127e+00
952 0 +7.652436219e+00 +2.808024362e+02 +2.808024362e+02 -4.4371e+00 +3.0874e+00 -6.8595e-01 +2.6094e+00 +3.8232e-01 -3.2440e+00 -1.3496e+00 -1.5989e+00 -1.6246e+00 +3.9535e+00
962 0 +7.486297724e+00 +2.806362977e+02 +2.806362977e+02 -3.1389e+00 +2.5538e+00 -2.9213e-01 +3.6713e+00 +1.3417e+00 -4.8762e+00 -5.8985e-01 -2.0364e+00 -2.2451e+00 +2.4059e+00
1130 0 +7.350754051e+00 +2.805007541e+02 +2.805007541e+02 -3.7367e+00 +2.7092e+00 -6.9995e-01 +3.1204e+00 +5.2181e-01 -4.4838e+00 -5.8412e-01 -1.5741e+00 -2.7185e+00 +2.6738e+00
1171 0 +5.715620595e+00 +2.788656206e+02 +2.788656206e+02 -4.0931e+00 +3.8176e+00 -7.4358e-01 +1.4979e+00 +2.8607e+00 -3.9666e+00 -1.7269e+00 -1.6370e+00 -1.3978e+00 +3.2613e+00
1195 0 +5.651471190e+00 +2.788014712e+02 +2.788014712e+02 -3.4950e+00 +3.3635e+00 -1.0719e+00 +4.1755e+00 +2.3676e+00 -4.5323e+00 -8.6519e-01 -1.7677e+00 -2.6771e+00 +2.5837e+00
1327 0 +4.781082004e+00 +2.779310820e+02 +2.779310820e+02 -3.6131e+00 +4.0425e+00 -2.9259e-01 +2.5666e+00 +2.6297e+00 -3.5475e+00 -1.3431e+00 -8.8877e-01 -1.0281e+00 +3.3009e+00
1421 0 +4.720917292e+00 +2.778709173e+02 +2.778709173e+02 -3.3802e+00 +3.9527e+00 -4.7971e-01 +2.9289e+00 +1.8037e+00 -4.2002e+00 -1.4006e+00 -1.6066e+00 -2.1209e+00 +2.7142e+00
1425 0 +4.710494580e+00 +2.778604946e+02 +2.778604946e+02 -2.9266e+00 +3.5818e+00 -4.9720e-02 +3.1336e+00 +1.5832e+00 -4.3678e+00 -5.8775e-01 -1.3224e+00 -2.6150e+00 +2.9386e+00
1445 0 +4.533969090e+00 +2.776839691e+02 +2.776839691e+02 -3.6832e+00 +3.2722e+00 +2.0014e-02 +2.8921e+00 +2.0245e+00 -4.0736e+00 -1.2830e+00 -1.3825e+00 -1.7213e+00 +3.0071e+00
1473 0 +4.390210757e+00 +2.775402108e+02 +2.775402108e+02 -3.2487e+00 +3.5762e+00 -4.0876e-01 +3.1603e+00 +1.6618e+00 -3.9430e+00 -1.0785e+00 -6.5022e-01 -1.7236e+00 +3.0894e+00
1492 0 +4.175762814e+00 +2.773257628e+02 +2.773257628e+02 -3.0368e+00 +3.6896e+00 -1.2723e+00 +3.1492e+00 +1.6965e+00 -4.2819e+00 -7.6936e-01 -1.5054e+00 -2.2462e+00 +3.3650e+00
1496 0 +3.978221863e+00 +2.771282219e+02 +2.771282219e+02 -3.6430e+00 +3.5596e+00 -4.1639e-01 +3.3308e+00 +2.0891e+00 -3.9835e+00 -7.9384e-01 -8.5068e-01 -2.4565e+00 +3.3683e+00
1503 0 +2.960770042e+00 +2.761107700e+02 +2.761107700e+02 -3.6339e+00 +3.4353e+00 -4.9443e-01 +3.0340e+00 +1.0893e+00 -4.7155e+00 -1.1058e+00 -1.3761e+00 -2.6715e+00 +2.5578e+00
1771 0 +2.905019934e+00 +2.760550199e+02 +2.760550199e+02 -3.6540e+00 +3.6794e+00 -5.3672e-01 +2.6665e+00 +1.8298e+00 -3.8731e+00 -1.5030e+00 -1.2428e+00 -1.7886e+00 +3.3721e+00
1852 0 +2.319253455e+00 +2.754692535e+02 +2.754692535e+02 -3.1181e+00 +3.6905e+00 -6.7257e-01 +3.0422e+00 +1.7849e+00 -4.0485e+00 -1.0202e+00 -1.2623e+00 -2.1612e+00 +3.0604e+00
1891 0 +1.508731352e+00 +2.746587314e+02 +2.746587314e+02 -3.6125e+00 +3.5989e+00 -2.6918e-01 +2.9055e+00 +1.7459e+00 -3.9890e+00 -1.1047e+00 -1.1769e+00 -2.2417e+00 +3.0520e+00
% f evaluations | g evaluations | best noise-free fitness - Fopt (3.718000000000e+01) + sum g_i+ | measured fitness | best measured fitness or single-digit g-values | x1 | x2...
1 0 +8.365132529e+01 +1.208313253e+02 +1.208313253e+02 +5.9671e-01 -3.8264e-02 +7.4769e-01 +1.6230e+00 -1.3415e-01 -1.3414e-01 +1.6792e+00 +8.6743e-01 -3.6947e-01 +6.4256e-01
2 0 +6.726068337e+01 +1.044406834e+02 +1.044406834e+02 -3.6342e-01 -3.6573e-01 +3.4196e-01 -1.8133e+00 -1.6249e+00 -4.6229e-01 -9.1283e-01 +4.1425e-01 -8.0802e-01 -1.3123e+00
3 0 +5.648008176e+01 +9.366008176e+01 +9.366008176e+01 +1.5656e+00 -1.2578e-01 +1.6753e-01 -1.3247e+00 -4.4438e-01 +2.1092e-01 -1.0510e+00 +4.7570e-01 -5.0064e-01 -1.9169e-01
12 0 +4.838140490e+01 +8.556140490e+01 +8.556140490e+01 -1.8188e+00 +7.3486e-02 +1.6023e-01 +2.5632e+00 -9.2361e-02 +4.0155e-01 +6.5288e-02 -1.0687e+00 +1.2428e+00 +8.5193e-01
22 0 +4.756717306e+01 +8.474717306e+01 +8.474717306e+01 +6.7089e-01 +1.2356e+00 +1.0540e+00 +7.5139e-01 -2.1527e-01 +8.5897e-01 -6.7283e-01 -1.3682e-01 -3.8536e-01 +1.8187e-01
25 0 +4.682686845e+01 +8.400686845e+01 +8.400686845e+01 -6.9252e-01 -1.4736e-02 +6.0499e-01 +9.6576e-01 -1.1003e+00 -2.3450e-01 -3.7495e-01 -5.5333e-01 +1.8655e+00 +5.0498e-01
26 0 +2.811197526e+01 +6.529197526e+01 +6.529197526e+01 -1.1609e+00 +1.0179e+00 +2.2222e+00 +1.1325e+00 -1.4194e+00 -3.8423e-01 +1.3669e+00 -6.0767e-01 +5.4382e-01 +8.7463e-01
102 0 +2.075636702e+01 +5.793636702e+01 +5.793636702e+01 -1.6706e+00 +9.7030e-01 +2.0366e+00 -9.1169e-01 -3.0356e+00 -1.2446e+00 -1.0341e+00 -2.1726e+00 +6.2712e-01 +2.8272e+00
149 0 +2.071109483e+01 +5.789109483e+01 +5.789109483e+01 -2.9969e+00 +2.6586e+00 +2.0536e+00 +3.3897e-01 -1.9972e+00 +1.5699e-01 +5.6392e-01 -4.6441e+00 +2.0936e+00 +2.3210e+00
256 0 +2.066260431e+01 +5.784260431e+01 +5.784260431e+01 -2.7022e+00 +3.2212e+00 +2.5109e-01 +1.3495e+00 -3.9527e+00 -2.0223e+00 -1.8004e+00 -2.1539e+00 -1.6426e+00 +6.6346e-01
262 0 +1.780198244e+01 +5.498198244e+01 +5.498198244e+01 -2.4448e+00 +3.7748e+00 +2.6818e+00 +2.0458e+00 -3.0700e+00 -5.3485e-01 -7.1980e-01 -3.7276e+00 -8.7783e-01 +2.8748e+00
298 0 +1.600550517e+01 +5.318550517e+01 +5.318550517e+01 -2.2490e+00 -4.6077e-01 +1.5274e+00 +3.3022e+00 -3.4469e+00 -9.7450e-01 -1.5492e+00 -2.5746e+00 -2.0308e+00 -7.6058e-01
474 0 +1.401271933e+01 +5.119271933e+01 +5.119271933e+01 -2.5119e+00 +1.6730e+00 +2.1536e+00 +2.2369e+00 -4.6151e+00 -1.1127e+00 -2.9115e+00 -2.9629e+00 -1.4754e+00 +3.8693e+00
517 0 +1.378533170e+01 +5.096533170e+01 +5.096533170e+01 -3.3270e+00 +1.8012e+00 +2.6225e+00 +2.4593e+00 -4.3648e+00 -2.3003e+00 -1.3455e+00 -3.0327e+00 -1.8715e+00 +3.3610e+00
540 0 +1.192594008e+01 +4.910594008e+01 +4.910594008e+01 -4.6957e+00 +3.7157e-01 +4.1246e-01 +1.1648e+00 -3.4888e+00 -8.1861e-01 +4.0846e-01 -2.6459e+00 -2.1561e+00 +2.1042e+00
552 0 +9.306367009e+00 +4.648636701e+01 +4.648636701e+01 -4.4665e+00 +3.6663e+00 +8.4058e-01 +9.3963e-01 -3.8001e+00 -1.6323e+00 -1.8251e-01 -2.7829e+00 -1.0140e-01 +3.1349e+00
714 0 +5.394567706e+00 +4.257456771e+01 +4.257456771e+01 -4.0150e+00 +1.0561e+00 +1.5383e+00 +3.0102e+00 -3.3836e+00 -1.6718e+00 -1.0751e+00 -3.0496e+00 -2.4856e+00 +2.6117e+00
758 0 +3.788146621e+00 +4.096814662e+01 +4.096814662e+01 -4.1606e+00 +5.7293e-01 +2.0304e+00 +1.5432e+00 -3.2384e+00 -1.0404e+00 +4.8178e-01 -2.5680e+00 -1.7342e+00 +1.6613e+00
1055 0 +2.766094122e+00 +3.994609412e+01 +3.994609412e+01 -3.9856e+00 +2.3349e+00 +1.9800e+00 +1.3387e+00 -3.8793e+00 -1.1557e+00 +2.6516e-01 -3.3843e+00 -2.0803e+00 +2.6390e+00
1308 0 +2.343142049e+00 +3.952314205e+01 +3.952314205e+01 -3.9008e+00 +1.9043e+00 +1.6664e+00 +1.9876e+00 -3.2934e+00 -1.5144e+00 +2.4107e-01 -3.4503e+00 -1.7455e+00 +3.1008e+00
1312 0 +2.201723736e+00 +3.938172374e+01 +3.938172374e+01 -3.8999e+00 +2.8877e+00 +2.6158e+00 +1.1659e+00 -3.7683e+00 -1.2407e+00 +1.4414e-01 -3.4096e+00 -1.8311e+00 +3.6214e+00
1350 0 +2.191315386e+00 +3.937131539e+01 +3.937131539e+01 -4.0333e+00 +1.9048e+00 +1.7953e+00 +2.0535e+00 -3.7137e+00 -1.2093e+00 +1.7237e-01 -3.1764e+00 -1.6831e+00 +3.1164e+00
1388 0 +2.154206472e+00 +3.933420647e+01 +3.933420647e+01 -3.7094e+00 +2.1308e+00 +1.8384e+00 +1.9082e+00 -3.5176e+00 -1.5536e+00 +5.5675e-01 -3.1413e+00 -1.5875e+00 +3.1442e+00
1400 0 +1.770832291e+00 +3.895083229e+01 +3.895083229e+01 -3.8969e+00 +2.3930e+00 +1.8843e+00 +1.6901e+00 -3.7093e+00 -9.6673e-01 +3.6453e-01 -3.4098e+00 -1.7433e+00 +3.0305e+00
1451 0 +1.687448786e+00 +3.886744879e+01 +3.886744879e+01 -3.8744e+00 +1.4947e+00 +1.8130e+00 +1.7704e+00 -3.4871e+00 -1.2041e+00 +5.8903e-01 -3.3660e+00 -1.8779e+00 +2.5550e+00
1520 0 +1.638381365e+00 +3.881838137e+01 +3.881838137e+01 -3.9708e+00 +1.8455e+00 +1.5809e+00 +1.6895e+00 -3.4712e+00 -1.3773e+00 +6.5113e-01 -3.3355e+00 -1.5746e+00 +2.7430e+00
1528 0 +1.271401012e+00 +3.845140101e+01 +3.845140101e+01 -3.9363e+00 +1.7814e+00 +1.7588e+00 +1.8239e+00 -3.3525e+00 -1.1214e+00 +5.0599e-01 -3.5025e+00 -2.0387e+00 +2.6835e+00
1664 0 +1.114912075e+00 +3.829491207e+01 +3.829491207e+01 -3.8836e+00 +1.8592e+00 +1.7594e+00 +1.8317e+00 -3.3751e+00 -1.2369e+00 +5.4021e-01 -3.3572e+00 -1.8497e+00 +2.7274e+00
1729 0 +1.013433221e+00 +3.819343322e+01 +3.819343322e+01 -3.7240e+00 +1.7091e+00 +1.5999e+00 +1.9154e+00 -3.3964e+00 -1.4173e+00 +5.4303e-01 -3.4098e+00 -1.7215e+00 +2.8364e+00
1741 0 +7.150825393e-01 +3.789508254e+01 +3.789508254e+01 -3.8037e+00 +1.9626e+00 +1.7786e+00 +1.5992e+00 -3.4553e+00 -1.3609e+00 +5.5159e-01 -3.4256e+00 -1.7291e+00 +2.9684e+00
2055 0 +6.784786365e-01 +3.785847864e+01 +3.785847864e+01 -3.8634e+00 +2.0685e+00 +2.0690e+00 +1.5913e+00 -3.4988e+00 -1.2597e+00 +5.6864e-01 -3.4366e+00 -1.7565e+00 +2.9835e+00
2248 0 +6.702565136e-01 +3.785025651e+01 +3.785025651e+01 -3.8674e+00 +2.0640e+00 +1.9565e+00 +1.7030e+00 -3.5145e+00 -1.3016e+00 +3.6501e-01 -3.2786e+00 -1.8120e+00 +2.9379e+00
2309 0 +6.542752713e-01 +3.783427527e+01 +3.783427527e+01 -3.9639e+00 +2.0488e+00 +1.8781e+00 +1.6385e+00 -3.4423e+00 -1.3299e+00 +3.3480e-01 -3.2647e+00 -1.6227e+00 +3.0011e+00
2342 0 +6.027128268e-01 +3.778271283e+01 +3.778271283e+01 -3.8784e+00 +2.1429e+00 +2.1600e+00 +1.5094e+00 -3.5275e+00 -1.2818e+00 +5.2620e-01 -3.3743e+00 -1.6971e+00 +3.1424e+00
2350 0 +5.754438323e-01 +3.775544383e+01 +3.775544383e+01 -3.9325e+00 +2.0544e+00 +1.9921e+00 +1.6512e+00 -3.5210e+00 -1.2030e+00 +4.8336e-01 -3.4041e+00 -1.7907e+00 +2.9635e+00
2366 0 +4.360270232e-01 +3.761602702e+01 +3.761602702e+01 -3.8845e+00 +2.0747e+00 +1.9065e+00 +1.6734e+00 -3.5173e+00 -1.2590e+00 +4.2611e-01 -3.3534e+00 -1.7484e+00 +3.0464e+00
2436 0 +4.286542025e-01 +3.760865420e+01 +3.760865420e+01 -3.8454e+00 +2.0280e+00 +1.9964e+00 +1.5730e+00 -3.5500e+00 -1.2853e+00 +3.7392e-01 -3.3291e+00 -1.8082e+00 +2.9525e+00
% f evaluations | g evaluations | best noise-free fitness - Fopt (-1.479000000000e+02) + sum g_i+ | measured fitness | best measured fitness or single-digit g-values | x1 | x2...
1 0 +3.116887320e+01 -1.167311268e+02 -1.167311268e+02 +5.9671e-01 -3.8264e-02 +7.4769e-01 +1.6230e+00 -1.3415e-01 -1.3414e-01 +1.6792e+00 +8.6743e-01 -3.6947e-01 +6.4256e-01
2 0 +2.090232876e+01 -1.269976712e+02 -1.269976712e+02 -3.6342e-01 -3.6573e-01 +3.4196e-01 -1.8133e+00 -1.6249e+00 -4.6229e-01 -9.1283e-01 +4.1425e-01 -8.0802e-01 -1.3123e+00
9 0 +2.057829552e+01 -1.273217045e+02 -1.273217045e+02 -1.1967e-01 +4.5711e-01 +1.5779e+00 -4.1827e-01 -7.0849e-01 -4.0176e-01 +1.0154e+00 +4.2875e-01 -4.2976e-01 +6.1327e-01
20 0 +1.805115423e+01 -1.298488458e+02 -1.298488458e+02 -3.4651e-01 +9.5640e-01 +3.1409e-01 -1.1457e+00 +2.7318e-01 +4.8532e-01 -7.8386e-01 +2.5373e-01 +1.5821e-01 -1.0430e+00
37 0 +1.665151451e+01 -1.312484855e+02 -1.312484855e+02 +6.1935e-01 +1.6327e+00 -8.7601e-03 +5.0171e-01 +7.9014e-01 -3.0122e-01 +3.2409e-01 +1.1259e-01 +1.9768e-01 -6.7301e-01
109 0 +1.601214613e+01 -1.318878539e+02 -1.318878539e+02 -1.3630e+00 +1.1469e+00 +4.5950e-01 -1.8755e-01 -9.1924e-01 +3.7175e-01 +2.8556e-01 -3.6765e-01 +6.6058e-01 -1.5020e+00
122 0 +1.565081952e+01 -1.322491805e+02 -1.322491805e+02 -9.2078e-01 +1.5750e+00 +2.1351e+00 -1.0504e+00 +1.6835e+00 -5.1363e-01 -2.3543e-01 -3.1256e-04 +8.4014e-01 -1.6407e+00
132 0 +1.315303096e+01 -1.347469690e+02 -1.347469690e+02 +6.1155e-01 +1.9130e+00 +9.0631e-01 -5.9053e-01 -3.6373e-01 +5.4707e-01 +1.0672e+00 -3.7347e-02 -9.9078e-01 +2.4630e-01
151 0 +1.227749874e+01 -1.356225013e+02 -1.356225013e+02 -5.6470e-01 +1.8679e+00 +2.4397e+00 -3.2008e-01 +1.2922e+00 +1.3105e+00 +4.1610e-01 -2.8667e-01 +9.7061e-01 -1.3312e+00
302 0 +1.038490363e+01 -1.375150964e+02 -1.375150964e+02 +5.7396e-01 +2.0743e+00 +1.0524e+00 -1.6819e+00 -6.8566e-01 -3.6261e-01 -8.3005e-01 +1.9784e-01 -1.0285e+00 -1.0229e+00
427 0 +9.660630822e+00 -1.382393692e+02 -1.382393692e+02 -1.2301e+00 +1.4031e+00 +2.0377e+00 -9.7937e-01 -6.8934e-01 +5.9168e-01 -1.0251e+00 +1.4327e-01 -4.3534e-01 -3.0838e-01
469 0 +9.548272830e+00 -1.383517272e+02 -1.383517272e+02 -1.1386e+00 +2.9846e-01 +2.9833e-01 -3.5339e-01 -2.5525e+00 +1.6989e+00 +1.7866e-01 -1.3223e+00 -1.1381e+00 +4.2625e-01
625 0 +9.346223910e+00 -1.385537761e+02 -1.385537761e+02 -1.2690e-01 +2.2075e+00 +1.8220e+00 -2.5511e+00 -9.6397e-01 +1.1647e+00 -1.1740e+00 -1.1806e+00 -7.3019e-01 -1.3413e+00
666 0 +8.040692454e+00 -1.398593075e+02 -1.398593075e+02 -2.5066e-01 +2.4393e-01 +5.6115e-01 -1.9923e+00 -1.8403e+00 +6.6349e-01 -4.4952e-01 -3.7524e-01 -1.7416e+00 +9.2711e-02
689 0 +7.626444157e+00 -1.402735558e+02 -1.402735558e+02 -4.3787e-01 +1.7639e+00 +1.3125e+00 -2.4676e+00 -1.6504e+00 +6.4075e-01 -9.6653e-01 -9.2799e-01 -1.4028e+00 -5.9347e-01
695 0 +6.632530390e+00 -1.412674696e+02 -1.412674696e+02 -1.2370e+00 +1.0418e+00 +1.5266e+00 -3.1198e+00 -2.3153e+00 +1.1372e+00 -1.6383e+00 -2.0644e+00 -2.9384e+00 +4.2315e-01
723 0 +5.717965718e+00 -1.421820343e+02 -1.421820343e+02 -7.6797e-01 +1.4645e+00 +1.1304e+00 -2.1711e+00 -1.1276e+00 +1.0736e+00 -1.2990e+00 -5.5100e-01 -2.1847e+00 +6.1866e-01
1237 0 +5.576744522e+00 -1.423232555e+02 -1.423232555e+02 -2.0475e+00 +1.7166e+00 +2.4456e+00 -3.7957e-01 +6.3299e-02 +7.4962e-01 -7.9864e-01 -1.9625e+00 -1.1151e+00 +1.2149e+00
1261 0 +5.254354483e+00 -1.426456455e+02 -1.426456455e+02 -8.9924e-01 +8.7524e-01 +6.1888e-01 -1.9535e+00 -2.2376e+00 +1.9199e+00 -1.3285e+00 -1.1032e+00 -2.9067e+00 +8.8178e-01
1324 0 +5.087873216e+00 -1.428121268e+02 -1.428121268e+02 -1.6455e+00 +9.1550e-01 +1.0432e+00 -2.3836e+00 -2.1488e+00 +1.4078e+00 -2.0288e+00 -1.0104e+00 -3.8352e+00 +1.7570e+00
1417 0 +4.797297301e+00 -1.431027027e+02 -1.431027027e+02 -1.3996e+00 +8.9770e-01 +1.3256e+00 -1.7372e+00 -1.8432e+00 +1.7955e+00 -1.5300e+00 -1.8997e+00 -3.0228e+00 +1.1946e+00
1441 0 +4.391347379e+00 -1.435086526e+02 -1.435086526e+02 -1.2641e+00 +2.0930e+00 +2.3136e+00 -1.4178e+00 +5.1332e-02 +1.2297e+00 -1.2288e+00 -1.5694e+00 -1.1972e+00 +1.7746e-01
1544 0 +3.784191259e+00 -1.441158087e+02 -1.441158087e+02 -1.3122e+00 +3.5432e-01 +1.3756e+00 -1.8268e+00 -2.0838e+00 +1.6484e+00 -1.2182e+00 -2.5583e+00 -3.1828e+00 +9.9509e-01
1553 0 +3.770516073e+00 -1.441294839e+02 -1.441294839e+02 -1.9372e+00 +4.8574e-01 +1.2872e+00 -1.9094e+00 -2.9475e+00 +2.1484e+00 -1.7685e+00 -2.4172e+00 -2.9656e+00 +1.6230e+00
1567 0 +3.551259185e+00 -1.443487408e+02 -1.443487408e+02 -1.3486e+00 +4.9566e-01 +9.5925e-01 -1.8609e+00 -2.3301e+00 +1.2531e+00 -1.3554e+00 -1.5310e+00 -3.4334e+00 +1.1017e+00
1617 0 +2.257832609e+00 -1.456421674e+02 -1.456421674e+02 -1.6342e+00 +1.0363e+00 +1.5255e+00 -1.5383e+00 -1.2375e+00 +1.3424e+00 -1.4756e+00 -1.8026e+00 -2.6325e+00 +1.3746e+00
1977 0 +1.759593093e+00 -1.461404069e+02 -1.461404069e+02 -1.9993e+00 +2.2904e-01 +1.5080e+00 -1.7874e+00 -2.7725e+00 +1.6802e+00 -1.7972e+00 -2.6239e+00 -3.6345e+00 +2.0585e+00
2039 0 +1.579509294e+00 -1.463204907e+02 -1.463204907e+02 -1.0852e+00 +2.1945e-01 +8.9636e-01 -2.3653e+00 -2.9676e+00 +1.3414e+00 -1.5496e+00 -1.7880e+00 -3.6853e+00 +1.3235e+00
2453 0 +1.072770640e+00 -1.468272294e+02 -1.468272294e+02 -1.8990e+00 -2.4979e-02 +1.4489e+00 -2.0179e+00 -3.1712e+00 +1.2091e+00 -1.4950e+00 -2.5161e+00 -3.6832e+00 +1.7893e+00
2460 0 +5.934579840e-01 -1.473065420e+02 -1.473065420e+02 -1.5996e+00 +1.7049e-02 +1.0599e+00 -2.1182e+00 -3.2960e+00 +1.4376e+00 -1.6320e+00 -2.1346e+00 -3.9481e+00 +1.7460e+00
% f evaluations | g evaluations | best noise-free fitness - Fopt (4.817100000000e+02) + sum g_i+ | measured fitness | best measured fitness or single-digit g-values | x1 | x2...
1 0 +8.102514800e+01 +5.627351480e+02 +5.627351480e+02 +5.9671e-01 -3.8264e-02 +7.4769e-01 +1.6230e+00 -1.3415e-01 -1.3414e-01 +1.6792e+00 +8.6743e-01 -3.6947e-01 +6.4256e-01
6 0 +3.891937011e+01 +5.206293701e+02 +5.206293701e+02 +4.2408e-01 -2.8508e-01 -5.7692e-01 +7.1168e-01 +1.1310e+00 +1.0313e+00 -7.3922e-01 -2.0921e-01 +4.3126e-01 +1.0755e+00
57 0 +2.588275962e+01 +5.075927596e+02 +5.075927596e+02 -3.5298e-01 -1.0681e+00 -1.2597e-01 +3.3623e+00 -1.4471e-01 -1.5039e-01 +9.8327e-01 -8.4308e-01 -2.4777e+00 -5.9862e-01
63 0 +2.348437588e+01 +5.051943759e+02 +5.051943759e+02 +4.9080e-01 -2.1767e+00 -4.3943e-01 +2.0038e+00 +1.1758e+00 -1.7639e+00 +2.2681e-01 -6.1163e-01 -8.4115e-01 +2.3943e+00
98 0 +2.005530593e+01 +5.017653059e+02 +5.017653059e+02 +1.4742e+00 -2.3274e+00 -2.2288e+00 +1.2862e+00 +2.0345e+00 +1.4901e+00 -6.0302e-02 -9.9326e-01 -1.9247e+00 -7.4792e-01
142 0 +1.734089008e+01 +4.990508901e+02 +4.990508901e+02 +7.4656e-01 -2.7881e+00 -2.3057e+00 +1.8105e+00 -1.3216e+00 -1.1355e+00 +2.0990e-01 -3.7270e-02 -2.5834e+00 -1.4304e+00
145 0 +1.566959534e+01 +4.973795953e+02 +4.973795953e+02 +8.5777e-01 -2.2214e+00 -2.0465e+00 +1.5241e+00 -2.6668e-02 +1.1926e+00 +6.4330e-01 -1.2799e+00 +1.1510e+00 +2.9200e+00
177 0 +1.506836844e+01 +4.967783684e+02 +4.967783684e+02 +8.4135e-01 -3.1860e+00 -4.1246e+00 +2.2591e+00 -4.3945e-01 -8.9431e-03 +8.3524e-01 -4.6086e-01 -2.7820e+00 -9.4185e-01
309 0 +1.215615743e+01 +4.938661574e+02 +4.938661574e+02 +1.6223e+00 -3.7978e+00 -4.0752e+00 +2.6007e+00 -3.5373e-01 -2.2085e+00 +2.2070e-01 +2.2731e-01 -1.9304e+00 +5.6163e-01
388 0 +1.039591483e+01 +4.921059148e+02 +4.921059148e+02 +1.3254e+00 -4.3769e+00 -3.0985e+00 +1.9725e+00 -3.9231e+00 -6.9460e-01 -7.3558e-01 -2.0912e+00 -7.9885e-01 +6.1657e-01
564 0 +7.270509103e+00 +4.889805091e+02 +4.889805091e+02 +1.3886e+00 -2.6982e+00 -2.8786e+00 +2.9427e+00 -1.5615e+00 -5.5582e-01 +1.0245e+00 -3.3104e-01 -1.0046e+00 +1.2162e-01
587 0 +6.812671978e+00 +4.885226720e+02 +4.885226720e+02 +3.9148e-01 -2.5759e+00 -1.9078e+00 +3.4664e+00 -5.0906e-01 -6.5460e-01 -8.9454e-02 -1.9484e+00 -2.0784e+00 +1.8955e+00
1012 0 +6.524204308e+00 +4.882342043e+02 +4.882342043e+02 +1.3787e+00 -3.5838e+00 -3.3640e+00 +2.5773e+00 -8.6757e-01 +1.9176e-01 +1.0208e+00 -1.1223e+00 -2.1484e+00 +1.1037e+00
1046 0 +6.506473714e+00 +4.882164737e+02 +4.882164737e+02 +1.2801e+00 -3.0108e+00 -2.9384e+00 +3.0471e+00 +1.2581e-01 -2.0359e-01 +8.6855e-01 -9.9907e-01 -1.7128e+00 +4.3904e-01
1054 0 +6.114799199e+00 +4.878247992e+02 +4.878247992e+02 +1.4118e+00 -3.5698e+00 -2.5573e+00 +4.1171e+00 -1.0571e+00 -1.4029e+00 +1.7905e-01 -1.6852e+00 -2.0983e+00 +3.2566e-01
1056 0 +5.794362619e+00 +4.875043626e+02 +4.875043626e+02 +1.1122e+00 -2.7074e+00 -2.0220e+00 +3.2099e+00 -1.4429e+00 -9.0067e-01 +1.6751e+00 -1.4671e+00 -2.1439e+00 +1.4043e+00
1077 0 +4.129611188e+00 +4.858396112e+02 +4.858396112e+02 +1.2314e+00 -2.8881e+00 -2.9039e+00 +2.8391e+00 -2.1919e-01 -6.5780e-01 -3.4588e-01 -1.1470e+00 -2.3341e+00 +5.9126e-01
1205 0 +2.994646473e+00 +4.847046465e+02 +4.847046465e+02 +8.8972e-01 -3.1962e+00 -2.9557e+00 +2.9942e+00 -1.2108e-01 -8.6721e-01 +8.9480e-01 -1.0206e+00 -1.6602e+00 +9.1290e-01
1381 0 +2.547985841e+00 +4.842579858e+02 +4.842579858e+02 +1.2249e+00 -2.8808e+00 -3.0034e+00 +2.1302e+00 -2.7401e-01 -4.6651e-01 -1.2888e-01 -7.5639e-01 -1.6675e+00 +9.5139e-01
1645 0 +2.361099771e+00 +4.840710998e+02 +4.840710998e+02 +1.1885e+00 -2.7499e+00 -3.0815e+00 +2.5446e+00 -1.8218e-01 -7.3209e-01 +3.6158e-01 -1.4678e+00 -1.4927e+00 +9.9146e-01
1692 0 +2.355481340e+00 +4.840654813e+02 +4.840654813e+02 +1.0049e+00 -2.9986e+00 -3.0236e+00 +3.5090e+00 -9.1986e-02 -6.6095e-01 +4.6549e-01 -2.0831e+00 -1.3735e+00 +2.9206e-01
1756 0 +2.066771667e+00 +4.837767717e+02 +4.837767717e+02 +9.2124e-01 -2.8380e+00 -2.5277e+00 +2.4246e+00 -2.5477e-01 -3.3346e-01 +1.0542e+00 -2.0836e+00 -1.0628e+00 +1.7269e+00
1854 0 +1.383333361e+00 +4.830933334e+02 +4.830933334e+02 +8.7700e-01 -3.0562e+00 -2.7036e+00 +3.1200e+00 -3.2095e-01 -7.7741e-01 +1.0331e+00 -1.6067e+00 -1.5197e+00 +6.5224e-01
2062 0 +9.821704801e-01 +4.826921705e+02 +4.826921705e+02 +1.1016e+00 -2.9091e+00 -2.8968e+00 +2.9066e+00 -3.8731e-01 -7.0807e-01 +7.8528e-01 -1.6808e+00 -1.7479e+00 +8.2291e-01
% f evaluations | g evaluations | best noise-free fitness - Fopt (-3.646000000000e+01) + sum g_i+ | measured fitness | best measured fitness or single-digit g-values | x1 | x2...
1 0 +1.451125285e+02 +1.086525285e+02 +1.086525285e+02 +5.9671e-01 -3.8264e-02 +7.4769e-01 +1.6230e+00 -1.3415e-01 -1.3414e-01 +1.6792e+00 +8.6743e-01 -3.6947e-01 +6.4256e-01
7 0 +1.389135016e+02 +1.024535016e+02 +1.024535016e+02 -3.7917e-01 -8.5659e-02 -1.0063e+00 -1.0962e+00 +9.1253e-01 +1.4562e+00 +2.7990e-02 +1.1035e+00 +4.6164e-01 -5.4512e-01
11 0 +7.588826061e+01 +3.942826061e+01 +3.942826061e+01 -1.3154e+00 -3.2065e-01 -2.4271e-01 -7.0228e-01 -6.1286e-02 +5.0405e-01 +1.9862e+00 +2.7458e-01 +3.5755e-01 +2.5554e-02
42 0 +6.961415182e+01 +3.315415182e+01 +3.315415182e+01 +8.1161e-01 -1.0246e+00 -1.4341e+00 +1.3777e+00 +4.3231e-01 -6.4849e-01 +1.6512e+00 +2.1567e-01 +1.2793e+00 +1.6752e-01
69 0 +5.698930763e+01 +2.052930763e+01 +2.052930763e+01 -1.6580e+00 -8.3230e-01 -5.1490e-01 +1.8041e+00 -7.6754e-01 +1.2215e+00 +2.1556e+00 +1.4242e-01 -4.1749e-01 +5.0750e-01
71 0 +4.690795041e+01 +1.044795041e+01 +1.044795041e+01 -5.5547e-01 -7.5911e-01 -3.6795e+00 +1.0240e+00 +1.0360e+00 +2.1178e+00 +1.9685e+00 +2.4554e+00 +3.9114e+00 -1.1235e+00
109 0 +4.584941698e+01 +9.389416981e+00 +9.389416981e+00 -3.5340e+00 -4.9413e-01 -1.6285e+00 +4.3139e-01 +2.1317e-01 +4.6846e+00 +3.2214e+00 +4.9428e-01 +3.0054e+00 +6.5496e-01
114 0 +4.582860247e+01 +9.368602473e+00 +9.368602473e+00 -1.7276e-01 -2.6304e+00 -1.7048e+00 +1.6118e+00 -1.3534e-01 +6.1814e-01 +4.1458e+00 +1.3183e-01 +4.5795e+00 -2.7355e+00
119 0 +3.304441663e+01 -3.415583372e+00 -3.415583372e+00 -1.7413e+00 -8.9673e-01 -3.3188e+00 +2.1301e+00 +4.3024e-01 +4.7085e+00 +8.8266e-01 +1.4806e+00 -6.5935e-01 -9.0266e-01
233 0 +2.901647801e+01 -7.443521987e+00 -7.443521987e+00 +8.4146e-01 +2.1721e+00 -1.7109e+00 +3.9052e+00 +3.0238e+00 +4.2081e+00 +1.6937e+00 +1.4370e+00 +4.9632e-01 -2.9976e+00
246 0 +2.827619869e+01 -8.183801309e+00 -8.183801309e+00 +1.9105e+00 -4.1598e+00 -2.4622e+00 +4.9842e+00 +2.9070e+00 +1.6623e+00 +2.7130e+00 +4.7610e+00 -3.7572e+00 -3.5812e+00
275 0 +2.366888179e+01 -1.279111821e+01 -1.279111821e+01 +3.1916e+00 -2.6723e+00 -1.8348e+00 +4.0415e+00 +4.7488e+00 +3.8004e+00 +3.4048e+00 +3.5270e+00 -1.3310e+00 -3.3388e+00
469 0 +1.515537323e+01 -2.130462677e+01 -2.130462677e+01 +1.5748e+00 -1.2273e+00 -1.7188e+00 +2.3612e+00 +3.1806e+00 +1.4338e+00 +2.6453e+00 +3.8620e+00 -3.0448e+00 -3.8096e+00
516 0 +1.170491366e+01 -2.475508634e+01 -2.475508634e+01 +1.7173e+00 -2.2824e+00 -2.9740e+00 +1.2490e+00 +4.0792e+00 +4.4865e+00 +1.7962e+00 +4.1058e+00 -2.4851e+00 -2.8323e+00
554 0 +1.066647821e+01 -2.579352179e+01 -2.579352179e+01 +2.0395e+00 -2.6490e+00 -1.9252e+00 +6.5170e-01 +3.7101e+00 +4.0973e+00 +3.3532e+00 +2.2659e+00 -4.2404e+00 -3.4427e+00
755 0 +6.386435271e+00 -3.007356473e+01 -3.007356473e+01 +1.9008e+00 -3.2180e+00 -2.3216e+00 +1.9075e+00 +2.7069e+00 +2.7341e+00 +4.3214e+00 +3.4066e+00 -3.0148e+00 -9.5986e-01
933 0 +5.785407500e+00 -3.067459250e+01 -3.067459250e+01 +1.6137e+00 -2.5762e+00 -2.8348e+00 +1.0474e+00 +4.3243e+00 +4.2614e+00 +2.4871e+00 +2.6632e+00 -3.6622e+00 -3.5243e+00
965 0 +5.330325106e+00 -3.112967489e+01 -3.112967489e+01 +2.4748e+00 -2.7767e+00 -2.3335e+00 +2.0225e+00 +3.9574e+00 +3.9170e+00 +2.6982e+00 +3.4151e+00 -4.1079e+00 -3.7214e+00
966 0 +3.416443124e+00 -3.304355688e+01 -3.304355688e+01 +2.2465e+00 -2.5767e+00 -2.4178e+00 +4.9868e-01 +3.8020e+00 +3.7021e+00 +2.5059e+00 +3.3434e+00 -4.2839e+00 -3.2639e+00
1019 0 +3.114766139e+00 -3.334523386e+01 -3.334523386e+01 +1.9779e+00 -2.9345e+00 -2.0373e+00 +4.8502e-01 +4.1065e+00 +3.9629e+00 +2.3572e+00 +3.5642e+00 -3.9702e+00 -3.5627e+00
1101 0 +2.719804513e+00 -3.374019549e+01 -3.374019549e+01 +2.4523e+00 -2.6631e+00 -2.1972e+00 +1.0087e+00 +4.1101e+00 +3.9116e+00 +2.3064e+00 +3.1342e+00 -3.8289e+00 -3.4315e+00
1293 0 +2.492742682e+00 -3.396725732e+01 -3.396725732e+01 +2.4993e+00 -2.9656e+00 -2.1631e+00 +1.0884e+00 +4.3794e+00 +3.1369e+00 +2.8435e+00 +3.2208e+00 -4.0235e+00 -3.5527e+00
1333 0 +1.498303723e+00 -3.496169628e+01 -3.496169628e+01 +2.3568e+00 -2.6632e+00 -2.5521e+00 +8.7003e-01 +3.8799e+00 +3.7528e+00 +1.9615e+00 +3.2842e+00 -3.7088e+00 -3.5100e+00
1850 0 +1.447643923e+00 -3.501235608e+01 -3.501235608e+01 +1.9850e+00 -3.0893e+00 -2.0877e+00 +6.6513e-01 +4.1530e+00 +3.3787e+00 +2.1813e+00 +3.3220e+00 -3.8636e+00 -3.6476e+00
1894 0 +9.012183833e-01 -3.555878162e+01 -3.555878162e+01 +2.1049e+00 -3.0958e+00 -1.9490e+00 +6.4775e-01 +3.8715e+00 +3.8907e+00 +1.9256e+00 +3.0805e+00 -4.0672e+00 -4.0908e+00
2417 0 +7.445376565e-01 -3.571546234e+01 -3.571546234e+01 +2.0951e+00 -3.0628e+00 -2.2319e+00 +9.6309e-01 +3.9302e+00 +3.7761e+00 +2.1555e+00 +3.2434e+00 -3.8821e+00 -3.6557e+00
% f evaluations | g evaluations | best noise-free fitness - Fopt (3.920000000000e+01) + sum g_i+ | measured fitness | best measured fitness or single-digit g-values | x1 | x2...
1 0 +6.258597322e+01 +1.017859732e+02 +1.017859732e+02 +5.9671e-01 -3.8264e-02 +7.4769e-01 +1.6230e+00 -1.3415e-01 -1.3414e-01 +1.6792e+00 +8.6743e-01 -3.6947e-01 +6.4256e-01
26 0 +5.649839685e+01 +9.569839685e+01 +9.569839685e+01 -1.1609e+00 +1.0179e+00 +2.2222e+00 +1.1325e+00 -1.4194e+00 -3.8423e-01 +1.3669e+00 -6.0767e-01 +5.4382e-01 +8.7463e-01
32 0 +5.016370075e+01 +8.936370075e+01 +8.936370075e+01 -1.1768e-01 +1.1988e+00 +9.2542e-01 +9.1351e-01 +1.4055e+00 +1.2100e-01 +7.8195e-01 -2.1027e-01 +4.2417e-01 -3.0143e-02
37 0 +4.969377646e+01 +8.889377646e+01 +8.889377646e+01 +6.1935e-01 +1.6327e+00 -8.7601e-03 +5.0171e-01 +7.9014e-01 -3.0122e-01 +3.2409e-01 +1.1259e-01 +1.9768e-01 -6.7301e-01
43 0 +4.965416915e+01 +8.885416915e+01 +8.885416915e+01 +2.1607e+00 +1.8553e+00 -1.4896e-01 +1.0716e+00 +7.4538e-01 +1.4686e+00 -8.6492e-01 +7.8605e-01 +1.1584e+00 -1.6587e+00
62 0 +4.421589871e+01 +8.341589871e+01 +8.341589871e+01 +2.5637e+00 +2.6026e-02 +4.8624e-01 -2.4004e-01 +8.3928e-01 +2.3943e-01 +1.8408e+00 -2.4812e-01 -1.5796e-01 +7.2099e-01
79 0 +4.273528606e+01 +8.193528606e+01 +8.193528606e+01 +1.0402e+00 +2.0559e+00 -7.6837e-01 +1.8095e+00 +9.5396e-01 +1.0354e+00 +2.0810e+00 -1.3062e-01 +7.9381e-01 -8.3549e-01
97 0 +3.999829499e+01 +7.919829499e+01 +7.919829499e+01 +1.1064e+00 +9.2084e-01 +1.8822e-01 +2.4448e+00 +2.8859e+00 +7.2871e-01 +3.7073e-01 -9.6360e-01 -6.1433e-01 -1.0203e+00
106 0 +3.504874761e+01 +7.424874761e+01 +7.424874761e+01 +1.9238e+00 -2.0744e-01 +1.0785e+00 +9.2975e-01 +1.6210e+00 +1.2941e-01 +1.2544e+00 -2.1023e+00 -4.0868e-01 -4.1711e-01
139 0 +3.194708093e+01 +7.114708093e+01 +7.114708093e+01 +2.6341e+00 -1.2502e-01 -7.6019e-01 +7.9888e-03 +1.5906e+00 +9.9576e-01 +3.9492e+00 -7.4202e-01 +2.1526e-01 -6.0606e-01
158 0 +2.850919902e+01 +6.770919902e+01 +6.770919902e+01 +1.8118e+00 +1.8111e+00 +2.3556e+00 +2.5773e+00 +1.6623e+00 -2.0298e+00 +2.9909e+00 -1.7292e+00 +7.9690e-01 +1.0214e+00
168 0 +2.107421937e+01 +6.027421937e+01 +6.027421937e+01 +6.9161e-01 +5.7586e-01 +2.5797e+00 +1.8182e+00 +3.0579e+00 +1.5524e-01 +2.5909e+00 -3.1875e+00 +3.2787e+00 +1.2982e-01
176 0 +1.951702759e+01 +5.871702759e+01 +5.871702759e+01 +4.1978e+00 +1.4419e+00 +1.4059e+00 +5.5162e-02 -2.2800e-01 +1.5875e+00 +2.1298e+00 -1.3329e+00 +3.6959e-01 -4.5537e-01
203 0 +1.917090377e+01 +5.837090377e+01 +5.837090377e+01 +2.3414e+00 +8.9813e-01 +4.0954e+00 +3.7585e+00 +1.3591e+00 +6.0301e-01 +2.1466e+00 -3.0902e+00 +2.4025e+00 -2.1196e+00
304 0 +1.571784882e+01 +5.491784882e+01 +5.491784882e+01 +2.5986e+00 +1.2854e+00 +1.1723e+00 +3.2484e+00 +1.1347e+00 +2.5659e-01 +3.9759e+00 -4.1243e+00 -3.2242e-01 -1.4572e+00
548 0 +1.225293598e+01 +5.145293598e+01 +5.145293598e+01 +3.8402e+00 +1.4044e+00 +2.1620e+00 +2.8186e+00 +4.2116e+00 +1.4046e+00 +3.5539e+00 -2.8622e+00 -5.0439e-01 -3.1687e+00
674 0 +1.211610814e+01 +5.131610814e+01 +5.131610814e+01 +2.7666e+00 +8.8875e-01 +1.5981e+00 +2.3489e+00 +2.5801e+00 +1.5155e+00 +2.8407e+00 -3.3971e+00 +3.8827e-01 -2.4671e+00
682 0 +1.172998681e+01 +5.092998681e+01 +5.092998681e+01 +3.1610e+00 +2.5528e+00 -1.2247e+00 +3.0828e+00 -6.3653e-01 +1.1242e+00 +3.8823e+00 -2.2065e+00 +1.1237e+00 -1.4865e+00
711 0 +1.078807956e+01 +4.998807956e+01 +4.998807956e+01 +3.2087e+00 +2.3888e+00 +1.3586e+00 +1.8040e+00 +2.9317e+00 +8.5298e-01 +3.4961e+00 -2.6125e+00 +5.0118e-01 -2.3373e+00
722 0 +4.975492820e+00 +4.417549282e+01 +4.417549282e+01 +3.0970e+00 +1.5627e+00 +1.9956e+00 +3.6745e+00 +2.6434e+00 +4.6686e-01 +2.0613e+00 -3.4134e+00 +5.7972e-01 -3.0448e+00
1168 0 +4.498319444e+00 +4.369831944e+01 +4.369831944e+01 +3.6024e+00 +1.6677e+00 +2.4494e+00 +3.0403e+00 +2.2289e+00 +3.0933e-01 +2.1710e+00 -3.4917e+00 +4.0239e-01 -3.6495e+00
1218 0 +3.409944808e+00 +4.260994481e+01 +4.260994481e+01 +3.8825e+00 +1.6407e+00 +1.7141e+00 +2.7894e+00 +2.7803e+00 +7.4522e-01 +2.4877e+00 -2.6423e+00 +1.9816e-01 -3.2476e+00
1257 0 +3.065353344e+00 +4.226535334e+01 +4.226535334e+01 +4.1526e+00 +1.1980e+00 +2.1701e+00 +2.5124e+00 +2.8737e+00 +1.9032e-01 +1.9522e+00 -2.9268e+00 +3.5248e-01 -3.5367e+00
1369 0 +2.958440830e+00 +4.215844083e+01 +4.215844083e+01 +3.3315e+00 +1.4420e+00 +2.3024e+00 +2.3987e+00 +2.8261e+00 +7.3870e-02 +2.2515e+00 -2.8311e+00 +6.0888e-01 -3.2605e+00
1441 0 +1.552281209e+00 +4.075228121e+01 +4.075228121e+01 +4.3979e+00 +9.9701e-01 +2.3076e+00 +2.6637e+00 +2.6317e+00 +6.7438e-01 +2.0354e+00 -2.8392e+00 +3.9849e-01 -3.4183e+00
1754 0 +1.474452846e+00 +4.067445285e+01 +4.067445285e+01 +3.9708e+00 +1.5677e+00 +2.3448e+00 +3.2530e+00 +2.3021e+00 +6.0030e-01 +2.0995e+00 -2.9122e+00 +3.7220e-01 -3.4201e+00
1775 0 +1.435617895e+00 +4.063561789e+01 +4.063561789e+01 +4.1901e+00 +1.3330e+00 +1.9863e+00 +2.4913e+00 +2.5937e+00 +5.2261e-01 +2.2897e+00 -2.6715e+00 +1.3298e-01 -3.4497e+00
1781 0 +1.335412578e+00 +4.053541258e+01 +4.053541258e+01 +4.1762e+00 +1.2400e+00 +1.9433e+00 +2.5407e+00 +2.3270e+00 +6.9496e-01 +2.1560e+00 -2.8706e+00 +2.9933e-01 -3.3417e+00
1843 0 +1.069048059e+00 +4.026904806e+01 +4.026904806e+01 +3.8435e+00 +1.7475e+00 +2.5651e+00 +3.0102e+00 +2.3559e+00 +5.3708e-01 +2.0857e+00 -2.7296e+00 +3.2093e-01 -3.3604e+00
1895 0 +7.040953835e-01 +3.990409538e+01 +3.990409538e+01 +3.7554e+00 +1.6896e+00 +2.5574e+00 +3.1671e+00 +2.2613e+00 +4.5463e-01 +2.0121e+00 -2.8297e+00 +5.0935e-01 -3.3370e+00
% f evaluations | g evaluations | best noise-free fitness - Fopt (-3.225000000000e+01) + sum g_i+ | measured fitness | best measured fitness or single-digit g-values | x1 | x2...
1 0 +4.516970759e+02 +4.194470759e+02 +4.194470759e+02 +5.9671e-01 -3.8264e-02 +7.4769e-01 +1.6230e+00 -1.3415e-01 -1.3414e-01 +1.6792e+00 +8.6743e-01 -3.6947e-01 +6.4256e-01
2 0 +3.102541802e+02 +2.780041802e+02 +2.780041802e+02 -3.6342e-01 -3.6573e-01 +3.4196e-01 -1.8133e+00 -1.6249e+00 -4.6229e-01 -9.1283e-01 +4.1425e-01 -8.0802e-01 -1.3123e+00
3 0 +1.749215143e+02 +1.426715143e+02 +1.426715143e+02 +1.5656e+00 -1.2578e-01 +1.6753e-01 -1.3247e+00 -4.4438e-01 +2.1092e-01 -1.0510e+00 +4.7570e-01 -5.0064e-01 -1.9169e-01
4 0 +1.449302454e+02 +1.126802454e+02 +1.126802454e+02 -5.0171e-01 +1.9523e+00 +8.6503e-02 -9.5771e-01 +9.2254e-01 -1.1208e+00 +3.0886e-01 -1.8597e+00 -1.2282e+00 +2.9686e-01
20 0 +1.307360089e+02 +9.848600894e+01 +9.848600894e+01 -3.4651e-01 +9.5640e-01 +3.1409e-01 -1.1457e+00 +2.7318e-01 +4.8532e-01 -7.8386e-01 +2.5373e-01 +1.5821e-01 -1.0430e+00
24 0 +1.138745005e+02 +8.162450046e+01 +8.162450046e+01 -6.3037e-01 +3.1646e-01 +1.4557e-01 -5.5160e-01 +2.2439e+00 +7.3392e-01 -1.9251e+00 +2.8645e-01 -5.6179e-01 +9.5243e-01
29 0 +7.273900615e+01 +4.048900615e+01 +4.048900615e+01 +2.1352e-01 +7.6213e-01 +1.6860e+00 -1.1378e+00 +2.2330e+00 -1.8521e+00 -5.1785e-02 +6.8832e-01 +3.8099e-01 -5.2270e-01
68 0 +5.790368826e+01 +2.565368826e+01 +2.565368826e+01 +6.7203e-02 +7.0592e-01 -4.6060e-01 -3.0341e+00 +2.6625e+00 -4.4739e-01 -9.3724e-01 +2.4131e-02 -6.3205e-01 +2.3812e+00
132 0 +4.858766683e+01 +1.633766683e+01 +1.633766683e+01 -6.9815e-01 -2.5009e+00 +3.0856e-01 -1.2107e+00 +8.9701e-01 -7.9321e-01 -7.7567e-01 +2.4410e+00 -9.1471e-01 +1.7369e+00
175 0 +4.427330559e+01 +1.202330559e+01 +1.202330559e+01 +7.1302e-02 -7.7669e-01 -2.3815e+00 -3.5931e+00 +1.7538e+00 -1.4646e+00 -1.1702e+00 +9.0686e-01 +2.3574e+00 +2.8904e+00
220 0 +3.638937424e+01 +4.139374235e+00 +4.139374235e+00 +1.4927e+00 +2.4902e+00 +3.9387e-01 -3.2181e+00 +1.5512e+00 -1.6503e+00 -1.0008e+00 +2.7228e+00 +1.4316e+00 -1.4156e-01
252 0 +2.982214064e+01 -2.427859360e+00 -2.427859360e+00 +4.3205e+00 -2.9203e-03 -2.7832e+00 -6.5738e-01 +3.9998e+00 -4.7432e+00 -8.9399e-01 +1.8826e+00 +4.4362e+00 +4.1755e+00
258 0 +2.727868383e+01 -4.971316168e+00 -4.971316168e+00 +3.5194e+00 -1.8790e+00 -2.9686e-01 -3.4958e+00 +2.4431e+00 -3.1207e+00 -4.4349e-01 +8.6315e-01 +2.0341e+00 +1.8913e+00
263 0 +1.516794698e+01 -1.708205302e+01 -1.708205302e+01 +3.3452e+00 -3.9820e-01 -3.2872e+00 -2.4170e+00 +8.8990e-01 -4.1979e+00 -6.9517e-02 +3.1898e+00 +4.4553e+00 +3.8246e+00
687 0 +1.471932925e+01 -1.753067075e+01 -1.753067075e+01 +4.3396e+00 -5.0485e-01 -1.4745e+00 -2.4188e+00 +3.0464e+00 -1.0426e+00 -4.3110e-01 +3.1609e+00 +2.0352e+00 +4.7679e+00
719 0 +1.223791110e+01 -2.001208890e+01 -2.001208890e+01 +3.1530e+00 +2.1208e+00 -2.4541e+00 -3.6080e+00 +2.3107e+00 -2.2299e+00 -5.4817e-01 +3.4622e+00 +3.6338e+00 +3.6903e+00
778 0 +1.172224513e+01 -2.052775487e+01 -2.052775487e+01 +3.7381e+00 +1.4316e+00 -2.9341e+00 -2.9834e+00 +2.6412e+00 -3.9819e+00 -1.1104e+00 +3.6023e+00 +2.7427e+00 +4.1153e+00
857 0 +5.961532142e+00 -2.628846786e+01 -2.628846786e+01 +3.3492e+00 +1.8563e-01 -1.4004e-01 -3.3320e+00 +2.2886e+00 -2.6683e+00 +3.7598e-02 +2.8310e+00 +3.2478e+00 +3.8897e+00
1162 0 +4.951677945e+00 -2.729832206e+01 -2.729832206e+01 +2.9520e+00 -5.9431e-01 -4.9662e-01 -3.4163e+00 +3.4349e+00 -1.9964e+00 -6.6771e-01 +2.0519e+00 +3.3833e+00 +2.6852e+00
1210 0 +4.885390367e+00 -2.736460963e+01 -2.736460963e+01 +3.4685e+00 +1.0492e+00 -1.4045e-01 -2.0878e+00 +2.8794e+00 -3.7296e+00 +5.2746e-03 +2.9978e+00 +3.3346e+00 +3.5220e+00
1457 0 +4.170343422e+00 -2.807965658e+01 -2.807965658e+01 +4.2308e+00 +3.7667e-01 -7.4397e-01 -1.7455e+00 +3.0989e+00 -3.7070e+00 +2.7390e-02 +3.1515e+00 +3.2000e+00 +2.9726e+00
1492 0 +3.365389256e+00 -2.888461074e+01 -2.888461074e+01 +4.4527e+00 +9.4267e-01 -7.3994e-01 -2.3297e+00 +3.2697e+00 -2.8220e+00 +4.8760e-01 +2.5886e+00 +3.4485e+00 +3.1693e+00
1737 0 +3.286570023e+00 -2.896342998e+01 -2.896342998e+01 +4.0077e+00 +6.9061e-01 -2.8207e-01 -2.2890e+00 +3.1224e+00 -3.0488e+00 +2.8909e-01 +2.4966e+00 +3.3537e+00 +3.3654e+00
1880 0 +2.806565068e+00 -2.944343493e+01 -2.944343493e+01 +3.4571e+00 +1.1869e+00 -9.8511e-01 -3.1110e+00 +3.0938e+00 -3.5168e+00 +8.8966e-02 +2.5337e+00 +3.7332e+00 +3.4230e+00
1952 0 +2.725760078e+00 -2.952423992e+01 -2.952423992e+01 +3.5525e+00 +1.4799e+00 -7.8006e-01 -2.9848e+00 +3.3243e+00 -3.3210e+00 +9.5304e-02 +2.5552e+00 +4.0988e+00 +3.2734e+00
1968 0 +2.588645357e+00 -2.966135464e+01 -2.966135464e+01 +2.6494e+00 +9.3952e-01 -1.0055e+00 -2.6373e+00 +2.7358e+00 -3.4647e+00 -2.9644e-01 +2.2071e+00 +4.1817e+00 +3.1346e+00
1975 0 +2.510931542e+00 -2.973906846e+01 -2.973906846e+01 +3.0882e+00 +1.3153e+00 -1.0285e+00 -2.6140e+00 +3.4557e+00 -4.1081e+00 +4.2389e-02 +2.5744e+00 +4.1354e+00 +2.9504e+00
2054 0 +1.979828480e+00 -3.027017152e+01 -3.027017152e+01 +3.4373e+00 +5.9548e-01 -6.5619e-01 -2.1441e+00 +3.1212e+00 -3.3638e+00 -1.6370e-01 +2.2393e+00 +3.9176e+00 +2.9755e+00
2081 0 +1.758558276e+00 -3.049144172e+01 -3.049144172e+01 +3.4100e+00 +1.3329e+00 -8.7405e-01 -2.6210e+00 +3.4245e+00 -4.0045e+00 +3.5388e-01 +2.7386e+00 +3.8650e+00 +3.3067e+00
2201 0 +1.508910618e+00 -3.074108938e+01 -3.074108938e+01 +3.6854e+00 +9.8518e-01 -9.4323e-01 -2.7153e+00 +3.0651e+00 -3.4904e+00 +1.0866e-01 +2.4847e+00 +3.7989e+00 +3.0328e+00
2226 0 +1.223623071e+00 -3.102637693e+01 -3.102637693e+01 +3.6526e+00 +9.1456e-01 -7.0738e-01 -2.5895e+00 +3.0803e+00 -2.9209e+00 +1.4501e-01 +2.3306e+00 +3.6601e+00 +3.2496e+00
2461 0 +1.041119795e+00 -3.120888020e+01 -3.120888020e+01 +3.5395e+00 +8.5298e-01 -6.5025e-01 -2.7772e+00 +3.0809e+00 -3.3926e+00 -3.4985e-02 +2.4735e+00 +3.8361e+00 +3.0140e+00
% f evaluations | g evaluations | best noise-free fitness - Fopt (3.681200000000e+02) + sum g_i+ | measured fitness | best measured fitness or single-digit g-values | x1 | x2...
1 0 +7.459129335e+01 +4.427112934e+02 +4.427112934e+02 +5.9671e-01 -3.8264e-02 +7.4769e-01 +1.6230e+00 -1.3415e-01 -1.3414e-01 +1.6792e+00 +8.6743e-01 -3.6947e-01 +6.4256e-01
2 0 +5.447614135e+01 +4.225961413e+02 +4.225961413e+02 -3.6342e-01 -3.6573e-01 +3.4196e-01 -1.8133e+00 -1.6249e+00 -4.6229e-01 -9.1283e-01 +4.1425e-01 -8.0802e-01 -1.3123e+00
4 0 +3.786814253e+01 +4.059881425e+02 +4.059881425e+02 -5.0171e-01 +1.9523e+00 +8.6503e-02 -9.5771e-01 +9.2254e-01 -1.1208e+00 +3.0886e-01 -1.8597e+00 -1.2282e+00 +2.9686e-01
67 0 +3.353560839e+01 +4.016556084e+02 +4.016556084e+02 -1.1936e+00 -9.4386e-01 -2.1231e+00 +2.5460e-02 +5.1952e-02 -1.4073e+00 +2.2005e+00 -1.2656e+00 -1.6894e+00 +1.4269e-01
91 0 +3.320218097e+01 +4.013221810e+02 +4.013221810e+02 -1.4046e+00 +1.7251e+00 -5.2029e-01 -1.7165e+00 +2.1210e+00 -1.0517e-02 +1.0381e-01 -1.8825e+00 -2.0307e+00 -6.6457e-01
109 0 +2.708932671e+01 +3.952093267e+02 +3.952093267e+02 -3.8189e+00 -1.5883e+00 -1.2941e+00 +4.4108e-01 +1.1231e+00 -1.0681e+00 +1.4159e-01 -3.2079e+00 -5.2034e-01 -4.4098e-01
208 0 +1.681954251e+01 +3.849395425e+02 +3.849395425e+02 -1.9294e+00 +3.1506e-01 -2.1584e+00 -3.2790e+00 -7.0442e-01 -5.3708e-01 +5.6792e-02 -4.9763e+00 -3.1934e+00 -4.6796e-01
226 0 +1.678479505e+01 +3.849047951e+02 +3.849047951e+02 -1.8110e+00 -7.0251e-02 +1.0814e+00 +3.4838e-01 -1.0576e+00 -2.4446e+00 -5.7591e-01 -4.4648e+00 -3.5454e+00 -2.1669e+00
311 0 +1.442331245e+01 +3.825433125e+02 +3.825433125e+02 -3.7657e+00 +8.6629e-01 +2.6194e-01 -3.0209e+00 -1.2590e+00 -2.7155e+00 -4.3321e+00 -4.1323e+00 -2.4405e+00 -1.6609e+00
317 0 +1.122508115e+01 +3.793450811e+02 +3.793450811e+02 -1.7530e+00 -2.0457e+00 +2.8280e-01 -3.7145e+00 -6.5512e-01 -1.3333e+00 -2.9012e+00 -4.1208e+00 -3.2165e+00 -1.2323e+00
408 0 +9.772276177e+00 +3.778922762e+02 +3.778922762e+02 -1.4752e+00 -9.9556e-01 -1.1970e+00 -1.6768e+00 -7.9491e-01 -2.3549e+00 -1.6151e+00 -3.6181e+00 -2.1452e+00 +4.8235e-01
606 0 +5.479124534e+00 +3.735991245e+02 +3.735991245e+02 -1.7491e+00 -6.9397e-01 +9.5410e-01 -2.5638e+00 -2.2652e-01 -1.1943e+00 -1.2927e+00 -4.5836e+00 -2.7781e+00 -1.0884e+00
910 0 +5.245553151e+00 +3.733655532e+02 +3.733655532e+02 -2.1684e+00 +4.9140e-03 +1.4970e+00 -1.4576e+00 -1.1276e+00 -2.5683e+00 -1.3835e+00 -4.1096e+00 -1.6786e+00 -1.1685e+00
1172 0 +4.361381455e+00 +3.724813815e+02 +3.724813815e+02 -1.7578e+00 -1.0046e+00 +1.1715e+00 -2.8723e+00 -6.3152e-01 -1.5274e+00 -2.3152e+00 -3.7570e+00 -2.2367e+00 -1.0953e+00
1308 0 +3.124159259e+00 +3.712441593e+02 +3.712441593e+02 -2.4166e+00 -4.0852e-01 +6.4093e-02 -2.6172e+00 -5.4254e-01 -2.0820e+00 -2.6021e+00 -3.7180e+00 -2.3990e+00 -8.5050e-01
1344 0 +2.616430426e+00 +3.707364304e+02 +3.707364304e+02 -2.6295e+00 -1.2687e+00 +2.5942e-01 -2.1698e+00 -9.2541e-01 -2.4630e+00 -2.4911e+00 -3.8261e+00 -2.4483e+00 -7.1241e-01
1355 0 +2.311218760e+00 +3.704312188e+02 +3.704312188e+02 -2.4387e+00 -1.0928e+00 +6.3104e-01 -1.9136e+00 -9.6926e-01 -2.5655e+00 -2.3777e+00 -3.6351e+00 -2.2307e+00 -8.3203e-01
1711 0 +1.365844640e+00 +3.694858446e+02 +3.694858446e+02 -2.6067e+00 -1.1163e+00 +7.0769e-01 -1.9512e+00 -8.5745e-01 -2.3101e+00 -2.2543e+00 -3.8531e+00 -2.2810e+00 -1.0276e+00
2037 0 +9.135659940e-01 +3.690335660e+02 +3.690335660e+02 -2.5053e+00 -1.1342e+00 +7.8822e-01 -2.3174e+00 -7.2420e-01 -2.0398e+00 -2.4103e+00 -3.9131e+00 -2.3175e+00 -7.8106e-01
2162 0 +7.810830694e-01 +3.689010831e+02 +3.689010831e+02 -2.5086e+00 -9.5198e-01 +6.1611e-01 -2.3499e+00 -7.6737e-01 -2.2508e+00 -2.3071e+00 -3.8332e+00 -2.3314e+00 -8.8784e-01
2460 0 +7.631703959e-01 +3.688831704e+02 +3.688831704e+02 -2.6791e+00 -1.0899e+00 +6.3167e-01 -2.3712e+00 -7.3800e-01 -2.2438e+00 -2.5852e+00 -3.8721e+00 -2.2117e+00 -8.6543e-01
2463 0 +4.411479308e-01 +3.685611479e+02 +3.685611479e+02 -2.4342e+00 -1.1156e+00 +5.9332e-01 -2.3916e+00 -5.5440e-01 -2.0885e+00 -2.4180e+00 -3.8635e+00 -2.3107e+00 -9.0783e-01
