% f evaluations | g evaluations | best noise-free fitness - Fopt (1.026100000000e+02) + sum g_i+ | measured fitness | best measured fitness or single-digit g-values | x1 | x2...
1 0 +8.499088232e+01 +1.876008823e+02 +1.876008823e+02 +5.9671e-01 -3.8264e-02 +7.4769e-01 +1.6230e+00 -1.3415e-01
3 0 +7.334857351e+01 +1.759585735e+02 +1.759585735e+02 -3.6342e-01 -3.6573e-01 +3.4196e-01 -1.8133e+00 -1.6249e+00
5 0 +6.580041802e+01 +1.684104180e+02 +1.684104180e+02 +1.5656e+00 -1.2578e-01 +1.6753e-01 -1.3247e+00 -4.4438e-01
9 0 +6.386104831e+01 +1.664710483e+02 +1.664710483e+02 +8.3847e-01 +2.7137e-01 -1.5648e-02 -2.0110e-01 -1.3785e+00
12 0 +4.633366536e+01 +1.489436654e+02 +1.489436654e+02 +1.0313e+00 -7.3922e-01 -2.0921e-01 +4.3126e-01 +1.0755e+00
46 0 +3.549228895e+01 +1.381022890e+02 +1.381022890e+02 +4.2241e-01 -7.1499e-01 +2.2014e-01 +1.2223e+00 -1.8163e-01
87 0 +3.471150900e+01 +1.373215090e+02 +1.373215090e+02 -3.1473e-01 -1.2193e+00 +8.0027e-01 +3.2352e-02 +2.0887e+00
181 0 +2.811547591e+01 +1.307254759e+02 +1.307254759e+02 +1.1706e+00 +1.2963e+00 -7.0737e-01 -1.3503e+00 -7.0134e-01
339 0 +2.189677565e+01 +1.245067757e+02 +1.245067757e+02 +2.2672e+00 +1.5798e+00 -5.8177e-01 -6.8440e-01 -1.6640e+00
393 0 +2.162183044e+01 +1.242318304e+02 +1.242318304e+02 +1.3055e+00 +1.2352e+00 -7.3001e-02 -1.0863e+00 -1.0943e+00
490 0 +1.352659241e+01 +1.161365924e+02 +1.161365924e+02 +1.0252e+00 +7.1608e-01 -7.5870e-01 -1.1659e+00 -1.2945e+00
525 0 +9.268436488e+00 +1.118784365e+02 +1.118784365e+02 +5.0828e-01 +5.4086e-01 -1.0716e+00 -7.8130e-01 -1.2240e+00
% f evaluations | g evaluations | best noise-free fitness - Fopt (9.330000000000e+01) + sum g_i+ | measured fitness | best measured fitness or single-digit g-values | x1 | x2...
1 0 +9.053870432e+01 +1.838387043e+02 +1.838387043e+02 +5.9671e-01 -3.8264e-02 +7.4769e-01 +1.6230e+00 -1.3415e-01
3 0 +7.053340211e+01 +1.638334021e+02 +1.638334021e+02 -3.6342e-01 -3.6573e-01 +3.4196e-01 -1.8133e+00 -1.6249e+00
4 0 +5.747590142e+01 +1.507759014e+02 +1.507759014e+02 -4.6229e-01 -9.1283e-01 +4.1425e-01 -8.0802e-01 -1.3123e+00
5 0 +4.851537749e+01 +1.418153775e+02 +1.418153775e+02 +1.5656e+00 -1.2578e-01 +1.6753e-01 -1.3247e+00 -4.4438e-01
9 0 +3.690835605e+01 +1.302083560e+02 +1.302083560e+02 +8.3847e-01 +2.7137e-01 -1.5648e-02 -2.0110e-01 -1.3785e+00
86 0 +3.356030221e+01 +1.268603022e+02 +1.268603022e+02 +1.8945e+00 -1.9105e+00 +1.2029e+00 -1.5831e+00 -7.1593e-01
164 0 +2.816846292e+01 +1.214684629e+02 +1.214684629e+02 +7.2634e-01 -5.9301e-01 +4.4441e-01 -8.9022e-01 -1.5620e+00
168 0 +2.607070944e+01 +1.193707094e+02 +1.193707094e+02 +9.9638e-01 -3.7673e-01 +1.7447e+00 -7.0729e-01 -1.5505e+00
217 0 +2.540503550e+01 +1.187050355e+02 +1.187050355e+02 +1.0024e+00 -1.2291e+00 +1.3656e+00 +2.2465e-01 -2.0569e-01
334 0 +1.741282251e+01 +1.107128225e+02 +1.107128225e+02 +7.4361e-01 -1.1481e+00 +1.0329e+00 -7.0161e-01 -1.0849e+00
377 0 +9.677631789e+00 +1.029776318e+02 +1.029776318e+02 +8.6659e-01 -8.6477e-01 +9.3420e-01 -1.1468e+00 -1.1519e+00
% f evaluations | g evaluations | best noise-free fitness - Fopt (1.364000000000e+01) + sum g_i+ | measured fitness | best measured fitness or single-digit g-values | x1 | x2...
1 0 +8.700110703e+01 +1.006411070e+02 +1.006411070e+02 +5.9671e-01 -3.8264e-02 +7.4769e-01 +1.6230e+00 -1.3415e-01
2 0 +7.291196819e+01 +8.655196819e+01 +8.655196819e+01 -1.3414e-01 +1.6792e+00 +8.6743e-01 -3.6947e-01 +6.4256e-01
5 0 +4.383361079e+01 +5.747361079e+01 +5.747361079e+01 +1.5656e+00 -1.2578e-01 +1.6753e-01 -1.3247e+00 -4.4438e-01
29 0 +3.718058631e+01 +5.082058631e+01 +5.082058631e+01 +2.7155e-01 +3.2410e-01 +1.9228e+00 +2.0618e-02 +4.9263e-01
74 0 +3.430622405e+01 +4.794622405e+01 +4.794622405e+01 +7.3790e-01 +2.7195e-01 +8.1921e-01 -9.1469e-01 +4.1162e-01
91 0 +2.410438158e+01 +3.774438158e+01 +3.774438158e+01 +7.5015e-01 +1.0122e+00 +1.1423e+00 -1.0159e+00 +1.1427e+00
167 0 +1.859881503e+01 +3.223881503e+01 +3.223881503e+01 +1.7262e-01 +3.4755e-01 +1.2499e+00 -1.4292e+00 +4.8869e-01
331 0 +1.787914133e+01 +3.151914133e+01 +3.151914133e+01 +6.6375e-01 +1.5297e+00 +1.8639e+00 -1.6945e+00 +1.6486e+00
854 0 +1.642968106e+01 +3.006968106e+01 +3.006968106e+01 +1.2569e+00 +1.6928e+00 +1.6980e+00 -1.7627e+00 +1.4780e+00
1157 0 +1.418359003e+01 +2.782359003e+01 +2.782359003e+01 +1.1766e+00 +1.2397e+00 +1.3339e+00 -1.6044e+00 +1.5961e+00
% f evaluations | g evaluations | best noise-free fitness - Fopt (1.948000000000e+02) + sum g_i+ | measured fitness | best measured fitness or single-digit g-values | x1 | x2...
1 0 +8.015826547e+01 +2.749582655e+02 +2.749582655e+02 +5.9671e-01 -3.8264e-02 +7.4769e-01 +1.6230e+00 -1.3415e-01
3 0 +7.775577416e+01 +2.725557742e+02 +2.725557742e+02 -3.6342e-01 -3.6573e-01 +3.4196e-01 -1.8133e+00 -1.6249e+00
4 0 +4.861626552e+01 +2.434162655e+02 +2.434162655e+02 -4.6229e-01 -9.1283e-01 +4.1425e-01 -8.0802e-01 -1.3123e+00
35 0 +4.130397688e+01 +2.361039769e+02 +2.361039769e+02 +4.5028e-01 -1.3430e+00 +5.2317e-01 -9.2025e-01 -3.5705e-01
128 0 +3.536753929e+01 +2.301675393e+02 +2.301675393e+02 +6.3829e-01 +2.3349e-01 -7.1996e-01 -5.8435e-01 -5.9442e-01
216 0 +3.369602774e+01 +2.284960277e+02 +2.284960277e+02 +7.4516e-01 +1.2124e+00 +3.8544e-01 +1.6352e-01 -1.5616e+00
230 0 +3.256813093e+01 +2.273681309e+02 +2.273681309e+02 +8.4031e-01 +5.5075e-01 +9.9997e-01 -5.8540e-01 -1.5307e+00
286 0 +2.224450196e+01 +2.170445020e+02 +2.170445020e+02 +8.7959e-01 +1.7145e+00 +1.8928e+00 -1.2461e+00 -1.0010e-01
761 0 +1.871860798e+01 +2.135186080e+02 +2.135186080e+02 +1.2943e+00 +6.4446e-01 +2.4259e+00 -7.6448e-01 -1.4390e+00
1048 0 +1.680373175e+01 +2.116037317e+02 +2.116037317e+02 +1.4102e+00 +1.2138e+00 +2.5000e+00 -1.1196e+00 -1.6239e+00
% f evaluations | g evaluations | best noise-free fitness - Fopt (-1.335900000000e+02) + sum g_i+ | measured fitness | best measured fitness or single-digit g-values | x1 | x2...
1 0 +6.971884850e+01 -6.387115150e+01 -6.387115150e+01 +5.9671e-01 -3.8264e-02 +7.4769e-01 +1.6230e+00 -1.3415e-01
3 0 +5.223349731e+01 -8.135650269e+01 -8.135650269e+01 -3.6342e-01 -3.6573e-01 +3.4196e-01 -1.8133e+00 -1.6249e+00
12 0 +4.026655205e+01 -9.332344795e+01 -9.332344795e+01 +1.0313e+00 -7.3922e-01 -2.0921e-01 +4.3126e-01 +1.0755e+00
40 0 +3.838262310e+01 -9.520737690e+01 -9.520737690e+01 -2.0361e-02 +1.1521e+00 -8.2930e-01 -6.0937e-01 -2.5646e-01
144 0 +3.809184794e+01 -9.549815206e+01 -9.549815206e+01 -7.6261e-01 +9.6890e-01 -8.3070e-01 -1.3486e+00 -1.5600e+00
167 0 +1.630340111e+01 -1.172865989e+02 -1.172865989e+02 +4.8268e-01 -3.9091e-01 +9.9284e-01 +7.2148e-01 +7.7361e-01
492 0 +1.617382685e+01 -1.174161732e+02 -1.174161732e+02 -1.5569e+00 +1.1360e+00 -1.4027e+00 -1.9159e+00 -2.2780e+00
786 0 +1.592169552e+01 -1.176683045e+02 -1.176683045e+02 -1.2267e+00 +1.5442e+00 -1.6996e+00 -1.6652e+00 -8.0178e-01
850 0 +1.520093211e+01 -1.183890679e+02 -1.183890679e+02 -1.4891e+00 +1.0248e+00 -1.5574e+00 -2.5184e+00 -2.1230e+00
948 0 +1.165086301e+01 -1.219391370e+02 -1.219391370e+02 -2.7666e+00 +1.6656e+00 -1.7298e+00 -1.7605e+00 -2.1213e+00
% f evaluations | g evaluations | best noise-free fitness - Fopt (-3.085000000000e+01) + sum g_i+ | measured fitness | best measured fitness or single-digit g-values | x1 | x2...
1 0 +7.972531536e+01 +4.887531536e+01 +4.887531536e+01 +5.9671e-01 -3.8264e-02 +7.4769e-01 +1.6230e+00 -1.3415e-01
5 0 +5.811570186e+01 +2.726570186e+01 +2.726570186e+01 +1.5656e+00 -1.2578e-01 +1.6753e-01 -1.3247e+00 -4.4438e-01
6 0 +5.148285355e+01 +2.063285355e+01 +2.063285355e+01 +2.1092e-01 -1.0510e+00 +4.7570e-01 -5.0064e-01 -1.9169e-01
53 0 +4.524898960e+01 +1.439898960e+01 +1.439898960e+01 -2.1916e+00 -9.9490e-01 -2.5609e-02 -4.9663e-01 -1.7247e+00
55 0 +3.999395138e+01 +9.143951375e+00 +9.143951375e+00 +1.0369e+00 +5.9894e-01 -1.3222e+00 -2.4473e-01 -2.2100e-01
82 0 +3.807619133e+01 +7.226191329e+00 +7.226191329e+00 -1.0593e+00 +5.0534e-01 -1.6727e-01 +1.3035e-01 -1.1766e+00
294 0 +3.725854632e+01 +6.408546320e+00 +6.408546320e+00 -7.0049e-01 -8.2012e-01 +7.2429e-01 +7.9029e-01 -4.8138e-01
306 0 +3.127237360e+01 +4.223736031e-01 +4.223736031e-01 -1.1081e-01 -2.0693e+00 +1.6359e+00 +2.6170e+00 -8.6969e-01
442 0 +3.045399012e+01 -3.960098782e-01 -3.960098782e-01 -9.7215e-01 -1.5775e+00 +1.2822e+00 +1.8467e+00 -2.8223e-01
477 0 +2.633994474e+01 -4.510055259e+00 -4.510055259e+00 -5.0858e-01 -1.5783e+00 +1.3735e+00 +1.8201e+00 -3.6317e-01
615 0 +2.322200953e+01 -7.627990473e+00 -7.627990473e+00 -7.3862e-01 -1.8331e+00 +1.7906e+00 +2.1253e+00 -4.9963e-01
809 0 +2.036536926e+01 -1.048463074e+01 -1.048463074e+01 -8.3020e-01 -1.6766e+00 +2.1759e+00 +2.5065e+00 -3.9812e-01
818 0 +1.820024799e+01 -1.264975201e+01 -1.264975201e+01 -1.1201e+00 -1.7438e+00 +1.9544e+00 +1.6755e+00 -7.0370e-01
842 0 +1.539951251e+01 -1.545048749e+01 -1.545048749e+01 -9.7321e-01 -1.6077e+00 +1.9576e+00 +1.5921e+00 -9.6572e-01
% f evaluations | g evaluations | best noise-free fitness - Fopt (-9.200000000000e+00) + sum g_i+ | measured fitness | best measured fitness or single-digit g-values | x1 | x2...
1 0 +9.317254260e+01 +8.397254260e+01 +8.397254260e+01 +5.9671e-01 -3.8264e-02 +7.4769e-01 +1.6230e+00 -1.3415e-01
2 0 +7.081811700e+01 +6.161811700e+01 +6.161811700e+01 -1.3414e-01 +1.6792e+00 +8.6743e-01 -3.6947e-01 +6.4256e-01
7 0 +3.578238731e+01 +2.658238731e+01 +2.658238731e+01 -5.0171e-01 +1.9523e+00 +8.6503e-02 -9.5771e-01 +9.2254e-01
67 0 +3.412868764e+01 +2.492868764e+01 +2.492868764e+01 -6.2897e-01 +4.1615e-01 +4.8577e-01 -6.1409e-01 +1.0314e+00
109 0 +2.821091863e+01 +1.901091863e+01 +1.901091863e+01 -7.0836e-01 +7.7200e-01 -4.7757e-02 -6.6934e-01 +9.9045e-01
190 0 +2.777460610e+01 +1.857460610e+01 +1.857460610e+01 -4.2290e-01 +2.2666e-01 +2.9328e-01 +1.4886e-02 +6.4053e-01
243 0 +2.037756478e+01 +1.117756478e+01 +1.117756478e+01 -1.1122e+00 +1.0814e+00 +4.3859e-01 -1.1231e+00 +1.4839e+00
427 0 +1.938590249e+01 +1.018590249e+01 +1.018590249e+01 -9.1711e-01 +1.0721e+00 +7.1839e-01 -7.9917e-01 +9.9390e-01
445 0 +1.804814390e+01 +8.848143899e+00 +8.848143899e+00 -6.0125e-01 +1.0252e+00 +1.7442e+00 -1.5916e+00 +9.5322e-01
475 0 +1.559831754e+01 +6.398317545e+00 +6.398317545e+00 -1.7602e+00 +8.4086e-01 +1.1511e+00 -1.4141e+00 +1.1588e+00
691 0 +1.078836379e+01 +1.588363793e+00 +1.588363793e+00 -9.0239e-01 +1.2782e+00 +9.1936e-01 -8.5548e-01 +1.3145e+00
755 0 +8.237174802e+00 -9.628251983e-01 -9.628251983e-01 -8.6675e-01 +1.4245e+00 +1.1699e+00 -7.8068e-01 +1.5095e+00
1123 0 +7.169701458e+00 -2.030298542e+00 -2.030298542e+00 -1.0493e+00 +1.2103e+00 +1.0282e+00 -1.3110e+00 +1.1632e+00
% f evaluations | g evaluations | best noise-free fitness - Fopt (-2.037600000000e+02) + sum g_i+ | measured fitness | best measured fitness or single-digit g-values | x1 | x2...
1 0 +1.310506073e+02 -7.270939270e+01 -7.270939270e+01 +5.9671e-01 -3.8264e-02 +7.4769e-01 +1.6230e+00 -1.3415e-01
2 0 +5.961339241e+01 -1.441466076e+02 -1.441466076e+02 -1.3414e-01 +1.6792e+00 +8.6743e-01 -3.6947e-01 +6.4256e-01
4 0 +5.452788536e+01 -1.492321146e+02 -1.492321146e+02 -4.6229e-01 -9.1283e-01 +4.1425e-01 -8.0802e-01 -1.3123e+00
25 0 +2.271632233e+01 -1.810436777e+02 -1.810436777e+02 +8.9103e-01 -8.0939e-01 +1.5028e+00 -1.3019e+00 +6.8686e-01
306 0 +2.009417084e+01 -1.836658292e+02 -1.836658292e+02 +1.4979e-01 +1.7370e+00 +1.3693e+00 -8.5495e-01 +1.2183e+00
748 0 +1.549767394e+01 -1.882623261e+02 -1.882623261e+02 +2.1747e+00 +1.8609e+00 +1.4514e+00 -1.7324e+00 +1.7356e+00
% f evaluations | g evaluations | best noise-free fitness - Fopt (3.399000000000e+01) + sum g_i+ | measured fitness | best measured fitness or single-digit g-values | x1 | x2...
1 0 +9.615526314e+01 +1.301452631e+02 +1.301452631e+02 +5.9671e-01 -3.8264e-02 +7.4769e-01 +1.6230e+00 -1.3415e-01
2 0 +5.149938605e+01 +8.548938605e+01 +8.548938605e+01 -1.3414e-01 +1.6792e+00 +8.6743e-01 -3.6947e-01 +6.4256e-01
20 0 +5.114827739e+01 +8.513827739e+01 +8.513827739e+01 -1.3635e+00 +3.9612e-01 +3.6106e-01 +1.0511e-01 -1.3459e-01
23 0 +4.926158838e+01 +8.325158838e+01 +8.325158838e+01 -1.8188e+00 +7.3486e-02 +1.6023e-01 +2.5632e+00 -9.2361e-02
49 0 +4.723296862e+01 +8.122296862e+01 +8.122296862e+01 +6.8657e-01 +1.9791e-01 +1.0108e+00 -4.3241e-01 -8.4859e-01
58 0 +4.102834215e+01 +7.501834215e+01 +7.501834215e+01 +1.1457e-01 -8.7346e-01 +6.9964e-01 -3.2362e-01 -9.1868e-01
102 0 +4.034024839e+01 +7.433024839e+01 +7.433024839e+01 +3.7851e-01 +7.0347e-01 +8.2941e-01 -5.9192e-01 -1.3641e+00
159 0 +3.915341552e+01 +7.314341552e+01 +7.314341552e+01 +7.9941e-01 +4.3552e-02 +1.2191e+00 -7.9665e-01 -1.9855e+00
171 0 +1.911599724e+01 +5.310599724e+01 +5.310599724e+01 +1.2450e+00 +6.3487e-01 +6.4910e-01 +4.6968e-02 -1.4789e+00
299 0 +1.744272674e+01 +5.143272674e+01 +5.143272674e+01 +3.4465e-01 +1.4265e+00 +1.5269e+00 -8.0277e-01 -2.0539e+00
684 0 +1.636003497e+01 +5.035003497e+01 +5.035003497e+01 +9.5229e-01 +1.2095e+00 +1.6814e+00 -9.8568e-01 -1.8999e+00
727 0 +1.156158980e+01 +4.555158980e+01 +4.555158980e+01 +1.1873e+00 +1.0552e+00 +1.5820e+00 -1.1535e+00 -1.6598e+00
936 0 +7.207059055e+00 +4.119705905e+01 +4.119705905e+01 +8.0114e-01 +1.1442e+00 +1.2963e+00 -1.1162e+00 -1.2082e+00
% f evaluations | g evaluations | best noise-free fitness - Fopt (-1.000000000000e+03) + sum g_i+ | measured fitness | best measured fitness or single-digit g-values | x1 | x2...
1 0 +7.723021528e+01 -9.227697847e+02 -9.227697847e+02 +5.9671e-01 -3.8264e-02 +7.4769e-01 +1.6230e+00 -1.3415e-01
5 0 +5.429640645e+01 -9.457035935e+02 -9.457035935e+02 +1.5656e+00 -1.2578e-01 +1.6753e-01 -1.3247e+00 -4.4438e-01
8 0 +4.738080749e+01 -9.526191925e+02 -9.526191925e+02 -1.1208e+00 +3.0886e-01 -1.8597e+00 -1.2282e+00 +2.9686e-01
16 0 +3.852408119e+01 -9.614759188e+02 -9.614759188e+02 +9.2190e-01 +1.8705e-01 -1.9901e-01 +1.9176e-01 -1.8876e+00
88 0 +3.634033751e+01 -9.636596625e+02 -9.636596625e+02 +1.3857e+00 +1.0844e+00 +2.2860e+00 +7.0738e-01 -2.5083e+00
105 0 +3.294969408e+01 -9.670503059e+02 -9.670503059e+02 +2.2837e+00 -7.5406e-01 +2.0878e+00 +7.0728e-01 -2.9070e+00
157 0 +2.805157560e+01 -9.719484244e+02 -9.719484244e+02 +1.0243e+00 +2.2119e-01 +1.9373e+00 +2.2040e+00 -6.0371e-01
237 0 +2.339666973e+01 -9.766033303e+02 -9.766033303e+02 +1.2774e+00 +1.5997e+00 +2.7915e+00 +5.1111e-01 -2.8094e-01
584 0 +2.207866457e+01 -9.779213354e+02 -9.779213354e+02 +1.4579e+00 +1.1407e+00 +1.4369e+00 +1.3877e+00 -1.9279e+00
765 0 +2.135250247e+01 -9.786474975e+02 -9.786474975e+02 +1.5934e+00 +6.5102e-01 +1.5154e+00 +1.9579e+00 -1.6668e+00
773 0 +1.986902665e+01 -9.801309733e+02 -9.801309733e+02 +1.2169e+00 +8.5236e-01 +1.3401e+00 +1.4999e+00 -1.8396e+00
785 0 +1.876617918e+01 -9.812338208e+02 -9.812338208e+02 +1.2748e+00 +9.3657e-01 +1.4452e+00 +1.5353e+00 -2.1749e+00
808 0 +1.640923715e+01 -9.835907628e+02 -9.835907628e+02 +1.2358e+00 +8.7463e-01 +1.3800e+00 +1.5340e+00 -2.0220e+00
888 0 +1.625892534e+01 -9.837410747e+02 -9.837410747e+02 +1.2044e+00 +7.9802e-01 +1.3327e+00 +1.7820e+00 -2.0201e+00
945 0 +1.526587206e+01 -9.847341279e+02 -9.847341279e+02 +1.1346e+00 +4.1415e-01 +1.6139e+00 +1.9738e+00 -2.6353e+00
951 0 +1.442810007e+01 -9.855718999e+02 -9.855718999e+02 +1.4983e+00 +6.1938e-01 +1.5594e+00 +1.2823e+00 -1.7154e+00
