% f evaluations | g evaluations | best noise-free fitness - Fopt (9.294000000000e+01) + sum g_i+ | measured fitness | best measured fitness or single-digit g-values | x1 | x2...
1 0 +1.176336130e+01 +1.047033613e+02 +1.047033613e+02 +5.9671e-01 -3.8264e-02 +7.4769e-01 +1.6230e+00 -1.3415e-01
11 0 +1.170605370e+01 +1.046460537e+02 +1.046460537e+02 +4.2408e-01 -2.8508e-01 -5.7692e-01 +7.1168e-01 +1.1310e+00
31 0 +6.102118681e+00 +9.904211868e+01 +9.904211868e+01 +2.5874e-01 +2.8514e-01 -8.6150e-01 +3.4580e-01 -6.5347e-02
59 0 +3.080171222e+00 +9.602017122e+01 +9.602017122e+01 +2.0974e-01 +1.9769e-01 -4.4279e-01 +8.5768e-01 +3.9064e-01
282 0 +2.269744301e+00 +9.520974430e+01 +9.520974430e+01 +3.5945e-01 +8.5464e-01 +9.9654e-02 +1.4785e+00 +2.8657e-01
323 0 +1.597400594e+00 +9.453740059e+01 +9.453740059e+01 +6.9612e-01 +2.2125e-01 +4.1074e-01 +2.6446e+00 +1.4708e+00
412 0 +1.379387978e+00 +9.431938798e+01 +9.431938798e+01 +8.9931e-02 +9.6561e-01 +3.1025e-01 +2.2498e+00 +1.5890e+00
515 0 +1.115755473e+00 +9.405575547e+01 +9.405575547e+01 -4.3712e-01 +3.4542e-02 +5.2268e-02 +2.1621e+00 +2.0731e+00
549 0 +9.037960495e-01 +9.384379605e+01 +9.384379605e+01 -3.6945e-01 +8.4767e-01 +4.5149e-01 +3.7039e+00 +2.9699e+00
580 0 +2.701366295e-01 +9.321013663e+01 +9.321013663e+01 -2.7937e-01 +9.7161e-01 +3.8112e-01 +3.3684e+00 +2.4213e+00
677 0 +2.628818688e-01 +9.320288187e+01 +9.320288187e+01 -1.8063e-01 +3.9978e-01 +2.4008e-01 +2.8020e+00 +2.2270e+00
679 0 +1.968552322e-01 +9.313685523e+01 +9.313685523e+01 -1.1665e-01 +6.6511e-01 +2.6008e-01 +3.0474e+00 +2.1835e+00
680 0 +1.523380224e-01 +9.309233802e+01 +9.309233802e+01 -9.6510e-02 +8.1443e-01 +2.4708e-01 +3.0645e+00 +2.1798e+00
705 0 +1.415352301e-01 +9.308153523e+01 +9.308153523e+01 -6.5464e-02 +7.3178e-01 +4.2560e-01 +3.4869e+00 +2.4834e+00
721 0 +2.668359354e-02 +9.296668359e+01 +9.296668359e+01 -2.6342e-01 +7.0062e-01 +1.9859e-01 +2.9132e+00 +2.3399e+00
801 0 +2.568097148e-02 +9.296568097e+01 +9.296568097e+01 -1.6899e-01 +7.6990e-01 +2.3744e-01 +2.9857e+00 +2.2386e+00
900 0 +1.169007162e-02 +9.295169007e+01 +9.295169007e+01 -2.0356e-01 +7.2502e-01 +2.8855e-01 +3.1570e+00 +2.4142e+00
963 0 +7.299341378e-03 +9.294729934e+01 +9.294729934e+01 -1.8441e-01 +7.3325e-01 +3.2443e-01 +3.2480e+00 +2.4814e+00
1122 0 +4.463996106e-08 +9.294000004e+01 +9.294000004e+01 -2.2283e-01 +7.2985e-01 +2.8205e-01 +3.1087e+00 +2.3967e+00
% f evaluations | g evaluations | best noise-free fitness - Fopt (3.535000000000e+01) + sum g_i+ | measured fitness | best measured fitness or single-digit g-values | x1 | x2...
1 0 +2.733509126e+02 +3.087009126e+02 +3.087009126e+02 +5.9671e-01 -3.8264e-02 +7.4769e-01 +1.6230e+00 -1.3415e-01
10 0 +2.680953573e+02 +3.034453573e+02 +3.034453573e+02 -6.1984e-01 -3.6064e-01 +1.1571e+00 +4.4362e-01 -1.6630e+00
14 0 +1.821147428e+02 +2.174647428e+02 +2.174647428e+02 +1.4562e+00 +2.7990e-02 +1.1035e+00 +4.6164e-01 -5.4512e-01
30 0 +1.024416830e+02 +1.377916830e+02 +1.377916830e+02 -6.6855e-01 +1.7509e+00 +2.4025e+00 +8.5208e-01 -1.2167e+00
47 0 +2.580891430e+01 +6.115891430e+01 +6.115891430e+01 +1.3769e+00 +1.3276e+00 +3.0599e+00 -3.1882e-01 -2.2326e+00
66 0 +1.736336922e+01 +5.271336922e+01 +5.271336922e+01 +1.8440e+00 +1.9627e+00 +3.1539e+00 +6.8877e-01 -1.5703e+00
70 0 +1.207567931e+01 +4.742567931e+01 +4.742567931e+01 +9.7016e-01 +1.4287e+00 +3.6656e+00 +1.3648e+00 -2.8860e+00
94 0 +9.130533254e+00 +4.448053325e+01 +4.448053325e+01 -6.2367e-01 +3.5831e+00 +2.9520e+00 +2.0966e+00 -3.0893e+00
207 0 +5.623753786e+00 +4.097375379e+01 +4.097375379e+01 +1.6969e+00 +3.7274e+00 +2.7881e+00 +2.0864e+00 -2.0198e+00
208 0 +2.854392174e+00 +3.820439217e+01 +3.820439217e+01 +1.8582e+00 +2.1930e+00 +3.7903e+00 +2.4239e+00 -1.7044e+00
216 0 +2.196459102e+00 +3.754645910e+01 +3.754645910e+01 +1.9139e+00 +1.8669e+00 +4.0054e+00 +2.2223e+00 -1.4473e+00
250 0 +7.447163772e-01 +3.609471638e+01 +3.609471638e+01 +4.9806e-01 +3.5903e+00 +3.2470e+00 +2.1985e+00 -1.9084e+00
467 0 +4.748259251e-01 +3.582482593e+01 +3.582482593e+01 +1.8514e+00 +1.6528e+00 +3.8694e+00 +1.5810e+00 -1.8787e+00
491 0 +4.666982407e-01 +3.581669824e+01 +3.581669824e+01 +1.0585e+00 +2.6106e+00 +3.6182e+00 +1.7212e+00 -2.3349e+00
533 0 +3.152107135e-01 +3.566521071e+01 +3.566521071e+01 +1.4652e+00 +2.0989e+00 +3.8366e+00 +1.3845e+00 -1.9735e+00
596 0 +1.861565601e-01 +3.553615656e+01 +3.553615656e+01 +1.3254e+00 +2.0950e+00 +3.8622e+00 +1.6905e+00 -1.9165e+00
624 0 +1.857586516e-01 +3.553575865e+01 +3.553575865e+01 +1.3283e+00 +2.1365e+00 +3.8158e+00 +1.6056e+00 -2.0388e+00
644 0 +4.505359663e-02 +3.539505360e+01 +3.539505360e+01 +1.7002e+00 +1.5516e+00 +3.9607e+00 +1.3705e+00 -1.9329e+00
780 0 +9.570523254e-03 +3.535957052e+01 +3.535957052e+01 +1.6728e+00 +1.5629e+00 +3.9320e+00 +1.4571e+00 -1.9148e+00
953 0 +4.946781230e-03 +3.535494678e+01 +3.535494678e+01 +1.7588e+00 +1.4742e+00 +3.9973e+00 +1.4395e+00 -1.8813e+00
996 0 +4.865263392e-07 +3.535000049e+01 +3.535000049e+01 +1.7397e+00 +1.5240e+00 +3.9696e+00 +1.4970e+00 -1.8811e+00
1015 0 +3.064331509e-07 +3.535000031e+01 +3.535000031e+01 +1.7716e+00 +1.4533e+00 +3.9904e+00 +1.4369e+00 -1.8834e+00
1023 0 +1.259251334e-07 +3.535000013e+01 +3.535000013e+01 +1.7798e+00 +1.4718e+00 +3.9707e+00 +1.4404e+00 -1.8854e+00
1216 0 +6.321993595e-08 +3.535000006e+01 +3.535000006e+01 +1.7656e+00 +1.4747e+00 +3.9752e+00 +1.4299e+00 -1.8884e+00
% f evaluations | g evaluations | best noise-free fitness - Fopt (3.820000000000e+00) + sum g_i+ | measured fitness | best measured fitness or single-digit g-values | x1 | x2...
1 0 +4.440779237e+02 +4.478979237e+02 +4.478979237e+02 +5.9671e-01 -3.8264e-02 +7.4769e-01 +1.6230e+00 -1.3415e-01
2 0 +3.705057195e+02 +3.743257195e+02 +3.743257195e+02 -1.3414e-01 +1.6792e+00 +8.6743e-01 -3.6947e-01 +6.4256e-01
5 0 +3.596517696e+02 +3.634717696e+02 +3.634717696e+02 +1.5656e+00 -1.2578e-01 +1.6753e-01 -1.3247e+00 -4.4438e-01
14 0 +2.554863599e+02 +2.593063599e+02 +2.593063599e+02 +1.4562e+00 +2.7990e-02 +1.1035e+00 +4.6164e-01 -5.4512e-01
15 0 +2.159532016e+02 +2.197732016e+02 +2.197732016e+02 +4.6140e-01 +1.6380e+00 +6.4174e-02 +1.6646e+00 -2.5197e+00
26 0 +1.008887972e+02 +1.047087972e+02 +1.047087972e+02 +1.3919e+00 +1.2769e+00 +1.5675e+00 +2.5837e+00 -3.4624e-01
38 0 +3.941111191e+01 +4.323111191e+01 +4.323111191e+01 +2.4298e+00 +2.2258e+00 +1.4471e+00 +6.5628e-01 -2.2757e+00
45 0 +2.272811562e+01 +2.654811562e+01 +2.654811562e+01 +2.4074e+00 -4.7491e-02 +3.6796e+00 +1.8555e+00 -6.7848e-01
82 0 +1.274762917e+01 +1.656762917e+01 +1.656762917e+01 +3.1377e+00 -5.3861e-01 +3.3734e+00 -2.0355e+00 +8.1087e-02
135 0 +1.141487708e+01 +1.523487708e+01 +1.523487708e+01 +4.8968e+00 +7.0519e-01 +2.3553e+00 -5.0641e-01 +1.2458e+00
224 0 +2.688269563e+00 +6.508269563e+00 +6.508269563e+00 +3.9893e+00 +8.6284e-01 +1.8862e+00 -9.0988e-01 +5.6062e-01
285 0 +1.414769755e+00 +5.234769755e+00 +5.234769755e+00 +3.7471e+00 +9.1585e-01 +1.8659e+00 -3.4113e+00 +8.3859e-01
370 0 +6.335738849e-01 +4.453573885e+00 +4.453573885e+00 +4.0803e+00 +5.9931e-01 +2.5899e+00 -1.9209e+00 +1.2476e+00
398 0 +5.860698809e-01 +4.406069881e+00 +4.406069881e+00 +3.9812e+00 +7.3803e-01 +2.1938e+00 -2.9484e+00 +1.1799e+00
421 0 +4.754924044e-01 +4.295492404e+00 +4.295492404e+00 +4.0835e+00 +6.3010e-01 +2.3292e+00 -2.3914e+00 +1.0877e+00
454 0 +3.799317070e-01 +4.199931707e+00 +4.199931707e+00 +3.9383e+00 +5.7739e-01 +2.6019e+00 -1.3639e+00 +1.0676e+00
666 0 +2.473449580e-01 +4.067344958e+00 +4.067344958e+00 +3.9971e+00 +9.3263e-01 +2.2226e+00 -2.3195e+00 +1.0352e+00
776 0 +1.616780293e-01 +3.981678029e+00 +3.981678029e+00 +3.8760e+00 +1.0199e+00 +2.0334e+00 -2.4658e+00 +8.7357e-01
777 0 +9.437408878e-02 +3.914374089e+00 +3.914374089e+00 +3.9378e+00 +1.0179e+00 +2.0458e+00 -2.1852e+00 +8.9441e-01
816 0 +8.090405129e-02 +3.900904051e+00 +3.900904051e+00 +3.9851e+00 +8.2199e-01 +2.2172e+00 -2.4520e+00 +1.0140e+00
852 0 +2.503018997e-02 +3.845030190e+00 +3.845030190e+00 +3.9631e+00 +1.0519e+00 +1.9852e+00 -2.5783e+00 +9.1853e-01
932 0 +2.380224678e-02 +3.843802247e+00 +3.843802247e+00 +4.0221e+00 +1.1019e+00 +1.9606e+00 -2.5414e+00 +9.3922e-01
953 0 +2.061574842e-02 +3.840615748e+00 +3.840615748e+00 +3.9653e+00 +1.2171e+00 +1.8629e+00 -2.5480e+00 +8.4631e-01
969 0 +1.226091691e-02 +3.832260917e+00 +3.832260917e+00 +4.0090e+00 +1.1509e+00 +1.9570e+00 -2.4964e+00 +9.1835e-01
996 0 +2.924302720e-07 +3.820000292e+00 +3.820000292e+00 +4.0096e+00 +1.1518e+00 +1.9023e+00 -2.5599e+00 +8.6088e-01
% f evaluations | g evaluations | best noise-free fitness - Fopt (2.175000000000e+01) + sum g_i+ | measured fitness | best measured fitness or single-digit g-values | x1 | x2...
1 0 +9.464582276e+01 +1.163958228e+02 +1.163958228e+02 +5.9671e-01 -3.8264e-02 +7.4769e-01 +1.6230e+00 -1.3415e-01
15 0 +6.885123408e+01 +9.060123408e+01 +9.060123408e+01 +4.6140e-01 +1.6380e+00 +6.4174e-02 +1.6646e+00 -2.5197e+00
30 0 +3.842878167e+01 +6.017878167e+01 +6.017878167e+01 +2.8659e+00 +1.3567e+00 -1.8072e-02 +1.3892e+00 -7.4331e-01
44 0 +3.461639406e+01 +5.636639406e+01 +5.636639406e+01 +1.3478e+00 +5.7597e-01 -5.2949e-01 +2.7198e+00 -1.6228e+00
53 0 +8.912454517e+00 +3.066245452e+01 +3.066245452e+01 +2.1412e+00 +6.3451e-01 -2.3056e-01 +2.6953e+00 -2.1345e+00
91 0 +7.884225277e+00 +2.963422528e+01 +2.963422528e+01 +4.7115e+00 +1.8658e+00 -1.7057e+00 +1.9467e+00 -2.1248e+00
112 0 +4.770306864e+00 +2.652030686e+01 +2.652030686e+01 +4.1438e+00 +1.0979e+00 -8.1119e-01 +2.5574e+00 -1.8340e+00
219 0 +4.506847444e+00 +2.625684744e+01 +2.625684744e+01 +3.1606e+00 +7.9459e-01 -9.5495e-01 +2.9793e+00 -1.4262e+00
261 0 +3.871488808e+00 +2.562148881e+01 +2.562148881e+01 +4.8693e+00 +6.2200e-01 -1.7623e+00 +2.3133e+00 -5.3088e-01
266 0 +1.226892493e+00 +2.297689249e+01 +2.297689249e+01 +4.3583e+00 +1.2438e+00 -1.3423e+00 +2.2391e+00 -1.7330e+00
302 0 +1.167571241e+00 +2.291757124e+01 +2.291757124e+01 +2.8761e+00 +5.0895e-01 -9.0928e-01 +4.2874e+00 -1.7768e+00
315 0 +9.222032377e-01 +2.267220324e+01 +2.267220324e+01 +3.2293e+00 +8.9794e-01 -7.0625e-01 +3.8269e+00 -1.8995e+00
323 0 +3.427880757e-01 +2.209278808e+01 +2.209278808e+01 +3.4812e+00 +7.6717e-01 -1.0024e+00 +3.0659e+00 -1.7719e+00
415 0 +1.631584328e-01 +2.191315843e+01 +2.191315843e+01 +3.7376e+00 +9.4820e-01 -1.0394e+00 +2.8809e+00 -1.7486e+00
459 0 +1.299539128e-01 +2.187995391e+01 +2.187995391e+01 +3.5752e+00 +8.3427e-01 -1.0934e+00 +3.3174e+00 -1.7598e+00
702 0 +8.308944648e-02 +2.183308945e+01 +2.183308945e+01 +3.5045e+00 +8.8987e-01 -1.0025e+00 +3.2753e+00 -1.7466e+00
703 0 +4.736790777e-02 +2.179736791e+01 +2.179736791e+01 +3.4981e+00 +9.6140e-01 -9.9034e-01 +3.2669e+00 -1.8358e+00
872 0 +4.511529273e-02 +2.179511529e+01 +2.179511529e+01 +3.6355e+00 +9.6626e-01 -1.0687e+00 +3.0744e+00 -1.8077e+00
891 0 +3.156205287e-02 +2.178156205e+01 +2.178156205e+01 +3.6033e+00 +9.6889e-01 -1.0504e+00 +3.1966e+00 -1.8021e+00
920 0 +2.734026541e-02 +2.177734027e+01 +2.177734027e+01 +3.5761e+00 +9.4767e-01 -1.0111e+00 +3.1624e+00 -1.7703e+00
939 0 +1.873371967e-02 +2.176873372e+01 +2.176873372e+01 +3.6841e+00 +9.1089e-01 -1.0675e+00 +3.2060e+00 -1.6927e+00
1022 0 +1.864307225e-02 +2.176864307e+01 +2.176864307e+01 +3.8025e+00 +9.1818e-01 -1.1294e+00 +2.9870e+00 -1.6763e+00
1027 0 +1.614764265e-02 +2.176614764e+01 +2.176614764e+01 +3.7721e+00 +9.8102e-01 -1.0921e+00 +3.0024e+00 -1.7394e+00
1068 0 +1.314865161e-02 +2.176314865e+01 +2.176314865e+01 +3.8974e+00 +9.4397e-01 -1.1751e+00 +2.9602e+00 -1.6211e+00
1089 0 +1.309866675e-02 +2.176309867e+01 +2.176309867e+01 +3.6870e+00 +9.1030e-01 -1.0789e+00 +3.1236e+00 -1.6660e+00
1179 0 +1.207404017e-02 +2.176207404e+01 +2.176207404e+01 +3.7243e+00 +9.5480e-01 -1.0445e+00 +3.0386e+00 -1.7329e+00
1215 0 +4.414114940e-07 +2.175000044e+01 +2.175000044e+01 +3.7759e+00 +9.3396e-01 -1.0938e+00 +3.0837e+00 -1.6854e+00
% f evaluations | g evaluations | best noise-free fitness - Fopt (6.479000000000e+01) + sum g_i+ | measured fitness | best measured fitness or single-digit g-values | x1 | x2...
1 0 +8.278378505e+00 +7.306837850e+01 +7.306837850e+01 +5.9671e-01 -3.8264e-02 +7.4769e-01 +1.6230e+00 -1.3415e-01
39 0 +7.436364292e+00 +7.222636429e+01 +7.222636429e+01 +1.2218e+00 -3.5078e-01 -1.0631e+00 +1.5432e+00 +2.3615e-01
56 0 +6.100757495e+00 +7.089075750e+01 +7.089075750e+01 +1.0497e+00 +2.0440e-01 -9.4758e-02 +1.7747e+00 +1.2181e-01
108 0 +5.258264192e+00 +7.004826419e+01 +7.004826419e+01 +1.2488e+00 -9.9301e-01 -9.6667e-01 +1.1265e+00 +1.5533e+00
120 0 +3.831919730e+00 +6.862191973e+01 +6.862191973e+01 +1.2556e+00 -3.0949e-01 -4.4275e-01 +1.9030e+00 +4.3898e-01
122 0 +3.122889561e+00 +6.791288956e+01 +6.791288956e+01 +1.0030e+00 -7.7862e-01 -4.4186e-01 +1.1212e+00 +6.6083e-01
226 0 +2.762479609e+00 +6.755247961e+01 +6.755247961e+01 +1.4460e+00 -1.7261e-01 -4.3079e-01 +1.6210e+00 +5.3391e-01
255 0 +2.620450204e+00 +6.741045020e+01 +6.741045020e+01 +1.1591e+00 -2.0396e-01 -2.8431e-01 +1.7930e+00 +1.4204e-01
319 0 +2.585646117e+00 +6.737564612e+01 +6.737564612e+01 +1.2638e+00 -7.0860e-02 -6.7198e-02 +1.5443e+00 +9.8740e-02
351 0 +2.069627640e+00 +6.685962764e+01 +6.685962764e+01 +4.6124e-01 -5.9286e-01 +1.1460e-02 +1.6978e+00 -5.7681e-02
353 0 +1.283786102e+00 +6.607378610e+01 +6.607378610e+01 +4.7586e-01 -6.6885e-01 -2.9930e-01 +1.5304e+00 +4.7065e-02
496 0 +1.207756982e+00 +6.599775698e+01 +6.599775698e+01 -6.8363e-01 -1.1148e+00 +2.0803e-01 +1.4029e+00 -2.2639e-01
506 0 +1.067304797e+00 +6.585730480e+01 +6.585730480e+01 -9.8728e-01 -1.1587e+00 +1.5751e-01 +1.2851e+00 -3.2360e-01
521 0 +9.716151344e-01 +6.576161513e+01 +6.576161513e+01 -6.0727e-01 -8.6756e-01 -1.4616e-01 +1.6942e+00 -4.8867e-01
538 0 +8.169073759e-01 +6.560690738e+01 +6.560690738e+01 -1.0203e+00 -1.2035e+00 +2.1773e-01 +1.4634e+00 -6.7158e-01
664 0 +7.707857803e-01 +6.556078578e+01 +6.556078578e+01 -2.7297e+00 -2.8035e+00 -1.2892e-01 +1.2564e+00 -3.7038e-01
665 0 +3.549357403e-01 +6.514493574e+01 +6.514493574e+01 -2.8055e+00 -2.4498e+00 +2.6235e-01 +1.4087e+00 -7.3612e-01
844 0 +6.408888887e-02 +6.485408889e+01 +6.485408889e+01 -1.5201e+00 -1.8718e+00 -8.5566e-02 +1.4327e+00 -2.5740e-01
912 0 +2.421658558e-02 +6.481421659e+01 +6.481421659e+01 -1.7796e+00 -2.0145e+00 -8.3576e-02 +1.4014e+00 -2.4461e-01
1040 0 +1.411977998e-02 +6.480411978e+01 +6.480411978e+01 -1.6528e+00 -2.0443e+00 -2.0649e-01 +1.3951e+00 -1.4985e-01
1144 0 +1.305871346e-02 +6.480305871e+01 +6.480305871e+01 -1.6562e+00 -1.9660e+00 -1.3383e-01 +1.4021e+00 -2.3411e-01
1149 0 +3.670561739e-07 +6.479000037e+01 +6.479000037e+01 -1.8823e+00 -2.1346e+00 -8.4857e-02 +1.3816e+00 -2.6964e-01
% f evaluations | g evaluations | best noise-free fitness - Fopt (-1.000000000000e+03) + sum g_i+ | measured fitness | best measured fitness or single-digit g-values | x1 | x2...
1 0 +1.938431766e+02 -8.061568234e+02 -8.061568234e+02 +5.9671e-01 -3.8264e-02 +7.4769e-01 +1.6230e+00 -1.3415e-01
2 0 +1.065045193e+02 -8.934954807e+02 -8.934954807e+02 -1.3414e-01 +1.6792e+00 +8.6743e-01 -3.6947e-01 +6.4256e-01
3 0 +1.029681601e+02 -8.970318399e+02 -8.970318399e+02 -3.6342e-01 -3.6573e-01 +3.4196e-01 -1.8133e+00 -1.6249e+00
4 0 +6.433665091e+01 -9.356633491e+02 -9.356633491e+02 -4.6229e-01 -9.1283e-01 +4.1425e-01 -8.0802e-01 -1.3123e+00
31 0 +5.944717477e+01 -9.405528252e+02 -9.405528252e+02 -7.5576e-01 -8.8571e-01 +4.3224e-02 -1.6177e-01 -8.7857e-01
36 0 +3.989790621e+01 -9.601020938e+02 -9.601020938e+02 -2.3541e+00 +6.4447e-02 +7.6723e-02 -1.2627e+00 -4.3366e+00
63 0 +3.344183615e+01 -9.665581638e+02 -9.665581638e+02 -1.4014e+00 +1.6368e-01 -1.1140e+00 -8.0890e-01 -1.5938e+00
80 0 +2.019803465e+01 -9.798019653e+02 -9.798019653e+02 -1.6153e+00 -2.3594e+00 -5.3246e-01 +3.8591e-01 -2.7638e+00
109 0 +1.853638061e+01 -9.814636194e+02 -9.814636194e+02 -2.5561e+00 +6.4167e-01 -9.6410e-01 -5.8459e-01 -1.6433e+00
128 0 +5.842234106e+00 -9.941577659e+02 -9.941577659e+02 -4.0356e+00 +1.9527e+00 -2.1929e+00 -6.4591e-01 -2.4305e+00
203 0 +1.264565816e+00 -9.987354342e+02 -9.987354342e+02 -3.2207e+00 -1.5902e+00 -1.8981e+00 -4.8022e-01 -3.6980e+00
243 0 +9.697496004e-01 -9.990302504e+02 -9.990302504e+02 -3.9451e+00 -2.9951e-01 -2.0727e+00 -4.4840e-01 -2.3754e+00
329 0 +8.087159690e-01 -9.991912840e+02 -9.991912840e+02 -2.9788e+00 -2.9306e-01 -1.7974e+00 -6.3513e-01 -3.4060e+00
392 0 +7.009953162e-01 -9.992990047e+02 -9.992990047e+02 -3.9178e+00 -5.5799e-01 -2.1769e+00 -4.9608e-01 -2.7512e+00
454 0 +5.560569040e-01 -9.994439431e+02 -9.994439431e+02 -3.4018e+00 -2.6662e-01 -1.9801e+00 -4.2138e-01 -2.9633e+00
484 0 +4.197930309e-01 -9.995802070e+02 -9.995802070e+02 -3.0765e+00 -2.2163e-01 -1.7027e+00 -4.2174e-01 -2.9484e+00
489 0 +3.450433886e-01 -9.996549566e+02 -9.996549566e+02 -3.3001e+00 -4.6597e-01 -1.8429e+00 -4.5072e-01 -3.1518e+00
529 0 +3.003480807e-01 -9.996996519e+02 -9.996996519e+02 -3.1458e+00 -7.1117e-01 -1.6931e+00 -3.8496e-01 -3.4225e+00
550 0 +2.199487888e-01 -9.997800512e+02 -9.997800512e+02 -3.3816e+00 -7.3989e-01 -1.8766e+00 -4.4308e-01 -3.2483e+00
606 0 +1.550705532e-01 -9.998449294e+02 -9.998449294e+02 -3.8518e+00 -9.8444e-01 -2.1546e+00 -3.8447e-01 -3.1682e+00
697 0 +8.236193624e-02 -9.999176381e+02 -9.999176381e+02 -3.6822e+00 -8.8270e-01 -2.0444e+00 -3.8120e-01 -2.9634e+00
740 0 +6.817647297e-02 -9.999318235e+02 -9.999318235e+02 -3.7537e+00 -1.4106e+00 -2.0337e+00 -3.2351e-01 -3.1568e+00
820 0 +2.708242029e-02 -9.999729176e+02 -9.999729176e+02 -3.7041e+00 -1.1338e+00 -2.0542e+00 -3.3272e-01 -3.0842e+00
839 0 +2.673987750e-02 -9.999732601e+02 -9.999732601e+02 -3.8499e+00 -1.3955e+00 -2.1131e+00 -2.5015e-01 -3.0201e+00
873 0 +1.996561760e-02 -9.999800344e+02 -9.999800344e+02 -3.9393e+00 -1.4368e+00 -2.1612e+00 -2.8929e-01 -3.0598e+00
890 0 +1.784178755e-02 -9.999821582e+02 -9.999821582e+02 -3.9098e+00 -1.4376e+00 -2.1451e+00 -2.7297e-01 -3.0425e+00
962 0 +1.189449653e-02 -9.999881055e+02 -9.999881055e+02 -4.0157e+00 -1.3155e+00 -2.2143e+00 -2.7313e-01 -2.9557e+00
965 0 +7.616430105e-03 -9.999923836e+02 -9.999923836e+02 -3.9313e+00 -1.4145e+00 -2.1873e+00 -2.8655e-01 -3.0682e+00
973 0 +1.912925427e-07 -9.999999998e+02 -9.999999998e+02 -3.8606e+00 -1.3114e+00 -2.1558e+00 -2.8832e-01 -3.0324e+00
1149 0 +7.004109648e-08 -9.999999999e+02 -9.999999999e+02 -3.9018e+00 -1.3055e+00 -2.1470e+00 -2.9234e-01 -3.0318e+00
% f evaluations | g evaluations | best noise-free fitness - Fopt (1.640700000000e+02) + sum g_i+ | measured fitness | best measured fitness or single-digit g-values | x1 | x2...
1 0 +1.762019856e+02 +3.402719856e+02 +3.402719856e+02 +5.9671e-01 -3.8264e-02 +7.4769e-01 +1.6230e+00 -1.3415e-01
2 0 +6.813853124e+01 +2.322085312e+02 +2.322085312e+02 -1.3414e-01 +1.6792e+00 +8.6743e-01 -3.6947e-01 +6.4256e-01
3 0 +2.222886365e+01 +1.862988636e+02 +1.862988636e+02 -3.6342e-01 -3.6573e-01 +3.4196e-01 -1.8133e+00 -1.6249e+00
31 0 +1.988760930e+01 +1.839576093e+02 +1.839576093e+02 +1.0591e-01 +2.9766e-01 +3.8662e-01 -1.3024e+00 -5.5854e-01
47 0 +7.268286418e+00 +1.713382864e+02 +1.713382864e+02 -1.3399e+00 +1.0068e+00 -1.0361e+00 -2.4107e+00 -1.7779e+00
126 0 +6.160851238e+00 +1.702308512e+02 +1.702308512e+02 -1.2854e+00 +2.5051e+00 -1.6021e+00 -2.0160e+00 -1.7472e+00
128 0 +4.786658228e+00 +1.688566582e+02 +1.688566582e+02 -1.1122e+00 +2.2696e+00 -1.6650e+00 -2.5642e+00 -1.6996e+00
174 0 +3.822795287e+00 +1.678927953e+02 +1.678927953e+02 -2.3232e+00 +4.0476e+00 -3.1040e+00 -2.5247e+00 -2.2947e+00
181 0 +3.142576007e+00 +1.672125760e+02 +1.672125760e+02 -2.0973e+00 +1.9938e+00 -1.6213e+00 -3.6187e+00 -2.1312e+00
189 0 +1.781484532e+00 +1.658514845e+02 +1.658514845e+02 -2.5524e+00 +3.2553e+00 -2.3306e+00 -3.5361e+00 -2.0572e+00
196 0 +1.316846045e+00 +1.653868460e+02 +1.653868460e+02 -1.1904e+00 +4.0657e+00 -2.6989e+00 -2.1966e+00 -2.0138e+00
273 0 +7.737721305e-01 +1.648437721e+02 +1.648437721e+02 -1.9198e+00 +3.4067e+00 -2.3773e+00 -2.7397e+00 -2.1495e+00
502 0 +3.778674199e-01 +1.644478674e+02 +1.644478674e+02 -2.5585e+00 +3.8244e+00 -2.3915e+00 -3.5805e+00 -2.4529e+00
547 0 +1.535121343e-01 +1.642235121e+02 +1.642235121e+02 -2.3526e+00 +3.8636e+00 -2.5069e+00 -3.3594e+00 -2.3340e+00
730 0 +5.471235088e-02 +1.641247124e+02 +1.641247124e+02 -2.0169e+00 +4.0061e+00 -2.7547e+00 -2.9480e+00 -2.4215e+00
787 0 +5.395623637e-02 +1.641239562e+02 +1.641239562e+02 -2.2176e+00 +3.8572e+00 -2.6057e+00 -3.1503e+00 -2.3530e+00
793 0 +4.213113580e-02 +1.641121311e+02 +1.641121311e+02 -2.1955e+00 +3.8530e+00 -2.6186e+00 -3.1625e+00 -2.3368e+00
828 0 +3.010164594e-02 +1.641001016e+02 +1.641001016e+02 -2.2579e+00 +3.8110e+00 -2.5982e+00 -3.2516e+00 -2.4491e+00
856 0 +6.578618660e-03 +1.640765786e+02 +1.640765786e+02 -2.1430e+00 +3.9760e+00 -2.7108e+00 -3.0858e+00 -2.4054e+00
% f evaluations | g evaluations | best noise-free fitness - Fopt (-1.656800000000e+02) + sum g_i+ | measured fitness | best measured fitness or single-digit g-values | x1 | x2...
1 0 +3.522223822e+02 +1.865423822e+02 +1.865423822e+02 +5.9671e-01 -3.8264e-02 +7.4769e-01 +1.6230e+00 -1.3415e-01
2 0 +7.304032680e+01 -9.263967320e+01 -9.263967320e+01 -1.3414e-01 +1.6792e+00 +8.6743e-01 -3.6947e-01 +6.4256e-01
26 0 +4.279672525e+01 -1.228832748e+02 -1.228832748e+02 -1.2855e+00 -3.6062e-01 +4.5740e-01 +2.4096e-01 +1.8384e+00
44 0 +3.885929489e+01 -1.268207051e+02 -1.268207051e+02 -4.0985e-01 +1.0881e-01 +9.5147e-01 -7.1020e-01 +1.1811e+00
46 0 +1.577306488e+01 -1.499069351e+02 -1.499069351e+02 -2.8087e-01 +7.2740e-01 +2.0633e+00 -1.7850e-01 +1.4369e+00
68 0 +1.556969996e+01 -1.501103000e+02 -1.501103000e+02 -9.2477e-01 +1.7064e+00 +1.8387e+00 -4.7372e-01 +1.6688e+00
117 0 +9.148228653e+00 -1.565317713e+02 -1.565317713e+02 -2.9669e+00 -1.6241e+00 +7.3898e-02 +1.0741e+00 +2.9124e+00
209 0 +6.802282589e+00 -1.588777174e+02 -1.588777174e+02 -7.9161e-01 +9.7174e-01 +3.3362e+00 +1.1599e+00 +7.9328e-01
220 0 +3.475943918e+00 -1.622040561e+02 -1.622040561e+02 -1.5413e+00 +1.2888e+00 +1.1519e+00 +1.6568e+00 +1.9211e+00
367 0 +2.065137699e+00 -1.636148623e+02 -1.636148623e+02 -8.7792e-01 -6.1708e-01 +1.4424e+00 +2.6885e+00 +2.2557e+00
387 0 +8.444307292e-01 -1.648355693e+02 -1.648355693e+02 -7.8681e-01 -7.2042e-01 +1.1681e+00 +2.0705e+00 +2.1458e+00
515 0 +7.524364433e-01 -1.649275636e+02 -1.649275636e+02 -1.3229e+00 -8.6715e-01 +1.7701e+00 +9.7471e-01 +1.8742e+00
595 0 +6.107042771e-01 -1.650692957e+02 -1.650692957e+02 -5.1645e-01 +3.3133e-01 +1.8703e+00 +2.0257e+00 +1.6191e+00
639 0 +4.561438147e-01 -1.652238562e+02 -1.652238562e+02 -1.3656e+00 -1.3841e+00 +1.1796e+00 +1.5833e+00 +2.2773e+00
693 0 +4.000843393e-01 -1.652799157e+02 -1.652799157e+02 -1.5680e+00 -1.4787e+00 +1.6692e+00 +1.8022e+00 +2.1164e+00
697 0 +2.515916600e-01 -1.654284083e+02 -1.654284083e+02 -1.5660e+00 -1.4253e+00 +1.6464e+00 +1.9457e+00 +2.1360e+00
900 0 +1.090022838e-01 -1.655709977e+02 -1.655709977e+02 -1.1437e+00 -8.6748e-01 +1.5409e+00 +1.7653e+00 +2.0300e+00
970 0 +8.489768924e-02 -1.655951023e+02 -1.655951023e+02 -1.0922e+00 -8.4433e-01 +1.6770e+00 +1.7306e+00 +1.9577e+00
1032 0 +5.503935420e-02 -1.656249606e+02 -1.656249606e+02 -8.4467e-01 -1.4540e-01 +1.6841e+00 +1.8351e+00 +1.8680e+00
1060 0 +4.258565159e-02 -1.656374143e+02 -1.656374143e+02 -1.0951e+00 -5.0406e-01 +1.6496e+00 +1.7613e+00 +1.9157e+00
1129 0 +3.695384915e-02 -1.656430462e+02 -1.656430462e+02 -1.1146e+00 -3.1652e-01 +1.5521e+00 +1.9484e+00 +1.9920e+00
1162 0 +2.851266506e-02 -1.656514873e+02 -1.656514873e+02 -9.5712e-01 -2.9697e-01 +1.6754e+00 +1.7888e+00 +1.9209e+00
1166 0 +1.634108669e-02 -1.656636589e+02 -1.656636589e+02 -1.0682e+00 -5.4244e-01 +1.5679e+00 +1.7719e+00 +1.9872e+00
1229 0 +1.393280963e-02 -1.656660672e+02 -1.656660672e+02 -1.1342e+00 -6.2208e-01 +1.5169e+00 +1.8122e+00 +2.0318e+00
1230 0 +1.016438640e-02 -1.656698356e+02 -1.656698356e+02 -1.1828e+00 -6.1028e-01 +1.5287e+00 +1.8432e+00 +2.0353e+00
1231 0 +5.054401325e-03 -1.656749456e+02 -1.656749456e+02 -1.1202e+00 -5.2048e-01 +1.5497e+00 +1.8210e+00 +2.0271e+00
% f evaluations | g evaluations | best noise-free fitness - Fopt (9.284000000000e+01) + sum g_i+ | measured fitness | best measured fitness or single-digit g-values | x1 | x2...
1 0 +3.024484104e+02 +3.952884104e+02 +3.952884104e+02 +5.9671e-01 -3.8264e-02 +7.4769e-01 +1.6230e+00 -1.3415e-01
2 0 +2.765581249e+02 +3.693981249e+02 +3.693981249e+02 -1.3414e-01 +1.6792e+00 +8.6743e-01 -3.6947e-01 +6.4256e-01
5 0 +9.361562880e+01 +1.864556288e+02 +1.864556288e+02 +1.5656e+00 -1.2578e-01 +1.6753e-01 -1.3247e+00 -4.4438e-01
12 0 +5.632739001e+01 +1.491673900e+02 +1.491673900e+02 +1.0313e+00 -7.3922e-01 -2.0921e-01 +4.3126e-01 +1.0755e+00
29 0 +5.423470104e+01 +1.470747010e+02 +1.470747010e+02 +6.3867e-01 -1.2746e+00 -1.4384e+00 -8.6445e-01 -2.3256e-01
50 0 +2.504014284e+01 +1.178801428e+02 +1.178801428e+02 +1.6054e+00 -1.3275e+00 -7.3321e-01 +8.5675e-01 +1.1231e+00
76 0 +1.490539130e+01 +1.077453913e+02 +1.077453913e+02 +1.8461e+00 -1.6836e+00 -3.3830e+00 -1.2562e+00 -8.4361e-01
108 0 +3.947788905e+00 +9.678778891e+01 +9.678778891e+01 +2.2495e+00 -2.8746e+00 -1.3821e+00 +1.1047e+00 -7.0999e-01
183 0 +3.625557680e+00 +9.646555768e+01 +9.646555768e+01 +1.3755e+00 -2.5993e+00 -2.0174e+00 +1.6414e+00 +1.4210e+00
287 0 +2.598348807e+00 +9.543834881e+01 +9.543834881e+01 +2.2384e+00 -2.3488e+00 -2.8731e+00 +8.1447e-01 +9.7292e-02
359 0 +9.460146405e-01 +9.378601464e+01 +9.378601464e+01 +2.3316e+00 -2.8295e+00 -2.9578e+00 +7.0536e-01 -6.7396e-01
368 0 +7.377361715e-01 +9.357773617e+01 +9.357773617e+01 +2.3977e+00 -1.8466e+00 -3.5579e+00 +4.9353e-01 -7.4553e-01
381 0 +7.136334065e-01 +9.355363341e+01 +9.355363341e+01 +2.2199e+00 -2.1653e+00 -3.9854e+00 +7.0868e-01 -1.0461e-01
448 0 +1.828724078e-01 +9.302287241e+01 +9.302287241e+01 +1.8125e+00 -1.8955e+00 -3.8472e+00 +7.4389e-01 +6.8822e-01
492 0 +1.732245830e-01 +9.301322458e+01 +9.301322458e+01 +1.9422e+00 -2.2134e+00 -3.4256e+00 +7.7984e-01 +2.4286e-01
538 0 +1.663563087e-01 +9.300635631e+01 +9.300635631e+01 +1.9088e+00 -2.1864e+00 -3.4289e+00 +7.2390e-01 +2.4060e-01
569 0 +8.016672390e-02 +9.292016672e+01 +9.292016672e+01 +2.0675e+00 -2.1385e+00 -3.5713e+00 +8.5956e-01 +1.8083e-01
590 0 +7.971411629e-02 +9.291971412e+01 +9.291971412e+01 +1.8504e+00 -2.0248e+00 -3.7462e+00 +9.3228e-01 +6.2550e-01
669 0 +6.497925510e-02 +9.290497926e+01 +9.290497926e+01 +2.0372e+00 -2.0692e+00 -3.6695e+00 +8.6091e-01 +3.2075e-01
672 0 +6.313324403e-02 +9.290313324e+01 +9.290313324e+01 +1.8112e+00 -2.0163e+00 -3.6780e+00 +9.7979e-01 +7.2720e-01
688 0 +3.090834296e-02 +9.287090834e+01 +9.287090834e+01 +1.9470e+00 -2.1082e+00 -3.4944e+00 +8.9968e-01 +3.9993e-01
796 0 +2.920337522e-02 +9.286920338e+01 +9.286920338e+01 +2.0473e+00 -2.0361e+00 -3.6903e+00 +7.3517e-01 +1.8431e-01
808 0 +1.652353133e-02 +9.285652353e+01 +9.285652353e+01 +2.0177e+00 -2.0836e+00 -3.4722e+00 +9.0183e-01 +3.2397e-01
920 0 +1.067012895e-02 +9.285067013e+01 +9.285067013e+01 +1.9751e+00 -2.1404e+00 -3.4645e+00 +8.0073e-01 +3.0543e-01
977 0 +7.959411135e-03 +9.284795941e+01 +9.284795941e+01 +2.0159e+00 -2.0490e+00 -3.5815e+00 +7.7126e-01 +2.5554e-01
996 0 +2.060902915e-07 +9.284000021e+01 +9.284000021e+01 +1.9797e+00 -2.0563e+00 -3.5996e+00 +8.2460e-01 +3.6117e-01
1014 0 +3.834760776e-08 +9.284000004e+01 +9.284000004e+01 +1.9727e+00 -2.0714e+00 -3.5861e+00 +8.3804e-01 +3.7620e-01
% f evaluations | g evaluations | best noise-free fitness - Fopt (-3.679200000000e+02) + sum g_i+ | measured fitness | best measured fitness or single-digit g-values | x1 | x2...
1 0 +8.852944940e+01 -2.793905506e+02 -2.793905506e+02 +5.9671e-01 -3.8264e-02 +7.4769e-01 +1.6230e+00 -1.3415e-01
5 0 +5.643502326e+01 -3.114849767e+02 -3.114849767e+02 +1.5656e+00 -1.2578e-01 +1.6753e-01 -1.3247e+00 -4.4438e-01
6 0 +5.012919890e+01 -3.177908011e+02 -3.177908011e+02 +2.1092e-01 -1.0510e+00 +4.7570e-01 -5.0064e-01 -1.9169e-01
10 0 +3.137606133e+01 -3.365439387e+02 -3.365439387e+02 -6.1984e-01 -3.6064e-01 +1.1571e+00 +4.4362e-01 -1.6630e+00
11 0 +2.150800948e+01 -3.464119905e+02 -3.464119905e+02 +4.2408e-01 -2.8508e-01 -5.7692e-01 +7.1168e-01 +1.1310e+00
12 0 +7.583650133e+00 -3.603363499e+02 -3.603363499e+02 +1.0313e+00 -7.3922e-01 -2.0921e-01 +4.3126e-01 +1.0755e+00
64 0 +5.462060231e+00 -3.624579398e+02 -3.624579398e+02 +7.8455e-01 -6.0464e-01 +3.4091e-01 +5.6216e-01 +1.4011e+00
78 0 +4.882470927e+00 -3.630375291e+02 -3.630375291e+02 +1.8483e+00 -3.3352e-01 -9.8881e-01 -1.0088e-02 +2.7531e+00
109 0 +4.137268949e+00 -3.637827311e+02 -3.637827311e+02 +1.3071e+00 -4.9099e-01 +8.7128e-01 +5.7336e-01 +1.0249e+00
111 0 +4.001231137e+00 -3.639187689e+02 -3.639187689e+02 +1.7319e+00 -7.4377e-01 -3.5536e-02 +2.6899e-01 +2.0941e+00
161 0 +2.289462987e+00 -3.656305370e+02 -3.656305370e+02 +1.0634e+00 -8.9862e-01 +8.2320e-01 +1.0370e+00 +1.7240e+00
166 0 +2.066411246e+00 -3.658535888e+02 -3.658535888e+02 +1.2094e+00 -9.9409e-01 +9.6844e-01 +5.6194e-01 +1.2910e+00
180 0 +1.405603434e+00 -3.665143966e+02 -3.665143966e+02 +8.0668e-01 -1.0520e+00 +1.3455e+00 +9.1777e-01 +1.8536e+00
393 0 +1.326021698e+00 -3.665939783e+02 -3.665939783e+02 +1.0200e+00 -8.2966e-01 +1.1468e+00 +4.3791e-01 +1.4626e+00
438 0 +9.694281739e-01 -3.669505718e+02 -3.669505718e+02 +7.7525e-01 -9.1782e-01 +1.4073e+00 +9.1605e-01 +1.5325e+00
443 0 +5.056360372e-01 -3.674143640e+02 -3.674143640e+02 +9.2906e-01 -7.7526e-01 +1.4842e+00 +7.3641e-01 +1.5268e+00
451 0 +4.557776903e-01 -3.674642223e+02 -3.674642223e+02 +1.1046e+00 -7.5567e-01 +2.3443e+00 +8.7625e-01 +1.2257e+00
645 0 +2.100350905e-01 -3.677099649e+02 -3.677099649e+02 +7.5571e-01 -8.5372e-01 +2.4692e+00 +8.0032e-01 +7.2502e-01
747 0 +1.821088498e-01 -3.677378912e+02 -3.677378912e+02 +5.3691e-01 -8.0567e-01 +2.2983e+00 +8.9106e-01 +6.8832e-01
757 0 +1.496128028e-01 -3.677703872e+02 -3.677703872e+02 +1.1075e+00 -6.6631e-01 +2.1900e+00 +6.8976e-01 +8.9772e-01
759 0 +1.062827830e-01 -3.678137172e+02 -3.678137172e+02 +6.3988e-01 -8.2177e-01 +2.3485e+00 +9.1908e-01 +6.4387e-01
809 0 +9.985174977e-02 -3.678201483e+02 -3.678201483e+02 +7.1753e-01 -8.2738e-01 +2.5982e+00 +8.3794e-01 +6.2234e-01
858 0 +6.439492686e-02 -3.678556051e+02 -3.678556051e+02 +8.6655e-01 -7.6028e-01 +2.2256e+00 +7.3912e-01 +8.7111e-01
861 0 +5.581977355e-02 -3.678641802e+02 -3.678641802e+02 +7.5852e-01 -7.9967e-01 +2.2201e+00 +8.4287e-01 +7.8613e-01
874 0 +3.677153164e-02 -3.678832285e+02 -3.678832285e+02 +9.3484e-01 -7.3246e-01 +2.3205e+00 +7.1584e-01 +7.5244e-01
1018 0 +2.382973373e-02 -3.678961703e+02 -3.678961703e+02 +7.4163e-01 -8.0730e-01 +2.4343e+00 +8.3338e-01 +6.1409e-01
1019 0 +2.279319943e-02 -3.678972068e+02 -3.678972068e+02 +7.2754e-01 -7.7167e-01 +2.4260e+00 +8.3324e-01 +6.9503e-01
1070 0 +2.274449031e-02 -3.678972555e+02 -3.678972555e+02 +7.4798e-01 -8.1253e-01 +2.3597e+00 +8.6883e-01 +6.8096e-01
1102 0 +2.072518144e-02 -3.678992748e+02 -3.678992748e+02 +7.3740e-01 -7.9239e-01 +2.5812e+00 +8.6883e-01 +5.4903e-01
1103 0 +1.811156524e-02 -3.679018884e+02 -3.679018884e+02 +7.4097e-01 -7.9803e-01 +2.5742e+00 +8.2919e-01 +5.6679e-01
1177 0 +1.046485982e-02 -3.679095351e+02 -3.679095351e+02 +7.9261e-01 -7.9958e-01 +2.4680e+00 +8.3174e-01 +6.6702e-01
1231 0 +9.286323116e-03 -3.679107137e+02 -3.679107137e+02 +7.6260e-01 -7.8708e-01 +2.4395e+00 +8.4491e-01 +6.3765e-01
1244 0 +9.192882909e-03 -3.679108071e+02 -3.679108071e+02 +8.6931e-01 -7.6139e-01 +2.3514e+00 +7.6358e-01 +7.5974e-01
