% f evaluations | g evaluations | best noise-free fitness - Fopt (9.294000000000e+01) + sum g_i+ | measured fitness | best measured fitness or single-digit g-values | x1 | x2...
1 0 +6.921805774e+02 +7.851205774e+02 +7.851205774e+02 +5.9671e-01 -3.8264e-02 +7.4769e-01 +1.6230e+00 -1.3415e-01 -1.3414e-01 +1.6792e+00 +8.6743e-01 -3.6947e-01 +6.4256e-01
6 0 +3.709509198e+02 +4.638909198e+02 +4.638909198e+02 +4.2408e-01 -2.8508e-01 -5.7692e-01 +7.1168e-01 +1.1310e+00 +1.0313e+00 -7.3922e-01 -2.0921e-01 +4.3126e-01 +1.0755e+00
38 0 +2.984268964e+02 +3.913668964e+02 +3.913668964e+02 +1.2451e-01 +5.9800e-01 +1.5511e+00 +1.0593e+00 +2.2532e+00 -6.6735e-01 +9.7232e-01 +2.8334e-01 +2.2898e+00 -7.0830e-01
43 0 +1.915415457e+02 +2.844815457e+02 +2.844815457e+02 +2.1607e+00 +1.8553e+00 -1.4896e-01 +1.0716e+00 +7.4538e-01 +1.4686e+00 -8.6492e-01 +7.8605e-01 +1.1584e+00 -1.6587e+00
79 0 +1.476502882e+02 +2.405902882e+02 +2.405902882e+02 +1.6091e+00 +1.1504e+00 -1.1091e+00 +1.9323e+00 +1.3459e+00 +3.1420e-02 -1.6900e+00 +1.5670e+00 +1.7115e+00 -1.6272e+00
104 0 +1.408296664e+02 +2.337696664e+02 +2.337696664e+02 +4.2574e-01 -1.5505e+00 +1.4720e+00 +2.4875e+00 +2.9700e+00 +2.0531e+00 +1.0244e+00 -5.9314e-01 +1.5511e+00 +2.9045e+00
105 0 +1.393428962e+02 +2.322828962e+02 +2.322828962e+02 +2.3778e-02 -3.2556e-01 -3.1084e-01 +2.0915e+00 +1.5413e+00 +3.6595e+00 +2.0466e+00 -2.7198e+00 -1.3388e+00 +1.1200e+00
118 0 +1.183100680e+02 +2.112500680e+02 +2.112500680e+02 +1.1755e+00 +2.0092e+00 -3.4106e-01 +2.5736e+00 +4.6951e+00 -5.7684e-01 -3.6462e-01 +1.2017e+00 +1.3550e+00 -5.8612e-01
148 0 +5.270853339e+01 +1.456485334e+02 +1.456485334e+02 +1.8136e+00 +4.1950e-01 -7.0231e-01 +3.2182e+00 +2.2348e+00 +3.2120e-01 -2.2741e-01 -1.2874e-01 +1.7672e+00 -1.1985e+00
252 0 +4.768917245e+01 +1.406291724e+02 +1.406291724e+02 +2.0982e+00 +2.8942e+00 -3.4933e-01 +2.1322e+00 +3.1581e+00 +2.1522e+00 +2.0676e+00 -1.5926e+00 +1.7569e+00 -1.0771e-01
305 0 +3.994651170e+01 +1.328865117e+02 +1.328865117e+02 +2.8329e+00 +2.1660e+00 -1.4836e+00 +3.4141e+00 +1.2580e+00 +1.9258e+00 +9.3053e-01 -2.1943e+00 +2.2564e+00 -1.7110e+00
360 0 +3.729314944e+01 +1.302331494e+02 +1.302331494e+02 +3.6257e+00 +1.2592e+00 -2.3236e+00 +3.2948e+00 +4.1082e+00 +3.1129e+00 +3.6917e+00 -1.7155e+00 +2.6364e+00 +3.3995e+00
488 0 +2.441174275e+01 +1.173517427e+02 +1.173517427e+02 +6.8835e-01 +2.1571e+00 +8.3307e-01 +2.8909e+00 +3.6821e+00 +2.9065e+00 +2.4405e+00 -2.3915e+00 +1.9616e+00 +2.1736e+00
657 0 +1.436149050e+01 +1.073014905e+02 +1.073014905e+02 +1.2695e+00 +2.1927e+00 -3.4696e-01 +2.8047e+00 +2.1003e+00 +3.2705e+00 +2.2705e+00 -2.2053e+00 +3.3965e+00 +1.0021e+00
806 0 +1.199197552e+01 +1.049319755e+02 +1.049319755e+02 +1.6263e+00 +1.1141e+00 -1.1413e+00 +3.4527e+00 +2.4758e+00 +2.5693e+00 +1.5983e+00 -2.7265e+00 +2.0344e+00 +1.6325e-01
814 0 +1.171888105e+01 +1.046588810e+02 +1.046588810e+02 +1.9240e+00 +1.5107e+00 +2.7177e-01 +3.3317e+00 +4.0446e+00 +2.0499e+00 +3.1813e+00 -2.5474e+00 +2.6720e+00 +1.5556e+00
837 0 +1.170483816e+01 +1.046448382e+02 +1.046448382e+02 +8.6591e-01 +1.1681e+00 +1.6669e-01 +4.0465e+00 +1.6651e+00 +3.8333e+00 +1.4997e+00 -2.3826e+00 +3.1630e+00 +1.2875e+00
843 0 +1.011315351e+01 +1.030531535e+02 +1.030531535e+02 +1.9343e+00 +2.0544e+00 -5.3575e-03 +4.2066e+00 +1.9408e+00 +2.9834e+00 +2.3674e+00 -2.2479e+00 +3.0154e+00 +1.4350e+00
983 0 +6.000319056e+00 +9.894031906e+01 +9.894031906e+01 +3.8377e-01 -3.8614e-01 +5.3664e-01 +3.7368e+00 +3.1044e+00 +2.7867e+00 +1.5784e+00 -1.6653e+00 +2.3614e+00 +1.5170e+00
1101 0 +4.455694965e+00 +9.739569497e+01 +9.739569497e+01 -1.4089e-01 +1.3900e+00 +4.3779e-01 +3.3186e+00 +1.7306e+00 +3.8076e+00 +1.1849e+00 -2.9229e+00 +3.9950e+00 +1.1790e+00
1124 0 +3.908341475e+00 +9.684834148e+01 +9.684834148e+01 +2.7689e-01 +5.2411e-02 +3.8085e-01 +3.4746e+00 +2.3315e+00 +3.6511e+00 +1.3323e+00 -2.6094e+00 +2.3707e+00 +1.0148e+00
1249 0 +3.661701701e+00 +9.660170170e+01 +9.660170170e+01 +5.8896e-01 +7.7393e-01 -3.7220e-01 +3.1969e+00 +2.0393e+00 +3.7428e+00 +1.9508e+00 -2.8306e+00 +3.1693e+00 +1.0944e+00
1434 0 +2.952717418e+00 +9.589271742e+01 +9.589271742e+01 +1.6642e-02 +6.3532e-01 +6.9583e-01 +3.9227e+00 +2.2902e+00 +3.2055e+00 +1.1783e+00 -2.0266e+00 +2.9858e+00 +1.4843e+00
1494 0 +1.596887843e+00 +9.453688784e+01 +9.453688784e+01 +4.8372e-01 +6.3884e-01 +1.8123e-01 +3.5558e+00 +2.3853e+00 +3.2561e+00 +1.5970e+00 -2.0681e+00 +2.9940e+00 +1.5464e+00
1723 0 +1.041910380e+00 +9.398191038e+01 +9.398191038e+01 -2.1971e-01 +5.0546e-01 +3.6655e-01 +3.5928e+00 +2.1552e+00 +3.9274e+00 +1.5732e+00 -2.6819e+00 +3.7028e+00 +2.2747e+00
2071 0 +1.026138881e+00 +9.396613888e+01 +9.396613888e+01 -4.7234e-02 +8.5400e-01 +6.5239e-03 +3.1449e+00 +2.2224e+00 +4.2378e+00 +1.8790e+00 -2.8681e+00 +3.6918e+00 +2.5205e+00
2084 0 +1.013046326e+00 +9.395304633e+01 +9.395304633e+01 -1.7922e-01 +7.2348e-01 +2.1710e-01 +3.0077e+00 +2.5106e+00 +3.7644e+00 +1.5597e+00 -2.2830e+00 +3.7611e+00 +2.2916e+00
2118 0 +7.534180621e-01 +9.369341806e+01 +9.369341806e+01 -7.4369e-02 +8.7919e-01 +6.0008e-01 +3.3224e+00 +2.2433e+00 +3.6503e+00 +1.5849e+00 -2.3070e+00 +3.6430e+00 +2.1546e+00
2155 0 +6.954647454e-01 +9.363546475e+01 +9.363546475e+01 -6.5969e-01 +3.4903e-01 +2.1588e-01 +2.9065e+00 +2.4841e+00 +4.2800e+00 +1.8333e+00 -2.4949e+00 +3.9996e+00 +2.5011e+00
2179 0 +6.236182334e-01 +9.356361823e+01 +9.356361823e+01 -2.6371e-01 +5.7474e-01 -7.0032e-02 +2.7707e+00 +2.7196e+00 +4.2588e+00 +2.2371e+00 -2.7987e+00 +4.0595e+00 +2.4494e+00
2310 0 +3.037062468e-01 +9.324370625e+01 +9.324370625e+01 -6.4108e-02 +9.5886e-01 +1.3279e-01 +2.8391e+00 +2.6291e+00 +3.8436e+00 +1.9895e+00 -2.5411e+00 +3.9515e+00 +2.0442e+00
2324 0 +2.973079892e-01 +9.323730799e+01 +9.323730799e+01 -3.9135e-01 +7.4712e-01 +3.6704e-01 +3.1471e+00 +2.4174e+00 +4.0413e+00 +1.7184e+00 -2.4539e+00 +3.9721e+00 +2.5065e+00
2331 0 +2.245363170e-01 +9.316453632e+01 +9.316453632e+01 -2.2277e-01 +8.6734e-01 +3.6136e-01 +2.9130e+00 +2.5656e+00 +3.8880e+00 +1.9328e+00 -2.5715e+00 +3.8822e+00 +2.1758e+00
2374 0 +2.145088396e-01 +9.315450884e+01 +9.315450884e+01 -4.1547e-01 +9.2099e-01 +3.4158e-01 +2.9054e+00 +2.5260e+00 +4.1028e+00 +1.8883e+00 -2.4878e+00 +4.0936e+00 +2.4606e+00
% f evaluations | g evaluations | best noise-free fitness - Fopt (3.535000000000e+01) + sum g_i+ | measured fitness | best measured fitness or single-digit g-values | x1 | x2...
1 0 +1.759972565e+02 +2.113472565e+02 +2.113472565e+02 +5.9671e-01 -3.8264e-02 +7.4769e-01 +1.6230e+00 -1.3415e-01 -1.3414e-01 +1.6792e+00 +8.6743e-01 -3.6947e-01 +6.4256e-01
33 0 +1.009449291e+02 +1.362949291e+02 +1.362949291e+02 +1.9700e-01 +6.9516e-01 -7.1822e-01 +2.1924e+00 -9.0602e-01 -1.1142e+00 +1.2581e+00 +8.9166e-01 +7.2412e-01 +7.2835e-01
81 0 +9.749246843e+01 +1.328424684e+02 +1.328424684e+02 +1.7579e+00 +2.2475e+00 +7.7648e-01 +1.0049e+00 +5.6290e-01 -8.4012e-01 -3.3710e-01 +1.0625e-01 +7.9386e-01 -1.0720e+00
101 0 +7.027463907e+01 +1.056246391e+02 +1.056246391e+02 +1.3779e+00 -3.4937e-01 -3.1859e-01 +2.5023e+00 -6.8475e-01 -2.3558e+00 -9.9906e-01 -4.7716e-02 +2.6900e+00 -9.2140e-02
244 0 +6.998380519e+01 +1.053338052e+02 +1.053338052e+02 +1.8235e+00 +3.2304e+00 -1.1429e+00 +1.9960e+00 -1.3068e+00 -2.4916e+00 +8.2208e-03 +3.7050e-01 +1.4627e+00 -2.1908e-01
273 0 +6.411529649e+01 +9.946529649e+01 +9.946529649e+01 +8.2606e-01 +1.9746e+00 -5.4787e-01 +3.0158e+00 -1.1137e+00 -2.0459e+00 +1.9696e+00 -7.6264e-01 +1.2965e-01 +2.0039e-01
308 0 +5.929455397e+01 +9.464455397e+01 +9.464455397e+01 +3.1882e+00 +2.0363e+00 +2.1062e+00 +7.2938e-01 -4.6489e-01 -2.4130e+00 +8.8330e-01 +9.0191e-01 +4.8687e+00 -2.1383e+00
326 0 +4.394599310e+01 +7.929599310e+01 +7.929599310e+01 +1.8376e+00 +8.4400e-01 -2.1345e-01 +3.2084e+00 -5.1531e-01 -2.3579e+00 +5.5273e-01 -4.2093e-02 +2.2301e+00 -8.9166e-01
332 0 +3.973164868e+01 +7.508164868e+01 +7.508164868e+01 +1.8793e+00 +2.2266e+00 +8.6624e-01 +6.1644e-01 +4.7131e-02 -1.1228e+00 -3.4065e-01 +1.0343e+00 +2.0154e+00 -1.3610e+00
352 0 +3.761272282e+01 +7.296272282e+01 +7.296272282e+01 +2.5433e+00 +2.6219e+00 +1.4378e+00 +1.4843e+00 -2.3103e+00 -1.1162e+00 +1.0925e+00 -1.4623e+00 +2.7148e+00 -8.5068e-01
389 0 +3.321845907e+01 +6.856845907e+01 +6.856845907e+01 +2.9677e+00 +1.4548e+00 +2.8291e+00 +8.7717e-01 -3.5610e-01 -1.0276e+00 +3.9298e-01 +1.1718e+00 +1.9697e+00 -5.6024e-01
472 0 +3.261283118e+01 +6.796283118e+01 +6.796283118e+01 -2.0233e-01 +1.9738e+00 +1.0815e+00 +2.7116e+00 -2.4246e+00 -2.1755e-02 +8.3421e-01 +1.4040e+00 +1.8313e-01 -1.3773e+00
501 0 +1.949740730e+01 +5.484740730e+01 +5.484740730e+01 +2.5048e+00 +2.8060e+00 +1.3338e+00 +2.8464e+00 -2.4696e+00 -9.3638e-01 +1.7056e+00 -7.2091e-01 +1.8025e+00 -1.4636e+00
602 0 +1.683355710e+01 +5.218355710e+01 +5.218355710e+01 +2.4868e+00 +3.9211e+00 +9.4043e-01 +3.1564e+00 -1.2534e+00 +7.3021e-01 +2.8999e+00 +1.5748e-01 +1.2223e+00 -1.1955e+00
655 0 +1.529787723e+01 +5.064787723e+01 +5.064787723e+01 +2.1236e+00 +2.8649e+00 +3.2830e+00 +2.5229e+00 -2.3209e+00 -1.8105e+00 +3.6462e+00 -7.8768e-01 +5.5941e-01 -8.0109e-01
673 0 +1.407887170e+01 +4.942887170e+01 +4.942887170e+01 +3.2281e+00 +3.5108e+00 +2.6851e+00 +2.0675e+00 -1.4621e+00 -1.9499e-01 +1.1632e+00 +9.1288e-01 +1.0603e+00 -1.0840e+00
681 0 +1.338217270e+01 +4.873217270e+01 +4.873217270e+01 +2.7558e+00 +3.3895e+00 +1.9090e+00 +2.7466e+00 -2.0059e+00 -8.4470e-01 +2.3167e+00 +3.7452e-01 +1.7314e+00 -8.8043e-01
694 0 +1.182059016e+01 +4.717059016e+01 +4.717059016e+01 +1.8059e+00 +1.4519e+00 +3.3829e+00 +1.9883e+00 -5.5507e-01 -1.0410e+00 +2.5392e+00 +1.8498e+00 +1.3549e+00 -1.3498e+00
750 0 +9.339056785e+00 +4.468905678e+01 +4.468905678e+01 +2.3177e+00 +2.4524e+00 +2.2107e+00 +2.5258e+00 -1.6127e+00 -7.5941e-01 +2.0243e+00 -1.8587e-01 +2.0841e+00 -1.0787e+00
830 0 +7.304726320e+00 +4.265472632e+01 +4.265472632e+01 +3.1374e+00 +2.6405e+00 +3.1708e+00 +2.1928e+00 -7.7784e-01 +6.0954e-01 +2.5344e+00 +1.1973e+00 +1.4295e+00 -1.2839e+00
1115 0 +5.857147461e+00 +4.120714746e+01 +4.120714746e+01 +2.4744e+00 +2.6866e+00 +3.9769e+00 +1.5114e+00 -1.9281e+00 -1.5033e+00 +3.7075e+00 +1.5373e-01 +4.1828e-01 -1.7080e+00
1138 0 +4.443499662e+00 +3.979349966e+01 +3.979349966e+01 +2.3697e+00 +2.7210e+00 +3.7673e+00 +1.5294e+00 -2.5685e+00 -1.2414e+00 +2.4833e+00 +7.2483e-01 +1.3853e+00 -1.5287e+00
1232 0 +4.428085559e+00 +3.977808556e+01 +3.977808556e+01 +2.6485e+00 +2.8521e+00 +3.5058e+00 +2.4150e+00 -2.1639e+00 -5.7484e-01 +2.4031e+00 +7.3744e-01 +1.4721e+00 -1.3998e+00
1257 0 +3.690834143e+00 +3.904083414e+01 +3.904083414e+01 +2.1002e+00 +2.3903e+00 +4.4770e+00 +9.7702e-01 -2.1421e+00 -1.4755e+00 +2.6207e+00 +7.9595e-01 +1.4555e+00 -1.6971e+00
1384 0 +2.983811111e+00 +3.833381111e+01 +3.833381111e+01 +2.4337e+00 +3.1522e+00 +2.7886e+00 +1.6942e+00 -2.3019e+00 -8.6431e-01 +2.5890e+00 +6.3178e-01 +1.2319e+00 -1.5800e+00
1429 0 +2.669478623e+00 +3.801947862e+01 +3.801947862e+01 +2.5322e+00 +2.6840e+00 +3.2032e+00 +1.9385e+00 -1.2834e+00 -2.8734e-01 +2.9196e+00 +1.0298e+00 +1.1670e+00 -1.6015e+00
1507 0 +2.441252643e+00 +3.779125264e+01 +3.779125264e+01 +1.7975e+00 +2.3620e+00 +3.4157e+00 +1.7730e+00 -2.1988e+00 -9.4842e-01 +2.5675e+00 +9.0368e-01 +9.0845e-01 -1.4611e+00
1521 0 +1.250674345e+00 +3.660067434e+01 +3.660067434e+01 +2.1004e+00 +2.0514e+00 +3.4456e+00 +1.9620e+00 -1.4350e+00 -1.0310e+00 +2.8177e+00 +7.1812e-01 +8.2621e-01 -1.3367e+00
2157 0 +1.119918191e+00 +3.646991819e+01 +3.646991819e+01 +2.1401e+00 +1.8573e+00 +4.0229e+00 +1.7204e+00 -1.7305e+00 -1.2103e+00 +3.1408e+00 +8.3036e-01 +6.2467e-01 -1.5772e+00
2283 0 +1.112148991e+00 +3.646214899e+01 +3.646214899e+01 +2.0471e+00 +2.1338e+00 +3.8520e+00 +1.7342e+00 -1.6355e+00 -1.0122e+00 +2.6748e+00 +1.1039e+00 +8.0619e-01 -1.3362e+00
2308 0 +4.334330062e-01 +3.578343301e+01 +3.578343301e+01 +1.6066e+00 +1.5768e+00 +3.9586e+00 +1.6048e+00 -2.0809e+00 -1.4975e+00 +2.3396e+00 +1.0582e+00 +1.0948e+00 -1.4787e+00
2330 0 +4.044593465e-01 +3.575445935e+01 +3.575445935e+01 +1.9645e+00 +1.6836e+00 +4.0018e+00 +1.5752e+00 -1.8305e+00 -1.5112e+00 +2.4679e+00 +7.7082e-01 +1.1048e+00 -1.5900e+00
2451 0 +3.221510890e-01 +3.567215109e+01 +3.567215109e+01 +1.9160e+00 +1.6652e+00 +4.0958e+00 +1.5470e+00 -1.9213e+00 -1.4466e+00 +2.4757e+00 +8.1242e-01 +1.0544e+00 -1.5665e+00
2475 0 +3.034948930e-01 +3.565349489e+01 +3.565349489e+01 +1.6468e+00 +1.2376e+00 +4.1157e+00 +1.5274e+00 -1.7095e+00 -1.6339e+00 +2.5752e+00 +8.4689e-01 +1.0259e+00 -1.5251e+00
% f evaluations | g evaluations | best noise-free fitness - Fopt (3.820000000000e+00) + sum g_i+ | measured fitness | best measured fitness or single-digit g-values | x1 | x2...
1 0 +3.097848647e+02 +3.136048647e+02 +3.136048647e+02 +5.9671e-01 -3.8264e-02 +7.4769e-01 +1.6230e+00 -1.3415e-01 -1.3414e-01 +1.6792e+00 +8.6743e-01 -3.6947e-01 +6.4256e-01
3 0 +2.237678782e+02 +2.275878782e+02 +2.275878782e+02 +1.5656e+00 -1.2578e-01 +1.6753e-01 -1.3247e+00 -4.4438e-01 +2.1092e-01 -1.0510e+00 +4.7570e-01 -5.0064e-01 -1.9169e-01
6 0 +1.806779122e+02 +1.844979122e+02 +1.844979122e+02 +4.2408e-01 -2.8508e-01 -5.7692e-01 +7.1168e-01 +1.1310e+00 +1.0313e+00 -7.3922e-01 -2.0921e-01 +4.3126e-01 +1.0755e+00
13 0 +1.299041639e+02 +1.337241639e+02 +1.337241639e+02 +8.9103e-01 -8.0939e-01 +1.5028e+00 -1.3019e+00 +6.8686e-01 +2.2905e+00 -8.9054e-01 -4.6630e-01 +1.9965e-01 -4.0348e-01
52 0 +1.181158177e+02 +1.219358177e+02 +1.219358177e+02 -4.0485e-01 +4.9888e-01 +4.0506e-02 +2.1182e-01 -1.0313e+00 +5.2348e-01 -4.2181e-01 -4.6521e-01 +1.0539e+00 +1.6154e+00
53 0 +1.014443724e+02 +1.052643724e+02 +1.052643724e+02 +2.6199e+00 -3.4195e-01 +1.3429e-01 +9.4224e-01 +1.8922e+00 +9.0351e-01 +3.8707e-01 -5.2946e-01 -6.9235e-01 +1.1462e+00
84 0 +9.274302068e+01 +9.656302068e+01 +9.656302068e+01 -5.7835e-01 -2.9750e-01 +1.6912e+00 -6.5841e-02 +1.4336e-01 +7.6795e-01 -9.3211e-01 -1.9847e+00 +6.1587e-01 +1.6697e+00
119 0 +7.862340344e+01 +8.244340344e+01 +8.244340344e+01 +7.4104e-01 -1.2998e+00 +8.3756e-01 -1.1863e-01 -4.0553e-01 -1.1849e+00 +6.4930e-02 -2.9645e+00 +1.6398e+00 +9.9132e-01
137 0 +5.832554056e+01 +6.214554056e+01 +6.214554056e+01 +8.6933e-01 +2.9497e-02 +1.1365e+00 +4.4580e-01 -1.2764e+00 +7.6402e-01 -1.5777e+00 -1.6617e+00 +7.8763e-01 +1.0879e+00
159 0 +4.568878060e+01 +4.950878060e+01 +4.950878060e+01 +2.0055e+00 -2.0143e-01 +2.1511e+00 -2.9221e-01 +7.3182e-02 +4.4090e-01 +1.5316e-01 -1.4595e+00 +1.2154e+00 +1.1745e+00
221 0 +3.240527834e+01 +3.622527834e+01 +3.622527834e+01 +3.5511e-01 +2.0563e+00 +1.5978e+00 +1.0683e+00 +6.5686e-02 +2.4375e+00 +5.5040e-01 -1.6235e+00 +1.8028e+00 +2.6239e+00
388 0 +3.010187985e+01 +3.392187985e+01 +3.392187985e+01 +1.9722e+00 +3.2244e+00 +1.7368e-01 -2.0768e+00 -1.5711e+00 +3.1369e+00 -1.2483e-01 -1.7585e+00 +1.9096e+00 +1.3480e+00
408 0 +1.374424248e+01 +1.756424248e+01 +1.756424248e+01 +2.2833e+00 +3.7360e-01 +2.6712e+00 -5.4320e-01 +8.9405e-01 +1.6289e+00 -1.8881e-01 -1.9477e+00 -9.5846e-02 +1.7736e+00
626 0 +6.731339014e+00 +1.055133901e+01 +1.055133901e+01 +1.6809e+00 +2.9175e-01 +2.7493e+00 -1.2276e+00 -1.0297e-01 +1.5183e+00 -1.5285e+00 -3.0331e+00 +1.8247e+00 +1.1502e+00
1069 0 +5.106096798e+00 +8.926096798e+00 +8.926096798e+00 +3.4582e+00 +8.7580e-01 +2.4095e+00 -1.2284e+00 +2.7676e-01 +5.2988e-02 -6.6282e-01 -3.2533e+00 +1.5306e+00 -1.5552e-01
1382 0 +5.026560885e+00 +8.846560885e+00 +8.846560885e+00 +3.7219e+00 +6.2570e-01 +2.7122e+00 -1.8975e+00 +1.1534e+00 -7.5117e-01 +3.4802e-02 -2.9609e+00 +1.0847e+00 +4.1281e-01
1505 0 +2.789278443e+00 +6.609278443e+00 +6.609278443e+00 +3.1339e+00 -1.9018e-01 +2.7676e+00 -1.4782e+00 +6.9873e-01 -7.1444e-01 -6.3034e-01 -2.8836e+00 +1.3483e+00 +5.6372e-01
1554 0 +2.705546675e+00 +6.525546675e+00 +6.525546675e+00 +3.8069e+00 +1.3321e+00 +1.6334e+00 -2.3747e+00 +6.9372e-01 +6.2112e-01 +4.2615e-01 -2.9357e+00 +8.5120e-01 -3.5351e-01
1573 0 +2.690469840e+00 +6.510469840e+00 +6.510469840e+00 +3.1721e+00 +4.4886e-01 +2.0212e+00 -2.3846e+00 +1.5608e+00 +5.3660e-01 +7.6596e-01 -3.6611e+00 +8.2887e-01 -5.1084e-01
1649 0 +2.398417686e+00 +6.218417686e+00 +6.218417686e+00 +3.3449e+00 +8.3968e-01 +2.3442e+00 -2.5981e+00 +8.0515e-01 +5.6594e-01 +8.6096e-03 -3.0982e+00 +9.0845e-01 -1.8396e-01
1714 0 +2.169917693e+00 +5.989917693e+00 +5.989917693e+00 +3.3435e+00 +8.1253e-01 +2.5088e+00 -2.3158e+00 +5.6436e-01 +7.1093e-01 -6.9190e-02 -3.1482e+00 +9.6511e-01 -1.7934e-01
1727 0 +1.182874711e+00 +5.002874711e+00 +5.002874711e+00 +3.8253e+00 +6.5588e-01 +2.4260e+00 -2.1537e+00 +5.4660e-01 -4.2405e-01 +4.9544e-02 -3.2578e+00 +1.2303e+00 -5.5188e-01
1960 0 +1.178527459e+00 +4.998527459e+00 +4.998527459e+00 +3.5017e+00 +6.6484e-01 +2.3828e+00 -2.1040e+00 +9.6527e-01 -1.9929e-01 +5.2726e-01 -3.2100e+00 +9.8614e-01 -3.4902e-01
1983 0 +9.715570749e-01 +4.791557075e+00 +4.791557075e+00 +3.4431e+00 +6.7799e-01 +2.3968e+00 -2.0775e+00 +4.7033e-01 +4.5245e-01 -9.0395e-02 -3.0670e+00 +8.8235e-01 -2.1610e-01
2087 0 +8.980052027e-01 +4.718005203e+00 +4.718005203e+00 +4.3951e+00 +8.9625e-01 +2.1257e+00 -2.4874e+00 +8.9249e-01 -8.4050e-02 +4.8717e-01 -3.3480e+00 +4.9305e-01 -8.0683e-01
2153 0 +8.743628226e-01 +4.694362823e+00 +4.694362823e+00 +3.8553e+00 +8.5975e-01 +2.0791e+00 -1.8183e+00 +9.4380e-01 -4.4907e-01 +6.6802e-01 -3.0849e+00 +8.9811e-01 -2.7998e-01
2205 0 +6.292297046e-01 +4.449229705e+00 +4.449229705e+00 +4.1656e+00 +1.1221e+00 +2.0285e+00 -2.6937e+00 +9.0798e-01 +3.3703e-02 +5.8072e-01 -3.4220e+00 +8.9333e-01 -8.0606e-01
2403 0 +3.337167416e-01 +4.153716742e+00 +4.153716742e+00 +3.6822e+00 +1.0440e+00 +1.9904e+00 -2.4064e+00 +7.5985e-01 +3.0206e-02 +5.8183e-01 -3.2409e+00 +9.1566e-01 -5.4467e-01
% f evaluations | g evaluations | best noise-free fitness - Fopt (2.175000000000e+01) + sum g_i+ | measured fitness | best measured fitness or single-digit g-values | x1 | x2...
1 0 +1.977079720e+02 +2.194579720e+02 +2.194579720e+02 +5.9671e-01 -3.8264e-02 +7.4769e-01 +1.6230e+00 -1.3415e-01 -1.3414e-01 +1.6792e+00 +8.6743e-01 -3.6947e-01 +6.4256e-01
30 0 +1.605166056e+02 +1.822666056e+02 +1.822666056e+02 -1.0812e-01 -3.9300e-01 -4.8936e-01 +9.4960e-01 +4.5702e-01 -5.9291e-01 +9.9960e-01 +4.0730e-01 +9.1286e-01 +7.2963e-01
33 0 +9.014257822e+01 +1.118925782e+02 +1.118925782e+02 +1.9700e-01 +6.9516e-01 -7.1822e-01 +2.1924e+00 -9.0602e-01 -1.1142e+00 +1.2581e+00 +8.9166e-01 +7.2412e-01 +7.2835e-01
66 0 +3.391740527e+01 +5.566740527e+01 +5.566740527e+01 +1.1758e+00 +1.0333e+00 -6.3980e-01 +4.1853e+00 -2.2584e+00 -1.6895e+00 +2.2524e+00 +1.9120e+00 +2.8706e-01 +2.0412e+00
291 0 +2.742070779e+01 +4.917070779e+01 +4.917070779e+01 +1.8888e+00 +2.0685e+00 -3.5258e+00 +3.5145e+00 -1.2341e+00 -2.1801e+00 +3.8240e+00 +1.2804e+00 +1.5857e+00 +3.7685e+00
403 0 +2.165963992e+01 +4.340963992e+01 +4.340963992e+01 +1.8618e+00 +1.2980e+00 -2.4457e-01 +3.0544e+00 +1.3297e-01 -3.7037e+00 +3.4307e+00 +3.4599e+00 +1.1530e+00 +3.9901e+00
478 0 +1.649398531e+01 +3.824398531e+01 +3.824398531e+01 +2.3873e+00 +1.4443e+00 -2.2368e+00 +3.1585e+00 -5.1635e-01 -2.8900e+00 +3.0871e+00 +1.3253e+00 +1.9273e+00 +3.7021e+00
598 0 +1.190693815e+01 +3.365693815e+01 +3.365693815e+01 +2.2651e+00 -2.5274e-02 -8.1307e-01 +3.5150e+00 -3.5400e+00 -3.1174e+00 +3.4516e+00 +2.1254e+00 +3.2108e-01 +2.7163e+00
648 0 +9.397296701e+00 +3.114729670e+01 +3.114729670e+01 +3.2070e+00 +1.1634e+00 +1.0417e-01 +2.0835e+00 -1.2428e+00 -2.9950e+00 +2.5584e+00 +2.2104e+00 +2.6788e+00 +4.0296e+00
650 0 +5.149729984e+00 +2.689972998e+01 +2.689972998e+01 +3.7679e+00 +1.3413e+00 -1.6524e+00 +3.6063e+00 -8.2786e-01 -2.2597e+00 +3.5785e+00 +2.9489e+00 +1.9075e+00 +4.3378e+00
1119 0 +4.886265796e+00 +2.663626580e+01 +2.663626580e+01 +4.8010e+00 +9.7328e-01 -1.1957e+00 +3.0250e+00 -4.1676e-01 -2.0185e+00 +3.2159e+00 +2.7551e+00 +2.5578e+00 +4.0359e+00
1136 0 +4.089735642e+00 +2.583973564e+01 +2.583973564e+01 +4.8988e+00 +1.4067e+00 -1.2216e+00 +3.3675e+00 -2.8017e-01 -2.0366e+00 +2.8642e+00 +2.0340e+00 +2.3969e+00 +4.0287e+00
1156 0 +3.772102920e+00 +2.552210292e+01 +2.552210292e+01 +3.9466e+00 +1.5757e+00 -1.0574e+00 +3.0342e+00 -2.3071e+00 -2.6126e+00 +3.3369e+00 +1.7069e+00 +1.5157e+00 +3.7449e+00
1157 0 +3.388689835e+00 +2.513868983e+01 +2.513868983e+01 +3.3549e+00 +8.8255e-01 -3.3773e-01 +2.7936e+00 -1.9904e+00 -2.4306e+00 +3.4856e+00 +2.2630e+00 +1.5041e+00 +3.3803e+00
1215 0 +3.063385014e+00 +2.481338501e+01 +2.481338501e+01 +3.0684e+00 +5.5342e-01 +1.4389e-01 +2.3826e+00 -1.4614e+00 -3.2930e+00 +3.3299e+00 +2.8226e+00 +2.2910e+00 +4.0318e+00
1251 0 +2.965745210e+00 +2.471574521e+01 +2.471574521e+01 +2.9795e+00 +1.3512e+00 -9.1111e-01 +2.2846e+00 -1.4853e+00 -3.2892e+00 +3.1396e+00 +1.9804e+00 +2.3635e+00 +3.9717e+00
1313 0 +2.808103916e+00 +2.455810392e+01 +2.455810392e+01 +4.3876e+00 +1.2534e+00 -1.6176e+00 +3.2253e+00 -9.5705e-01 -1.6104e+00 +3.4725e+00 +2.2986e+00 +1.8324e+00 +3.7805e+00
1317 0 +2.573482172e+00 +2.432348217e+01 +2.432348217e+01 +3.7901e+00 +1.1675e+00 -9.1717e-01 +2.7619e+00 +2.0633e-01 -2.6777e+00 +3.0424e+00 +2.7493e+00 +2.4503e+00 +4.2889e+00
1319 0 +1.246484924e+00 +2.299648492e+01 +2.299648492e+01 +4.5381e+00 +9.3601e-01 -8.9001e-01 +3.0436e+00 -1.0012e+00 -2.1274e+00 +3.1378e+00 +2.2306e+00 +1.8598e+00 +3.9453e+00
1330 0 +7.038591737e-01 +2.245385917e+01 +2.245385917e+01 +3.2421e+00 +1.1331e+00 -1.6338e+00 +3.0767e+00 -9.5999e-01 -2.3751e+00 +3.1989e+00 +2.4965e+00 +2.0330e+00 +4.0513e+00
2087 0 +4.978874974e-01 +2.224788750e+01 +2.224788750e+01 +3.8667e+00 +7.9418e-01 -7.3941e-01 +3.0294e+00 -1.7694e+00 -2.6247e+00 +3.2755e+00 +2.1977e+00 +1.8376e+00 +3.9099e+00
2117 0 +4.611011714e-01 +2.221110117e+01 +2.221110117e+01 +4.3112e+00 +9.8858e-01 -1.2770e+00 +3.1479e+00 -1.7372e+00 -2.0708e+00 +3.3203e+00 +2.0638e+00 +1.8326e+00 +3.9677e+00
2156 0 +4.609982099e-01 +2.221099821e+01 +2.221099821e+01 +3.7691e+00 +7.6755e-01 -1.0675e+00 +3.0264e+00 -1.9416e+00 -2.5250e+00 +3.4184e+00 +1.9320e+00 +1.6207e+00 +3.9302e+00
2195 0 +3.361814037e-01 +2.208618140e+01 +2.208618140e+01 +3.3143e+00 +8.1002e-01 -9.7978e-01 +2.9675e+00 -1.8449e+00 -2.7412e+00 +3.4653e+00 +2.1198e+00 +1.6783e+00 +3.8096e+00
2271 0 +3.316008869e-01 +2.208160089e+01 +2.208160089e+01 +3.6817e+00 +8.5201e-01 -1.3966e+00 +3.1896e+00 -1.9633e+00 -2.1600e+00 +3.3821e+00 +1.8995e+00 +1.6332e+00 +3.6537e+00
2295 0 +2.769911094e-01 +2.202699111e+01 +2.202699111e+01 +3.4961e+00 +6.8461e-01 -1.0265e+00 +2.9912e+00 -1.8556e+00 -2.4246e+00 +3.4280e+00 +2.1455e+00 +1.6567e+00 +3.6999e+00
2338 0 +1.174534113e-01 +2.186745341e+01 +2.186745341e+01 +3.8637e+00 +8.3123e-01 -1.0293e+00 +3.1255e+00 -1.6296e+00 -2.3473e+00 +3.1781e+00 +2.2184e+00 +1.7296e+00 +3.8980e+00
% f evaluations | g evaluations | best noise-free fitness - Fopt (6.479000000000e+01) + sum g_i+ | measured fitness | best measured fitness or single-digit g-values | x1 | x2...
1 0 +4.680176606e+02 +5.328076606e+02 +5.328076606e+02 +5.9671e-01 -3.8264e-02 +7.4769e-01 +1.6230e+00 -1.3415e-01 -1.3414e-01 +1.6792e+00 +8.6743e-01 -3.6947e-01 +6.4256e-01
3 0 +4.609049070e+02 +5.256949070e+02 +5.256949070e+02 +1.5656e+00 -1.2578e-01 +1.6753e-01 -1.3247e+00 -4.4438e-01 +2.1092e-01 -1.0510e+00 +4.7570e-01 -5.0064e-01 -1.9169e-01
4 0 +4.116221582e+02 +4.764121582e+02 +4.764121582e+02 -5.0171e-01 +1.9523e+00 +8.6503e-02 -9.5771e-01 +9.2254e-01 -1.1208e+00 +3.0886e-01 -1.8597e+00 -1.2282e+00 +2.9686e-01
6 0 +2.269570095e+02 +2.917470095e+02 +2.917470095e+02 +4.2408e-01 -2.8508e-01 -5.7692e-01 +7.1168e-01 +1.1310e+00 +1.0313e+00 -7.3922e-01 -2.0921e-01 +4.3126e-01 +1.0755e+00
24 0 +1.157631681e+02 +1.805531681e+02 +1.805531681e+02 -6.3037e-01 +3.1646e-01 +1.4557e-01 -5.5160e-01 +2.2439e+00 +7.3392e-01 -1.9251e+00 +2.8645e-01 -5.6179e-01 +9.5243e-01
91 0 +9.254041457e+01 +1.573304146e+02 +1.573304146e+02 -2.5656e+00 -1.1516e+00 -5.7456e-01 +8.6508e-02 +2.5116e+00 +7.9878e-01 -2.2115e+00 +1.0827e+00 +1.1028e-01 +1.7218e+00
141 0 +9.094184713e+01 +1.557318471e+02 +1.557318471e+02 -2.4291e+00 -2.8040e+00 +8.6569e-01 +9.6025e-01 +2.8672e+00 -3.1980e-01 -4.6557e+00 +2.0729e+00 +2.9601e-01 -3.1171e-01
161 0 +8.504969679e+01 +1.498396968e+02 +1.498396968e+02 -1.5889e+00 -1.6312e+00 +3.5247e+00 +2.4184e+00 +6.8398e-01 +1.5733e-01 -2.4562e+00 +8.0711e-01 -1.1450e+00 -5.5881e-02
186 0 +7.449690232e+01 +1.392869023e+02 +1.392869023e+02 +1.2542e+00 -7.8770e-01 +3.1821e+00 +3.2274e+00 +1.2574e+00 -2.1135e+00 -1.5616e+00 +3.5050e+00 -2.9337e+00 +1.5345e+00
230 0 +5.116726343e+01 +1.159572634e+02 +1.159572634e+02 -2.5582e+00 -4.0808e+00 +2.3324e+00 +2.5370e+00 +4.0529e-01 -1.4767e+00 -3.2901e+00 +3.3696e-01 -1.1956e-01 +5.4383e-01
256 0 +4.153043063e+01 +1.063204306e+02 +1.063204306e+02 -2.3093e+00 -7.5135e-01 -1.0987e-01 +2.4076e+00 -1.2799e+00 -2.3799e+00 -4.9281e+00 +2.1986e+00 -3.9512e+00 +3.1100e-01
315 0 +3.839480481e+01 +1.031848048e+02 +1.031848048e+02 -3.5946e+00 +1.9699e-01 +1.0128e+00 +6.3979e-01 -5.8909e-01 -1.3602e+00 -3.1011e+00 +8.4139e-01 -3.0057e+00 +5.1900e-01
460 0 +1.839934319e+01 +8.318934319e+01 +8.318934319e+01 -9.7211e-02 -4.7540e-01 -4.3535e-01 +2.1477e+00 -1.1219e+00 -3.4282e+00 -4.4186e+00 -6.3716e-01 -4.9362e+00 +3.0718e+00
574 0 +1.682181164e+01 +8.161181164e+01 +8.161181164e+01 -2.6014e+00 -3.0893e+00 +1.4709e+00 +2.4634e+00 -1.4946e+00 -3.8146e+00 -3.9268e+00 -4.2889e-01 -3.1045e+00 +2.9606e+00
596 0 +1.333422587e+01 +7.812422587e+01 +7.812422587e+01 -1.3167e+00 -1.7923e+00 +2.3703e+00 +3.1020e+00 -1.7589e+00 -3.2492e+00 -2.6316e+00 -9.0860e-03 -4.2437e+00 +2.9252e+00
660 0 +8.817279924e+00 +7.360727992e+01 +7.360727992e+01 -1.1849e+00 -4.9830e-01 -7.9043e-02 +1.5963e+00 -2.1331e-01 -2.8878e+00 -3.5535e+00 +9.2640e-02 -4.8560e+00 +2.6276e+00
700 0 +7.319728512e+00 +7.210972851e+01 +7.210972851e+01 -2.4685e+00 -1.7463e+00 +2.0288e-01 +1.4011e+00 -1.7449e-01 -2.4679e+00 -3.7263e+00 +8.6896e-01 -2.0866e+00 +1.7696e+00
964 0 +7.165122976e+00 +7.195512298e+01 +7.195512298e+01 -2.6650e+00 -2.6507e+00 -1.9461e-01 +9.7605e-01 -6.9690e-02 -2.8541e+00 -4.4227e+00 +8.4056e-01 -3.1168e+00 +2.1309e+00
997 0 +5.094871846e+00 +6.988487185e+01 +6.988487185e+01 -1.9568e+00 -3.5360e+00 -5.3828e-01 +1.0758e+00 -3.2337e-01 -2.4899e+00 -4.3681e+00 -8.2244e-01 -2.4288e+00 +2.1667e+00
1007 0 +3.628055660e+00 +6.841805566e+01 +6.841805566e+01 -1.9389e+00 -1.4542e+00 -2.8504e-01 +1.2896e+00 +1.3002e-02 -2.8494e+00 -3.8098e+00 -3.7996e-01 -3.4997e+00 +2.9275e+00
1124 0 +1.640858388e+00 +6.643085839e+01 +6.643085839e+01 -1.4858e+00 -2.2663e+00 +7.5126e-01 +1.9570e+00 -9.4623e-01 -3.5604e+00 -3.5497e+00 -2.2432e-01 -4.2677e+00 +2.5039e+00
1243 0 +1.396253580e+00 +6.618625358e+01 +6.618625358e+01 -2.4460e+00 -2.1459e+00 -7.7666e-01 +7.4414e-01 +2.3091e-01 -2.7639e+00 -4.0888e+00 +2.0376e-01 -2.9253e+00 +2.2720e+00
1368 0 +1.202094024e+00 +6.599209402e+01 +6.599209402e+01 -1.4240e+00 -1.8897e+00 +1.0906e-01 +1.8225e+00 -4.5196e-01 -3.2805e+00 -3.7109e+00 -1.0768e-01 -3.7804e+00 +2.7288e+00
1552 0 +5.199459388e-01 +6.530994594e+01 +6.530994594e+01 -1.9212e+00 -2.0191e+00 -1.3983e-01 +1.2608e+00 -3.1286e-01 -2.9990e+00 -3.8914e+00 -2.1515e-01 -3.9333e+00 +2.6914e+00
2114 0 +3.935565485e-01 +6.518355655e+01 +6.518355655e+01 -1.6478e+00 -1.9420e+00 +2.8677e-01 +1.6524e+00 -3.2127e-01 -3.0077e+00 -3.7043e+00 -2.0020e-01 -3.6058e+00 +2.6673e+00
2156 0 +3.020167285e-01 +6.509201673e+01 +6.509201673e+01 -1.7794e+00 -2.2981e+00 +4.0791e-02 +1.5246e+00 -3.9546e-01 -3.1815e+00 -3.8800e+00 -1.5733e-01 -3.4707e+00 +2.6841e+00
2240 0 +2.800834547e-01 +6.507008345e+01 +6.507008345e+01 -1.8644e+00 -2.0767e+00 -8.3917e-02 +1.3680e+00 -2.4241e-01 -2.9003e+00 -3.9395e+00 -1.9285e-02 -3.4975e+00 +2.3065e+00
% f evaluations | g evaluations | best noise-free fitness - Fopt (-1.000000000000e+03) + sum g_i+ | measured fitness | best measured fitness or single-digit g-values | x1 | x2...
1 0 +3.425201029e+02 -6.574798971e+02 -6.574798971e+02 +5.9671e-01 -3.8264e-02 +7.4769e-01 +1.6230e+00 -1.3415e-01 -1.3414e-01 +1.6792e+00 +8.6743e-01 -3.6947e-01 +6.4256e-01
2 0 +1.988236968e+02 -8.011763032e+02 -8.011763032e+02 -3.6342e-01 -3.6573e-01 +3.4196e-01 -1.8133e+00 -1.6249e+00 -4.6229e-01 -9.1283e-01 +4.1425e-01 -8.0802e-01 -1.3123e+00
8 0 +1.601156039e+02 -8.398843961e+02 -8.398843961e+02 +4.6140e-01 +1.6380e+00 +6.4174e-02 +1.6646e+00 -2.5197e+00 +9.2190e-01 +1.8705e-01 -1.9901e-01 +1.9176e-01 -1.8876e+00
14 0 +1.378348610e+02 -8.621651390e+02 -8.621651390e+02 -1.4507e+00 +1.6856e-01 -9.6230e-01 +5.7359e-01 -8.1942e-01 +1.6499e+00 -6.8325e-01 -2.2206e-01 +9.1352e-01 -1.1309e+00
60 0 +1.094282986e+02 -8.905717014e+02 -8.905717014e+02 -8.4478e-01 +6.1053e-01 +3.7784e-01 +9.8780e-01 -1.6310e+00 +5.6084e-01 -1.7303e-02 -1.3268e-01 +1.6763e+00 +4.2634e-01
61 0 +9.653932806e+01 -9.034606719e+02 -9.034606719e+02 -9.5913e-01 +7.1458e-01 +9.8681e-01 -9.5043e-01 -3.1245e+00 +8.9355e-01 -2.1872e+00 -1.4407e+00 +2.5452e+00 -1.2385e+00
91 0 +5.207029880e+01 -9.479297012e+02 -9.479297012e+02 -2.0969e+00 -7.1280e-02 -1.3873e+00 -8.6322e-01 -2.4211e+00 +1.6951e+00 +6.3024e-01 +8.8008e-01 +2.4124e+00 -1.7499e+00
180 0 +4.361277214e+01 -9.563872279e+02 -9.563872279e+02 -1.8334e+00 +5.8306e-01 -1.4828e-02 -7.4645e-01 -4.6980e+00 +3.9685e+00 -2.2906e+00 +2.0502e+00 +7.0541e-01 -1.4204e+00
235 0 +3.691951723e+01 -9.630804828e+02 -9.630804828e+02 -3.4962e+00 -7.2757e-01 -5.3411e-02 -1.0487e+00 -2.6702e+00 +7.1218e-01 -1.6078e+00 -1.2854e+00 +3.2443e+00 -7.8049e-01
288 0 +2.024765384e+01 -9.797523462e+02 -9.797523462e+02 -4.0264e+00 -1.7250e+00 -2.3991e+00 -6.0159e-01 -2.8028e+00 +1.4935e+00 -1.0444e+00 +1.3782e+00 +2.8859e+00 -1.4388e-01
356 0 +2.024192546e+01 -9.797580745e+02 -9.797580745e+02 -3.3536e+00 -1.6276e+00 -1.9583e+00 -7.0032e-02 -3.6371e+00 +1.7343e+00 -2.4976e+00 -4.2434e-01 +3.5179e+00 -1.2569e+00
445 0 +1.878204731e+01 -9.812179527e+02 -9.812179527e+02 -2.9461e+00 -1.8352e+00 -7.0211e-01 -9.7130e-01 -3.0521e+00 +2.3242e+00 -2.3134e+00 +1.6275e+00 +2.8650e+00 +2.1474e-01
454 0 +1.075325345e+01 -9.892467465e+02 -9.892467465e+02 -2.6202e+00 -1.1101e+00 -1.8638e+00 -4.3910e-01 -3.0416e+00 +2.1511e+00 -2.9142e+00 +9.3651e-01 +3.0509e+00 +3.4410e-01
567 0 +6.093930950e+00 -9.939060690e+02 -9.939060690e+02 -4.1059e+00 -1.0495e+00 -1.9392e+00 +3.6450e-02 -3.3675e+00 +1.4308e+00 -1.7449e+00 +2.3089e-02 +3.6334e+00 -7.0895e-01
597 0 +6.052052721e+00 -9.939479473e+02 -9.939479473e+02 -3.9404e+00 -3.7875e-01 -1.7784e+00 +6.6097e-02 -2.9329e+00 +2.2119e+00 -1.7340e+00 +4.9477e-01 +3.0339e+00 -2.1313e-01
968 0 +5.804496725e+00 -9.941955033e+02 -9.941955033e+02 -2.8043e+00 -6.8137e-01 -1.8717e+00 +5.3093e-01 -3.7371e+00 +3.2357e+00 -3.1891e+00 -7.1556e-01 +3.3298e+00 +1.4356e+00
1189 0 +3.443015901e+00 -9.965569841e+02 -9.965569841e+02 -3.2983e+00 -1.7560e+00 -2.1765e+00 -5.3895e-01 -2.8230e+00 +2.9844e+00 -3.1014e+00 +1.3641e+00 +4.1048e+00 +8.5688e-01
1340 0 +3.076040148e+00 -9.969239599e+02 -9.969239599e+02 -2.8015e+00 -5.0384e-01 -1.6234e+00 +5.3272e-01 -3.7119e+00 +2.5840e+00 -2.3976e+00 +9.2141e-01 +2.8151e+00 -1.8742e-01
1376 0 +3.007620030e+00 -9.969923800e+02 -9.969923800e+02 -4.2347e+00 -8.3438e-01 -2.4336e+00 -1.1688e-02 -3.0628e+00 +2.7637e+00 -2.8806e+00 +3.8559e-01 +3.8326e+00 +3.5785e-01
1382 0 +2.824872593e+00 -9.971751274e+02 -9.971751274e+02 -3.0496e+00 -8.9665e-01 -2.3095e+00 +2.9466e-01 -2.8183e+00 +3.0770e+00 -2.5098e+00 +2.4494e-01 +3.4146e+00 +1.0808e+00
1398 0 +2.400480603e+00 -9.975995194e+02 -9.975995194e+02 -3.2630e+00 -1.5394e+00 -2.2952e+00 -4.4044e-01 -3.0630e+00 +3.2510e+00 -2.8676e+00 +1.0917e+00 +3.8461e+00 +5.3988e-01
1431 0 +1.926452007e+00 -9.980735480e+02 -9.980735480e+02 -3.1784e+00 -8.4405e-01 -2.1636e+00 +6.6491e-02 -3.5308e+00 +2.8632e+00 -2.7301e+00 +1.2244e+00 +3.5059e+00 -7.7427e-02
1506 0 +1.767484043e+00 -9.982325160e+02 -9.982325160e+02 -3.2145e+00 -1.0441e+00 -1.5056e+00 +8.2846e-02 -3.6284e+00 +2.4681e+00 -2.8544e+00 +2.5435e-01 +3.3846e+00 -1.0903e-01
1522 0 +1.716631937e+00 -9.982833681e+02 -9.982833681e+02 -3.7772e+00 -9.8324e-01 -2.1577e+00 -4.3780e-01 -3.0652e+00 +2.5089e+00 -2.4836e+00 +1.0870e+00 +3.3682e+00 -2.0592e-01
1599 0 +1.667778394e+00 -9.983322216e+02 -9.983322216e+02 -3.4730e+00 -1.5328e+00 -2.2275e+00 -3.6748e-01 -3.0163e+00 +2.5963e+00 -2.3852e+00 +1.0142e+00 +3.4248e+00 +9.1779e-02
1613 0 +1.200696435e+00 -9.987993036e+02 -9.987993036e+02 -3.0085e+00 -7.6008e-01 -1.9274e+00 -6.9884e-02 -3.4983e+00 +2.8840e+00 -3.1695e+00 +8.5838e-01 +3.6213e+00 +9.2783e-02
1676 0 +1.183215186e+00 -9.988167848e+02 -9.988167848e+02 -3.2237e+00 -1.2825e+00 -2.2000e+00 -3.4504e-01 -2.9444e+00 +3.0132e+00 -3.1026e+00 +7.8137e-01 +3.8750e+00 +6.7090e-01
1861 0 +9.284348072e-01 -9.990715652e+02 -9.990715652e+02 -3.9861e+00 -1.5271e+00 -2.3138e+00 -7.2401e-01 -2.8362e+00 +2.4063e+00 -2.5286e+00 +1.2735e+00 +3.9214e+00 -1.7670e-01
1914 0 +8.703575836e-01 -9.991296424e+02 -9.991296424e+02 -3.4349e+00 -1.2562e+00 -2.0847e+00 -6.2548e-01 -2.9833e+00 +2.9102e+00 -3.0101e+00 +9.7769e-01 +3.8277e+00 +2.0998e-01
1918 0 +6.907085388e-01 -9.993092915e+02 -9.993092915e+02 -3.9369e+00 -1.5238e+00 -2.2064e+00 -6.8408e-01 -2.8293e+00 +2.6485e+00 -3.0607e+00 +1.1784e+00 +3.6832e+00 +7.1014e-02
2089 0 +5.608322284e-01 -9.994391678e+02 -9.994391678e+02 -3.5258e+00 -1.3032e+00 -1.8794e+00 -4.5538e-01 -3.1772e+00 +2.4604e+00 -2.9789e+00 +6.7629e-01 +3.5956e+00 -7.1346e-02
2095 0 +4.253054143e-01 -9.995746946e+02 -9.995746946e+02 -4.2360e+00 -1.3871e+00 -2.2194e+00 -5.1102e-01 -3.0247e+00 +2.5570e+00 -3.0436e+00 +9.8954e-01 +3.6991e+00 -2.0008e-02
2158 0 +2.497239187e-01 -9.997502761e+02 -9.997502761e+02 -3.6190e+00 -1.2573e+00 -2.0529e+00 -3.2542e-01 -3.1689e+00 +2.7053e+00 -3.0472e+00 +8.7878e-01 +3.6683e+00 +1.6847e-03
2228 0 +1.900276342e-01 -9.998099724e+02 -9.998099724e+02 -3.6727e+00 -1.1810e+00 -2.0539e+00 -2.7897e-01 -3.1465e+00 +2.6883e+00 -2.8405e+00 +7.6911e-01 +3.6495e+00 +2.2695e-01
2308 0 +1.414932137e-01 -9.998585068e+02 -9.998585068e+02 -3.9840e+00 -1.3252e+00 -2.1226e+00 -3.4330e-01 -3.0471e+00 +2.4023e+00 -2.8922e+00 +7.5037e-01 +3.8321e+00 -1.3983e-02
2382 0 +1.320252355e-01 -9.998679748e+02 -9.998679748e+02 -4.0057e+00 -1.2872e+00 -2.0150e+00 -2.9757e-01 -3.0830e+00 +2.3517e+00 -2.8083e+00 +7.3798e-01 +3.6829e+00 -2.4686e-01
2386 0 +1.067076690e-01 -9.998932923e+02 -9.998932923e+02 -4.1104e+00 -1.4272e+00 -2.2130e+00 -4.4097e-01 -2.9398e+00 +2.4944e+00 -2.8855e+00 +9.4013e-01 +3.7552e+00 -8.1279e-02
2437 0 +8.833572697e-02 -9.999116643e+02 -9.999116643e+02 -4.0997e+00 -1.4061e+00 -2.2396e+00 -4.4888e-01 -2.9522e+00 +2.5097e+00 -2.9373e+00 +9.0566e-01 +3.8270e+00 -7.9781e-02
% f evaluations | g evaluations | best noise-free fitness - Fopt (1.640700000000e+02) + sum g_i+ | measured fitness | best measured fitness or single-digit g-values | x1 | x2...
1 0 +9.695988185e+02 +1.133668818e+03 +1.133668818e+03 +5.9671e-01 -3.8264e-02 +7.4769e-01 +1.6230e+00 -1.3415e-01 -1.3414e-01 +1.6792e+00 +8.6743e-01 -3.6947e-01 +6.4256e-01
2 0 +5.110056297e+02 +6.750756297e+02 +6.750756297e+02 -3.6342e-01 -3.6573e-01 +3.4196e-01 -1.8133e+00 -1.6249e+00 -4.6229e-01 -9.1283e-01 +4.1425e-01 -8.0802e-01 -1.3123e+00
4 0 +4.136837239e+02 +5.777537239e+02 +5.777537239e+02 -5.0171e-01 +1.9523e+00 +8.6503e-02 -9.5771e-01 +9.2254e-01 -1.1208e+00 +3.0886e-01 -1.8597e+00 -1.2282e+00 +2.9686e-01
8 0 +3.129186968e+02 +4.769886968e+02 +4.769886968e+02 +4.6140e-01 +1.6380e+00 +6.4174e-02 +1.6646e+00 -2.5197e+00 +9.2190e-01 +1.8705e-01 -1.9901e-01 +1.9176e-01 -1.8876e+00
52 0 +3.001379102e+02 +4.642079102e+02 +4.642079102e+02 -9.3925e-01 +4.0725e-01 -1.2804e+00 +1.2416e+00 -3.8238e-01 +1.3012e+00 +2.6267e-01 -1.0562e+00 -1.9068e-01 -1.0570e+00
57 0 +1.702894648e+02 +3.343594648e+02 +3.343594648e+02 -2.6682e+00 +1.0112e-01 -3.1318e-01 -1.8803e+00 +7.5030e-01 -2.0874e+00 +1.6026e+00 -6.7645e-01 +7.3430e-02 -2.4326e+00
58 0 +1.336804409e+02 +2.977504409e+02 +2.977504409e+02 -5.5564e-02 +1.8298e+00 -7.8813e-01 -6.2680e-01 -7.0244e-01 -2.3533e+00 -9.8986e-01 -7.7940e-01 -1.7526e-01 -3.4403e+00
108 0 +1.158369869e+02 +2.799069869e+02 +2.799069869e+02 +2.3522e-02 +4.0870e+00 -1.9911e+00 -2.7921e+00 -1.8793e+00 -3.0524e+00 +1.4597e+00 -1.9718e+00 -1.0614e+00 -2.4402e+00
136 0 +7.829338667e+01 +2.423633867e+02 +2.423633867e+02 -2.4239e+00 +9.7633e-01 -8.2412e-01 +2.7871e-01 -1.5622e+00 +2.9014e+00 -3.3626e-01 +2.7899e+00 -1.5179e-01 -3.9389e+00
216 0 +5.883987037e+01 +2.229098704e+02 +2.229098704e+02 -3.8757e+00 -1.2783e+00 -3.6923e+00 -1.0073e+00 -5.0085e-01 +7.8950e-01 -9.6370e-01 +1.8046e-01 +2.3207e+00 -4.0974e+00
226 0 +2.710946449e+01 +1.911794645e+02 +1.911794645e+02 -2.0078e+00 +3.1933e+00 -2.6356e+00 -1.2881e+00 -1.7036e+00 -5.9696e-01 +1.4460e+00 +2.5041e+00 +2.8278e+00 -2.7888e+00
576 0 +1.730454661e+01 +1.813745466e+02 +1.813745466e+02 -1.7706e+00 +2.9596e+00 -2.8642e+00 -1.2908e+00 -1.7406e+00 +7.5056e-01 +1.5175e-01 +2.2515e+00 +1.7589e+00 -3.9766e+00
705 0 +1.262750786e+01 +1.766975079e+02 +1.766975079e+02 -3.1837e+00 +2.8556e+00 -2.0075e+00 -3.4133e+00 -2.1581e+00 +1.3354e+00 +6.4947e-01 +2.7166e+00 +2.2701e+00 -3.1442e+00
846 0 +8.267801444e+00 +1.723378014e+02 +1.723378014e+02 -3.6522e+00 +2.5167e+00 -2.8625e+00 -2.5024e+00 -2.3091e+00 +1.9404e+00 +2.5153e+00 +3.8349e+00 +3.5798e+00 -3.4514e+00
863 0 +8.135481267e+00 +1.722054813e+02 +1.722054813e+02 -2.2878e+00 +1.8139e+00 -3.2693e+00 -2.2241e+00 -2.1180e+00 -5.9939e-01 +2.2225e+00 +2.1100e+00 +2.9890e+00 -3.8207e+00
870 0 +5.427474338e+00 +1.694974743e+02 +1.694974743e+02 -2.9595e+00 +2.3224e+00 -3.2621e+00 -3.9696e+00 -2.1166e+00 +7.2014e-01 +2.1899e+00 +1.8819e+00 +3.2806e+00 -3.3145e+00
1248 0 +3.348034393e+00 +1.674180344e+02 +1.674180344e+02 -3.0159e+00 +3.0616e+00 -2.9314e+00 -2.7246e+00 -1.9207e+00 +1.9077e+00 +2.0184e+00 +2.2376e+00 +2.7528e+00 -3.0643e+00
1414 0 +2.107744630e+00 +1.661777446e+02 +1.661777446e+02 -2.5022e+00 +3.2973e+00 -3.3422e+00 -3.5666e+00 -2.3145e+00 +1.3723e+00 +1.9454e+00 +2.7194e+00 +3.3553e+00 -3.5753e+00
1796 0 +1.768835851e+00 +1.658388359e+02 +1.658388359e+02 -2.4623e+00 +3.4760e+00 -2.5402e+00 -2.6428e+00 -2.4277e+00 +2.5313e+00 +1.8387e+00 +2.8808e+00 +3.0366e+00 -3.4690e+00
1876 0 +1.764333174e+00 +1.658343332e+02 +1.658343332e+02 -2.1810e+00 +3.8266e+00 -2.8269e+00 -2.7765e+00 -2.3903e+00 +2.6639e+00 +1.7023e+00 +2.4878e+00 +2.8305e+00 -3.2015e+00
1912 0 +9.938157083e-01 +1.650638157e+02 +1.650638157e+02 -2.0727e+00 +3.6770e+00 -2.9184e+00 -3.0495e+00 -2.3132e+00 +1.5700e+00 +1.7240e+00 +2.4289e+00 +2.9456e+00 -3.5903e+00
2009 0 +5.856561927e-01 +1.646556562e+02 +1.646556562e+02 -2.0443e+00 +3.5708e+00 -3.0273e+00 -3.2122e+00 -2.5106e+00 +1.3883e+00 +1.7375e+00 +2.2361e+00 +2.9235e+00 -3.5054e+00
2030 0 +3.579211580e-01 +1.644279212e+02 +1.644279212e+02 -2.1271e+00 +4.0849e+00 -2.6523e+00 -3.1944e+00 -2.5149e+00 +2.0439e+00 +2.0627e+00 +2.7948e+00 +2.9908e+00 -3.3621e+00
2379 0 +1.193286564e-01 +1.641893287e+02 +1.641893287e+02 -2.2159e+00 +3.8768e+00 -2.7806e+00 -3.0816e+00 -2.3921e+00 +2.0746e+00 +1.9683e+00 +2.5646e+00 +2.8874e+00 -3.2509e+00
2454 0 +9.986303379e-02 +1.641698630e+02 +1.641698630e+02 -2.2561e+00 +3.9705e+00 -2.4944e+00 -3.1357e+00 -2.3470e+00 +2.3934e+00 +2.0239e+00 +2.9284e+00 +2.8774e+00 -3.2111e+00
% f evaluations | g evaluations | best noise-free fitness - Fopt (-1.656800000000e+02) + sum g_i+ | measured fitness | best measured fitness or single-digit g-values | x1 | x2...
1 0 +7.478022085e+01 -9.089977915e+01 -9.089977915e+01 +5.9671e-01 -3.8264e-02 +7.4769e-01 +1.6230e+00 -1.3415e-01 -1.3414e-01 +1.6792e+00 +8.6743e-01 -3.6947e-01 +6.4256e-01
10 0 +6.202659801e+01 -1.036534020e+02 -1.036534020e+02 +1.9708e-01 +1.0686e+00 -6.0205e-01 -2.2766e-01 -2.9211e-01 -1.3635e+00 +3.9612e-01 +3.6106e-01 +1.0511e-01 -1.3459e-01
40 0 +3.938228109e+01 -1.262977189e+02 -1.262977189e+02 -7.9841e-01 +5.9192e-01 -1.2202e+00 +1.9315e+00 +1.2794e+00 -3.6918e-01 -1.6131e+00 +1.4539e+00 -1.4540e-02 +1.3378e+00
82 0 +2.835156940e+01 -1.373284306e+02 -1.373284306e+02 +8.1949e-01 +3.7076e-01 -4.4807e-01 +1.2560e+00 +5.5545e-01 +5.9578e-02 +7.7943e-01 +3.0695e+00 +5.5956e-01 +3.7242e-02
198 0 +2.170271426e+01 -1.439772857e+02 -1.439772857e+02 -9.1799e-01 +1.0807e+00 -1.3764e-01 +1.8241e+00 +2.3943e+00 -1.4329e+00 -8.0383e-01 +2.8281e+00 -1.9997e-01 +1.1810e+00
368 0 +1.308404534e+01 -1.525959547e+02 -1.525959547e+02 -1.3499e+00 +1.8132e-01 +9.1770e-01 +1.5007e+00 +1.4833e+00 -2.9817e+00 +4.5751e-01 +1.9167e+00 +9.0482e-02 +5.6021e-01
567 0 +1.064255042e+01 -1.550374496e+02 -1.550374496e+02 -2.0111e+00 -2.1309e+00 +2.4578e+00 +3.0360e+00 +1.7821e+00 -4.0051e+00 -4.7285e-01 +2.4146e+00 +6.3252e-01 -1.8170e+00
765 0 +1.025203861e+01 -1.554279614e+02 -1.554279614e+02 -1.6948e+00 -3.7990e-01 +1.8242e+00 +3.0684e+00 +1.5370e+00 -1.9704e+00 -2.1742e-01 +2.9998e+00 -6.5110e-01 +8.1988e-01
807 0 +7.382353507e+00 -1.582976465e+02 -1.582976465e+02 -1.6980e+00 +2.4643e-01 +1.2362e+00 +1.9364e+00 +1.8073e+00 -2.5379e+00 -7.0656e-03 +2.6451e+00 -4.8027e-01 +2.6565e-01
927 0 +5.289329944e+00 -1.603906701e+02 -1.603906701e+02 -1.3164e+00 -2.6162e-01 +6.9946e-01 +1.3191e+00 +1.0336e+00 -2.8781e+00 +1.3376e-01 +2.8222e+00 +1.7546e-02 -2.0756e-01
935 0 +3.944558118e+00 -1.617354419e+02 -1.617354419e+02 -1.6679e+00 -8.2109e-01 +8.4403e-01 +1.7446e+00 +1.5251e+00 -3.0901e+00 -3.5263e-01 +2.9415e+00 +3.5447e-01 -8.1835e-01
966 0 +3.589445049e+00 -1.620905550e+02 -1.620905550e+02 -1.1549e+00 -1.8588e+00 +2.0759e+00 +2.7075e+00 +2.2486e+00 -3.3714e+00 -2.1825e-01 +2.8084e+00 +8.6760e-01 -1.0540e+00
1033 0 +2.702784864e+00 -1.629772151e+02 -1.629772151e+02 -7.5219e-01 -1.5123e+00 +1.9613e+00 +2.6354e+00 +1.7275e+00 -3.4869e+00 -5.9586e-01 +2.4355e+00 +5.8347e-01 -1.2354e+00
1037 0 +2.337116717e+00 -1.633428833e+02 -1.633428833e+02 -1.2159e+00 -3.4113e-02 +8.3286e-01 +1.1606e+00 +1.8654e+00 -2.9005e+00 +5.3883e-01 +2.7979e+00 +6.4782e-01 -4.3631e-01
1128 0 +2.129898912e+00 -1.635501011e+02 -1.635501011e+02 -7.8909e-01 -8.6585e-01 +2.1951e+00 +2.3933e+00 +2.4009e+00 -3.2827e+00 +6.3670e-01 +3.3442e+00 +1.0425e+00 -1.1920e+00
1182 0 +1.851309134e+00 -1.638286909e+02 -1.638286909e+02 -5.6932e-01 -1.0636e+00 +1.8993e+00 +1.9436e+00 +2.3055e+00 -3.9354e+00 +1.4074e-01 +3.1820e+00 +9.4991e-01 -1.2838e+00
1198 0 +1.580482651e+00 -1.640995173e+02 -1.640995173e+02 -1.2902e+00 -1.4296e+00 +1.3385e+00 +2.0456e+00 +2.2876e+00 -2.8636e+00 -2.4003e-01 +3.0774e+00 +7.8364e-01 -6.1740e-01
1282 0 +1.384482188e+00 -1.642955178e+02 -1.642955178e+02 -1.0551e+00 -6.7006e-01 +1.7939e+00 +2.1168e+00 +1.9301e+00 -3.5548e+00 +7.1231e-02 +2.9120e+00 +4.6234e-01 -4.3839e-01
1359 0 +1.182060113e+00 -1.644979399e+02 -1.644979399e+02 -1.0571e+00 -5.3353e-01 +1.6118e+00 +1.4291e+00 +1.7927e+00 -3.8079e+00 +6.6664e-01 +3.1457e+00 +9.8590e-01 -1.1407e+00
1428 0 +9.426315722e-01 -1.647373684e+02 -1.647373684e+02 -1.2971e+00 -7.9380e-01 +1.3798e+00 +2.0858e+00 +2.1154e+00 -2.7756e+00 +1.3634e-01 +3.2000e+00 +7.5534e-01 -7.9433e-01
1497 0 +8.628475493e-01 -1.648171525e+02 -1.648171525e+02 -1.0543e+00 -6.4268e-01 +1.7138e+00 +2.0183e+00 +2.1882e+00 -2.8062e+00 +6.9136e-01 +3.4556e+00 +8.0531e-01 -7.5808e-01
1533 0 +8.607609509e-01 -1.648192390e+02 -1.648192390e+02 -8.0809e-01 -3.5926e-01 +1.2720e+00 +1.6380e+00 +2.2947e+00 -2.7686e+00 +5.8879e-01 +3.2652e+00 +9.8409e-01 -6.3409e-01
1573 0 +6.275967261e-01 -1.650524033e+02 -1.650524033e+02 -1.0838e+00 -4.4737e-01 +1.7691e+00 +1.9259e+00 +2.3302e+00 -2.8399e+00 +8.2815e-01 +3.1914e+00 +9.1846e-01 -6.9732e-01
1680 0 +6.025475318e-01 -1.650774525e+02 -1.650774525e+02 -9.8710e-01 -2.1044e-01 +1.6508e+00 +1.8212e+00 +2.0609e+00 -2.6036e+00 +1.0067e+00 +3.1398e+00 +7.2925e-01 -7.3246e-01
1743 0 +5.427469953e-01 -1.651372530e+02 -1.651372530e+02 -9.6049e-01 -6.7741e-02 +1.6841e+00 +1.8599e+00 +1.7642e+00 -2.9623e+00 +7.0858e-01 +2.8634e+00 +4.6199e-01 -7.2204e-01
1808 0 +4.382609323e-01 -1.652417391e+02 -1.652417391e+02 -9.6553e-01 -2.4681e-01 +1.7326e+00 +2.0134e+00 +2.1272e+00 -2.3642e+00 +1.0231e+00 +3.0896e+00 +6.7776e-01 -7.6304e-01
1850 0 +1.961107923e-01 -1.654838892e+02 -1.654838892e+02 -8.8564e-01 -3.6115e-01 +1.4847e+00 +1.7528e+00 +1.9609e+00 -2.8715e+00 +7.3320e-01 +3.0332e+00 +6.3183e-01 -6.8352e-01
2453 0 +1.632539977e-01 -1.655167460e+02 -1.655167460e+02 -1.0020e+00 -6.2504e-01 +1.6537e+00 +1.9408e+00 +2.1346e+00 -2.9971e+00 +5.6990e-01 +3.1535e+00 +8.9279e-01 -8.5429e-01
% f evaluations | g evaluations | best noise-free fitness - Fopt (9.284000000000e+01) + sum g_i+ | measured fitness | best measured fitness or single-digit g-values | x1 | x2...
1 0 +6.994656687e+02 +7.923056687e+02 +7.923056687e+02 +5.9671e-01 -3.8264e-02 +7.4769e-01 +1.6230e+00 -1.3415e-01 -1.3414e-01 +1.6792e+00 +8.6743e-01 -3.6947e-01 +6.4256e-01
6 0 +2.740300495e+02 +3.668700495e+02 +3.668700495e+02 +4.2408e-01 -2.8508e-01 -5.7692e-01 +7.1168e-01 +1.1310e+00 +1.0313e+00 -7.3922e-01 -2.0921e-01 +4.3126e-01 +1.0755e+00
12 0 +1.218396362e+02 +2.146796362e+02 +2.146796362e+02 -1.8188e+00 +7.3486e-02 +1.6023e-01 +2.5632e+00 -9.2361e-02 +4.0155e-01 +6.5288e-02 -1.0687e+00 +1.2428e+00 +8.5193e-01
66 0 +1.169108162e+02 +2.097508162e+02 +2.097508162e+02 -1.5578e+00 -1.9830e+00 -1.7793e+00 +1.9491e+00 +1.9929e+00 -1.4662e+00 +3.7403e+00 -1.6455e+00 +1.9608e-01 +6.5455e-02
85 0 +9.253927889e+01 +1.853792789e+02 +1.853792789e+02 -2.3485e-02 -8.2380e-01 +5.1938e-02 +1.0810e+00 +1.5579e+00 +1.1929e-01 +5.2401e-01 -3.0814e+00 +2.2257e+00 +9.8062e-02
138 0 +6.680643562e+01 +1.596464356e+02 +1.596464356e+02 +8.4606e-01 -1.0116e+00 -4.4364e+00 +2.3579e+00 +1.4728e+00 +7.7412e-01 +3.7078e-01 -4.0522e-01 +2.3239e+00 +1.3522e+00
148 0 +6.495247187e+01 +1.577924719e+02 +1.577924719e+02 -8.4183e-01 -9.8559e-02 +2.6696e-01 +6.4609e-01 -1.6747e+00 +1.8663e-01 -1.1628e+00 -1.6728e+00 +2.8858e+00 +3.2539e+00
238 0 +6.400785587e+01 +1.568478559e+02 +1.568478559e+02 +3.0817e-01 -2.5938e-01 -2.0006e+00 +2.8900e+00 +1.7961e+00 -4.7110e-03 -3.0037e-01 -3.5308e+00 +3.2402e+00 +4.7221e-01
287 0 +5.782011828e+01 +1.506601183e+02 +1.506601183e+02 +3.4301e+00 -3.2515e+00 -3.8628e+00 +2.5003e+00 +3.1653e+00 -9.0260e-01 +1.3429e+00 -3.3208e+00 -8.2530e-01 -1.1137e+00
299 0 +3.212368181e+01 +1.249636818e+02 +1.249636818e+02 +2.3815e+00 -3.1004e+00 -3.3768e+00 +7.5781e-02 +3.7263e+00 -1.8032e-01 +1.2759e+00 -1.2956e+00 +9.5542e-01 +1.5382e+00
694 0 +2.590144293e+01 +1.187414429e+02 +1.187414429e+02 +3.4786e+00 -3.4253e+00 -3.4992e+00 +1.4193e+00 +2.9861e+00 +1.3070e+00 +6.6509e-01 -2.3718e+00 -8.5990e-01 +1.6571e+00
695 0 +2.414667038e+01 +1.169866704e+02 +1.169866704e+02 +2.1498e+00 -2.6781e+00 -3.1820e+00 +2.5145e+00 +4.9679e-01 +1.7301e+00 +3.1215e+00 -1.7315e+00 +1.9437e+00 +2.6403e+00
713 0 +1.080960801e+01 +1.036496080e+02 +1.036496080e+02 +2.6603e+00 -2.2270e+00 -3.8445e+00 +1.8975e+00 +1.9804e+00 +2.4500e+00 -4.5690e-01 -3.1927e+00 +6.2040e-01 +1.4625e+00
881 0 +8.386236474e+00 +1.012262365e+02 +1.012262365e+02 +1.6609e+00 -1.7886e+00 -3.5858e+00 +8.2950e-01 +4.3969e-01 +1.6786e+00 +1.6227e+00 -2.2366e+00 +3.0726e+00 +3.2981e+00
963 0 +3.851695810e+00 +9.669169581e+01 +9.669169581e+01 +2.3496e+00 -2.3178e+00 -3.5446e+00 +5.9785e-01 +6.6597e-01 +2.6850e+00 +5.6009e-01 -2.0250e+00 +1.4593e+00 +3.8045e+00
1246 0 +3.700796495e+00 +9.654079649e+01 +9.654079649e+01 +2.0104e+00 -2.7140e+00 -3.3730e+00 -3.7422e-01 +9.0569e-01 +1.6440e+00 +1.3542e+00 -1.1391e+00 +1.7195e+00 +4.3375e+00
1392 0 +3.515386985e+00 +9.635538698e+01 +9.635538698e+01 +1.6072e+00 -1.8218e+00 -3.7681e+00 +7.6209e-01 +8.1408e-02 +2.5993e+00 +1.8296e+00 -1.3441e+00 +3.3893e+00 +3.8010e+00
1483 0 +2.630083816e+00 +9.547008382e+01 +9.547008382e+01 +1.6064e+00 -1.9030e+00 -3.2812e+00 +1.0063e+00 +1.1747e-01 +2.8079e+00 +8.6917e-01 -1.2337e+00 +3.0585e+00 +4.1320e+00
1505 0 +2.557318703e+00 +9.539731870e+01 +9.539731870e+01 +1.6271e+00 -1.5096e+00 -3.0035e+00 +3.5013e-01 -1.5254e-01 +3.1178e+00 +3.3394e-01 -1.4399e+00 +3.0815e+00 +4.4867e+00
1557 0 +1.827892254e+00 +9.466789225e+01 +9.466789225e+01 +2.2385e+00 -2.0446e+00 -3.5491e+00 +3.6659e-01 +4.7900e-01 +2.4774e+00 -3.3991e-01 -2.0543e+00 +1.8732e+00 +3.6937e+00
1716 0 +1.058008582e+00 +9.389800858e+01 +9.389800858e+01 +2.1485e+00 -2.0912e+00 -3.5247e+00 +8.7395e-01 +5.8831e-01 +2.8689e+00 +7.0793e-01 -1.8091e+00 +2.1365e+00 +3.6499e+00
1920 0 +9.307452200e-01 +9.377074522e+01 +9.377074522e+01 +1.4720e+00 -2.0099e+00 -3.1780e+00 +1.1406e+00 -1.8233e-01 +2.6424e+00 +1.0054e+00 -1.3131e+00 +2.4666e+00 +4.0113e+00
2064 0 +8.225269201e-01 +9.366252692e+01 +9.366252692e+01 +1.8920e+00 -1.7815e+00 -3.5124e+00 +1.1968e+00 +4.5897e-01 +2.4184e+00 +9.5265e-01 -2.0308e+00 +2.5693e+00 +3.2138e+00
2071 0 +7.450939177e-01 +9.358509392e+01 +9.358509392e+01 +1.8371e+00 -1.7445e+00 -3.4189e+00 +8.2885e-01 +3.2594e-01 +2.5903e+00 +8.4393e-01 -1.5860e+00 +2.7162e+00 +3.7822e+00
2101 0 +4.424784061e-01 +9.328247841e+01 +9.328247841e+01 +1.8856e+00 -2.0212e+00 -3.5358e+00 +9.0561e-01 +3.6607e-01 +2.5475e+00 +1.2318e+00 -1.3371e+00 +2.6922e+00 +3.8302e+00
2179 0 +3.429962700e-01 +9.318299627e+01 +9.318299627e+01 +2.0926e+00 -2.2307e+00 -3.3799e+00 +7.8454e-01 +2.1645e-01 +2.9553e+00 +8.8259e-01 -1.4861e+00 +2.1575e+00 +4.1419e+00
2245 0 +2.429808313e-01 +9.308298083e+01 +9.308298083e+01 +1.8971e+00 -1.9219e+00 -3.4983e+00 +1.0327e+00 +1.8678e-01 +2.8502e+00 +8.0143e-01 -1.4697e+00 +2.5864e+00 +3.8600e+00
2409 0 +1.938768861e-01 +9.303387689e+01 +9.303387689e+01 +1.8042e+00 -2.0290e+00 -3.5476e+00 +9.1231e-01 +3.9956e-01 +2.4754e+00 +1.1768e+00 -1.4576e+00 +2.4149e+00 +3.7882e+00
2431 0 +1.483596666e-01 +9.298835967e+01 +9.298835967e+01 +1.7654e+00 -1.9082e+00 -3.3695e+00 +9.7297e-01 +1.1888e-01 +2.7586e+00 +8.2489e-01 -1.6671e+00 +2.4832e+00 +3.8083e+00
2489 0 +9.520799209e-02 +9.293520799e+01 +9.293520799e+01 +1.8942e+00 -1.9872e+00 -3.5257e+00 +9.4143e-01 +1.5825e-01 +2.8253e+00 +6.7943e-01 -1.6289e+00 +2.3901e+00 +3.8565e+00
% f evaluations | g evaluations | best noise-free fitness - Fopt (-3.679200000000e+02) + sum g_i+ | measured fitness | best measured fitness or single-digit g-values | x1 | x2...
1 0 +8.578310588e+01 -2.821368941e+02 -2.821368941e+02 +5.9671e-01 -3.8264e-02 +7.4769e-01 +1.6230e+00 -1.3415e-01 -1.3414e-01 +1.6792e+00 +8.6743e-01 -3.6947e-01 +6.4256e-01
9 0 +5.434531151e+01 -3.135746885e+02 -3.135746885e+02 -1.1967e-01 +4.5711e-01 +1.5779e+00 -4.1827e-01 -7.0849e-01 -4.0176e-01 +1.0154e+00 +4.2875e-01 -4.2976e-01 +6.1327e-01
64 0 +5.160986833e+01 -3.163101317e+02 -3.163101317e+02 +1.1317e+00 -2.5992e+00 +2.4367e+00 +9.6180e-01 +1.6022e+00 -1.0863e+00 +1.2730e+00 -1.6990e-01 +2.9415e-01 +6.4469e-01
75 0 +5.034710277e+01 -3.175728972e+02 -3.175728972e+02 +2.0741e+00 -1.4641e+00 +8.6562e-01 -6.1759e-01 +1.2832e+00 -3.2179e-01 +1.5839e+00 -2.7018e-01 -7.9759e-01 -1.2467e+00
106 0 +4.773311549e+01 -3.201868845e+02 -3.201868845e+02 +1.0001e+00 -5.6595e-01 +1.7884e+00 -1.5164e+00 -2.7490e-01 +6.1352e-01 +1.8902e+00 +1.9555e-01 -2.0006e-01 +9.4337e-01
131 0 +4.467349313e+01 -3.232465069e+02 -3.232465069e+02 +9.0105e-01 -9.9139e-01 +1.3400e-01 -9.2033e-01 -2.2673e-01 -1.2148e-01 +6.0090e-01 -1.2362e+00 +1.6606e-01 +1.5185e+00
132 0 +4.031065203e+01 -3.276093480e+02 -3.276093480e+02 +1.2877e+00 -6.8773e-02 +7.9676e-01 -1.1497e+00 +1.9712e-01 -1.9879e+00 +2.1290e+00 +7.6798e-01 -1.1763e+00 +5.5132e-01
137 0 +3.312427019e+01 -3.347957298e+02 -3.347957298e+02 +1.2239e+00 -1.6289e+00 +8.2620e-01 +7.7866e-01 +1.1573e+00 -1.2491e+00 +2.3344e+00 -1.2284e+00 -9.6916e-01 +7.1625e-01
169 0 +1.763363322e+01 -3.502863668e+02 -3.502863668e+02 +1.0536e+00 -7.1781e-01 +1.8445e+00 +6.1574e-01 -8.4368e-01 -5.3566e-01 +2.5547e+00 -5.3602e-01 +6.7888e-01 -3.3066e-01
190 0 +1.722316596e+01 -3.506968340e+02 -3.506968340e+02 +2.1410e-01 -5.3048e-01 +2.7569e+00 +1.2110e+00 +1.0037e+00 +5.2709e-01 +2.1383e+00 +6.6902e-02 -3.3536e-01 +8.1702e-01
218 0 +1.636280649e+01 -3.515571935e+02 -3.515571935e+02 +2.6164e-01 -3.2134e-01 +2.3363e+00 -8.2213e-01 +1.9030e+00 -1.0486e-01 +1.8682e+00 +2.0925e+00 -1.1379e+00 +1.7244e-01
663 0 +1.101685155e+01 -3.569031484e+02 -3.569031484e+02 +1.5765e+00 -3.8638e-01 +1.3526e+00 -2.7691e-01 +1.3424e+00 -1.2955e+00 +2.4748e+00 +2.1860e+00 -1.4908e+00 +3.7528e-02
732 0 +8.036632159e+00 -3.598833678e+02 -3.598833678e+02 +1.4041e+00 +1.4315e-01 +3.3736e+00 +4.3998e-01 +8.1859e-01 -6.5343e-01 +2.9012e+00 +9.8349e-01 +4.4688e-02 -4.8520e-01
737 0 +7.421715965e+00 -3.604982840e+02 -3.604982840e+02 +1.2353e+00 -3.2178e-01 +2.4425e+00 +4.7825e-01 +1.1816e+00 -9.8187e-01 +2.4793e+00 +2.0658e+00 -3.3000e-01 +2.0108e-01
856 0 +5.380682103e+00 -3.625393179e+02 -3.625393179e+02 +9.0878e-01 -1.8163e-01 +2.5752e+00 +1.3667e-01 +9.6576e-01 -9.9899e-01 +2.2990e+00 +2.5667e+00 -1.4657e+00 +8.2407e-01
921 0 +2.147891640e+00 -3.657721084e+02 -3.657721084e+02 +5.3512e-01 -2.2456e-01 +2.7205e+00 +2.3776e-01 +5.1827e-01 -3.3530e-01 +2.5501e+00 +2.0999e+00 -8.8351e-01 -2.5955e-01
1056 0 +1.610713808e+00 -3.663092862e+02 -3.663092862e+02 +6.3997e-01 -2.7531e-01 +2.3022e+00 +6.0177e-01 +7.5569e-01 -1.3936e+00 +2.7393e+00 +3.3110e+00 -1.5480e+00 -2.4724e-01
1174 0 +1.290590313e+00 -3.666294097e+02 -3.666294097e+02 +7.3681e-01 -5.5902e-01 +2.5708e+00 +5.3353e-01 +5.1811e-01 -1.1937e+00 +3.0248e+00 +3.4553e+00 -1.9626e+00 -4.0827e-01
1429 0 +1.187636615e+00 -3.667323634e+02 -3.667323634e+02 +8.4979e-01 -1.1883e+00 +2.0175e+00 +1.0595e+00 +7.9950e-01 -1.3007e+00 +2.6520e+00 +2.4135e+00 -1.4640e+00 -3.5365e-01
1512 0 +9.825987693e-01 -3.669374012e+02 -3.669374012e+02 +9.7849e-01 -7.1403e-01 +2.2665e+00 +7.9091e-01 +7.6327e-01 -1.1612e+00 +2.7939e+00 +1.8431e+00 -8.6237e-01 -4.0902e-01
1588 0 +8.634075920e-01 -3.670565924e+02 -3.670565924e+02 +8.9016e-01 -7.0043e-01 +2.5628e+00 +6.5035e-01 +6.4838e-01 -9.8720e-01 +2.7518e+00 +2.7169e+00 -1.2633e+00 -4.6752e-01
1653 0 +8.002067001e-01 -3.671197933e+02 -3.671197933e+02 +9.1073e-01 -7.9058e-01 +2.3377e+00 +9.4195e-01 +8.2465e-01 -1.1089e+00 +2.8416e+00 +2.1560e+00 -1.1599e+00 -3.1363e-01
1659 0 +6.646523086e-01 -3.672553477e+02 -3.672553477e+02 +7.5957e-01 -4.8177e-01 +2.7049e+00 +6.9735e-01 +5.9370e-01 -1.4406e+00 +3.2309e+00 +3.6993e+00 -1.7003e+00 -4.4990e-01
1696 0 +6.271183508e-01 -3.672928816e+02 -3.672928816e+02 +9.4703e-01 -7.6511e-01 +2.0998e+00 +7.3148e-01 +7.9286e-01 -1.2322e+00 +2.6863e+00 +2.1840e+00 -1.3476e+00 -1.7743e-01
1721 0 +5.973274840e-01 -3.673226725e+02 -3.673226725e+02 +8.2307e-01 -7.0603e-01 +2.3561e+00 +7.4083e-01 +9.6746e-01 -1.2353e+00 +2.9017e+00 +2.8463e+00 -1.5204e+00 -2.6216e-01
1753 0 +5.574984608e-01 -3.673625015e+02 -3.673625015e+02 +7.4775e-01 -7.8903e-01 +2.3050e+00 +1.0022e+00 +7.1592e-01 -1.4989e+00 +2.9452e+00 +2.7988e+00 -1.4937e+00 -1.8492e-01
1770 0 +3.924231182e-01 -3.675275769e+02 -3.675275769e+02 +8.4368e-01 -7.7571e-01 +2.5293e+00 +7.4739e-01 +7.5030e-01 -1.1733e+00 +2.7081e+00 +2.7000e+00 -1.5780e+00 -2.8586e-01
1777 0 +2.788989359e-01 -3.676411011e+02 -3.676411011e+02 +8.5247e-01 -4.2583e-01 +2.4666e+00 +5.5526e-01 +5.3634e-01 -1.2616e+00 +2.8252e+00 +2.9152e+00 -1.5180e+00 -3.3189e-01
1784 0 +1.868766014e-01 -3.677331234e+02 -3.677331234e+02 +8.7490e-01 -7.4634e-01 +2.4078e+00 +7.5547e-01 +6.7738e-01 -1.2049e+00 +2.8744e+00 +2.6400e+00 -1.4724e+00 -3.7279e-01
1844 0 +1.119981298e-01 -3.678080019e+02 -3.678080019e+02 +8.6527e-01 -6.1589e-01 +2.4518e+00 +6.6864e-01 +7.4953e-01 -1.2883e+00 +2.7781e+00 +2.8033e+00 -1.3942e+00 -2.1171e-01
2191 0 +1.101603893e-01 -3.678098396e+02 -3.678098396e+02 +9.1597e-01 -6.9884e-01 +2.3490e+00 +7.1128e-01 +8.0801e-01 -1.4022e+00 +2.8777e+00 +2.6788e+00 -1.3635e+00 -3.8392e-01
2280 0 +9.315195395e-02 -3.678268480e+02 -3.678268480e+02 +7.9528e-01 -8.5494e-01 +2.2905e+00 +8.4258e-01 +9.8264e-01 -1.3642e+00 +2.8036e+00 +2.6061e+00 -1.5352e+00 -3.0729e-01
2292 0 +8.934815624e-02 -3.678306518e+02 -3.678306518e+02 +7.9481e-01 -6.3185e-01 +2.4478e+00 +6.2965e-01 +6.4231e-01 -1.1579e+00 +2.8160e+00 +2.8034e+00 -1.4004e+00 -3.8018e-01
2421 0 +8.529831499e-02 -3.678347017e+02 -3.678347017e+02 +7.8459e-01 -9.2635e-01 +2.3642e+00 +9.9762e-01 +6.4895e-01 -1.2370e+00 +2.8322e+00 +2.4404e+00 -1.5120e+00 -3.4628e-01
2472 0 +7.852836067e-02 -3.678414716e+02 -3.678414716e+02 +8.7592e-01 -8.8398e-01 +2.2826e+00 +8.8250e-01 +8.9320e-01 -1.3852e+00 +2.8262e+00 +2.5440e+00 -1.4898e+00 -3.1906e-01
2498 0 +5.831088956e-02 -3.678616891e+02 -3.678616891e+02 +8.8181e-01 -8.8015e-01 +2.3797e+00 +9.1600e-01 +8.2651e-01 -1.3508e+00 +2.8663e+00 +2.4634e+00 -1.4073e+00 -3.2974e-01
