% f evaluations | g evaluations | best noise-free fitness - Fopt (-1.000000000000e+03) + sum g_i+ | measured fitness | best measured fitness or single-digit g-values | x1 | x2...
1 0 +7.125699810e+01 -9.287430019e+02 -9.287430019e+02 +5.9671e-01 -3.8264e-02 +7.4769e-01 +1.6230e+00 -1.3415e-01 -1.3414e-01 +1.6792e+00 +8.6743e-01 -3.6947e-01 +6.4256e-01
6 0 +7.105190837e+01 -9.289480916e+02 -9.289480916e+02 +4.2408e-01 -2.8508e-01 -5.7692e-01 +7.1168e-01 +1.1310e+00 +1.0313e+00 -7.3922e-01 -2.0921e-01 +4.3126e-01 +1.0755e+00
30 0 +6.737530124e+01 -9.326246988e+02 -9.326246988e+02 -1.0812e-01 -3.9300e-01 -4.8936e-01 +9.4960e-01 +4.5702e-01 -5.9291e-01 +9.9960e-01 +4.0730e-01 +9.1286e-01 +7.2963e-01
38 0 +5.293221165e+01 -9.470677884e+02 -9.470677884e+02 +1.2451e-01 +5.9800e-01 +1.5511e+00 +1.0593e+00 +2.2532e+00 -6.6735e-01 +9.7232e-01 +2.8334e-01 +2.2898e+00 -7.0830e-01
51 0 +4.454830289e+01 -9.554516971e+02 -9.554516971e+02 -8.4884e-01 -1.0326e+00 +6.4111e-01 +1.6098e+00 +1.8107e+00 -9.8635e-01 +2.3285e-02 +1.4472e+00 +2.9898e+00 -6.9057e-01
52 0 +4.424662098e+01 -9.557533790e+02 -9.557533790e+02 +5.1778e-01 -6.9413e-01 +1.5994e+00 +5.6076e-01 +2.3435e+00 -1.2123e+00 +1.7390e+00 +1.2003e+00 +3.0241e+00 +3.7168e-01
56 0 +3.588816660e+01 -9.641118334e+02 -9.641118334e+02 -5.8314e-01 +1.5191e+00 -8.6062e-01 +2.6423e+00 +2.2112e+00 +3.7413e-01 -7.1806e-02 +1.3341e+00 +1.9675e+00 +7.2729e-02
64 0 +3.467697369e+01 -9.653230263e+02 -9.653230263e+02 -6.1141e-01 +8.5512e-01 -1.3790e+00 +1.8346e+00 +3.2775e+00 -3.6926e-01 -4.7341e-01 +2.2331e+00 +2.5165e+00 +2.0831e+00
69 0 +2.829468373e+01 -9.717053163e+02 -9.717053163e+02 +2.4521e+00 -2.1255e-01 -1.3880e+00 +2.4051e+00 +3.5515e+00 +7.1846e-01 +3.3028e-01 +7.2747e-01 +3.2635e+00 +1.0145e+00
101 0 +2.077293699e+01 -9.792270630e+02 -9.792270630e+02 +3.1551e-01 +2.1173e+00 -8.6484e-01 +3.5015e+00 +2.6195e+00 -1.8868e+00 +1.0696e+00 +1.9585e+00 +3.9000e+00 +2.2066e+00
251 0 +1.368207279e+01 -9.863179272e+02 -9.863179272e+02 -1.9378e-01 +9.8300e-01 +8.0239e-01 +3.9912e+00 +4.6749e+00 -2.1575e+00 +1.5316e+00 +3.1347e+00 +2.5597e+00 +5.6857e-01
252 0 +9.114145222e+00 -9.908858548e+02 -9.908858548e+02 +3.9671e-01 +4.1052e-01 +1.0006e+00 +2.9882e+00 +2.5811e+00 -1.8885e+00 +8.3634e-01 +2.1022e+00 +3.0346e+00 +2.0671e+00
301 0 +8.330886234e+00 -9.916691138e+02 -9.916691138e+02 +3.4548e-01 +3.2158e-01 +7.9387e-01 +3.0055e+00 +2.5787e+00 -3.0079e-01 +1.2433e+00 +2.1895e+00 +3.7587e+00 +1.8581e+00
303 0 +7.745885294e+00 -9.922541147e+02 -9.922541147e+02 +1.1540e+00 +4.8371e-01 +3.7727e-02 +3.7939e+00 +3.2685e+00 -1.5530e+00 +8.5501e-01 +1.7623e+00 +2.2434e+00 +6.5461e-01
401 0 +4.045633555e+00 -9.959543664e+02 -9.959543664e+02 +6.0897e-01 +3.4503e-01 +8.3564e-01 +3.6537e+00 +3.8640e+00 -9.6509e-01 +1.0543e+00 +1.9789e+00 +3.9267e+00 +7.1364e-01
501 0 +3.629189025e+00 -9.963708110e+02 -9.963708110e+02 +1.1172e+00 +8.5702e-01 +4.9481e-01 +3.9774e+00 +3.9084e+00 -1.2057e+00 +1.2973e+00 +2.8585e+00 +2.9750e+00 +1.1133e+00
551 0 +2.650726215e+00 -9.973492738e+02 -9.973492738e+02 +1.1526e+00 +4.3127e-01 +6.4282e-01 +3.4712e+00 +3.4245e+00 -9.6376e-01 +6.3823e-01 +2.0847e+00 +3.3202e+00 +1.5215e+00
601 0 +2.179583439e+00 -9.978204166e+02 -9.978204166e+02 +8.1262e-01 +3.1713e-01 +7.6983e-02 +3.6129e+00 +3.2600e+00 -1.1027e+00 +8.1076e-01 +2.4295e+00 +3.1484e+00 +1.2404e+00
651 0 +2.056728060e+00 -9.979432719e+02 -9.979432719e+02 +1.4162e+00 +1.1295e-01 +2.5390e-01 +3.6843e+00 +4.0280e+00 -1.0291e+00 +1.2928e+00 +2.4937e+00 +3.8134e+00 +1.1185e+00
801 0 +2.013030636e+00 -9.979869694e+02 -9.979869694e+02 +1.2410e+00 +2.2299e-01 +7.0423e-02 +3.3728e+00 +3.5180e+00 -1.3490e+00 +1.0213e+00 +2.6737e+00 +4.0398e+00 +1.2381e+00
802 0 +2.011275304e+00 -9.979887247e+02 -9.979887247e+02 +1.1813e+00 +1.1915e-01 +1.0608e-01 +3.6091e+00 +3.4923e+00 -1.2506e+00 +8.8736e-01 +2.5474e+00 +3.8746e+00 +9.8131e-01
851 0 +1.997863151e+00 -9.980021368e+02 -9.980021368e+02 +1.0944e+00 +2.5298e-01 +7.1448e-02 +3.6769e+00 +3.6390e+00 -1.2731e+00 +1.2557e+00 +2.6360e+00 +3.6313e+00 +1.1332e+00
902 0 +1.995184996e+00 -9.980048150e+02 -9.980048150e+02 +1.1257e+00 +4.8104e-01 +7.2753e-02 +3.5370e+00 +3.6421e+00 -1.2783e+00 +1.1621e+00 +2.7902e+00 +3.8229e+00 +9.9858e-01
908 0 +1.986596505e+00 -9.980134035e+02 -9.980134035e+02 +1.1146e+00 +2.8226e-01 +2.5579e-01 +3.6028e+00 +3.8529e+00 -1.0856e+00 +1.0053e+00 +2.5350e+00 +3.6641e+00 +1.0098e+00
914 0 +1.984068033e+00 -9.980159320e+02 -9.980159320e+02 +9.9335e-01 +3.1562e-01 +1.3731e-01 +3.3348e+00 +3.6451e+00 -1.2466e+00 +8.8311e-01 +2.6800e+00 +3.7740e+00 +1.1071e+00
957 0 +1.981948906e+00 -9.980180511e+02 -9.980180511e+02 +1.2799e+00 +4.4900e-01 +1.5429e-01 +3.3995e+00 +3.5026e+00 -1.1593e+00 +9.0626e-01 +2.6162e+00 +3.6663e+00 +1.0362e+00
958 0 +1.974517110e+00 -9.980254829e+02 -9.980254829e+02 +1.1935e+00 +4.3822e-01 +1.5059e-01 +3.3531e+00 +3.6678e+00 -1.2368e+00 +9.7716e-01 +2.6497e+00 +3.8025e+00 +1.0844e+00
1001 0 +1.971024084e+00 -9.980289759e+02 -9.980289759e+02 +1.1604e+00 +3.8172e-01 +5.0701e-02 +3.3809e+00 +3.7471e+00 -1.1728e+00 +9.8065e-01 +2.6674e+00 +3.5937e+00 +1.0657e+00
1002 0 +1.969913378e+00 -9.980300866e+02 -9.980300866e+02 +1.1208e+00 +2.7146e-01 +1.6323e-01 +3.3998e+00 +3.6758e+00 -1.1635e+00 +1.0496e+00 +2.6144e+00 +3.5261e+00 +1.1632e+00
1101 0 +1.964693037e+00 -9.980353070e+02 -9.980353070e+02 +1.0703e+00 +2.8123e-01 +2.1587e-01 +3.4251e+00 +3.6152e+00 -1.1933e+00 +1.0377e+00 +2.6306e+00 +3.6375e+00 +1.0822e+00
1151 0 +1.960551062e+00 -9.980394489e+02 -9.980394489e+02 +1.1349e+00 +3.8546e-01 +1.3369e-01 +3.5210e+00 +3.6827e+00 -1.1797e+00 +1.0432e+00 +2.6403e+00 +3.6707e+00 +1.1129e+00
1251 0 +1.958033386e+00 -9.980419666e+02 -9.980419666e+02 +1.1922e+00 +3.3843e-01 +1.5784e-01 +3.5144e+00 +3.6760e+00 -1.1972e+00 +9.9504e-01 +2.6218e+00 +3.7319e+00 +1.1219e+00
1301 0 +1.957168413e+00 -9.980428316e+02 -9.980428316e+02 +1.1775e+00 +2.9135e-01 +1.5180e-01 +3.4804e+00 +3.6960e+00 -1.1165e+00 +1.0167e+00 +2.6105e+00 +3.6381e+00 +1.1212e+00
1351 0 +1.957111139e+00 -9.980428889e+02 -9.980428889e+02 +1.1906e+00 +2.9142e-01 +1.5329e-01 +3.4895e+00 +3.6314e+00 -1.1674e+00 +1.0063e+00 +2.5894e+00 +3.6616e+00 +1.1453e+00
1401 0 +1.956133009e+00 -9.980438670e+02 -9.980438670e+02 +1.1755e+00 +3.3614e-01 +1.6666e-01 +3.4702e+00 +3.6952e+00 -1.1305e+00 +9.9441e-01 +2.6301e+00 +3.7040e+00 +1.1159e+00
1451 0 +1.955971644e+00 -9.980440284e+02 -9.980440284e+02 +1.1670e+00 +3.1613e-01 +1.4570e-01 +3.4682e+00 +3.6626e+00 -1.1347e+00 +9.8958e-01 +2.6371e+00 +3.7191e+00 +1.1060e+00
1501 0 +1.955481400e+00 -9.980445186e+02 -9.980445186e+02 +1.1828e+00 +2.9786e-01 +1.4130e-01 +3.4858e+00 +3.6770e+00 -1.1532e+00 +9.8954e-01 +2.6045e+00 +3.6964e+00 +1.1122e+00
1502 0 +1.955470990e+00 -9.980445290e+02 -9.980445290e+02 +1.1883e+00 +3.1401e-01 +1.4755e-01 +3.4730e+00 +3.6722e+00 -1.1757e+00 +9.9641e-01 +2.6267e+00 +3.7051e+00 +1.1244e+00
1551 0 +1.955309814e+00 -9.980446902e+02 -9.980446902e+02 +1.1736e+00 +2.9864e-01 +1.3526e-01 +3.4756e+00 +3.6903e+00 -1.1684e+00 +1.0012e+00 +2.6122e+00 +3.6920e+00 +1.1360e+00
1601 0 +1.955217969e+00 -9.980447820e+02 -9.980447820e+02 +1.1608e+00 +2.8792e-01 +1.3845e-01 +3.4762e+00 +3.6708e+00 -1.1608e+00 +9.9296e-01 +2.6238e+00 +3.6826e+00 +1.1264e+00
1651 0 +1.955132085e+00 -9.980448679e+02 -9.980448679e+02 +1.1611e+00 +3.0746e-01 +1.4493e-01 +3.4655e+00 +3.6789e+00 -1.1585e+00 +9.9971e-01 +2.6130e+00 +3.6954e+00 +1.1254e+00
1701 0 +1.955021372e+00 -9.980449786e+02 -9.980449786e+02 +1.1663e+00 +3.0245e-01 +1.4769e-01 +3.4694e+00 +3.6756e+00 -1.1554e+00 +9.9122e-01 +2.6186e+00 +3.6874e+00 +1.1300e+00
1851 0 +1.955019181e+00 -9.980449808e+02 -9.980449808e+02 +1.1672e+00 +3.0757e-01 +1.4598e-01 +3.4702e+00 +3.6735e+00 -1.1511e+00 +9.9099e-01 +2.6151e+00 +3.6833e+00 +1.1241e+00
2051 0 +1.955005240e+00 -9.980449948e+02 -9.980449948e+02 +1.1679e+00 +3.0684e-01 +1.4770e-01 +3.4729e+00 +3.6731e+00 -1.1576e+00 +9.9149e-01 +2.6203e+00 +3.6880e+00 +1.1245e+00
% f evaluations | g evaluations | best noise-free fitness - Fopt (1.000000000000e+03) + sum g_i+ | measured fitness | best measured fitness or single-digit g-values | x1 | x2...
1 0 +8.057463111e+01 +1.080574631e+03 +1.080574631e+03 +5.9671e-01 -3.8264e-02 +7.4769e-01 +1.6230e+00 -1.3415e-01 -1.3414e-01 +1.6792e+00 +8.6743e-01 -3.6947e-01 +6.4256e-01
2 0 +7.874391375e+01 +1.078743914e+03 +1.078743914e+03 -3.6342e-01 -3.6573e-01 +3.4196e-01 -1.8133e+00 -1.6249e+00 -4.6229e-01 -9.1283e-01 +4.1425e-01 -8.0802e-01 -1.3123e+00
4 0 +7.827089646e+01 +1.078270896e+03 +1.078270896e+03 -5.0171e-01 +1.9523e+00 +8.6503e-02 -9.5771e-01 +9.2254e-01 -1.1208e+00 +3.0886e-01 -1.8597e+00 -1.2282e+00 +2.9686e-01
7 0 +7.728644497e+01 +1.077286445e+03 +1.077286445e+03 -3.7917e-01 -8.5659e-02 -1.0063e+00 -1.0962e+00 +9.1253e-01 +1.4562e+00 +2.7990e-02 +1.1035e+00 +4.6164e-01 -5.4512e-01
9 0 +7.573061017e+01 +1.075730610e+03 +1.075730610e+03 -1.1967e-01 +4.5711e-01 +1.5779e+00 -4.1827e-01 -7.0849e-01 -4.0176e-01 +1.0154e+00 +4.2875e-01 -4.2976e-01 +6.1327e-01
27 0 +7.238718238e+01 +1.072387182e+03 +1.072387182e+03 -8.2693e-01 +4.0475e-02 -3.1413e+00 -9.2439e-01 -1.5257e-01 -1.1478e+00 +1.7324e+00 -1.3301e+00 -3.4004e-01 +2.3074e-01
51 0 +5.300542300e+01 +1.053005423e+03 +1.053005423e+03 -1.6536e-02 +1.9674e+00 -3.7285e+00 -2.1286e+00 -2.7511e-02 +1.4517e+00 +1.9288e+00 +8.5789e-01 +1.9075e-01 +5.8357e-01
106 0 +3.234163908e+01 +1.032341639e+03 +1.032341639e+03 -4.1484e+00 +2.6334e+00 -4.4666e+00 -1.7246e+00 +7.0835e-01 -4.4874e-02 +1.6645e+00 +1.9654e+00 -5.6353e-02 -2.5527e+00
109 0 +2.531448134e+01 +1.025314481e+03 +1.025314481e+03 -9.2662e-01 +3.5628e+00 -4.8765e+00 -9.3734e-01 -2.4586e+00 -3.4084e-01 +2.1838e+00 -7.4698e-01 -3.0063e+00 -1.5073e+00
112 0 +1.230173549e+01 +1.012301735e+03 +1.012301735e+03 -1.7635e+00 +3.3639e+00 -4.5160e+00 -2.0643e+00 -1.0633e+00 -1.1496e-01 +2.2806e+00 -1.7027e-01 -1.3431e+00 -1.8442e+00
402 0 +1.020263598e+01 +1.010202636e+03 +1.010202636e+03 -1.8141e+00 +3.4902e+00 -3.9883e+00 -2.6457e+00 -1.6391e+00 +9.1993e-01 +1.1002e+00 +7.0880e-01 -3.4444e+00 -3.2417e+00
451 0 +9.114228341e+00 +1.009114228e+03 +1.009114228e+03 -1.6484e+00 +2.6316e+00 -4.1700e+00 -8.1939e-01 +8.7035e-01 +1.4732e+00 +1.8591e+00 +9.8510e-01 -2.4079e+00 -3.2133e+00
501 0 +5.569370460e+00 +1.005569370e+03 +1.005569370e+03 -2.0004e+00 +2.8668e+00 -4.2689e+00 -2.1954e+00 +4.1611e-02 +1.2707e+00 +1.9532e+00 +7.3644e-01 -2.2668e+00 -1.3685e+00
502 0 +4.283978416e+00 +1.004283978e+03 +1.004283978e+03 -2.1723e+00 +3.8930e+00 -4.6743e+00 -1.9329e+00 +3.9337e-01 +6.6530e-01 +1.9998e+00 +6.6978e-01 -2.8076e+00 -2.1738e+00
601 0 +2.609469694e+00 +1.002609470e+03 +1.002609470e+03 -2.0251e+00 +3.6336e+00 -4.7147e+00 -1.7528e+00 -3.7187e-01 +1.1053e+00 +1.4370e+00 +3.3371e-02 -2.8462e+00 -1.8617e+00
701 0 +2.233338393e+00 +1.002233338e+03 +1.002233338e+03 -1.9441e+00 +3.4402e+00 -4.5557e+00 -1.6274e+00 +1.8290e-01 +1.0969e+00 +1.3190e+00 +4.7257e-01 -2.3351e+00 -2.9902e+00
751 0 +2.057832674e+00 +1.002057833e+03 +1.002057833e+03 -2.6061e+00 +3.7424e+00 -4.7236e+00 -1.9245e+00 -2.0624e-01 +1.1429e+00 +1.2973e+00 +4.7742e-01 -2.7564e+00 -2.6196e+00
801 0 +2.032842769e+00 +1.002032843e+03 +1.002032843e+03 -2.1349e+00 +3.4407e+00 -4.6855e+00 -1.8008e+00 -2.3727e-01 +1.2440e+00 +1.5856e+00 +5.2106e-01 -2.8605e+00 -2.6897e+00
804 0 +2.015659874e+00 +1.002015660e+03 +1.002015660e+03 -2.4784e+00 +3.4743e+00 -4.5556e+00 -2.1302e+00 -8.4324e-02 +8.5705e-01 +1.3280e+00 +1.8486e-01 -3.0716e+00 -2.9047e+00
909 0 +2.014140428e+00 +1.002014140e+03 +1.002014140e+03 -2.2401e+00 +3.3808e+00 -4.6013e+00 -1.9696e+00 -3.6667e-01 +8.1354e-01 +1.3640e+00 +4.8999e-01 -2.6262e+00 -2.2628e+00
934 0 +2.003769940e+00 +1.002003770e+03 +1.002003770e+03 -2.4192e+00 +3.4678e+00 -4.7604e+00 -2.1086e+00 -4.1444e-01 +8.5044e-01 +1.2870e+00 +5.4889e-01 -2.7219e+00 -2.6018e+00
955 0 +2.000267967e+00 +1.002000268e+03 +1.002000268e+03 -2.3517e+00 +3.4320e+00 -4.9036e+00 -1.9712e+00 -1.3605e-01 +9.6509e-01 +1.2751e+00 +4.5735e-01 -2.9908e+00 -2.8704e+00
960 0 +1.995313906e+00 +1.001995314e+03 +1.001995314e+03 -2.1723e+00 +3.2941e+00 -4.7232e+00 -2.0888e+00 -2.7232e-02 +6.7176e-01 +1.2512e+00 +5.2962e-01 -2.8901e+00 -2.6782e+00
1001 0 +1.990396581e+00 +1.001990397e+03 +1.001990397e+03 -2.3074e+00 +3.4709e+00 -4.7065e+00 -2.1586e+00 -2.0975e-01 +9.8322e-01 +1.4482e+00 +1.8826e-01 -2.8978e+00 -2.5328e+00
1004 0 +1.985496807e+00 +1.001985497e+03 +1.001985497e+03 -2.1267e+00 +3.2873e+00 -4.5844e+00 -2.1186e+00 -2.7303e-01 +9.4536e-01 +1.3986e+00 +4.1016e-01 -2.6711e+00 -2.6263e+00
1009 0 +1.984772583e+00 +1.001984773e+03 +1.001984773e+03 -2.1434e+00 +3.1876e+00 -4.5864e+00 -2.0219e+00 -1.4485e-01 +9.6508e-01 +1.4114e+00 +4.1034e-01 -2.6250e+00 -2.5512e+00
1052 0 +1.979734227e+00 +1.001979734e+03 +1.001979734e+03 -2.2007e+00 +3.4114e+00 -4.6067e+00 -1.8604e+00 -1.1074e-01 +9.1751e-01 +1.3733e+00 +2.5424e-01 -2.8958e+00 -2.8406e+00
1054 0 +1.975018480e+00 +1.001975018e+03 +1.001975018e+03 -2.3299e+00 +3.4821e+00 -4.6379e+00 -1.8775e+00 -1.4828e-01 +9.5718e-01 +1.4161e+00 +3.7475e-01 -2.7787e+00 -2.6305e+00
1101 0 +1.970279869e+00 +1.001970280e+03 +1.001970280e+03 -2.0989e+00 +3.3193e+00 -4.6592e+00 -1.9738e+00 -6.9588e-02 +9.2471e-01 +1.4030e+00 +3.6744e-01 -2.8551e+00 -2.7255e+00
1105 0 +1.970252275e+00 +1.001970252e+03 +1.001970252e+03 -2.2712e+00 +3.4621e+00 -4.7653e+00 -1.9178e+00 -2.2291e-01 +9.0746e-01 +1.3342e+00 +4.4685e-01 -2.8083e+00 -2.7474e+00
1151 0 +1.960888064e+00 +1.001960888e+03 +1.001960888e+03 -2.2416e+00 +3.4307e+00 -4.6985e+00 -1.9899e+00 -1.5852e-01 +9.1582e-01 +1.3528e+00 +4.1152e-01 -2.8590e+00 -2.7165e+00
1301 0 +1.957328315e+00 +1.001957328e+03 +1.001957328e+03 -2.2322e+00 +3.4097e+00 -4.7025e+00 -1.9393e+00 -1.4391e-01 +9.0025e-01 +1.3342e+00 +3.5632e-01 -2.8005e+00 -2.7127e+00
1451 0 +1.957127736e+00 +1.001957128e+03 +1.001957128e+03 -2.2714e+00 +3.4224e+00 -4.7081e+00 -1.9997e+00 -1.2716e-01 +9.1381e-01 +1.3122e+00 +3.8028e-01 -2.7871e+00 -2.6978e+00
1501 0 +1.955744256e+00 +1.001955744e+03 +1.001955744e+03 -2.2595e+00 +3.3626e+00 -4.6829e+00 -1.9870e+00 -1.3982e-01 +8.7985e-01 +1.3321e+00 +3.5458e-01 -2.7897e+00 -2.7062e+00
1551 0 +1.955609273e+00 +1.001955609e+03 +1.001955609e+03 -2.2530e+00 +3.3856e+00 -4.7100e+00 -1.9811e+00 -1.2367e-01 +8.8222e-01 +1.3146e+00 +3.9130e-01 -2.7989e+00 -2.6799e+00
1552 0 +1.955535514e+00 +1.001955536e+03 +1.001955536e+03 -2.2491e+00 +3.3635e+00 -4.7049e+00 -1.9708e+00 -1.3034e-01 +8.6764e-01 +1.3198e+00 +3.8993e-01 -2.7650e+00 -2.6897e+00
1601 0 +1.955370303e+00 +1.001955370e+03 +1.001955370e+03 -2.2556e+00 +3.3703e+00 -4.6992e+00 -1.9820e+00 -1.2939e-01 +8.9068e-01 +1.3123e+00 +3.6988e-01 -2.7697e+00 -2.6808e+00
1651 0 +1.955227061e+00 +1.001955227e+03 +1.001955227e+03 -2.2682e+00 +3.3712e+00 -4.6927e+00 -1.9829e+00 -1.4376e-01 +8.9489e-01 +1.3352e+00 +3.7517e-01 -2.7720e+00 -2.6892e+00
1701 0 +1.955174678e+00 +1.001955175e+03 +1.001955175e+03 -2.2569e+00 +3.3686e+00 -4.7044e+00 -1.9859e+00 -1.4755e-01 +9.0659e-01 +1.3375e+00 +3.7307e-01 -2.7733e+00 -2.6689e+00
2169 0 +1.955129202e+00 +1.001955129e+03 +1.001955129e+03 -2.2490e+00 +3.3793e+00 -4.6991e+00 -1.9832e+00 -1.3620e-01 +8.9559e-01 +1.3296e+00 +3.7850e-01 -2.7851e+00 -2.6843e+00
% f evaluations | g evaluations | best noise-free fitness - Fopt (-4.913000000000e+01) + sum g_i+ | measured fitness | best measured fitness or single-digit g-values | x1 | x2...
1 0 +8.346231079e+01 +3.433231079e+01 +3.433231079e+01 +5.9671e-01 -3.8264e-02 +7.4769e-01 +1.6230e+00 -1.3415e-01 -1.3414e-01 +1.6792e+00 +8.6743e-01 -3.6947e-01 +6.4256e-01
2 0 +8.216388633e+01 +3.303388633e+01 +3.303388633e+01 -3.6342e-01 -3.6573e-01 +3.4196e-01 -1.8133e+00 -1.6249e+00 -4.6229e-01 -9.1283e-01 +4.1425e-01 -8.0802e-01 -1.3123e+00
3 0 +8.141876268e+01 +3.228876268e+01 +3.228876268e+01 +1.5656e+00 -1.2578e-01 +1.6753e-01 -1.3247e+00 -4.4438e-01 +2.1092e-01 -1.0510e+00 +4.7570e-01 -5.0064e-01 -1.9169e-01
7 0 +8.080453584e+01 +3.167453584e+01 +3.167453584e+01 -3.7917e-01 -8.5659e-02 -1.0063e+00 -1.0962e+00 +9.1253e-01 +1.4562e+00 +2.7990e-02 +1.1035e+00 +4.6164e-01 -5.4512e-01
11 0 +7.963989013e+01 +3.050989013e+01 +3.050989013e+01 -1.3154e+00 -3.2065e-01 -2.4271e-01 -7.0228e-01 -6.1286e-02 +5.0405e-01 +1.9862e+00 +2.7458e-01 +3.5755e-01 +2.5554e-02
19 0 +7.816834160e+01 +2.903834160e+01 +2.903834160e+01 +7.2567e-01 -7.5716e-01 -9.7089e-01 +5.8247e-01 -1.2346e-01 +8.1400e-01 +5.7324e-01 +2.7171e-02 -7.4679e-01 -1.4148e+00
28 0 +7.246289379e+01 +2.333289379e+01 +2.333289379e+01 +1.5413e+00 -1.3359e+00 +1.2632e+00 +1.1023e-01 -8.8151e-01 +5.6210e-01 +2.9906e-01 -5.0022e-01 +1.6980e-01 -2.8531e-01
53 0 +6.939274532e+01 +2.026274532e+01 +2.026274532e+01 +1.6138e+00 -2.1338e+00 -7.0948e-01 +6.9135e-01 -2.5612e+00 -3.0552e-01 +1.2821e+00 +1.7469e+00 +1.2600e+00 +2.5613e-01
57 0 +5.580645079e+01 +6.676450786e+00 +6.676450786e+00 +3.7230e+00 -4.5479e-01 +1.9434e+00 +9.2518e-01 +3.8302e-01 +4.0183e-01 +9.6448e-01 +4.6147e-01 +5.9902e-01 -5.6702e-01
124 0 +3.477179753e+01 -1.435820247e+01 -1.435820247e+01 +2.1991e+00 -1.8650e+00 +2.0842e+00 +3.9362e-01 -6.8967e-01 +8.4455e-01 -1.5433e+00 +9.8450e-01 +9.1608e-01 +2.8299e-01
351 0 +1.150844827e+01 -3.762155173e+01 -3.762155173e+01 +3.4047e+00 -2.5395e-01 -2.7631e+00 +1.9653e-01 -2.3416e+00 -4.8203e+00 -4.0590e+00 -2.0978e+00 +1.1677e+00 +3.8423e+00
401 0 +9.030268602e+00 -4.009973140e+01 -4.009973140e+01 +4.8283e+00 +6.2078e-01 -8.9677e-01 +1.4682e-01 -4.2749e+00 -4.0973e+00 -4.4099e+00 -8.5343e-03 +1.6532e+00 +2.2574e+00
551 0 +7.857418956e+00 -4.127258104e+01 -4.127258104e+01 +4.5134e+00 +2.9933e-01 -1.2716e+00 +8.1326e-01 -2.6725e+00 -3.7413e+00 -4.6536e+00 -6.3844e-01 +5.5554e-01 +1.6299e+00
601 0 +2.352869375e+00 -4.677713062e+01 -4.677713062e+01 +4.7176e+00 -1.0605e-01 -2.6153e+00 +5.6293e-01 -3.1312e+00 -4.2878e+00 -4.1082e+00 -8.4597e-01 +1.5775e+00 +2.7811e+00
701 0 +1.919982990e+00 -4.721001701e+01 -4.721001701e+01 +4.3120e+00 +4.3574e-01 -1.9306e+00 +7.1590e-01 -2.4580e+00 -4.3069e+00 -4.9342e+00 +3.6250e-01 +1.5004e+00 +3.1210e+00
801 0 +1.412444189e+00 -4.771755581e+01 -4.771755581e+01 +4.3423e+00 +2.3019e-01 -1.8044e+00 +1.5162e-01 -3.1232e+00 -4.3925e+00 -4.6384e+00 -3.5590e-01 +1.6015e+00 +3.0868e+00
851 0 +1.387114210e+00 -4.774288579e+01 -4.774288579e+01 +4.3361e+00 -3.9146e-02 -2.2557e+00 -1.3791e-01 -2.8139e+00 -4.5699e+00 -4.3774e+00 -2.2649e-01 +1.3562e+00 +2.8841e+00
951 0 +1.368693718e+00 -4.776130628e+01 -4.776130628e+01 +4.3386e+00 +2.8016e-01 -1.7951e+00 +7.6207e-02 -2.8224e+00 -4.5939e+00 -4.5812e+00 -5.3819e-01 +1.2585e+00 +2.9502e+00
952 0 +1.274340422e+00 -4.785565958e+01 -4.785565958e+01 +4.5258e+00 +2.0525e-01 -1.7798e+00 +1.2331e-01 -2.5983e+00 -4.2038e+00 -4.7313e+00 -3.9615e-01 +1.7417e+00 +3.5011e+00
953 0 +1.117857604e+00 -4.801214240e+01 -4.801214240e+01 +4.4811e+00 +1.4514e-01 -2.1609e+00 -2.0711e-01 -2.6338e+00 -4.2285e+00 -4.3530e+00 -1.0684e-01 +1.3085e+00 +3.3414e+00
1001 0 +9.699897264e-01 -4.816001027e+01 -4.816001027e+01 +4.4547e+00 -3.2228e-03 -1.8477e+00 +6.4613e-02 -2.5392e+00 -3.9755e+00 -4.6520e+00 -3.1728e-01 +1.5315e+00 +3.0720e+00
1051 0 +8.039798506e-01 -4.832602015e+01 -4.832602015e+01 +4.3449e+00 +1.9164e-01 -2.0535e+00 +2.0088e-01 -2.4279e+00 -4.2923e+00 -4.5397e+00 -3.6085e-01 +1.3630e+00 +2.9727e+00
1101 0 +7.515446728e-01 -4.837845533e+01 -4.837845533e+01 +4.3300e+00 +2.0590e-01 -1.9050e+00 +1.4473e-01 -2.5361e+00 -4.2162e+00 -4.5677e+00 -2.4373e-01 +1.5348e+00 +3.1269e+00
1201 0 +7.065364869e-01 -4.842346351e+01 -4.842346351e+01 +4.4115e+00 +1.3412e-01 -1.9451e+00 +1.6861e-01 -2.5399e+00 -4.3208e+00 -4.6240e+00 -2.0657e-01 +1.4739e+00 +3.1155e+00
1351 0 +7.022117115e-01 -4.842778829e+01 -4.842778829e+01 +4.4737e+00 +1.3539e-01 -2.0027e+00 +1.8147e-01 -2.5142e+00 -4.2834e+00 -4.6185e+00 -2.2198e-01 +1.4804e+00 +3.1620e+00
1401 0 +6.972491296e-01 -4.843275087e+01 -4.843275087e+01 +4.4249e+00 +1.6248e-01 -2.0282e+00 +1.1057e-01 -2.5277e+00 -4.3226e+00 -4.6002e+00 -1.8847e-01 +1.4649e+00 +3.1203e+00
1501 0 +6.969315817e-01 -4.843306842e+01 -4.843306842e+01 +4.4351e+00 +2.0406e-01 -2.0289e+00 +1.6598e-01 -2.5280e+00 -4.3104e+00 -4.5954e+00 -2.2058e-01 +1.4517e+00 +3.1277e+00
1551 0 +6.954876491e-01 -4.843451235e+01 -4.843451235e+01 +4.4414e+00 +1.6447e-01 -2.0283e+00 +1.4450e-01 -2.6001e+00 -4.2950e+00 -4.5918e+00 -1.7455e-01 +1.4511e+00 +3.0985e+00
1601 0 +6.944537775e-01 -4.843554622e+01 -4.843554622e+01 +4.4848e+00 +1.8848e-01 -2.0154e+00 +1.2386e-01 -2.5759e+00 -4.2961e+00 -4.5864e+00 -2.0493e-01 +1.4511e+00 +3.1263e+00
1651 0 +6.932819461e-01 -4.843671805e+01 -4.843671805e+01 +4.4486e+00 +1.7185e-01 -2.0244e+00 +1.3889e-01 -2.5590e+00 -4.3135e+00 -4.5733e+00 -2.1683e-01 +1.4401e+00 +3.1250e+00
1751 0 +6.923637431e-01 -4.843763626e+01 -4.843763626e+01 +4.4734e+00 +1.7416e-01 -2.0230e+00 +1.5019e-01 -2.5489e+00 -4.2921e+00 -4.5807e+00 -1.9774e-01 +1.4598e+00 +3.1119e+00
1851 0 +6.922413491e-01 -4.843775865e+01 -4.843775865e+01 +4.4586e+00 +1.5601e-01 -2.0323e+00 +1.4782e-01 -2.5554e+00 -4.2949e+00 -4.5710e+00 -1.9656e-01 +1.4498e+00 +3.1100e+00
1901 0 +6.921464175e-01 -4.843785358e+01 -4.843785358e+01 +4.4685e+00 +1.6990e-01 -2.0253e+00 +1.4594e-01 -2.5535e+00 -4.2982e+00 -4.5727e+00 -1.9162e-01 +1.4474e+00 +3.1064e+00
1951 0 +6.921065271e-01 -4.843789347e+01 -4.843789347e+01 +4.4696e+00 +1.6592e-01 -2.0264e+00 +1.5466e-01 -2.5505e+00 -4.2967e+00 -4.5791e+00 -1.9432e-01 +1.4607e+00 +3.1134e+00
2001 0 +6.919116586e-01 -4.843808834e+01 -4.843808834e+01 +4.4657e+00 +1.6400e-01 -2.0275e+00 +1.5108e-01 -2.5534e+00 -4.3015e+00 -4.5830e+00 -1.9722e-01 +1.4542e+00 +3.1175e+00
2151 0 +6.919080324e-01 -4.843809197e+01 -4.843809197e+01 +4.4646e+00 +1.6485e-01 -2.0256e+00 +1.4849e-01 -2.5609e+00 -4.3049e+00 -4.5806e+00 -1.9712e-01 +1.4531e+00 +3.1144e+00
2201 0 +6.918991406e-01 -4.843810086e+01 -4.843810086e+01 +4.4638e+00 +1.5903e-01 -2.0257e+00 +1.5075e-01 -2.5547e+00 -4.3048e+00 -4.5800e+00 -1.9533e-01 +1.4492e+00 +3.1192e+00
2251 0 +6.918836838e-01 -4.843811632e+01 -4.843811632e+01 +4.4676e+00 +1.6388e-01 -2.0245e+00 +1.5234e-01 -2.5547e+00 -4.3060e+00 -4.5804e+00 -1.9233e-01 +1.4495e+00 +3.1174e+00
2301 0 +6.918690624e-01 -4.843813094e+01 -4.843813094e+01 +4.4669e+00 +1.6201e-01 -2.0246e+00 +1.4894e-01 -2.5557e+00 -4.3014e+00 -4.5806e+00 -1.9267e-01 +1.4495e+00 +3.1162e+00
% f evaluations | g evaluations | best noise-free fitness - Fopt (2.977300000000e+02) + sum g_i+ | measured fitness | best measured fitness or single-digit g-values | x1 | x2...
1 0 +7.130164596e+01 +3.690316460e+02 +3.690316460e+02 +5.9671e-01 -3.8264e-02 +7.4769e-01 +1.6230e+00 -1.3415e-01 -1.3414e-01 +1.6792e+00 +8.6743e-01 -3.6947e-01 +6.4256e-01
33 0 +6.575966579e+01 +3.634896658e+02 +3.634896658e+02 +1.9700e-01 +6.9516e-01 -7.1822e-01 +2.1924e+00 -9.0602e-01 -1.1142e+00 +1.2581e+00 +8.9166e-01 +7.2412e-01 +7.2835e-01
51 0 +5.958332212e+01 +3.573133221e+02 +3.573133221e+02 -9.6421e-01 -1.9007e+00 -2.7505e+00 +3.8324e+00 -2.8727e-01 -2.9827e+00 +1.7220e+00 +2.2969e+00 -3.6211e-01 +6.7800e-01
55 0 +5.544447346e+01 +3.531744735e+02 +3.531744735e+02 +1.4902e+00 -1.3189e+00 -1.7880e+00 +2.2469e+00 +4.3955e-01 -3.3774e+00 +3.0281e+00 +1.2999e+00 -5.4806e-01 +4.5293e-01
75 0 +5.535454851e+01 +3.530845485e+02 +3.530845485e+02 +1.7256e+00 +2.6034e+00 -1.6421e+00 +1.1054e+00 +5.3044e-01 -1.3037e+00 +1.7885e+00 +1.3334e+00 +1.1790e+00 +1.7082e+00
143 0 +2.706557564e+01 +3.247955756e+02 +3.247955756e+02 +2.4066e+00 +1.4669e+00 -3.3813e+00 +3.0917e+00 +3.9803e-01 -3.6087e+00 +1.3471e+00 +3.2030e+00 -1.4412e+00 +1.2212e+00
301 0 +1.772743689e+01 +3.154574369e+02 +3.154574369e+02 +1.7208e+00 +1.2846e+00 -1.5672e+00 +3.4157e+00 -1.5474e+00 -3.8464e+00 +1.5767e+00 +3.0559e+00 -1.0963e-01 +5.8856e-01
351 0 +1.540562395e+01 +3.131356239e+02 +3.131356239e+02 +8.0874e-01 -9.4601e-01 -1.4205e+00 +3.6439e+00 +2.2137e-02 -3.9022e+00 +6.2257e-01 +2.4616e+00 -9.0148e-02 +1.3790e+00
401 0 +1.052509499e+01 +3.082550950e+02 +3.082550950e+02 +1.3923e+00 +2.1211e-01 -2.5365e+00 +2.5988e+00 -4.7936e-01 -3.7131e+00 +6.8576e-01 +3.7156e+00 -9.8899e-01 +1.1038e+00
502 0 +9.838179883e+00 +3.075681799e+02 +3.075681799e+02 +2.0780e+00 -1.9545e-01 -1.8289e+00 +4.5684e+00 -1.1282e+00 -4.2308e+00 +3.6928e-01 +3.6794e+00 -1.8398e+00 +1.8180e+00
551 0 +7.873226441e+00 +3.056032264e+02 +3.056032264e+02 +2.2401e+00 -6.9431e-01 -1.7836e+00 +3.1206e+00 -1.1388e+00 -4.7576e+00 +1.4781e+00 +3.2281e+00 -1.0209e+00 +1.1105e+00
651 0 +6.482728318e+00 +3.042127283e+02 +3.042127283e+02 +2.0799e+00 -3.7240e-01 -1.0084e+00 +3.3484e+00 -9.0370e-01 -4.4839e+00 +1.0511e+00 +3.4955e+00 -9.8716e-01 +1.7266e+00
756 0 +5.867810685e+00 +3.035978107e+02 +3.035978107e+02 +1.9865e+00 -3.2391e-01 -1.6561e+00 +3.7179e+00 -9.6928e-01 -4.7644e+00 +9.6841e-01 +3.5935e+00 -3.6319e-01 +1.8854e+00
851 0 +5.743841293e+00 +3.034738413e+02 +3.034738413e+02 +1.8654e+00 -1.1930e-01 -1.8300e+00 +3.8559e+00 -1.1123e+00 -4.4981e+00 +1.0260e+00 +3.5445e+00 -5.6856e-01 +1.7085e+00
852 0 +5.713599028e+00 +3.034435990e+02 +3.034435990e+02 +1.9973e+00 -2.2084e-01 -2.0440e+00 +3.3964e+00 -1.1426e+00 -4.4275e+00 +9.5319e-01 +3.7764e+00 -9.7945e-01 +1.5920e+00
901 0 +5.464113835e+00 +3.031941138e+02 +3.031941138e+02 +1.8670e+00 -4.9078e-01 -1.5746e+00 +3.5952e+00 -1.0036e+00 -4.6432e+00 +7.7474e-01 +3.7685e+00 -7.3624e-01 +1.7631e+00
951 0 +5.317621728e+00 +3.030476217e+02 +3.030476217e+02 +1.9353e+00 -1.7840e-01 -1.7041e+00 +3.3113e+00 -1.1264e+00 -4.5503e+00 +8.2519e-01 +3.7060e+00 -6.1343e-01 +1.5834e+00
1051 0 +5.186571264e+00 +3.029165713e+02 +3.029165713e+02 +2.1178e+00 -3.1894e-01 -1.7246e+00 +3.6238e+00 -1.0487e+00 -4.4502e+00 +9.7452e-01 +3.7723e+00 -6.3569e-01 +1.5972e+00
1101 0 +5.144799613e+00 +3.028747996e+02 +3.028747996e+02 +2.0472e+00 -1.6252e-01 -1.6748e+00 +3.4999e+00 -1.0282e+00 -4.4943e+00 +9.5241e-01 +3.8118e+00 -6.8239e-01 +1.5517e+00
1201 0 +5.127174590e+00 +3.028571746e+02 +3.028571746e+02 +2.1678e+00 -2.5260e-01 -1.6384e+00 +3.5107e+00 -1.0531e+00 -4.4907e+00 +9.6793e-01 +3.6496e+00 -7.1261e-01 +1.7069e+00
1251 0 +5.100021040e+00 +3.028300210e+02 +3.028300210e+02 +2.0345e+00 -2.0932e-01 -1.6744e+00 +3.5511e+00 -1.0427e+00 -4.4836e+00 +8.4713e-01 +3.7082e+00 -6.6539e-01 +1.6234e+00
1301 0 +5.086549856e+00 +3.028165499e+02 +3.028165499e+02 +2.0337e+00 -2.4386e-01 -1.6628e+00 +3.5332e+00 -1.0951e+00 -4.5427e+00 +9.4322e-01 +3.7224e+00 -6.8417e-01 +1.6662e+00
1351 0 +5.083304264e+00 +3.028133043e+02 +3.028133043e+02 +2.0399e+00 -1.8447e-01 -1.6323e+00 +3.5471e+00 -1.0086e+00 -4.5879e+00 +8.8102e-01 +3.7419e+00 -7.3382e-01 +1.6698e+00
1352 0 +5.082433552e+00 +3.028124336e+02 +3.028124336e+02 +2.0779e+00 -2.3582e-01 -1.6936e+00 +3.5250e+00 -1.0264e+00 -4.5123e+00 +9.6491e-01 +3.7096e+00 -7.2834e-01 +1.6477e+00
1353 0 +5.082038029e+00 +3.028120380e+02 +3.028120380e+02 +2.0418e+00 -2.6396e-01 -1.6193e+00 +3.5763e+00 -9.9944e-01 -4.5426e+00 +8.7592e-01 +3.7488e+00 -7.0425e-01 +1.7049e+00
1401 0 +5.077320696e+00 +3.028073207e+02 +3.028073207e+02 +2.0297e+00 -1.9436e-01 -1.6520e+00 +3.5200e+00 -1.0054e+00 -4.5208e+00 +9.2661e-01 +3.7015e+00 -7.2722e-01 +1.6330e+00
1451 0 +5.072027648e+00 +3.028020276e+02 +3.028020276e+02 +2.0653e+00 -2.2269e-01 -1.6301e+00 +3.5781e+00 -1.0054e+00 -4.5401e+00 +9.0310e-01 +3.7454e+00 -7.1534e-01 +1.6627e+00
1501 0 +5.065165529e+00 +3.027951655e+02 +3.027951655e+02 +2.0500e+00 -2.1627e-01 -1.6530e+00 +3.5436e+00 -1.0396e+00 -4.5185e+00 +9.1339e-01 +3.7260e+00 -7.1288e-01 +1.6655e+00
1701 0 +5.064504727e+00 +3.027945047e+02 +3.027945047e+02 +2.0563e+00 -2.0831e-01 -1.6376e+00 +3.5427e+00 -1.0369e+00 -4.5461e+00 +9.1216e-01 +3.7256e+00 -7.1327e-01 +1.6739e+00
1801 0 +5.063367958e+00 +3.027933680e+02 +3.027933680e+02 +2.0461e+00 -2.2821e-01 -1.6396e+00 +3.5435e+00 -1.0390e+00 -4.5388e+00 +9.0216e-01 +3.7027e+00 -7.1303e-01 +1.6743e+00
1901 0 +5.063111238e+00 +3.027931112e+02 +3.027931112e+02 +2.0549e+00 -2.2097e-01 -1.6391e+00 +3.5459e+00 -1.0406e+00 -4.5449e+00 +9.1698e-01 +3.7088e+00 -7.0823e-01 +1.6718e+00
1951 0 +5.062962576e+00 +3.027929626e+02 +3.027929626e+02 +2.0506e+00 -2.1904e-01 -1.6418e+00 +3.5461e+00 -1.0347e+00 -4.5365e+00 +9.1101e-01 +3.7094e+00 -7.1552e-01 +1.6723e+00
2001 0 +5.062924814e+00 +3.027929248e+02 +3.027929248e+02 +2.0495e+00 -2.1992e-01 -1.6407e+00 +3.5462e+00 -1.0376e+00 -4.5368e+00 +9.1397e-01 +3.7070e+00 -7.0985e-01 +1.6766e+00
2051 0 +5.062851282e+00 +3.027928513e+02 +3.027928513e+02 +2.0539e+00 -2.2254e-01 -1.6458e+00 +3.5486e+00 -1.0381e+00 -4.5390e+00 +9.1695e-01 +3.7067e+00 -7.1326e-01 +1.6744e+00
2101 0 +5.062825507e+00 +3.027928255e+02 +3.027928255e+02 +2.0543e+00 -2.2420e-01 -1.6446e+00 +3.5462e+00 -1.0328e+00 -4.5380e+00 +9.1482e-01 +3.7083e+00 -7.1125e-01 +1.6737e+00
2151 0 +5.062785668e+00 +3.027927857e+02 +3.027927857e+02 +2.0556e+00 -2.2347e-01 -1.6413e+00 +3.5487e+00 -1.0379e+00 -4.5382e+00 +9.1471e-01 +3.7074e+00 -7.1064e-01 +1.6754e+00
% f evaluations | g evaluations | best noise-free fitness - Fopt (5.157000000000e+01) + sum g_i+ | measured fitness | best measured fitness or single-digit g-values | x1 | x2...
1 0 +7.383174916e+01 +1.254017492e+02 +1.254017492e+02 +5.9671e-01 -3.8264e-02 +7.4769e-01 +1.6230e+00 -1.3415e-01 -1.3414e-01 +1.6792e+00 +8.6743e-01 -3.6947e-01 +6.4256e-01
4 0 +7.328528085e+01 +1.248552808e+02 +1.248552808e+02 -5.0171e-01 +1.9523e+00 +8.6503e-02 -9.5771e-01 +9.2254e-01 -1.1208e+00 +3.0886e-01 -1.8597e+00 -1.2282e+00 +2.9686e-01
11 0 +7.264223681e+01 +1.242122368e+02 +1.242122368e+02 -1.3154e+00 -3.2065e-01 -2.4271e-01 -7.0228e-01 -6.1286e-02 +5.0405e-01 +1.9862e+00 +2.7458e-01 +3.5755e-01 +2.5554e-02
13 0 +7.262591646e+01 +1.241959165e+02 +1.241959165e+02 +8.9103e-01 -8.0939e-01 +1.5028e+00 -1.3019e+00 +6.8686e-01 +2.2905e+00 -8.9054e-01 -4.6630e-01 +1.9965e-01 -4.0348e-01
16 0 +6.502896973e+01 +1.165989697e+02 +1.165989697e+02 +3.5049e-01 +4.4645e-01 -5.8002e-01 +3.3225e-01 +3.9307e-01 -6.1435e-01 +1.9658e+00 +5.7383e-01 -1.0913e+00 +7.5655e-01
27 0 +6.423922555e+01 +1.158092255e+02 +1.158092255e+02 -8.2693e-01 +4.0475e-02 -3.1413e+00 -9.2439e-01 -1.5257e-01 -1.1478e+00 +1.7324e+00 -1.3301e+00 -3.4004e-01 +2.3074e-01
51 0 +4.481614586e+01 +9.638614586e+01 +9.638614586e+01 +6.3335e-01 +6.3957e-01 -3.0496e+00 -7.9405e-01 -3.4916e-01 +1.6459e-01 +3.3978e+00 +2.2307e-01 -2.2091e+00 -3.4821e-02
64 0 +3.856898217e+01 +9.013898217e+01 +9.013898217e+01 -1.2834e+00 +1.4028e+00 -2.6118e+00 -5.0279e-01 -1.5451e+00 -5.1673e-01 +1.2124e+00 +7.4382e-01 -1.1429e+00 +1.2678e-02
71 0 +3.498310075e+01 +8.655310075e+01 +8.655310075e+01 -1.2357e+00 +2.7321e-01 -1.1408e+00 -2.6650e-01 -1.5490e+00 -8.2858e-01 +1.9655e+00 +9.9158e-01 -1.3315e+00 -3.9226e-01
105 0 +3.338336849e+01 +8.495336849e+01 +8.495336849e+01 -6.8279e-01 -1.1668e+00 -2.7054e+00 -9.8626e-01 -2.7711e+00 -3.5809e-01 +3.4984e+00 +1.2841e+00 -2.1051e+00 +1.4815e+00
158 0 +2.522111764e+01 +7.679111764e+01 +7.679111764e+01 -9.3014e-01 -3.6073e-01 -3.6874e+00 -3.4438e-01 -2.2520e+00 -2.6948e-01 +2.5099e+00 +1.8218e+00 -2.4514e+00 -8.1089e-02
245 0 +1.676460139e+01 +6.833460139e+01 +6.833460139e+01 -3.3170e+00 -1.5248e+00 -3.4548e+00 -2.7486e-01 -1.9880e+00 -5.9769e-01 +2.6534e+00 -4.8748e-01 -3.4514e+00 -2.0060e+00
351 0 +1.632141818e+01 +6.789141818e+01 +6.789141818e+01 -1.2477e+00 -1.3314e-01 -3.2234e+00 -8.9909e-02 -1.7134e+00 -1.8856e+00 +3.5841e+00 +1.4570e+00 -2.6117e+00 -5.2822e-01
353 0 +1.375557375e+01 +6.532557375e+01 +6.532557375e+01 -1.3525e+00 -6.6176e-01 -3.4766e+00 -5.9410e-01 -1.0890e+00 -2.0311e+00 +3.6371e+00 +6.1481e-01 -2.0920e+00 -2.2192e+00
401 0 +1.061237070e+01 +6.218237070e+01 +6.218237070e+01 -2.1238e+00 -6.1614e-02 -3.3579e+00 -8.9397e-01 -2.3240e+00 -9.8708e-01 +3.8607e+00 +1.1083e+00 -3.7867e+00 -1.3623e+00
451 0 +8.313222431e+00 +5.988322243e+01 +5.988322243e+01 -2.1052e+00 -4.4673e-01 -3.4524e+00 -9.4918e-01 -2.0124e+00 -1.7901e+00 +3.1192e+00 +9.1438e-01 -3.9955e+00 -1.1724e+00
551 0 +7.394179396e+00 +5.896417940e+01 +5.896417940e+01 -2.1131e+00 +3.6455e-01 -4.0025e+00 -1.1388e+00 -2.2113e+00 -2.3088e+00 +3.4294e+00 +5.2226e-01 -3.4369e+00 -2.4484e+00
652 0 +7.079327439e+00 +5.864932744e+01 +5.864932744e+01 -2.3424e+00 +3.4471e-01 -4.3236e+00 -8.4467e-01 -2.6187e+00 -1.7774e+00 +3.2123e+00 +3.8840e-01 -3.0896e+00 -1.8782e+00
657 0 +6.890102234e+00 +5.846010223e+01 +5.846010223e+01 -2.1032e+00 +6.8544e-01 -4.4204e+00 -3.7561e-01 -1.6517e+00 -2.0456e+00 +3.2876e+00 +5.5479e-01 -2.6327e+00 -2.0089e+00
701 0 +6.619232243e+00 +5.818923224e+01 +5.818923224e+01 -1.8207e+00 -1.2644e-01 -4.3861e+00 -6.1693e-01 -2.3256e+00 -1.3185e+00 +3.6452e+00 +5.9058e-01 -2.5431e+00 -1.6193e+00
751 0 +6.096608568e+00 +5.766660857e+01 +5.766660857e+01 -1.8961e+00 -2.5392e-01 -4.0784e+00 -7.1881e-01 -1.9134e+00 -1.7865e+00 +3.3851e+00 +7.6606e-01 -2.9010e+00 -1.5852e+00
756 0 +6.086533896e+00 +5.765653390e+01 +5.765653390e+01 -2.4767e+00 -3.1175e-01 -4.1015e+00 -1.1276e+00 -1.9257e+00 -2.2425e+00 +3.4354e+00 +7.5274e-01 -3.2672e+00 -2.1866e+00
801 0 +6.025714650e+00 +5.759571465e+01 +5.759571465e+01 -2.1977e+00 -2.7778e-01 -4.1964e+00 -6.6580e-01 -1.7884e+00 -2.0532e+00 +3.5835e+00 +6.6027e-01 -2.6730e+00 -1.7938e+00
851 0 +5.694079416e+00 +5.726407942e+01 +5.726407942e+01 -2.1436e+00 -1.0451e-01 -4.2369e+00 -1.0792e+00 -1.7623e+00 -1.8283e+00 +3.4686e+00 +6.0584e-01 -3.1810e+00 -1.7033e+00
901 0 +5.679964583e+00 +5.724996458e+01 +5.724996458e+01 -2.4140e+00 -1.6100e-01 -4.1681e+00 -7.6742e-01 -1.8257e+00 -1.9786e+00 +3.3067e+00 +5.6873e-01 -3.0177e+00 -1.8249e+00
903 0 +5.592872647e+00 +5.716287265e+01 +5.716287265e+01 -1.8893e+00 -3.3121e-02 -4.2800e+00 -7.7795e-01 -1.9534e+00 -1.9880e+00 +3.5578e+00 +6.4330e-01 -2.8108e+00 -1.7319e+00
951 0 +5.487085409e+00 +5.705708541e+01 +5.705708541e+01 -2.0886e+00 -2.1300e-01 -4.3160e+00 -8.7296e-01 -1.8269e+00 -1.9027e+00 +3.4996e+00 +5.7577e-01 -3.2939e+00 -1.7568e+00
952 0 +5.458513640e+00 +5.702851364e+01 +5.702851364e+01 -2.3312e+00 -1.1918e-01 -4.5533e+00 -7.8476e-01 -1.9245e+00 -2.0736e+00 +3.3834e+00 +5.1321e-01 -3.0170e+00 -2.0681e+00
957 0 +5.384943902e+00 +5.695494390e+01 +5.695494390e+01 -2.1091e+00 +1.7316e-02 -4.1694e+00 -6.8881e-01 -2.0008e+00 -1.9014e+00 +3.5608e+00 +2.7263e-01 -2.7519e+00 -1.9703e+00
1001 0 +5.327620533e+00 +5.689762053e+01 +5.689762053e+01 -2.2618e+00 -1.0820e-01 -4.5094e+00 -8.5140e-01 -1.9422e+00 -1.9546e+00 +3.5703e+00 +5.1871e-01 -3.1064e+00 -1.9002e+00
1002 0 +5.319354177e+00 +5.688935418e+01 +5.688935418e+01 -2.2555e+00 -2.2594e-01 -4.5071e+00 -6.7599e-01 -1.9875e+00 -1.8572e+00 +3.4844e+00 +4.4510e-01 -2.9536e+00 -1.9856e+00
1004 0 +5.290243504e+00 +5.686024350e+01 +5.686024350e+01 -2.2215e+00 -1.3847e-01 -4.5469e+00 -7.1854e-01 -2.0381e+00 -1.9748e+00 +3.7362e+00 +3.8899e-01 -2.8830e+00 -2.0210e+00
1051 0 +5.201783673e+00 +5.677178367e+01 +5.677178367e+01 -2.0757e+00 -5.7135e-02 -4.5471e+00 -8.8443e-01 -2.0033e+00 -1.9287e+00 +3.5012e+00 +3.1060e-01 -2.9271e+00 -1.8569e+00
1102 0 +5.190477587e+00 +5.676047759e+01 +5.676047759e+01 -2.2093e+00 -1.4684e-02 -4.4464e+00 -7.1911e-01 -1.8774e+00 -1.7932e+00 +3.4413e+00 +4.1984e-01 -2.9028e+00 -1.9607e+00
1151 0 +5.151360265e+00 +5.672136027e+01 +5.672136027e+01 -2.2326e+00 -1.7908e-01 -4.3423e+00 -8.6178e-01 -1.9388e+00 -1.9614e+00 +3.4902e+00 +4.2271e-01 -3.0213e+00 -1.8723e+00
1201 0 +5.099974926e+00 +5.666997493e+01 +5.666997493e+01 -2.2001e+00 -4.8218e-02 -4.3248e+00 -7.5886e-01 -1.9079e+00 -1.9104e+00 +3.5340e+00 +4.6587e-01 -2.8886e+00 -1.9600e+00
1251 0 +5.094089761e+00 +5.666408976e+01 +5.666408976e+01 -2.1361e+00 -2.2629e-02 -4.4432e+00 -7.6633e-01 -1.9235e+00 -1.9349e+00 +3.6059e+00 +4.1942e-01 -2.8184e+00 -1.9709e+00
1252 0 +5.094004919e+00 +5.666400492e+01 +5.666400492e+01 -2.1124e+00 -6.8882e-02 -4.3906e+00 -7.3586e-01 -1.9200e+00 -1.8781e+00 +3.5468e+00 +3.8963e-01 -2.9056e+00 -1.9421e+00
1301 0 +5.088468824e+00 +5.665846882e+01 +5.665846882e+01 -2.1511e+00 -3.0215e-02 -4.3852e+00 -7.9375e-01 -1.9566e+00 -1.8970e+00 +3.5747e+00 +4.1051e-01 -2.8913e+00 -1.8729e+00
1351 0 +5.075718485e+00 +5.664571849e+01 +5.664571849e+01 -2.1454e+00 -3.8831e-02 -4.3811e+00 -7.7247e-01 -1.9494e+00 -1.9572e+00 +3.5606e+00 +3.9305e-01 -2.8568e+00 -1.9654e+00
1451 0 +5.071445054e+00 +5.664144505e+01 +5.664144505e+01 -2.1763e+00 -4.2272e-02 -4.3534e+00 -7.9680e-01 -1.9475e+00 -1.9215e+00 +3.5432e+00 +4.2037e-01 -2.8756e+00 -1.9243e+00
1501 0 +5.068723615e+00 +5.663872362e+01 +5.663872362e+01 -2.1650e+00 -6.9145e-02 -4.3947e+00 -8.3162e-01 -1.9297e+00 -1.9797e+00 +3.5258e+00 +3.8361e-01 -2.9316e+00 -1.9361e+00
1551 0 +5.066078684e+00 +5.663607868e+01 +5.663607868e+01 -2.1392e+00 -3.9855e-02 -4.3979e+00 -8.1408e-01 -1.9143e+00 -1.9844e+00 +3.5291e+00 +4.0652e-01 -2.9196e+00 -1.9326e+00
1601 0 +5.065554025e+00 +5.663555402e+01 +5.663555402e+01 -2.1716e+00 -1.4317e-02 -4.3968e+00 -7.9463e-01 -1.9497e+00 -1.9487e+00 +3.5383e+00 +4.0516e-01 -2.9050e+00 -1.9511e+00
1651 0 +5.064440546e+00 +5.663444055e+01 +5.663444055e+01 -2.1583e+00 -3.4724e-02 -4.3844e+00 -8.0022e-01 -1.9430e+00 -1.9526e+00 +3.5455e+00 +3.9621e-01 -2.8908e+00 -1.9460e+00
1751 0 +5.063469156e+00 +5.663346916e+01 +5.663346916e+01 -2.1614e+00 -3.8237e-02 -4.4020e+00 -7.9388e-01 -1.9307e+00 -1.9526e+00 +3.5244e+00 +3.9427e-01 -2.9067e+00 -1.9354e+00
1801 0 +5.063304685e+00 +5.663330469e+01 +5.663330469e+01 -2.1629e+00 -4.4108e-02 -4.3926e+00 -8.0729e-01 -1.9338e+00 -1.9675e+00 +3.5406e+00 +3.9987e-01 -2.9165e+00 -1.9422e+00
1901 0 +5.063051429e+00 +5.663305143e+01 +5.663305143e+01 -2.1593e+00 -3.9431e-02 -4.4004e+00 -8.0988e-01 -1.9343e+00 -1.9651e+00 +3.5377e+00 +4.0133e-01 -2.9114e+00 -1.9452e+00
2001 0 +5.062979233e+00 +5.663297923e+01 +5.663297923e+01 -2.1616e+00 -3.8218e-02 -4.4067e+00 -7.9780e-01 -1.9374e+00 -1.9578e+00 +3.5328e+00 +3.9298e-01 -2.9105e+00 -1.9494e+00
2051 0 +5.062847126e+00 +5.663284713e+01 +5.663284713e+01 -2.1649e+00 -3.8989e-02 -4.4020e+00 -7.9891e-01 -1.9388e+00 -1.9565e+00 +3.5343e+00 +3.9496e-01 -2.9080e+00 -1.9431e+00
2101 0 +5.062823917e+00 +5.663282392e+01 +5.663282392e+01 -2.1581e+00 -4.0324e-02 -4.4029e+00 -7.9721e-01 -1.9319e+00 -1.9531e+00 +3.5348e+00 +3.9390e-01 -2.9064e+00 -1.9411e+00
2151 0 +5.062813857e+00 +5.663281386e+01 +5.663281386e+01 -2.1634e+00 -4.0985e-02 -4.3986e+00 -7.9917e-01 -1.9348e+00 -1.9564e+00 +3.5355e+00 +3.9680e-01 -2.9100e+00 -1.9414e+00
2201 0 +5.062765640e+00 +5.663276564e+01 +5.663276564e+01 -2.1589e+00 -3.7887e-02 -4.4020e+00 -8.0133e-01 -1.9346e+00 -1.9570e+00 +3.5366e+00 +3.9555e-01 -2.9088e+00 -1.9436e+00
2351 0 +5.062752292e+00 +5.663275229e+01 +5.663275229e+01 -2.1598e+00 -3.9725e-02 -4.4030e+00 -7.9914e-01 -1.9348e+00 -1.9563e+00 +3.5363e+00 +3.9608e-01 -2.9067e+00 -1.9419e+00
2401 0 +5.062746632e+00 +5.663274663e+01 +5.663274663e+01 -2.1597e+00 -3.8273e-02 -4.4024e+00 -8.0006e-01 -1.9351e+00 -1.9576e+00 +3.5368e+00 +3.9639e-01 -2.9071e+00 -1.9425e+00
% f evaluations | g evaluations | best noise-free fitness - Fopt (1.527100000000e+02) + sum g_i+ | measured fitness | best measured fitness or single-digit g-values | x1 | x2...
1 0 +7.815228743e+01 +2.308622874e+02 +2.308622874e+02 +5.9671e-01 -3.8264e-02 +7.4769e-01 +1.6230e+00 -1.3415e-01 -1.3414e-01 +1.6792e+00 +8.6743e-01 -3.6947e-01 +6.4256e-01
4 0 +7.330495943e+01 +2.260149594e+02 +2.260149594e+02 -5.0171e-01 +1.9523e+00 +8.6503e-02 -9.5771e-01 +9.2254e-01 -1.1208e+00 +3.0886e-01 -1.8597e+00 -1.2282e+00 +2.9686e-01
10 0 +7.244868083e+01 +2.251586808e+02 +2.251586808e+02 +1.9708e-01 +1.0686e+00 -6.0205e-01 -2.2766e-01 -2.9211e-01 -1.3635e+00 +3.9612e-01 +3.6106e-01 +1.0511e-01 -1.3459e-01
16 0 +7.124201674e+01 +2.239520167e+02 +2.239520167e+02 +3.5049e-01 +4.4645e-01 -5.8002e-01 +3.3225e-01 +3.9307e-01 -6.1435e-01 +1.9658e+00 +5.7383e-01 -1.0913e+00 +7.5655e-01
27 0 +7.077845551e+01 +2.234884555e+02 +2.234884555e+02 -8.2693e-01 +4.0475e-02 -3.1413e+00 -9.2439e-01 -1.5257e-01 -1.1478e+00 +1.7324e+00 -1.3301e+00 -3.4004e-01 +2.3074e-01
60 0 +7.035752635e+01 +2.230675264e+02 +2.230675264e+02 -3.5451e-01 +1.3364e+00 -1.7334e+00 -4.5584e-01 -8.9485e-01 -2.4320e+00 +1.4350e+00 +1.8095e+00 +3.7439e-01 +3.0820e-01
61 0 +6.767977424e+01 +2.203897742e+02 +2.203897742e+02 -1.5087e+00 +1.4540e+00 -1.6643e+00 -4.4884e-01 -2.7515e-01 -2.6999e+00 +2.7736e-01 -7.3279e-01 -5.2979e-02 +1.8250e+00
111 0 +6.394464960e+01 +2.166546496e+02 +2.166546496e+02 +9.9846e-02 +2.7808e+00 -7.5399e-01 +7.2553e-01 -3.2271e-01 -4.2457e+00 +7.7138e-01 -1.0641e+00 -3.3051e+00 +2.2761e+00
224 0 +5.647521140e+01 +2.091852114e+02 +2.091852114e+02 +2.5858e+00 +3.9296e+00 -1.0913e+00 +4.7813e-01 +1.9787e+00 -4.0962e+00 +4.3916e-01 -1.7048e+00 -2.8451e+00 +2.5743e+00
255 0 +4.496969545e+01 +1.976796954e+02 +1.976796954e+02 +3.7912e+00 -7.9410e-01 +8.3813e-02 +9.0718e-03 -2.4279e-01 -3.6255e+00 -9.7084e-02 -4.1701e+00 -4.2311e+00 +1.8457e+00
306 0 +4.310895308e+01 +1.958189531e+02 +1.958189531e+02 +2.1478e+00 +1.3175e+00 -2.2089e+00 +9.3078e-01 -5.5643e-01 -2.7470e+00 +1.8755e-01 -3.6348e+00 -2.7047e+00 +1.3439e+00
351 0 +2.325614408e+01 +1.759661441e+02 +1.759661441e+02 +2.9243e+00 +2.1544e+00 -8.9810e-01 -1.1980e+00 -2.5801e+00 -3.7672e+00 +1.0352e+00 -3.8097e+00 -4.5756e+00 +9.2733e-01
401 0 +1.233575963e+01 +1.650457596e+02 +1.650457596e+02 +3.1591e+00 +2.8087e+00 -8.3284e-01 +1.6233e+00 -2.3818e+00 -2.7839e+00 +2.3944e+00 -4.0212e+00 -3.7607e+00 +3.3673e+00
451 0 +7.492151092e+00 +1.602021511e+02 +1.602021511e+02 +4.2867e+00 +3.7050e+00 +3.7228e-02 +1.9167e-01 -3.7346e-01 -4.2511e+00 +1.3522e+00 -3.4784e+00 -3.1115e+00 +2.5688e+00
501 0 +5.442529309e+00 +1.581525293e+02 +1.581525293e+02 +3.0065e+00 +4.2691e+00 -1.6456e+00 +5.1871e-01 -1.8040e+00 -3.6826e+00 +1.0776e+00 -4.4599e+00 -3.3749e+00 +2.9495e+00
601 0 +4.204160125e+00 +1.569141601e+02 +1.569141601e+02 +3.8283e+00 +2.1336e+00 +3.8413e-02 +1.8587e-01 -1.7856e+00 -3.1795e+00 +1.4020e+00 -3.8217e+00 -3.9860e+00 +3.8783e+00
651 0 +2.082824071e+00 +1.547928241e+02 +1.547928241e+02 +3.2157e+00 +3.8764e+00 -5.9872e-01 +5.7636e-01 -1.8718e+00 -3.6501e+00 +1.3256e+00 -4.1859e+00 -3.9087e+00 +2.8116e+00
704 0 +2.037712965e+00 +1.547477130e+02 +1.547477130e+02 +3.8435e+00 +2.9011e+00 -3.0593e-01 +1.2918e-01 -1.2365e+00 -3.9859e+00 +1.4205e+00 -4.2137e+00 -4.4459e+00 +3.1442e+00
751 0 +1.121903027e+00 +1.538319030e+02 +1.538319030e+02 +4.0743e+00 +3.2534e+00 -2.5349e-01 +4.8817e-01 -1.5131e+00 -3.3941e+00 +1.7164e+00 -4.5127e+00 -3.3665e+00 +3.0152e+00
903 0 +1.114171688e+00 +1.538241717e+02 +1.538241717e+02 +4.2535e+00 +3.0567e+00 -6.5269e-01 +5.9223e-01 -1.8205e+00 -3.4533e+00 +1.4720e+00 -4.9197e+00 -3.6694e+00 +3.1778e+00
953 0 +9.223681141e-01 +1.536323681e+02 +1.536323681e+02 +3.9599e+00 +3.0532e+00 -4.9366e-01 +1.8929e-01 -1.7582e+00 -3.5439e+00 +1.4880e+00 -4.8573e+00 -3.8201e+00 +3.0455e+00
1001 0 +8.259022994e-01 +1.535359023e+02 +1.535359023e+02 +4.3014e+00 +3.2487e+00 -4.8843e-01 +4.2201e-01 -1.5244e+00 -3.5504e+00 +1.6067e+00 -4.7077e+00 -3.6390e+00 +2.9687e+00
1055 0 +8.155622617e-01 +1.535255623e+02 +1.535255623e+02 +4.0205e+00 +3.1924e+00 -3.5774e-01 +2.5729e-01 -1.6644e+00 -3.2702e+00 +1.3948e+00 -4.5313e+00 -3.7166e+00 +2.8894e+00
1101 0 +7.269264477e-01 +1.534369264e+02 +1.534369264e+02 +3.9340e+00 +3.1310e+00 -5.1481e-01 +3.1343e-01 -1.6942e+00 -3.4749e+00 +1.3000e+00 -4.5612e+00 -3.6210e+00 +2.9123e+00
1251 0 +7.126355163e-01 +1.534226355e+02 +1.534226355e+02 +3.9237e+00 +3.1478e+00 -5.6322e-01 +3.9107e-01 -1.5734e+00 -3.5978e+00 +1.4404e+00 -4.5947e+00 -3.6253e+00 +2.9488e+00
1302 0 +7.126186044e-01 +1.534226186e+02 +1.534226186e+02 +4.0565e+00 +3.1710e+00 -5.2794e-01 +3.2618e-01 -1.5910e+00 -3.4859e+00 +1.4380e+00 -4.5736e+00 -3.7389e+00 +2.9612e+00
1305 0 +7.105323408e-01 +1.534205323e+02 +1.534205323e+02 +3.9879e+00 +3.1257e+00 -4.5080e-01 +3.6239e-01 -1.5926e+00 -3.4710e+00 +1.4937e+00 -4.6336e+00 -3.5899e+00 +2.9824e+00
1310 0 +7.103633114e-01 +1.534203633e+02 +1.534203633e+02 +4.0238e+00 +3.1296e+00 -4.8110e-01 +3.8806e-01 -1.5770e+00 -3.4823e+00 +1.4552e+00 -4.7006e+00 -3.6445e+00 +3.0236e+00
1351 0 +7.069748001e-01 +1.534169748e+02 +1.534169748e+02 +3.9961e+00 +3.1402e+00 -5.8354e-01 +3.4718e-01 -1.6754e+00 -3.4712e+00 +1.4217e+00 -4.6719e+00 -3.6695e+00 +3.0330e+00
1401 0 +6.985340208e-01 +1.534085340e+02 +1.534085340e+02 +3.9596e+00 +3.2114e+00 -5.7338e-01 +3.9862e-01 -1.6279e+00 -3.5289e+00 +1.3937e+00 -4.6338e+00 -3.6088e+00 +3.0103e+00
1402 0 +6.981410246e-01 +1.534081410e+02 +1.534081410e+02 +4.0352e+00 +3.1473e+00 -5.6379e-01 +3.4911e-01 -1.6010e+00 -3.5339e+00 +1.4484e+00 -4.6642e+00 -3.6631e+00 +2.9994e+00
1451 0 +6.975673499e-01 +1.534075673e+02 +1.534075673e+02 +4.0091e+00 +3.1809e+00 -5.0461e-01 +3.7206e-01 -1.6343e+00 -3.5018e+00 +1.4310e+00 -4.5906e+00 -3.6357e+00 +3.0014e+00
1452 0 +6.970121485e-01 +1.534070121e+02 +1.534070121e+02 +4.0246e+00 +3.2053e+00 -5.1597e-01 +3.6535e-01 -1.6167e+00 -3.5090e+00 +1.4759e+00 -4.6263e+00 -3.6635e+00 +2.9922e+00
1501 0 +6.950650567e-01 +1.534050651e+02 +1.534050651e+02 +3.9771e+00 +3.1639e+00 -5.1282e-01 +3.3654e-01 -1.6028e+00 -3.5424e+00 +1.4330e+00 -4.6279e+00 -3.6388e+00 +2.9697e+00
1502 0 +6.941426060e-01 +1.534041426e+02 +1.534041426e+02 +4.0002e+00 +3.1957e+00 -5.5453e-01 +3.5198e-01 -1.6206e+00 -3.5454e+00 +1.3878e+00 -4.6462e+00 -3.6333e+00 +2.9981e+00
1551 0 +6.940183890e-01 +1.534040184e+02 +1.534040184e+02 +4.0158e+00 +3.2137e+00 -5.3833e-01 +3.7051e-01 -1.6411e+00 -3.5265e+00 +1.4040e+00 -4.6440e+00 -3.6205e+00 +2.9880e+00
1601 0 +6.940022991e-01 +1.534040023e+02 +1.534040023e+02 +4.0204e+00 +3.1763e+00 -5.3285e-01 +3.4167e-01 -1.5918e+00 -3.5142e+00 +1.4304e+00 -4.6253e+00 -3.6576e+00 +2.9957e+00
1602 0 +6.934962137e-01 +1.534034962e+02 +1.534034962e+02 +3.9856e+00 +3.1687e+00 -5.2992e-01 +3.6295e-01 -1.6311e+00 -3.5100e+00 +1.4502e+00 -4.6382e+00 -3.6378e+00 +2.9927e+00
1651 0 +6.926803939e-01 +1.534026804e+02 +1.534026804e+02 +3.9855e+00 +3.1952e+00 -5.2575e-01 +3.5502e-01 -1.6122e+00 -3.5126e+00 +1.4042e+00 -4.6360e+00 -3.6360e+00 +2.9940e+00
1701 0 +6.925059416e-01 +1.534025059e+02 +1.534025059e+02 +3.9944e+00 +3.1926e+00 -5.4764e-01 +3.5907e-01 -1.6326e+00 -3.5133e+00 +1.4156e+00 -4.6505e+00 -3.6260e+00 +2.9836e+00
1801 0 +6.920725847e-01 +1.534020726e+02 +1.534020726e+02 +3.9910e+00 +3.1884e+00 -5.2816e-01 +3.5398e-01 -1.6174e+00 -3.5192e+00 +1.4231e+00 -4.6310e+00 -3.6326e+00 +2.9784e+00
1901 0 +6.919586718e-01 +1.534019587e+02 +1.534019587e+02 +3.9959e+00 +3.1782e+00 -5.3338e-01 +3.5707e-01 -1.6227e+00 -3.5187e+00 +1.4183e+00 -4.6356e+00 -3.6373e+00 +2.9899e+00
2051 0 +6.919176890e-01 +1.534019177e+02 +1.534019177e+02 +3.9924e+00 +3.1867e+00 -5.3080e-01 +3.5737e-01 -1.6277e+00 -3.5153e+00 +1.4205e+00 -4.6362e+00 -3.6358e+00 +2.9876e+00
2151 0 +6.918937353e-01 +1.534018937e+02 +1.534018937e+02 +3.9943e+00 +3.1865e+00 -5.3137e-01 +3.5521e-01 -1.6191e+00 -3.5187e+00 +1.4242e+00 -4.6363e+00 -3.6345e+00 +2.9875e+00
2201 0 +6.918793030e-01 +1.534018793e+02 +1.534018793e+02 +3.9950e+00 +3.1847e+00 -5.3204e-01 +3.5570e-01 -1.6203e+00 -3.5218e+00 +1.4218e+00 -4.6378e+00 -3.6354e+00 +2.9880e+00
% f evaluations | g evaluations | best noise-free fitness - Fopt (9.980000000000e+01) + sum g_i+ | measured fitness | best measured fitness or single-digit g-values | x1 | x2...
1 0 +7.630194997e+01 +1.761019500e+02 +1.761019500e+02 +5.9671e-01 -3.8264e-02 +7.4769e-01 +1.6230e+00 -1.3415e-01 -1.3414e-01 +1.6792e+00 +8.6743e-01 -3.6947e-01 +6.4256e-01
4 0 +7.124472023e+01 +1.710447202e+02 +1.710447202e+02 -5.0171e-01 +1.9523e+00 +8.6503e-02 -9.5771e-01 +9.2254e-01 -1.1208e+00 +3.0886e-01 -1.8597e+00 -1.2282e+00 +2.9686e-01
7 0 +6.778363538e+01 +1.675836354e+02 +1.675836354e+02 -3.7917e-01 -8.5659e-02 -1.0063e+00 -1.0962e+00 +9.1253e-01 +1.4562e+00 +2.7990e-02 +1.1035e+00 +4.6164e-01 -5.4512e-01
60 0 +6.684102311e+01 +1.666410231e+02 +1.666410231e+02 -1.5046e-01 +8.6768e-01 -1.6490e+00 -8.0454e-01 +3.4760e+00 +2.1802e+00 -2.4356e-01 +2.2456e-01 +1.6762e-01 -1.9626e+00
71 0 +5.390865475e+01 +1.537086548e+02 +1.537086548e+02 -6.4697e-01 +8.3278e-01 +8.7027e-01 -1.5231e-01 +2.6713e+00 +1.2051e+00 -1.8416e+00 +2.2419e+00 -3.3060e-01 -8.5838e-01
142 0 +3.900432585e+01 +1.388043258e+02 +1.388043258e+02 +1.4395e+00 -1.5659e+00 -1.5302e+00 -1.8207e+00 +2.3689e+00 +2.4020e+00 +4.5176e-01 +4.2983e-01 +2.2700e+00 -2.1512e+00
253 0 +3.562608619e+01 +1.354260862e+02 +1.354260862e+02 +3.7618e-01 -1.6556e+00 -4.0705e-01 -2.6816e+00 +2.7440e+00 +3.6379e+00 +1.4121e+00 +3.5773e-01 +1.3363e+00 -2.2575e-02
301 0 +2.915665188e+01 +1.289566519e+02 +1.289566519e+02 -2.5257e-01 -2.2210e+00 -2.5222e+00 -2.3167e+00 +2.9815e+00 +1.9709e+00 +7.1289e-01 +1.0695e+00 +2.4582e+00 -1.0789e+00
352 0 +2.483543062e+01 +1.246354306e+02 +1.246354306e+02 +5.6514e-01 -2.5133e+00 -2.5905e+00 -4.2439e+00 +3.4282e+00 +2.5815e+00 +1.2740e+00 +6.6359e-01 +4.0091e-01 +1.3006e+00
401 0 +1.763626584e+01 +1.174362658e+02 +1.174362658e+02 +9.2850e-01 -2.0268e+00 -1.3337e+00 -3.8035e+00 +3.4196e+00 +3.1501e+00 +1.6496e-01 +1.1162e+00 +2.0588e+00 +5.3324e-02
402 0 +1.370959699e+01 +1.135095970e+02 +1.135095970e+02 +1.4018e+00 -2.9504e+00 -2.9953e+00 -4.4470e+00 +3.8759e+00 +1.2540e+00 +4.9289e-01 +1.9151e+00 +1.8110e+00 -4.7416e-01
451 0 +1.162775897e+01 +1.114277590e+02 +1.114277590e+02 +1.5403e+00 -1.8007e+00 -1.9901e+00 -3.5614e+00 +3.5369e+00 +3.5189e+00 +5.7444e-01 +6.8683e-01 +7.7414e-01 +5.8396e-01
452 0 +7.624174588e+00 +1.074241746e+02 +1.074241746e+02 +9.6893e-01 -3.1251e+00 -3.9871e+00 -4.0905e+00 +3.6994e+00 +2.7401e+00 -1.4692e-01 +3.2821e+00 +1.8599e-01 -3.5439e-01
651 0 +6.671037940e+00 +1.064710379e+02 +1.064710379e+02 +1.6342e+00 -3.3953e+00 -4.2068e+00 -3.9327e+00 +4.3591e+00 +2.9077e+00 +5.3305e-01 +2.2716e+00 +1.2367e+00 -7.2097e-01
659 0 +6.668207355e+00 +1.064682074e+02 +1.064682074e+02 +7.9635e-01 -2.9012e+00 -2.7894e+00 -4.6858e+00 +3.9527e+00 +3.4862e+00 -1.3799e-02 +3.7499e+00 +6.0239e-01 +6.8118e-01
701 0 +6.320671562e+00 +1.061206716e+02 +1.061206716e+02 +1.2630e+00 -3.0198e+00 -3.0426e+00 -4.1894e+00 +3.6625e+00 +3.3114e+00 +7.1213e-01 +2.4581e+00 +6.4426e-01 -6.7107e-01
801 0 +4.482382794e+00 +1.042823828e+02 +1.042823828e+02 +1.6350e+00 -3.0265e+00 -2.9653e+00 -3.8781e+00 +4.1069e+00 +3.0987e+00 +9.2985e-03 +2.9910e+00 +1.3124e+00 -1.1730e-01
813 0 +4.268688422e+00 +1.040686884e+02 +1.040686884e+02 +9.4633e-01 -2.8429e+00 -3.3605e+00 -4.3431e+00 +4.5680e+00 +2.9577e+00 +1.0488e+00 +2.2591e+00 +1.0725e+00 -1.9039e-01
853 0 +3.578620384e+00 +1.033786204e+02 +1.033786204e+02 +1.0911e+00 -3.0864e+00 -3.5629e+00 -4.5623e+00 +4.5447e+00 +3.0341e+00 +4.2388e-01 +3.0990e+00 +8.8530e-01 +5.1438e-02
901 0 +3.304244340e+00 +1.031042443e+02 +1.031042443e+02 +1.0095e+00 -2.8161e+00 -3.3348e+00 -4.2922e+00 +3.8954e+00 +2.8942e+00 +2.9616e-01 +3.1554e+00 +8.1947e-01 -1.9094e-01
902 0 +3.258439961e+00 +1.030584400e+02 +1.030584400e+02 +1.1354e+00 -3.3273e+00 -3.2906e+00 -3.7921e+00 +4.3563e+00 +2.9584e+00 +3.4803e-01 +2.6768e+00 +1.4190e+00 -2.8467e-01
951 0 +3.122268235e+00 +1.029222682e+02 +1.029222682e+02 +1.2706e+00 -3.0069e+00 -3.3579e+00 -4.1644e+00 +4.2484e+00 +2.8896e+00 +1.2573e-01 +2.9722e+00 +1.0140e+00 -3.8893e-01
1001 0 +2.712876190e+00 +1.025128762e+02 +1.025128762e+02 +9.4586e-01 -2.8975e+00 -3.0908e+00 -4.0917e+00 +4.1705e+00 +3.0131e+00 +5.0692e-01 +2.6398e+00 +1.1980e+00 -7.6777e-02
1101 0 +2.685316558e+00 +1.024853166e+02 +1.024853166e+02 +9.4024e-01 -3.0974e+00 -3.2266e+00 -3.9747e+00 +4.3480e+00 +2.9475e+00 +5.4572e-01 +2.7610e+00 +1.0256e+00 -3.3499e-01
1201 0 +2.632121842e+00 +1.024321218e+02 +1.024321218e+02 +1.0791e+00 -3.0790e+00 -3.1263e+00 -4.0993e+00 +4.1670e+00 +2.8714e+00 +4.4775e-01 +2.6697e+00 +1.1886e+00 -2.1222e-01
1301 0 +2.629688763e+00 +1.024296888e+02 +1.024296888e+02 +1.0126e+00 -3.0035e+00 -3.1947e+00 -4.0136e+00 +4.1334e+00 +2.8888e+00 +4.5817e-01 +2.7888e+00 +1.0526e+00 -2.2892e-01
1351 0 +2.619808269e+00 +1.024198083e+02 +1.024198083e+02 +1.0788e+00 -3.1278e+00 -3.1719e+00 -4.0793e+00 +4.1693e+00 +2.9631e+00 +5.3792e-01 +2.8188e+00 +1.1972e+00 -1.6791e-01
1452 0 +2.607751174e+00 +1.024077512e+02 +1.024077512e+02 +1.0314e+00 -3.0858e+00 -3.1805e+00 -4.0805e+00 +4.2279e+00 +2.8705e+00 +4.9086e-01 +2.7910e+00 +1.2018e+00 -1.4078e-01
1453 0 +2.606045484e+00 +1.024060455e+02 +1.024060455e+02 +9.9202e-01 -3.0133e+00 -3.1327e+00 -4.0413e+00 +4.1685e+00 +2.9106e+00 +4.9062e-01 +2.8189e+00 +1.1190e+00 -1.3032e-01
1501 0 +2.603318824e+00 +1.024033188e+02 +1.024033188e+02 +1.0176e+00 -3.0037e+00 -3.2089e+00 -4.0292e+00 +4.1766e+00 +2.9289e+00 +5.2346e-01 +2.7557e+00 +1.1799e+00 -1.7706e-01
1551 0 +2.599268750e+00 +1.023992687e+02 +1.023992687e+02 +9.8235e-01 -3.0395e+00 -3.1657e+00 -4.0519e+00 +4.2403e+00 +2.9043e+00 +4.8742e-01 +2.8150e+00 +1.0827e+00 -1.6347e-01
1601 0 +2.597890139e+00 +1.023978901e+02 +1.023978901e+02 +9.9738e-01 -3.0496e+00 -3.1909e+00 -4.0795e+00 +4.2258e+00 +2.8918e+00 +5.1967e-01 +2.7788e+00 +1.1190e+00 -1.9692e-01
1602 0 +2.597867017e+00 +1.023978670e+02 +1.023978670e+02 +9.4754e-01 -3.0380e+00 -3.2334e+00 -4.0982e+00 +4.2401e+00 +2.9345e+00 +4.8592e-01 +2.8325e+00 +1.1117e+00 -1.7475e-01
1651 0 +2.592478786e+00 +1.023924788e+02 +1.023924788e+02 +9.7898e-01 -3.0505e+00 -3.1939e+00 -4.0572e+00 +4.2216e+00 +2.9242e+00 +4.9385e-01 +2.8121e+00 +1.1393e+00 -1.7960e-01
1751 0 +2.591641886e+00 +1.023916419e+02 +1.023916419e+02 +9.8047e-01 -3.0470e+00 -3.2070e+00 -4.0696e+00 +4.2186e+00 +2.9150e+00 +4.9065e-01 +2.8116e+00 +1.1248e+00 -1.8889e-01
1801 0 +2.591498670e+00 +1.023914987e+02 +1.023914987e+02 +1.0067e+00 -3.0560e+00 -3.1992e+00 -4.0635e+00 +4.2186e+00 +2.9103e+00 +4.7946e-01 +2.8095e+00 +1.1350e+00 -1.9018e-01
1901 0 +2.591083660e+00 +1.023910837e+02 +1.023910837e+02 +1.0006e+00 -3.0523e+00 -3.1945e+00 -4.0510e+00 +4.2128e+00 +2.9212e+00 +4.9976e-01 +2.7722e+00 +1.1387e+00 -1.8403e-01
1951 0 +2.590977261e+00 +1.023909773e+02 +1.023909773e+02 +1.0086e+00 -3.0463e+00 -3.1926e+00 -4.0603e+00 +4.2153e+00 +2.9211e+00 +4.8676e-01 +2.7889e+00 +1.1443e+00 -1.7469e-01
2001 0 +2.590698990e+00 +1.023906990e+02 +1.023906990e+02 +1.0017e+00 -3.0422e+00 -3.1951e+00 -4.0653e+00 +4.2151e+00 +2.9155e+00 +4.8732e-01 +2.7822e+00 +1.1304e+00 -1.7592e-01
2101 0 +2.590665761e+00 +1.023906658e+02 +1.023906658e+02 +1.0052e+00 -3.0500e+00 -3.1943e+00 -4.0587e+00 +4.2185e+00 +2.9156e+00 +4.9312e-01 +2.7814e+00 +1.1413e+00 -1.8365e-01
2151 0 +2.590616215e+00 +1.023906162e+02 +1.023906162e+02 +1.0023e+00 -3.0430e+00 -3.1973e+00 -4.0624e+00 +4.2205e+00 +2.9176e+00 +4.8770e-01 +2.7852e+00 +1.1340e+00 -1.8040e-01
2201 0 +2.590593003e+00 +1.023905930e+02 +1.023905930e+02 +9.9778e-01 -3.0437e+00 -3.1961e+00 -4.0634e+00 +4.2207e+00 +2.9200e+00 +4.9453e-01 +2.7820e+00 +1.1351e+00 -1.7956e-01
2301 0 +2.590572178e+00 +1.023905722e+02 +1.023905722e+02 +1.0009e+00 -3.0472e+00 -3.1996e+00 -4.0658e+00 +4.2206e+00 +2.9189e+00 +4.9332e-01 +2.7842e+00 +1.1368e+00 -1.8079e-01
2351 0 +2.590567661e+00 +1.023905677e+02 +1.023905677e+02 +9.9924e-01 -3.0459e+00 -3.1967e+00 -4.0635e+00 +4.2179e+00 +2.9162e+00 +4.9305e-01 +2.7847e+00 +1.1369e+00 -1.7977e-01
% f evaluations | g evaluations | best noise-free fitness - Fopt (-1.194100000000e+02) + sum g_i+ | measured fitness | best measured fitness or single-digit g-values | x1 | x2...
1 0 +7.751724898e+01 -4.189275102e+01 -4.189275102e+01 +5.9671e-01 -3.8264e-02 +7.4769e-01 +1.6230e+00 -1.3415e-01 -1.3414e-01 +1.6792e+00 +8.6743e-01 -3.6947e-01 +6.4256e-01
6 0 +7.677999533e+01 -4.263000467e+01 -4.263000467e+01 +4.2408e-01 -2.8508e-01 -5.7692e-01 +7.1168e-01 +1.1310e+00 +1.0313e+00 -7.3922e-01 -2.0921e-01 +4.3126e-01 +1.0755e+00
17 0 +7.236273790e+01 -4.704726210e+01 -4.704726210e+01 -8.7468e-01 +8.8708e-01 +1.2586e+00 -7.2068e-01 +1.0634e+00 +5.1278e-01 +9.2206e-01 +1.9968e+00 -1.4539e-01 -6.5374e-01
18 0 +7.131435777e+01 -4.809564223e+01 -4.809564223e+01 -7.8951e-01 -7.1581e-01 +2.2898e-02 +4.4115e-01 +3.7669e-01 +9.2718e-01 +1.1300e-01 +1.5535e+00 -1.6466e-01 +2.8202e+00
24 0 +6.819395380e+01 -5.121604620e+01 -5.121604620e+01 -6.3037e-01 +3.1646e-01 +1.4557e-01 -5.5160e-01 +2.2439e+00 +7.3392e-01 -1.9251e+00 +2.8645e-01 -5.6179e-01 +9.5243e-01
51 0 +6.648852035e+01 -5.292147965e+01 -5.292147965e+01 -8.1237e-01 -1.4836e+00 +2.4882e-01 -5.2446e-01 +2.8143e+00 +6.9159e-01 -8.6554e-01 +1.2431e+00 +8.2099e-02 +9.7994e-01
52 0 +4.925145846e+01 -7.015854154e+01 -7.015854154e+01 -6.2173e-01 -9.5349e-01 +1.1323e+00 -5.5541e-01 +2.9384e+00 +1.3390e-01 -2.1265e+00 +1.7415e+00 -1.8926e-01 +9.4475e-02
57 0 +4.449379370e+01 -7.491620630e+01 -7.491620630e+01 -3.4877e-01 -1.2640e+00 +1.9071e+00 -4.4260e-01 +1.3506e+00 -3.2379e-02 -1.5689e+00 +2.2522e+00 -2.9671e-02 +7.1268e-02
92 0 +3.879367926e+01 -8.061632074e+01 -8.061632074e+01 -2.2670e-01 +5.6941e-01 +1.7242e+00 -9.6985e-01 +3.1167e+00 -4.1206e-01 -2.9682e+00 +1.7758e+00 -2.1174e+00 +9.2689e-01
251 0 +2.632637840e+01 -9.308362160e+01 -9.308362160e+01 +3.4973e-01 +1.9187e+00 +2.4611e+00 -3.4264e-01 +3.2267e+00 -5.3216e-01 -2.2771e+00 +3.9982e+00 -1.5554e+00 +2.3616e+00
351 0 +2.503854875e+01 -9.437145125e+01 -9.437145125e+01 +9.6916e-01 +4.1741e-02 +2.7840e+00 -3.9508e-01 +3.0970e+00 +5.1603e-01 -2.5688e+00 +3.3862e+00 -1.2720e+00 +3.2681e+00
401 0 +2.068550654e+01 -9.872449346e+01 -9.872449346e+01 -1.6226e-01 +3.8220e-01 +2.9566e+00 -3.0147e-01 +3.4953e+00 +6.8898e-02 -1.6883e+00 +3.5693e+00 -7.0991e-01 +2.0550e+00
451 0 +1.821438044e+01 -1.011956196e+02 -1.011956196e+02 +1.1078e-01 -4.5575e-03 +2.2314e+00 -2.6184e-02 +3.3242e+00 -2.2172e-02 -1.2067e+00 +4.7005e+00 +7.1503e-01 +2.7690e+00
551 0 +1.747115145e+01 -1.019388486e+02 -1.019388486e+02 -3.4334e-01 -2.2496e-01 +3.2193e+00 -5.2620e-01 +2.8133e+00 +7.6617e-01 -2.0287e+00 +4.5541e+00 -5.7859e-02 +3.0249e+00
552 0 +1.730526217e+01 -1.021047378e+02 -1.021047378e+02 -2.6208e-01 +4.5443e-02 +2.9188e+00 -1.9943e-01 +2.9560e+00 +8.7593e-02 -1.0836e+00 +4.7269e+00 +7.6920e-01 +2.8770e+00
601 0 +1.717502675e+01 -1.022349733e+02 -1.022349733e+02 -2.4492e-01 +1.3832e-01 +2.6332e+00 -2.2602e-01 +2.6963e+00 +5.1909e-01 -1.3944e+00 +3.8466e+00 +7.6302e-01 +2.6012e+00
651 0 +1.713806476e+01 -1.022719352e+02 -1.022719352e+02 +2.4860e-01 +4.2868e-01 +2.8108e+00 +8.4084e-01 +2.7797e+00 +4.4128e-01 -1.1883e+00 +4.4703e+00 +6.8917e-01 +2.9756e+00
655 0 +1.702360959e+01 -1.023863904e+02 -1.023863904e+02 -2.9427e-02 +2.9608e-01 +2.3730e+00 -7.3063e-01 +3.2354e+00 +5.1509e-01 -1.8912e+00 +4.0563e+00 +5.0367e-02 +3.2842e+00
701 0 +1.562254302e+01 -1.037874570e+02 -1.037874570e+02 -7.9815e-02 +5.3814e-03 +2.6988e+00 -5.6494e-01 +3.0629e+00 +7.1555e-01 -1.7195e+00 +4.2870e+00 -2.8208e-01 +2.7807e+00
801 0 +1.528840732e+01 -1.041215927e+02 -1.041215927e+02 -1.8370e-01 +8.3527e-02 +2.8432e+00 -1.2255e-01 +2.7079e+00 +7.7025e-01 -1.2853e+00 +4.3403e+00 +1.5776e-01 +2.7622e+00
802 0 +1.524050813e+01 -1.041694919e+02 -1.041694919e+02 -1.1331e-01 -1.7919e-01 +2.8974e+00 -1.1194e-01 +2.9086e+00 +4.8710e-01 -1.8023e+00 +4.2683e+00 +2.0871e-01 +2.9107e+00
851 0 +1.504515664e+01 -1.043648434e+02 -1.043648434e+02 -2.4680e-01 +3.4799e-01 +2.4506e+00 +2.6235e-02 +2.7850e+00 +5.8487e-01 -1.6749e+00 +4.3067e+00 -2.2963e-01 +2.7480e+00
901 0 +1.488937233e+01 -1.045206277e+02 -1.045206277e+02 -1.2378e-02 +2.4541e-01 +2.6154e+00 -1.3409e-02 +2.9587e+00 +4.7427e-01 -1.7611e+00 +4.3572e+00 -1.6131e-02 +2.9008e+00
951 0 +1.471821083e+01 -1.046917892e+02 -1.046917892e+02 -1.5999e-01 -3.6194e-02 +2.6883e+00 -1.4076e-01 +2.8911e+00 +5.1493e-01 -1.5365e+00 +4.3545e+00 +8.7560e-02 +2.8396e+00
1051 0 +1.471140063e+01 -1.046985994e+02 -1.046985994e+02 -1.9488e-01 +2.2541e-01 +2.5323e+00 -8.9767e-02 +2.8958e+00 +4.9063e-01 -1.6333e+00 +4.2111e+00 +7.1061e-02 +2.5514e+00
1052 0 +1.470867050e+01 -1.047013295e+02 -1.047013295e+02 -2.0560e-01 +2.3736e-01 +2.7208e+00 -5.6364e-02 +2.9241e+00 +5.4915e-01 -1.4887e+00 +4.3319e+00 +1.4058e-01 +2.9022e+00
1101 0 +1.467693463e+01 -1.047330654e+02 -1.047330654e+02 -1.8229e-01 +2.1279e-01 +2.7245e+00 -4.4315e-02 +2.8562e+00 +5.6324e-01 -1.6434e+00 +4.2967e+00 +1.1264e-01 +2.8427e+00
1151 0 +1.462413823e+01 -1.047858618e+02 -1.047858618e+02 -1.8232e-01 +1.3835e-01 +2.7012e+00 -1.0027e-01 +2.9508e+00 +4.7671e-01 -1.6394e+00 +4.3124e+00 +7.4368e-02 +2.6834e+00
1201 0 +1.460045974e+01 -1.048095403e+02 -1.048095403e+02 -1.4732e-01 +1.4317e-01 +2.6806e+00 -5.3431e-02 +2.8941e+00 +4.9265e-01 -1.6381e+00 +4.2012e+00 +3.6193e-02 +2.6824e+00
1351 0 +1.459949042e+01 -1.048105096e+02 -1.048105096e+02 -2.1936e-01 +1.1561e-01 +2.6981e+00 -3.8496e-02 +2.8394e+00 +5.2038e-01 -1.5831e+00 +4.2811e+00 +6.2591e-02 +2.7011e+00
1401 0 +1.459657828e+01 -1.048134217e+02 -1.048134217e+02 -1.6290e-01 +1.5682e-01 +2.7209e+00 +9.6863e-03 +2.8824e+00 +5.2188e-01 -1.5755e+00 +4.2989e+00 +8.9292e-02 +2.7372e+00
1451 0 +1.459409681e+01 -1.048159032e+02 -1.048159032e+02 -1.5721e-01 +1.5375e-01 +2.6837e+00 +5.2257e-03 +2.8822e+00 +5.0652e-01 -1.5950e+00 +4.2613e+00 +6.5955e-02 +2.6877e+00
1501 0 +1.459120721e+01 -1.048187928e+02 -1.048187928e+02 -1.7544e-01 +1.4000e-01 +2.6994e+00 -7.0974e-02 +2.9185e+00 +5.2784e-01 -1.5684e+00 +4.3147e+00 +9.7659e-02 +2.7374e+00
1551 0 +1.458849700e+01 -1.048215030e+02 -1.048215030e+02 -1.5776e-01 +1.4173e-01 +2.7111e+00 -4.5581e-02 +2.8768e+00 +5.0891e-01 -1.5900e+00 +4.2588e+00 +7.6403e-02 +2.7122e+00
1601 0 +1.458798755e+01 -1.048220125e+02 -1.048220125e+02 -1.7612e-01 +1.3671e-01 +2.6803e+00 -6.6234e-02 +2.9005e+00 +5.1546e-01 -1.5641e+00 +4.2750e+00 +5.8876e-02 +2.7325e+00
1651 0 +1.458701995e+01 -1.048229801e+02 -1.048229801e+02 -1.6672e-01 +1.3752e-01 +2.6958e+00 -4.5212e-02 +2.8865e+00 +5.1684e-01 -1.5649e+00 +4.2691e+00 +6.7257e-02 +2.7180e+00
1701 0 +1.458653638e+01 -1.048234636e+02 -1.048234636e+02 -1.7005e-01 +1.3805e-01 +2.6755e+00 -5.3396e-02 +2.8856e+00 +5.0741e-01 -1.5793e+00 +4.2699e+00 +6.8833e-02 +2.7166e+00
1751 0 +1.458566645e+01 -1.048243335e+02 -1.048243335e+02 -1.6789e-01 +1.3054e-01 +2.6927e+00 -5.9939e-02 +2.8931e+00 +5.2239e-01 -1.5822e+00 +4.2755e+00 +7.5206e-02 +2.7116e+00
1851 0 +1.458560419e+01 -1.048243958e+02 -1.048243958e+02 -1.6892e-01 +1.3377e-01 +2.6911e+00 -4.4960e-02 +2.8935e+00 +5.2100e-01 -1.5950e+00 +4.2648e+00 +6.8777e-02 +2.7247e+00
1901 0 +1.458525106e+01 -1.048247489e+02 -1.048247489e+02 -1.7708e-01 +1.3322e-01 +2.6910e+00 -6.5115e-02 +2.8959e+00 +5.1868e-01 -1.5853e+00 +4.2751e+00 +6.0853e-02 +2.7220e+00
1951 0 +1.458512942e+01 -1.048248706e+02 -1.048248706e+02 -1.7663e-01 +1.3314e-01 +2.6914e+00 -6.0344e-02 +2.8975e+00 +5.2810e-01 -1.5863e+00 +4.2734e+00 +6.5154e-02 +2.7259e+00
2001 0 +1.458507830e+01 -1.048249217e+02 -1.048249217e+02 -1.7371e-01 +1.3857e-01 +2.6912e+00 -5.3781e-02 +2.8911e+00 +5.2107e-01 -1.5935e+00 +4.2723e+00 +6.1329e-02 +2.7252e+00
2051 0 +1.458490384e+01 -1.048250962e+02 -1.048250962e+02 -1.7349e-01 +1.3859e-01 +2.6931e+00 -5.0827e-02 +2.8888e+00 +5.2158e-01 -1.5866e+00 +4.2719e+00 +6.5613e-02 +2.7213e+00
2151 0 +1.458488831e+01 -1.048251117e+02 -1.048251117e+02 -1.7433e-01 +1.3679e-01 +2.6935e+00 -5.3166e-02 +2.8925e+00 +5.2034e-01 -1.5840e+00 +4.2754e+00 +6.3700e-02 +2.7216e+00
2201 0 +1.458487999e+01 -1.048251200e+02 -1.048251200e+02 -1.7321e-01 +1.3767e-01 +2.6933e+00 -5.0904e-02 +2.8932e+00 +5.1986e-01 -1.5862e+00 +4.2739e+00 +6.7845e-02 +2.7227e+00
2301 0 +1.458485761e+01 -1.048251424e+02 -1.048251424e+02 -1.7455e-01 +1.3771e-01 +2.6928e+00 -5.3889e-02 +2.8920e+00 +5.2107e-01 -1.5855e+00 +4.2737e+00 +6.6028e-02 +2.7228e+00
2351 0 +1.458484692e+01 -1.048251531e+02 -1.048251531e+02 -1.7487e-01 +1.3892e-01 +2.6911e+00 -5.3090e-02 +2.8932e+00 +5.2111e-01 -1.5858e+00 +4.2739e+00 +6.4636e-02 +2.7217e+00
% f evaluations | g evaluations | best noise-free fitness - Fopt (1.077000000000e+01) + sum g_i+ | measured fitness | best measured fitness or single-digit g-values | x1 | x2...
1 0 +7.974913433e+01 +9.051913433e+01 +9.051913433e+01 +5.9671e-01 -3.8264e-02 +7.4769e-01 +1.6230e+00 -1.3415e-01 -1.3414e-01 +1.6792e+00 +8.6743e-01 -3.6947e-01 +6.4256e-01
4 0 +7.160999518e+01 +8.237999518e+01 +8.237999518e+01 -5.0171e-01 +1.9523e+00 +8.6503e-02 -9.5771e-01 +9.2254e-01 -1.1208e+00 +3.0886e-01 -1.8597e+00 -1.2282e+00 +2.9686e-01
51 0 +7.026124015e+01 +8.103124015e+01 +8.103124015e+01 -1.0339e+00 +4.0651e+00 -4.8831e-01 -5.5893e-01 +4.9776e-01 -1.6815e+00 +1.9728e+00 -8.4406e-01 -1.5755e+00 -8.5532e-01
59 0 +6.226221912e+01 +7.303221912e+01 +7.303221912e+01 -1.5769e+00 +1.8320e+00 -1.4028e+00 -1.3571e+00 -2.1022e+00 -6.3293e-01 +1.4826e+00 -2.2472e+00 +1.1807e+00 +2.2104e+00
216 0 +4.251112940e+01 +5.328112940e+01 +5.328112940e+01 +2.3319e-01 +3.4464e+00 -3.8027e+00 -3.7880e-01 +9.4020e-01 -1.7571e-01 +3.8915e+00 -3.0507e+00 -2.9860e+00 +3.3647e+00
306 0 +3.249943478e+01 +4.326943478e+01 +4.326943478e+01 +6.4873e-01 +2.8553e+00 -6.5730e-01 +7.2002e-01 -6.6693e-01 +4.0621e-01 +2.2372e+00 -3.1061e+00 -3.0576e+00 +2.4310e+00
401 0 +3.133556146e+01 +4.210556146e+01 +4.210556146e+01 +8.4583e-01 +2.6365e+00 -1.5234e+00 -4.8182e-01 -3.9109e-01 +9.2477e-01 +2.4210e+00 -1.9905e+00 -3.4717e+00 +1.2024e+00
403 0 +3.102846421e+01 +4.179846421e+01 +4.179846421e+01 +2.9640e-01 +3.4385e+00 -3.6816e+00 -9.0777e-01 +1.9036e+00 +1.0248e+00 +2.9158e+00 -2.3447e+00 -2.6712e+00 +1.9445e+00
479 0 +3.055412134e+01 +4.132412134e+01 +4.132412134e+01 -8.3886e-01 +3.9187e+00 -2.9600e+00 -5.2640e-01 +2.8409e-01 -1.5616e+00 +1.8656e+00 -4.3327e+00 -3.5180e+00 +2.0136e+00
501 0 +2.375681642e+01 +3.452681642e+01 +3.452681642e+01 +7.4295e-01 +2.6983e+00 -1.0121e+00 -8.4841e-01 -4.4579e-01 +5.1240e-01 +1.9559e+00 -2.5713e+00 -4.3111e+00 +2.4592e+00
551 0 +2.225436821e+01 +3.302436821e+01 +3.302436821e+01 +3.1036e-01 +3.6308e+00 -8.4311e-01 -7.2103e-01 +5.5767e-01 +6.8604e-01 +3.6484e+00 -2.6296e+00 -4.5875e+00 +3.4856e+00
552 0 +2.027807767e+01 +3.104807767e+01 +3.104807767e+01 +2.4048e-01 +4.7301e+00 -1.8050e+00 +2.9123e-01 +2.9964e-01 -4.5294e-01 +2.4192e+00 -3.2723e+00 -4.5552e+00 +2.6357e+00
651 0 +1.494100884e+01 +2.571100884e+01 +2.571100884e+01 +5.1505e-01 +2.8227e+00 -2.5286e+00 -1.4097e+00 +3.1264e-01 +6.8633e-01 +3.1519e+00 -3.1978e+00 -4.0011e+00 +2.8744e+00
702 0 +1.452077438e+01 +2.529077438e+01 +2.529077438e+01 +8.9336e-01 +3.1087e+00 -2.8000e+00 -7.8103e-01 +2.8393e-01 +1.3627e+00 +3.9377e+00 -3.2807e+00 -4.4798e+00 +2.0993e+00
767 0 +1.281215630e+01 +2.358215630e+01 +2.358215630e+01 +1.3026e+00 +3.7708e+00 -1.5874e+00 -5.2576e-01 +4.6505e-01 +1.9577e+00 +3.9464e+00 -2.2632e+00 -4.4951e+00 +3.0263e+00
801 0 +1.080190148e+01 +2.157190148e+01 +2.157190148e+01 +9.4460e-01 +4.0921e+00 -1.7780e+00 -1.4119e+00 +3.3951e-01 +1.6648e+00 +3.8134e+00 -2.9525e+00 -4.4125e+00 +2.5270e+00
902 0 +1.062393188e+01 +2.139393188e+01 +2.139393188e+01 +9.0240e-01 +4.0815e+00 -2.0079e+00 -6.5006e-01 +1.0643e-01 +8.4926e-01 +3.5672e+00 -3.5665e+00 -4.3556e+00 +2.8796e+00
951 0 +9.253073724e+00 +2.002307372e+01 +2.002307372e+01 +7.3479e-01 +4.4846e+00 -2.3607e+00 -6.0961e-01 +7.1352e-01 +1.4637e+00 +3.9162e+00 -2.9159e+00 -4.3640e+00 +2.5438e+00
1053 0 +9.224224720e+00 +1.999422472e+01 +1.999422472e+01 +4.7957e-01 +4.1533e+00 -2.2881e+00 -4.3822e-01 +3.6621e-01 +1.7212e+00 +4.2828e+00 -3.1230e+00 -4.9256e+00 +2.7860e+00
1102 0 +9.085639877e+00 +1.985563988e+01 +1.985563988e+01 +1.3066e+00 +4.2781e+00 -2.7102e+00 -5.4405e-01 +4.6124e-01 +1.9683e+00 +3.9704e+00 -2.8098e+00 -4.6596e+00 +2.7667e+00
1152 0 +8.954004849e+00 +1.972400485e+01 +1.972400485e+01 +8.9987e-01 +4.3789e+00 -2.4594e+00 -8.2224e-01 +5.7313e-01 +1.9214e+00 +4.0345e+00 -3.0496e+00 -4.7912e+00 +2.9533e+00
1301 0 +8.799898703e+00 +1.956989870e+01 +1.956989870e+01 +8.7603e-01 +4.2783e+00 -2.4044e+00 -9.4127e-01 +3.6519e-01 +1.7563e+00 +3.9638e+00 -3.0021e+00 -4.5980e+00 +2.8696e+00
1451 0 +8.793741909e+00 +1.956374191e+01 +1.956374191e+01 +9.3305e-01 +4.2848e+00 -2.3207e+00 -6.9673e-01 +3.8552e-01 +1.7525e+00 +4.0136e+00 -2.9331e+00 -4.7122e+00 +2.8187e+00
1455 0 +8.788731910e+00 +1.955873191e+01 +1.955873191e+01 +1.0606e+00 +4.1830e+00 -2.3523e+00 -7.1243e-01 +3.0747e-01 +1.7848e+00 +3.8881e+00 -2.9301e+00 -4.6651e+00 +2.8286e+00
1501 0 +8.768373344e+00 +1.953837334e+01 +1.953837334e+01 +8.8565e-01 +4.3519e+00 -2.3241e+00 -7.8961e-01 +4.2165e-01 +1.8087e+00 +4.0497e+00 -3.0119e+00 -4.7204e+00 +2.8526e+00
1601 0 +8.764038207e+00 +1.953403821e+01 +1.953403821e+01 +1.0093e+00 +4.3235e+00 -2.3806e+00 -8.7820e-01 +3.4427e-01 +1.8528e+00 +3.9645e+00 -3.0379e+00 -4.7209e+00 +2.8742e+00
1602 0 +8.760100748e+00 +1.953010075e+01 +1.953010075e+01 +9.2166e-01 +4.2932e+00 -2.4633e+00 -8.1694e-01 +3.7105e-01 +1.8611e+00 +4.0360e+00 -3.0829e+00 -4.7219e+00 +2.9000e+00
1651 0 +8.756475206e+00 +1.952647521e+01 +1.952647521e+01 +9.4531e-01 +4.3257e+00 -2.4023e+00 -7.7781e-01 +3.6611e-01 +1.8383e+00 +3.9962e+00 -2.9811e+00 -4.7105e+00 +2.8349e+00
1701 0 +8.748977367e+00 +1.951897737e+01 +1.951897737e+01 +1.0277e+00 +4.3198e+00 -2.4456e+00 -7.7848e-01 +4.0541e-01 +1.8095e+00 +3.9293e+00 -3.0181e+00 -4.6932e+00 +2.8593e+00
1751 0 +8.744940634e+00 +1.951494063e+01 +1.951494063e+01 +9.7639e-01 +4.3147e+00 -2.4218e+00 -8.0338e-01 +4.0138e-01 +1.7778e+00 +3.9681e+00 -3.0348e+00 -4.7039e+00 +2.8318e+00
1901 0 +8.744630898e+00 +1.951463090e+01 +1.951463090e+01 +1.0019e+00 +4.2909e+00 -2.4248e+00 -8.0137e-01 +3.7400e-01 +1.8211e+00 +3.9755e+00 -2.9996e+00 -4.7308e+00 +2.8514e+00
1951 0 +8.743597042e+00 +1.951359704e+01 +1.951359704e+01 +9.9443e-01 +4.2987e+00 -2.4297e+00 -7.9093e-01 +3.9332e-01 +1.7908e+00 +3.9632e+00 -3.0303e+00 -4.7083e+00 +2.8529e+00
1952 0 +8.743463307e+00 +1.951346331e+01 +1.951346331e+01 +9.8358e-01 +4.2757e+00 -2.4439e+00 -8.1271e-01 +3.8634e-01 +1.7941e+00 +3.9641e+00 -3.0343e+00 -4.7108e+00 +2.8480e+00
2051 0 +8.743089584e+00 +1.951308958e+01 +1.951308958e+01 +9.9039e-01 +4.3020e+00 -2.4380e+00 -8.0869e-01 +3.9056e-01 +1.8159e+00 +3.9808e+00 -3.0281e+00 -4.7117e+00 +2.8529e+00
2151 0 +8.742879805e+00 +1.951287981e+01 +1.951287981e+01 +9.9083e-01 +4.2985e+00 -2.4400e+00 -8.0948e-01 +3.9215e-01 +1.8111e+00 +3.9727e+00 -3.0238e+00 -4.7089e+00 +2.8528e+00
2351 0 +8.742831887e+00 +1.951283189e+01 +1.951283189e+01 +9.9674e-01 +4.2970e+00 -2.4372e+00 -8.1274e-01 +3.8965e-01 +1.8061e+00 +3.9675e+00 -3.0307e+00 -4.7111e+00 +2.8525e+00
2401 0 +8.742799723e+00 +1.951279972e+01 +1.951279972e+01 +9.9171e-01 +4.2941e+00 -2.4322e+00 -8.1707e-01 +3.8858e-01 +1.8096e+00 +3.9699e+00 -3.0245e+00 -4.7145e+00 +2.8536e+00
% f evaluations | g evaluations | best noise-free fitness - Fopt (2.137000000000e+01) + sum g_i+ | measured fitness | best measured fitness or single-digit g-values | x1 | x2...
1 0 +8.383956709e+01 +1.052095671e+02 +1.052095671e+02 +5.9671e-01 -3.8264e-02 +7.4769e-01 +1.6230e+00 -1.3415e-01 -1.3414e-01 +1.6792e+00 +8.6743e-01 -3.6947e-01 +6.4256e-01
2 0 +8.042922161e+01 +1.017992216e+02 +1.017992216e+02 -3.6342e-01 -3.6573e-01 +3.4196e-01 -1.8133e+00 -1.6249e+00 -4.6229e-01 -9.1283e-01 +4.1425e-01 -8.0802e-01 -1.3123e+00
17 0 +8.017889666e+01 +1.015488967e+02 +1.015488967e+02 -8.7468e-01 +8.8708e-01 +1.2586e+00 -7.2068e-01 +1.0634e+00 +5.1278e-01 +9.2206e-01 +1.9968e+00 -1.4539e-01 -6.5374e-01
29 0 +7.957236286e+01 +1.009423629e+02 +1.009423629e+02 +2.1352e-01 +7.6213e-01 +1.6860e+00 -1.1378e+00 +2.2330e+00 -1.8521e+00 -5.1785e-02 +6.8832e-01 +3.8099e-01 -5.2270e-01
45 0 +7.731561834e+01 +9.868561834e+01 +9.868561834e+01 +4.8407e-01 +6.7305e-02 -1.9674e+00 +1.0880e-02 -1.2045e+00 +7.6967e-01 +4.6660e-01 -8.3988e-01 -4.1387e-01 -9.5921e-01
55 0 +7.656419319e+01 +9.793419319e+01 +9.793419319e+01 -1.9060e+00 +4.8076e-01 +1.0933e+00 -1.5509e+00 -1.5133e+00 -9.2598e-02 +8.5573e-01 -8.1628e-01 -8.5980e-01 -7.8627e-02
57 0 +7.616059405e+01 +9.753059405e+01 +9.753059405e+01 +4.7794e-02 -4.3342e-01 +2.7537e-02 -1.4881e+00 -5.6069e-01 -1.4479e+00 -2.9906e-01 -2.5593e+00 -4.4985e-01 +3.8887e-01
59 0 +7.502714094e+01 +9.639714094e+01 +9.639714094e+01 +1.2238e+00 -1.1202e+00 +3.7162e-01 +1.0904e-02 -1.1144e+00 +3.5068e-01 +1.7931e+00 +5.4806e-01 -2.6248e+00 -1.0446e+00
74 0 +7.265029328e+01 +9.402029328e+01 +9.402029328e+01 +1.8205e+00 -1.7339e+00 +1.7702e-01 -8.0117e-01 -1.2920e+00 +2.3326e-01 +3.3298e-01 -2.4627e-01 -1.2577e+00 +4.4673e-01
101 0 +6.556031790e+01 +8.693031790e+01 +8.693031790e+01 +2.1261e+00 -3.8014e+00 +5.5431e-01 -6.4969e-02 -4.0090e+00 -2.2461e+00 -4.3439e-01 -1.8357e+00 -3.3649e+00 -1.0427e+00
102 0 +6.324035654e+01 +8.461035654e+01 +8.461035654e+01 +1.8299e+00 +2.9213e-01 -1.6295e+00 -2.0176e+00 -3.2290e+00 +6.0532e-01 -1.1687e+00 -2.2856e+00 -4.9955e+00 -1.5381e-01
104 0 +4.277358957e+01 +6.414358957e+01 +6.414358957e+01 +1.1207e+00 -2.7863e+00 -2.0048e+00 -1.3117e+00 -3.7290e+00 -8.2213e-01 +1.8695e+00 -8.6292e-01 -1.4964e+00 -1.0329e+00
253 0 +1.989762189e+01 +4.126762189e+01 +4.126762189e+01 -3.3293e-02 -2.3118e+00 -1.3941e+00 +4.7843e-01 -3.9260e+00 +5.8277e-01 -4.0933e-01 -3.8582e+00 -3.8415e+00 -1.1693e+00
525 0 +1.806583950e+01 +3.943583950e+01 +3.943583950e+01 -1.1051e+00 -9.4668e-02 -3.5295e+00 -1.9768e+00 -4.0484e+00 +5.0912e-01 -9.1823e-01 -4.8202e+00 -2.3855e+00 -1.9121e+00
552 0 +1.296841695e+01 +3.433841695e+01 +3.433841695e+01 +2.9056e-02 -7.5229e-01 -3.4101e+00 -1.3491e+00 -3.1649e+00 +9.9164e-01 -4.4489e-01 -4.0618e+00 -3.0632e+00 -1.3253e+00
652 0 +1.208947587e+01 +3.345947587e+01 +3.345947587e+01 -4.7362e-01 -1.3680e+00 -3.2648e+00 -1.6085e+00 -3.8240e+00 +3.8210e-01 +3.9066e-01 -3.7555e+00 -3.4378e+00 -1.6506e+00
678 0 +9.428335087e+00 +3.079833509e+01 +3.079833509e+01 -8.9571e-02 -1.0608e+00 -2.1434e+00 +1.8995e-01 -3.9695e+00 -2.3515e-02 -1.7434e+00 -3.2650e+00 -2.5418e+00 -1.2413e+00
701 0 +9.199202446e+00 +3.056920245e+01 +3.056920245e+01 -6.0584e-01 -2.0715e+00 -2.2713e+00 +9.4685e-02 -3.3574e+00 +9.4904e-01 +3.3609e-01 -3.6862e+00 -3.5837e+00 -1.7853e+00
754 0 +8.905879928e+00 +3.027587993e+01 +3.027587993e+01 -5.7266e-01 -1.8688e+00 -2.0850e+00 -2.4304e-01 -4.0363e+00 +5.0338e-01 -1.4136e+00 -3.4973e+00 -2.8848e+00 -1.7540e+00
802 0 +8.794634354e+00 +3.016463435e+01 +3.016463435e+01 +7.1032e-01 -4.5545e-01 -3.4148e+00 -1.7124e-01 -3.4170e+00 +5.3764e-01 -1.9365e+00 -2.3889e+00 -3.6495e+00 -1.0331e+00
804 0 +8.309000491e+00 +2.967900049e+01 +2.967900049e+01 -2.6076e-01 -1.2433e+00 -2.3090e+00 -7.8340e-01 -3.7405e+00 +2.3127e-01 -1.6595e-01 -3.7155e+00 -3.2600e+00 -1.0530e+00
928 0 +8.097786318e+00 +2.946778632e+01 +2.946778632e+01 -1.3272e-01 -9.4584e-01 -2.7132e+00 -9.5312e-01 -3.8975e+00 -2.7054e-02 +2.1872e-01 -3.3119e+00 -2.8097e+00 -1.2992e+00
953 0 +7.796330919e+00 +2.916633092e+01 +2.916633092e+01 -2.9594e-01 -1.4770e+00 -2.4373e+00 -3.0800e-01 -3.5392e+00 +3.6025e-01 -1.5038e-01 -3.0852e+00 -3.0897e+00 -1.3841e+00
960 0 +7.662847065e+00 +2.903284706e+01 +2.903284706e+01 +1.1404e-01 -9.5136e-01 -2.9732e+00 -3.2721e-01 -3.8951e+00 +7.9135e-03 -6.7445e-01 -3.1099e+00 -3.2308e+00 -1.4046e+00
1051 0 +7.649477958e+00 +2.901947796e+01 +2.901947796e+01 +2.0547e-01 -1.2272e+00 -2.8239e+00 -5.6831e-01 -3.9127e+00 -1.4059e-01 -6.1569e-01 -3.2260e+00 -3.0341e+00 -1.1944e+00
1102 0 +7.575051443e+00 +2.894505144e+01 +2.894505144e+01 +1.3808e-01 -9.8632e-01 -2.6431e+00 -6.7478e-02 -3.8400e+00 -1.5275e-01 -5.3864e-01 -3.0524e+00 -3.0877e+00 -9.5398e-01
1151 0 +7.508707470e+00 +2.887870747e+01 +2.887870747e+01 -1.0848e-01 -1.2355e+00 -2.6326e+00 -5.9475e-01 -3.8307e+00 +1.7763e-01 -6.3201e-01 -3.3342e+00 -3.1530e+00 -1.2929e+00
1251 0 +7.421847622e+00 +2.879184762e+01 +2.879184762e+01 -3.0473e-02 -8.7971e-01 -2.7043e+00 -4.9311e-01 -3.7841e+00 -8.5672e-02 -1.5154e-01 -3.1547e+00 -3.0292e+00 -1.1246e+00
1252 0 +7.421053269e+00 +2.879105327e+01 +2.879105327e+01 -1.2591e-01 -1.0594e+00 -2.8780e+00 -4.3946e-02 -3.8454e+00 +2.6879e-01 -7.6700e-01 -3.1102e+00 -3.0825e+00 -1.3846e+00
1253 0 +7.369104452e+00 +2.873910445e+01 +2.873910445e+01 +5.3374e-03 -1.1920e+00 -2.7394e+00 -9.5877e-02 -3.7855e+00 +2.6371e-01 -6.1842e-01 -3.0808e+00 -3.2533e+00 -1.3501e+00
1301 0 +7.357542685e+00 +2.872754268e+01 +2.872754268e+01 +2.7000e-02 -8.6655e-01 -2.9413e+00 -6.8291e-02 -3.8463e+00 +2.5546e-01 -7.8780e-01 -3.0191e+00 -3.2134e+00 -1.2629e+00
1353 0 +7.357002086e+00 +2.872700209e+01 +2.872700209e+01 -2.2027e-02 -1.0670e+00 -2.8175e+00 -5.1096e-02 -3.8416e+00 +1.5559e-01 -6.0645e-01 -3.2045e+00 -3.1343e+00 -1.3013e+00
1354 0 +7.336205662e+00 +2.870620566e+01 +2.870620566e+01 -2.8849e-02 -9.8730e-01 -2.8643e+00 -2.4880e-01 -3.7918e+00 +2.1985e-01 -6.3137e-01 -2.9880e+00 -3.2193e+00 -1.2054e+00
1402 0 +7.317243067e+00 +2.868724307e+01 +2.868724307e+01 +6.3587e-02 -9.7298e-01 -2.9681e+00 -8.8592e-02 -3.8838e+00 +7.9947e-02 -6.3701e-01 -3.0701e+00 -3.1686e+00 -1.1678e+00
1451 0 +7.306889332e+00 +2.867688933e+01 +2.867688933e+01 +3.1765e-02 -1.0762e+00 -2.8826e+00 -1.7952e-01 -3.7798e+00 +2.7868e-01 -6.6480e-01 -3.0970e+00 -3.2296e+00 -1.2832e+00
1455 0 +7.304704870e+00 +2.867470487e+01 +2.867470487e+01 +1.3236e-01 -8.6603e-01 -2.9553e+00 -1.2261e-01 -3.7340e+00 +1.3400e-01 -6.5139e-01 -3.0010e+00 -3.1651e+00 -1.1862e+00
1501 0 +7.280260506e+00 +2.865026051e+01 +2.865026051e+01 +4.8404e-02 -9.6350e-01 -2.9147e+00 -1.6989e-01 -3.8174e+00 +1.2704e-01 -6.0855e-01 -3.0239e+00 -3.1681e+00 -1.1900e+00
1653 0 +7.279921536e+00 +2.864992154e+01 +2.864992154e+01 +1.2040e-01 -9.1147e-01 -2.9490e+00 -2.0828e-01 -3.7466e+00 +7.9392e-02 -5.4226e-01 -3.0163e+00 -3.1777e+00 -1.1306e+00
1751 0 +7.277868564e+00 +2.864786856e+01 +2.864786856e+01 +5.2581e-02 -9.4234e-01 -2.9265e+00 -1.4552e-01 -3.8061e+00 +1.4540e-01 -6.7890e-01 -3.0347e+00 -3.2006e+00 -1.1737e+00
1801 0 +7.276741864e+00 +2.864674186e+01 +2.864674186e+01 +9.6744e-02 -9.0672e-01 -2.9616e+00 -1.5061e-01 -3.7927e+00 +1.2290e-01 -6.9141e-01 -2.9981e+00 -3.2206e+00 -1.1446e+00
1802 0 +7.276234278e+00 +2.864623428e+01 +2.864623428e+01 +1.2173e-01 -8.9058e-01 -2.9587e+00 -1.3486e-01 -3.7722e+00 +1.2958e-01 -6.4853e-01 -2.9841e+00 -3.2265e+00 -1.1515e+00
1803 0 +7.275794315e+00 +2.864579431e+01 +2.864579431e+01 +1.2556e-01 -9.7322e-01 -2.9181e+00 -1.6028e-01 -3.7669e+00 +1.4071e-01 -6.4211e-01 -3.0285e+00 -3.2047e+00 -1.1784e+00
1851 0 +7.275591419e+00 +2.864559142e+01 +2.864559142e+01 +1.3242e-01 -8.9636e-01 -2.9758e+00 -1.7222e-01 -3.7819e+00 +1.1388e-01 -6.3708e-01 -3.0287e+00 -3.2020e+00 -1.1624e+00
1901 0 +7.273167846e+00 +2.864316785e+01 +2.864316785e+01 +8.5888e-02 -9.5052e-01 -2.9195e+00 -1.8812e-01 -3.7742e+00 +1.2223e-01 -6.1489e-01 -3.0290e+00 -3.1767e+00 -1.1605e+00
1951 0 +7.272929151e+00 +2.864292915e+01 +2.864292915e+01 +9.9648e-02 -9.1415e-01 -2.9245e+00 -2.0559e-01 -3.7714e+00 +1.1153e-01 -6.4182e-01 -3.0321e+00 -3.1766e+00 -1.1485e+00
1952 0 +7.272875999e+00 +2.864287600e+01 +2.864287600e+01 +1.0253e-01 -9.1753e-01 -2.9637e+00 -1.8129e-01 -3.7867e+00 +1.1025e-01 -6.0338e-01 -3.0113e+00 -3.1813e+00 -1.1541e+00
2001 0 +7.271991659e+00 +2.864199166e+01 +2.864199166e+01 +1.0796e-01 -9.2054e-01 -2.9436e+00 -1.7676e-01 -3.7746e+00 +1.2210e-01 -6.4235e-01 -3.0115e+00 -3.2014e+00 -1.1542e+00
2051 0 +7.271921070e+00 +2.864192107e+01 +2.864192107e+01 +9.4584e-02 -9.2513e-01 -2.9491e+00 -1.6243e-01 -3.7828e+00 +1.2373e-01 -6.1866e-01 -3.0207e+00 -3.1969e+00 -1.1633e+00
2151 0 +7.271703600e+00 +2.864170360e+01 +2.864170360e+01 +1.0429e-01 -9.2629e-01 -2.9428e+00 -1.7675e-01 -3.7762e+00 +1.2377e-01 -6.3401e-01 -3.0143e+00 -3.1949e+00 -1.1573e+00
2351 0 +7.271682321e+00 +2.864168232e+01 +2.864168232e+01 +1.0136e-01 -9.2124e-01 -2.9481e+00 -1.7242e-01 -3.7832e+00 +1.2393e-01 -6.3948e-01 -3.0205e+00 -3.1942e+00 -1.1614e+00
2401 0 +7.271657066e+00 +2.864165707e+01 +2.864165707e+01 +1.0503e-01 -9.2218e-01 -2.9495e+00 -1.7121e-01 -3.7820e+00 +1.2192e-01 -6.4150e-01 -3.0135e+00 -3.1946e+00 -1.1608e+00
2451 0 +7.271649475e+00 +2.864164948e+01 +2.864164948e+01 +1.0180e-01 -9.2250e-01 -2.9475e+00 -1.6893e-01 -3.7806e+00 +1.2271e-01 -6.3447e-01 -3.0134e+00 -3.1941e+00 -1.1590e+00
