% f evaluations | g evaluations | best noise-free fitness - Fopt (-5.235000000000e+01) + sum g_i+ | measured fitness | best measured fitness or single-digit g-values | x1 | x2...
1 0 +8.573881695e+01 +3.338881695e+01 +3.338881695e+01 +5.9671e-01 -3.8264e-02 +7.4769e-01 +1.6230e+00 -1.3415e-01
2 0 +7.039536500e+01 +1.804536500e+01 +1.804536500e+01 -1.3414e-01 +1.6792e+00 +8.6743e-01 -3.6947e-01 +6.4256e-01
3 0 +9.862298760e+00 -4.248770124e+01 -4.248770124e+01 -3.6342e-01 -3.6573e-01 +3.4196e-01 -1.8133e+00 -1.6249e+00
26 0 +6.332359747e+00 -4.601764025e+01 -4.601764025e+01 -1.5350e+00 -3.9231e+00 +1.3650e+00 -9.6133e-01 -3.8977e+00
27 0 +2.799201871e+00 -4.955079813e+01 -4.955079813e+01 -1.6853e+00 -5.8888e-01 +2.4350e+00 -1.7825e+00 -3.4392e+00
29 0 +1.947835897e+00 -5.040216410e+01 -5.040216410e+01 +4.5460e-01 -2.3174e+00 +3.4956e+00 -2.0352e+00 -1.3200e+00
37 0 +1.349918344e+00 -5.100008166e+01 -5.100008166e+01 +1.0189e-01 -6.6052e-01 +2.0575e+00 -3.2565e+00 -1.6548e+00
112 0 +1.214257017e+00 -5.113574298e+01 -5.113574298e+01 -2.2447e+00 -8.6418e-01 +2.7746e+00 -2.7135e+00 -1.4364e+00
153 0 +4.778914596e-01 -5.187210854e+01 -5.187210854e+01 -7.0263e-01 -1.4904e+00 +2.5746e+00 -2.7065e+00 -8.4952e-01
221 0 +2.931630360e-01 -5.205683696e+01 -5.205683696e+01 -8.4617e-01 -9.1447e-01 +2.6697e+00 -2.2654e+00 -1.3503e+00
227 0 +2.732918074e-01 -5.207670819e+01 -5.207670819e+01 -3.1784e-01 -9.5249e-01 +2.3835e+00 -1.9491e+00 -1.7861e+00
239 0 +1.970317679e-01 -5.215296823e+01 -5.215296823e+01 -1.0426e+00 -1.4820e+00 +2.5596e+00 -2.1130e+00 -1.5890e+00
257 0 +1.961161920e-01 -5.215388381e+01 -5.215388381e+01 -5.0690e-01 -1.1384e+00 +2.6363e+00 -2.2057e+00 -1.2702e+00
274 0 +1.469826022e-01 -5.220301740e+01 -5.220301740e+01 -7.4468e-01 -1.0882e+00 +2.6039e+00 -2.2043e+00 -1.9155e+00
277 0 +1.216397597e-01 -5.222836024e+01 -5.222836024e+01 -5.2152e-01 -1.0397e+00 +2.6125e+00 -2.0440e+00 -1.5048e+00
280 0 +1.168498999e-01 -5.223315010e+01 -5.223315010e+01 -7.6100e-01 -1.2175e+00 +2.6402e+00 -1.9403e+00 -1.2794e+00
284 0 +8.752630562e-02 -5.226247369e+01 -5.226247369e+01 -1.0310e+00 -1.4769e+00 +2.9129e+00 -2.3531e+00 -1.4718e+00
291 0 +8.258134075e-02 -5.226741866e+01 -5.226741866e+01 -9.4410e-01 -1.2591e+00 +2.7041e+00 -2.3109e+00 -1.7707e+00
328 0 +6.822935493e-02 -5.228177065e+01 -5.228177065e+01 -8.3342e-01 -1.1974e+00 +2.5802e+00 -2.3575e+00 -1.8171e+00
335 0 +3.421872483e-02 -5.231578128e+01 -5.231578128e+01 -7.0144e-01 -1.1057e+00 +2.5060e+00 -2.1172e+00 -1.4596e+00
355 0 +2.490681173e-02 -5.232509319e+01 -5.232509319e+01 -7.3135e-01 -1.1038e+00 +2.4386e+00 -2.2192e+00 -1.6095e+00
403 0 +1.443511776e-02 -5.233556488e+01 -5.233556488e+01 -7.8831e-01 -1.2347e+00 +2.6303e+00 -2.2260e+00 -1.5255e+00
451 0 +1.235648250e-02 -5.233764352e+01 -5.233764352e+01 -7.7384e-01 -1.1787e+00 +2.4753e+00 -2.2226e+00 -1.4701e+00
465 0 +1.191329726e-02 -5.233808670e+01 -5.233808670e+01 -8.4452e-01 -1.2707e+00 +2.6396e+00 -2.3223e+00 -1.4894e+00
472 0 +1.043712623e-02 -5.233956287e+01 -5.233956287e+01 -8.6487e-01 -1.2543e+00 +2.5957e+00 -2.2800e+00 -1.5123e+00
502 0 +8.624067694e-03 -5.234137593e+01 -5.234137593e+01 -7.8622e-01 -1.2079e+00 +2.5760e+00 -2.2146e+00 -1.5153e+00
504 0 +8.324424654e-03 -5.234167558e+01 -5.234167558e+01 -8.0549e-01 -1.2216e+00 +2.5546e+00 -2.2498e+00 -1.5025e+00
514 0 +6.986447702e-03 -5.234301355e+01 -5.234301355e+01 -8.0015e-01 -1.2105e+00 +2.5626e+00 -2.2313e+00 -1.5494e+00
532 0 +6.906232314e-03 -5.234309377e+01 -5.234309377e+01 -7.9711e-01 -1.2025e+00 +2.5135e+00 -2.2177e+00 -1.5196e+00
565 0 +4.640933086e-03 -5.234535907e+01 -5.234535907e+01 -7.9501e-01 -1.1709e+00 +2.4538e+00 -2.2788e+00 -1.5121e+00
575 0 +3.804504411e-03 -5.234619550e+01 -5.234619550e+01 -8.0801e-01 -1.2090e+00 +2.5523e+00 -2.2838e+00 -1.5323e+00
595 0 +2.749428255e-03 -5.234725057e+01 -5.234725057e+01 -8.6097e-01 -1.2505e+00 +2.5787e+00 -2.3691e+00 -1.5861e+00
735 0 +1.516666192e-03 -5.234848333e+01 -5.234848333e+01 -8.7856e-01 -1.2308e+00 +2.4900e+00 -2.3941e+00 -1.5049e+00
768 0 +1.338288433e-03 -5.234866171e+01 -5.234866171e+01 -9.0537e-01 -1.2603e+00 +2.5259e+00 -2.4083e+00 -1.5281e+00
832 0 +9.062390269e-04 -5.234909376e+01 -5.234909376e+01 -8.5006e-01 -1.2095e+00 +2.4801e+00 -2.3550e+00 -1.5067e+00
964 0 +7.489075694e-04 -5.234925109e+01 -5.234925109e+01 -8.4947e-01 -1.2402e+00 +2.5621e+00 -2.3194e+00 -1.5331e+00
1000 0 +7.361965316e-04 -5.234926380e+01 -5.234926380e+01 -8.8548e-01 -1.2438e+00 +2.5210e+00 -2.4029e+00 -1.5180e+00
1025 0 +3.054616373e-04 -5.234969454e+01 -5.234969454e+01 -8.9155e-01 -1.2625e+00 +2.5625e+00 -2.3970e+00 -1.5494e+00
% f evaluations | g evaluations | best noise-free fitness - Fopt (-1.795400000000e+02) + sum g_i+ | measured fitness | best measured fitness or single-digit g-values | x1 | x2...
1 0 +1.728725235e+01 -1.622527477e+02 -1.622527477e+02 +5.9671e-01 -3.8264e-02 +7.4769e-01 +1.6230e+00 -1.3415e-01
22 0 +1.702440765e+01 -1.625155923e+02 -1.625155923e+02 +5.0405e-01 +1.9862e+00 +2.7458e-01 +3.5755e-01 +2.5554e-02
23 0 +1.510000685e+01 -1.644399931e+02 -1.644399931e+02 -1.8188e+00 +7.3486e-02 +1.6023e-01 +2.5632e+00 -9.2361e-02
24 0 +1.287642982e+01 -1.666635702e+02 -1.666635702e+02 +4.0155e-01 +6.5288e-02 -1.0687e+00 +1.2428e+00 +8.5193e-01
26 0 +9.269552218e+00 -1.702704478e+02 -1.702704478e+02 -5.2604e-01 +3.7798e+00 -1.9867e+00 +1.0162e+00 +8.9014e-01
28 0 +7.267651949e+00 -1.722723481e+02 -1.722723481e+02 -3.6605e-01 +1.8741e+00 -1.0143e+00 +2.5712e-01 +2.4428e+00
33 0 +4.481867643e+00 -1.750581324e+02 -1.750581324e+02 +6.8880e-01 -1.8448e-01 -2.6689e+00 +2.1363e+00 +1.3269e+00
53 0 +2.749688281e+00 -1.767903117e+02 -1.767903117e+02 -5.8705e-01 +1.2102e+00 -4.5302e+00 +2.4934e+00 +3.7880e+00
58 0 +2.734086545e+00 -1.768059135e+02 -1.768059135e+02 +2.2089e+00 +1.3582e+00 -3.2636e+00 +2.7056e+00 +2.5986e+00
84 0 +2.349760442e+00 -1.771902396e+02 -1.771902396e+02 +3.5694e-01 +2.0158e+00 -4.7880e+00 +3.0329e+00 +2.6045e+00
92 0 +2.313533178e+00 -1.772264668e+02 -1.772264668e+02 -4.9959e-01 +6.5531e-01 -2.4684e+00 +2.0353e+00 +4.4884e+00
99 0 +8.021119629e-01 -1.787378880e+02 -1.787378880e+02 +5.1435e-01 +1.2921e+00 -3.4129e+00 +2.8738e+00 +3.4060e+00
158 0 +4.496384238e-01 -1.790903616e+02 -1.790903616e+02 +8.2262e-01 +1.2258e+00 -3.6730e+00 +2.4502e+00 +3.8092e+00
221 0 +4.033028569e-01 -1.791366971e+02 -1.791366971e+02 +8.8910e-01 +4.1373e-01 -3.9559e+00 +2.4599e+00 +3.9190e+00
228 0 +3.572432705e-01 -1.791827567e+02 -1.791827567e+02 +1.3155e+00 +4.7763e-01 -3.0626e+00 +2.0503e+00 +3.5806e+00
231 0 +1.457484057e-01 -1.793942516e+02 -1.793942516e+02 +1.1345e+00 +3.7644e-01 -3.5405e+00 +2.3671e+00 +3.6331e+00
259 0 +1.252540121e-01 -1.794147460e+02 -1.794147460e+02 +1.1961e+00 +5.0764e-01 -3.4718e+00 +2.6875e+00 +3.8356e+00
305 0 +1.168462496e-01 -1.794231538e+02 -1.794231538e+02 +9.8478e-01 +6.9955e-01 -3.3598e+00 +2.5355e+00 +3.7295e+00
316 0 +1.065372251e-01 -1.794334628e+02 -1.794334628e+02 +8.7214e-01 +6.6644e-01 -3.3886e+00 +2.5314e+00 +4.0434e+00
342 0 +8.249807398e-02 -1.794575019e+02 -1.794575019e+02 +9.2149e-01 +4.1152e-01 -3.4446e+00 +1.9977e+00 +3.7149e+00
343 0 +7.884791937e-02 -1.794611521e+02 -1.794611521e+02 +9.2758e-01 +4.2343e-01 -3.6032e+00 +2.0581e+00 +3.7772e+00
355 0 +7.049082717e-02 -1.794695092e+02 -1.794695092e+02 +1.0178e+00 +6.1215e-01 -3.4934e+00 +2.7290e+00 +4.0137e+00
363 0 +6.597802511e-02 -1.794740220e+02 -1.794740220e+02 +9.8986e-01 +7.8648e-01 -3.3572e+00 +2.6251e+00 +3.9132e+00
383 0 +4.635431115e-02 -1.794936457e+02 -1.794936457e+02 +8.8973e-01 +6.1545e-01 -3.5619e+00 +2.3660e+00 +3.9629e+00
414 0 +3.709534438e-02 -1.795029047e+02 -1.795029047e+02 +8.7702e-01 +4.4548e-01 -3.5001e+00 +2.3277e+00 +3.7785e+00
429 0 +3.514500419e-02 -1.795048550e+02 -1.795048550e+02 +9.3199e-01 +3.9118e-01 -3.4746e+00 +2.1264e+00 +3.7352e+00
431 0 +3.055063062e-02 -1.795094494e+02 -1.795094494e+02 +9.1485e-01 +4.1013e-01 -3.4613e+00 +2.1820e+00 +3.7676e+00
433 0 +1.276294706e-02 -1.795272371e+02 -1.795272371e+02 +8.8044e-01 +5.4255e-01 -3.4139e+00 +2.4356e+00 +3.8143e+00
454 0 +8.388847754e-03 -1.795316112e+02 -1.795316112e+02 +8.8566e-01 +5.0566e-01 -3.4734e+00 +2.3771e+00 +3.8375e+00
562 0 +7.653034442e-03 -1.795323470e+02 -1.795323470e+02 +7.8460e-01 +5.3970e-01 -3.4160e+00 +2.4924e+00 +3.8703e+00
569 0 +6.182506255e-03 -1.795338175e+02 -1.795338175e+02 +7.0890e-01 +5.1038e-01 -3.4820e+00 +2.3335e+00 +3.8743e+00
611 0 +5.846743016e-03 -1.795341533e+02 -1.795341533e+02 +7.3823e-01 +4.3463e-01 -3.4570e+00 +2.3094e+00 +3.8140e+00
674 0 +2.543925111e-03 -1.795374561e+02 -1.795374561e+02 +7.7207e-01 +4.9834e-01 -3.4442e+00 +2.3755e+00 +3.8401e+00
818 0 +2.245474544e-03 -1.795377545e+02 -1.795377545e+02 +7.4931e-01 +4.5010e-01 -3.4620e+00 +2.3015e+00 +3.8134e+00
831 0 +1.746844240e-03 -1.795382532e+02 -1.795382532e+02 +8.3877e-01 +4.4085e-01 -3.4416e+00 +2.3592e+00 +3.7927e+00
873 0 +1.683566334e-03 -1.795383164e+02 -1.795383164e+02 +8.4045e-01 +4.6177e-01 -3.4448e+00 +2.3692e+00 +3.8043e+00
912 0 +1.288933348e-03 -1.795387111e+02 -1.795387111e+02 +8.2577e-01 +4.6570e-01 -3.4585e+00 +2.3279e+00 +3.8111e+00
926 0 +1.195144586e-03 -1.795388049e+02 -1.795388049e+02 +8.1019e-01 +4.7209e-01 -3.4349e+00 +2.3897e+00 +3.8141e+00
934 0 +5.253015872e-04 -1.795394747e+02 -1.795394747e+02 +8.2445e-01 +5.0661e-01 -3.4461e+00 +2.3827e+00 +3.8340e+00
% f evaluations | g evaluations | best noise-free fitness - Fopt (7.731000000000e+01) + sum g_i+ | measured fitness | best measured fitness or single-digit g-values | x1 | x2...
1 0 +1.401331818e+01 +9.132331818e+01 +9.132331818e+01 +5.9671e-01 -3.8264e-02 +7.4769e-01 +1.6230e+00 -1.3415e-01
2 0 +8.914043025e+00 +8.622404302e+01 +8.622404302e+01 -1.3414e-01 +1.6792e+00 +8.6743e-01 -3.6947e-01 +6.4256e-01
5 0 +8.304442480e+00 +8.561444248e+01 +8.561444248e+01 +1.5656e+00 -1.2578e-01 +1.6753e-01 -1.3247e+00 -4.4438e-01
7 0 +6.427803988e+00 +8.373780399e+01 +8.373780399e+01 -5.0171e-01 +1.9523e+00 +8.6503e-02 -9.5771e-01 +9.2254e-01
8 0 +2.591273114e+00 +7.990127311e+01 +7.990127311e+01 -1.1208e+00 +3.0886e-01 -1.8597e+00 -1.2282e+00 +2.9686e-01
13 0 +2.105129821e+00 +7.941512982e+01 +7.941512982e+01 -3.7917e-01 -8.5659e-02 -1.0063e+00 -1.0962e+00 +9.1253e-01
40 0 +1.378509169e+00 +7.868850917e+01 +7.868850917e+01 +2.3725e-01 -1.1055e+00 -1.5614e+00 -6.2619e-01 +5.1719e-01
49 0 +1.250643097e+00 +7.856064310e+01 +7.856064310e+01 +1.1881e-01 -3.9211e-01 -1.3719e+00 -1.0852e+00 +7.3557e-01
51 0 +1.249207548e+00 +7.855920755e+01 +7.855920755e+01 +9.7743e-01 +1.0547e-01 -1.0008e+00 -1.1864e+00 +4.0697e-01
62 0 +1.185268420e+00 +7.849526842e+01 +7.849526842e+01 +8.0999e-01 -1.4245e+00 -2.2406e+00 -1.2203e+00 +3.1008e-03
76 0 +1.026675214e+00 +7.833667521e+01 +7.833667521e+01 +9.1636e-01 -8.6960e-01 -2.1319e+00 -1.1444e+00 +1.1261e-01
79 0 +7.633329455e-01 +7.807333295e+01 +7.807333295e+01 +1.2376e+00 -8.4959e-01 -1.2340e+00 -1.4670e+00 +1.1746e+00
111 0 +4.846324444e-01 +7.779463244e+01 +7.779463244e+01 +3.2993e-01 -7.9279e-01 -2.0353e+00 -2.3172e+00 +1.0383e+00
130 0 +3.353702183e-01 +7.764537022e+01 +7.764537022e+01 +2.9372e-01 -4.4586e-01 -2.3959e+00 -1.7660e+00 +1.2612e+00
178 0 +1.847926527e-01 +7.749479265e+01 +7.749479265e+01 +7.0764e-01 -5.0895e-01 -1.8070e+00 -2.2930e+00 +8.5894e-01
222 0 +1.161318058e-01 +7.742613181e+01 +7.742613181e+01 +7.7791e-01 -8.0709e-01 -2.5399e+00 -1.8986e+00 +9.7459e-01
246 0 +1.096351322e-01 +7.741963513e+01 +7.741963513e+01 +7.0666e-01 -5.2370e-01 -2.1430e+00 -1.8775e+00 +1.1779e+00
275 0 +8.704977427e-02 +7.739704977e+01 +7.739704977e+01 +7.7802e-01 -4.6473e-01 -2.4546e+00 -2.0161e+00 +1.1131e+00
337 0 +6.087671239e-02 +7.737087671e+01 +7.737087671e+01 +9.0571e-01 -7.3034e-01 -2.0755e+00 -2.0280e+00 +9.5800e-01
352 0 +5.698322300e-02 +7.736698322e+01 +7.736698322e+01 +9.4191e-01 -6.2004e-01 -2.2031e+00 -2.0244e+00 +9.6589e-01
355 0 +5.041008757e-02 +7.736041009e+01 +7.736041009e+01 +8.7968e-01 -6.1540e-01 -2.0736e+00 -1.9824e+00 +9.2286e-01
372 0 +2.513349121e-02 +7.733513349e+01 +7.733513349e+01 +9.3202e-01 -4.4530e-01 -2.3002e+00 -1.8148e+00 +1.0119e+00
396 0 +2.258711475e-02 +7.733258711e+01 +7.733258711e+01 +9.1635e-01 -5.8399e-01 -2.0914e+00 -1.9218e+00 +9.5650e-01
419 0 +2.013472345e-02 +7.733013472e+01 +7.733013472e+01 +8.4390e-01 -5.9071e-01 -2.1334e+00 -1.9598e+00 +1.0266e+00
430 0 +1.122941582e-02 +7.732122942e+01 +7.732122942e+01 +9.4670e-01 -5.8317e-01 -2.0138e+00 -1.8539e+00 +9.7735e-01
440 0 +7.147809197e-03 +7.731714781e+01 +7.731714781e+01 +8.5397e-01 -6.1907e-01 -2.0478e+00 -1.8926e+00 +1.0133e+00
469 0 +4.955257848e-03 +7.731495526e+01 +7.731495526e+01 +9.4327e-01 -5.4158e-01 -2.0360e+00 -1.9079e+00 +9.7571e-01
483 0 +4.721586954e-03 +7.731472159e+01 +7.731472159e+01 +9.5336e-01 -5.2576e-01 -2.1774e+00 -1.8549e+00 +9.9389e-01
486 0 +3.220823852e-03 +7.731322082e+01 +7.731322082e+01 +9.5383e-01 -5.8399e-01 -2.0282e+00 -1.9166e+00 +9.6328e-01
613 0 +2.584962181e-03 +7.731258496e+01 +7.731258496e+01 +8.7253e-01 -6.0535e-01 -2.0941e+00 -1.9180e+00 +9.9931e-01
639 0 +1.362010075e-03 +7.731136201e+01 +7.731136201e+01 +9.2445e-01 -5.8130e-01 -2.0930e+00 -1.8845e+00 +9.9094e-01
783 0 +1.165697911e-03 +7.731116570e+01 +7.731116570e+01 +8.9477e-01 -5.9452e-01 -2.0638e+00 -1.9289e+00 +9.8952e-01
% f evaluations | g evaluations | best noise-free fitness - Fopt (3.992000000000e+01) + sum g_i+ | measured fitness | best measured fitness or single-digit g-values | x1 | x2...
1 0 +6.809865145e+00 +4.672986515e+01 +4.672986515e+01 +5.9671e-01 -3.8264e-02 +7.4769e-01 +1.6230e+00 -1.3415e-01
2 0 +6.257295728e+00 +4.617729573e+01 +4.617729573e+01 -1.3414e-01 +1.6792e+00 +8.6743e-01 -3.6947e-01 +6.4256e-01
3 0 +4.819167854e+00 +4.473916785e+01 +4.473916785e+01 -3.6342e-01 -3.6573e-01 +3.4196e-01 -1.8133e+00 -1.6249e+00
5 0 +3.783022034e+00 +4.370302203e+01 +4.370302203e+01 +1.5656e+00 -1.2578e-01 +1.6753e-01 -1.3247e+00 -4.4438e-01
36 0 +3.368178630e+00 +4.328817863e+01 +4.328817863e+01 +1.2282e+00 +3.2680e-01 +1.7557e+00 -1.4829e+00 -9.0624e-01
37 0 +3.287995740e+00 +4.320799574e+01 +4.320799574e+01 +1.2038e+00 -4.4898e-01 +1.8483e+00 -1.4535e+00 -5.1618e-01
53 0 +2.817223137e+00 +4.273722314e+01 +4.273722314e+01 +1.4132e+00 -4.4647e-01 +1.6736e+00 -1.3493e+00 -1.6200e+00
63 0 +2.781430410e+00 +4.270143041e+01 +4.270143041e+01 +1.4172e+00 -1.4123e+00 +1.7976e+00 -1.1891e+00 -1.9171e+00
74 0 +2.327991196e+00 +4.224799120e+01 +4.224799120e+01 +2.6253e+00 +2.4674e-01 +1.3953e+00 -2.9215e+00 -1.3058e+00
82 0 +2.162770872e+00 +4.208277087e+01 +4.208277087e+01 +2.0542e+00 -4.6696e-01 +2.2983e+00 -2.2931e+00 -1.0075e+00
83 0 +1.786028170e+00 +4.170602817e+01 +4.170602817e+01 +2.3866e+00 -6.5735e-01 +1.5528e+00 -2.4384e+00 -1.6757e+00
86 0 +1.082387036e+00 +4.100238704e+01 +4.100238704e+01 +3.3048e+00 -5.7401e-01 +2.1157e+00 -1.8043e+00 -1.4173e+00
92 0 +1.047509418e+00 +4.096750942e+01 +4.096750942e+01 +3.4242e+00 -8.9390e-01 +2.9085e+00 -3.2133e+00 -1.7988e+00
103 0 +5.407975353e-01 +4.046079754e+01 +4.046079754e+01 +4.2685e+00 -1.6866e+00 +1.6872e+00 -2.1567e+00 -1.6399e+00
153 0 +4.850727243e-01 +4.040507272e+01 +4.040507272e+01 +3.5687e+00 -9.3136e-01 +1.8809e+00 -2.2458e+00 -2.6816e+00
177 0 +4.845241935e-01 +4.040452419e+01 +4.040452419e+01 +4.1974e+00 -1.2361e+00 +2.3516e+00 -2.8863e+00 -1.3987e+00
178 0 +9.468473270e-02 +4.001468473e+01 +4.001468473e+01 +4.0293e+00 -1.1359e+00 +2.3451e+00 -2.3842e+00 -2.0527e+00
355 0 +7.319449706e-02 +3.999319450e+01 +3.999319450e+01 +4.0126e+00 -1.1291e+00 +2.3115e+00 -2.1103e+00 -2.0313e+00
363 0 +4.758566723e-02 +3.996758567e+01 +3.996758567e+01 +4.0733e+00 -9.8347e-01 +2.2359e+00 -2.1191e+00 -2.0104e+00
377 0 +1.712196058e-02 +3.993712196e+01 +3.993712196e+01 +4.0513e+00 -9.8993e-01 +2.3976e+00 -2.2989e+00 -1.8361e+00
533 0 +1.219517841e-02 +3.993219518e+01 +3.993219518e+01 +4.0210e+00 -1.0717e+00 +2.3556e+00 -2.3423e+00 -1.9042e+00
564 0 +1.173316882e-02 +3.993173317e+01 +3.993173317e+01 +4.0557e+00 -1.0339e+00 +2.2667e+00 -2.3138e+00 -1.9548e+00
588 0 +9.812167950e-03 +3.992981217e+01 +3.992981217e+01 +4.0041e+00 -1.0814e+00 +2.4071e+00 -2.3629e+00 -1.8619e+00
618 0 +5.899999526e-03 +3.992590000e+01 +3.992590000e+01 +4.0385e+00 -1.0221e+00 +2.3453e+00 -2.2948e+00 -1.9157e+00
637 0 +3.571610531e-03 +3.992357161e+01 +3.992357161e+01 +3.9968e+00 -1.0898e+00 +2.2665e+00 -2.3051e+00 -2.0137e+00
763 0 +2.856187310e-03 +3.992285619e+01 +3.992285619e+01 +3.9908e+00 -1.0407e+00 +2.3936e+00 -2.3003e+00 -1.9635e+00
% f evaluations | g evaluations | best noise-free fitness - Fopt (-5.661000000000e+01) + sum g_i+ | measured fitness | best measured fitness or single-digit g-values | x1 | x2...
1 0 +2.419317543e+01 -3.241682457e+01 -3.241682457e+01 +5.9671e-01 -3.8264e-02 +7.4769e-01 +1.6230e+00 -1.3415e-01
3 0 +1.632183632e+01 -4.028816368e+01 -4.028816368e+01 -3.6342e-01 -3.6573e-01 +3.4196e-01 -1.8133e+00 -1.6249e+00
14 0 +1.443108532e+01 -4.217891468e+01 -4.217891468e+01 +1.4562e+00 +2.7990e-02 +1.1035e+00 +4.6164e-01 -5.4512e-01
27 0 +1.015973935e+01 -4.645026065e+01 -4.645026065e+01 +1.8380e+00 -5.6168e-01 +1.8915e+00 +9.0829e-02 -2.6380e+00
30 0 +9.011507438e+00 -4.759849256e+01 -4.759849256e+01 +8.0505e-03 -9.7785e-01 +1.5049e+00 -2.9464e+00 -2.4960e+00
34 0 +7.031357029e+00 -4.957864297e+01 -4.957864297e+01 +2.1280e+00 +8.6161e-01 +1.3698e+00 -1.0594e+00 -1.7376e+00
51 0 +6.080704779e+00 -5.052929522e+01 -5.052929522e+01 +4.8679e+00 +2.6366e+00 +4.5360e+00 +2.3187e-01 -2.1606e+00
52 0 +2.093346310e+00 -5.451665369e+01 -5.451665369e+01 +2.7864e+00 +3.4387e+00 +3.9681e+00 -2.6571e+00 -1.3099e+00
76 0 +1.940548905e+00 -5.466945109e+01 -5.466945109e+01 +2.7743e+00 +4.7061e+00 +3.0988e+00 -2.6361e+00 -2.7409e+00
80 0 +1.509385065e+00 -5.510061494e+01 -5.510061494e+01 +1.1628e+00 +3.7988e+00 +3.3221e+00 -3.8869e+00 -2.4556e+00
85 0 +1.095260228e+00 -5.551473977e+01 -5.551473977e+01 +2.7639e+00 +3.0304e+00 +3.1046e+00 -2.5661e+00 -2.6345e+00
157 0 +7.104121055e-01 -5.589958789e+01 -5.589958789e+01 +2.4507e+00 +2.2864e+00 +3.2897e+00 -3.3390e+00 -2.4306e+00
221 0 +6.247189546e-01 -5.598528105e+01 -5.598528105e+01 +2.1193e+00 +2.9714e+00 +3.3737e+00 -4.1864e+00 -3.1744e+00
228 0 +5.903453826e-01 -5.601965462e+01 -5.601965462e+01 +1.4641e+00 +2.9336e+00 +3.5723e+00 -3.2295e+00 -2.4082e+00
234 0 +5.784795117e-01 -5.603152049e+01 -5.603152049e+01 +2.2537e+00 +3.6692e+00 +3.2719e+00 -3.3490e+00 -3.1878e+00
236 0 +3.389984965e-01 -5.627100150e+01 -5.627100150e+01 +1.7721e+00 +2.8972e+00 +3.1361e+00 -3.3266e+00 -3.4924e+00
237 0 +2.202915677e-01 -5.638970843e+01 -5.638970843e+01 +2.2025e+00 +3.2981e+00 +3.2836e+00 -3.3917e+00 -3.2757e+00
289 0 +1.646461875e-01 -5.644535381e+01 -5.644535381e+01 +2.1506e+00 +2.7612e+00 +2.7095e+00 -3.2080e+00 -3.1511e+00
291 0 +1.254844408e-01 -5.648451556e+01 -5.648451556e+01 +1.8620e+00 +3.1225e+00 +3.3513e+00 -3.3660e+00 -3.0407e+00
298 0 +3.089790939e-02 -5.657910209e+01 -5.657910209e+01 +2.0641e+00 +2.9210e+00 +3.2137e+00 -3.4731e+00 -3.0146e+00
436 0 +2.728823427e-02 -5.658271177e+01 -5.658271177e+01 +1.8729e+00 +2.8392e+00 +3.1758e+00 -3.2200e+00 -3.0316e+00
451 0 +2.021852164e-02 -5.658978148e+01 -5.658978148e+01 +2.0481e+00 +2.8266e+00 +3.2095e+00 -3.3976e+00 -2.9642e+00
460 0 +1.443705732e-02 -5.659556294e+01 -5.659556294e+01 +1.9421e+00 +2.8348e+00 +3.1915e+00 -3.3098e+00 -2.9659e+00
549 0 +8.396233576e-03 -5.660160377e+01 -5.660160377e+01 +1.9501e+00 +2.9072e+00 +3.2638e+00 -3.3555e+00 -3.0053e+00
631 0 +7.871177021e-03 -5.660212882e+01 -5.660212882e+01 +1.8682e+00 +2.9134e+00 +3.2821e+00 -3.2972e+00 -2.9962e+00
704 0 +5.866423590e-03 -5.660413358e+01 -5.660413358e+01 +1.8838e+00 +2.8549e+00 +3.2744e+00 -3.2806e+00 -2.9691e+00
723 0 +5.414847396e-03 -5.660458515e+01 -5.660458515e+01 +1.9998e+00 +2.9057e+00 +3.2052e+00 -3.3037e+00 -3.0825e+00
869 0 +2.714309147e-03 -5.660728569e+01 -5.660728569e+01 +1.9345e+00 +2.8820e+00 +3.2710e+00 -3.2818e+00 -3.0475e+00
872 0 +1.803007355e-03 -5.660819699e+01 -5.660819699e+01 +1.9544e+00 +2.9177e+00 +3.1763e+00 -3.2706e+00 -3.0913e+00
1025 0 +9.789439916e-04 -5.660902106e+01 -5.660902106e+01 +1.9942e+00 +2.9186e+00 +3.1901e+00 -3.3085e+00 -3.0883e+00
1078 0 +5.596535383e-04 -5.660944035e+01 -5.660944035e+01 +1.9754e+00 +2.9365e+00 +3.1715e+00 -3.2755e+00 -3.1201e+00
% f evaluations | g evaluations | best noise-free fitness - Fopt (3.270000000000e+01) + sum g_i+ | measured fitness | best measured fitness or single-digit g-values | x1 | x2...
1 0 +4.738185807e+00 +3.743818581e+01 +3.743818581e+01 +5.9671e-01 -3.8264e-02 +7.4769e-01 +1.6230e+00 -1.3415e-01
6 0 +4.184781633e+00 +3.688478163e+01 +3.688478163e+01 +2.1092e-01 -1.0510e+00 +4.7570e-01 -5.0064e-01 -1.9169e-01
10 0 +4.114533253e+00 +3.681453325e+01 +3.681453325e+01 -6.1984e-01 -3.6064e-01 +1.1571e+00 +4.4362e-01 -1.6630e+00
20 0 +3.167832081e+00 +3.586783208e+01 +3.586783208e+01 -1.3635e+00 +3.9612e-01 +3.6106e-01 +1.0511e-01 -1.3459e-01
21 0 +2.979073793e+00 +3.567907379e+01 +3.567907379e+01 -1.3154e+00 -3.2065e-01 -2.4271e-01 -7.0228e-01 -6.1286e-02
26 0 +1.882719568e+00 +3.458271957e+01 +3.458271957e+01 -8.6555e-01 -7.1878e-01 -5.6041e-02 +9.4635e-01 -5.0693e-01
28 0 +1.579817130e+00 +3.427981713e+01 +3.427981713e+01 -1.3682e+00 -5.1143e-01 +8.1749e-02 +1.2432e+00 -8.4084e-01
62 0 +1.375239670e+00 +3.407523967e+01 +3.407523967e+01 -2.5782e+00 -5.6661e-01 +6.1206e-02 +3.7384e-01 -2.5854e-01
72 0 +7.234459316e-01 +3.342344593e+01 +3.342344593e+01 -2.3512e+00 -1.1889e+00 +7.1552e-01 +7.2092e-01 -7.7934e-01
76 0 +6.561648441e-01 +3.335616484e+01 +3.335616484e+01 -1.5057e+00 -1.9603e+00 +1.4477e-01 +1.2933e+00 -5.5494e-01
81 0 +6.003028329e-01 +3.330030283e+01 +3.330030283e+01 -1.6434e+00 -1.7928e+00 -3.3862e-01 +9.5257e-01 -8.5799e-01
101 0 +3.347469702e-01 +3.303474697e+01 +3.303474697e+01 -1.8059e+00 -1.5381e+00 -1.3900e-01 +7.9060e-01 -4.4165e-01
131 0 +2.266081934e-01 +3.292660819e+01 +3.292660819e+01 -2.0820e+00 -1.6413e+00 +6.5650e-01 +1.6199e+00 -6.5202e-02
182 0 +1.439801093e-01 +3.284398011e+01 +3.284398011e+01 -2.2313e+00 -1.8360e+00 -5.0440e-02 +9.5760e-01 -3.4085e-01
192 0 +1.408430312e-01 +3.284084303e+01 +3.284084303e+01 -2.3390e+00 -1.4503e+00 +2.7240e-01 +1.6677e+00 -4.9039e-01
217 0 +1.371999937e-01 +3.283719999e+01 +3.283719999e+01 -2.0364e+00 -1.7292e+00 +6.9980e-01 +9.6736e-01 -9.3510e-02
251 0 +6.008801735e-02 +3.276008802e+01 +3.276008802e+01 -2.0265e+00 -1.6196e+00 +4.2656e-01 +1.3297e+00 -5.8319e-02
278 0 +4.545378629e-02 +3.274545379e+01 +3.274545379e+01 -2.1274e+00 -1.7159e+00 +3.0531e-01 +1.2023e+00 -2.5570e-01
347 0 +2.970217439e-02 +3.272970217e+01 +3.272970217e+01 -2.1864e+00 -1.7406e+00 +3.2846e-01 +1.1618e+00 -2.3506e-01
348 0 +2.116163208e-02 +3.272116163e+01 +3.272116163e+01 -2.1201e+00 -1.5492e+00 +3.7318e-01 +1.4397e+00 -1.5776e-01
376 0 +1.547211066e-02 +3.271547211e+01 +3.271547211e+01 -2.0906e+00 -1.6259e+00 +2.5754e-01 +1.3409e+00 -1.3678e-01
382 0 +1.451183045e-02 +3.271451183e+01 +3.271451183e+01 -2.1124e+00 -1.5886e+00 +3.6153e-01 +1.3118e+00 -2.0137e-01
389 0 +1.350009181e-02 +3.271350009e+01 +3.271350009e+01 -1.9915e+00 -1.5004e+00 +2.3300e-01 +1.4353e+00 -9.0528e-02
406 0 +1.174816538e-02 +3.271174817e+01 +3.271174817e+01 -2.1264e+00 -1.5224e+00 +3.1966e-01 +1.4696e+00 -2.0459e-01
421 0 +7.800314177e-03 +3.270780031e+01 +3.270780031e+01 -2.1155e+00 -1.5366e+00 +3.3316e-01 +1.4315e+00 -1.6966e-01
443 0 +5.156912540e-03 +3.270515691e+01 +3.270515691e+01 -2.0567e+00 -1.5652e+00 +2.9139e-01 +1.3351e+00 -1.5381e-01
445 0 +4.662012786e-03 +3.270466201e+01 +3.270466201e+01 -2.0758e+00 -1.6600e+00 +1.8584e-01 +1.2054e+00 -2.2230e-01
493 0 +1.856527892e-03 +3.270185653e+01 +3.270185653e+01 -2.0873e+00 -1.5797e+00 +2.7014e-01 +1.3374e+00 -1.7769e-01
523 0 +1.784727877e-03 +3.270178473e+01 +3.270178473e+01 -2.0328e+00 -1.5753e+00 +2.8189e-01 +1.3307e+00 -8.5489e-02
706 0 +1.348564974e-03 +3.270134856e+01 +3.270134856e+01 -2.0825e+00 -1.5980e+00 +3.0661e-01 +1.2906e+00 -1.6426e-01
711 0 +8.334010514e-04 +3.270083340e+01 +3.270083340e+01 -2.0639e+00 -1.5710e+00 +3.0795e-01 +1.3334e+00 -1.2875e-01
863 0 +6.960459614e-04 +3.270069605e+01 +3.270069605e+01 -2.0728e+00 -1.6015e+00 +3.0425e-01 +1.2897e+00 -1.3981e-01
897 0 +6.341188774e-04 +3.270063412e+01 +3.270063412e+01 -2.0888e+00 -1.6144e+00 +2.7035e-01 +1.2796e+00 -1.8012e-01
926 0 +6.295267815e-04 +3.270062953e+01 +3.270062953e+01 -2.0849e+00 -1.6420e+00 +2.8267e-01 +1.2244e+00 -1.7181e-01
934 0 +3.149394617e-04 +3.270031494e+01 +3.270031494e+01 -2.0798e+00 -1.6149e+00 +2.8695e-01 +1.2639e+00 -1.6786e-01
1029 0 +1.491171892e-04 +3.270014912e+01 +3.270014912e+01 -2.0708e+00 -1.5781e+00 +2.7308e-01 +1.3407e+00 -1.4836e-01
% f evaluations | g evaluations | best noise-free fitness - Fopt (-3.943000000000e+01) + sum g_i+ | measured fitness | best measured fitness or single-digit g-values | x1 | x2...
1 0 +2.093839249e+01 -1.849160751e+01 -1.849160751e+01 +5.9671e-01 -3.8264e-02 +7.4769e-01 +1.6230e+00 -1.3415e-01
9 0 +1.821593618e+01 -2.121406382e+01 -2.121406382e+01 +8.3847e-01 +2.7137e-01 -1.5648e-02 -2.0110e-01 -1.3785e+00
14 0 +1.049200278e+01 -2.893799722e+01 -2.893799722e+01 +1.4562e+00 +2.7990e-02 +1.1035e+00 +4.6164e-01 -5.4512e-01
27 0 +1.049032371e+01 -2.893967629e+01 -2.893967629e+01 +2.2016e+00 +2.2140e+00 +2.7636e+00 -9.5377e-01 -1.4988e+00
29 0 +8.193880737e+00 -3.123611926e+01 -3.123611926e+01 +2.0236e+00 +5.4117e-01 +3.5752e+00 +2.7099e-01 -1.0000e+00
30 0 +4.969973513e+00 -3.446002649e+01 -3.446002649e+01 +2.7651e+00 +1.8690e+00 +1.1697e+00 +8.5162e-02 -1.3432e+00
52 0 +3.921351694e+00 -3.550864831e+01 -3.550864831e+01 +4.6433e+00 +3.7989e+00 +1.4581e+00 -6.4675e-01 -1.4100e+00
53 0 +3.878122837e+00 -3.555187716e+01 -3.555187716e+01 +2.8612e+00 +4.8758e+00 +4.4685e+00 +2.1105e+00 +1.1282e+00
55 0 +3.810405833e+00 -3.561959417e+01 -3.561959417e+01 +3.6093e+00 +2.1032e+00 +3.8507e+00 +5.4940e-01 -1.1186e+00
66 0 +3.468468882e+00 -3.596153112e+01 -3.596153112e+01 +2.0411e+00 +1.6609e+00 +3.1893e+00 +1.6437e+00 +1.7477e-01
80 0 +1.580027747e+00 -3.784997225e+01 -3.784997225e+01 +3.3121e+00 +3.8869e+00 +3.4610e+00 +6.7742e-01 +1.9342e-01
131 0 +1.444972966e+00 -3.798502703e+01 -3.798502703e+01 +3.6623e+00 +2.9281e+00 +4.1752e+00 +2.4435e+00 +1.1674e+00
137 0 +1.189135610e+00 -3.824086439e+01 -3.824086439e+01 +4.1254e+00 +2.1977e+00 +3.4044e+00 +1.0150e+00 +1.5056e+00
168 0 +8.806217501e-01 -3.854937825e+01 -3.854937825e+01 +3.6259e+00 +2.6387e+00 +2.7555e+00 +2.3418e+00 +1.3449e+00
184 0 +4.079483527e-01 -3.902205165e+01 -3.902205165e+01 +3.8045e+00 +2.9033e+00 +2.9977e+00 +7.2781e-01 +1.4054e+00
247 0 +2.334672188e-01 -3.919653278e+01 -3.919653278e+01 +3.9996e+00 +3.6774e+00 +3.1814e+00 +1.3003e+00 +1.2465e+00
252 0 +2.282518846e-01 -3.920174812e+01 -3.920174812e+01 +3.7166e+00 +3.1244e+00 +3.2642e+00 +1.0529e+00 +1.0662e+00
258 0 +1.410899685e-01 -3.928891003e+01 -3.928891003e+01 +3.9476e+00 +3.3450e+00 +2.9192e+00 +1.3121e+00 +1.0647e+00
260 0 +1.254195116e-01 -3.930458049e+01 -3.930458049e+01 +3.9678e+00 +3.2980e+00 +3.0087e+00 +1.3371e+00 +1.4460e+00
278 0 +9.864491930e-02 -3.933135508e+01 -3.933135508e+01 +3.7969e+00 +3.4937e+00 +2.8610e+00 +1.5965e+00 +9.0540e-01
286 0 +8.548227965e-02 -3.934451772e+01 -3.934451772e+01 +3.4748e+00 +3.4477e+00 +2.8745e+00 +1.3045e+00 +1.0722e+00
291 0 +7.483969147e-02 -3.935516031e+01 -3.935516031e+01 +3.8292e+00 +3.3689e+00 +3.0582e+00 +1.3572e+00 +8.8484e-01
308 0 +2.843226964e-02 -3.940156773e+01 -3.940156773e+01 +3.9305e+00 +3.4412e+00 +3.1349e+00 +1.4820e+00 +9.1449e-01
439 0 +2.732675826e-02 -3.940267324e+01 -3.940267324e+01 +3.8780e+00 +3.3996e+00 +3.0608e+00 +1.3289e+00 +1.1161e+00
455 0 +2.466824922e-02 -3.940533175e+01 -3.940533175e+01 +3.6261e+00 +3.2748e+00 +2.8273e+00 +1.3741e+00 +1.1972e+00
487 0 +1.238002971e-02 -3.941761997e+01 -3.941761997e+01 +3.6583e+00 +3.3349e+00 +2.8356e+00 +1.3793e+00 +1.1507e+00
552 0 +1.154922679e-02 -3.941845077e+01 -3.941845077e+01 +3.8103e+00 +3.4030e+00 +2.9640e+00 +1.4616e+00 +1.0906e+00
592 0 +7.247709637e-03 -3.942275229e+01 -3.942275229e+01 +3.7843e+00 +3.3883e+00 +2.9498e+00 +1.3802e+00 +1.1204e+00
599 0 +4.541275194e-03 -3.942545872e+01 -3.942545872e+01 +3.7594e+00 +3.3766e+00 +2.9092e+00 +1.4910e+00 +1.0677e+00
676 0 +2.276710351e-03 -3.942772329e+01 -3.942772329e+01 +3.7525e+00 +3.3444e+00 +2.8962e+00 +1.4546e+00 +1.1163e+00
742 0 +8.790955707e-04 -3.942912090e+01 -3.942912090e+01 +3.7991e+00 +3.4044e+00 +2.9691e+00 +1.4484e+00 +1.0588e+00
882 0 +7.015231905e-04 -3.942929848e+01 -3.942929848e+01 +3.7720e+00 +3.3854e+00 +2.9408e+00 +1.4593e+00 +1.0663e+00
% f evaluations | g evaluations | best noise-free fitness - Fopt (4.197200000000e+02) + sum g_i+ | measured fitness | best measured fitness or single-digit g-values | x1 | x2...
1 0 +4.830635205e+01 +4.680263520e+02 +4.680263520e+02 +5.9671e-01 -3.8264e-02 +7.4769e-01 +1.6230e+00 -1.3415e-01
11 0 +3.359690083e+01 +4.533169008e+02 +4.533169008e+02 +4.2408e-01 -2.8508e-01 -5.7692e-01 +7.1168e-01 +1.1310e+00
23 0 +2.445796969e+01 +4.441779697e+02 +4.441779697e+02 -1.8188e+00 +7.3486e-02 +1.6023e-01 +2.5632e+00 -9.2361e-02
33 0 +1.539253585e+01 +4.351125359e+02 +4.351125359e+02 -1.4129e+00 +6.1944e-01 +2.0645e-01 +3.4498e+00 -2.9062e-02
51 0 +6.305120014e+00 +4.260251200e+02 +4.260251200e+02 -1.3608e+00 +2.3605e+00 -1.1302e-01 +4.9664e+00 +2.9653e-01
53 0 +5.349422968e+00 +4.250694230e+02 +4.250694230e+02 -1.7536e+00 +1.2907e+00 -1.2350e+00 +4.2470e+00 +8.8674e-01
60 0 +5.156571964e+00 +4.248765720e+02 +4.248765720e+02 -1.9742e-01 +2.0572e+00 -1.2048e+00 +3.2993e+00 +1.2544e+00
67 0 +3.270343273e+00 +4.229903433e+02 +4.229903433e+02 -3.6061e-01 +2.1708e+00 -2.9888e-01 +3.4332e+00 +1.5505e+00
76 0 +2.706592639e+00 +4.224265926e+02 +4.224265926e+02 -2.3873e+00 +1.6968e+00 -3.0971e+00 +3.3629e+00 +1.9304e+00
77 0 +2.202635941e+00 +4.219226359e+02 +4.219226359e+02 -3.0847e+00 +1.8531e+00 -1.3150e+00 +4.4490e+00 +3.5893e+00
79 0 +1.602424536e+00 +4.213224245e+02 +4.213224245e+02 -2.2850e+00 +1.9056e+00 -1.2744e+00 +3.7012e+00 +2.0893e+00
80 0 +5.899748692e-01 +4.203099749e+02 +4.203099749e+02 -1.1008e+00 +2.5913e+00 -1.7187e+00 +3.3441e+00 +4.0378e+00
210 0 +4.767461087e-01 +4.201967461e+02 +4.201967461e+02 -1.4990e+00 +2.7423e+00 -1.8996e+00 +3.4139e+00 +3.6926e+00
263 0 +4.081832717e-01 +4.201281833e+02 +4.201281833e+02 -1.0401e+00 +3.5118e+00 -1.4122e+00 +3.4262e+00 +2.9677e+00
267 0 +3.457436928e-01 +4.200657437e+02 +4.200657437e+02 -6.7941e-01 +2.9477e+00 -1.4232e+00 +3.7607e+00 +2.8862e+00
284 0 +3.264280538e-01 +4.200464281e+02 +4.200464281e+02 -1.4644e+00 +3.2857e+00 -1.4132e+00 +3.9592e+00 +3.2779e+00
285 0 +1.991573030e-01 +4.199191573e+02 +4.199191573e+02 -1.3014e+00 +2.6829e+00 -1.4041e+00 +3.5382e+00 +2.9988e+00
286 0 +1.824256800e-01 +4.199024257e+02 +4.199024257e+02 -1.1656e+00 +2.7773e+00 -1.3434e+00 +3.1648e+00 +3.3042e+00
288 0 +1.197628670e-01 +4.198397629e+02 +4.198397629e+02 -1.1891e+00 +2.9739e+00 -1.5115e+00 +3.5306e+00 +3.2201e+00
339 0 +1.000208079e-01 +4.198200208e+02 +4.198200208e+02 -1.0622e+00 +2.3725e+00 -1.3676e+00 +3.5103e+00 +3.1563e+00
489 0 +6.755557674e-02 +4.197875556e+02 +4.197875556e+02 -1.0769e+00 +2.7213e+00 -1.4716e+00 +3.6666e+00 +3.0756e+00
597 0 +6.508253350e-02 +4.197850825e+02 +4.197850825e+02 -1.0972e+00 +2.5167e+00 -1.4522e+00 +3.5988e+00 +3.3285e+00
599 0 +5.911927413e-02 +4.197791193e+02 +4.197791193e+02 -1.2876e+00 +2.9705e+00 -1.4137e+00 +3.4791e+00 +3.2655e+00
619 0 +5.051157079e-02 +4.197705116e+02 +4.197705116e+02 -1.2715e+00 +2.9560e+00 -1.2233e+00 +3.7667e+00 +3.3069e+00
649 0 +4.780376044e-02 +4.197678038e+02 +4.197678038e+02 -1.3007e+00 +2.8793e+00 -1.3920e+00 +3.5025e+00 +3.4140e+00
652 0 +3.576213681e-02 +4.197557621e+02 +4.197557621e+02 -1.1989e+00 +2.6536e+00 -1.3793e+00 +3.5348e+00 +3.3408e+00
658 0 +2.732542076e-02 +4.197473254e+02 +4.197473254e+02 -1.2692e+00 +2.7808e+00 -1.2324e+00 +3.5103e+00 +3.3035e+00
697 0 +2.047459222e-02 +4.197404746e+02 +4.197404746e+02 -1.2634e+00 +2.8447e+00 -1.3336e+00 +3.3865e+00 +3.1571e+00
780 0 +1.481550947e-02 +4.197348155e+02 +4.197348155e+02 -1.2416e+00 +2.8271e+00 -1.3196e+00 +3.7118e+00 +3.4100e+00
790 0 +1.244939691e-02 +4.197324494e+02 +4.197324494e+02 -1.2119e+00 +2.8634e+00 -1.2851e+00 +3.7144e+00 +3.3411e+00
791 0 +8.190592979e-03 +4.197281906e+02 +4.197281906e+02 -1.1344e+00 +2.6827e+00 -1.3645e+00 +3.6506e+00 +3.2541e+00
1025 0 +6.270297897e-03 +4.197262703e+02 +4.197262703e+02 -1.2097e+00 +2.7848e+00 -1.3268e+00 +3.5078e+00 +3.1994e+00
1081 0 +3.212683163e-03 +4.197232127e+02 +4.197232127e+02 -1.1536e+00 +2.7895e+00 -1.2880e+00 +3.5707e+00 +3.0998e+00
% f evaluations | g evaluations | best noise-free fitness - Fopt (7.640000000000e+00) + sum g_i+ | measured fitness | best measured fitness or single-digit g-values | x1 | x2...
1 0 +1.810879184e+01 +2.574879184e+01 +2.574879184e+01 +5.9671e-01 -3.8264e-02 +7.4769e-01 +1.6230e+00 -1.3415e-01
2 0 +1.593987314e+01 +2.357987314e+01 +2.357987314e+01 -1.3414e-01 +1.6792e+00 +8.6743e-01 -3.6947e-01 +6.4256e-01
22 0 +1.565379303e+01 +2.329379303e+01 +2.329379303e+01 +5.0405e-01 +1.9862e+00 +2.7458e-01 +3.5755e-01 +2.5554e-02
26 0 +1.047138795e+01 +1.811138795e+01 +1.811138795e+01 +1.7237e-01 +2.4791e+00 +1.0796e+00 +1.5624e+00 +1.4496e+00
51 0 +4.258069718e+00 +1.189806972e+01 +1.189806972e+01 +1.3550e+00 +1.5451e+00 +1.7980e+00 +2.7887e+00 +2.8715e+00
55 0 +3.073615244e+00 +1.071361524e+01 +1.071361524e+01 +2.0622e+00 +3.1351e+00 +1.7752e+00 +3.3898e+00 +1.3732e+00
79 0 +2.763695730e+00 +1.040369573e+01 +1.040369573e+01 +3.9515e+00 +4.5126e+00 +1.5443e+00 +3.1953e+00 +1.2723e+00
130 0 +2.582961311e+00 +1.022296131e+01 +1.022296131e+01 +4.2856e+00 +3.3819e+00 +2.1818e+00 +3.2979e+00 +5.8135e-01
133 0 +2.149919878e+00 +9.789919878e+00 +9.789919878e+00 +2.6572e+00 +3.4455e+00 +3.5837e+00 +2.5970e+00 +2.8457e+00
151 0 +1.194027174e+00 +8.834027174e+00 +8.834027174e+00 +3.8288e+00 +2.6682e+00 +3.9289e+00 +4.0387e+00 +2.9576e+00
155 0 +8.746359292e-01 +8.514635929e+00 +8.514635929e+00 +4.0585e+00 +2.0100e+00 +3.3871e+00 +4.3890e+00 +3.1788e+00
158 0 +4.852114463e-01 +8.125211446e+00 +8.125211446e+00 +3.0068e+00 +2.3662e+00 +2.5892e+00 +3.6122e+00 +2.8642e+00
213 0 +4.482922307e-01 +8.088292231e+00 +8.088292231e+00 +3.6715e+00 +2.2600e+00 +2.6649e+00 +3.4486e+00 +2.3294e+00
243 0 +3.709800710e-01 +8.010980071e+00 +8.010980071e+00 +3.0222e+00 +2.4690e+00 +2.5327e+00 +3.8091e+00 +2.3425e+00
248 0 +8.004404981e-02 +7.720044050e+00 +7.720044050e+00 +3.4930e+00 +2.9670e+00 +2.5740e+00 +3.8410e+00 +2.9655e+00
254 0 +6.948341956e-02 +7.709483420e+00 +7.709483420e+00 +3.3036e+00 +2.8545e+00 +2.7223e+00 +3.9001e+00 +2.8391e+00
305 0 +1.957400639e-02 +7.659574006e+00 +7.659574006e+00 +3.5220e+00 +2.3990e+00 +2.8215e+00 +3.8967e+00 +2.6511e+00
405 0 +1.576951347e-02 +7.655769513e+00 +7.655769513e+00 +3.4916e+00 +2.5624e+00 +2.8463e+00 +3.8858e+00 +2.6981e+00
433 0 +8.984545508e-03 +7.648984546e+00 +7.648984546e+00 +3.4931e+00 +2.6057e+00 +2.8902e+00 +3.9213e+00 +2.7016e+00
505 0 +5.158173882e-03 +7.645158174e+00 +7.645158174e+00 +3.5301e+00 +2.5798e+00 +2.8239e+00 +3.9396e+00 +2.7633e+00
696 0 +4.950141678e-03 +7.644950142e+00 +7.644950142e+00 +3.4910e+00 +2.5710e+00 +2.7721e+00 +3.9631e+00 +2.7516e+00
767 0 +4.698735285e-03 +7.644698735e+00 +7.644698735e+00 +3.4409e+00 +2.6275e+00 +2.7673e+00 +3.9468e+00 +2.7402e+00
776 0 +1.997897456e-03 +7.641997897e+00 +7.641997897e+00 +3.4882e+00 +2.6010e+00 +2.7945e+00 +3.9608e+00 +2.7518e+00
810 0 +8.084840849e-04 +7.640808484e+00 +7.640808484e+00 +3.5013e+00 +2.6638e+00 +2.7556e+00 +3.9352e+00 +2.8130e+00
870 0 +7.021280059e-04 +7.640702128e+00 +7.640702128e+00 +3.4767e+00 +2.6460e+00 +2.7929e+00 +3.9504e+00 +2.7674e+00
900 0 +6.914125452e-04 +7.640691413e+00 +7.640691413e+00 +3.4825e+00 +2.6266e+00 +2.7865e+00 +3.9529e+00 +2.7640e+00
% f evaluations | g evaluations | best noise-free fitness - Fopt (-1.276800000000e+02) + sum g_i+ | measured fitness | best measured fitness or single-digit g-values | x1 | x2...
1 0 +7.496789357e+01 -5.271210643e+01 -5.271210643e+01 +5.9671e-01 -3.8264e-02 +7.4769e-01 +1.6230e+00 -1.3415e-01
2 0 +1.435804214e+01 -1.133219579e+02 -1.133219579e+02 -1.3414e-01 +1.6792e+00 +8.6743e-01 -3.6947e-01 +6.4256e-01
22 0 +1.285868250e+01 -1.148213175e+02 -1.148213175e+02 +5.0405e-01 +1.9862e+00 +2.7458e-01 +3.5755e-01 +2.5554e-02
26 0 +3.589913523e+00 -1.240900865e+02 -1.240900865e+02 +3.1609e+00 +3.7700e+00 +9.5886e-01 -8.0084e-01 -1.6090e+00
27 0 +1.925641719e+00 -1.257543583e+02 -1.257543583e+02 +2.4822e+00 +3.2041e+00 +5.9804e-01 +2.9574e-01 -2.4122e+00
64 0 +1.612802312e+00 -1.260671977e+02 -1.260671977e+02 +2.4135e+00 +2.9569e+00 +3.4182e+00 -1.5615e-01 -3.3407e+00
89 0 +1.417505136e+00 -1.262624949e+02 -1.262624949e+02 +2.8090e+00 +3.4920e+00 +2.6252e+00 -2.3839e-02 -3.6208e+00
135 0 +1.212940087e+00 -1.264670599e+02 -1.264670599e+02 +1.6636e+00 +3.7475e+00 +3.6091e+00 +1.1186e+00 -2.9807e+00
158 0 +7.419983874e-01 -1.269380016e+02 -1.269380016e+02 +1.7882e+00 +3.0735e+00 +2.8859e+00 +1.8203e-01 -2.7641e+00
164 0 +4.768342863e-01 -1.272031657e+02 -1.272031657e+02 +2.7839e+00 +4.1042e+00 +2.7285e+00 +6.1650e-01 -3.2461e+00
227 0 +3.925452883e-01 -1.272874547e+02 -1.272874547e+02 +2.4684e+00 +3.4656e+00 +2.0052e+00 +6.2482e-01 -2.9357e+00
237 0 +3.112864026e-01 -1.273687136e+02 -1.273687136e+02 +2.2668e+00 +3.2219e+00 +2.6356e+00 +9.0334e-02 -2.8716e+00
251 0 +1.062785309e-01 -1.275737215e+02 -1.275737215e+02 +2.1409e+00 +4.1450e+00 +2.5073e+00 +6.7568e-01 -2.8868e+00
280 0 +8.894271370e-02 -1.275910573e+02 -1.275910573e+02 +2.4367e+00 +3.8972e+00 +2.5192e+00 +5.2879e-01 -2.9392e+00
317 0 +7.311909647e-02 -1.276068809e+02 -1.276068809e+02 +2.1337e+00 +3.8410e+00 +2.5260e+00 +4.9699e-01 -2.7127e+00
335 0 +6.010844923e-02 -1.276198916e+02 -1.276198916e+02 +2.2939e+00 +4.1481e+00 +2.5533e+00 +5.3502e-01 -2.6224e+00
337 0 +5.750998209e-02 -1.276224900e+02 -1.276224900e+02 +2.4046e+00 +4.1232e+00 +2.4977e+00 +4.4357e-01 -2.6438e+00
373 0 +5.392237678e-02 -1.276260776e+02 -1.276260776e+02 +2.2106e+00 +3.8024e+00 +2.4644e+00 +5.4683e-01 -2.7180e+00
377 0 +3.949270920e-02 -1.276405073e+02 -1.276405073e+02 +2.2796e+00 +4.1378e+00 +2.5663e+00 +4.7318e-01 -2.7113e+00
381 0 +2.445211512e-02 -1.276555479e+02 -1.276555479e+02 +2.2318e+00 +3.9778e+00 +2.4696e+00 +6.0266e-01 -2.7470e+00
442 0 +8.391954664e-03 -1.276716080e+02 -1.276716080e+02 +2.2627e+00 +3.8122e+00 +2.4778e+00 +5.9607e-01 -2.7330e+00
510 0 +5.329525656e-03 -1.276746705e+02 -1.276746705e+02 +2.2574e+00 +3.9075e+00 +2.5204e+00 +5.2129e-01 -2.7337e+00
522 0 +4.478333410e-03 -1.276755217e+02 -1.276755217e+02 +2.2575e+00 +3.7692e+00 +2.4870e+00 +5.8672e-01 -2.7942e+00
539 0 +3.432946368e-03 -1.276765671e+02 -1.276765671e+02 +2.2912e+00 +3.7893e+00 +2.5422e+00 +4.6888e-01 -2.8233e+00
782 0 +2.500684792e-03 -1.276774993e+02 -1.276774993e+02 +2.2546e+00 +3.7429e+00 +2.5263e+00 +5.2668e-01 -2.8673e+00
793 0 +2.072664769e-03 -1.276779273e+02 -1.276779273e+02 +2.2499e+00 +3.7049e+00 +2.5049e+00 +5.6482e-01 -2.7998e+00
