% f evaluations | g evaluations | best noise-free fitness - Fopt (4.078000000000e+01) + sum g_i+ | measured fitness | best measured fitness or single-digit g-values | x1 | x2...
1 0 +6.971655738e+01 +1.104965574e+02 +1.104965574e+02 +5.9671e-01 -3.8264e-02 +7.4769e-01 +1.6230e+00 -1.3415e-01
2 0 +1.678455227e+01 +5.756455227e+01 +5.756455227e+01 -1.3414e-01 +1.6792e+00 +8.6743e-01 -3.6947e-01 +6.4256e-01
7 0 +9.459257437e+00 +5.023925744e+01 +5.023925744e+01 -5.0171e-01 +1.9523e+00 +8.6503e-02 -9.5771e-01 +9.2254e-01
33 0 +6.305900796e+00 +4.708590080e+01 +4.708590080e+01 -2.0793e+00 +6.6306e-01 +1.2379e+00 -2.0745e+00 +1.1132e+00
64 0 +5.130417950e+00 +4.591041795e+01 +4.591041795e+01 -2.0189e+00 +4.3741e-01 -4.5597e-03 -9.8985e-01 +4.2643e-01
109 0 +3.055752026e+00 +4.383575203e+01 +4.383575203e+01 -1.8434e+00 +6.0988e-01 +6.1215e-01 -2.1924e+00 +3.9716e-01
136 0 +2.342156272e+00 +4.312215627e+01 +4.312215627e+01 -1.8929e+00 +1.3972e+00 +8.5022e-01 -2.2559e+00 +4.7100e-01
142 0 +2.002163998e+00 +4.278216400e+01 +4.278216400e+01 -1.4840e+00 +1.3818e+00 +5.4366e-01 -1.3282e+00 +1.0541e+00
153 0 +1.958807594e+00 +4.273880759e+01 +4.273880759e+01 -1.2346e+00 +1.2781e+00 +4.0587e-01 -1.3186e+00 +5.7104e-01
237 0 +1.855625313e+00 +4.263562531e+01 +4.263562531e+01 -1.6285e+00 +1.4980e+00 +2.6968e-01 -1.6043e+00 +7.8489e-01
242 0 +1.680233981e+00 +4.246023398e+01 +4.246023398e+01 -1.5642e+00 +1.3762e+00 +6.9790e-01 -1.7564e+00 +4.0953e-01
275 0 +1.660768129e+00 +4.244076813e+01 +4.244076813e+01 -1.9337e+00 +1.0861e+00 +3.3874e-01 -1.4169e+00 +6.0272e-01
291 0 +1.634496928e+00 +4.241449693e+01 +4.241449693e+01 -1.8157e+00 +1.1377e+00 +4.9693e-01 -1.7684e+00 +3.9068e-01
304 0 +1.570130386e+00 +4.235013039e+01 +4.235013039e+01 -1.4828e+00 +1.1502e+00 +6.6959e-01 -1.4964e+00 +6.2727e-01
313 0 +1.458651859e+00 +4.223865186e+01 +4.223865186e+01 -1.9385e+00 +1.3269e+00 +5.1014e-01 -1.5733e+00 +5.2434e-01
384 0 +1.441198766e+00 +4.222119877e+01 +4.222119877e+01 -1.5995e+00 +1.3054e+00 +6.5324e-01 -1.5550e+00 +7.0338e-01
419 0 +1.311000637e+00 +4.209100064e+01 +4.209100064e+01 -1.7824e+00 +1.2393e+00 +4.4032e-01 -1.5701e+00 +5.2122e-01
485 0 +1.278294025e+00 +4.205829403e+01 +4.205829403e+01 -1.6628e+00 +1.2732e+00 +5.0596e-01 -1.5756e+00 +5.0789e-01
504 0 +1.266945885e+00 +4.204694589e+01 +4.204694589e+01 -1.7070e+00 +1.2962e+00 +6.0789e-01 -1.5100e+00 +5.4638e-01
513 0 +1.261035247e+00 +4.204103525e+01 +4.204103525e+01 -1.7765e+00 +1.2565e+00 +5.4560e-01 -1.5146e+00 +5.1631e-01
534 0 +1.260165775e+00 +4.204016577e+01 +4.204016577e+01 -1.7243e+00 +1.2363e+00 +4.9924e-01 -1.4769e+00 +5.2768e-01
560 0 +1.253981507e+00 +4.203398151e+01 +4.203398151e+01 -1.6826e+00 +1.2329e+00 +5.2412e-01 -1.5204e+00 +5.3739e-01
569 0 +1.251962567e+00 +4.203196257e+01 +4.203196257e+01 -1.7024e+00 +1.2625e+00 +5.7900e-01 -1.5126e+00 +5.5643e-01
571 0 +1.249705911e+00 +4.202970591e+01 +4.202970591e+01 -1.7419e+00 +1.2655e+00 +5.5220e-01 -1.5271e+00 +5.2638e-01
590 0 +1.248442490e+00 +4.202844249e+01 +4.202844249e+01 -1.7005e+00 +1.2664e+00 +5.3482e-01 -1.5355e+00 +5.3172e-01
603 0 +1.247734589e+00 +4.202773459e+01 +4.202773459e+01 -1.7249e+00 +1.2813e+00 +5.4968e-01 -1.5108e+00 +5.4829e-01
604 0 +1.246558709e+00 +4.202655871e+01 +4.202655871e+01 -1.7218e+00 +1.2547e+00 +5.5598e-01 -1.5235e+00 +5.5249e-01
611 0 +1.245942248e+00 +4.202594225e+01 +4.202594225e+01 -1.7135e+00 +1.2649e+00 +5.5113e-01 -1.5236e+00 +5.4395e-01
670 0 +1.245708920e+00 +4.202570892e+01 +4.202570892e+01 -1.7252e+00 +1.2530e+00 +5.4381e-01 -1.5216e+00 +5.4717e-01
686 0 +1.245681675e+00 +4.202568167e+01 +4.202568167e+01 -1.7218e+00 +1.2619e+00 +5.3652e-01 -1.5149e+00 +5.5276e-01
733 0 +1.245570627e+00 +4.202557063e+01 +4.202557063e+01 -1.7176e+00 +1.2575e+00 +5.4754e-01 -1.5114e+00 +5.4698e-01
793 0 +1.245500044e+00 +4.202550004e+01 +4.202550004e+01 -1.7242e+00 +1.2589e+00 +5.4064e-01 -1.5114e+00 +5.4409e-01
829 0 +1.245489649e+00 +4.202548965e+01 +4.202548965e+01 -1.7226e+00 +1.2599e+00 +5.4246e-01 -1.5105e+00 +5.4525e-01
830 0 +1.245462976e+00 +4.202546298e+01 +4.202546298e+01 -1.7188e+00 +1.2621e+00 +5.4452e-01 -1.5110e+00 +5.4481e-01
853 0 +1.245417140e+00 +4.202541714e+01 +4.202541714e+01 -1.7194e+00 +1.2629e+00 +5.3639e-01 -1.5156e+00 +5.4629e-01
859 0 +1.245401635e+00 +4.202540163e+01 +4.202540163e+01 -1.7200e+00 +1.2570e+00 +5.3790e-01 -1.5158e+00 +5.3988e-01
861 0 +1.245382155e+00 +4.202538215e+01 +4.202538215e+01 -1.7157e+00 +1.2637e+00 +5.4174e-01 -1.5201e+00 +5.4408e-01
874 0 +1.245363638e+00 +4.202536364e+01 +4.202536364e+01 -1.7201e+00 +1.2615e+00 +5.4308e-01 -1.5136e+00 +5.4657e-01
879 0 +1.245350129e+00 +4.202535013e+01 +4.202535013e+01 -1.7194e+00 +1.2576e+00 +5.4137e-01 -1.5162e+00 +5.4892e-01
887 0 +1.245295713e+00 +4.202529571e+01 +4.202529571e+01 -1.7199e+00 +1.2609e+00 +5.4117e-01 -1.5192e+00 +5.4486e-01
922 0 +1.245289053e+00 +4.202528905e+01 +4.202528905e+01 -1.7179e+00 +1.2599e+00 +5.3918e-01 -1.5154e+00 +5.4274e-01
935 0 +1.245278914e+00 +4.202527891e+01 +4.202527891e+01 -1.7178e+00 +1.2593e+00 +5.4350e-01 -1.5172e+00 +5.4518e-01
959 0 +1.245269986e+00 +4.202526999e+01 +4.202526999e+01 -1.7198e+00 +1.2586e+00 +5.4145e-01 -1.5164e+00 +5.4403e-01
1094 0 +1.245257681e+00 +4.202525768e+01 +4.202525768e+01 -1.7179e+00 +1.2590e+00 +5.4081e-01 -1.5169e+00 +5.4374e-01
% f evaluations | g evaluations | best noise-free fitness - Fopt (-1.600000000000e+00) + sum g_i+ | measured fitness | best measured fitness or single-digit g-values | x1 | x2...
1 0 +3.546721115e+01 +3.386721115e+01 +3.386721115e+01 +5.9671e-01 -3.8264e-02 +7.4769e-01 +1.6230e+00 -1.3415e-01
5 0 +2.544185483e+01 +2.384185483e+01 +2.384185483e+01 +1.5656e+00 -1.2578e-01 +1.6753e-01 -1.3247e+00 -4.4438e-01
8 0 +2.095013016e+01 +1.935013016e+01 +1.935013016e+01 -1.1208e+00 +3.0886e-01 -1.8597e+00 -1.2282e+00 +2.9686e-01
14 0 +2.046912819e+01 +1.886912819e+01 +1.886912819e+01 +1.4562e+00 +2.7990e-02 +1.1035e+00 +4.6164e-01 -5.4512e-01
21 0 +1.051275934e+01 +8.912759343e+00 +8.912759343e+00 -1.3154e+00 -3.2065e-01 -2.4271e-01 -7.0228e-01 -6.1286e-02
72 0 +9.284314586e+00 +7.684314586e+00 +7.684314586e+00 +1.7763e+00 +1.0092e-01 +1.0029e+00 -1.1031e+00 +9.7624e-01
74 0 +8.173126299e+00 +6.573126299e+00 +6.573126299e+00 +1.7116e+00 -1.5614e-01 +9.2242e-01 -5.8434e-01 +9.1990e-01
221 0 +7.981905371e+00 +6.381905371e+00 +6.381905371e+00 +2.0241e+00 -2.7276e-01 +1.3347e+00 -2.3956e-01 +1.4278e+00
301 0 +7.811189126e+00 +6.211189126e+00 +6.211189126e+00 +2.1330e+00 -1.2367e-01 +1.9710e+00 -4.1830e-02 +8.6120e-01
303 0 +7.596978097e+00 +5.996978097e+00 +5.996978097e+00 +1.7720e+00 -6.0018e-02 +1.4738e+00 -4.2537e-02 +6.9643e-01
367 0 +7.360682951e+00 +5.760682951e+00 +5.760682951e+00 +1.8792e+00 -2.9731e-01 +1.5552e+00 +1.1077e-01 +8.6952e-01
380 0 +7.306413969e+00 +5.706413969e+00 +5.706413969e+00 +1.7715e+00 -2.3578e-01 +1.4597e+00 -1.4161e-01 +1.1501e+00
446 0 +7.223728628e+00 +5.623728628e+00 +5.623728628e+00 +1.9030e+00 -2.3151e-01 +1.6437e+00 -3.7432e-02 +8.2088e-01
468 0 +7.175729315e+00 +5.575729315e+00 +5.575729315e+00 +1.8875e+00 -3.5608e-01 +1.5140e+00 -8.9465e-02 +1.0743e+00
497 0 +7.157994162e+00 +5.557994162e+00 +5.557994162e+00 +1.8632e+00 -2.0480e-01 +1.7049e+00 -1.6064e-01 +1.0190e+00
509 0 +7.074021345e+00 +5.474021345e+00 +5.474021345e+00 +1.9657e+00 -3.1250e-01 +1.6178e+00 -2.6182e-01 +8.5614e-01
515 0 +7.058260104e+00 +5.458260104e+00 +5.458260104e+00 +1.8902e+00 -3.1452e-01 +1.5637e+00 -1.3749e-01 +9.7205e-01
581 0 +7.047803257e+00 +5.447803257e+00 +5.447803257e+00 +1.9955e+00 -2.8137e-01 +1.5254e+00 -2.7397e-01 +9.3464e-01
603 0 +7.039266802e+00 +5.439266802e+00 +5.439266802e+00 +1.8368e+00 -3.1927e-01 +1.5266e+00 -2.5718e-01 +1.0154e+00
606 0 +7.030757953e+00 +5.430757953e+00 +5.430757953e+00 +1.9111e+00 -2.5973e-01 +1.5637e+00 -2.5034e-01 +9.8300e-01
649 0 +7.026092646e+00 +5.426092646e+00 +5.426092646e+00 +1.9442e+00 -2.8738e-01 +1.5732e+00 -2.6725e-01 +9.5482e-01
685 0 +7.024407097e+00 +5.424407097e+00 +5.424407097e+00 +1.9132e+00 -2.6408e-01 +1.5386e+00 -2.9730e-01 +9.7301e-01
721 0 +7.023373677e+00 +5.423373677e+00 +5.423373677e+00 +1.8362e+00 -3.1326e-01 +1.5299e+00 -2.5453e-01 +9.3599e-01
727 0 +7.017573395e+00 +5.417573395e+00 +5.417573395e+00 +1.8795e+00 -2.9845e-01 +1.5324e+00 -2.3601e-01 +9.1360e-01
735 0 +7.017531241e+00 +5.417531241e+00 +5.417531241e+00 +1.8951e+00 -3.3379e-01 +1.5737e+00 -2.3560e-01 +9.4676e-01
778 0 +7.016178949e+00 +5.416178949e+00 +5.416178949e+00 +1.9043e+00 -3.3584e-01 +1.5537e+00 -2.3101e-01 +9.5055e-01
805 0 +7.015821027e+00 +5.415821027e+00 +5.415821027e+00 +1.8886e+00 -2.9871e-01 +1.5371e+00 -2.9896e-01 +9.5363e-01
815 0 +7.013733993e+00 +5.413733993e+00 +5.413733993e+00 +1.8923e+00 -3.3081e-01 +1.5206e+00 -2.8860e-01 +9.4640e-01
817 0 +7.013615201e+00 +5.413615201e+00 +5.413615201e+00 +1.9048e+00 -3.4058e-01 +1.5261e+00 -2.6755e-01 +9.4742e-01
832 0 +7.013408965e+00 +5.413408965e+00 +5.413408965e+00 +1.8803e+00 -3.2536e-01 +1.5324e+00 -2.8201e-01 +9.3443e-01
833 0 +7.012436670e+00 +5.412436670e+00 +5.412436670e+00 +1.8924e+00 -3.2438e-01 +1.5381e+00 -2.6372e-01 +9.2032e-01
882 0 +7.012366224e+00 +5.412366224e+00 +5.412366224e+00 +1.8905e+00 -3.1569e-01 +1.5225e+00 -2.6770e-01 +9.2063e-01
901 0 +7.012029671e+00 +5.412029671e+00 +5.412029671e+00 +1.9059e+00 -3.1049e-01 +1.5280e+00 -2.6112e-01 +9.4194e-01
904 0 +7.011805907e+00 +5.411805907e+00 +5.411805907e+00 +1.8950e+00 -3.1023e-01 +1.5237e+00 -2.6847e-01 +9.4521e-01
913 0 +7.011632524e+00 +5.411632524e+00 +5.411632524e+00 +1.8993e+00 -3.2997e-01 +1.5327e+00 -2.6283e-01 +9.3147e-01
914 0 +7.011204705e+00 +5.411204705e+00 +5.411204705e+00 +1.8962e+00 -3.1872e-01 +1.5313e+00 -2.6826e-01 +9.3411e-01
1018 0 +7.011132883e+00 +5.411132883e+00 +5.411132883e+00 +1.8973e+00 -3.2078e-01 +1.5320e+00 -2.6391e-01 +9.3592e-01
1156 0 +7.011126613e+00 +5.411126613e+00 +5.411126613e+00 +1.8923e+00 -3.2099e-01 +1.5329e+00 -2.6188e-01 +9.3818e-01
1250 0 +7.011112252e+00 +5.411112252e+00 +5.411112252e+00 +1.8943e+00 -3.1778e-01 +1.5323e+00 -2.6270e-01 +9.3784e-01
% f evaluations | g evaluations | best noise-free fitness - Fopt (-3.708400000000e+02) + sum g_i+ | measured fitness | best measured fitness or single-digit g-values | x1 | x2...
1 0 +7.191130781e+01 -2.989286922e+02 -2.989286922e+02 +5.9671e-01 -3.8264e-02 +7.4769e-01 +1.6230e+00 -1.3415e-01
2 0 +4.484817312e+01 -3.259918269e+02 -3.259918269e+02 -1.3414e-01 +1.6792e+00 +8.6743e-01 -3.6947e-01 +6.4256e-01
5 0 +3.147181454e+01 -3.393681855e+02 -3.393681855e+02 +1.5656e+00 -1.2578e-01 +1.6753e-01 -1.3247e+00 -4.4438e-01
82 0 +1.998141099e+01 -3.508585890e+02 -3.508585890e+02 -8.5498e-01 +3.1156e+00 +9.8016e-01 -6.3838e-01 -2.8407e-01
115 0 +1.681925832e+01 -3.540207417e+02 -3.540207417e+02 -3.2943e+00 +4.9278e+00 +1.8922e+00 +1.0553e+00 -1.1205e+00
116 0 +1.304334444e+01 -3.577966556e+02 -3.577966556e+02 +1.7119e+00 -1.5944e+00 +2.7683e+00 -5.3447e-01 -1.6525e+00
169 0 +9.556009298e+00 -3.612839907e+02 -3.612839907e+02 -2.0920e+00 +3.7990e+00 +2.4418e+00 +1.4249e-01 -1.7644e+00
264 0 +8.374204425e+00 -3.624657956e+02 -3.624657956e+02 -3.0967e-02 +4.8572e+00 +7.8841e-01 -1.5718e-01 -8.0549e-01
492 0 +8.262598239e+00 -3.625774018e+02 -3.625774018e+02 -5.6717e-02 +4.9585e+00 +8.8246e-01 -3.5909e-01 -6.2420e-01
513 0 +8.195400629e+00 -3.626445994e+02 -3.626445994e+02 -2.8593e-02 +4.8219e+00 +9.3148e-01 -5.0951e-01 -7.4983e-01
570 0 +8.145452165e+00 -3.626945478e+02 -3.626945478e+02 -6.0527e-02 +4.9695e+00 +8.3876e-01 -4.2103e-01 -8.7469e-01
658 0 +8.131859662e+00 -3.627081403e+02 -3.627081403e+02 -1.3176e-01 +4.8125e+00 +8.2899e-01 -4.0524e-01 -8.2222e-01
703 0 +8.129475287e+00 -3.627105247e+02 -3.627105247e+02 -6.4431e-02 +4.8806e+00 +8.2392e-01 -4.4808e-01 -8.2642e-01
704 0 +8.129244726e+00 -3.627107553e+02 -3.627107553e+02 -8.8488e-02 +4.8647e+00 +7.9971e-01 -4.3078e-01 -8.5670e-01
723 0 +8.127852863e+00 -3.627121471e+02 -3.627121471e+02 -9.5853e-02 +4.8031e+00 +8.4314e-01 -4.2717e-01 -7.9760e-01
804 0 +8.126470099e+00 -3.627135299e+02 -3.627135299e+02 -1.0832e-01 +4.8299e+00 +8.0711e-01 -4.2414e-01 -8.1684e-01
881 0 +8.124016464e+00 -3.627159835e+02 -3.627159835e+02 -8.8309e-02 +4.8328e+00 +8.3524e-01 -4.2802e-01 -8.3610e-01
1026 0 +8.123892949e+00 -3.627161071e+02 -3.627161071e+02 -9.4648e-02 +4.8504e+00 +8.3798e-01 -4.3312e-01 -8.2010e-01
1089 0 +8.123733284e+00 -3.627162667e+02 -3.627162667e+02 -9.0972e-02 +4.8542e+00 +8.3917e-01 -4.2728e-01 -8.2011e-01
1096 0 +8.123535107e+00 -3.627164649e+02 -3.627164649e+02 -8.7092e-02 +4.8454e+00 +8.3389e-01 -4.3028e-01 -8.3228e-01
% f evaluations | g evaluations | best noise-free fitness - Fopt (-3.256000000000e+01) + sum g_i+ | measured fitness | best measured fitness or single-digit g-values | x1 | x2...
1 0 +5.471837738e+01 +2.215837738e+01 +2.215837738e+01 +5.9671e-01 -3.8264e-02 +7.4769e-01 +1.6230e+00 -1.3415e-01
3 0 +2.411967533e+01 -8.440324673e+00 -8.440324673e+00 -3.6342e-01 -3.6573e-01 +3.4196e-01 -1.8133e+00 -1.6249e+00
15 0 +9.889352202e+00 -2.267064780e+01 -2.267064780e+01 +4.6140e-01 +1.6380e+00 +6.4174e-02 +1.6646e+00 -2.5197e+00
49 0 +8.934936271e+00 -2.362506373e+01 -2.362506373e+01 -6.9113e-01 +1.7228e+00 -2.1490e-01 +1.3790e+00 -2.6173e+00
187 0 +8.920860396e+00 -2.363913960e+01 -2.363913960e+01 -2.5109e-01 -1.5646e+00 +3.1347e-01 -8.2507e-01 -2.3737e+00
190 0 +7.984003567e+00 -2.457599643e+01 -2.457599643e+01 -9.6334e-01 -1.2591e+00 +7.2395e-01 -8.6789e-01 -2.4154e+00
256 0 +6.464494627e+00 -2.609550537e+01 -2.609550537e+01 -1.1256e+00 -1.1888e+00 +4.1857e-01 -1.0078e+00 -3.5515e+00
337 0 +6.287980673e+00 -2.627201933e+01 -2.627201933e+01 -1.0825e+00 -1.0857e+00 +3.6229e-01 -8.5430e-01 -3.2917e+00
361 0 +5.892616817e+00 -2.666738318e+01 -2.666738318e+01 -1.0028e+00 -1.3278e+00 +4.3531e-01 -1.0009e+00 -3.2093e+00
395 0 +5.851913622e+00 -2.670808638e+01 -2.670808638e+01 -1.0324e+00 -1.4176e+00 +6.2897e-01 -1.0044e+00 -3.2402e+00
420 0 +5.533911823e+00 -2.702608818e+01 -2.702608818e+01 -1.0676e+00 -1.4226e+00 +6.7562e-01 -6.2371e-01 -3.3464e+00
468 0 +5.497422937e+00 -2.706257706e+01 -2.706257706e+01 -9.5870e-01 -1.5323e+00 +5.3309e-01 -7.5876e-01 -3.2893e+00
565 0 +5.494795433e+00 -2.706520457e+01 -2.706520457e+01 -1.1980e+00 -1.4336e+00 +5.5697e-01 -7.9923e-01 -3.0498e+00
576 0 +5.439577780e+00 -2.712042222e+01 -2.712042222e+01 -1.1956e+00 -1.4209e+00 +5.0271e-01 -7.1251e-01 -3.3900e+00
582 0 +5.310527474e+00 -2.724947253e+01 -2.724947253e+01 -1.1982e+00 -1.5578e+00 +5.6904e-01 -7.1293e-01 -3.2079e+00
685 0 +5.275282388e+00 -2.728471761e+01 -2.728471761e+01 -1.1197e+00 -1.5054e+00 +5.1606e-01 -6.8238e-01 -3.2205e+00
764 0 +5.274614489e+00 -2.728538551e+01 -2.728538551e+01 -1.1055e+00 -1.5252e+00 +5.2595e-01 -7.2572e-01 -3.2000e+00
839 0 +5.264452760e+00 -2.729554724e+01 -2.729554724e+01 -1.1352e+00 -1.4863e+00 +5.5447e-01 -7.1247e-01 -3.2152e+00
930 0 +5.263435624e+00 -2.729656438e+01 -2.729656438e+01 -1.1405e+00 -1.4910e+00 +5.2996e-01 -7.1770e-01 -3.2179e+00
933 0 +5.263072186e+00 -2.729692781e+01 -2.729692781e+01 -1.1400e+00 -1.4891e+00 +5.3908e-01 -7.2406e-01 -3.2135e+00
1094 0 +5.262941809e+00 -2.729705819e+01 -2.729705819e+01 -1.1396e+00 -1.4935e+00 +5.3595e-01 -7.1841e-01 -3.2119e+00
1132 0 +5.262893340e+00 -2.729710666e+01 -2.729710666e+01 -1.1419e+00 -1.4907e+00 +5.4056e-01 -7.1492e-01 -3.2145e+00
1169 0 +5.262884434e+00 -2.729711557e+01 -2.729711557e+01 -1.1383e+00 -1.4907e+00 +5.3922e-01 -7.1893e-01 -3.2180e+00
1197 0 +5.262872021e+00 -2.729712798e+01 -2.729712798e+01 -1.1395e+00 -1.4891e+00 +5.4007e-01 -7.1937e-01 -3.2139e+00
1207 0 +5.262866806e+00 -2.729713319e+01 -2.729713319e+01 -1.1404e+00 -1.4883e+00 +5.4058e-01 -7.1823e-01 -3.2162e+00
1211 0 +5.262846758e+00 -2.729715324e+01 -2.729715324e+01 -1.1400e+00 -1.4916e+00 +5.4165e-01 -7.1688e-01 -3.2167e+00
1236 0 +5.262828123e+00 -2.729717188e+01 -2.729717188e+01 -1.1402e+00 -1.4923e+00 +5.4056e-01 -7.1807e-01 -3.2164e+00
% f evaluations | g evaluations | best noise-free fitness - Fopt (5.154000000000e+02) + sum g_i+ | measured fitness | best measured fitness or single-digit g-values | x1 | x2...
1 0 +1.359134884e+01 +5.289913488e+02 +5.289913488e+02 +5.9671e-01 -3.8264e-02 +7.4769e-01 +1.6230e+00 -1.3415e-01
5 0 +1.358708591e+01 +5.289870859e+02 +5.289870859e+02 +1.5656e+00 -1.2578e-01 +1.6753e-01 -1.3247e+00 -4.4438e-01
23 0 +1.048776242e+01 +5.258877624e+02 +5.258877624e+02 -1.8188e+00 +7.3486e-02 +1.6023e-01 +2.5632e+00 -9.2361e-02
60 0 +9.830268596e+00 +5.252302686e+02 +5.252302686e+02 -8.4659e-02 +2.2470e-03 +4.4458e-01 +1.3337e+00 -4.2822e-02
63 0 +8.892472118e+00 +5.242924721e+02 +5.242924721e+02 -7.1552e-02 +5.4615e-01 +6.2777e-01 +1.7086e+00 -2.4572e-01
80 0 +8.230438162e+00 +5.236304382e+02 +5.236304382e+02 -9.8577e-01 -1.9700e-01 -9.1876e-01 -5.4713e-02 -3.8786e-01
92 0 +5.868746008e+00 +5.212687460e+02 +5.212687460e+02 +6.4207e-01 +9.0536e-01 +3.2959e-01 +2.4867e+00 -4.2766e-01
121 0 +5.677522884e+00 +5.210775229e+02 +5.210775229e+02 -3.1476e-01 +4.7948e-01 +5.1954e-01 +1.7273e+00 +3.6266e-01
178 0 +5.645693459e+00 +5.210456935e+02 +5.210456935e+02 +1.6733e-01 +1.1252e+00 +7.7564e-01 +2.0437e+00 +1.1511e+00
244 0 +4.335689223e+00 +5.197356892e+02 +5.197356892e+02 -1.5207e-02 +8.4701e-01 +4.1753e-01 +2.7372e+00 +2.3889e-01
362 0 +3.980929523e+00 +5.193809295e+02 +5.193809295e+02 -2.8682e-01 +9.5199e-01 +3.2832e-01 +1.9302e+00 +5.1038e-01
439 0 +3.869207262e+00 +5.192692073e+02 +5.192692073e+02 +5.6879e-01 +1.2173e+00 +7.2028e-01 +2.3087e+00 +5.3957e-01
443 0 +3.750294285e+00 +5.191502943e+02 +5.191502943e+02 +4.7173e-01 +1.4139e+00 +5.8305e-01 +1.8653e+00 +7.3390e-01
450 0 +3.296219663e+00 +5.186962197e+02 +5.186962197e+02 +2.3413e-01 +1.1413e+00 +6.1078e-01 +2.0814e+00 +4.9183e-01
464 0 +3.256391808e+00 +5.186563918e+02 +5.186563918e+02 +1.6113e-01 +1.0562e+00 +5.4450e-01 +2.1097e+00 +5.6445e-01
635 0 +3.224117938e+00 +5.186241179e+02 +5.186241179e+02 +2.4601e-01 +1.1830e+00 +5.6798e-01 +2.0274e+00 +5.6867e-01
654 0 +3.202456656e+00 +5.186024567e+02 +5.186024567e+02 +2.1507e-01 +1.1464e+00 +5.5340e-01 +2.0749e+00 +5.6879e-01
664 0 +3.199289939e+00 +5.185992899e+02 +5.185992899e+02 +2.1893e-01 +1.1781e+00 +5.6765e-01 +2.0786e+00 +5.4365e-01
719 0 +3.196138934e+00 +5.185961389e+02 +5.185961389e+02 +1.1556e-01 +1.1197e+00 +5.4552e-01 +2.1731e+00 +5.3337e-01
733 0 +3.190562556e+00 +5.185905626e+02 +5.185905626e+02 +2.0120e-01 +1.1569e+00 +5.2500e-01 +2.2315e+00 +4.9285e-01
736 0 +3.184267441e+00 +5.185842674e+02 +5.185842674e+02 +2.1550e-01 +1.1359e+00 +5.3630e-01 +2.1866e+00 +4.4562e-01
881 0 +3.177670824e+00 +5.185776708e+02 +5.185776708e+02 +2.3158e-01 +1.1615e+00 +5.5529e-01 +2.1656e+00 +5.1604e-01
911 0 +3.173675622e+00 +5.185736756e+02 +5.185736756e+02 +1.8437e-01 +1.1492e+00 +5.2868e-01 +2.1570e+00 +5.1452e-01
942 0 +3.171878069e+00 +5.185718781e+02 +5.185718781e+02 +1.5749e-01 +1.1220e+00 +5.2713e-01 +2.1686e+00 +5.1202e-01
985 0 +3.171422329e+00 +5.185714223e+02 +5.185714223e+02 +1.6482e-01 +1.1156e+00 +5.3081e-01 +2.1690e+00 +5.0364e-01
988 0 +3.171367300e+00 +5.185713673e+02 +5.185713673e+02 +1.6334e-01 +1.1153e+00 +5.2022e-01 +2.1775e+00 +4.9744e-01
1040 0 +3.171164603e+00 +5.185711646e+02 +5.185711646e+02 +1.4897e-01 +1.1089e+00 +5.0846e-01 +2.1851e+00 +4.7860e-01
1076 0 +3.170503104e+00 +5.185705031e+02 +5.185705031e+02 +1.7940e-01 +1.1255e+00 +5.2436e-01 +2.1680e+00 +4.9320e-01
1088 0 +3.170290964e+00 +5.185702910e+02 +5.185702910e+02 +1.4575e-01 +1.1037e+00 +5.1387e-01 +2.1819e+00 +4.8281e-01
1227 0 +3.170263711e+00 +5.185702637e+02 +5.185702637e+02 +1.7352e-01 +1.1187e+00 +5.2163e-01 +2.1655e+00 +4.8411e-01
1239 0 +3.170105228e+00 +5.185701052e+02 +5.185701052e+02 +1.6204e-01 +1.1070e+00 +5.2217e-01 +2.1653e+00 +4.8307e-01
% f evaluations | g evaluations | best noise-free fitness - Fopt (-8.628000000000e+01) + sum g_i+ | measured fitness | best measured fitness or single-digit g-values | x1 | x2...
1 0 +7.179667336e+01 -1.448332664e+01 -1.448332664e+01 +5.9671e-01 -3.8264e-02 +7.4769e-01 +1.6230e+00 -1.3415e-01
2 0 +3.238864733e+01 -5.389135267e+01 -5.389135267e+01 -1.3414e-01 +1.6792e+00 +8.6743e-01 -3.6947e-01 +6.4256e-01
29 0 +2.909044657e+01 -5.718955343e+01 -5.718955343e+01 +1.4080e+00 +1.1465e+00 -1.5263e-01 -1.5249e+00 -3.6071e-01
30 0 +2.614746927e+01 -6.013253073e+01 -6.013253073e+01 -6.1358e-02 -2.1962e-01 +4.8258e-01 -2.2083e+00 +7.9642e-01
36 0 +1.947365594e+01 -6.680634406e+01 -6.680634406e+01 -9.8288e-01 +3.4146e+00 +1.9197e+00 -9.7675e-01 +2.0168e+00
45 0 +1.218361723e+01 -7.409638277e+01 -7.409638277e+01 -1.7535e+00 +1.6763e-02 -1.1274e+00 -1.5836e-01 +2.5791e+00
107 0 +8.179786773e+00 -7.810021323e+01 -7.810021323e+01 -2.8806e-01 +1.3430e+00 +2.0930e+00 -1.6476e+00 +1.9763e+00
108 0 +8.030523240e+00 -7.824947676e+01 -7.824947676e+01 -1.8383e+00 +4.1031e+00 -3.6014e+00 -1.8892e+00 +2.4606e+00
150 0 +7.721724109e+00 -7.855827589e+01 -7.855827589e+01 -9.4779e-01 +3.8723e+00 +2.3612e-01 -1.8748e+00 +1.4760e+00
156 0 +4.599670216e+00 -8.168032978e+01 -8.168032978e+01 -4.8956e-01 +3.0285e+00 +2.1213e+00 -2.2284e-01 +2.2928e+00
199 0 +3.584589993e+00 -8.269541001e+01 -8.269541001e+01 -7.3982e-01 +3.9082e+00 +1.7228e+00 -8.7520e-01 +3.9874e+00
247 0 +2.485288184e+00 -8.379471182e+01 -8.379471182e+01 -1.5940e-01 +2.9463e+00 +2.3164e+00 -5.7789e-01 +2.8986e+00
270 0 +2.413980939e+00 -8.386601906e+01 -8.386601906e+01 -6.3454e-01 +4.6719e+00 +6.0699e-01 -1.1844e+00 +4.1669e+00
296 0 +2.114152621e+00 -8.416584738e+01 -8.416584738e+01 -1.1903e+00 +3.2355e+00 +1.7871e+00 +1.4524e-01 +2.6772e+00
354 0 +1.989113223e+00 -8.429088678e+01 -8.429088678e+01 -7.8811e-01 +2.8489e+00 +1.7722e+00 -1.7973e-01 +2.7166e+00
421 0 +1.374170049e+00 -8.490582995e+01 -8.490582995e+01 -6.1697e-01 +2.8143e+00 +2.8207e+00 -2.6859e-01 +3.3111e+00
626 0 +1.332421064e+00 -8.494757894e+01 -8.494757894e+01 -4.3176e-01 +4.6521e+00 +7.5857e-01 -5.2891e-01 +4.4226e+00
656 0 +1.308841402e+00 -8.497115860e+01 -8.497115860e+01 -4.4648e-01 +4.7214e+00 +7.1757e-01 -6.1990e-01 +4.3363e+00
679 0 +1.281641590e+00 -8.499835841e+01 -8.499835841e+01 -4.5810e-01 +4.6047e+00 +6.2256e-01 -5.6721e-01 +4.2152e+00
709 0 +1.260771286e+00 -8.501922871e+01 -8.501922871e+01 -4.8343e-01 +4.6720e+00 +6.7629e-01 -5.1311e-01 +4.3261e+00
741 0 +1.257942169e+00 -8.502205783e+01 -8.502205783e+01 -4.8213e-01 +4.6366e+00 +6.4044e-01 -5.6018e-01 +4.2966e+00
783 0 +1.252861632e+00 -8.502713837e+01 -8.502713837e+01 -4.7217e-01 +4.6508e+00 +7.1970e-01 -5.7983e-01 +4.2588e+00
914 0 +1.249599564e+00 -8.503040044e+01 -8.503040044e+01 -5.0301e-01 +4.6297e+00 +6.9334e-01 -5.7357e-01 +4.2605e+00
928 0 +1.247388316e+00 -8.503261168e+01 -8.503261168e+01 -4.8932e-01 +4.6453e+00 +6.7237e-01 -5.4542e-01 +4.2689e+00
1004 0 +1.246884407e+00 -8.503311559e+01 -8.503311559e+01 -4.9135e-01 +4.6413e+00 +6.8998e-01 -5.4918e-01 +4.2995e+00
1037 0 +1.246714978e+00 -8.503328502e+01 -8.503328502e+01 -4.8958e-01 +4.6481e+00 +6.7264e-01 -5.4690e-01 +4.2863e+00
1041 0 +1.245826770e+00 -8.503417323e+01 -8.503417323e+01 -4.9503e-01 +4.6444e+00 +6.8317e-01 -5.5732e-01 +4.2836e+00
1044 0 +1.245700799e+00 -8.503429920e+01 -8.503429920e+01 -4.9513e-01 +4.6492e+00 +6.8251e-01 -5.5021e-01 +4.2872e+00
1060 0 +1.245526248e+00 -8.503447375e+01 -8.503447375e+01 -4.9917e-01 +4.6428e+00 +6.9365e-01 -5.5847e-01 +4.2852e+00
1066 0 +1.245382868e+00 -8.503461713e+01 -8.503461713e+01 -4.9738e-01 +4.6450e+00 +6.9103e-01 -5.5530e-01 +4.2856e+00
1097 0 +1.245342756e+00 -8.503465724e+01 -8.503465724e+01 -4.9868e-01 +4.6491e+00 +6.9763e-01 -5.5361e-01 +4.2858e+00
1192 0 +1.245267388e+00 -8.503473261e+01 -8.503473261e+01 -4.9552e-01 +4.6471e+00 +6.9630e-01 -5.5679e-01 +4.2832e+00
% f evaluations | g evaluations | best noise-free fitness - Fopt (2.224000000000e+01) + sum g_i+ | measured fitness | best measured fitness or single-digit g-values | x1 | x2...
1 0 +6.637511265e+01 +8.861511265e+01 +8.861511265e+01 +5.9671e-01 -3.8264e-02 +7.4769e-01 +1.6230e+00 -1.3415e-01
2 0 +6.212700200e+01 +8.436700200e+01 +8.436700200e+01 -1.3414e-01 +1.6792e+00 +8.6743e-01 -3.6947e-01 +6.4256e-01
3 0 +6.111463880e+01 +8.335463880e+01 +8.335463880e+01 -3.6342e-01 -3.6573e-01 +3.4196e-01 -1.8133e+00 -1.6249e+00
4 0 +5.633067841e+01 +7.857067841e+01 +7.857067841e+01 -4.6229e-01 -9.1283e-01 +4.1425e-01 -8.0802e-01 -1.3123e+00
5 0 +4.624374303e+01 +6.848374303e+01 +6.848374303e+01 +1.5656e+00 -1.2578e-01 +1.6753e-01 -1.3247e+00 -4.4438e-01
8 0 +2.522686114e+01 +4.746686114e+01 +4.746686114e+01 -1.1208e+00 +3.0886e-01 -1.8597e+00 -1.2282e+00 +2.9686e-01
20 0 +2.251469371e+01 +4.475469371e+01 +4.475469371e+01 -1.3635e+00 +3.9612e-01 +3.6106e-01 +1.0511e-01 -1.3459e-01
23 0 +1.411961135e+01 +3.635961135e+01 +3.635961135e+01 -1.8188e+00 +7.3486e-02 +1.6023e-01 +2.5632e+00 -9.2361e-02
61 0 +1.018226538e+01 +3.242226538e+01 +3.242226538e+01 -1.7974e+00 +1.5489e+00 -8.8643e-01 +1.7450e-01 +3.4658e-01
181 0 +6.042140318e+00 +2.828214032e+01 +2.828214032e+01 -1.8363e+00 +9.5181e-01 +5.2956e-01 +2.2281e+00 -7.3918e-02
221 0 +4.117605298e+00 +2.635760530e+01 +2.635760530e+01 +4.7604e-01 -1.7980e-01 -1.9685e+00 -6.1406e-01 -2.5242e+00
249 0 +3.079014248e+00 +2.531901425e+01 +2.531901425e+01 +6.0983e-01 -7.7385e-01 -2.5987e+00 +5.7875e-01 -2.6071e+00
271 0 +3.013826363e+00 +2.525382636e+01 +2.525382636e+01 -1.4187e-01 -7.4512e-01 -2.6742e+00 +9.6093e-01 -2.3834e+00
278 0 +2.644815725e+00 +2.488481572e+01 +2.488481572e+01 +3.4102e-01 -1.2451e+00 -2.4114e+00 -8.3508e-01 -2.5350e+00
293 0 +2.028019083e+00 +2.426801908e+01 +2.426801908e+01 +4.2743e-01 -8.3568e-01 -2.4540e+00 -2.2489e-01 -2.8681e+00
310 0 +1.980312083e+00 +2.422031208e+01 +2.422031208e+01 +1.1644e-02 -7.2164e-01 -2.1415e+00 -1.3993e-01 -2.4448e+00
389 0 +1.858869917e+00 +2.409886992e+01 +2.409886992e+01 +1.5986e-01 -7.5155e-01 -2.5120e+00 -3.3868e-01 -2.5093e+00
423 0 +1.610242104e+00 +2.385024210e+01 +2.385024210e+01 +2.6061e-01 -7.9226e-01 -2.3720e+00 +1.0232e-02 -2.3536e+00
482 0 +1.610192712e+00 +2.385019271e+01 +2.385019271e+01 +1.9679e-01 -6.9967e-01 -2.4209e+00 -2.9079e-02 -2.3290e+00
516 0 +1.607500860e+00 +2.384750086e+01 +2.384750086e+01 +2.6402e-01 -7.0753e-01 -2.4150e+00 -2.1446e-01 -2.2844e+00
534 0 +1.598379743e+00 +2.383837974e+01 +2.383837974e+01 +3.0191e-01 -7.5787e-01 -2.4716e+00 -1.7276e-01 -2.3334e+00
535 0 +1.591957943e+00 +2.383195794e+01 +2.383195794e+01 +2.6927e-01 -7.5488e-01 -2.4792e+00 -1.1057e-01 -2.3455e+00
557 0 +1.572951510e+00 +2.381295151e+01 +2.381295151e+01 +2.9288e-01 -7.9998e-01 -2.4331e+00 -1.1434e-01 -2.3147e+00
586 0 +1.568078910e+00 +2.380807891e+01 +2.380807891e+01 +2.6392e-01 -7.7305e-01 -2.3971e+00 -1.4951e-01 -2.2871e+00
628 0 +1.566685841e+00 +2.380668584e+01 +2.380668584e+01 +2.7078e-01 -8.2454e-01 -2.3933e+00 -1.1342e-01 -2.2772e+00
659 0 +1.566531418e+00 +2.380653142e+01 +2.380653142e+01 +2.8962e-01 -8.1505e-01 -2.4093e+00 -1.2058e-01 -2.3002e+00
702 0 +1.564747507e+00 +2.380474751e+01 +2.380474751e+01 +2.7402e-01 -8.1128e-01 -2.3704e+00 -1.1119e-01 -2.3008e+00
806 0 +1.563340382e+00 +2.380334038e+01 +2.380334038e+01 +2.6739e-01 -7.9870e-01 -2.3954e+00 -1.2276e-01 -2.3016e+00
844 0 +1.563306056e+00 +2.380330606e+01 +2.380330606e+01 +2.6827e-01 -8.0304e-01 -2.3913e+00 -1.1745e-01 -2.2999e+00
881 0 +1.563248876e+00 +2.380324888e+01 +2.380324888e+01 +2.7484e-01 -7.9673e-01 -2.3920e+00 -1.1992e-01 -2.2974e+00
896 0 +1.563095091e+00 +2.380309509e+01 +2.380309509e+01 +2.7440e-01 -7.9899e-01 -2.3924e+00 -1.2276e-01 -2.3049e+00
986 0 +1.563062470e+00 +2.380306247e+01 +2.380306247e+01 +2.7336e-01 -8.0372e-01 -2.3895e+00 -1.2626e-01 -2.3003e+00
1032 0 +1.563021204e+00 +2.380302120e+01 +2.380302120e+01 +2.7544e-01 -8.0334e-01 -2.3895e+00 -1.2442e-01 -2.2990e+00
1226 0 +1.563018181e+00 +2.380301818e+01 +2.380301818e+01 +2.7577e-01 -8.0313e-01 -2.3892e+00 -1.2587e-01 -2.2992e+00
% f evaluations | g evaluations | best noise-free fitness - Fopt (-2.301000000000e+01) + sum g_i+ | measured fitness | best measured fitness or single-digit g-values | x1 | x2...
1 0 +6.138453626e+01 +3.837453626e+01 +3.837453626e+01 +5.9671e-01 -3.8264e-02 +7.4769e-01 +1.6230e+00 -1.3415e-01
3 0 +4.184840635e+01 +1.883840635e+01 +1.883840635e+01 -3.6342e-01 -3.6573e-01 +3.4196e-01 -1.8133e+00 -1.6249e+00
5 0 +2.622262772e+01 +3.212627724e+00 +3.212627724e+00 +1.5656e+00 -1.2578e-01 +1.6753e-01 -1.3247e+00 -4.4438e-01
15 0 +1.056874288e+01 -1.244125712e+01 -1.244125712e+01 +4.6140e-01 +1.6380e+00 +6.4174e-02 +1.6646e+00 -2.5197e+00
83 0 +9.765203778e+00 -1.324479622e+01 -1.324479622e+01 -5.7326e-02 +1.7673e+00 +7.2144e-01 +1.1222e+00 -1.5854e+00
93 0 +7.978867228e+00 -1.503113277e+01 -1.503113277e+01 +2.0918e+00 +1.5663e+00 -7.4316e-01 +5.1625e-01 -2.5731e+00
103 0 +5.543347210e+00 -1.746665279e+01 -1.746665279e+01 +1.4221e+00 -1.9654e-01 -6.2088e-01 -9.8123e-02 -3.2000e+00
235 0 +3.109114159e+00 -1.990088584e+01 -1.990088584e+01 +2.2219e+00 -7.2277e-01 -1.2045e+00 -5.1216e-01 -3.5973e+00
285 0 +2.254623555e+00 -2.075537644e+01 -2.075537644e+01 +1.7641e+00 -6.0698e-01 -9.9783e-01 +2.4986e-01 -3.7965e+00
411 0 +2.251266788e+00 -2.075873321e+01 -2.075873321e+01 +1.2071e+00 -6.1819e-01 -8.5391e-01 -3.4325e-01 -3.7892e+00
418 0 +2.159976350e+00 -2.085002365e+01 -2.085002365e+01 +1.8548e+00 -7.9015e-01 -1.0057e+00 -2.0830e-01 -3.6348e+00
426 0 +2.058009264e+00 -2.095199074e+01 -2.095199074e+01 +1.5369e+00 -9.5519e-01 -8.4658e-01 -3.1303e-01 -3.7640e+00
692 0 +2.057536084e+00 -2.095246392e+01 -2.095246392e+01 +1.3842e+00 -8.7159e-01 -8.0975e-01 -2.0821e-01 -3.7268e+00
767 0 +2.055258192e+00 -2.095474181e+01 -2.095474181e+01 +1.5503e+00 -8.2082e-01 -8.9225e-01 -3.0061e-01 -3.6788e+00
784 0 +2.049366281e+00 -2.096063372e+01 -2.096063372e+01 +1.3997e+00 -8.0986e-01 -8.4237e-01 -1.1600e-01 -3.7845e+00
795 0 +2.048078837e+00 -2.096192116e+01 -2.096192116e+01 +1.5268e+00 -8.4681e-01 -8.9324e-01 -1.5252e-01 -3.8134e+00
804 0 +2.045590983e+00 -2.096440902e+01 -2.096440902e+01 +1.5019e+00 -8.9865e-01 -8.8706e-01 -3.2009e-01 -3.7569e+00
1012 0 +2.045487760e+00 -2.096451224e+01 -2.096451224e+01 +1.4327e+00 -8.9519e-01 -8.5329e-01 -2.4100e-01 -3.7903e+00
1041 0 +2.045314336e+00 -2.096468566e+01 -2.096468566e+01 +1.4890e+00 -8.3582e-01 -8.8566e-01 -1.9072e-01 -3.7811e+00
1066 0 +2.044802927e+00 -2.096519707e+01 -2.096519707e+01 +1.4938e+00 -8.9563e-01 -8.8945e-01 -2.9185e-01 -3.7877e+00
1094 0 +2.044163800e+00 -2.096583620e+01 -2.096583620e+01 +1.4131e+00 -8.5544e-01 -8.5879e-01 -2.1933e-01 -3.7982e+00
1117 0 +2.044116949e+00 -2.096588305e+01 -2.096588305e+01 +1.4595e+00 -8.7749e-01 -8.7384e-01 -2.7258e-01 -3.7658e+00
1147 0 +2.044018363e+00 -2.096598164e+01 -2.096598164e+01 +1.4534e+00 -8.6160e-01 -8.6135e-01 -2.7387e-01 -3.7654e+00
1162 0 +2.043912295e+00 -2.096608770e+01 -2.096608770e+01 +1.4481e+00 -8.6441e-01 -8.6813e-01 -2.8522e-01 -3.7749e+00
1206 0 +2.043785709e+00 -2.096621429e+01 -2.096621429e+01 +1.4329e+00 -8.5936e-01 -8.6673e-01 -2.5423e-01 -3.7772e+00
1217 0 +2.043739138e+00 -2.096626086e+01 -2.096626086e+01 +1.4383e+00 -8.6483e-01 -8.6590e-01 -2.6280e-01 -3.7833e+00
% f evaluations | g evaluations | best noise-free fitness - Fopt (-3.323700000000e+02) + sum g_i+ | measured fitness | best measured fitness or single-digit g-values | x1 | x2...
1 0 +2.845152287e+01 -3.039184771e+02 -3.039184771e+02 +5.9671e-01 -3.8264e-02 +7.4769e-01 +1.6230e+00 -1.3415e-01
11 0 +1.835984061e+01 -3.140101594e+02 -3.140101594e+02 +4.2408e-01 -2.8508e-01 -5.7692e-01 +7.1168e-01 +1.1310e+00
12 0 +1.442381011e+01 -3.179461899e+02 -3.179461899e+02 +1.0313e+00 -7.3922e-01 -2.0921e-01 +4.3126e-01 +1.0755e+00
32 0 +9.669659681e+00 -3.227003403e+02 -3.227003403e+02 +9.8396e-01 -2.1995e+00 +9.9286e-01 +7.0738e-01 +4.1096e-01
36 0 +7.632621676e+00 -3.247373783e+02 -3.247373783e+02 +1.2703e+00 -5.2169e-01 +2.7919e+00 -1.0594e+00 +1.3502e+00
39 0 +6.106678360e+00 -3.262633216e+02 -3.262633216e+02 +1.1546e+00 -1.4679e+00 +3.6165e-01 +8.0516e-01 +7.9127e-01
84 0 +4.946134284e+00 -3.274238657e+02 -3.274238657e+02 +2.0827e+00 -2.7868e+00 +2.1982e+00 +1.4254e+00 +1.0002e+00
132 0 +1.916514070e+00 -3.304534859e+02 -3.304534859e+02 -3.0646e-01 -3.6229e+00 +5.6276e-01 +1.8646e+00 +1.1468e+00
191 0 +1.816632116e+00 -3.305533679e+02 -3.305533679e+02 +1.3696e+00 -2.9539e+00 +1.8965e+00 +1.0009e+00 +1.5720e+00
252 0 +3.588583179e-01 -3.320111417e+02 -3.320111417e+02 +3.6251e-01 -2.4153e+00 +1.0450e+00 +1.3958e+00 +1.0647e+00
282 0 +2.526174152e-01 -3.321173826e+02 -3.321173826e+02 +4.2107e-01 -3.0259e+00 +1.1461e+00 +1.4738e+00 +6.2638e-01
453 0 +1.213774065e-01 -3.322486226e+02 -3.322486226e+02 -2.8388e-01 -3.0162e+00 +8.7006e-01 +1.0418e+00 +1.0563e+00
454 0 +5.937771228e-02 -3.323106223e+02 -3.323106223e+02 -1.8747e-01 -3.0140e+00 +8.8639e-01 +1.2031e+00 +1.1932e+00
458 0 +3.957596505e-02 -3.323304240e+02 -3.323304240e+02 -2.4346e-01 -3.0807e+00 +1.0454e+00 +1.6592e+00 +8.2533e-01
502 0 +2.996124756e-02 -3.323400388e+02 -3.323400388e+02 -9.3230e-02 -3.2191e+00 +1.1316e+00 +1.1171e+00 +1.1889e+00
546 0 +8.420284207e-03 -3.323615797e+02 -3.323615797e+02 +2.4557e-01 -3.2663e+00 +9.1497e-01 +1.4053e+00 +9.8561e-01
565 0 +3.599987081e-03 -3.323664000e+02 -3.323664000e+02 +1.8807e-01 -3.5689e+00 +1.2082e+00 +1.1126e+00 +1.1770e+00
633 0 +2.460355385e-04 -3.323697540e+02 -3.323697540e+02 +3.2122e-01 -3.2527e+00 +1.1013e+00 +1.2912e+00 +1.0873e+00
849 0 +9.293985261e-05 -3.323699071e+02 -3.323699071e+02 +3.0932e-01 -3.2219e+00 +1.1644e+00 +1.2793e+00 +1.0728e+00
859 0 +4.500907886e-05 -3.323699550e+02 -3.323699550e+02 +3.5168e-01 -3.2643e+00 +1.1796e+00 +1.2130e+00 +1.0880e+00
889 0 +3.145856004e-05 -3.323699685e+02 -3.323699685e+02 +3.0712e-01 -3.3184e+00 +1.1659e+00 +1.2720e+00 +1.1020e+00
902 0 +2.118269146e-05 -3.323699788e+02 -3.323699788e+02 +1.7110e-01 -3.2974e+00 +1.0973e+00 +1.3213e+00 +1.0144e+00
964 0 +1.025120048e-05 -3.323699897e+02 -3.323699897e+02 +3.1842e-01 -3.3536e+00 +1.2040e+00 +1.2397e+00 +1.0727e+00
1073 0 +6.579541491e-06 -3.323699934e+02 -3.323699934e+02 +2.3552e-01 -3.2892e+00 +1.1541e+00 +1.2595e+00 +1.0581e+00
1078 0 +2.087127882e-06 -3.323699979e+02 -3.323699979e+02 +2.4130e-01 -3.3265e+00 +1.1402e+00 +1.2557e+00 +1.0887e+00
1089 0 +2.028165795e-07 -3.323699998e+02 -3.323699998e+02 +2.4549e-01 -3.3278e+00 +1.1467e+00 +1.2604e+00 +1.0704e+00
% f evaluations | g evaluations | best noise-free fitness - Fopt (-1.231300000000e+02) + sum g_i+ | measured fitness | best measured fitness or single-digit g-values | x1 | x2...
1 0 +5.025706403e+01 -7.287293597e+01 -7.287293597e+01 +5.9671e-01 -3.8264e-02 +7.4769e-01 +1.6230e+00 -1.3415e-01
5 0 +4.392063738e+01 -7.920936262e+01 -7.920936262e+01 +1.5656e+00 -1.2578e-01 +1.6753e-01 -1.3247e+00 -4.4438e-01
9 0 +3.315318142e+01 -8.997681858e+01 -8.997681858e+01 +8.3847e-01 +2.7137e-01 -1.5648e-02 -2.0110e-01 -1.3785e+00
16 0 +3.011055059e+01 -9.301944941e+01 -9.301944941e+01 +9.2190e-01 +1.8705e-01 -1.9901e-01 +1.9176e-01 -1.8876e+00
23 0 +2.077955188e+01 -1.023504481e+02 -1.023504481e+02 -1.8188e+00 +7.3486e-02 +1.6023e-01 +2.5632e+00 -9.2361e-02
24 0 +2.035877591e+01 -1.027712241e+02 -1.027712241e+02 +4.0155e-01 +6.5288e-02 -1.0687e+00 +1.2428e+00 +8.5193e-01
46 0 +1.789833343e+01 -1.052316666e+02 -1.052316666e+02 +9.9540e-01 -3.5069e-01 -9.8969e-01 +1.9713e+00 -1.0819e+00
65 0 +1.488813733e+01 -1.082418627e+02 -1.082418627e+02 +2.4576e+00 -8.1571e-01 -2.3111e+00 +2.6922e+00 -1.7209e+00
108 0 +1.440687220e+01 -1.087231278e+02 -1.087231278e+02 +2.5785e+00 -1.4721e+00 -9.8835e-01 +1.4488e+00 +1.3826e+00
119 0 +6.955624698e+00 -1.161743753e+02 -1.161743753e+02 +2.7005e+00 -1.1270e+00 -2.6219e+00 +4.7317e-01 -1.0193e-01
137 0 +2.259338046e+00 -1.208706620e+02 -1.208706620e+02 +3.1043e+00 -1.7897e-01 -2.8194e+00 -2.7048e-01 +1.9014e+00
170 0 +8.920238830e-01 -1.222379761e+02 -1.222379761e+02 +1.8330e+00 -6.8655e-01 -2.5312e+00 -6.8009e-02 +2.0757e+00
324 0 +6.970779802e-01 -1.224329220e+02 -1.224329220e+02 +2.1207e+00 -1.4528e+00 -2.5011e+00 +3.3085e-01 +2.8188e+00
367 0 +5.820266755e-01 -1.225479733e+02 -1.225479733e+02 +3.1831e+00 -1.2782e+00 -2.6388e+00 +4.3501e-02 +2.5044e+00
368 0 +3.258350444e-02 -1.230974165e+02 -1.230974165e+02 +2.3579e+00 -1.5629e+00 -1.9429e+00 +2.4597e-01 +3.2603e+00
490 0 +1.044706637e-02 -1.231195529e+02 -1.231195529e+02 +2.4526e+00 -1.0565e+00 -1.9760e+00 +3.2978e-01 +2.4874e+00
513 0 +3.656236757e-03 -1.231263438e+02 -1.231263438e+02 +2.3864e+00 -1.3847e+00 -1.9711e+00 +2.5555e-01 +3.1326e+00
642 0 +9.256255186e-04 -1.231290744e+02 -1.231290744e+02 +2.5113e+00 -1.2407e+00 -1.9374e+00 +2.5006e-01 +2.8618e+00
659 0 +1.789279086e-04 -1.231298211e+02 -1.231298211e+02 +2.3292e+00 -1.2514e+00 -1.9565e+00 +3.1207e-01 +2.9582e+00
833 0 +1.146914700e-04 -1.231298853e+02 -1.231298853e+02 +2.4268e+00 -1.2555e+00 -2.0273e+00 +2.4691e-01 +2.8298e+00
889 0 +1.120845039e-04 -1.231298879e+02 -1.231298879e+02 +2.3732e+00 -1.1986e+00 -1.9604e+00 +2.3566e-01 +2.7547e+00
917 0 +1.003025468e-04 -1.231298997e+02 -1.231298997e+02 +2.3285e+00 -1.2449e+00 -1.9853e+00 +3.3243e-01 +2.7480e+00
919 0 +2.610963595e-05 -1.231299739e+02 -1.231299739e+02 +2.2561e+00 -1.2088e+00 -1.9799e+00 +3.2364e-01 +2.7672e+00
941 0 +8.763192540e-06 -1.231299912e+02 -1.231299912e+02 +2.3493e+00 -1.2249e+00 -2.0127e+00 +2.6021e-01 +2.7524e+00
944 0 +1.210807994e-06 -1.231299988e+02 -1.231299988e+02 +2.3067e+00 -1.2287e+00 -1.9747e+00 +2.9244e-01 +2.8259e+00
1065 0 +9.487034447e-07 -1.231299991e+02 -1.231299991e+02 +2.3181e+00 -1.2124e+00 -1.9848e+00 +2.8580e-01 +2.7640e+00
1076 0 +2.835630113e-07 -1.231299997e+02 -1.231299997e+02 +2.2990e+00 -1.2041e+00 -1.9699e+00 +2.9716e-01 +2.8295e+00
1101 0 +1.434377310e-07 -1.231299999e+02 -1.231299999e+02 +2.3093e+00 -1.1951e+00 -1.9813e+00 +2.7971e-01 +2.7998e+00
1199 0 +1.098115234e-07 -1.231299999e+02 -1.231299999e+02 +2.3355e+00 -1.2121e+00 -1.9773e+00 +2.7384e-01 +2.7940e+00
1231 0 +7.864800011e-08 -1.231299999e+02 -1.231299999e+02 +2.3401e+00 -1.2106e+00 -1.9765e+00 +2.8117e-01 +2.7812e+00
1239 0 +6.692954457e-08 -1.231299999e+02 -1.231299999e+02 +2.3061e+00 -1.2112e+00 -1.9656e+00 +3.0017e-01 +2.7981e+00
1246 0 +6.458814994e-08 -1.231299999e+02 -1.231299999e+02 +2.3128e+00 -1.2001e+00 -1.9816e+00 +2.7962e-01 +2.8024e+00
