% f evaluations | g evaluations | best noise-free fitness - Fopt (1.491500000000e+02) + sum g_i+ | measured fitness | best measured fitness or single-digit g-values | x1 | x2...
1 0 +2.873441236e+04 +2.888356236e+04 +2.888356236e+04 +5.9671e-01 -3.8264e-02 +7.4769e-01 +1.6230e+00 -1.3415e-01 -1.3414e-01 +1.6792e+00 +8.6743e-01 -3.6947e-01 +6.4256e-01
2 0 +9.711296827e+03 +9.860446827e+03 +9.860446827e+03 -3.6342e-01 -3.6573e-01 +3.4196e-01 -1.8133e+00 -1.6249e+00 -4.6229e-01 -9.1283e-01 +4.1425e-01 -8.0802e-01 -1.3123e+00
25 0 +9.022887792e+03 +9.172037792e+03 +9.172037792e+03 -6.9252e-01 -1.4736e-02 +6.0499e-01 +9.6576e-01 -1.1003e+00 -2.3450e-01 -3.7495e-01 -5.5333e-01 +1.8655e+00 +5.0498e-01
45 0 +8.788259099e+03 +8.937409099e+03 +8.937409099e+03 +4.8407e-01 +6.7305e-02 -1.9674e+00 +1.0880e-02 -1.2045e+00 +7.6967e-01 +4.6660e-01 -8.3988e-01 -4.1387e-01 -9.5921e-01
51 0 +6.089334150e+03 +6.238484150e+03 +6.238484150e+03 +1.8085e-01 -7.4528e-01 +1.9038e-01 -4.2676e-01 -3.6777e+00 -5.9045e-01 -6.8097e-01 +6.7961e-01 +7.4568e-01 -6.1571e-01
55 0 +9.505556999e+02 +1.099705700e+03 +1.099705700e+03 -3.7676e-01 -5.3216e-01 -1.4812e+00 +1.4168e+00 -2.0353e+00 -1.2410e+00 -5.2789e-01 -1.1076e+00 +1.1041e-01 -6.6675e-01
115 0 +8.279129894e+02 +9.770629894e+02 +9.770629894e+02 +4.8662e-01 -5.2156e-01 -1.0130e-01 +1.4325e+00 -4.6479e+00 -1.6040e+00 -1.9400e+00 -3.3718e+00 -3.9936e-01 +6.5512e-01
128 0 +5.904823222e+02 +7.396323222e+02 +7.396323222e+02 +2.5503e-01 -2.1108e-01 -1.6152e+00 +1.7824e+00 -2.8120e+00 -1.3580e+00 -7.6191e-01 -1.5987e+00 -1.5568e+00 -2.9972e-01
402 0 +4.844993057e+02 +6.336493057e+02 +6.336493057e+02 -1.4335e+00 -6.2895e-01 -5.0855e-01 +1.0749e+00 -4.2129e+00 -2.7596e+00 -2.0230e+00 -1.5040e+00 -1.7077e+00 -1.1205e+00
403 0 +1.374270975e+02 +2.865770975e+02 +2.865770975e+02 -1.3089e+00 -1.3651e+00 -1.0417e+00 +3.0265e-01 -3.5444e+00 -1.7331e+00 -1.9077e+00 -1.8920e+00 -1.0311e-01 +4.2089e-01
551 0 +1.154841449e+02 +2.646341449e+02 +2.646341449e+02 -1.3506e+00 -9.1569e-01 -5.1510e-01 +5.1829e-01 -3.7237e+00 -1.9947e+00 -1.5589e+00 -1.5535e+00 -6.4081e-01 +1.1315e-01
557 0 +1.001761559e+02 +2.493261559e+02 +2.493261559e+02 -1.5194e+00 -1.6472e+00 -9.8911e-01 +4.8492e-01 -3.4287e+00 -2.3366e+00 -1.8675e+00 -1.8825e+00 -7.0343e-01 +1.4537e-01
601 0 +9.775657978e+01 +2.469065798e+02 +2.469065798e+02 -1.6358e+00 -1.5369e+00 -8.1743e-01 +4.7084e-01 -3.8473e+00 -2.1684e+00 -2.0396e+00 -1.8587e+00 -3.3524e-01 -6.5602e-02
616 0 +9.770758766e+01 +2.468575877e+02 +2.468575877e+02 -1.4036e+00 -1.1344e+00 -2.8959e-01 +1.1402e+00 -3.8294e+00 -2.3720e+00 -1.8777e+00 -2.0167e+00 -1.2481e+00 +1.0692e-01
631 0 +8.153868249e+01 +2.306886825e+02 +2.306886825e+02 -1.5815e+00 -1.4980e+00 -9.4001e-01 +1.1212e+00 -3.3343e+00 -2.2691e+00 -2.1329e+00 -1.6771e+00 -3.9663e-01 -2.8726e-01
659 0 +7.677961082e+01 +2.259296108e+02 +2.259296108e+02 -1.4582e+00 -1.1719e+00 -7.1563e-01 +7.4321e-01 -4.3025e+00 -1.7527e+00 -1.9748e+00 -1.7555e+00 -9.7294e-01 -4.7533e-01
660 0 +7.664777561e+01 +2.257977756e+02 +2.257977756e+02 -1.3136e+00 -1.4178e+00 -8.2192e-01 +8.6964e-01 -3.4932e+00 -2.1896e+00 -1.5531e+00 -1.6350e+00 -1.8660e-01 -3.0575e-01
693 0 +6.044910036e+01 +2.095991004e+02 +2.095991004e+02 -1.1672e+00 -1.3626e+00 -1.0937e+00 +9.0332e-01 -4.1797e+00 -2.2699e+00 -1.4815e+00 -1.9152e+00 -6.6050e-01 -1.7505e-01
705 0 +5.282313052e+01 +2.019731305e+02 +2.019731305e+02 -9.3304e-01 -9.2250e-01 -9.3254e-01 +6.2535e-01 -3.8242e+00 -2.1552e+00 -1.5756e+00 -2.1199e+00 -1.0715e+00 -2.0459e-01
708 0 +4.832293566e+01 +1.974729357e+02 +1.974729357e+02 -9.2976e-01 -1.5913e+00 -6.9448e-01 +1.1294e+00 -3.3730e+00 -1.7970e+00 -1.6444e+00 -1.7314e+00 -6.6083e-01 -3.2243e-01
711 0 +4.018309094e+01 +1.893330909e+02 +1.893330909e+02 -9.4042e-01 -1.4125e+00 -8.6821e-01 +8.1708e-01 -3.7967e+00 -2.3196e+00 -1.5965e+00 -2.3612e+00 -5.4358e-01 -1.4494e-01
730 0 +3.714078902e+01 +1.862907890e+02 +1.862907890e+02 -1.0580e+00 -1.5346e+00 -1.0139e+00 +1.0211e+00 -3.5044e+00 -2.4724e+00 -1.9146e+00 -1.8872e+00 -8.4833e-01 -4.8942e-01
752 0 +3.187203177e+01 +1.810220318e+02 +1.810220318e+02 -1.1809e+00 -1.3393e+00 -6.2788e-01 +1.0330e+00 -3.6596e+00 -2.4323e+00 -1.8960e+00 -2.1474e+00 -8.4376e-01 -4.1087e-01
801 0 +2.154419460e+01 +1.706941946e+02 +1.706941946e+02 -8.8424e-01 -1.1583e+00 -9.6167e-01 +1.0122e+00 -3.8359e+00 -2.2613e+00 -1.8311e+00 -1.9054e+00 -9.2302e-01 -6.3502e-01
855 0 +1.829841688e+01 +1.674484169e+02 +1.674484169e+02 -7.2484e-01 -1.1683e+00 -9.2450e-01 +8.3516e-01 -3.9193e+00 -2.1103e+00 -1.6982e+00 -2.2316e+00 -9.1339e-01 -3.7953e-01
1003 0 +1.539898328e+01 +1.645489833e+02 +1.645489833e+02 -9.7953e-01 -1.2878e+00 -8.9651e-01 +8.7014e-01 -3.8463e+00 -2.2480e+00 -1.9543e+00 -2.0057e+00 -9.5137e-01 -4.0556e-01
1056 0 +1.024014695e+01 +1.593901470e+02 +1.593901470e+02 -6.0715e-01 -1.0995e+00 -9.0023e-01 +8.8600e-01 -3.7442e+00 -2.1305e+00 -1.8905e+00 -2.0050e+00 -9.7739e-01 -4.9113e-01
1159 0 +9.898937637e+00 +1.590489376e+02 +1.590489376e+02 -5.4785e-01 -1.0844e+00 -9.3773e-01 +8.8775e-01 -3.7720e+00 -2.1964e+00 -1.7480e+00 -2.1647e+00 -8.9683e-01 -4.3301e-01
1220 0 +9.680095184e+00 +1.588300952e+02 +1.588300952e+02 -9.0410e-01 -1.3235e+00 -9.7238e-01 +8.5506e-01 -3.6902e+00 -2.1253e+00 -1.8373e+00 -2.0136e+00 -8.4001e-01 -4.9028e-01
1259 0 +8.860266890e+00 +1.580102669e+02 +1.580102669e+02 -5.0544e-01 -1.1205e+00 -9.2967e-01 +7.8946e-01 -3.7284e+00 -2.1536e+00 -1.7539e+00 -2.0473e+00 -9.3857e-01 -4.9402e-01
1271 0 +8.704355392e+00 +1.578543554e+02 +1.578543554e+02 -6.3785e-01 -1.1605e+00 -9.6590e-01 +8.5576e-01 -3.6946e+00 -2.2103e+00 -1.8205e+00 -2.0814e+00 -9.1772e-01 -5.4102e-01
1301 0 +8.567108297e+00 +1.577171083e+02 +1.577171083e+02 -5.9721e-01 -1.1708e+00 -9.1525e-01 +8.2891e-01 -3.7593e+00 -2.1801e+00 -1.8150e+00 -2.0865e+00 -9.5210e-01 -4.5264e-01
1380 0 +8.291636192e+00 +1.574416362e+02 +1.574416362e+02 -5.6552e-01 -1.1234e+00 -9.2220e-01 +8.5902e-01 -3.7749e+00 -2.1904e+00 -1.8028e+00 -2.0770e+00 -9.5656e-01 -4.8729e-01
1459 0 +8.176154234e+00 +1.573261542e+02 +1.573261542e+02 -6.0400e-01 -1.1328e+00 -9.2875e-01 +8.3440e-01 -3.7066e+00 -2.1721e+00 -1.8184e+00 -2.0479e+00 -8.9601e-01 -4.4832e-01
1467 0 +8.133194565e+00 +1.572831946e+02 +1.572831946e+02 -5.7571e-01 -1.1665e+00 -9.0862e-01 +8.8187e-01 -3.7310e+00 -2.1977e+00 -1.8241e+00 -2.0444e+00 -8.8464e-01 -4.5617e-01
1508 0 +8.012711353e+00 +1.571627114e+02 +1.571627114e+02 -5.9364e-01 -1.1480e+00 -9.3571e-01 +8.5125e-01 -3.7647e+00 -2.1935e+00 -1.8060e+00 -2.0515e+00 -9.1284e-01 -5.0734e-01
1559 0 +7.938723040e+00 +1.570887230e+02 +1.570887230e+02 -5.3907e-01 -1.0839e+00 -9.1327e-01 +9.1337e-01 -3.7299e+00 -2.1558e+00 -1.7946e+00 -2.0696e+00 -8.7998e-01 -4.9813e-01
1563 0 +7.789567374e+00 +1.569395674e+02 +1.569395674e+02 -5.1747e-01 -1.0783e+00 -9.1545e-01 +8.9147e-01 -3.7306e+00 -2.1606e+00 -1.7809e+00 -2.0703e+00 -8.9652e-01 -5.1856e-01
1572 0 +7.734111668e+00 +1.568841117e+02 +1.568841117e+02 -5.2072e-01 -1.0986e+00 -8.9565e-01 +8.7365e-01 -3.7005e+00 -2.1695e+00 -1.8088e+00 -2.0721e+00 -8.8282e-01 -4.6001e-01
1700 0 +7.653818602e+00 +1.568038186e+02 +1.568038186e+02 -4.2879e-01 -9.4938e-01 -8.3030e-01 +9.0780e-01 -3.7521e+00 -2.2162e+00 -1.8125e+00 -2.0858e+00 -8.8152e-01 -4.9385e-01
1707 0 +7.551332033e+00 +1.567013320e+02 +1.567013320e+02 -3.3867e-01 -8.7608e-01 -7.5281e-01 +9.0870e-01 -3.7561e+00 -2.1509e+00 -1.7364e+00 -2.0656e+00 -8.9906e-01 -5.2918e-01
1753 0 +7.171393995e+00 +1.563213940e+02 +1.563213940e+02 -3.7692e-01 -8.9035e-01 -7.3674e-01 +8.8671e-01 -3.7041e+00 -2.1912e+00 -1.7946e+00 -2.0512e+00 -9.2241e-01 -4.5767e-01
1901 0 +7.048440254e+00 +1.561984403e+02 +1.561984403e+02 -3.2182e-01 -8.7534e-01 -7.2070e-01 +9.4954e-01 -3.7184e+00 -2.1650e+00 -1.7890e+00 -2.0584e+00 -9.2864e-01 -4.7827e-01
1954 0 +6.911857969e+00 +1.560618580e+02 +1.560618580e+02 -3.0960e-01 -7.8754e-01 -6.5510e-01 +9.4871e-01 -3.6925e+00 -2.1526e+00 -1.7710e+00 -2.1008e+00 -9.1125e-01 -4.9606e-01
1967 0 +6.614641980e+00 +1.557646420e+02 +1.557646420e+02 -3.0222e-01 -7.9952e-01 -6.2647e-01 +9.5863e-01 -3.7125e+00 -2.1606e+00 -1.8045e+00 -2.0586e+00 -9.0879e-01 -5.1747e-01
2107 0 +6.581246104e+00 +1.557312461e+02 +1.557312461e+02 -2.8912e-01 -7.5610e-01 -5.8778e-01 +1.0031e+00 -3.6969e+00 -2.1445e+00 -1.7746e+00 -2.0493e+00 -9.2466e-01 -5.1173e-01
2154 0 +6.388637895e+00 +1.555386379e+02 +1.555386379e+02 -2.3262e-01 -7.2742e-01 -5.6861e-01 +1.0178e+00 -3.7097e+00 -2.1572e+00 -1.7998e+00 -2.0642e+00 -9.1865e-01 -4.5931e-01
2205 0 +6.315221149e+00 +1.554652211e+02 +1.554652211e+02 -2.7853e-01 -7.6535e-01 -6.0792e-01 +1.0032e+00 -3.7056e+00 -2.1737e+00 -1.8136e+00 -2.0572e+00 -8.8029e-01 -5.0256e-01
2327 0 +6.278118958e+00 +1.554281190e+02 +1.554281190e+02 -2.1001e-01 -6.8284e-01 -5.3156e-01 +1.0458e+00 -3.7058e+00 -2.1680e+00 -1.8035e+00 -2.0888e+00 -9.2464e-01 -4.7999e-01
2352 0 +6.253297015e+00 +1.554032970e+02 +1.554032970e+02 -2.6604e-01 -7.4950e-01 -5.8935e-01 +9.9369e-01 -3.6920e+00 -2.1725e+00 -1.7918e+00 -2.0603e+00 -9.0082e-01 -4.7671e-01
2354 0 +6.209642610e+00 +1.553596426e+02 +1.553596426e+02 -2.4632e-01 -7.3260e-01 -5.7898e-01 +1.0103e+00 -3.7054e+00 -2.1590e+00 -1.7891e+00 -2.0644e+00 -8.9074e-01 -4.8239e-01
2356 0 +6.181044871e+00 +1.553310449e+02 +1.553310449e+02 -2.4422e-01 -7.1240e-01 -5.5569e-01 +1.0375e+00 -3.7090e+00 -2.1706e+00 -1.7894e+00 -2.0556e+00 -9.2862e-01 -4.9275e-01
2410 0 +6.157412629e+00 +1.553074126e+02 +1.553074126e+02 -2.5314e-01 -7.0282e-01 -5.5106e-01 +1.0363e+00 -3.6893e+00 -2.1675e+00 -1.7959e+00 -2.0401e+00 -9.0209e-01 -4.8564e-01
2412 0 +6.044461162e+00 +1.551944612e+02 +1.551944612e+02 -2.3864e-01 -6.9050e-01 -5.3082e-01 +1.0548e+00 -3.6844e+00 -2.1756e+00 -1.7959e+00 -2.0455e+00 -9.1686e-01 -4.7897e-01
2486 0 +6.043722124e+00 +1.551937221e+02 +1.551937221e+02 -2.3522e-01 -6.7272e-01 -5.1027e-01 +1.0790e+00 -3.6985e+00 -2.1797e+00 -1.8044e+00 -2.0708e+00 -8.8339e-01 -4.9640e-01
% f evaluations | g evaluations | best noise-free fitness - Fopt (-1.000000000000e+03) + sum g_i+ | measured fitness | best measured fitness or single-digit g-values | x1 | x2...
1 0 +1.147647275e+05 +1.137647275e+05 +1.137647275e+05 +5.9671e-01 -3.8264e-02 +7.4769e-01 +1.6230e+00 -1.3415e-01 -1.3414e-01 +1.6792e+00 +8.6743e-01 -3.6947e-01 +6.4256e-01
2 0 +2.513115352e+04 +2.413115352e+04 +2.413115352e+04 -3.6342e-01 -3.6573e-01 +3.4196e-01 -1.8133e+00 -1.6249e+00 -4.6229e-01 -9.1283e-01 +4.1425e-01 -8.0802e-01 -1.3123e+00
14 0 +1.481946528e+04 +1.381946528e+04 +1.381946528e+04 -1.4507e+00 +1.6856e-01 -9.6230e-01 +5.7359e-01 -8.1942e-01 +1.6499e+00 -6.8325e-01 -2.2206e-01 +9.1352e-01 -1.1309e+00
41 0 +1.262405333e+04 +1.162405333e+04 +1.162405333e+04 -1.4944e+00 -4.9938e-01 +1.0524e-01 +1.4698e-01 -3.5007e-01 +7.2285e-01 -9.6762e-01 -4.2379e-02 +2.2030e-01 +6.1444e-01
52 0 +9.236295136e+03 +8.236295136e+03 +8.236295136e+03 -2.4393e+00 +4.2571e-02 -2.9808e-01 +3.7620e-01 -1.4838e+00 -3.4449e-01 -8.6431e-01 -8.8307e-01 -5.3133e-01 -7.1266e-01
56 0 +7.145976346e+03 +6.145976346e+03 +6.145976346e+03 -1.4197e+00 +4.8445e-01 +6.4441e-01 -2.9230e-01 -1.2089e+00 -6.7507e-01 -1.5013e+00 -1.2554e+00 -5.5919e-01 -3.2065e-01
60 0 +6.212943248e+03 +5.212943248e+03 +5.212943248e+03 -2.0473e+00 +1.4558e-01 +7.2846e-01 -8.8597e-01 -8.4072e-01 +1.3816e+00 -1.4605e+00 -9.7267e-01 -1.1535e+00 -7.4727e-01
65 0 +6.198196232e+03 +5.198196232e+03 +5.198196232e+03 -1.3829e+00 -3.2624e-01 +3.0908e-02 -1.0333e+00 -1.0818e+00 -3.3304e-01 -1.7416e+00 -1.7698e+00 +6.1389e-01 +3.5991e-01
67 0 +4.227247077e+03 +3.227247077e+03 +3.227247077e+03 -1.7267e+00 +1.3879e+00 -1.4080e-01 -3.5394e-01 -1.5454e+00 -9.2427e-01 -2.1195e+00 -9.8849e-01 +1.3061e-02 +9.5034e-02
101 0 +3.499485216e+03 +2.499485216e+03 +2.499485216e+03 -4.9283e+00 -3.0048e-01 +2.0660e+00 -1.7150e+00 -3.6315e+00 +1.0425e+00 -3.6180e+00 -1.4541e+00 -4.1638e-01 +1.1702e-01
159 0 +2.732071507e+03 +1.732071507e+03 +1.732071507e+03 -4.3146e+00 -1.5384e-01 +5.7812e-01 -3.2626e+00 -4.3201e+00 -7.2105e-01 -1.4552e+00 -3.6743e+00 +1.1502e+00 +1.0463e+00
251 0 +1.152176723e+03 +1.521767226e+02 +1.521767226e+02 -4.1156e+00 +2.5642e-01 -3.0221e-01 -2.9927e+00 -3.4891e+00 +3.0070e-01 -2.3102e+00 -1.2461e+00 +1.6593e+00 +1.4073e+00
301 0 +7.062693118e+02 -2.937306882e+02 -2.937306882e+02 -3.2067e+00 -6.7790e-01 -1.2575e-01 -3.1860e+00 -3.4957e+00 -7.5082e-01 -2.0349e+00 -1.8957e+00 +8.7571e-01 +2.6990e+00
402 0 +5.936266862e+02 -4.063733138e+02 -4.063733138e+02 -3.7517e+00 +6.2404e-01 +3.0034e-01 -2.1617e+00 -3.9619e+00 -9.6054e-01 -2.3963e+00 -2.5083e+00 -1.1718e+00 +3.1611e+00
453 0 +4.518887929e+02 -5.481112071e+02 -5.481112071e+02 -3.8159e+00 -1.2071e-01 +1.5786e+00 -1.6067e+00 -2.7031e+00 -1.0708e+00 -1.9852e+00 -2.6394e+00 +7.6084e-01 +2.5103e+00
459 0 +4.176604731e+02 -5.823395269e+02 -5.823395269e+02 -3.9440e+00 +1.0224e+00 +2.8553e-01 -2.6826e+00 -3.1077e+00 -1.7686e+00 -2.9376e+00 -2.7086e+00 +4.2230e-01 +2.7483e+00
464 0 +3.976599556e+02 -6.023400444e+02 -6.023400444e+02 -4.3784e+00 +2.6419e-01 +1.2235e-01 -1.5149e+00 -2.9517e+00 -1.6495e+00 -2.8850e+00 -2.1948e+00 +2.0388e-01 +9.7573e-01
502 0 +2.542395318e+02 -7.457604682e+02 -7.457604682e+02 -3.0682e+00 +5.1794e-02 +1.5010e+00 -1.9567e+00 -2.8755e+00 -7.2408e-01 -3.4026e+00 -2.7539e+00 +2.8010e-01 +1.8119e+00
553 0 +1.451443100e+02 -8.548556900e+02 -8.548556900e+02 -4.2296e+00 +1.2903e-01 +9.6491e-01 -1.9076e+00 -2.5216e+00 -1.4301e+00 -2.9588e+00 -2.1150e+00 +9.7376e-02 +2.1393e+00
571 0 +1.397874040e+02 -8.602125960e+02 -8.602125960e+02 -3.2287e+00 +3.3958e-01 +6.1401e-01 -2.7653e+00 -2.9898e+00 -1.0415e+00 -2.9670e+00 -2.4292e+00 -7.7294e-01 +3.0916e+00
580 0 +1.376053036e+02 -8.623946964e+02 -8.623946964e+02 -3.3143e+00 +3.2187e-01 +7.4347e-01 -2.3480e+00 -2.2986e+00 -5.9778e-01 -2.7294e+00 -1.3823e+00 +7.5756e-01 +2.0786e+00
651 0 +8.972739596e+01 -9.102726040e+02 -9.102726040e+02 -4.0986e+00 +1.8281e-01 -3.2338e-02 -2.3848e+00 -3.3860e+00 -6.9807e-01 -3.3159e+00 -2.4554e+00 +1.3954e-01 +1.8933e+00
658 0 +5.124803114e+01 -9.487519689e+02 -9.487519689e+02 -3.3416e+00 +4.1465e-01 +6.7769e-01 -2.5812e+00 -2.6730e+00 -7.3177e-01 -2.5602e+00 -2.4006e+00 +2.0745e-01 +1.7949e+00
704 0 +5.055724603e+01 -9.494427540e+02 -9.494427540e+02 -3.5421e+00 +3.4335e-01 +7.3051e-01 -2.7515e+00 -3.3497e+00 -6.2723e-01 -2.5367e+00 -1.8063e+00 +3.2849e-01 +2.0699e+00
707 0 +3.310687240e+01 -9.668931276e+02 -9.668931276e+02 -4.2944e+00 +4.1430e-01 +5.8226e-01 -2.2125e+00 -3.0743e+00 -6.3203e-01 -2.8145e+00 -1.9819e+00 +3.9836e-01 +1.9995e+00
801 0 +3.306357635e+01 -9.669364237e+02 -9.669364237e+02 -3.8205e+00 +2.1332e-01 +7.9155e-01 -2.4722e+00 -2.9021e+00 -8.6826e-01 -3.0800e+00 -2.0230e+00 +4.2885e-01 +1.7085e+00
804 0 +2.846459804e+01 -9.715354020e+02 -9.715354020e+02 -3.3971e+00 +2.1519e-01 +5.2364e-01 -2.4592e+00 -3.1568e+00 -8.8123e-01 -3.1315e+00 -1.9830e+00 +3.6138e-01 +1.6982e+00
855 0 +2.604523661e+01 -9.739547634e+02 -9.739547634e+02 -3.6065e+00 +5.0883e-01 +4.1835e-01 -2.5412e+00 -3.1290e+00 -8.5437e-01 -3.0162e+00 -2.2520e+00 +5.6045e-02 +1.8264e+00
960 0 +2.360495150e+01 -9.763950485e+02 -9.763950485e+02 -3.4564e+00 +3.3053e-01 +3.7909e-01 -2.3228e+00 -2.9280e+00 -9.6982e-01 -2.8683e+00 -2.2782e+00 +9.1480e-04 +1.9077e+00
1006 0 +1.954434350e+01 -9.804556565e+02 -9.804556565e+02 -4.0120e+00 +2.9399e-01 +5.6264e-01 -2.7630e+00 -3.0029e+00 -8.4325e-01 -2.8817e+00 -2.2558e+00 +1.5053e-01 +2.1238e+00
1007 0 +1.904453908e+01 -9.809554609e+02 -9.809554609e+02 -3.4897e+00 +3.4513e-01 +6.5275e-01 -2.6089e+00 -3.2142e+00 -8.7011e-01 -2.8346e+00 -2.3631e+00 +1.7459e-01 +1.8544e+00
1017 0 +1.850204506e+01 -9.814979549e+02 -9.814979549e+02 -3.8830e+00 -2.2349e-02 +4.0975e-01 -2.5643e+00 -2.9569e+00 -8.0565e-01 -3.0577e+00 -2.2053e+00 +1.3606e-01 +1.9192e+00
1035 0 +1.835010629e+01 -9.816498937e+02 -9.816498937e+02 -4.0080e+00 +1.9955e-01 +4.1387e-01 -2.5330e+00 -3.0518e+00 -8.7729e-01 -2.9218e+00 -1.9862e+00 +8.4391e-02 +1.9982e+00
1054 0 +1.820729989e+01 -9.817927001e+02 -9.817927001e+02 -3.8282e+00 +1.5564e-01 +4.9028e-01 -2.5021e+00 -3.1264e+00 -8.0014e-01 -2.9105e+00 -2.1933e+00 +1.4881e-01 +1.6639e+00
1060 0 +1.424807970e+01 -9.857519203e+02 -9.857519203e+02 -3.6251e+00 +3.5274e-01 +6.9961e-01 -2.4392e+00 -3.0598e+00 -8.4657e-01 -2.8937e+00 -2.2713e+00 +2.1756e-01 +2.0400e+00
1103 0 +1.214881080e+01 -9.878511892e+02 -9.878511892e+02 -3.7707e+00 +1.1121e-01 +5.6419e-01 -2.5311e+00 -3.0017e+00 -8.2943e-01 -2.9553e+00 -2.0761e+00 +2.1021e-01 +1.8287e+00
1201 0 +1.192612800e+01 -9.880738720e+02 -9.880738720e+02 -3.6601e+00 +2.4132e-01 +5.5278e-01 -2.4375e+00 -3.0012e+00 -8.8286e-01 -2.9177e+00 -2.2930e+00 +1.3762e-01 +1.9990e+00
1205 0 +1.046952639e+01 -9.895304736e+02 -9.895304736e+02 -3.6291e+00 +2.4099e-01 +5.0196e-01 -2.5106e+00 -2.9925e+00 -8.6450e-01 -2.8531e+00 -2.1986e+00 +1.5028e-01 +1.9918e+00
1263 0 +1.004245406e+01 -9.899575459e+02 -9.899575459e+02 -3.4789e+00 +2.7329e-01 +5.2974e-01 -2.5970e+00 -3.0061e+00 -8.8042e-01 -2.8972e+00 -2.1845e+00 +2.4494e-01 +1.8541e+00
1401 0 +9.609204739e+00 -9.903907953e+02 -9.903907953e+02 -3.4806e+00 +3.3821e-01 +6.1528e-01 -2.4748e+00 -3.0638e+00 -8.5915e-01 -2.9870e+00 -2.2355e+00 +2.4051e-01 +1.8830e+00
1406 0 +9.173376650e+00 -9.908266233e+02 -9.908266233e+02 -3.4767e+00 +2.9174e-01 +5.4954e-01 -2.5878e+00 -2.9833e+00 -8.9494e-01 -2.9334e+00 -2.2268e+00 +2.0423e-01 +1.9516e+00
1501 0 +9.042875560e+00 -9.909571244e+02 -9.909571244e+02 -3.4475e+00 +3.2713e-01 +4.9763e-01 -2.5827e+00 -3.0640e+00 -8.4498e-01 -2.9127e+00 -2.2146e+00 +1.8671e-01 +1.9816e+00
1506 0 +8.578795223e+00 -9.914212048e+02 -9.914212048e+02 -3.4319e+00 +4.0929e-01 +6.2330e-01 -2.5373e+00 -3.0294e+00 -7.8936e-01 -2.9404e+00 -2.2115e+00 +1.7577e-01 +1.9104e+00
1553 0 +8.578770049e+00 -9.914212300e+02 -9.914212300e+02 -3.3382e+00 +4.4827e-01 +6.4272e-01 -2.5702e+00 -2.9919e+00 -8.0483e-01 -2.9186e+00 -2.1889e+00 +1.7048e-01 +1.9891e+00
1559 0 +8.307602792e+00 -9.916923972e+02 -9.916923972e+02 -3.3385e+00 +3.9694e-01 +5.8584e-01 -2.5823e+00 -3.0323e+00 -8.5443e-01 -2.9601e+00 -2.1727e+00 +2.0767e-01 +1.8947e+00
1603 0 +8.149364876e+00 -9.918506351e+02 -9.918506351e+02 -3.3107e+00 +4.4602e-01 +6.2379e-01 -2.5301e+00 -3.0513e+00 -8.6494e-01 -2.9036e+00 -2.2255e+00 +2.3140e-01 +1.9194e+00
1693 0 +8.049024799e+00 -9.919509752e+02 -9.919509752e+02 -3.3016e+00 +4.2873e-01 +5.6985e-01 -2.5237e+00 -3.0404e+00 -8.4006e-01 -2.9778e+00 -2.2125e+00 +1.9108e-01 +1.9519e+00
1702 0 +7.871552250e+00 -9.921284478e+02 -9.921284478e+02 -3.3347e+00 +4.3496e-01 +6.0843e-01 -2.5143e+00 -3.0410e+00 -8.3804e-01 -2.9391e+00 -2.2187e+00 +1.8920e-01 +1.8973e+00
1756 0 +7.776887821e+00 -9.922231122e+02 -9.922231122e+02 -3.3171e+00 +5.0635e-01 +6.4493e-01 -2.5202e+00 -3.0153e+00 -8.2699e-01 -2.9631e+00 -2.2049e+00 +1.9959e-01 +1.9008e+00
1772 0 +7.716790364e+00 -9.922832096e+02 -9.922832096e+02 -3.2152e+00 +5.4641e-01 +6.5824e-01 -2.5340e+00 -3.0561e+00 -8.5696e-01 -2.9401e+00 -2.2080e+00 +2.3445e-01 +1.8927e+00
1806 0 +7.656800160e+00 -9.923431998e+02 -9.923431998e+02 -3.2640e+00 +5.0589e-01 +6.4031e-01 -2.5071e+00 -3.0432e+00 -8.3161e-01 -2.9252e+00 -2.2211e+00 +2.0064e-01 +1.9712e+00
1904 0 +7.632501497e+00 -9.923674985e+02 -9.923674985e+02 -3.1807e+00 +6.2045e-01 +7.3209e-01 -2.5228e+00 -2.9616e+00 -8.2073e-01 -2.9550e+00 -2.1725e+00 +1.7819e-01 +1.9525e+00
1942 0 +7.317657800e+00 -9.926823422e+02 -9.926823422e+02 -3.1633e+00 +6.2552e-01 +7.0017e-01 -2.5214e+00 -3.0372e+00 -8.0610e-01 -2.9442e+00 -2.2277e+00 +2.2495e-01 +1.9522e+00
1974 0 +7.314430961e+00 -9.926855690e+02 -9.926855690e+02 -3.2030e+00 +5.9628e-01 +7.2249e-01 -2.4924e+00 -3.0005e+00 -8.2320e-01 -2.9687e+00 -2.2207e+00 +1.7387e-01 +1.9289e+00
2001 0 +7.257026682e+00 -9.927429733e+02 -9.927429733e+02 -3.1979e+00 +6.1334e-01 +7.3567e-01 -2.5054e+00 -3.0218e+00 -7.9415e-01 -2.9169e+00 -2.1968e+00 +2.2300e-01 +1.9351e+00
2076 0 +7.228543671e+00 -9.927714563e+02 -9.927714563e+02 -3.1808e+00 +6.2547e-01 +7.1844e-01 -2.5147e+00 -3.0607e+00 -8.2916e-01 -2.9742e+00 -2.2035e+00 +2.2796e-01 +1.9077e+00
2128 0 +7.082840990e+00 -9.929171590e+02 -9.929171590e+02 -3.1267e+00 +6.7864e-01 +7.5780e-01 -2.4758e+00 -3.0303e+00 -8.1664e-01 -2.9932e+00 -2.2165e+00 +2.0424e-01 +1.9414e+00
2186 0 +7.000683114e+00 -9.929993169e+02 -9.929993169e+02 -3.1519e+00 +6.6121e-01 +7.7096e-01 -2.4951e+00 -3.0427e+00 -8.2690e-01 -2.9214e+00 -2.2081e+00 +1.7572e-01 +1.9202e+00
2191 0 +6.954340475e+00 -9.930456595e+02 -9.930456595e+02 -3.0991e+00 +6.9934e-01 +7.8165e-01 -2.5002e+00 -3.0267e+00 -8.4091e-01 -2.9293e+00 -2.2025e+00 +2.0084e-01 +1.9467e+00
2221 0 +6.907125156e+00 -9.930928748e+02 -9.930928748e+02 -3.1328e+00 +6.9751e-01 +8.0707e-01 -2.4484e+00 -3.0191e+00 -8.1721e-01 -2.9753e+00 -2.1932e+00 +1.6164e-01 +1.9345e+00
2222 0 +6.868520414e+00 -9.931314796e+02 -9.931314796e+02 -3.1419e+00 +6.6686e-01 +7.5970e-01 -2.5008e+00 -3.0124e+00 -8.2978e-01 -2.9625e+00 -2.1777e+00 +2.0255e-01 +1.9353e+00
2239 0 +6.831744900e+00 -9.931682551e+02 -9.931682551e+02 -3.0910e+00 +7.3680e-01 +8.7210e-01 -2.4237e+00 -3.0044e+00 -8.0703e-01 -2.9525e+00 -2.1567e+00 +2.1513e-01 +1.9020e+00
2257 0 +6.742387677e+00 -9.932576123e+02 -9.932576123e+02 -3.1143e+00 +7.1770e-01 +8.0852e-01 -2.4606e+00 -3.0386e+00 -8.3450e-01 -2.9363e+00 -2.1921e+00 +1.7750e-01 +1.9600e+00
2258 0 +6.739890981e+00 -9.932601090e+02 -9.932601090e+02 -3.1027e+00 +7.3858e-01 +8.4006e-01 -2.4436e+00 -3.0111e+00 -8.1861e-01 -2.9738e+00 -2.1714e+00 +1.8967e-01 +1.9010e+00
2353 0 +6.698514505e+00 -9.933014855e+02 -9.933014855e+02 -3.0979e+00 +7.3787e-01 +8.3043e-01 -2.4457e+00 -3.0299e+00 -8.4395e-01 -2.9076e+00 -2.1927e+00 +2.1354e-01 +1.9444e+00
2398 0 +6.317803853e+00 -9.936821961e+02 -9.936821961e+02 -3.0525e+00 +7.9522e-01 +9.0857e-01 -2.3975e+00 -3.0076e+00 -8.1264e-01 -2.9385e+00 -2.1889e+00 +2.0564e-01 +1.9602e+00
% f evaluations | g evaluations | best noise-free fitness - Fopt (9.862000000000e+01) + sum g_i+ | measured fitness | best measured fitness or single-digit g-values | x1 | x2...
1 0 +1.171177608e+05 +1.172163808e+05 +1.172163808e+05 +5.9671e-01 -3.8264e-02 +7.4769e-01 +1.6230e+00 -1.3415e-01 -1.3414e-01 +1.6792e+00 +8.6743e-01 -3.6947e-01 +6.4256e-01
2 0 +3.354598863e+04 +3.364460863e+04 +3.364460863e+04 -3.6342e-01 -3.6573e-01 +3.4196e-01 -1.8133e+00 -1.6249e+00 -4.6229e-01 -9.1283e-01 +4.1425e-01 -8.0802e-01 -1.3123e+00
13 0 +3.125661104e+04 +3.135523104e+04 +3.135523104e+04 +8.9103e-01 -8.0939e-01 +1.5028e+00 -1.3019e+00 +6.8686e-01 +2.2905e+00 -8.9054e-01 -4.6630e-01 +1.9965e-01 -4.0348e-01
35 0 +2.091317074e+04 +2.101179074e+04 +2.101179074e+04 -7.2222e-01 +3.4369e-01 +3.4497e-01 -4.0694e-01 -3.7104e-01 +3.3205e-01 -1.3481e+00 -1.3075e+00 -6.1844e-01 -1.1345e-01
51 0 +5.826041851e+03 +5.924661851e+03 +5.924661851e+03 -2.1870e+00 -1.5641e+00 +1.5959e+00 -3.7016e+00 -1.4023e+00 +1.0704e+00 -6.3289e-01 -2.0518e+00 -1.0337e+00 -9.8952e-01
52 0 +3.303814140e+03 +3.402434140e+03 +3.402434140e+03 -1.9457e+00 +2.3329e-01 +3.5087e+00 -1.4818e+00 +1.3301e+00 +1.9188e+00 -1.5609e+00 -2.6061e+00 -1.9535e+00 -6.3337e-02
132 0 +3.028588410e+03 +3.127208410e+03 +3.127208410e+03 -7.7864e-02 -7.5324e-01 +1.5134e-01 -4.3296e+00 +9.0013e-02 +7.1001e-01 -4.1391e+00 -2.6427e+00 -1.9598e+00 +2.3826e+00
201 0 +2.587045670e+03 +2.685665670e+03 +2.685665670e+03 -1.2883e+00 -2.3798e+00 +3.3440e+00 -2.8125e+00 +1.8882e+00 +2.1006e+00 -8.0892e-01 -2.6072e+00 -2.9800e+00 -8.6229e-01
253 0 +1.471069815e+03 +1.569689815e+03 +1.569689815e+03 -1.2024e+00 -2.8770e+00 +1.8833e+00 -4.4849e+00 -4.4169e-01 +1.0661e+00 -1.6194e+00 -2.7959e+00 -2.5860e+00 +2.7231e+00
275 0 +6.406166029e+02 +7.392366029e+02 +7.392366029e+02 -1.2385e+00 -1.8298e+00 +5.6732e-01 -2.9573e+00 +2.7030e-01 +1.6909e-01 -1.2646e+00 -2.4121e+00 -3.7015e+00 -3.6050e-01
440 0 +4.443323471e+02 +5.429523471e+02 +5.429523471e+02 -8.6465e-01 -1.5176e+00 +1.4005e+00 -1.9224e+00 +1.2417e+00 +1.8982e+00 -1.5445e+00 -2.5034e+00 -2.1506e+00 +1.1947e-01
474 0 +3.912860963e+02 +4.899060963e+02 +4.899060963e+02 -1.5973e+00 -2.7677e+00 +8.6978e-01 -3.9326e+00 +1.7933e-01 +1.1903e+00 -2.3971e+00 -3.4608e+00 -4.5878e+00 -7.9005e-02
501 0 +1.947071423e+02 +2.933271423e+02 +2.933271423e+02 -1.2678e+00 -2.2027e+00 +1.6395e+00 -3.2219e+00 -4.8558e-01 +5.3995e-01 -1.6272e+00 -3.3015e+00 -3.6537e+00 -1.5220e-01
601 0 +1.849784808e+02 +2.835984808e+02 +2.835984808e+02 -1.9414e+00 -1.7868e+00 +1.4296e+00 -2.5897e+00 +1.9199e-01 +9.2005e-01 -2.4285e+00 -3.0154e+00 -3.4641e+00 -3.0602e-01
609 0 +1.434664343e+02 +2.420864343e+02 +2.420864343e+02 -1.6706e+00 -2.2360e+00 +1.3248e+00 -3.7421e+00 +1.5226e-01 +1.3602e+00 -2.3703e+00 -3.5538e+00 -4.3578e+00 -1.0262e+00
713 0 +1.314786781e+02 +2.300986781e+02 +2.300986781e+02 -2.4075e+00 -2.5179e+00 +1.9399e+00 -2.4769e+00 +2.7084e-01 +8.6919e-01 -1.8506e+00 -3.3284e+00 -3.6086e+00 -1.0913e+00
733 0 +1.191458913e+02 +2.177658913e+02 +2.177658913e+02 -1.7901e+00 -1.7530e+00 +1.4827e+00 -3.6200e+00 +1.0184e-03 +1.0438e+00 -2.0557e+00 -3.1881e+00 -3.0130e+00 -1.2016e+00
758 0 +8.104856800e+01 +1.796685680e+02 +1.796685680e+02 -1.7160e+00 -1.8835e+00 +2.2931e+00 -2.6449e+00 +1.4908e-01 +8.8685e-01 -2.4689e+00 -3.8707e+00 -3.6399e+00 -1.2026e+00
851 0 +8.101783849e+01 +1.796378385e+02 +1.796378385e+02 -1.9848e+00 -1.4795e+00 +1.9725e+00 -2.6300e+00 +1.8915e-01 +5.3792e-01 -2.4046e+00 -3.9982e+00 -3.7597e+00 -1.2235e+00
859 0 +7.626055084e+01 +1.748805508e+02 +1.748805508e+02 -2.2531e+00 -1.3483e+00 +1.9467e+00 -2.9999e+00 +3.4458e-01 +8.4656e-01 -2.1894e+00 -3.4663e+00 -3.8323e+00 -1.1008e+00
865 0 +4.687672378e+01 +1.454967238e+02 +1.454967238e+02 -1.5750e+00 -1.8339e+00 +1.4332e+00 -2.8355e+00 -4.1449e-02 +7.0700e-01 -2.1566e+00 -3.3854e+00 -3.5619e+00 -1.0257e+00
953 0 +2.551414418e+01 +1.241341442e+02 +1.241341442e+02 -1.5697e+00 -2.2451e+00 +1.3867e+00 -3.1510e+00 +1.9414e-01 +8.8392e-01 -2.2759e+00 -3.5487e+00 -3.7937e+00 -1.1277e+00
1051 0 +2.481850470e+01 +1.234385047e+02 +1.234385047e+02 -1.4919e+00 -2.2923e+00 +1.4233e+00 -3.3763e+00 +4.9629e-02 +8.5345e-01 -2.2954e+00 -3.9349e+00 -3.8187e+00 -1.1724e+00
1084 0 +2.091953530e+01 +1.195395353e+02 +1.195395353e+02 -1.8322e+00 -1.9836e+00 +1.6323e+00 -3.0246e+00 -4.7651e-02 +9.1613e-01 -2.2439e+00 -3.5690e+00 -3.6061e+00 -1.0459e+00
1107 0 +1.651586464e+01 +1.151358646e+02 +1.151358646e+02 -1.6696e+00 -2.0623e+00 +1.5554e+00 -3.2706e+00 -1.7014e-01 +9.5982e-01 -2.3827e+00 -3.7033e+00 -3.6414e+00 -9.5713e-01
1161 0 +1.644774170e+01 +1.150677417e+02 +1.150677417e+02 -1.6056e+00 -2.0230e+00 +1.5852e+00 -3.2388e+00 -1.6899e-01 +9.7815e-01 -2.3098e+00 -3.8861e+00 -3.7672e+00 -1.0609e+00
1165 0 +1.632343533e+01 +1.149434353e+02 +1.149434353e+02 -1.5368e+00 -2.1480e+00 +1.4318e+00 -3.1908e+00 -6.1448e-02 +7.1587e-01 -2.1612e+00 -3.8705e+00 -3.7904e+00 -1.0508e+00
1202 0 +1.288388196e+01 +1.115038820e+02 +1.115038820e+02 -1.6307e+00 -2.0149e+00 +1.4318e+00 -3.2726e+00 -9.3769e-02 +9.0877e-01 -2.2906e+00 -3.8942e+00 -3.6552e+00 -1.1426e+00
1252 0 +1.209535427e+01 +1.107153543e+02 +1.107153543e+02 -1.4660e+00 -2.0801e+00 +1.3923e+00 -3.1133e+00 -2.3426e-02 +8.4014e-01 -2.3034e+00 -3.8781e+00 -3.7566e+00 -1.1354e+00
1350 0 +1.090730229e+01 +1.095273023e+02 +1.095273023e+02 -1.5173e+00 -2.0896e+00 +1.4202e+00 -3.2344e+00 +1.3899e-02 +8.7238e-01 -2.4125e+00 -3.7532e+00 -3.6228e+00 -1.0695e+00
1405 0 +1.075612415e+01 +1.093761241e+02 +1.093761241e+02 -1.3662e+00 -1.9834e+00 +1.4364e+00 -3.1368e+00 -1.3955e-01 +7.8336e-01 -2.2314e+00 -3.7265e+00 -3.6276e+00 -1.0909e+00
1406 0 +1.052417294e+01 +1.091441729e+02 +1.091441729e+02 -1.5706e+00 -2.0745e+00 +1.4029e+00 -3.1716e+00 -1.2030e-01 +8.4318e-01 -2.3210e+00 -3.7120e+00 -3.6551e+00 -1.2188e+00
1428 0 +1.048015022e+01 +1.091001502e+02 +1.091001502e+02 -1.7780e+00 -2.1005e+00 +1.4516e+00 -3.2136e+00 -6.6739e-02 +8.3747e-01 -2.3715e+00 -3.8369e+00 -3.7448e+00 -1.1682e+00
1430 0 +1.026783466e+01 +1.088878347e+02 +1.088878347e+02 -1.6089e+00 -2.0704e+00 +1.3762e+00 -3.2429e+00 -9.1071e-02 +7.6210e-01 -2.2778e+00 -3.7404e+00 -3.6691e+00 -1.0748e+00
1433 0 +8.663340879e+00 +1.072833409e+02 +1.072833409e+02 -1.3399e+00 -1.9074e+00 +1.4666e+00 -3.2351e+00 -6.1750e-02 +8.0043e-01 -2.2866e+00 -3.7520e+00 -3.6295e+00 -1.0964e+00
1614 0 +8.390999757e+00 +1.070109998e+02 +1.070109998e+02 -1.4442e+00 -1.9924e+00 +1.4795e+00 -3.1867e+00 -4.0867e-02 +8.1346e-01 -2.3526e+00 -3.7843e+00 -3.6715e+00 -1.1265e+00
1759 0 +8.373528093e+00 +1.069935281e+02 +1.069935281e+02 -1.4732e+00 -2.0068e+00 +1.4805e+00 -3.2032e+00 -7.4541e-02 +8.0320e-01 -2.3475e+00 -3.7824e+00 -3.6671e+00 -1.1015e+00
1769 0 +8.363842768e+00 +1.069838428e+02 +1.069838428e+02 -1.3771e+00 -1.9412e+00 +1.4773e+00 -3.2603e+00 -1.0249e-01 +8.1641e-01 -2.3212e+00 -3.7771e+00 -3.7137e+00 -1.1205e+00
1790 0 +8.326051191e+00 +1.069460512e+02 +1.069460512e+02 -1.3927e+00 -1.9779e+00 +1.4873e+00 -3.2015e+00 -9.6665e-02 +7.8243e-01 -2.3228e+00 -3.7544e+00 -3.6768e+00 -1.0717e+00
1809 0 +8.300793176e+00 +1.069207932e+02 +1.069207932e+02 -1.3692e+00 -1.9860e+00 +1.5252e+00 -3.2031e+00 -7.4110e-02 +8.1204e-01 -2.3557e+00 -3.7426e+00 -3.6846e+00 -1.0988e+00
1812 0 +8.077600383e+00 +1.066976004e+02 +1.066976004e+02 -1.3404e+00 -1.9280e+00 +1.5193e+00 -3.2141e+00 -9.9314e-02 +8.2513e-01 -2.3306e+00 -3.7729e+00 -3.6804e+00 -1.1622e+00
1857 0 +7.901520757e+00 +1.065215208e+02 +1.065215208e+02 -1.3345e+00 -1.9093e+00 +1.4972e+00 -3.1997e+00 -7.5764e-02 +7.9698e-01 -2.3338e+00 -3.7308e+00 -3.6696e+00 -1.1223e+00
1903 0 +7.856015667e+00 +1.064760157e+02 +1.064760157e+02 -1.3170e+00 -1.8940e+00 +1.5123e+00 -3.2180e+00 -9.4332e-02 +8.0233e-01 -2.2956e+00 -3.7593e+00 -3.6886e+00 -1.1198e+00
1927 0 +7.831446190e+00 +1.064514462e+02 +1.064514462e+02 -1.3033e+00 -1.8881e+00 +1.5178e+00 -3.1947e+00 -6.1970e-02 +8.2828e-01 -2.3129e+00 -3.7450e+00 -3.6580e+00 -1.1399e+00
1987 0 +7.812785599e+00 +1.064327856e+02 +1.064327856e+02 -1.2602e+00 -1.8531e+00 +1.5306e+00 -3.2065e+00 -1.0133e-01 +8.5460e-01 -2.3200e+00 -3.7463e+00 -3.6841e+00 -1.0789e+00
2018 0 +7.755543735e+00 +1.063755437e+02 +1.063755437e+02 -1.2791e+00 -1.8709e+00 +1.5091e+00 -3.2061e+00 -8.9909e-02 +7.8856e-01 -2.3391e+00 -3.7733e+00 -3.6756e+00 -1.1185e+00
2025 0 +7.753736897e+00 +1.063737369e+02 +1.063737369e+02 -1.1839e+00 -1.8100e+00 +1.5766e+00 -3.1930e+00 -9.6679e-02 +8.2845e-01 -2.3629e+00 -3.7822e+00 -3.6780e+00 -1.1157e+00
2064 0 +7.592438168e+00 +1.062124382e+02 +1.062124382e+02 -1.2193e+00 -1.8052e+00 +1.5444e+00 -3.1936e+00 -8.3829e-02 +8.0955e-01 -2.2913e+00 -3.7714e+00 -3.6746e+00 -1.1088e+00
2153 0 +7.484101595e+00 +1.061041016e+02 +1.061041016e+02 -1.1840e+00 -1.7499e+00 +1.6233e+00 -3.2082e+00 -6.5369e-02 +8.3706e-01 -2.2890e+00 -3.7303e+00 -3.6791e+00 -1.1235e+00
2182 0 +7.420167627e+00 +1.060401676e+02 +1.060401676e+02 -1.1640e+00 -1.7713e+00 +1.6103e+00 -3.1685e+00 -8.9494e-02 +8.4517e-01 -2.3352e+00 -3.7388e+00 -3.6865e+00 -1.1199e+00
2201 0 +7.247397759e+00 +1.058673978e+02 +1.058673978e+02 -1.1460e+00 -1.7176e+00 +1.6111e+00 -3.1915e+00 -8.5216e-02 +8.1744e-01 -2.3446e+00 -3.7342e+00 -3.7185e+00 -1.1066e+00
2303 0 +6.992479650e+00 +1.056124796e+02 +1.056124796e+02 -1.1299e+00 -1.7071e+00 +1.6364e+00 -3.1683e+00 -7.5607e-02 +8.1770e-01 -2.3276e+00 -3.7712e+00 -3.6854e+00 -1.1253e+00
2495 0 +6.901898837e+00 +1.055218988e+02 +1.055218988e+02 -1.0888e+00 -1.6132e+00 +1.6995e+00 -3.1417e+00 -5.3785e-02 +8.3205e-01 -2.3358e+00 -3.7397e+00 -3.7042e+00 -1.1024e+00
% f evaluations | g evaluations | best noise-free fitness - Fopt (-4.715000000000e+01) + sum g_i+ | measured fitness | best measured fitness or single-digit g-values | x1 | x2...
1 0 +9.362351125e+04 +9.357636125e+04 +9.357636125e+04 +5.9671e-01 -3.8264e-02 +7.4769e-01 +1.6230e+00 -1.3415e-01 -1.3414e-01 +1.6792e+00 +8.6743e-01 -3.6947e-01 +6.4256e-01
2 0 +1.182718958e+04 +1.178003958e+04 +1.178003958e+04 -3.6342e-01 -3.6573e-01 +3.4196e-01 -1.8133e+00 -1.6249e+00 -4.6229e-01 -9.1283e-01 +4.1425e-01 -8.0802e-01 -1.3123e+00
20 0 +1.144194431e+04 +1.139479431e+04 +1.139479431e+04 -3.4651e-01 +9.5640e-01 +3.1409e-01 -1.1457e+00 +2.7318e-01 +4.8532e-01 -7.8386e-01 +2.5373e-01 +1.5821e-01 -1.0430e+00
34 0 +8.086079730e+03 +8.038929730e+03 +8.038929730e+03 +8.7753e-02 -7.9725e-01 +1.7580e-01 -5.7716e-01 +1.0751e+00 -4.7057e-02 -7.2550e-01 -2.2139e-01 +5.1293e-01 -4.6372e-01
51 0 +5.887279661e+03 +5.840129661e+03 +5.840129661e+03 -5.9841e-01 -1.0078e-01 +3.5801e-01 -7.9729e-01 +1.0554e+00 +3.8766e-01 -1.2794e+00 -2.0507e+00 +3.4803e-01 -7.7288e-01
58 0 +3.687111921e+03 +3.639961921e+03 +3.639961921e+03 -5.8176e-01 -1.8404e+00 -6.5042e-01 -1.3449e+00 -1.6832e-02 +1.0604e+00 -4.4429e-01 -1.4347e+00 -1.6298e+00 -2.1796e-01
79 0 +2.649766443e+03 +2.602616443e+03 +2.602616443e+03 -4.4473e-01 -4.2729e-01 -1.3179e+00 -2.6259e+00 +1.0709e+00 +3.0998e-01 -9.0327e-01 -5.5725e-01 -4.6500e-01 +1.3799e+00
106 0 +1.929945775e+03 +1.882795775e+03 +1.882795775e+03 -1.4795e+00 -1.1300e+00 -1.5094e+00 -4.6933e+00 +4.9573e-01 +1.1673e+00 -4.0024e+00 -4.3016e-01 +1.9151e-01 -6.7191e-02
172 0 +1.875584508e+03 +1.828434508e+03 +1.828434508e+03 -1.0434e+00 -1.2365e+00 -1.8613e+00 -3.6354e+00 +2.1382e-02 +6.9266e-01 -1.5834e+00 -1.9348e+00 +8.6191e-01 +8.2467e-01
175 0 +9.755308647e+02 +9.283808647e+02 +9.283808647e+02 -6.7660e-01 -5.6438e-01 -1.0228e+00 -3.1162e+00 -8.5404e-01 +1.3630e+00 -2.9742e+00 -3.1678e+00 -6.2212e-01 +8.1855e-01
352 0 +8.403667439e+02 +7.932167439e+02 +7.932167439e+02 -2.2742e+00 -1.4479e+00 -2.2216e+00 -3.3515e+00 -1.3411e+00 +1.8839e+00 -2.6829e+00 -2.5026e+00 -2.1193e+00 -6.8558e-01
401 0 +5.490203980e+02 +5.018703980e+02 +5.018703980e+02 -1.8214e+00 -1.7591e+00 -2.1500e+00 -3.2236e+00 -4.7589e-01 +1.8670e+00 -2.8454e+00 -1.7508e+00 -5.1485e-01 -9.4605e-01
403 0 +4.305226241e+02 +3.833726241e+02 +3.833726241e+02 -1.8506e+00 -1.7798e+00 -2.1153e+00 -2.6077e+00 -9.9474e-01 +1.4535e+00 -3.1105e+00 -1.4811e+00 -6.9966e-01 -1.6609e+00
451 0 +4.260521994e+02 +3.789021994e+02 +3.789021994e+02 -1.1543e+00 -1.6264e+00 -1.2279e+00 -3.4252e+00 -7.6442e-01 +6.6608e-01 -2.7603e+00 -2.0007e+00 -5.9327e-01 -2.9936e-01
467 0 +3.866890498e+02 +3.395390498e+02 +3.395390498e+02 -1.6619e+00 -2.1750e+00 -2.3031e+00 -3.1043e+00 -1.5798e+00 +1.7254e+00 -2.3683e+00 -2.2294e+00 -2.0610e+00 -2.1105e+00
504 0 +3.809921439e+02 +3.338421439e+02 +3.338421439e+02 -1.4247e+00 -1.6217e+00 -1.6232e+00 -3.7602e+00 -5.9668e-02 +1.1705e+00 -1.8462e+00 -1.7800e+00 -2.8896e-01 +8.7364e-01
507 0 +2.156520491e+02 +1.685020491e+02 +1.685020491e+02 -2.0853e+00 -1.1070e+00 -1.8477e+00 -3.7627e+00 -2.0055e-01 -3.8499e-02 -1.8248e+00 -1.6281e+00 -6.0442e-01 -4.4661e-01
611 0 +1.672310645e+02 +1.200810645e+02 +1.200810645e+02 -1.5567e+00 -1.9782e+00 -2.1869e+00 -3.8042e+00 -1.7134e-01 +1.1169e+00 -1.4753e+00 -2.0050e+00 -1.2001e+00 -1.9903e+00
703 0 +1.468950910e+02 +9.974509103e+01 +9.974509103e+01 -9.1595e-01 -1.8841e+00 -1.9788e+00 -2.7788e+00 -1.6332e-01 +8.9852e-01 -3.0413e+00 -2.1918e+00 -7.7312e-01 -1.6202e+00
710 0 +1.445361990e+02 +9.738619896e+01 +9.738619896e+01 -1.7857e+00 -1.6600e+00 -2.1761e+00 -3.0463e+00 -2.1298e-01 +8.0269e-01 -1.7439e+00 -1.9038e+00 -8.4073e-01 -1.1171e+00
711 0 +7.133023143e+01 +2.418023143e+01 +2.418023143e+01 -1.7098e+00 -1.6635e+00 -1.6870e+00 -2.9182e+00 -5.0120e-01 +5.9537e-01 -2.6732e+00 -2.2902e+00 -1.2971e+00 -2.4781e+00
862 0 +7.048937740e+01 +2.333937740e+01 +2.333937740e+01 -1.8746e+00 -1.1768e+00 -2.1852e+00 -2.9512e+00 -3.1398e-01 +3.2892e-01 -2.4565e+00 -2.5666e+00 -1.9939e+00 -3.0123e+00
867 0 +5.958696410e+01 +1.243696410e+01 +1.243696410e+01 -1.1350e+00 -1.3120e+00 -2.1228e+00 -3.3823e+00 -3.6151e-01 +7.3044e-01 -2.4687e+00 -2.4770e+00 -1.8754e+00 -2.3399e+00
875 0 +5.790541519e+01 +1.075541519e+01 +1.075541519e+01 -6.6562e-01 -1.6814e+00 -1.7891e+00 -2.8801e+00 -2.5436e-01 +5.4227e-01 -2.2774e+00 -2.6082e+00 -1.8628e+00 -2.4774e+00
912 0 +5.489577552e+01 +7.745775516e+00 +7.745775516e+00 -1.9902e+00 -1.3291e+00 -2.2416e+00 -3.4758e+00 -1.8298e-01 +4.9672e-01 -2.5280e+00 -2.4995e+00 -2.2513e+00 -2.7130e+00
959 0 +5.298815953e+01 +5.838159526e+00 +5.838159526e+00 -2.0203e+00 -1.5052e+00 -2.3253e+00 -3.0410e+00 -7.2310e-01 +5.8030e-01 -2.5264e+00 -2.6892e+00 -1.8021e+00 -3.0523e+00
1005 0 +2.470558717e+01 -2.244441283e+01 -2.244441283e+01 -8.5463e-01 -1.6605e+00 -2.2012e+00 -3.2487e+00 -1.8871e-01 +6.0535e-01 -2.6490e+00 -2.9311e+00 -1.6269e+00 -2.6997e+00
1101 0 +2.409605503e+01 -2.305394497e+01 -2.305394497e+01 -1.4002e+00 -1.6339e+00 -2.0424e+00 -3.3686e+00 -1.3433e-01 +6.3293e-01 -2.6035e+00 -2.5797e+00 -1.6348e+00 -2.7989e+00
1153 0 +2.270304000e+01 -2.444696000e+01 -2.444696000e+01 -1.2962e+00 -1.9121e+00 -2.2188e+00 -3.4649e+00 -1.3866e-01 +6.8360e-01 -2.6458e+00 -2.5402e+00 -1.7992e+00 -2.9488e+00
1169 0 +2.246070626e+01 -2.468929374e+01 -2.468929374e+01 -9.8053e-01 -1.8867e+00 -2.1549e+00 -3.3224e+00 -2.7595e-01 +7.9829e-01 -2.5419e+00 -2.7245e+00 -1.6370e+00 -2.9843e+00
1204 0 +1.298498827e+01 -3.416501173e+01 -3.416501173e+01 -1.4356e+00 -1.7394e+00 -2.2192e+00 -3.3497e+00 -3.5231e-01 +7.5745e-01 -2.5077e+00 -2.7946e+00 -1.8213e+00 -2.7091e+00
1405 0 +1.107386617e+01 -3.607613383e+01 -3.607613383e+01 -1.5270e+00 -1.6876e+00 -2.1899e+00 -3.2949e+00 -3.3465e-01 +6.9254e-01 -2.5613e+00 -2.7034e+00 -1.8209e+00 -2.9126e+00
1458 0 +1.010400443e+01 -3.704599557e+01 -3.704599557e+01 -1.3982e+00 -1.8361e+00 -2.1982e+00 -3.3350e+00 -3.7113e-01 +7.2513e-01 -2.5491e+00 -2.6618e+00 -1.7992e+00 -2.7628e+00
1606 0 +1.010047518e+01 -3.704952482e+01 -3.704952482e+01 -1.5445e+00 -1.7051e+00 -2.1792e+00 -3.2912e+00 -3.9849e-01 +6.7923e-01 -2.4881e+00 -2.6408e+00 -1.8485e+00 -2.8607e+00
1661 0 +1.008540330e+01 -3.706459670e+01 -3.706459670e+01 -1.3363e+00 -1.7354e+00 -2.1725e+00 -3.3332e+00 -3.7647e-01 +6.9410e-01 -2.5482e+00 -2.6453e+00 -1.7965e+00 -2.7454e+00
1712 0 +9.921415519e+00 -3.722858448e+01 -3.722858448e+01 -1.3554e+00 -1.7757e+00 -2.1717e+00 -3.2749e+00 -3.4984e-01 +6.8081e-01 -2.4483e+00 -2.6076e+00 -1.7978e+00 -2.8039e+00
1751 0 +9.804096898e+00 -3.734590310e+01 -3.734590310e+01 -1.3285e+00 -1.7712e+00 -2.1602e+00 -3.2644e+00 -3.9742e-01 +6.6693e-01 -2.5574e+00 -2.7245e+00 -1.8174e+00 -2.8596e+00
1752 0 +9.759827353e+00 -3.739017265e+01 -3.739017265e+01 -1.3328e+00 -1.7969e+00 -2.1639e+00 -3.2431e+00 -3.4788e-01 +6.4557e-01 -2.5517e+00 -2.6394e+00 -1.7823e+00 -2.8397e+00
1757 0 +9.226963072e+00 -3.792303693e+01 -3.792303693e+01 -1.3459e+00 -1.7934e+00 -2.2051e+00 -3.2583e+00 -3.6725e-01 +6.8730e-01 -2.5276e+00 -2.6734e+00 -1.8312e+00 -2.8036e+00
1803 0 +9.215712551e+00 -3.793428745e+01 -3.793428745e+01 -1.2439e+00 -1.7766e+00 -2.1811e+00 -3.2651e+00 -3.8633e-01 +7.1084e-01 -2.5435e+00 -2.6856e+00 -1.8467e+00 -2.7911e+00
1885 0 +9.177692886e+00 -3.797230711e+01 -3.797230711e+01 -1.1190e+00 -1.7633e+00 -2.2164e+00 -3.2509e+00 -3.7941e-01 +6.9005e-01 -2.5463e+00 -2.6403e+00 -1.8183e+00 -2.8502e+00
1907 0 +9.030144655e+00 -3.811985535e+01 -3.811985535e+01 -1.2830e+00 -1.7809e+00 -2.1838e+00 -3.2801e+00 -3.6755e-01 +7.1169e-01 -2.5433e+00 -2.6711e+00 -1.8257e+00 -2.8225e+00
1909 0 +9.025818009e+00 -3.812418199e+01 -3.812418199e+01 -1.0972e+00 -1.7752e+00 -2.1641e+00 -3.3306e+00 -3.6043e-01 +7.2858e-01 -2.5227e+00 -2.6522e+00 -1.8320e+00 -2.8363e+00
1955 0 +8.681103161e+00 -3.846889684e+01 -3.846889684e+01 -1.0627e+00 -1.7500e+00 -2.1889e+00 -3.2997e+00 -4.0065e-01 +6.7702e-01 -2.5084e+00 -2.6763e+00 -1.7882e+00 -2.7896e+00
2185 0 +8.507791118e+00 -3.864220888e+01 -3.864220888e+01 -9.7721e-01 -1.6706e+00 -2.1205e+00 -3.3012e+00 -3.8246e-01 +6.9548e-01 -2.4935e+00 -2.6529e+00 -1.7851e+00 -2.8401e+00
2209 0 +8.334272237e+00 -3.881572776e+01 -3.881572776e+01 -9.0252e-01 -1.5780e+00 -2.1046e+00 -3.3097e+00 -3.8459e-01 +6.6607e-01 -2.5168e+00 -2.6539e+00 -1.7949e+00 -2.7707e+00
2224 0 +8.151593772e+00 -3.899840623e+01 -3.899840623e+01 -8.5994e-01 -1.6047e+00 -2.1332e+00 -3.2964e+00 -3.7607e-01 +6.9836e-01 -2.4955e+00 -2.6678e+00 -1.7665e+00 -2.8217e+00
2304 0 +7.945744867e+00 -3.920425513e+01 -3.920425513e+01 -7.8521e-01 -1.5081e+00 -2.0765e+00 -3.3064e+00 -3.7810e-01 +6.5023e-01 -2.4998e+00 -2.7048e+00 -1.8126e+00 -2.8575e+00
% f evaluations | g evaluations | best noise-free fitness - Fopt (3.752000000000e+01) + sum g_i+ | measured fitness | best measured fitness or single-digit g-values | x1 | x2...
1 0 +5.048915443e+04 +5.052667443e+04 +5.052667443e+04 +5.9671e-01 -3.8264e-02 +7.4769e-01 +1.6230e+00 -1.3415e-01 -1.3414e-01 +1.6792e+00 +8.6743e-01 -3.6947e-01 +6.4256e-01
2 0 +3.909258025e+04 +3.913010025e+04 +3.913010025e+04 -3.6342e-01 -3.6573e-01 +3.4196e-01 -1.8133e+00 -1.6249e+00 -4.6229e-01 -9.1283e-01 +4.1425e-01 -8.0802e-01 -1.3123e+00
3 0 +2.385041846e+04 +2.388793846e+04 +2.388793846e+04 +1.5656e+00 -1.2578e-01 +1.6753e-01 -1.3247e+00 -4.4438e-01 +2.1092e-01 -1.0510e+00 +4.7570e-01 -5.0064e-01 -1.9169e-01
7 0 +1.953997314e+04 +1.957749314e+04 +1.957749314e+04 -3.7917e-01 -8.5659e-02 -1.0063e+00 -1.0962e+00 +9.1253e-01 +1.4562e+00 +2.7990e-02 +1.1035e+00 +4.6164e-01 -5.4512e-01
11 0 +1.840905757e+04 +1.844657757e+04 +1.844657757e+04 -1.3154e+00 -3.2065e-01 -2.4271e-01 -7.0228e-01 -6.1286e-02 +5.0405e-01 +1.9862e+00 +2.7458e-01 +3.5755e-01 +2.5554e-02
13 0 +1.451216209e+04 +1.454968209e+04 +1.454968209e+04 +8.9103e-01 -8.0939e-01 +1.5028e+00 -1.3019e+00 +6.8686e-01 +2.2905e+00 -8.9054e-01 -4.6630e-01 +1.9965e-01 -4.0348e-01
34 0 +1.381954767e+04 +1.385706767e+04 +1.385706767e+04 +8.7753e-02 -7.9725e-01 +1.7580e-01 -5.7716e-01 +1.0751e+00 -4.7057e-02 -7.2550e-01 -2.2139e-01 +5.1293e-01 -4.6372e-01
51 0 +1.206785252e+04 +1.210537252e+04 +1.210537252e+04 +2.4108e-01 -1.8229e+00 +1.9890e+00 -1.3123e+00 +1.0755e+00 +6.8618e-01 +3.9160e-01 -1.0552e+00 +1.8502e-01 +2.3327e+00
52 0 +1.011884299e+04 +1.015636299e+04 +1.015636299e+04 +1.9331e-01 -5.8960e-01 +6.5141e-01 -1.6948e+00 +7.2907e-01 +1.9305e+00 +1.7053e-02 -1.9300e-01 -1.7334e-02 +4.9885e-02
53 0 +4.743737851e+03 +4.781257851e+03 +4.781257851e+03 +7.8128e-01 -2.4825e+00 +2.0255e+00 -2.9026e+00 +1.6808e+00 +1.3090e+00 +8.1340e-01 -2.8820e-01 -5.2867e-01 +2.5599e+00
60 0 +3.837722784e+03 +3.875242784e+03 +3.875242784e+03 +1.7167e+00 -4.0861e+00 +5.6435e-01 -1.7817e+00 +1.1468e+00 -5.1191e-01 +6.2013e-02 +8.1039e-01 +1.1039e-02 +3.8051e-01
108 0 +1.954626299e+03 +1.992146299e+03 +1.992146299e+03 +6.1352e-01 -2.1724e+00 +1.4086e+00 -1.1694e+00 +7.7450e-01 +5.1201e-01 +9.0550e-01 +1.7362e+00 +3.1194e+00 +1.0525e+00
209 0 +7.113199635e+02 +7.488399635e+02 +7.488399635e+02 +4.9604e-01 -2.6799e+00 +2.0760e+00 -2.0379e+00 +8.7706e-01 +1.4748e+00 +2.1362e+00 +2.6877e+00 +1.0715e-01 -6.8604e-01
351 0 +4.854826838e+02 +5.230026838e+02 +5.230026838e+02 +1.4923e+00 -2.5653e+00 +1.8669e+00 -3.3080e+00 +3.0538e+00 +9.4028e-01 +1.4644e+00 +2.1743e+00 +1.2327e+00 +1.5918e-01
374 0 +3.515203947e+02 +3.890403947e+02 +3.890403947e+02 +2.4383e+00 -1.8882e+00 +2.6959e+00 -2.4539e+00 +1.6997e+00 +6.0667e-01 +7.3369e-01 +1.8136e+00 +2.0046e+00 +4.0682e-01
503 0 +2.860460293e+02 +3.235660293e+02 +3.235660293e+02 +1.6352e+00 -3.7762e+00 +2.0386e+00 -2.4603e+00 +2.2600e+00 +1.4962e+00 +1.9163e+00 +1.7779e+00 +2.3341e+00 -4.7080e-01
554 0 +2.519005808e+02 +2.894205808e+02 +2.894205808e+02 +8.8770e-01 -2.6717e+00 +2.1400e+00 -1.8222e+00 +1.2449e+00 +1.2327e+00 +1.4794e+00 +1.9132e+00 +6.5153e-01 -1.4934e+00
555 0 +2.010663320e+02 +2.385863320e+02 +2.385863320e+02 +1.7056e+00 -2.5459e+00 +2.4109e+00 -2.1870e+00 +1.3590e+00 +8.0693e-01 +1.2111e+00 +2.1717e+00 +6.3265e-01 -5.2507e-01
602 0 +2.010506493e+02 +2.385706493e+02 +2.385706493e+02 +1.6390e+00 -3.2055e+00 +1.6487e+00 -2.1109e+00 +1.1381e+00 +1.7045e+00 +1.5091e+00 +2.1024e+00 +1.0052e+00 -7.3485e-01
604 0 +9.371392054e+01 +1.312339205e+02 +1.312339205e+02 +8.6357e-01 -2.2021e+00 +2.1959e+00 -2.5522e+00 +1.8615e+00 +7.2773e-01 +1.2468e+00 +1.5398e+00 +1.4543e+00 -7.1752e-01
701 0 +5.373870312e+01 +9.125870312e+01 +9.125870312e+01 +1.3134e+00 -3.0470e+00 +2.0639e+00 -2.1393e+00 +1.9131e+00 +5.7046e-01 +1.6525e+00 +1.7736e+00 +1.3418e+00 -1.1622e+00
803 0 +5.259866598e+01 +9.011866598e+01 +9.011866598e+01 +1.2027e+00 -2.9718e+00 +1.4991e+00 -2.3384e+00 +2.3964e+00 +1.2420e+00 +1.6268e+00 +1.8455e+00 +1.3884e+00 -1.5221e+00
851 0 +5.085200761e+01 +8.837200761e+01 +8.837200761e+01 +9.2398e-01 -2.8356e+00 +1.8823e+00 -2.0410e+00 +2.0301e+00 +1.0174e+00 +1.4212e+00 +1.6084e+00 +1.5916e+00 -1.3524e+00
860 0 +4.349931786e+01 +8.101931786e+01 +8.101931786e+01 +1.1562e+00 -2.6967e+00 +2.3116e+00 -2.2729e+00 +1.9750e+00 +1.0547e+00 +1.5862e+00 +2.0809e+00 +1.2924e+00 -1.7101e+00
906 0 +3.851783562e+01 +7.603783562e+01 +7.603783562e+01 +9.5051e-01 -2.7699e+00 +2.3093e+00 -2.3839e+00 +2.0296e+00 +7.1596e-01 +1.2121e+00 +1.5756e+00 +1.3041e+00 -1.3980e+00
914 0 +2.908952721e+01 +6.660952721e+01 +6.660952721e+01 +1.4464e+00 -2.8237e+00 +1.6922e+00 -2.3609e+00 +2.2463e+00 +1.0828e+00 +1.4776e+00 +1.8577e+00 +1.0731e+00 -1.2877e+00
1002 0 +2.765603783e+01 +6.517603783e+01 +6.517603783e+01 +1.3915e+00 -3.0756e+00 +1.6850e+00 -2.5394e+00 +2.0245e+00 +9.8724e-01 +1.2049e+00 +1.6448e+00 +1.1211e+00 -1.2991e+00
1003 0 +2.526693535e+01 +6.278693535e+01 +6.278693535e+01 +1.7267e+00 -2.8404e+00 +1.8488e+00 -2.4113e+00 +2.1080e+00 +1.3051e+00 +1.3562e+00 +1.8818e+00 +1.2783e+00 -1.4031e+00
1010 0 +1.883154161e+01 +5.635154161e+01 +5.635154161e+01 +1.0894e+00 -2.8622e+00 +1.8421e+00 -2.6072e+00 +2.2104e+00 +9.9444e-01 +1.2760e+00 +1.7105e+00 +1.2091e+00 -1.3841e+00
1092 0 +1.751881904e+01 +5.503881904e+01 +5.503881904e+01 +1.8560e+00 -2.8996e+00 +2.1355e+00 -2.4513e+00 +2.0516e+00 +1.0926e+00 +1.3619e+00 +1.8543e+00 +1.1886e+00 -1.4260e+00
1102 0 +1.403827620e+01 +5.155827620e+01 +5.155827620e+01 +1.2927e+00 -2.8555e+00 +1.7811e+00 -2.4789e+00 +2.0918e+00 +9.1092e-01 +1.3370e+00 +1.8611e+00 +1.1597e+00 -1.3241e+00
1160 0 +1.103931414e+01 +4.855931414e+01 +4.855931414e+01 +1.7023e+00 -3.0072e+00 +1.9845e+00 -2.4293e+00 +1.9244e+00 +9.0262e-01 +1.3005e+00 +1.8042e+00 +1.2586e+00 -1.4240e+00
1252 0 +1.095529283e+01 +4.847529283e+01 +4.847529283e+01 +1.2973e+00 -2.9502e+00 +1.9511e+00 -2.4499e+00 +2.0609e+00 +8.7632e-01 +1.3214e+00 +1.8845e+00 +1.1794e+00 -1.4071e+00
1301 0 +1.032776780e+01 +4.784776780e+01 +4.784776780e+01 +1.5159e+00 -3.0504e+00 +1.9796e+00 -2.4893e+00 +2.0174e+00 +9.1321e-01 +1.2950e+00 +1.8465e+00 +1.2771e+00 -1.3774e+00
1314 0 +9.112251823e+00 +4.663225182e+01 +4.663225182e+01 +1.7529e+00 -2.8528e+00 +1.9424e+00 -2.4664e+00 +1.9872e+00 +9.3913e-01 +1.3202e+00 +1.8924e+00 +1.3051e+00 -1.3472e+00
1556 0 +8.916305387e+00 +4.643630539e+01 +4.643630539e+01 +1.7621e+00 -2.9383e+00 +1.9259e+00 -2.4392e+00 +2.0097e+00 +9.0318e-01 +1.3330e+00 +1.8482e+00 +1.2288e+00 -1.3902e+00
1709 0 +8.878466188e+00 +4.639846619e+01 +4.639846619e+01 +1.7727e+00 -2.8804e+00 +1.9613e+00 -2.4834e+00 +1.9885e+00 +8.8059e-01 +1.3386e+00 +1.8647e+00 +1.2661e+00 -1.4050e+00
1719 0 +8.852993794e+00 +4.637299379e+01 +4.637299379e+01 +1.7542e+00 -2.8747e+00 +1.8828e+00 -2.4734e+00 +1.9667e+00 +9.2707e-01 +1.2872e+00 +1.8921e+00 +1.2906e+00 -1.3961e+00
1751 0 +8.697930864e+00 +4.621793086e+01 +4.621793086e+01 +1.7507e+00 -2.8612e+00 +1.9189e+00 -2.4819e+00 +2.0012e+00 +8.8107e-01 +1.3102e+00 +1.8537e+00 +1.2744e+00 -1.4223e+00
1758 0 +8.399477552e+00 +4.591947755e+01 +4.591947755e+01 +1.8214e+00 -2.8384e+00 +1.8910e+00 -2.4843e+00 +2.0040e+00 +9.1986e-01 +1.3052e+00 +1.8736e+00 +1.2874e+00 -1.4028e+00
1828 0 +8.365874768e+00 +4.588587477e+01 +4.588587477e+01 +1.8560e+00 -2.8532e+00 +1.9442e+00 -2.4671e+00 +1.9848e+00 +9.3193e-01 +1.3097e+00 +1.8745e+00 +1.2903e+00 -1.4059e+00
1854 0 +8.339591250e+00 +4.585959125e+01 +4.585959125e+01 +1.7870e+00 -2.8484e+00 +1.9174e+00 -2.4679e+00 +2.0065e+00 +9.2463e-01 +1.3198e+00 +1.8685e+00 +1.2727e+00 -1.4021e+00
1865 0 +8.305834356e+00 +4.582583436e+01 +4.582583436e+01 +1.8902e+00 -2.8312e+00 +1.9382e+00 -2.4614e+00 +1.9998e+00 +9.3762e-01 +1.2791e+00 +1.8863e+00 +1.2708e+00 -1.4180e+00
1872 0 +8.154870254e+00 +4.567487025e+01 +4.567487025e+01 +1.9384e+00 -2.7750e+00 +1.9489e+00 -2.5076e+00 +2.0034e+00 +9.2313e-01 +1.2882e+00 +1.8533e+00 +1.2365e+00 -1.3830e+00
1901 0 +8.056996538e+00 +4.557699654e+01 +4.557699654e+01 +1.9033e+00 -2.7903e+00 +1.9576e+00 -2.4489e+00 +1.9952e+00 +8.9150e-01 +1.2947e+00 +1.8626e+00 +1.2726e+00 -1.3988e+00
1919 0 +7.993396579e+00 +4.551339658e+01 +4.551339658e+01 +1.9976e+00 -2.7479e+00 +1.9843e+00 -2.4705e+00 +2.0021e+00 +9.2897e-01 +1.2855e+00 +1.8463e+00 +1.2734e+00 -1.3791e+00
2016 0 +7.922141027e+00 +4.544214103e+01 +4.544214103e+01 +2.0074e+00 -2.6493e+00 +1.9930e+00 -2.4443e+00 +2.0024e+00 +8.7954e-01 +1.3119e+00 +1.8401e+00 +1.2589e+00 -1.4024e+00
2052 0 +7.791706862e+00 +4.531170686e+01 +4.531170686e+01 +2.0032e+00 -2.6834e+00 +1.9680e+00 -2.4705e+00 +1.9950e+00 +9.1708e-01 +1.3293e+00 +1.8354e+00 +1.2454e+00 -1.4091e+00
2136 0 +7.780419648e+00 +4.530041965e+01 +4.530041965e+01 +2.1165e+00 -2.5466e+00 +2.0247e+00 -2.4461e+00 +1.9899e+00 +9.1840e-01 +1.2851e+00 +1.8892e+00 +1.2513e+00 -1.3671e+00
2152 0 +7.621769787e+00 +4.514176979e+01 +4.514176979e+01 +2.1090e+00 -2.6107e+00 +2.0216e+00 -2.4393e+00 +2.0452e+00 +9.3318e-01 +1.3056e+00 +1.8720e+00 +1.2976e+00 -1.3759e+00
2153 0 +7.598261136e+00 +4.511826114e+01 +4.511826114e+01 +2.0723e+00 -2.6177e+00 +2.0193e+00 -2.4831e+00 +1.9924e+00 +9.1321e-01 +1.3158e+00 +1.8867e+00 +1.2761e+00 -1.4091e+00
2255 0 +7.314008371e+00 +4.483400837e+01 +4.483400837e+01 +2.1258e+00 -2.5799e+00 +2.0575e+00 -2.4167e+00 +2.0058e+00 +9.3283e-01 +1.3073e+00 +1.8353e+00 +1.2423e+00 -1.4188e+00
2306 0 +7.306121648e+00 +4.482612165e+01 +4.482612165e+01 +2.0988e+00 -2.6048e+00 +2.0595e+00 -2.4392e+00 +1.9855e+00 +9.2396e-01 +1.2952e+00 +1.8465e+00 +1.2563e+00 -1.3942e+00
2320 0 +7.295232887e+00 +4.481523289e+01 +4.481523289e+01 +2.1340e+00 -2.5202e+00 +2.1164e+00 -2.4461e+00 +2.0161e+00 +9.3906e-01 +1.3201e+00 +1.8684e+00 +1.2396e+00 -1.3830e+00
2358 0 +7.177601203e+00 +4.469760120e+01 +4.469760120e+01 +2.1826e+00 -2.5105e+00 +2.0945e+00 -2.4439e+00 +1.9851e+00 +9.3797e-01 +1.2890e+00 +1.8514e+00 +1.2684e+00 -1.3674e+00
% f evaluations | g evaluations | best noise-free fitness - Fopt (6.740000000000e+00) + sum g_i+ | measured fitness | best measured fitness or single-digit g-values | x1 | x2...
1 0 +4.829926066e+04 +4.830600066e+04 +4.830600066e+04 +5.9671e-01 -3.8264e-02 +7.4769e-01 +1.6230e+00 -1.3415e-01 -1.3414e-01 +1.6792e+00 +8.6743e-01 -3.6947e-01 +6.4256e-01
2 0 +1.325999703e+04 +1.326673703e+04 +1.326673703e+04 -3.6342e-01 -3.6573e-01 +3.4196e-01 -1.8133e+00 -1.6249e+00 -4.6229e-01 -9.1283e-01 +4.1425e-01 -8.0802e-01 -1.3123e+00
5 0 +6.316560568e+03 +6.323300568e+03 +6.323300568e+03 +8.3847e-01 +2.7137e-01 -1.5648e-02 -2.0110e-01 -1.3785e+00 -6.1984e-01 -3.6064e-01 +1.1571e+00 +4.4362e-01 -1.6630e+00
52 0 +4.785107144e+03 +4.791847144e+03 +4.791847144e+03 -7.3087e-01 -6.2387e-01 +5.0781e-01 +3.8692e-01 -2.8574e+00 +4.1402e-01 -2.3414e+00 -6.1235e-01 -4.8843e-01 -3.4373e+00
54 0 +4.476126228e+03 +4.482866228e+03 +4.482866228e+03 -9.3067e-01 +5.4628e-01 -1.0179e+00 +1.7329e+00 -2.5099e+00 +1.2190e+00 -3.9702e-01 -6.8813e-01 +7.2273e-01 -2.8268e-01
73 0 +4.033470101e+03 +4.040210101e+03 +4.040210101e+03 +1.7182e-01 -6.7869e-01 +1.7824e-01 -3.7064e-01 -2.0567e+00 +5.1193e-01 -1.1391e+00 +1.3060e+00 +2.3147e-01 -2.7487e-01
76 0 +3.912652446e+03 +3.919392446e+03 +3.919392446e+03 +1.2854e+00 -6.3029e-01 -1.4342e+00 +2.2966e+00 -1.7396e+00 +3.5898e-01 -8.9004e-01 +1.3414e+00 +1.7255e+00 -2.2257e+00
80 0 +2.715339804e+03 +2.722079804e+03 +2.722079804e+03 +8.8984e-01 +9.7905e-01 -1.1146e+00 -4.8771e-01 -1.5603e+00 -5.4249e-01 -1.3757e+00 -3.2819e-01 -7.5834e-01 -2.1804e+00
88 0 +2.045328050e+03 +2.052068050e+03 +2.052068050e+03 +1.4886e+00 -6.0540e-01 -2.2252e+00 +2.5703e-01 -2.6082e+00 +2.9202e-01 -1.7143e+00 -8.8560e-01 +6.4464e-02 -3.6570e+00
121 0 +1.709927553e+03 +1.716667553e+03 +1.716667553e+03 -1.1962e-01 +6.7843e-01 -3.2987e+00 +1.3445e+00 -3.9443e+00 +2.1695e-01 -2.6310e+00 +1.4206e+00 -2.2715e-01 -2.2963e+00
125 0 +1.433967989e+03 +1.440707989e+03 +1.440707989e+03 -9.5335e-01 +9.8904e-02 -2.7231e+00 +2.2919e+00 -2.7372e+00 +1.1931e-01 -1.4549e+00 +1.8897e+00 -4.4463e-01 -1.9379e+00
301 0 +4.881397752e+02 +4.948797752e+02 +4.948797752e+02 -7.8720e-01 +1.1926e+00 -2.7739e+00 +1.5880e+00 -2.8930e+00 -8.8571e-01 -3.3098e+00 +8.7846e-01 +6.6013e-01 -1.7601e+00
303 0 +3.407315197e+02 +3.474715197e+02 +3.474715197e+02 +1.0157e+00 +1.0759e+00 -1.7980e+00 +1.3777e+00 -4.1894e+00 -4.2404e-01 -2.3254e+00 +3.9222e-01 +1.3203e-01 -1.3302e+00
404 0 +2.655838059e+02 +2.723238059e+02 +2.723238059e+02 +1.0221e+00 +1.6607e+00 -8.0767e-01 +1.6284e+00 -4.1547e+00 -1.3269e+00 -2.2098e+00 -6.4285e-02 +4.8310e-01 -1.2677e+00
476 0 +2.231284431e+02 +2.298684431e+02 +2.298684431e+02 -2.5040e-01 +5.0330e-02 -1.7337e+00 +1.5670e+00 -2.9048e+00 -6.4552e-01 -2.1322e+00 +1.0778e+00 +5.6202e-01 -2.0027e+00
517 0 +2.166014884e+02 +2.233414884e+02 +2.233414884e+02 +4.7425e-01 +4.2335e-01 -2.1084e+00 +1.3378e+00 -3.7996e+00 -1.3940e+00 -1.9447e+00 +1.2020e+00 -5.4331e-01 -3.8189e+00
553 0 +1.820554135e+02 +1.887954135e+02 +1.887954135e+02 -1.7678e-01 +3.8071e-01 -2.3968e+00 +1.3445e+00 -3.2532e+00 -1.0952e+00 -2.2616e+00 +9.2171e-02 -6.8615e-02 -3.6009e+00
565 0 +1.087645240e+02 +1.155045240e+02 +1.155045240e+02 -2.3430e-01 +1.0161e+00 -1.9493e+00 +9.1796e-01 -3.2068e+00 -1.3322e+00 -1.9675e+00 +3.3861e-01 -3.5059e-01 -2.9659e+00
570 0 +9.460334966e+01 +1.013433497e+02 +1.013433497e+02 -5.4040e-01 +1.2977e+00 -1.5414e+00 +1.1332e+00 -2.9262e+00 -7.4231e-01 -2.3075e+00 +1.3799e-01 -5.8929e-01 -3.0473e+00
655 0 +8.838901821e+01 +9.512901821e+01 +9.512901821e+01 +4.7540e-01 +1.0985e-01 -1.7988e+00 +1.1258e+00 -3.4979e+00 -1.3013e+00 -2.1538e+00 +5.3575e-01 -3.1532e-01 -3.0105e+00
756 0 +7.065383216e+01 +7.739383216e+01 +7.739383216e+01 -1.6560e-01 +3.2862e-01 -1.2558e+00 +1.5766e+00 -3.7748e+00 -1.3655e+00 -2.6499e+00 +2.8921e-01 -4.9812e-01 -2.9263e+00
758 0 +4.638959700e+01 +5.312959700e+01 +5.312959700e+01 +1.4291e-01 +6.6155e-01 -1.7102e+00 +1.0073e+00 -4.1220e+00 -9.6853e-01 -2.3144e+00 +2.8183e-01 -9.5080e-01 -3.1924e+00
851 0 +3.951235492e+01 +4.625235492e+01 +4.625235492e+01 -8.1510e-02 +9.1739e-01 -1.5415e+00 +1.3859e+00 -3.9689e+00 -8.1548e-01 -2.2573e+00 +1.2801e-01 -3.5264e-01 -3.1952e+00
861 0 +3.204576086e+01 +3.878576086e+01 +3.878576086e+01 -1.1104e-01 +4.7648e-01 -1.5816e+00 +1.3240e+00 -3.6476e+00 -1.0297e+00 -2.4730e+00 +5.8591e-01 -4.7862e-01 -3.2030e+00
922 0 +2.603537633e+01 +3.277537633e+01 +3.277537633e+01 -4.6474e-02 +6.2954e-01 -1.6117e+00 +1.0650e+00 -3.7581e+00 -1.4165e+00 -2.3397e+00 +4.3153e-01 -6.4833e-01 -3.3232e+00
1011 0 +2.082394451e+01 +2.756394451e+01 +2.756394451e+01 -8.3582e-02 +7.7736e-01 -1.6018e+00 +1.3369e+00 -3.6455e+00 -1.2378e+00 -2.4837e+00 +2.7593e-01 -7.6727e-01 -3.0430e+00
1054 0 +1.602534464e+01 +2.276534464e+01 +2.276534464e+01 +2.4229e-01 +7.3284e-01 -1.6145e+00 +1.3579e+00 -3.7314e+00 -1.0746e+00 -2.5057e+00 +9.7060e-02 -6.5337e-01 -3.2799e+00
1153 0 +1.331946646e+01 +2.005946646e+01 +2.005946646e+01 +2.1184e-01 +7.3718e-01 -1.7388e+00 +1.2437e+00 -3.8118e+00 -1.1925e+00 -2.3841e+00 +3.8789e-01 -5.6673e-01 -3.1868e+00
1203 0 +1.253449824e+01 +1.927449824e+01 +1.927449824e+01 +4.9172e-01 +8.0029e-01 -1.7271e+00 +1.2290e+00 -3.8688e+00 -1.1847e+00 -2.3565e+00 +3.4038e-01 -6.4406e-01 -3.3603e+00
1206 0 +1.225089827e+01 +1.899089827e+01 +1.899089827e+01 +2.4692e-01 +6.7902e-01 -1.8073e+00 +1.2092e+00 -3.7520e+00 -1.1268e+00 -2.5317e+00 +2.4241e-01 -6.6596e-01 -3.3859e+00
1352 0 +1.222301932e+01 +1.896301932e+01 +1.896301932e+01 +1.4849e-01 +7.2233e-01 -1.7221e+00 +1.1394e+00 -3.7446e+00 -1.1354e+00 -2.3343e+00 +3.4466e-01 -5.6241e-01 -3.2952e+00
1353 0 +1.119957530e+01 +1.793957530e+01 +1.793957530e+01 +2.6033e-01 +6.9877e-01 -1.8003e+00 +1.1548e+00 -3.7703e+00 -1.1861e+00 -2.3479e+00 +2.1574e-01 -5.5654e-01 -3.2649e+00
1402 0 +1.106424719e+01 +1.780424719e+01 +1.780424719e+01 +2.1843e-01 +5.9654e-01 -1.8424e+00 +1.2576e+00 -3.7806e+00 -1.1830e+00 -2.4094e+00 +2.0620e-01 -6.1098e-01 -3.3389e+00
1443 0 +1.097136744e+01 +1.771136744e+01 +1.771136744e+01 +4.3387e-01 +7.3530e-01 -1.6626e+00 +1.2308e+00 -3.6738e+00 -1.0472e+00 -2.4814e+00 +2.4605e-01 -6.0644e-01 -3.3205e+00
1454 0 +1.060510341e+01 +1.734510341e+01 +1.734510341e+01 +3.7170e-01 +6.6556e-01 -1.7755e+00 +1.2311e+00 -3.7145e+00 -1.2748e+00 -2.4739e+00 +2.4665e-01 -5.7319e-01 -3.2838e+00
1456 0 +9.793412808e+00 +1.653341281e+01 +1.653341281e+01 +3.3966e-01 +6.5338e-01 -1.7840e+00 +1.2623e+00 -3.6524e+00 -1.1376e+00 -2.3689e+00 +2.4130e-01 -5.8038e-01 -3.2843e+00
1514 0 +9.560053594e+00 +1.630005359e+01 +1.630005359e+01 +2.7003e-01 +6.1990e-01 -1.6839e+00 +1.2425e+00 -3.7418e+00 -1.1203e+00 -2.3948e+00 +2.8040e-01 -6.1163e-01 -3.2953e+00
1551 0 +9.104585769e+00 +1.584458577e+01 +1.584458577e+01 +3.9162e-01 +6.9368e-01 -1.7496e+00 +1.1872e+00 -3.6920e+00 -1.1659e+00 -2.4360e+00 +2.5241e-01 -5.6141e-01 -3.2614e+00
1652 0 +9.094324282e+00 +1.583432428e+01 +1.583432428e+01 +4.1429e-01 +6.8019e-01 -1.7900e+00 +1.2249e+00 -3.7445e+00 -1.1762e+00 -2.3792e+00 +2.5519e-01 -5.7603e-01 -3.2902e+00
1660 0 +8.869613734e+00 +1.560961373e+01 +1.560961373e+01 +4.1885e-01 +6.8058e-01 -1.7557e+00 +1.1845e+00 -3.7223e+00 -1.1807e+00 -2.4270e+00 +2.3486e-01 -5.9921e-01 -3.2904e+00
1704 0 +8.789162213e+00 +1.552916221e+01 +1.552916221e+01 +4.4314e-01 +7.1792e-01 -1.7158e+00 +1.2532e+00 -3.7056e+00 -1.1394e+00 -2.3934e+00 +2.9010e-01 -6.3479e-01 -3.2817e+00
1711 0 +8.717629352e+00 +1.545762935e+01 +1.545762935e+01 +3.7691e-01 +6.8320e-01 -1.7547e+00 +1.2533e+00 -3.7183e+00 -1.1802e+00 -2.4078e+00 +2.6824e-01 -5.9030e-01 -3.2604e+00
1756 0 +8.621574783e+00 +1.536157478e+01 +1.536157478e+01 +4.1363e-01 +7.1078e-01 -1.7521e+00 +1.2456e+00 -3.7297e+00 -1.1896e+00 -2.4129e+00 +2.0956e-01 -6.0373e-01 -3.2784e+00
1827 0 +8.575239413e+00 +1.531523941e+01 +1.531523941e+01 +4.3358e-01 +7.4286e-01 -1.7679e+00 +1.2359e+00 -3.7091e+00 -1.1637e+00 -2.4136e+00 +2.4725e-01 -5.9325e-01 -3.2652e+00
1851 0 +8.449241673e+00 +1.518924167e+01 +1.518924167e+01 +4.5661e-01 +7.1104e-01 -1.7497e+00 +1.2490e+00 -3.7302e+00 -1.1556e+00 -2.4521e+00 +2.5179e-01 -6.0607e-01 -3.2847e+00
1856 0 +8.412114379e+00 +1.515211438e+01 +1.515211438e+01 +4.3822e-01 +7.2646e-01 -1.7245e+00 +1.2560e+00 -3.7426e+00 -1.1480e+00 -2.4026e+00 +2.3270e-01 -6.1139e-01 -3.2833e+00
1901 0 +8.400579964e+00 +1.514057996e+01 +1.514057996e+01 +5.0722e-01 +7.5900e-01 -1.7660e+00 +1.2515e+00 -3.7345e+00 -1.1744e+00 -2.4194e+00 +2.3416e-01 -6.1708e-01 -3.2542e+00
2003 0 +8.323241387e+00 +1.506324139e+01 +1.506324139e+01 +5.4040e-01 +7.9885e-01 -1.6946e+00 +1.2612e+00 -3.7135e+00 -1.1641e+00 -2.4105e+00 +2.4266e-01 -6.1758e-01 -3.3228e+00
2017 0 +8.314433355e+00 +1.505443336e+01 +1.505443336e+01 +5.2710e-01 +8.0087e-01 -1.7181e+00 +1.2305e+00 -3.7471e+00 -1.1428e+00 -2.4293e+00 +2.5035e-01 -6.4835e-01 -3.2805e+00
2055 0 +8.307274481e+00 +1.504727448e+01 +1.504727448e+01 +5.2555e-01 +7.7453e-01 -1.6975e+00 +1.2649e+00 -3.7494e+00 -1.1535e+00 -2.4463e+00 +2.5471e-01 -6.0959e-01 -3.2851e+00
2095 0 +8.114330417e+00 +1.485433042e+01 +1.485433042e+01 +5.8999e-01 +7.9582e-01 -1.7323e+00 +1.2466e+00 -3.7157e+00 -1.1524e+00 -2.4060e+00 +2.6015e-01 -5.9475e-01 -3.2893e+00
2163 0 +7.906858057e+00 +1.464685806e+01 +1.464685806e+01 +7.0013e-01 +9.0199e-01 -1.6778e+00 +1.2343e+00 -3.7370e+00 -1.1254e+00 -2.4340e+00 +2.3897e-01 -6.3021e-01 -3.3121e+00
2214 0 +7.804055644e+00 +1.454405564e+01 +1.454405564e+01 +7.0923e-01 +9.4435e-01 -1.6659e+00 +1.2581e+00 -3.7596e+00 -1.1862e+00 -2.4484e+00 +2.5672e-01 -6.2231e-01 -3.2630e+00
2302 0 +7.674830471e+00 +1.441483047e+01 +1.441483047e+01 +6.8212e-01 +9.2069e-01 -1.6663e+00 +1.2226e+00 -3.7168e+00 -1.1648e+00 -2.4126e+00 +2.5725e-01 -5.9383e-01 -3.2939e+00
2399 0 +7.631085394e+00 +1.437108539e+01 +1.437108539e+01 +7.7791e-01 +9.7624e-01 -1.6553e+00 +1.2411e+00 -3.7168e+00 -1.1373e+00 -2.4093e+00 +2.3498e-01 -6.2590e-01 -3.2900e+00
2409 0 +7.135791766e+00 +1.387579177e+01 +1.387579177e+01 +8.1960e-01 +1.0651e+00 -1.5933e+00 +1.2726e+00 -3.7218e+00 -1.1535e+00 -2.4293e+00 +2.5463e-01 -5.9963e-01 -3.2768e+00
% f evaluations | g evaluations | best noise-free fitness - Fopt (-1.897900000000e+02) + sum g_i+ | measured fitness | best measured fitness or single-digit g-values | x1 | x2...
1 0 +2.516356139e+04 +2.497377139e+04 +2.497377139e+04 +5.9671e-01 -3.8264e-02 +7.4769e-01 +1.6230e+00 -1.3415e-01 -1.3414e-01 +1.6792e+00 +8.6743e-01 -3.6947e-01 +6.4256e-01
2 0 +1.570363304e+04 +1.551384304e+04 +1.551384304e+04 -3.6342e-01 -3.6573e-01 +3.4196e-01 -1.8133e+00 -1.6249e+00 -4.6229e-01 -9.1283e-01 +4.1425e-01 -8.0802e-01 -1.3123e+00
5 0 +1.561527317e+04 +1.542548317e+04 +1.542548317e+04 +8.3847e-01 +2.7137e-01 -1.5648e-02 -2.0110e-01 -1.3785e+00 -6.1984e-01 -3.6064e-01 +1.1571e+00 +4.4362e-01 -1.6630e+00
7 0 +8.191637863e+03 +8.001847863e+03 +8.001847863e+03 -3.7917e-01 -8.5659e-02 -1.0063e+00 -1.0962e+00 +9.1253e-01 +1.4562e+00 +2.7990e-02 +1.1035e+00 +4.6164e-01 -5.4512e-01
9 0 +6.254297830e+03 +6.064507830e+03 +6.064507830e+03 -1.1967e-01 +4.5711e-01 +1.5779e+00 -4.1827e-01 -7.0849e-01 -4.0176e-01 +1.0154e+00 +4.2875e-01 -4.2976e-01 +6.1327e-01
17 0 +6.668589915e+02 +4.770689915e+02 +4.770689915e+02 -8.7468e-01 +8.8708e-01 +1.2586e+00 -7.2068e-01 +1.0634e+00 +5.1278e-01 +9.2206e-01 +1.9968e+00 -1.4539e-01 -6.5374e-01
353 0 +5.278090150e+02 +3.380190150e+02 +3.380190150e+02 -2.2071e+00 +2.1539e+00 +1.0192e+00 -2.0203e+00 +9.7055e-01 -2.7949e-01 +9.1164e-01 +1.6930e+00 +9.6901e-01 -4.2550e-02
378 0 +2.597103024e+02 +6.992030242e+01 +6.992030242e+01 -1.8641e+00 +5.1748e-01 +2.2172e+00 -9.5950e-01 +1.1299e+00 +7.4973e-01 +1.0215e+00 +2.6692e+00 +2.1730e+00 -5.5532e-01
410 0 +1.281522608e+02 -6.163773917e+01 -6.163773917e+01 -2.2324e+00 +1.5584e+00 +1.8220e+00 -2.5496e+00 +1.6886e+00 +5.4196e-01 +7.6827e-01 +2.2672e+00 +1.4194e+00 -7.2067e-01
466 0 +1.226215384e+02 -6.716846162e+01 -6.716846162e+01 -1.6287e+00 +1.4680e+00 +2.0864e+00 -1.8369e+00 +4.2242e-01 +1.0297e+00 +1.0299e+00 +1.6933e+00 +1.3475e+00 -1.4412e+00
507 0 +8.560473882e+01 -1.041852612e+02 -1.041852612e+02 -1.5707e+00 +1.3165e+00 +1.7388e+00 -1.9340e+00 +1.0760e+00 +1.4693e-02 +9.9985e-01 +2.3472e+00 +1.0840e+00 -8.8592e-01
556 0 +7.342334050e+01 -1.163666595e+02 -1.163666595e+02 -1.3691e+00 +1.0608e+00 +1.7970e+00 -1.8112e+00 +7.5681e-01 +3.2829e-01 +4.1108e-01 +2.2326e+00 +9.6009e-01 -1.7407e+00
603 0 +6.500864065e+01 -1.247813593e+02 -1.247813593e+02 -9.2329e-01 +1.5132e+00 +1.5607e+00 -1.7412e+00 +1.3041e+00 +6.1497e-01 +5.7596e-01 +2.0432e+00 +1.0588e+00 -1.8104e+00
701 0 +5.754882685e+01 -1.322411732e+02 -1.322411732e+02 -1.3409e+00 +1.5816e+00 +1.4129e+00 -1.8671e+00 +1.3029e+00 +3.8128e-01 +1.0643e+00 +1.8533e+00 +1.1155e+00 -1.6073e+00
715 0 +5.089978353e+01 -1.388902165e+02 -1.388902165e+02 -1.1880e+00 +1.9189e+00 +2.1357e+00 -1.7434e+00 +1.2089e+00 +1.0395e-01 +1.0147e-01 +1.7609e+00 +9.3004e-01 -1.4013e+00
762 0 +4.196991810e+01 -1.478200819e+02 -1.478200819e+02 -1.7037e+00 +1.5718e+00 +1.9460e+00 -1.6629e+00 +1.1468e+00 +3.4062e-01 +4.9873e-01 +1.9924e+00 +8.3379e-01 -1.1337e+00
808 0 +3.904098519e+01 -1.507490148e+02 -1.507490148e+02 -1.9119e+00 +1.4408e+00 +2.0464e+00 -1.7435e+00 +1.2667e+00 +1.6585e-01 +6.9789e-01 +1.5710e+00 +1.1600e+00 -1.6704e+00
810 0 +2.591152172e+01 -1.638784783e+02 -1.638784783e+02 -1.8932e+00 +1.2183e+00 +1.5421e+00 -1.9494e+00 +1.1694e+00 +4.6062e-01 +7.5144e-01 +1.8427e+00 +1.0597e+00 -1.6323e+00
909 0 +2.370015301e+01 -1.660898470e+02 -1.660898470e+02 -1.3863e+00 +1.5652e+00 +1.6883e+00 -1.9860e+00 +1.2022e+00 +1.6326e-01 +4.2181e-01 +1.9244e+00 +1.3392e+00 -1.6013e+00
925 0 +1.662672683e+01 -1.731632732e+02 -1.731632732e+02 -1.1579e+00 +1.4491e+00 +1.6421e+00 -1.9614e+00 +1.3184e+00 +1.7253e-01 +5.6519e-01 +1.8354e+00 +1.2013e+00 -1.4350e+00
1006 0 +1.564886399e+01 -1.741411360e+02 -1.741411360e+02 -1.7327e+00 +1.1941e+00 +1.7871e+00 -1.9397e+00 +1.2251e+00 +8.0207e-02 +5.8967e-01 +1.7810e+00 +1.1318e+00 -1.5223e+00
1052 0 +1.244179320e+01 -1.773482068e+02 -1.773482068e+02 -1.6179e+00 +1.4070e+00 +1.6763e+00 -1.8195e+00 +1.1557e+00 +3.1262e-01 +6.1377e-01 +1.9403e+00 +1.1055e+00 -1.5773e+00
1151 0 +1.157911545e+01 -1.782108846e+02 -1.782108846e+02 -1.8147e+00 +1.3636e+00 +1.6888e+00 -1.7381e+00 +1.1553e+00 +2.4030e-01 +6.5186e-01 +1.8318e+00 +1.1067e+00 -1.5090e+00
1221 0 +1.069764794e+01 -1.790923521e+02 -1.790923521e+02 -1.6979e+00 +1.3370e+00 +1.7382e+00 -1.8827e+00 +1.1408e+00 +2.0998e-01 +5.5163e-01 +1.8061e+00 +1.0502e+00 -1.4837e+00
1231 0 +1.069028867e+01 -1.790997113e+02 -1.790997113e+02 -1.4148e+00 +1.3472e+00 +1.6668e+00 -1.7647e+00 +1.2168e+00 +2.6410e-01 +6.0384e-01 +1.9180e+00 +1.1629e+00 -1.5231e+00
1264 0 +1.016915782e+01 -1.796208422e+02 -1.796208422e+02 -1.6960e+00 +1.2934e+00 +1.7497e+00 -1.7944e+00 +1.2353e+00 +1.9248e-01 +5.6960e-01 +1.8000e+00 +1.0798e+00 -1.4601e+00
1270 0 +9.976679525e+00 -1.798133205e+02 -1.798133205e+02 -1.5404e+00 +1.3065e+00 +1.6585e+00 -1.8497e+00 +1.2982e+00 +1.8524e-01 +5.6719e-01 +1.8516e+00 +1.1031e+00 -1.4706e+00
1303 0 +9.674188812e+00 -1.801158112e+02 -1.801158112e+02 -1.4112e+00 +1.3916e+00 +1.6578e+00 -1.8407e+00 +1.1332e+00 +2.7094e-01 +5.4050e-01 +1.8568e+00 +1.0377e+00 -1.5123e+00
1313 0 +9.640603233e+00 -1.801493968e+02 -1.801493968e+02 -1.8466e+00 +1.3485e+00 +1.6736e+00 -1.8011e+00 +1.1891e+00 +1.8459e-01 +5.2272e-01 +1.8941e+00 +1.0435e+00 -1.4935e+00
1316 0 +9.568615002e+00 -1.802213850e+02 -1.802213850e+02 -1.4498e+00 +1.3820e+00 +1.6931e+00 -1.7802e+00 +1.2622e+00 +1.5705e-01 +5.4115e-01 +1.7977e+00 +1.0572e+00 -1.4513e+00
1382 0 +9.481812811e+00 -1.803081872e+02 -1.803081872e+02 -1.5624e+00 +1.3222e+00 +1.6531e+00 -1.7376e+00 +1.1950e+00 +1.8176e-01 +5.3171e-01 +1.8060e+00 +1.1034e+00 -1.4941e+00
1386 0 +9.118423342e+00 -1.806715767e+02 -1.806715767e+02 -1.5038e+00 +1.3056e+00 +1.6906e+00 -1.7980e+00 +1.2165e+00 +2.1058e-01 +5.7408e-01 +1.8742e+00 +1.0877e+00 -1.5197e+00
1459 0 +9.002271583e+00 -1.807877284e+02 -1.807877284e+02 -1.3949e+00 +1.4700e+00 +1.6740e+00 -1.7943e+00 +1.1986e+00 +1.5094e-01 +5.0312e-01 +1.7985e+00 +1.0706e+00 -1.5073e+00
1492 0 +8.215826577e+00 -1.815741734e+02 -1.815741734e+02 -1.3052e+00 +1.4834e+00 +1.7028e+00 -1.8035e+00 +1.2202e+00 +1.5111e-01 +5.5822e-01 +1.8664e+00 +1.1138e+00 -1.5141e+00
1553 0 +8.109744617e+00 -1.816802554e+02 -1.816802554e+02 -1.2623e+00 +1.5399e+00 +1.7295e+00 -1.8094e+00 +1.1936e+00 +1.8836e-01 +5.4093e-01 +1.8949e+00 +1.1391e+00 -1.5088e+00
1598 0 +8.036734823e+00 -1.817532652e+02 -1.817532652e+02 -1.1985e+00 +1.6091e+00 +1.7849e+00 -1.8322e+00 +1.1967e+00 +1.9937e-01 +5.7538e-01 +1.8968e+00 +1.1150e+00 -1.5275e+00
1714 0 +7.903609062e+00 -1.818863909e+02 -1.818863909e+02 -1.0940e+00 +1.7019e+00 +1.8138e+00 -1.7827e+00 +1.2524e+00 +1.4729e-01 +5.1002e-01 +1.8908e+00 +1.1055e+00 -1.4954e+00
1801 0 +7.540614284e+00 -1.822493857e+02 -1.822493857e+02 -1.0946e+00 +1.7072e+00 +1.8466e+00 -1.7863e+00 +1.1943e+00 +1.5245e-01 +5.7574e-01 +1.8717e+00 +1.1164e+00 -1.5250e+00
1855 0 +7.483772624e+00 -1.823062274e+02 -1.823062274e+02 -1.0833e+00 +1.7039e+00 +1.8636e+00 -1.7809e+00 +1.2230e+00 +2.1157e-01 +5.5600e-01 +1.8657e+00 +1.1203e+00 -1.4940e+00
1905 0 +7.473651277e+00 -1.823163487e+02 -1.823163487e+02 -1.1159e+00 +1.6807e+00 +1.8476e+00 -1.7783e+00 +1.1748e+00 +1.7392e-01 +5.5878e-01 +1.8467e+00 +1.0922e+00 -1.4759e+00
1951 0 +7.419846516e+00 -1.823701535e+02 -1.823701535e+02 -1.0993e+00 +1.7363e+00 +1.8678e+00 -1.7745e+00 +1.1908e+00 +2.1133e-01 +5.5149e-01 +1.9072e+00 +1.0872e+00 -1.4745e+00
1955 0 +6.796955657e+00 -1.829930443e+02 -1.829930443e+02 -1.0313e+00 +1.8308e+00 +1.9543e+00 -1.7399e+00 +1.2139e+00 +2.0419e-01 +5.2197e-01 +1.8374e+00 +1.0850e+00 -1.4812e+00
2101 0 +6.690392941e+00 -1.830996071e+02 -1.830996071e+02 -9.8871e-01 +1.8804e+00 +1.9588e+00 -1.7123e+00 +1.1992e+00 +1.9601e-01 +5.4167e-01 +1.8659e+00 +1.1035e+00 -1.4794e+00
2114 0 +6.625115284e+00 -1.831648847e+02 -1.831648847e+02 -9.8596e-01 +1.9034e+00 +2.0193e+00 -1.6922e+00 +1.1942e+00 +1.9641e-01 +5.3905e-01 +1.8470e+00 +1.0485e+00 -1.5018e+00
2163 0 +6.560304073e+00 -1.832296959e+02 -1.832296959e+02 -9.4441e-01 +1.9222e+00 +2.0314e+00 -1.6951e+00 +1.2182e+00 +1.6468e-01 +5.5825e-01 +1.8667e+00 +1.0959e+00 -1.5353e+00
2202 0 +6.535603576e+00 -1.832543964e+02 -1.832543964e+02 -9.6688e-01 +1.9169e+00 +2.0395e+00 -1.6980e+00 +1.2072e+00 +2.1734e-01 +5.3574e-01 +1.8309e+00 +1.0697e+00 -1.5167e+00
2304 0 +6.533704453e+00 -1.832562955e+02 -1.832562955e+02 -9.7211e-01 +1.8948e+00 +2.0059e+00 -1.6712e+00 +1.2017e+00 +1.8869e-01 +5.2400e-01 +1.8734e+00 +1.0887e+00 -1.5145e+00
2332 0 +6.459653059e+00 -1.833303469e+02 -1.833303469e+02 -9.4248e-01 +1.9278e+00 +2.0481e+00 -1.6615e+00 +1.2048e+00 +1.6312e-01 +5.2194e-01 +1.8290e+00 +1.0864e+00 -1.4763e+00
2352 0 +6.311553391e+00 -1.834784466e+02 -1.834784466e+02 -9.6376e-01 +1.9060e+00 +2.0420e+00 -1.6656e+00 +1.2335e+00 +1.8691e-01 +5.5058e-01 +1.8430e+00 +1.0994e+00 -1.5081e+00
2461 0 +6.221404995e+00 -1.835685950e+02 -1.835685950e+02 -9.2684e-01 +1.9636e+00 +2.0649e+00 -1.6638e+00 +1.2189e+00 +2.0002e-01 +5.4324e-01 +1.8500e+00 +1.0892e+00 -1.5124e+00
% f evaluations | g evaluations | best noise-free fitness - Fopt (-2.774000000000e+01) + sum g_i+ | measured fitness | best measured fitness or single-digit g-values | x1 | x2...
1 0 +3.209026303e+04 +3.206252303e+04 +3.206252303e+04 +5.9671e-01 -3.8264e-02 +7.4769e-01 +1.6230e+00 -1.3415e-01 -1.3414e-01 +1.6792e+00 +8.6743e-01 -3.6947e-01 +6.4256e-01
2 0 +2.390741275e+04 +2.387967275e+04 +2.387967275e+04 -3.6342e-01 -3.6573e-01 +3.4196e-01 -1.8133e+00 -1.6249e+00 -4.6229e-01 -9.1283e-01 +4.1425e-01 -8.0802e-01 -1.3123e+00
3 0 +2.347748546e+04 +2.344974546e+04 +2.344974546e+04 +1.5656e+00 -1.2578e-01 +1.6753e-01 -1.3247e+00 -4.4438e-01 +2.1092e-01 -1.0510e+00 +4.7570e-01 -5.0064e-01 -1.9169e-01
18 0 +1.982049038e+04 +1.979275038e+04 +1.979275038e+04 -7.8951e-01 -7.1581e-01 +2.2898e-02 +4.4115e-01 +3.7669e-01 +9.2718e-01 +1.1300e-01 +1.5535e+00 -1.6466e-01 +2.8202e+00
19 0 +1.323566730e+04 +1.320792730e+04 +1.320792730e+04 +7.2567e-01 -7.5716e-01 -9.7089e-01 +5.8247e-01 -1.2346e-01 +8.1400e-01 +5.7324e-01 +2.7171e-02 -7.4679e-01 -1.4148e+00
44 0 +8.137299885e+03 +8.109559885e+03 +8.109559885e+03 -1.0833e+00 -1.9392e+00 -1.6941e-01 +8.1754e-01 +1.6024e+00 +1.7409e-01 +1.7286e+00 -1.2801e+00 -1.6034e+00 +4.4452e-02
51 0 +6.365338216e+03 +6.337598216e+03 +6.337598216e+03 +4.9753e-01 -3.1990e+00 -1.8686e+00 +7.1735e-01 +1.4612e+00 +5.3058e-01 +6.3820e-01 +1.2382e+00 -2.5516e+00 +1.2214e+00
57 0 +4.654906618e+03 +4.627166618e+03 +4.627166618e+03 +2.4552e-01 -1.8771e+00 -5.2219e-01 +3.2638e-01 +1.8202e+00 +4.0595e-01 +7.3226e-01 +3.7423e-01 -1.7268e+00 -1.3498e-01
104 0 +3.224327130e+03 +3.196587130e+03 +3.196587130e+03 +3.9972e-01 -3.3073e+00 -8.7009e-01 -1.2283e+00 -1.1094e+00 +6.5030e-01 +1.6307e-01 +8.6755e-02 -2.2792e+00 -1.4456e+00
105 0 +2.136195220e+03 +2.108455220e+03 +2.108455220e+03 +1.1741e+00 -2.0437e+00 -1.7580e+00 +5.7020e-01 -8.7891e-01 -1.3773e+00 -6.1740e-01 -2.1769e-01 -2.7723e+00 -6.6915e-01
161 0 +1.424215730e+03 +1.396475730e+03 +1.396475730e+03 -5.6072e-01 -4.0203e+00 -3.3621e+00 +4.2769e-01 -3.6814e-01 +2.0802e-01 -5.3826e-01 -2.6843e+00 -3.1329e+00 -1.1721e+00
205 0 +1.260480650e+03 +1.232740650e+03 +1.232740650e+03 +6.5829e-02 -3.3950e+00 -3.9361e+00 -5.4761e-01 -1.4464e+00 +7.0743e-01 -5.0032e-01 -8.0414e-02 -1.1713e+00 +4.1614e+00
308 0 +5.613898410e+02 +5.336498410e+02 +5.336498410e+02 -3.3845e-01 -3.4461e+00 -3.8580e+00 -4.0583e-01 -2.9021e-02 -1.5784e+00 -8.2654e-01 -6.7675e-01 -2.3335e+00 +1.9320e+00
353 0 +5.119840548e+02 +4.842440548e+02 +4.842440548e+02 +7.9764e-01 -3.6019e+00 -3.0877e+00 -4.0598e-01 -7.6389e-01 -9.6233e-01 -1.4353e+00 -7.9520e-01 -2.6069e+00 +1.2949e+00
367 0 +2.269291578e+02 +1.991891578e+02 +1.991891578e+02 -2.4808e-01 -3.3651e+00 -2.0895e+00 -1.0531e+00 -2.4967e-01 -1.4557e+00 +2.5990e-01 -1.6101e+00 -4.1199e+00 +1.8952e-01
404 0 +1.505858375e+02 +1.228458375e+02 +1.228458375e+02 -4.0844e-01 -3.4921e+00 -2.7727e+00 -1.5864e+00 -2.9816e-01 +6.3633e-02 -5.0746e-01 -1.2224e+00 -3.6484e+00 -4.1998e-01
562 0 +1.265432426e+02 +9.880324259e+01 +9.880324259e+01 -5.0609e-01 -3.7815e+00 -2.8739e+00 -1.0326e+00 +8.4836e-02 -3.7964e-01 -9.4839e-01 -1.2039e+00 -3.3425e+00 -3.5377e-01
658 0 +9.384314413e+01 +6.610314413e+01 +6.610314413e+01 -4.9852e-01 -3.1522e+00 -2.7521e+00 -6.5934e-01 -2.2577e-01 -9.3888e-01 -1.9924e-02 -1.0105e+00 -3.5430e+00 +8.7984e-02
702 0 +7.597427438e+01 +4.823427438e+01 +4.823427438e+01 -3.3823e-01 -3.0101e+00 -2.5251e+00 -1.1077e+00 -2.8646e-01 -8.2852e-01 -1.6992e-01 -9.9960e-01 -2.9507e+00 +2.9466e-01
706 0 +5.267441725e+01 +2.493441725e+01 +2.493441725e+01 -7.9018e-01 -3.3644e+00 -2.7132e+00 -1.3475e+00 -3.9350e-01 -8.3224e-01 -6.0355e-01 -1.2741e+00 -3.7869e+00 +4.7450e-01
765 0 +2.847392541e+01 +7.339254091e-01 +7.339254091e-01 -2.2897e-02 -3.4654e+00 -2.7500e+00 -1.0578e+00 -4.6719e-01 -8.8356e-01 -6.9261e-01 -1.5864e+00 -3.5554e+00 +2.4411e-01
852 0 +1.818451568e+01 -9.555484321e+00 -9.555484321e+00 -3.7574e-02 -3.3435e+00 -2.6941e+00 -9.7741e-01 -5.4341e-01 -5.3702e-01 -5.1207e-01 -1.4590e+00 -3.3975e+00 +2.6861e-01
1005 0 +1.787438310e+01 -9.865616901e+00 -9.865616901e+00 -1.0759e-01 -3.2536e+00 -2.6437e+00 -1.0523e+00 -3.1616e-01 -7.9846e-01 -3.8932e-01 -1.5217e+00 -3.4902e+00 +3.1363e-01
1051 0 +1.770344767e+01 -1.003655233e+01 -1.003655233e+01 -2.2901e-01 -3.4101e+00 -2.5114e+00 -1.0294e+00 -4.5748e-01 -6.5798e-01 -5.0368e-01 -1.4962e+00 -3.5321e+00 +3.8843e-01
1053 0 +1.569866736e+01 -1.204133264e+01 -1.204133264e+01 -5.2068e-03 -3.4064e+00 -2.7175e+00 -1.2047e+00 -2.9361e-01 -6.9247e-01 -5.9657e-01 -1.4532e+00 -3.5424e+00 +2.4727e-01
1103 0 +1.477567464e+01 -1.296432536e+01 -1.296432536e+01 -6.5391e-02 -3.2923e+00 -2.6625e+00 -1.0853e+00 -2.7045e-01 -6.4021e-01 -5.4507e-01 -1.7294e+00 -3.4257e+00 +3.6779e-01
1105 0 +1.382185878e+01 -1.391814122e+01 -1.391814122e+01 +4.3992e-02 -3.3214e+00 -2.5704e+00 -1.0844e+00 -3.3859e-01 -5.5171e-01 -5.7960e-01 -1.5125e+00 -3.5374e+00 +8.5786e-02
1118 0 +1.304662934e+01 -1.469337066e+01 -1.469337066e+01 +1.4843e-01 -3.2004e+00 -2.6926e+00 -1.1980e+00 -3.7618e-01 -5.4645e-01 -6.7612e-01 -1.4647e+00 -3.4796e+00 +3.4360e-01
1155 0 +1.000645603e+01 -1.773354397e+01 -1.773354397e+01 -9.5991e-02 -3.3662e+00 -2.6931e+00 -1.0573e+00 -3.5829e-01 -6.4905e-01 -5.3970e-01 -1.5758e+00 -3.5544e+00 +2.3708e-01
1301 0 +9.516583257e+00 -1.822341674e+01 -1.822341674e+01 -6.0815e-02 -3.3170e+00 -2.6630e+00 -1.1117e+00 -4.4018e-01 -5.4806e-01 -4.9739e-01 -1.5976e+00 -3.5395e+00 +1.6183e-01
1315 0 +9.063285524e+00 -1.867671448e+01 -1.867671448e+01 +7.9578e-02 -3.1712e+00 -2.6994e+00 -1.1079e+00 -3.6997e-01 -5.7834e-01 -5.0549e-01 -1.6281e+00 -3.5723e+00 +2.9346e-01
1354 0 +8.905391822e+00 -1.883460818e+01 -1.883460818e+01 +1.3212e-01 -3.1616e+00 -2.6575e+00 -1.1068e+00 -4.2421e-01 -5.5456e-01 -5.1736e-01 -1.6160e+00 -3.6300e+00 +2.8030e-01
1362 0 +8.556666573e+00 -1.918333343e+01 -1.918333343e+01 +5.8270e-02 -3.1747e+00 -2.6511e+00 -1.1473e+00 -3.9854e-01 -6.2043e-01 -5.2959e-01 -1.5981e+00 -3.5172e+00 +2.3416e-01
1454 0 +8.528639708e+00 -1.921136029e+01 -1.921136029e+01 +1.0324e-01 -3.1800e+00 -2.6554e+00 -1.1261e+00 -4.4170e-01 -5.8495e-01 -5.6722e-01 -1.6573e+00 -3.5607e+00 +2.0229e-01
1501 0 +8.384699563e+00 -1.935530044e+01 -1.935530044e+01 +7.3856e-02 -3.1843e+00 -2.6654e+00 -1.1673e+00 -4.1799e-01 -5.8826e-01 -5.6837e-01 -1.6336e+00 -3.5301e+00 +2.1087e-01
1566 0 +8.273034369e+00 -1.946696563e+01 -1.946696563e+01 +6.4686e-02 -3.1902e+00 -2.6139e+00 -1.1419e+00 -3.8399e-01 -5.7514e-01 -5.6451e-01 -1.6187e+00 -3.5566e+00 +2.3656e-01
1602 0 +8.094984108e+00 -1.964501589e+01 -1.964501589e+01 +1.2281e-01 -3.1573e+00 -2.5977e+00 -1.1461e+00 -3.8935e-01 -5.5522e-01 -5.4915e-01 -1.6236e+00 -3.5647e+00 +2.1886e-01
1611 0 +7.952025513e+00 -1.978797449e+01 -1.978797449e+01 +1.6810e-01 -3.0992e+00 -2.6093e+00 -1.1274e+00 -4.0869e-01 -5.8583e-01 -5.1851e-01 -1.6226e+00 -3.5147e+00 +2.5920e-01
1657 0 +7.891781286e+00 -1.984821871e+01 -1.984821871e+01 +2.3068e-01 -3.0349e+00 -2.5724e+00 -1.1522e+00 -4.0640e-01 -5.3818e-01 -5.5232e-01 -1.6294e+00 -3.5027e+00 +2.3435e-01
1801 0 +7.853885035e+00 -1.988611497e+01 -1.988611497e+01 +2.5721e-01 -3.0671e+00 -2.5629e+00 -1.1322e+00 -4.3169e-01 -5.5666e-01 -5.5062e-01 -1.6438e+00 -3.5208e+00 +2.4533e-01
1851 0 +7.667018912e+00 -2.007298109e+01 -2.007298109e+01 +2.5342e-01 -3.0539e+00 -2.5975e+00 -1.1204e+00 -4.1565e-01 -5.5038e-01 -5.1018e-01 -1.6373e+00 -3.5376e+00 +2.3204e-01
1855 0 +7.575778581e+00 -2.016422142e+01 -2.016422142e+01 +2.3316e-01 -3.0652e+00 -2.5609e+00 -1.0912e+00 -3.9742e-01 -5.7752e-01 -5.5159e-01 -1.6115e+00 -3.5396e+00 +2.1227e-01
1907 0 +7.269556775e+00 -2.047044323e+01 -2.047044323e+01 +2.7680e-01 -3.0352e+00 -2.5637e+00 -1.1287e+00 -3.8626e-01 -5.7114e-01 -5.4538e-01 -1.6156e+00 -3.5397e+00 +2.3620e-01
1955 0 +7.200744153e+00 -2.053925585e+01 -2.053925585e+01 +2.9812e-01 -2.9933e+00 -2.5272e+00 -1.1021e+00 -3.9198e-01 -5.6622e-01 -5.6321e-01 -1.6181e+00 -3.5254e+00 +2.2619e-01
2004 0 +7.151169003e+00 -2.058883100e+01 -2.058883100e+01 +2.9119e-01 -2.9837e+00 -2.5207e+00 -1.1103e+00 -3.9751e-01 -5.6776e-01 -5.2949e-01 -1.6110e+00 -3.5309e+00 +2.2898e-01
2018 0 +7.096158003e+00 -2.064384200e+01 -2.064384200e+01 +3.0761e-01 -2.9431e+00 -2.4982e+00 -1.1017e+00 -3.9586e-01 -5.8233e-01 -5.3920e-01 -1.6238e+00 -3.5466e+00 +2.3089e-01
2057 0 +7.077229519e+00 -2.066277048e+01 -2.066277048e+01 +3.3414e-01 -2.9546e+00 -2.4954e+00 -1.0922e+00 -3.6714e-01 -5.7121e-01 -5.4385e-01 -1.5894e+00 -3.5259e+00 +2.2611e-01
2109 0 +6.974957589e+00 -2.076504241e+01 -2.076504241e+01 +4.0934e-01 -2.8410e+00 -2.4416e+00 -1.0702e+00 -3.7504e-01 -5.7982e-01 -5.7394e-01 -1.5862e+00 -3.5406e+00 +2.0958e-01
2124 0 +6.771813524e+00 -2.096818648e+01 -2.096818648e+01 +3.7376e-01 -2.8820e+00 -2.4408e+00 -1.0858e+00 -3.7856e-01 -5.7067e-01 -5.3557e-01 -1.6039e+00 -3.5716e+00 +2.3192e-01
2235 0 +6.751186867e+00 -2.098881313e+01 -2.098881313e+01 +4.1851e-01 -2.8160e+00 -2.3820e+00 -1.0304e+00 -3.4562e-01 -5.6784e-01 -5.3899e-01 -1.5931e+00 -3.5864e+00 +2.5500e-01
2309 0 +6.739706372e+00 -2.100029363e+01 -2.100029363e+01 +4.3505e-01 -2.8214e+00 -2.3792e+00 -1.0534e+00 -3.9268e-01 -5.4198e-01 -5.1391e-01 -1.5971e+00 -3.5663e+00 +2.4994e-01
2317 0 +6.556827392e+00 -2.118317261e+01 -2.118317261e+01 +4.6996e-01 -2.7531e+00 -2.3027e+00 -9.6155e-01 -3.6104e-01 -5.4208e-01 -5.4834e-01 -1.5506e+00 -3.5471e+00 +2.2541e-01
2323 0 +6.505438268e+00 -2.123456173e+01 -2.123456173e+01 +4.6742e-01 -2.7418e+00 -2.2819e+00 -1.0015e+00 -4.0444e-01 -5.9157e-01 -5.4933e-01 -1.6159e+00 -3.5233e+00 +2.6558e-01
2386 0 +6.398631426e+00 -2.134136857e+01 -2.134136857e+01 +4.4568e-01 -2.7914e+00 -2.3460e+00 -1.0218e+00 -3.9344e-01 -5.7449e-01 -5.4562e-01 -1.6010e+00 -3.5243e+00 +2.2294e-01
2405 0 +6.063687773e+00 -2.167631223e+01 -2.167631223e+01 +5.0174e-01 -2.6982e+00 -2.2119e+00 -9.3286e-01 -3.5298e-01 -5.6945e-01 -5.3578e-01 -1.6137e+00 -3.5735e+00 +2.6001e-01
% f evaluations | g evaluations | best noise-free fitness - Fopt (6.930000000000e+00) + sum g_i+ | measured fitness | best measured fitness or single-digit g-values | x1 | x2...
1 0 +1.138242197e+05 +1.138311497e+05 +1.138311497e+05 +5.9671e-01 -3.8264e-02 +7.4769e-01 +1.6230e+00 -1.3415e-01 -1.3414e-01 +1.6792e+00 +8.6743e-01 -3.6947e-01 +6.4256e-01
2 0 +1.025719985e+04 +1.026412985e+04 +1.026412985e+04 -3.6342e-01 -3.6573e-01 +3.4196e-01 -1.8133e+00 -1.6249e+00 -4.6229e-01 -9.1283e-01 +4.1425e-01 -8.0802e-01 -1.3123e+00
24 0 +5.465725667e+03 +5.472655667e+03 +5.472655667e+03 -6.3037e-01 +3.1646e-01 +1.4557e-01 -5.5160e-01 +2.2439e+00 +7.3392e-01 -1.9251e+00 +2.8645e-01 -5.6179e-01 +9.5243e-01
51 0 +3.518769897e+03 +3.525699897e+03 +3.525699897e+03 -2.0319e+00 +1.4229e-01 +4.5328e-01 -3.7375e-01 +6.2919e-01 +1.7716e+00 -1.9177e+00 +7.2389e-02 -1.5192e+00 -7.5169e-01
54 0 +2.271199029e+03 +2.278129029e+03 +2.278129029e+03 -3.3629e-01 +1.3204e+00 -1.9230e-01 -1.7081e+00 +1.4195e+00 +6.1642e-01 -1.8627e+00 +7.7025e-01 -1.9265e+00 -6.5350e-01
64 0 +1.664433245e+03 +1.671363245e+03 +1.671363245e+03 -1.3977e+00 -4.5785e-01 -3.5027e-01 -1.9928e+00 -2.7767e-01 +5.6428e-02 -1.7951e+00 +6.0379e-01 -1.0163e+00 +9.3611e-02
158 0 +6.552558499e+02 +6.621858499e+02 +6.621858499e+02 -3.7824e-01 -5.6232e-01 -1.2990e+00 -2.4144e+00 +2.6187e-01 +9.3012e-01 -4.5529e+00 +3.3511e-02 -1.7937e+00 +4.2604e-02
409 0 +3.426207035e+02 +3.495507035e+02 +3.495507035e+02 -1.2246e+00 +7.2820e-02 -2.0100e+00 -2.3648e+00 +6.1834e-01 +1.2557e+00 -2.9229e+00 +5.9275e-01 -2.3752e+00 +7.7882e-01
451 0 +2.660536570e+02 +2.729836570e+02 +2.729836570e+02 -6.3040e-01 +1.1080e+00 -1.2880e+00 -1.2898e+00 +8.5530e-01 +1.1010e+00 -2.8957e+00 +1.4484e-01 -2.5842e+00 +7.1664e-01
503 0 +4.893844776e+01 +5.586844776e+01 +5.586844776e+01 -8.5384e-01 +1.2160e+00 -1.1215e+00 -1.9203e+00 +4.4666e-01 +1.2345e+00 -3.2689e+00 -1.4582e-01 -2.3757e+00 +5.7542e-02
784 0 +4.631548733e+01 +5.324548733e+01 +5.324548733e+01 -1.7314e+00 +5.9132e-01 -1.8752e+00 -2.4563e+00 -3.6949e-01 +5.2545e-01 -4.1108e+00 -4.6098e-01 -2.2576e+00 +1.7555e-01
807 0 +3.485449792e+01 +4.178449792e+01 +4.178449792e+01 -8.2459e-01 +1.0848e+00 -1.4608e+00 -2.0544e+00 -3.4008e-03 +1.0185e+00 -3.7100e+00 -1.7399e-01 -2.1902e+00 +9.5810e-03
862 0 +2.493085989e+01 +3.186085989e+01 +3.186085989e+01 -1.6926e+00 +4.2575e-01 -1.6653e+00 -2.5234e+00 -1.8575e-01 +8.2219e-01 -3.7376e+00 -5.1006e-01 -2.0472e+00 -6.6816e-02
909 0 +1.944540571e+01 +2.637540571e+01 +2.637540571e+01 -9.5430e-01 +8.8167e-01 -1.5754e+00 -2.2876e+00 -2.7478e-01 +7.7623e-01 -3.9331e+00 -4.0620e-01 -2.2549e+00 +3.5476e-01
955 0 +1.693366893e+01 +2.386366893e+01 +2.386366893e+01 -7.6388e-01 +1.0021e+00 -1.4839e+00 -2.4629e+00 -1.7650e-01 +6.3230e-01 -3.6621e+00 -2.8632e-01 -2.1442e+00 +3.9502e-01
1006 0 +1.469353549e+01 +2.162353549e+01 +2.162353549e+01 -7.8121e-01 +1.0025e+00 -1.5521e+00 -2.5620e+00 -8.3203e-02 +6.7910e-01 -3.8635e+00 -3.9397e-01 -2.1545e+00 +3.3176e-01
1008 0 +1.389744526e+01 +2.082744526e+01 +2.082744526e+01 -1.1002e+00 +5.5865e-01 -1.7349e+00 -2.3815e+00 -1.2248e-01 +6.9431e-01 -3.7970e+00 -2.7664e-01 -2.2729e+00 +2.6679e-01
1104 0 +1.344747448e+01 +2.037747448e+01 +2.037747448e+01 -1.1934e+00 +6.4657e-01 -1.7397e+00 -2.3129e+00 -1.5274e-01 +8.0398e-01 -3.7928e+00 -3.9360e-01 -2.3131e+00 +3.0426e-01
1114 0 +1.220263225e+01 +1.913263225e+01 +1.913263225e+01 -1.2862e+00 +4.5854e-01 -1.6968e+00 -2.3716e+00 +5.1455e-03 +7.0453e-01 -3.7909e+00 -4.1939e-01 -2.1021e+00 +2.1433e-01
1151 0 +1.102125173e+01 +1.795125173e+01 +1.795125173e+01 -1.2248e+00 +6.8986e-01 -1.6906e+00 -2.3771e+00 -1.0921e-01 +8.1184e-01 -3.6839e+00 -4.4878e-01 -2.1258e+00 +1.6848e-01
1163 0 +1.093759323e+01 +1.786759323e+01 +1.786759323e+01 -1.0953e+00 +7.0722e-01 -1.6885e+00 -2.2941e+00 -1.7287e-01 +8.0234e-01 -3.7164e+00 -3.9509e-01 -2.1482e+00 +1.9204e-01
1201 0 +1.005851046e+01 +1.698851046e+01 +1.698851046e+01 -1.0734e+00 +6.7854e-01 -1.6314e+00 -2.4253e+00 -7.0613e-02 +7.3599e-01 -3.6644e+00 -4.7757e-01 -2.1542e+00 +2.1245e-01
1248 0 +1.005801594e+01 +1.698801594e+01 +1.698801594e+01 -9.0301e-01 +8.0860e-01 -1.6052e+00 -2.3765e+00 -1.0549e-01 +8.5207e-01 -3.8658e+00 -4.2179e-01 -2.1719e+00 +1.3697e-01
1255 0 +9.595657464e+00 +1.652565746e+01 +1.652565746e+01 -9.4637e-01 +7.9311e-01 -1.6298e+00 -2.4369e+00 -1.7922e-01 +8.3041e-01 -3.7143e+00 -3.5437e-01 -2.1823e+00 +1.5030e-01
1301 0 +9.178902454e+00 +1.610890245e+01 +1.610890245e+01 -9.7273e-01 +7.4945e-01 -1.6839e+00 -2.4636e+00 -9.3956e-02 +8.4101e-01 -3.7212e+00 -4.4762e-01 -2.1444e+00 +1.9202e-01
1310 0 +8.482262370e+00 +1.541226237e+01 +1.541226237e+01 -8.4986e-01 +8.2134e-01 -1.6608e+00 -2.4023e+00 -4.8560e-02 +7.4903e-01 -3.7402e+00 -4.1391e-01 -2.1634e+00 +1.4164e-01
1365 0 +8.302971050e+00 +1.523297105e+01 +1.523297105e+01 -9.2169e-01 +8.1285e-01 -1.6273e+00 -2.3820e+00 -1.0490e-01 +7.7998e-01 -3.8150e+00 -3.9079e-01 -2.2104e+00 +1.4439e-01
1403 0 +8.056491944e+00 +1.498649194e+01 +1.498649194e+01 -8.5003e-01 +8.3782e-01 -1.6201e+00 -2.3725e+00 -1.2677e-01 +7.4991e-01 -3.7607e+00 -4.0709e-01 -2.1484e+00 +2.3785e-01
1451 0 +7.861058529e+00 +1.479105853e+01 +1.479105853e+01 -8.5127e-01 +8.3851e-01 -1.6052e+00 -2.4028e+00 -1.1186e-01 +7.8962e-01 -3.7455e+00 -3.9908e-01 -2.1804e+00 +1.4527e-01
1501 0 +7.833128033e+00 +1.476312803e+01 +1.476312803e+01 -8.6696e-01 +8.5522e-01 -1.6066e+00 -2.4093e+00 -1.6312e-01 +7.6528e-01 -3.7439e+00 -4.6016e-01 -2.1726e+00 +1.9369e-01
1506 0 +7.648219848e+00 +1.457821985e+01 +1.457821985e+01 -8.3463e-01 +9.0992e-01 -1.5409e+00 -2.4004e+00 -1.1568e-01 +7.2238e-01 -3.7228e+00 -4.1175e-01 -2.1574e+00 +1.9853e-01
1701 0 +7.371272243e+00 +1.430127224e+01 +1.430127224e+01 -7.9863e-01 +9.4567e-01 -1.5403e+00 -2.3752e+00 -8.0481e-02 +7.6151e-01 -3.7790e+00 -4.2988e-01 -2.1362e+00 +1.7138e-01
1753 0 +7.181049906e+00 +1.411104991e+01 +1.411104991e+01 -7.8006e-01 +9.6521e-01 -1.5475e+00 -2.3609e+00 -1.0200e-01 +7.6800e-01 -3.7610e+00 -4.3306e-01 -2.2054e+00 +1.8809e-01
1810 0 +7.106094939e+00 +1.403609494e+01 +1.403609494e+01 -7.5991e-01 +9.6981e-01 -1.5052e+00 -2.3831e+00 -1.2932e-01 +7.3172e-01 -3.7571e+00 -4.3630e-01 -2.1697e+00 +1.7168e-01
1851 0 +6.956093425e+00 +1.388609342e+01 +1.388609342e+01 -7.5470e-01 +9.8752e-01 -1.5139e+00 -2.3654e+00 -1.0037e-01 +7.4799e-01 -3.7535e+00 -4.4822e-01 -2.1884e+00 +1.7879e-01
1901 0 +6.894087390e+00 +1.382408739e+01 +1.382408739e+01 -7.2851e-01 +1.0335e+00 -1.4776e+00 -2.3574e+00 -8.3217e-02 +7.5110e-01 -3.7540e+00 -4.4919e-01 -2.1883e+00 +1.9927e-01
1908 0 +6.849336454e+00 +1.377933645e+01 +1.377933645e+01 -7.3968e-01 +1.0167e+00 -1.4820e+00 -2.3362e+00 -1.0449e-01 +7.6555e-01 -3.7649e+00 -4.1765e-01 -2.1780e+00 +1.6933e-01
1913 0 +6.846236356e+00 +1.377623636e+01 +1.377623636e+01 -7.2906e-01 +1.0413e+00 -1.4667e+00 -2.3370e+00 -1.0188e-01 +7.5414e-01 -3.7864e+00 -4.3922e-01 -2.1989e+00 +1.6981e-01
1926 0 +6.834607174e+00 +1.376460717e+01 +1.376460717e+01 -7.0490e-01 +1.0534e+00 -1.4588e+00 -2.3618e+00 -9.9866e-02 +7.3857e-01 -3.7671e+00 -4.0941e-01 -2.2020e+00 +1.8819e-01
1975 0 +6.533963169e+00 +1.346396317e+01 +1.346396317e+01 -6.3883e-01 +1.1308e+00 -1.3725e+00 -2.2927e+00 -9.1040e-02 +7.5662e-01 -3.7666e+00 -4.1659e-01 -2.1821e+00 +2.0807e-01
2251 0 +6.362594545e+00 +1.329259454e+01 +1.329259454e+01 -6.4000e-01 +1.1710e+00 -1.3190e+00 -2.2578e+00 -7.9510e-02 +7.8185e-01 -3.7452e+00 -4.2294e-01 -2.1811e+00 +2.1256e-01
2316 0 +6.155643579e+00 +1.308564358e+01 +1.308564358e+01 -6.3077e-01 +1.2075e+00 -1.2608e+00 -2.2025e+00 -6.4860e-02 +7.6110e-01 -3.7603e+00 -4.5354e-01 -2.1877e+00 +1.5618e-01
2407 0 +6.069247946e+00 +1.299924795e+01 +1.299924795e+01 -5.9543e-01 +1.2370e+00 -1.1820e+00 -2.1641e+00 -2.7444e-02 +7.4987e-01 -3.7359e+00 -4.3894e-01 -2.1972e+00 +1.6766e-01
2416 0 +6.005542625e+00 +1.293554263e+01 +1.293554263e+01 -6.1015e-01 +1.2405e+00 -1.1893e+00 -2.1283e+00 -4.0658e-02 +7.6393e-01 -3.7232e+00 -4.3340e-01 -2.1883e+00 +1.9999e-01
2471 0 +5.851047199e+00 +1.278104720e+01 +1.278104720e+01 -5.9031e-01 +1.2891e+00 -1.1407e+00 -2.0820e+00 -1.3577e-02 +7.6832e-01 -3.7365e+00 -4.1886e-01 -2.1611e+00 +1.6000e-01
% f evaluations | g evaluations | best noise-free fitness - Fopt (-4.456000000000e+01) + sum g_i+ | measured fitness | best measured fitness or single-digit g-values | x1 | x2...
1 0 +3.399329627e+04 +3.394873627e+04 +3.394873627e+04 +5.9671e-01 -3.8264e-02 +7.4769e-01 +1.6230e+00 -1.3415e-01 -1.3414e-01 +1.6792e+00 +8.6743e-01 -3.6947e-01 +6.4256e-01
2 0 +1.955879631e+04 +1.951423631e+04 +1.951423631e+04 -3.6342e-01 -3.6573e-01 +3.4196e-01 -1.8133e+00 -1.6249e+00 -4.6229e-01 -9.1283e-01 +4.1425e-01 -8.0802e-01 -1.3123e+00
23 0 +1.717109716e+04 +1.712653716e+04 +1.712653716e+04 +2.4147e+00 -1.7673e+00 +7.8626e-01 -1.5127e+00 -3.7193e-01 +1.1890e+00 +1.6428e-01 -9.7774e-01 -6.1530e-01 +7.7960e-01
44 0 +1.604454231e+04 +1.599998231e+04 +1.599998231e+04 -1.0833e+00 -1.9392e+00 -1.6941e-01 +8.1754e-01 +1.6024e+00 +1.7409e-01 +1.7286e+00 -1.2801e+00 -1.6034e+00 +4.4452e-02
52 0 +4.473790489e+03 +4.429230489e+03 +4.429230489e+03 -2.4313e-01 -1.7742e+00 +2.7127e-01 -8.8248e-01 +2.3256e-01 +3.7961e-01 -7.3376e-01 -2.8733e+00 -2.3192e+00 +6.3733e-01
63 0 +3.586004311e+03 +3.541444311e+03 +3.541444311e+03 +5.4933e-01 -6.3803e-01 +5.4533e-01 -1.5156e+00 -4.0761e-01 +1.7728e-01 +6.2685e-01 +1.4280e+00 -2.0064e+00 +2.6279e+00
88 0 +2.422060009e+03 +2.377500009e+03 +2.377500009e+03 +7.4457e-02 -1.5702e+00 +1.3092e+00 -1.8027e-01 -1.4179e-01 -3.0505e-01 +1.5434e+00 +9.6231e-01 -2.6037e+00 -4.0562e-01
104 0 +2.389655842e+03 +2.345095842e+03 +2.345095842e+03 +8.0154e-01 -2.0246e+00 +3.2415e-01 +1.9343e-02 -1.4148e+00 -5.5113e-02 +1.4524e+00 +2.8929e-01 -4.3699e+00 -5.0061e-01
116 0 +2.259659250e+03 +2.215099250e+03 +2.215099250e+03 -6.0962e-01 -7.0094e-01 +1.9893e+00 -6.0154e-01 -1.3962e+00 +6.3375e-01 -2.3797e-01 -1.1862e+00 -4.5320e+00 -6.7989e-01
119 0 +2.146517696e+03 +2.101957696e+03 +2.101957696e+03 +1.5995e+00 -2.8575e+00 +8.7890e-02 -9.2554e-01 +4.9173e-01 +1.3538e+00 +7.4636e-01 +1.1671e-01 -3.5522e+00 +1.8988e+00
132 0 +1.003363220e+03 +9.588032205e+02 +9.588032205e+02 +6.6698e-01 -1.6668e+00 -4.7938e-01 -1.4667e+00 -6.6139e-01 +2.1336e+00 +8.3546e-01 +4.8847e-01 -3.4787e+00 +3.5870e-01
226 0 +9.342641882e+02 +8.897041882e+02 +8.897041882e+02 -1.0147e+00 -2.6745e+00 +1.2292e+00 -1.8661e+00 -1.1495e+00 +5.0433e-01 +5.5643e-01 -1.2801e+00 -4.8876e+00 +6.8849e-01
301 0 +5.117273071e+02 +4.671673071e+02 +4.671673071e+02 +3.6914e-01 -2.7270e+00 +6.3254e-02 -2.1066e+00 -9.2263e-01 +1.2111e+00 -5.9930e-01 -5.5744e-01 -2.4054e+00 +2.3908e+00
305 0 +3.149677266e+02 +2.704077266e+02 +2.704077266e+02 +3.3771e-01 -1.6258e+00 +1.0540e+00 -1.5405e+00 -1.3896e+00 +9.6572e-01 +6.2110e-01 -1.1209e+00 -3.8218e+00 +2.0510e+00
351 0 +2.573037664e+02 +2.127437664e+02 +2.127437664e+02 +5.2712e-01 -3.3438e+00 +7.3475e-01 -1.9950e+00 -1.3057e+00 +1.4062e+00 +8.1149e-01 +3.4588e-03 -3.9252e+00 +1.5937e+00
473 0 +2.022821254e+02 +1.577221254e+02 +1.577221254e+02 +9.7296e-02 -3.5091e+00 +7.5400e-01 -1.5999e+00 -1.7134e+00 +7.6454e-01 -2.4647e-02 +1.3642e-01 -3.4406e+00 +2.1347e+00
474 0 +1.823388650e+02 +1.377788650e+02 +1.377788650e+02 -1.6988e-01 -2.5503e+00 +8.6544e-01 -1.4804e+00 -1.7402e+00 +1.4856e+00 +2.5776e-01 +3.3410e-01 -3.2820e+00 +2.5554e+00
501 0 +4.607201765e+01 +1.512017649e+00 +1.512017649e+00 +1.4051e-01 -2.9864e+00 +6.9926e-01 -1.7707e+00 -1.2742e+00 +8.8507e-01 +1.3296e-01 -3.6902e-01 -3.4628e+00 +1.8643e+00
651 0 +3.917341895e+01 -5.386581049e+00 -5.386581049e+00 +9.6707e-02 -2.8473e+00 +6.7653e-01 -1.8830e+00 -1.2875e+00 +6.8578e-01 -1.6477e-01 -2.7311e-01 -3.4113e+00 +1.7002e+00
717 0 +2.443411211e+01 -2.012588789e+01 -2.012588789e+01 +3.4571e-02 -2.6466e+00 +4.7504e-01 -1.6884e+00 -1.2115e+00 +7.3766e-01 -3.1766e-01 -3.9885e-01 -3.5425e+00 +1.6229e+00
856 0 +2.077253841e+01 -2.378746159e+01 -2.378746159e+01 +1.9618e-01 -2.4887e+00 +5.6571e-01 -1.7480e+00 -1.2457e+00 +8.1944e-01 +4.1919e-02 -4.7512e-01 -4.0775e+00 +1.4336e+00
902 0 +2.044331824e+01 -2.411668176e+01 -2.411668176e+01 +3.8799e-01 -2.3003e+00 +6.6817e-01 -1.5622e+00 -1.3756e+00 +7.5781e-01 -5.8691e-02 -6.0910e-01 -3.6685e+00 +1.8267e+00
914 0 +1.770391333e+01 -2.685608667e+01 -2.685608667e+01 -3.0672e-01 -2.7803e+00 +5.5598e-01 -1.4569e+00 -1.2455e+00 +7.1813e-01 -2.6693e-02 -4.9664e-01 -3.7037e+00 +1.5798e+00
952 0 +1.677777024e+01 -2.778222976e+01 -2.778222976e+01 -8.0341e-02 -2.8786e+00 +5.4541e-01 -1.7370e+00 -1.1162e+00 +7.5531e-01 -6.3235e-02 -5.4040e-01 -3.8817e+00 +1.6233e+00
1001 0 +1.497009861e+01 -2.958990139e+01 -2.958990139e+01 -1.1914e-01 -2.8337e+00 +5.2223e-01 -1.7259e+00 -1.3076e+00 +6.4891e-01 -8.7407e-02 -6.1175e-01 -3.8650e+00 +1.5145e+00
1101 0 +1.450350766e+01 -3.005649234e+01 -3.005649234e+01 -2.9372e-01 -2.6935e+00 +5.8110e-01 -1.7056e+00 -1.2004e+00 +7.4038e-01 -2.7006e-01 -4.7818e-01 -3.7774e+00 +1.5769e+00
1106 0 +1.272677150e+01 -3.183322850e+01 -3.183322850e+01 -2.2204e-01 -2.7804e+00 +4.9868e-01 -1.7009e+00 -1.2942e+00 +7.7717e-01 +7.0079e-02 -5.4368e-01 -3.7953e+00 +1.6029e+00
1151 0 +1.249509498e+01 -3.206490502e+01 -3.206490502e+01 -4.6200e-01 -2.7161e+00 +5.6102e-01 -1.5812e+00 -1.3093e+00 +7.7538e-01 -3.0492e-02 -5.2367e-01 -3.7297e+00 +1.6126e+00
1161 0 +1.111716194e+01 -3.344283806e+01 -3.344283806e+01 -5.5893e-02 -2.6576e+00 +6.1078e-01 -1.6372e+00 -1.2552e+00 +8.0350e-01 -1.2434e-01 -4.3031e-01 -3.8701e+00 +1.6142e+00
1255 0 +1.097560361e+01 -3.358439639e+01 -3.358439639e+01 -1.2229e-01 -2.7012e+00 +6.7462e-01 -1.6726e+00 -1.2373e+00 +7.9819e-01 +1.2470e-02 -4.4984e-01 -3.8417e+00 +1.6034e+00
1323 0 +9.942161742e+00 -3.461783826e+01 -3.461783826e+01 +1.1655e-01 -2.6689e+00 +5.7371e-01 -1.6316e+00 -1.2164e+00 +7.6452e-01 -5.0854e-02 -4.9395e-01 -3.8205e+00 +1.5359e+00
1410 0 +9.754398275e+00 -3.480560173e+01 -3.480560173e+01 +2.9359e-02 -2.6004e+00 +5.5834e-01 -1.7356e+00 -1.2617e+00 +7.8740e-01 -7.4252e-02 -5.1310e-01 -3.8384e+00 +1.6370e+00
1451 0 +9.438813113e+00 -3.512118689e+01 -3.512118689e+01 +7.3998e-02 -2.6457e+00 +5.6475e-01 -1.7366e+00 -1.3279e+00 +8.2502e-01 -7.4225e-02 -4.9166e-01 -3.8510e+00 +1.5270e+00
1472 0 +9.197319742e+00 -3.536268026e+01 -3.536268026e+01 +8.7269e-02 -2.5766e+00 +6.5013e-01 -1.7040e+00 -1.1964e+00 +8.3876e-01 -2.6199e-02 -5.5864e-01 -3.8432e+00 +1.5541e+00
1506 0 +8.837943687e+00 -3.572205631e+01 -3.572205631e+01 +3.3351e-02 -2.5987e+00 +6.2071e-01 -1.6764e+00 -1.2729e+00 +7.8366e-01 -2.4376e-02 -5.1335e-01 -3.8158e+00 +1.5897e+00
1553 0 +8.784251538e+00 -3.577574846e+01 -3.577574846e+01 +7.1402e-02 -2.6394e+00 +6.3097e-01 -1.6647e+00 -1.2563e+00 +8.1001e-01 -7.8167e-02 -5.9073e-01 -3.8487e+00 +1.5441e+00
1558 0 +8.736240773e+00 -3.582375923e+01 -3.582375923e+01 +3.7714e-02 -2.6373e+00 +6.3612e-01 -1.6691e+00 -1.2724e+00 +7.9909e-01 -6.7584e-02 -5.7330e-01 -3.7932e+00 +1.5940e+00
1567 0 +8.721067018e+00 -3.583893298e+01 -3.583893298e+01 +6.6041e-02 -2.5961e+00 +6.5095e-01 -1.6924e+00 -1.3116e+00 +8.4550e-01 -5.1458e-02 -5.3102e-01 -3.8248e+00 +1.5579e+00
1606 0 +8.293159600e+00 -3.626684040e+01 -3.626684040e+01 +1.2299e-01 -2.5904e+00 +6.4385e-01 -1.7011e+00 -1.2621e+00 +8.1969e-01 -5.7755e-02 -5.6114e-01 -3.8467e+00 +1.5565e+00
1652 0 +8.276248473e+00 -3.628375153e+01 -3.628375153e+01 +1.5236e-01 -2.5549e+00 +6.7059e-01 -1.7013e+00 -1.2718e+00 +7.8783e-01 -3.7679e-02 -5.2482e-01 -3.8127e+00 +1.5427e+00
1772 0 +8.126266071e+00 -3.643373393e+01 -3.643373393e+01 +2.8441e-01 -2.4291e+00 +6.5703e-01 -1.6879e+00 -1.2997e+00 +8.1283e-01 -6.1949e-02 -5.7259e-01 -3.8687e+00 +1.5243e+00
1855 0 +8.097360673e+00 -3.646263933e+01 -3.646263933e+01 +3.5345e-01 -2.3918e+00 +7.3834e-01 -1.6153e+00 -1.2277e+00 +8.1888e-01 -6.8273e-02 -5.0682e-01 -3.8375e+00 +1.5743e+00
1913 0 +7.727380647e+00 -3.683261935e+01 -3.683261935e+01 +2.8810e-01 -2.4238e+00 +6.9587e-01 -1.6853e+00 -1.2494e+00 +8.1146e-01 -4.0799e-02 -5.6062e-01 -3.8220e+00 +1.5265e+00
2006 0 +7.438978932e+00 -3.712102107e+01 -3.712102107e+01 +3.5041e-01 -2.3835e+00 +7.0502e-01 -1.6667e+00 -1.2767e+00 +7.7434e-01 -6.3143e-02 -5.4819e-01 -3.8061e+00 +1.5597e+00
2055 0 +7.295184734e+00 -3.726481527e+01 -3.726481527e+01 +3.5982e-01 -2.3512e+00 +7.4546e-01 -1.6727e+00 -1.2618e+00 +8.1661e-01 -6.3622e-02 -5.2580e-01 -3.8395e+00 +1.5433e+00
2060 0 +7.284094739e+00 -3.727590526e+01 -3.727590526e+01 +4.0691e-01 -2.3304e+00 +7.6529e-01 -1.6371e+00 -1.2706e+00 +7.9214e-01 -7.6430e-02 -5.4455e-01 -3.8128e+00 +1.5462e+00
2165 0 +7.129037311e+00 -3.743096269e+01 -3.743096269e+01 +4.6090e-01 -2.2476e+00 +8.0585e-01 -1.6636e+00 -1.2485e+00 +8.1767e-01 -4.1996e-02 -5.3149e-01 -3.8053e+00 +1.5834e+00
2270 0 +7.070421538e+00 -3.748957846e+01 -3.748957846e+01 +4.4465e-01 -2.2428e+00 +8.2062e-01 -1.6337e+00 -1.2968e+00 +7.9788e-01 -6.0766e-02 -5.6855e-01 -3.8474e+00 +1.5681e+00
2301 0 +7.021222208e+00 -3.753877779e+01 -3.753877779e+01 +4.5109e-01 -2.2457e+00 +8.4995e-01 -1.6261e+00 -1.2902e+00 +8.0271e-01 -8.0171e-02 -5.6286e-01 -3.8160e+00 +1.5809e+00
2358 0 +6.891396789e+00 -3.766860321e+01 -3.766860321e+01 +4.8552e-01 -2.2059e+00 +8.3804e-01 -1.6102e+00 -1.2808e+00 +7.8596e-01 -7.5315e-02 -5.4618e-01 -3.8392e+00 +1.5505e+00
2407 0 +6.738822333e+00 -3.782117767e+01 -3.782117767e+01 +4.8902e-01 -2.1858e+00 +8.8413e-01 -1.6161e+00 -1.2979e+00 +7.9288e-01 -4.9483e-02 -5.4969e-01 -3.8040e+00 +1.5568e+00
2419 0 +6.617484316e+00 -3.794251568e+01 -3.794251568e+01 +4.9987e-01 -2.1575e+00 +8.8969e-01 -1.5902e+00 -1.2564e+00 +8.1378e-01 -7.1457e-02 -5.5681e-01 -3.8274e+00 +1.5527e+00
2435 0 +6.600058777e+00 -3.795994122e+01 -3.795994122e+01 +5.4001e-01 -2.0975e+00 +9.6656e-01 -1.5404e+00 -1.2260e+00 +7.8330e-01 -9.7426e-02 -5.3637e-01 -3.7829e+00 +1.5371e+00
2456 0 +6.428434970e+00 -3.813156503e+01 -3.813156503e+01 +5.2580e-01 -2.1174e+00 +9.7919e-01 -1.5590e+00 -1.2598e+00 +7.7803e-01 -6.8683e-02 -5.3923e-01 -3.8370e+00 +1.5734e+00
