% f evaluations | g evaluations | best noise-free fitness - Fopt (1.238300000000e+02) + sum g_i+ | measured fitness | best measured fitness or single-digit g-values | x1 | x2...
1 0 +3.290044558e+03 +3.413874558e+03 +3.413874558e+03 +5.9671e-01 -3.8264e-02 +7.4769e-01 +1.6230e+00 -1.3415e-01 -1.3414e-01 +1.6792e+00 +8.6743e-01 -3.6947e-01 +6.4256e-01
2 0 +1.686800048e+03 +1.810630048e+03 +1.810630048e+03 -3.6342e-01 -3.6573e-01 +3.4196e-01 -1.8133e+00 -1.6249e+00 -4.6229e-01 -9.1283e-01 +4.1425e-01 -8.0802e-01 -1.3123e+00
3 0 +9.989359862e+02 +1.122765986e+03 +1.122765986e+03 +1.5656e+00 -1.2578e-01 +1.6753e-01 -1.3247e+00 -4.4438e-01 +2.1092e-01 -1.0510e+00 +4.7570e-01 -5.0064e-01 -1.9169e-01
22 0 +9.264084469e+02 +1.050238447e+03 +1.050238447e+03 +6.7089e-01 +1.2356e+00 +1.0540e+00 +7.5139e-01 -2.1527e-01 +8.5897e-01 -6.7283e-01 -1.3682e-01 -3.8536e-01 +1.8187e-01
31 0 +3.060416277e+02 +4.298716277e+02 +4.298716277e+02 -7.2900e-01 -4.6018e-01 +8.4729e-01 +7.1037e-01 +7.9098e-02 +2.1733e-01 +1.3777e+00 -4.9157e-01 +6.4710e-01 -1.0219e-01
56 0 +1.843296758e+02 +3.081596758e+02 +3.081596758e+02 -1.4800e-01 +6.5270e-02 -4.7582e-01 +4.2518e-01 +8.0408e-02 +2.9961e-01 -6.5346e-01 -2.1786e-01 +7.2630e-01 -3.8770e-01
220 0 +1.483273687e+02 +2.721573687e+02 +2.721573687e+02 +6.1548e-01 +5.6395e-01 -5.5890e-02 +1.2244e-01 -1.4052e-01 +3.1584e-01 -5.4161e-01 -4.0730e-01 +5.2932e-01 -1.5661e-01
265 0 +1.468810904e+02 +2.707110904e+02 +2.707110904e+02 +5.1160e-01 +7.2311e-01 +1.2983e-01 +4.1188e-01 +1.3813e-01 -5.5904e-01 +9.5148e-02 -4.9353e-01 +4.3847e-01 +2.8929e-02
268 0 +6.851211958e+01 +1.923421196e+02 +1.923421196e+02 -1.6859e-01 -8.8279e-02 +5.4882e-01 +3.5307e-01 +9.2704e-01 -5.4577e-01 -3.3353e-01 -4.5029e-01 +1.0315e+00 -3.7103e-01
269 0 +5.764164813e+01 +1.814716481e+02 +1.814716481e+02 -4.5156e-01 -1.1708e-01 +4.2375e-01 +8.9278e-01 +2.4883e-02 +1.1781e-01 -4.5163e-02 -3.1835e-01 +4.7408e-01 -2.2032e-01
326 0 +5.574394249e+01 +1.795739425e+02 +1.795739425e+02 +5.7040e-01 -1.5438e-01 +5.8134e-01 +2.4148e-01 -4.6691e-02 +5.1396e-01 -1.0339e+00 -7.5010e-01 +6.1705e-01 -1.0036e-01
479 0 +5.304516811e+01 +1.768751681e+02 +1.768751681e+02 -4.3095e-01 -1.6110e-01 +8.0920e-03 +2.6540e-01 -3.2345e-02 -5.7621e-02 +2.9735e-01 -2.1587e-02 +5.3015e-01 -2.8381e-01
542 0 +4.658665255e+01 +1.704166525e+02 +1.704166525e+02 +1.1516e-02 +1.3058e-01 +7.5778e-01 +4.0594e-01 +5.5657e-01 +3.1592e-01 -2.0015e-01 -4.6244e-01 +6.9610e-01 -1.4618e-01
554 0 +4.524735706e+01 +1.690773571e+02 +1.690773571e+02 +8.5752e-02 +2.7019e-02 +2.4406e-01 +4.1164e-01 +4.9753e-01 -4.0515e-01 -2.0318e-01 -4.7284e-02 +5.9739e-01 -3.3416e-01
555 0 +4.389350941e+01 +1.677235094e+02 +1.677235094e+02 +2.7267e-01 -4.6779e-01 +3.6959e-01 +2.7185e-01 +6.2445e-01 -1.4571e-01 -4.8302e-01 -1.1782e-01 +5.4075e-01 -6.2294e-01
559 0 +4.128224864e+01 +1.651122486e+02 +1.651122486e+02 +5.9237e-01 -1.1387e-01 +6.2585e-01 +4.0607e-01 +5.2188e-01 +1.4190e-01 -4.0142e-01 -5.5434e-01 +5.1785e-01 -1.6529e-01
598 0 +3.768137229e+01 +1.615113723e+02 +1.615113723e+02 -5.4151e-02 +8.5284e-02 +3.8743e-01 +2.3755e-01 +5.6811e-01 +1.0133e-01 -1.4039e-01 -4.0714e-01 +6.8468e-01 -9.9948e-02
650 0 +3.627427073e+01 +1.601042707e+02 +1.601042707e+02 +6.1661e-01 -5.6815e-01 +4.4738e-01 +5.2860e-01 +4.0648e-01 +4.0687e-01 -8.1881e-01 -6.9150e-01 +7.8522e-01 -4.1899e-01
718 0 +3.496356600e+01 +1.587935660e+02 +1.587935660e+02 +2.9242e-01 -4.5874e-02 +4.2470e-01 +4.2197e-01 +7.3772e-01 +2.4120e-01 -7.9135e-01 -5.0539e-01 +1.0200e+00 -9.3317e-02
725 0 +2.858253812e+01 +1.524125381e+02 +1.524125381e+02 +1.2817e-01 -9.5966e-02 +5.3225e-01 +3.7989e-01 +3.5146e-01 +3.2242e-01 -4.0417e-01 -5.2641e-01 +6.8212e-01 -2.0132e-01
758 0 +2.640659707e+01 +1.502365971e+02 +1.502365971e+02 +9.0890e-02 +6.3320e-02 +4.7119e-01 +5.9150e-01 +3.3318e-01 +1.0074e-01 -2.9756e-01 -6.8331e-01 +8.4811e-01 -4.6598e-01
764 0 +2.033143713e+01 +1.441614371e+02 +1.441614371e+02 +1.7609e-01 -2.0851e-01 +6.6608e-01 +4.9165e-01 +5.0027e-01 +3.1970e-02 -5.9240e-01 -7.7831e-01 +1.0260e+00 -2.2960e-01
912 0 +1.762343071e+01 +1.414534307e+02 +1.414534307e+02 +2.8968e-01 -1.2669e-01 +4.4581e-01 +6.4589e-01 +6.7454e-01 -1.2605e-01 -3.7566e-01 -3.2308e-01 +8.2776e-01 -4.3771e-01
1026 0 +1.704906116e+01 +1.408790612e+02 +1.408790612e+02 +1.6435e-01 -6.2373e-02 +5.3370e-01 +6.3951e-01 +6.8405e-01 -1.2305e-01 -1.4242e-01 -4.2920e-01 +9.2349e-01 -4.2653e-01
1140 0 +1.587445733e+01 +1.397044573e+02 +1.397044573e+02 +2.0061e-01 -2.3024e-01 +5.7658e-01 +4.8401e-01 +6.4097e-01 -8.1914e-02 -5.1741e-01 -6.3388e-01 +9.9410e-01 -2.2278e-01
1143 0 +1.473526532e+01 +1.385652653e+02 +1.385652653e+02 +1.1188e-01 -1.2922e-01 +5.4195e-01 +6.3483e-01 +6.2383e-01 +5.1202e-02 -2.1716e-01 -4.5584e-01 +7.8775e-01 -3.2572e-01
1146 0 +1.349324038e+01 +1.373232404e+02 +1.373232404e+02 +2.1995e-02 +1.2166e-02 +3.4925e-01 +5.9352e-01 +5.4484e-01 +4.7935e-02 -3.6437e-01 -3.9809e-01 +1.0311e+00 -2.9720e-01
1210 0 +1.169240666e+01 +1.355224067e+02 +1.355224067e+02 +2.0384e-01 -2.1032e-01 +4.7935e-01 +7.0537e-01 +5.8351e-01 +1.6039e-02 -5.0045e-01 -4.1367e-01 +9.1806e-01 -3.4186e-01
1333 0 +1.168361643e+01 +1.355136164e+02 +1.355136164e+02 +1.7272e-01 -3.4754e-02 +4.7462e-01 +6.2072e-01 +5.9971e-01 +1.2666e-02 -2.6470e-01 -4.3524e-01 +8.3015e-01 -3.6525e-01
1345 0 +1.075651265e+01 +1.345865127e+02 +1.345865127e+02 +6.1960e-02 -1.0268e-02 +4.8295e-01 +7.3162e-01 +4.8029e-01 +2.3846e-02 -2.6378e-01 -4.8214e-01 +1.0107e+00 -3.0740e-01
1365 0 +1.066867441e+01 +1.344986744e+02 +1.344986744e+02 +2.4267e-01 -1.9165e-01 +5.4518e-01 +5.7446e-01 +5.6759e-01 +1.1539e-01 -5.0085e-01 -6.5856e-01 +9.3925e-01 -3.3062e-01
1366 0 +9.831915546e+00 +1.336619155e+02 +1.336619155e+02 +6.3701e-02 -3.9865e-02 +4.4643e-01 +7.0981e-01 +5.4834e-01 -4.1752e-02 -2.3950e-01 -3.7875e-01 +1.0109e+00 -2.8582e-01
1470 0 +9.779529193e+00 +1.336095292e+02 +1.336095292e+02 +1.6820e-01 -1.1833e-02 +4.6629e-01 +6.9016e-01 +5.6466e-01 -3.0453e-02 -3.2568e-01 -4.5983e-01 +9.5949e-01 -2.1024e-01
1494 0 +9.409551104e+00 +1.332395511e+02 +1.332395511e+02 +9.7860e-02 +3.0780e-02 +4.2061e-01 +7.5902e-01 +5.5970e-01 -6.3280e-02 -2.1675e-01 -4.2396e-01 +8.9538e-01 -2.9365e-01
1890 0 +9.382637022e+00 +1.332126370e+02 +1.332126370e+02 +6.3081e-02 -1.6817e-02 +3.8455e-01 +6.5360e-01 +6.1281e-01 -4.3295e-02 -2.6034e-01 -4.4922e-01 +9.3692e-01 -2.8673e-01
1915 0 +8.905731417e+00 +1.327357314e+02 +1.327357314e+02 -2.2556e-02 +1.9647e-02 +2.9582e-01 +7.8438e-01 +4.9126e-01 -1.4030e-02 -1.6139e-01 -3.8453e-01 +9.6495e-01 -2.5573e-01
1971 0 +8.790566396e+00 +1.326205664e+02 +1.326205664e+02 -4.8375e-02 -1.0209e-02 +3.3310e-01 +7.2039e-01 +4.7066e-01 -3.7146e-02 -1.5882e-01 -4.0336e-01 +9.2425e-01 -2.5198e-01
1995 0 +8.661569812e+00 +1.324915698e+02 +1.324915698e+02 -2.7308e-02 +5.9039e-02 +3.4852e-01 +7.2308e-01 +4.8039e-01 -1.5527e-02 -1.3145e-01 -4.1489e-01 +9.1630e-01 -3.0596e-01
2005 0 +8.410759152e+00 +1.322407592e+02 +1.322407592e+02 -5.1814e-02 +6.0658e-02 +2.9549e-01 +7.3170e-01 +4.5385e-01 -6.8523e-02 -5.0296e-02 -4.3231e-01 +9.7329e-01 -2.7629e-01
2190 0 +8.369647900e+00 +1.321996479e+02 +1.321996479e+02 -8.7259e-03 +7.8346e-02 +2.9124e-01 +7.4067e-01 +4.0877e-01 +1.9921e-02 -1.1154e-01 -4.1365e-01 +9.3947e-01 -2.2297e-01
2273 0 +8.294625091e+00 +1.321246251e+02 +1.321246251e+02 -4.7944e-02 +9.7326e-02 +2.9402e-01 +7.6222e-01 +3.6579e-01 +8.2290e-03 -1.2377e-02 -4.2791e-01 +9.5193e-01 -1.9494e-01
2374 0 +8.162297304e+00 +1.319922973e+02 +1.319922973e+02 -5.0759e-02 +1.0282e-01 +2.9427e-01 +7.5709e-01 +3.6855e-01 -1.4098e-02 -2.0419e-02 -3.8656e-01 +9.5074e-01 -2.8187e-01
2494 0 +8.117641238e+00 +1.319476412e+02 +1.319476412e+02 -1.3909e-01 +6.4229e-02 +2.6007e-01 +7.1594e-01 +3.3320e-01 +2.7043e-02 +1.7856e-02 -4.3740e-01 +9.3067e-01 -2.8135e-01
% f evaluations | g evaluations | best noise-free fitness - Fopt (4.751000000000e+01) + sum g_i+ | measured fitness | best measured fitness or single-digit g-values | x1 | x2...
1 0 +6.586402251e+03 +6.633912251e+03 +6.633912251e+03 +5.9671e-01 -3.8264e-02 +7.4769e-01 +1.6230e+00 -1.3415e-01 -1.3414e-01 +1.6792e+00 +8.6743e-01 -3.6947e-01 +6.4256e-01
3 0 +2.814880431e+03 +2.862390431e+03 +2.862390431e+03 +1.5656e+00 -1.2578e-01 +1.6753e-01 -1.3247e+00 -4.4438e-01 +2.1092e-01 -1.0510e+00 +4.7570e-01 -5.0064e-01 -1.9169e-01
4 0 +2.605589169e+03 +2.653099169e+03 +2.653099169e+03 -5.0171e-01 +1.9523e+00 +8.6503e-02 -9.5771e-01 +9.2254e-01 -1.1208e+00 +3.0886e-01 -1.8597e+00 -1.2282e+00 +2.9686e-01
6 0 +7.068155918e+02 +7.543255918e+02 +7.543255918e+02 +4.2408e-01 -2.8508e-01 -5.7692e-01 +7.1168e-01 +1.1310e+00 +1.0313e+00 -7.3922e-01 -2.0921e-01 +4.3126e-01 +1.0755e+00
20 0 +3.385041336e+02 +3.860141336e+02 +3.860141336e+02 -3.4651e-01 +9.5640e-01 +3.1409e-01 -1.1457e+00 +2.7318e-01 +4.8532e-01 -7.8386e-01 +2.5373e-01 +1.5821e-01 -1.0430e+00
34 0 +2.560512940e+02 +3.035612940e+02 +3.035612940e+02 +8.7753e-02 -7.9725e-01 +1.7580e-01 -5.7716e-01 +1.0751e+00 -4.7057e-02 -7.2550e-01 -2.2139e-01 +5.1293e-01 -4.6372e-01
60 0 +1.181657219e+02 +1.656757219e+02 +1.656757219e+02 -8.1649e-01 +9.9871e-02 -1.8907e-02 -7.3404e-01 +1.1366e+00 +1.9628e-01 -3.5349e-01 +6.0049e-01 -4.8092e-01 +7.6427e-02
251 0 +7.259158084e+01 +1.201015808e+02 +1.201015808e+02 -4.2618e-01 +2.5227e-01 -1.3212e-01 -1.6944e-01 +7.3616e-01 -5.6125e-01 -1.4516e-01 -1.2029e-01 -2.4213e-01 -2.0844e-02
357 0 +6.429483376e+01 +1.118048338e+02 +1.118048338e+02 -5.8098e-01 -3.0451e-01 +6.8718e-02 -1.0830e-01 +1.1653e-01 -3.2497e-01 -2.2591e-01 +2.9105e-01 -2.5094e-02 -1.6989e-01
523 0 +5.887571529e+01 +1.063857153e+02 +1.063857153e+02 -4.2865e-01 -1.3489e-01 -6.5350e-02 -3.4996e-01 +4.1693e-01 -1.4734e-01 +3.2433e-02 +4.9537e-02 +1.8613e-01 +7.0037e-02
545 0 +5.810314545e+01 +1.056131454e+02 +1.056131454e+02 -3.8349e-01 -5.1713e-01 +2.8835e-02 -4.2717e-01 +1.0653e+00 -2.7896e-01 +7.0641e-02 +9.0877e-03 +2.5663e-01 +7.7237e-02
546 0 +4.297968476e+01 +9.048968476e+01 +9.048968476e+01 -5.1894e-01 -2.4542e-01 -3.4790e-01 -3.7347e-01 +5.8311e-01 -1.4130e-01 -9.9000e-02 +1.3230e-02 +3.2453e-01 -1.4090e-01
583 0 +3.521227790e+01 +8.272227790e+01 +8.272227790e+01 -9.4660e-01 -5.5415e-01 +7.9753e-02 -3.8958e-01 +7.5805e-01 -3.2442e-01 +1.6881e-01 +4.5993e-01 -1.4054e-01 +3.5237e-03
638 0 +2.546036997e+01 +7.297036997e+01 +7.297036997e+01 -4.2701e-01 -6.4097e-01 -6.4589e-02 -1.7015e-01 +2.3183e-01 -2.3384e-01 +1.8793e-01 +6.8735e-01 +1.3456e-01 -2.5427e-01
797 0 +1.836626074e+01 +6.587626074e+01 +6.587626074e+01 -7.7727e-01 -2.9855e-01 -4.7867e-02 -1.7405e-01 +8.8717e-01 -2.3546e-01 +4.1606e-02 +3.5900e-01 +9.8687e-02 -1.5485e-01
870 0 +1.651400192e+01 +6.402400192e+01 +6.402400192e+01 -8.2966e-01 -4.0856e-01 -1.3112e-01 -1.3861e-01 +9.0151e-01 -3.3442e-01 +6.6792e-02 +4.7678e-01 +9.3368e-02 -3.1089e-01
891 0 +1.612952196e+01 +6.363952196e+01 +6.363952196e+01 -9.3184e-01 -5.7242e-01 +1.0296e-03 -1.0341e-01 +7.5210e-01 -2.5272e-01 +6.5126e-02 +5.7140e-01 +2.1589e-01 -9.2443e-02
988 0 +1.154454754e+01 +5.905454754e+01 +5.905454754e+01 -9.1421e-01 -5.8972e-01 +1.7045e-02 -2.3131e-01 +6.9036e-01 -4.4038e-01 +6.8213e-02 +4.6457e-01 +1.1131e-01 -2.0097e-01
1295 0 +9.673367839e+00 +5.718336784e+01 +5.718336784e+01 -8.0913e-01 -6.3345e-01 -8.7824e-02 -2.2152e-01 +6.4188e-01 -3.7861e-01 +1.2547e-01 +4.7578e-01 +2.5076e-01 -2.5198e-01
1385 0 +9.579736953e+00 +5.708973695e+01 +5.708973695e+01 -9.0599e-01 -6.1638e-01 -7.0168e-02 -2.2027e-01 +8.4052e-01 -3.4851e-01 +5.9560e-02 +3.8697e-01 +1.7638e-01 -2.2809e-01
1396 0 +9.514243488e+00 +5.702424349e+01 +5.702424349e+01 -8.9616e-01 -5.4779e-01 -1.1249e-01 -2.6437e-01 +8.2412e-01 -2.8096e-01 +6.6482e-03 +4.2102e-01 +1.6371e-01 -2.5121e-01
1440 0 +9.441946704e+00 +5.695194670e+01 +5.695194670e+01 -9.0158e-01 -5.9257e-01 -1.4128e-01 -2.3635e-01 +8.5468e-01 -2.5102e-01 +3.9099e-03 +3.9249e-01 +2.8103e-01 -2.6118e-01
1571 0 +9.227380918e+00 +5.673738092e+01 +5.673738092e+01 -8.0213e-01 -6.0231e-01 -9.2631e-02 -2.6048e-01 +8.2479e-01 -3.1703e-01 +5.1380e-02 +4.0272e-01 +2.5957e-01 -2.4701e-01
1600 0 +9.204960461e+00 +5.671496046e+01 +5.671496046e+01 -8.2658e-01 -5.4427e-01 -8.0278e-02 -2.9269e-01 +8.2928e-01 -3.3415e-01 +1.4609e-02 +4.0799e-01 +2.6972e-01 -2.3038e-01
1642 0 +9.184304548e+00 +5.669430455e+01 +5.669430455e+01 -9.1488e-01 -5.0557e-01 -1.7854e-01 -3.2572e-01 +9.3306e-01 -2.7675e-01 -8.6849e-02 +3.2653e-01 +2.7719e-01 -2.2031e-01
1655 0 +9.005291800e+00 +5.651529180e+01 +5.651529180e+01 -8.6188e-01 -5.3914e-01 -4.0934e-02 -1.9595e-01 +8.4316e-01 -2.9437e-01 +5.1253e-03 +4.2205e-01 +2.4368e-01 -2.6182e-01
1694 0 +8.773630092e+00 +5.628363009e+01 +5.628363009e+01 -8.4920e-01 -5.9924e-01 -4.3411e-02 -2.1742e-01 +7.4502e-01 -3.9926e-01 +7.7838e-02 +4.2202e-01 +1.8840e-01 -2.4183e-01
1806 0 +8.733333729e+00 +5.624333373e+01 +5.624333373e+01 -8.4413e-01 -6.0355e-01 -7.6379e-04 -2.0507e-01 +7.4405e-01 -3.5400e-01 +1.2261e-01 +4.6023e-01 +2.6445e-01 -3.0046e-01
1831 0 +8.352057387e+00 +5.586205739e+01 +5.586205739e+01 -8.2704e-01 -5.6865e-01 -4.2544e-03 -1.8160e-01 +6.6632e-01 -4.0058e-01 +1.0417e-01 +4.4193e-01 +1.8878e-01 -2.7549e-01
1870 0 +8.305184582e+00 +5.581518458e+01 +5.581518458e+01 -8.4562e-01 -6.1390e-01 -3.4671e-02 -1.9985e-01 +7.0322e-01 -3.5126e-01 +1.0366e-01 +4.7170e-01 +2.3370e-01 -2.9060e-01
2071 0 +8.142777855e+00 +5.565277785e+01 +5.565277785e+01 -7.4206e-01 -5.8113e-01 +9.4146e-02 -2.1761e-01 +5.5590e-01 -3.5614e-01 +1.3546e-01 +5.2157e-01 +1.9240e-01 -3.4349e-01
2435 0 +7.772955372e+00 +5.528295537e+01 +5.528295537e+01 -7.4471e-01 -5.9950e-01 +1.0184e-01 -2.1642e-01 +5.4502e-01 -4.2915e-01 +1.6095e-01 +5.5407e-01 +1.6855e-01 -3.1848e-01
% f evaluations | g evaluations | best noise-free fitness - Fopt (5.534000000000e+01) + sum g_i+ | measured fitness | best measured fitness or single-digit g-values | x1 | x2...
1 0 +1.023923227e+03 +1.079263227e+03 +1.079263227e+03 +5.9671e-01 -3.8264e-02 +7.4769e-01 +1.6230e+00 -1.3415e-01 -1.3414e-01 +1.6792e+00 +8.6743e-01 -3.6947e-01 +6.4256e-01
9 0 +7.990277377e+02 +8.543677377e+02 +8.543677377e+02 -1.1967e-01 +4.5711e-01 +1.5779e+00 -4.1827e-01 -7.0849e-01 -4.0176e-01 +1.0154e+00 +4.2875e-01 -4.2976e-01 +6.1327e-01
10 0 +3.214354854e+02 +3.767754854e+02 +3.767754854e+02 +1.9708e-01 +1.0686e+00 -6.0205e-01 -2.2766e-01 -2.9211e-01 -1.3635e+00 +3.9612e-01 +3.6106e-01 +1.0511e-01 -1.3459e-01
52 0 +1.655382936e+02 +2.208782936e+02 +2.208782936e+02 -5.3657e-01 +7.8747e-01 -1.6689e-01 -7.6109e-01 -1.9142e-01 +1.5318e-01 -4.6589e-02 +1.0305e+00 +1.3115e-03 +4.9551e-01
197 0 +1.500319782e+02 +2.053719782e+02 +2.053719782e+02 +2.7246e-01 -1.0705e-02 +2.8416e-01 -2.8483e-01 -2.3747e-01 +2.8208e-02 -3.2935e-01 +4.4429e-01 +2.2082e-01 +1.3124e-01
210 0 +1.382174849e+02 +1.935574849e+02 +1.935574849e+02 +2.3855e-02 -3.3495e-01 +2.6027e-01 +3.1760e-01 -2.9839e-01 +1.8433e-01 -3.1337e-01 -8.6670e-01 +3.0519e-01 +1.1840e-01
221 0 +1.004993165e+02 +1.558393165e+02 +1.558393165e+02 -4.3934e-01 +1.3083e-01 -2.6245e-01 -4.8523e-01 -4.2021e-01 -2.1446e-02 +9.0169e-02 +9.9657e-01 +5.2143e-01 -4.0019e-01
310 0 +9.428091562e+01 +1.496209156e+02 +1.496209156e+02 +2.0761e-01 +3.6384e-02 +1.9028e-01 -2.1436e-01 -6.6683e-04 +8.7795e-03 +4.7997e-02 +2.9482e-01 +2.3092e-01 -1.2842e-02
327 0 +7.474018933e+01 +1.300801893e+02 +1.300801893e+02 -2.9291e-02 +3.5221e-01 -2.1096e-01 -2.8692e-01 +8.5172e-02 -2.7095e-01 -1.8874e-01 +2.7322e-01 +4.4976e-01 +5.1284e-01
353 0 +3.670113072e+01 +9.204113072e+01 +9.204113072e+01 +1.3631e-01 +1.1919e+00 -1.3436e-01 -2.1869e-01 +1.2880e-01 -1.3366e-01 -1.8832e-01 +6.3393e-01 +8.6257e-01 +2.3294e-01
429 0 +3.594099108e+01 +9.128099108e+01 +9.128099108e+01 +1.7654e-01 +4.4877e-01 -4.1904e-01 +3.2242e-01 -3.6245e-01 -5.7984e-01 -4.6304e-01 +6.2100e-01 +5.0181e-01 +1.4967e-01
459 0 +3.367368498e+01 +8.901368498e+01 +8.901368498e+01 -2.4625e-01 +4.0606e-01 -6.5280e-01 +1.3549e-01 -4.0510e-01 -4.3025e-01 -6.4926e-01 +2.6877e-01 +6.4429e-01 +8.6044e-02
883 0 +2.036138962e+01 +7.570138962e+01 +7.570138962e+01 -2.0495e-01 +7.8235e-01 -1.8584e-01 -2.3303e-01 -3.7617e-01 -4.1411e-01 +3.1532e-02 +5.9693e-01 +9.9373e-01 +1.3746e-01
1030 0 +1.942171220e+01 +7.476171220e+01 +7.476171220e+01 -6.6208e-02 +7.4612e-01 -2.1967e-01 -1.9149e-02 -4.6536e-01 -4.3809e-01 -1.7110e-01 +6.4910e-01 +8.1897e-01 +3.4051e-02
1247 0 +1.580249756e+01 +7.114249756e+01 +7.114249756e+01 -1.9442e-01 +8.2463e-01 -4.8936e-01 -2.4320e-01 -4.8769e-01 -3.0642e-01 -2.9800e-01 +5.5292e-01 +8.9946e-01 +1.4514e-01
1282 0 +1.405683729e+01 +6.939683729e+01 +6.939683729e+01 -1.1198e-01 +7.5066e-01 -1.8460e-01 -3.5251e-02 -2.8473e-01 -3.9391e-01 -3.2357e-01 +6.0373e-01 +8.7177e-01 +2.3578e-01
1348 0 +1.307034595e+01 +6.841034595e+01 +6.841034595e+01 -1.1790e-01 +8.1977e-01 -4.0725e-01 -8.8987e-02 -4.1129e-01 -4.4375e-01 -5.0203e-01 +5.2584e-01 +7.6175e-01 +8.6538e-02
1488 0 +1.265667736e+01 +6.799667736e+01 +6.799667736e+01 +4.7311e-03 +6.7363e-01 -3.2338e-01 -2.1670e-01 -3.0829e-01 -4.2305e-01 -2.3922e-01 +6.6269e-01 +8.4983e-01 +7.7640e-02
1725 0 +1.173120231e+01 +6.707120231e+01 +6.707120231e+01 -9.3050e-02 +5.5838e-01 -3.8623e-01 -6.6685e-02 -2.7882e-01 -3.3998e-01 -4.1832e-01 +5.8338e-01 +6.7360e-01 +1.7443e-01
1885 0 +1.078266864e+01 +6.612266864e+01 +6.612266864e+01 -3.3880e-02 +8.7706e-01 -3.4561e-01 -2.2261e-01 -3.4868e-01 -3.4238e-01 -2.4274e-01 +7.0138e-01 +9.6846e-01 +1.2753e-01
1970 0 +1.073960147e+01 +6.607960147e+01 +6.607960147e+01 -5.6632e-02 +9.3110e-01 -2.0785e-01 -2.2211e-01 -2.8866e-01 -3.2113e-01 -2.4102e-01 +6.7579e-01 +9.4018e-01 +2.1442e-01
2188 0 +1.047991363e+01 +6.581991363e+01 +6.581991363e+01 -6.6830e-02 +6.3055e-01 -4.8040e-01 -1.3578e-01 -3.9221e-01 -3.9408e-01 -4.3723e-01 +4.7251e-01 +5.6626e-01 +1.8594e-01
2199 0 +1.031794421e+01 +6.565794421e+01 +6.565794421e+01 -1.9594e-01 +6.9589e-01 -3.4590e-01 -1.3309e-01 -3.9803e-01 -3.3526e-01 -3.2315e-01 +5.7466e-01 +8.2621e-01 +2.4142e-01
2203 0 +9.684697509e+00 +6.502469751e+01 +6.502469751e+01 -1.0289e-01 +7.8334e-01 -4.0154e-01 -1.2514e-01 -4.0640e-01 -4.0828e-01 -4.1588e-01 +5.6163e-01 +7.6839e-01 +1.2852e-01
2206 0 +9.350679190e+00 +6.469067919e+01 +6.469067919e+01 -3.7906e-02 +6.3874e-01 -5.5519e-01 -7.0535e-02 -4.7078e-01 -3.5600e-01 -5.4568e-01 +4.1419e-01 +6.2414e-01 +2.5890e-01
2232 0 +9.316173070e+00 +6.465617307e+01 +6.465617307e+01 -8.9253e-02 +7.3254e-01 -3.9907e-01 -5.8014e-02 -4.0390e-01 -3.4170e-01 -4.3434e-01 +5.4229e-01 +7.6839e-01 +2.5011e-01
2251 0 +9.079416802e+00 +6.441941680e+01 +6.441941680e+01 -1.3559e-02 +6.1120e-01 -4.9014e-01 -7.3059e-04 -4.0514e-01 -4.1270e-01 -5.5120e-01 +4.1167e-01 +6.8319e-01 +2.7522e-01
2324 0 +8.860612888e+00 +6.420061289e+01 +6.420061289e+01 +3.3789e-03 +6.1486e-01 -5.7942e-01 -4.8739e-02 -4.5405e-01 -3.9621e-01 -4.9891e-01 +3.2723e-01 +6.0086e-01 +1.9271e-01
2387 0 +8.801658422e+00 +6.414165842e+01 +6.414165842e+01 -1.0488e-01 +6.9759e-01 -5.2903e-01 -5.2500e-02 -3.7262e-01 -4.2733e-01 -4.8076e-01 +4.3097e-01 +5.7449e-01 +2.3796e-01
2458 0 +8.639786214e+00 +6.397978621e+01 +6.397978621e+01 -7.0326e-02 +5.9818e-01 -5.2989e-01 -4.8581e-02 -3.2683e-01 -3.3899e-01 -4.7183e-01 +4.7476e-01 +6.7277e-01 +1.8238e-01
2464 0 +8.281238519e+00 +6.362123852e+01 +6.362123852e+01 -5.0911e-02 +6.5771e-01 -4.7342e-01 -3.6904e-02 -3.5737e-01 -3.6652e-01 -5.0243e-01 +4.2607e-01 +6.3079e-01 +2.5522e-01
% f evaluations | g evaluations | best noise-free fitness - Fopt (-9.033000000000e+01) + sum g_i+ | measured fitness | best measured fitness or single-digit g-values | x1 | x2...
1 0 +2.444699479e+03 +2.354369479e+03 +2.354369479e+03 +5.9671e-01 -3.8264e-02 +7.4769e-01 +1.6230e+00 -1.3415e-01 -1.3414e-01 +1.6792e+00 +8.6743e-01 -3.6947e-01 +6.4256e-01
3 0 +1.314897473e+03 +1.224567473e+03 +1.224567473e+03 +1.5656e+00 -1.2578e-01 +1.6753e-01 -1.3247e+00 -4.4438e-01 +2.1092e-01 -1.0510e+00 +4.7570e-01 -5.0064e-01 -1.9169e-01
4 0 +1.250276144e+03 +1.159946144e+03 +1.159946144e+03 -5.0171e-01 +1.9523e+00 +8.6503e-02 -9.5771e-01 +9.2254e-01 -1.1208e+00 +3.0886e-01 -1.8597e+00 -1.2282e+00 +2.9686e-01
7 0 +8.598506198e+02 +7.695206198e+02 +7.695206198e+02 -3.7917e-01 -8.5659e-02 -1.0063e+00 -1.0962e+00 +9.1253e-01 +1.4562e+00 +2.7990e-02 +1.1035e+00 +4.6164e-01 -5.4512e-01
10 0 +3.269921739e+02 +2.366621739e+02 +2.366621739e+02 +1.9708e-01 +1.0686e+00 -6.0205e-01 -2.2766e-01 -2.9211e-01 -1.3635e+00 +3.9612e-01 +3.6106e-01 +1.0511e-01 -1.3459e-01
35 0 +3.255980972e+02 +2.352680972e+02 +2.352680972e+02 -7.2222e-01 +3.4369e-01 +3.4497e-01 -4.0694e-01 -3.7104e-01 +3.3205e-01 -1.3481e+00 -1.3075e+00 -6.1844e-01 -1.1345e-01
60 0 +1.839581967e+02 +9.362819674e+01 +9.362819674e+01 -6.4647e-01 -4.1829e-01 +7.5111e-01 -7.6763e-01 -2.1449e-01 -3.6095e-01 -5.1149e-01 -1.1070e+00 +2.5399e-01 -4.1182e-01
180 0 +1.447875706e+02 +5.445757059e+01 +5.445757059e+01 -2.6782e-02 +1.1661e+00 -4.5565e-01 -8.4567e-01 -7.9111e-01 +4.4536e-01 -9.3095e-02 -1.4092e+00 -5.9116e-01 +4.0596e-01
195 0 +1.196031806e+02 +2.927318057e+01 +2.927318057e+01 -8.8755e-01 +4.4786e-01 -3.9200e-01 -1.0467e+00 -2.2212e-01 -5.3077e-01 -3.0824e-01 -6.9521e-01 -5.4108e-01 -2.3255e-01
227 0 +9.066334733e+01 +3.333473264e-01 +3.333473264e-01 +1.5752e-01 +2.3361e-01 +1.3895e-01 -7.8293e-01 -3.5652e-01 +2.9195e-01 -6.4731e-01 -7.5844e-01 +4.8561e-02 +5.8701e-01
272 0 +8.503022741e+01 -5.299772589e+00 -5.299772589e+00 -1.1157e-01 +5.8063e-01 -2.8282e-01 -1.4359e+00 -2.4774e-01 -4.0030e-01 -2.6097e-01 -4.7734e-01 -7.5822e-02 +1.3027e-01
296 0 +7.059765287e+01 -1.973234713e+01 -1.973234713e+01 -3.5022e-01 -3.1555e-02 +1.3452e-01 -5.6382e-01 -3.6813e-01 -1.3293e-01 -8.2638e-02 -1.9074e-01 -1.3872e-01 +1.7300e-01
308 0 +5.401390269e+01 -3.631609731e+01 -3.631609731e+01 -6.3532e-02 +1.5520e-01 +5.7726e-03 -6.6095e-01 -3.8865e-02 +4.1521e-02 -5.2920e-01 -5.0116e-01 -2.4597e-01 -1.7413e-01
329 0 +5.307950858e+01 -3.725049142e+01 -3.725049142e+01 -2.2972e-01 +4.8601e-01 -2.1805e-01 -1.0882e+00 +3.1856e-01 -4.0724e-01 +6.0022e-02 -5.9543e-01 -3.3389e-01 +5.9262e-01
395 0 +4.504484941e+01 -4.528515059e+01 -4.528515059e+01 +9.5211e-03 +4.3275e-01 -2.6047e-01 -1.0361e+00 +5.1190e-01 -3.9239e-01 -1.8257e-01 -5.6812e-01 -5.8559e-01 -2.6564e-02
493 0 +4.346069098e+01 -4.686930902e+01 -4.686930902e+01 -9.3384e-03 +4.9649e-01 +5.5418e-02 -1.1497e+00 +3.1797e-01 -8.2204e-02 -3.0526e-01 -5.8508e-01 -7.2145e-01 -5.0870e-02
513 0 +3.953196262e+01 -5.079803738e+01 -5.079803738e+01 +7.7661e-02 +5.8075e-01 +1.2858e-01 -8.7952e-01 +1.5720e-01 -6.8089e-02 -3.9557e-01 -9.6736e-01 -7.5098e-01 +1.8271e-01
526 0 +3.917128686e+01 -5.115871314e+01 -5.115871314e+01 +4.7623e-02 +5.2449e-01 -3.1745e-01 -4.7340e-01 -1.0778e-01 -1.9161e-01 -3.4693e-02 -6.9350e-01 -2.3706e-01 +1.8792e-01
559 0 +3.151330902e+01 -5.881669098e+01 -5.881669098e+01 +2.0989e-02 +4.5022e-01 -1.5266e-01 -8.2958e-01 +3.7672e-02 -2.3470e-01 -5.1946e-01 -7.4573e-01 -1.7604e-01 +2.4366e-01
568 0 +2.723764099e+01 -6.309235901e+01 -6.309235901e+01 -3.7319e-01 +5.9321e-01 +1.8026e-03 -6.6192e-01 +5.0680e-02 -2.1270e-01 -1.4987e-01 -5.3479e-01 -5.8741e-01 +2.3835e-01
602 0 +2.156848345e+01 -6.876151655e+01 -6.876151655e+01 -2.0528e-01 +6.7912e-01 -7.2810e-02 -7.7257e-01 +5.6934e-03 -2.2632e-01 -4.0689e-01 -7.3173e-01 -2.4282e-01 -2.7116e-02
668 0 +1.666654710e+01 -7.366345290e+01 -7.366345290e+01 -2.1372e-01 +5.9685e-01 -1.9744e-04 -8.1004e-01 +2.1534e-01 -6.1262e-01 -3.8799e-01 -7.1194e-01 -4.2998e-01 +2.2257e-01
857 0 +1.435612726e+01 -7.597387274e+01 -7.597387274e+01 -1.4788e-01 +4.7228e-01 -4.4227e-02 -9.0852e-01 +1.4063e-01 -2.9464e-01 -2.3818e-01 -7.8273e-01 -5.1128e-01 +4.5465e-02
920 0 +1.414339234e+01 -7.618660766e+01 -7.618660766e+01 -1.6042e-01 +4.1251e-01 -1.4410e-01 -7.2623e-01 +2.8733e-01 -3.7408e-01 -2.5697e-01 -6.8882e-01 -3.4646e-01 +2.1281e-01
929 0 +1.229332211e+01 -7.803667789e+01 -7.803667789e+01 -2.3322e-01 +4.7554e-01 -7.4591e-02 -6.6932e-01 +1.1291e-01 -4.0621e-01 -3.3428e-01 -7.4755e-01 -3.9646e-01 +2.8410e-01
997 0 +1.208114441e+01 -7.824885559e+01 -7.824885559e+01 -1.3159e-01 +4.8440e-01 -7.5331e-02 -6.5689e-01 +1.9368e-01 -5.5862e-01 -1.7876e-01 -8.0165e-01 -3.8049e-01 +1.4362e-01
1088 0 +1.184255694e+01 -7.848744306e+01 -7.848744306e+01 -1.2006e-01 +5.1156e-01 -1.9685e-01 -6.9442e-01 +3.8968e-01 -5.5581e-01 -1.1983e-01 -8.2970e-01 -4.8930e-01 +3.2292e-01
1107 0 +1.052465422e+01 -7.980534578e+01 -7.980534578e+01 -2.5851e-01 +5.0873e-01 -8.5876e-02 -7.4994e-01 +3.6368e-02 -4.7464e-01 -2.3495e-01 -8.2926e-01 -4.0166e-01 +1.4367e-01
1320 0 +1.001733996e+01 -8.031266004e+01 -8.031266004e+01 -2.1951e-01 +5.5148e-01 -7.8494e-02 -6.4841e-01 +8.5379e-02 -4.6631e-01 -9.0764e-02 -7.4411e-01 -4.6531e-01 +2.4351e-01
1329 0 +9.046695555e+00 -8.128330444e+01 -8.128330444e+01 -1.7670e-01 +5.8440e-01 -1.6670e-01 -6.6202e-01 +1.6216e-01 -4.7524e-01 -2.7254e-01 -8.0223e-01 -5.0499e-01 +1.9487e-01
1498 0 +8.757145126e+00 -8.157285487e+01 -8.157285487e+01 -1.2294e-01 +5.2174e-01 -1.0860e-01 -5.8693e-01 +2.0272e-01 -5.1275e-01 -1.2986e-01 -7.1330e-01 -3.9280e-01 +3.1318e-01
1556 0 +8.725888593e+00 -8.160411141e+01 -8.160411141e+01 -1.9240e-01 +5.3987e-01 -1.4865e-01 -6.9403e-01 +2.6694e-01 -5.2240e-01 -1.5998e-01 -7.7163e-01 -4.4389e-01 +2.4554e-01
1612 0 +8.572554960e+00 -8.175744504e+01 -8.175744504e+01 -1.7302e-01 +5.1245e-01 -1.2804e-01 -6.2709e-01 +1.9879e-01 -5.2296e-01 -2.0042e-01 -7.5265e-01 -5.1479e-01 +2.6272e-01
1617 0 +8.509001745e+00 -8.182099825e+01 -8.182099825e+01 -1.9040e-01 +5.4798e-01 -1.8901e-01 -6.3702e-01 +1.5326e-01 -4.5298e-01 -1.3468e-01 -7.7716e-01 -4.6733e-01 +2.6400e-01
1620 0 +8.380657438e+00 -8.194934256e+01 -8.194934256e+01 -1.7445e-01 +4.9960e-01 -1.3527e-01 -6.5870e-01 +1.5924e-01 -4.3083e-01 -1.5002e-01 -7.5343e-01 -4.6928e-01 +2.5218e-01
1667 0 +8.312707522e+00 -8.201729248e+01 -8.201729248e+01 -1.8023e-01 +5.4643e-01 -1.7521e-01 -5.5436e-01 +2.8767e-01 -4.7680e-01 -1.5766e-01 -7.6367e-01 -4.0889e-01 +2.6310e-01
1727 0 +8.156402492e+00 -8.217359751e+01 -8.217359751e+01 -1.4370e-01 +5.3294e-01 -1.6134e-01 -5.0975e-01 +2.6414e-01 -5.0745e-01 -9.1564e-02 -7.5797e-01 -4.0245e-01 +3.4266e-01
1803 0 +8.084179400e+00 -8.224582060e+01 -8.224582060e+01 -1.3511e-01 +4.8652e-01 -1.6254e-01 -4.8010e-01 +3.5213e-01 -4.8489e-01 -9.6971e-02 -7.4000e-01 -4.3066e-01 +3.6330e-01
1810 0 +8.033818837e+00 -8.229618116e+01 -8.229618116e+01 -1.5291e-01 +4.7139e-01 -1.5239e-01 -5.7570e-01 +3.2023e-01 -4.3264e-01 -1.2075e-01 -7.4624e-01 -4.5189e-01 +2.9669e-01
1823 0 +7.914322404e+00 -8.241567760e+01 -8.241567760e+01 -1.5185e-01 +5.6709e-01 -1.3767e-01 -6.2525e-01 +2.6217e-01 -4.8236e-01 -1.5127e-01 -7.6607e-01 -4.0997e-01 +2.4961e-01
1931 0 +7.825743547e+00 -8.250425645e+01 -8.250425645e+01 -1.7460e-01 +5.2842e-01 -1.7592e-01 -6.0221e-01 +3.2118e-01 -4.4582e-01 -1.2509e-01 -7.5966e-01 -4.0719e-01 +3.0975e-01
1942 0 +7.615729686e+00 -8.271427031e+01 -8.271427031e+01 -1.6637e-01 +5.3066e-01 -1.3032e-01 -5.6820e-01 +3.0103e-01 -4.8183e-01 -8.2913e-02 -7.7482e-01 -4.4119e-01 +3.3125e-01
1978 0 +7.530000458e+00 -8.279999954e+01 -8.279999954e+01 -1.3973e-01 +4.9396e-01 -1.8646e-01 -5.4328e-01 +3.4577e-01 -4.4817e-01 -7.5176e-02 -7.2300e-01 -4.2792e-01 +3.8127e-01
2047 0 +7.214230267e+00 -8.311576973e+01 -8.311576973e+01 -1.0952e-01 +4.6881e-01 -1.4188e-01 -5.4416e-01 +3.4981e-01 -4.5111e-01 -2.4972e-02 -7.4015e-01 -4.1679e-01 +3.6935e-01
2240 0 +7.130261053e+00 -8.319973895e+01 -8.319973895e+01 -6.9976e-02 +4.2009e-01 -1.9060e-01 -5.1263e-01 +4.3049e-01 -4.1263e-01 +6.8321e-02 -7.6343e-01 -3.8439e-01 +4.5274e-01
2275 0 +7.047461966e+00 -8.328253803e+01 -8.328253803e+01 -2.8009e-02 +4.0007e-01 -1.8473e-01 -4.0185e-01 +4.4616e-01 -4.1463e-01 +1.0566e-01 -7.8627e-01 -3.3796e-01 +5.3594e-01
2280 0 +6.979051490e+00 -8.335094851e+01 -8.335094851e+01 -1.4196e-02 +3.5475e-01 -1.1045e-01 -4.5267e-01 +4.3500e-01 -3.9492e-01 +8.0435e-02 -7.9293e-01 -3.4798e-01 +5.1712e-01
2288 0 +6.889894982e+00 -8.344010502e+01 -8.344010502e+01 -4.1262e-02 +4.3415e-01 -1.6478e-01 -4.6136e-01 +4.1311e-01 -4.4537e-01 +7.7162e-02 -7.7275e-01 -3.4154e-01 +4.3789e-01
2380 0 +6.852864021e+00 -8.347713598e+01 -8.347713598e+01 -2.9356e-02 +4.3195e-01 -1.4357e-01 -4.5719e-01 +4.1749e-01 -4.2404e-01 +1.3297e-01 -7.9578e-01 -3.1357e-01 +4.9236e-01
2398 0 +6.808987688e+00 -8.352101231e+01 -8.352101231e+01 -1.0762e-02 +4.1523e-01 -1.2540e-01 -4.7461e-01 +4.0921e-01 -4.2409e-01 +7.8861e-02 -7.6086e-01 -3.3581e-01 +4.4403e-01
2408 0 +6.548860149e+00 -8.378113985e+01 -8.378113985e+01 -9.6833e-03 +3.6254e-01 -1.3754e-01 -4.6517e-01 +4.3431e-01 -3.9000e-01 +1.2567e-01 -7.7158e-01 -3.2914e-01 +5.1491e-01
2449 0 +6.288704539e+00 -8.404129546e+01 -8.404129546e+01 +3.4282e-03 +3.6123e-01 -1.1549e-01 -4.0458e-01 +4.4949e-01 -3.8025e-01 +1.5964e-01 -7.9241e-01 -2.7427e-01 +5.3412e-01
% f evaluations | g evaluations | best noise-free fitness - Fopt (6.561000000000e+01) + sum g_i+ | measured fitness | best measured fitness or single-digit g-values | x1 | x2...
1 0 +2.238440594e+03 +2.304050594e+03 +2.304050594e+03 +5.9671e-01 -3.8264e-02 +7.4769e-01 +1.6230e+00 -1.3415e-01 -1.3414e-01 +1.6792e+00 +8.6743e-01 -3.6947e-01 +6.4256e-01
3 0 +6.909469089e+02 +7.565569089e+02 +7.565569089e+02 +1.5656e+00 -1.2578e-01 +1.6753e-01 -1.3247e+00 -4.4438e-01 +2.1092e-01 -1.0510e+00 +4.7570e-01 -5.0064e-01 -1.9169e-01
6 0 +5.142907129e+02 +5.799007129e+02 +5.799007129e+02 +4.2408e-01 -2.8508e-01 -5.7692e-01 +7.1168e-01 +1.1310e+00 +1.0313e+00 -7.3922e-01 -2.0921e-01 +4.3126e-01 +1.0755e+00
22 0 +3.547311215e+02 +4.203411215e+02 +4.203411215e+02 +6.7089e-01 +1.2356e+00 +1.0540e+00 +7.5139e-01 -2.1527e-01 +8.5897e-01 -6.7283e-01 -1.3682e-01 -3.8536e-01 +1.8187e-01
41 0 +3.360756058e+02 +4.016856058e+02 +4.016856058e+02 -1.4944e+00 -4.9938e-01 +1.0524e-01 +1.4698e-01 -3.5007e-01 +7.2285e-01 -9.6762e-01 -4.2379e-02 +2.2030e-01 +6.1444e-01
56 0 +3.040239670e+02 +3.696339670e+02 +3.696339670e+02 +1.7217e-01 -2.2501e-01 +4.3459e-01 -8.6634e-02 +7.0554e-01 -6.2582e-01 -3.4729e-01 +1.3993e-01 -7.9345e-02 +4.0999e-01
60 0 +2.748053017e+02 +3.404153017e+02 +3.404153017e+02 -7.7860e-01 -7.6419e-01 +3.7526e-01 +1.6963e-01 +4.6260e-01 -2.8894e-01 -8.2683e-01 -2.6984e-01 +1.2080e-01 -2.1842e-01
72 0 +2.519104350e+02 +3.175204350e+02 +3.175204350e+02 -5.5226e-01 +9.5644e-01 -8.6336e-02 -1.1696e-01 -1.1828e-01 +4.1461e-01 -8.7706e-03 -3.9504e-01 +6.2141e-01 -1.5524e-01
148 0 +1.318980609e+02 +1.975080609e+02 +1.975080609e+02 -5.7749e-02 -6.4778e-01 +1.1064e-01 +3.8399e-01 +4.0864e-02 +6.4933e-01 -1.0874e+00 -2.1217e-02 -1.2764e-01 +6.4581e-01
206 0 +1.312520633e+02 +1.968620633e+02 +1.968620633e+02 -7.5984e-01 -6.1545e-01 +9.6572e-01 +3.2541e-01 -1.8086e-01 +3.6050e-01 -5.7784e-01 +4.8774e-02 +2.6513e-01 +6.8566e-01
210 0 +8.702774918e+01 +1.526377492e+02 +1.526377492e+02 +4.2361e-01 +4.1599e-01 +5.7443e-01 -2.1940e-01 -2.1990e-01 -3.6430e-01 -6.2498e-01 +3.1949e-01 +6.1326e-01 -1.3778e-01
299 0 +5.265321010e+01 +1.182632101e+02 +1.182632101e+02 -5.4782e-01 -5.0432e-02 +1.0249e+00 +1.9132e-01 -9.7032e-03 +3.3508e-02 -8.9752e-01 +5.0713e-01 +4.9092e-01 +4.9944e-01
363 0 +4.811399389e+01 +1.137239939e+02 +1.137239939e+02 -4.1072e-04 -7.8201e-02 +1.0769e+00 +3.3115e-01 -4.3105e-01 +8.8215e-02 -9.7769e-01 +2.3416e-01 -2.8861e-02 +3.3630e-01
373 0 +3.989315067e+01 +1.055031507e+02 +1.055031507e+02 -3.2313e-02 +1.7872e-01 +8.1087e-01 +3.9994e-01 -7.9187e-02 +3.5866e-01 -1.0281e+00 -1.9534e-01 +1.5623e-01 +1.7370e-01
499 0 +3.434134261e+01 +9.995134261e+01 +9.995134261e+01 -1.8504e-01 +1.4046e-01 +6.7742e-01 +3.9518e-01 -4.4240e-01 +3.5310e-01 -1.2436e+00 +3.9965e-02 +4.7390e-01 +5.3889e-01
697 0 +3.072528421e+01 +9.633528421e+01 +9.633528421e+01 -1.0128e-01 +2.7873e-01 +8.3765e-01 +4.2538e-01 -1.0902e-01 -6.7118e-02 -1.0741e+00 +8.3591e-02 +4.0678e-01 +4.1830e-01
762 0 +2.841058776e+01 +9.402058776e+01 +9.402058776e+01 -1.5810e-01 +2.3715e-01 +1.1603e+00 +6.2469e-01 -4.1855e-01 +2.6910e-01 -1.0417e+00 +2.7785e-01 +5.0766e-01 +8.6405e-02
796 0 +2.819182382e+01 +9.380182382e+01 +9.380182382e+01 -2.6674e-01 -8.9825e-03 +7.6684e-01 +2.8495e-01 -3.5619e-01 +5.7411e-03 -1.1825e+00 +3.2619e-01 +5.8014e-01 +2.3261e-01
797 0 +2.705689053e+01 +9.266689053e+01 +9.266689053e+01 +1.8026e-01 +4.7603e-01 +8.2973e-01 +5.1037e-01 -5.0923e-01 +1.4675e-01 -9.8024e-01 +1.2385e-01 +2.6892e-01 +3.6423e-01
815 0 +2.374768509e+01 +8.935768509e+01 +8.935768509e+01 +3.2594e-01 +1.9730e-01 +8.6315e-01 +4.6476e-01 -2.0486e-01 +1.3402e-01 -5.7980e-01 +1.4152e-01 +4.2731e-01 +3.6207e-01
835 0 +2.090307733e+01 +8.651307733e+01 +8.651307733e+01 +2.4624e-01 +2.7229e-01 +1.2121e+00 +3.9948e-01 -3.8147e-01 +3.2874e-01 -8.0217e-01 +1.7599e-01 +5.4076e-01 +2.3751e-01
912 0 +1.315883882e+01 +7.876883882e+01 +7.876883882e+01 +2.8720e-01 +1.4987e-01 +8.6164e-01 +2.9967e-01 -4.0259e-01 +2.0197e-01 -8.0723e-01 +1.2203e-01 +3.9623e-01 +2.8138e-01
1121 0 +1.300900400e+01 +7.861900400e+01 +7.861900400e+01 +2.9329e-01 +1.5933e-01 +8.9956e-01 +3.8588e-01 -3.1053e-01 +2.4241e-01 -7.1738e-01 +1.5525e-01 +2.7252e-01 +2.1467e-01
1160 0 +1.279159689e+01 +7.840159689e+01 +7.840159689e+01 +1.3032e-01 +1.5015e-01 +8.9710e-01 +4.0810e-01 -4.1088e-01 +1.9275e-01 -5.4553e-01 +4.7990e-02 +3.2173e-01 +2.8222e-01
1204 0 +1.258712928e+01 +7.819712928e+01 +7.819712928e+01 +7.8811e-02 +1.9236e-01 +8.5769e-01 +3.4874e-01 -4.0782e-01 +3.2094e-01 -9.2684e-01 +2.4355e-01 +3.2502e-01 +2.3753e-01
1218 0 +1.205055445e+01 +7.766055445e+01 +7.766055445e+01 +1.6124e-02 +2.4716e-01 +9.4532e-01 +5.0043e-01 -3.8125e-01 +2.4130e-01 -1.0439e+00 +1.5417e-01 +4.0365e-01 +2.6349e-01
1238 0 +1.116157677e+01 +7.677157677e+01 +7.677157677e+01 +2.2598e-01 +1.3271e-01 +9.9539e-01 +2.9593e-01 -3.6001e-01 +3.0194e-01 -5.7253e-01 +1.9212e-01 +3.2607e-01 +2.4147e-01
1266 0 +1.041378781e+01 +7.602378781e+01 +7.602378781e+01 +2.9541e-01 +2.1445e-01 +9.9640e-01 +4.0917e-01 -3.6916e-01 +2.9900e-01 -6.2176e-01 +2.0117e-01 +3.2629e-01 +3.0901e-01
1537 0 +9.975572745e+00 +7.558557274e+01 +7.558557274e+01 +1.7308e-01 +2.0243e-01 +1.0577e+00 +4.2682e-01 -4.8294e-01 +2.5297e-01 -7.7088e-01 +1.9589e-01 +3.3550e-01 +3.1480e-01
1578 0 +9.426762446e+00 +7.503676245e+01 +7.503676245e+01 +2.8074e-01 +1.7711e-01 +9.3932e-01 +3.6600e-01 -4.6276e-01 +2.6467e-01 -6.3272e-01 +1.8516e-01 +2.6733e-01 +3.0099e-01
1665 0 +9.084565667e+00 +7.469456567e+01 +7.469456567e+01 +2.5747e-01 +2.0415e-01 +1.0429e+00 +3.9084e-01 -4.3576e-01 +2.7780e-01 -6.9261e-01 +1.0394e-01 +3.5388e-01 +3.1553e-01
1769 0 +8.747754053e+00 +7.435775405e+01 +7.435775405e+01 +2.6977e-01 +1.6903e-01 +1.0043e+00 +4.1677e-01 -4.5189e-01 +2.5735e-01 -6.1309e-01 +8.8087e-02 +2.9143e-01 +3.2642e-01
1872 0 +8.354656590e+00 +7.396465659e+01 +7.396465659e+01 +2.5744e-01 +1.9069e-01 +9.9626e-01 +3.6157e-01 -4.6834e-01 +2.5870e-01 -4.4825e-01 +1.3587e-01 +2.1938e-01 +2.8339e-01
2166 0 +8.221892794e+00 +7.383189279e+01 +7.383189279e+01 +2.7911e-01 +1.5790e-01 +1.0616e+00 +3.5631e-01 -4.5034e-01 +2.6962e-01 -5.3465e-01 +1.2817e-01 +2.4467e-01 +2.7784e-01
2208 0 +8.009295908e+00 +7.361929591e+01 +7.361929591e+01 +2.7528e-01 +1.2168e-01 +1.0317e+00 +3.5192e-01 -4.7087e-01 +2.7971e-01 -4.5339e-01 +1.4822e-01 +2.4692e-01 +3.0666e-01
2466 0 +7.987536393e+00 +7.359753639e+01 +7.359753639e+01 +2.6274e-01 +1.2290e-01 +1.0466e+00 +3.6455e-01 -4.8823e-01 +3.1805e-01 -4.4182e-01 +1.5307e-01 +1.7518e-01 +2.7834e-01
% f evaluations | g evaluations | best noise-free fitness - Fopt (9.348200000000e+02) + sum g_i+ | measured fitness | best measured fitness or single-digit g-values | x1 | x2...
1 0 +1.902517623e+03 +2.837337623e+03 +2.837337623e+03 +5.9671e-01 -3.8264e-02 +7.4769e-01 +1.6230e+00 -1.3415e-01 -1.3414e-01 +1.6792e+00 +8.6743e-01 -3.6947e-01 +6.4256e-01
2 0 +1.867535930e+03 +2.802355930e+03 +2.802355930e+03 -3.6342e-01 -3.6573e-01 +3.4196e-01 -1.8133e+00 -1.6249e+00 -4.6229e-01 -9.1283e-01 +4.1425e-01 -8.0802e-01 -1.3123e+00
6 0 +1.504326103e+03 +2.439146103e+03 +2.439146103e+03 +4.2408e-01 -2.8508e-01 -5.7692e-01 +7.1168e-01 +1.1310e+00 +1.0313e+00 -7.3922e-01 -2.0921e-01 +4.3126e-01 +1.0755e+00
9 0 +8.705206681e+02 +1.805340668e+03 +1.805340668e+03 -1.1967e-01 +4.5711e-01 +1.5779e+00 -4.1827e-01 -7.0849e-01 -4.0176e-01 +1.0154e+00 +4.2875e-01 -4.2976e-01 +6.1327e-01
10 0 +5.819633947e+02 +1.516783395e+03 +1.516783395e+03 +1.9708e-01 +1.0686e+00 -6.0205e-01 -2.2766e-01 -2.9211e-01 -1.3635e+00 +3.9612e-01 +3.6106e-01 +1.0511e-01 -1.3459e-01
46 0 +4.741385353e+02 +1.408958535e+03 +1.408958535e+03 +3.7321e-02 +1.0551e+00 -8.8573e-01 +6.0405e-01 -4.3026e-01 -6.9287e-01 -7.0304e-03 -9.3524e-01 -4.5365e-01 -1.0979e+00
56 0 +1.624245151e+02 +1.097244515e+03 +1.097244515e+03 +1.2680e-01 -1.5454e-02 -2.6155e-01 +3.5312e-01 -7.4400e-02 -4.0549e-01 +4.8965e-01 -7.4898e-01 +3.5439e-01 -1.3202e+00
72 0 +1.116554761e+02 +1.046475476e+03 +1.046475476e+03 -8.0948e-02 +1.0614e+00 +1.6130e-03 +1.9879e-01 +3.7573e-01 -9.3811e-02 +3.0758e-02 -5.8447e-01 -2.0352e-01 +4.9661e-01
312 0 +1.024977208e+02 +1.037317721e+03 +1.037317721e+03 +4.0544e-01 +2.3899e-01 -1.4282e-01 +5.9978e-01 -2.2256e-01 -2.3866e-01 +3.9169e-01 -3.1908e-02 -4.8151e-01 -4.5619e-01
329 0 +9.816069069e+01 +1.032980691e+03 +1.032980691e+03 -4.5317e-01 -1.6236e-01 +3.1239e-01 +1.4826e-01 -3.9190e-01 +1.6904e-01 +2.1672e-01 -2.5456e-01 -7.0689e-02 -1.0740e+00
333 0 +9.530444724e+01 +1.030124447e+03 +1.030124447e+03 -2.0619e-02 +2.4169e-01 +4.8726e-01 +8.0619e-01 -2.5067e-02 -7.6826e-02 -5.2718e-01 -3.6676e-01 -2.5283e-01 -2.3146e-02
358 0 +8.228106372e+01 +1.017101064e+03 +1.017101064e+03 -9.0713e-02 +1.9164e-01 +1.3966e-01 +3.3140e-01 +3.3187e-01 +4.4443e-01 +1.9184e-01 -2.2459e-01 -7.1680e-01 -3.6549e-01
374 0 +7.364752039e+01 +1.008467520e+03 +1.008467520e+03 -1.4308e-01 +1.7092e-01 -1.0289e-01 +2.9211e-01 -3.6279e-01 -1.6541e-01 -2.0628e-01 -3.1932e-01 -3.2084e-01 -6.5101e-01
397 0 +7.178235141e+01 +1.006602351e+03 +1.006602351e+03 -4.4676e-01 +2.2079e-02 -2.1262e-01 +3.6597e-01 +2.5292e-02 -2.0281e-01 +4.7107e-01 -1.0425e+00 -6.8437e-01 -4.4763e-01
419 0 +6.693532526e+01 +1.001755325e+03 +1.001755325e+03 -3.9065e-01 -2.4029e-01 +1.2007e-02 +2.9577e-01 -1.2930e-03 -3.0610e-01 +1.5365e-01 -2.3141e-01 -9.3732e-01 -2.0015e-01
438 0 +5.096155103e+01 +9.857815510e+02 +9.857815510e+02 -1.6839e-01 +2.2293e-01 +3.5364e-02 +4.0455e-01 -8.8324e-02 -4.3264e-01 +3.4278e-01 -1.2563e-02 -8.7967e-01 -2.4527e-01
500 0 +4.386550291e+01 +9.786855029e+02 +9.786855029e+02 -5.7334e-01 +2.5284e-01 +2.3196e-01 +3.6662e-01 -3.2480e-01 -5.6152e-01 +4.6469e-01 -6.8080e-02 -7.5159e-01 -8.3097e-01
532 0 +4.184416560e+01 +9.766641656e+02 +9.766641656e+02 -4.0662e-01 -1.3935e-02 -1.3758e-02 +2.1934e-01 -3.7885e-02 +2.5115e-01 +6.1404e-05 -4.9783e-02 -8.8363e-01 -4.6524e-01
533 0 +3.406312338e+01 +9.688831234e+02 +9.688831234e+02 -4.3368e-01 +2.9552e-01 +6.3989e-02 +3.5133e-01 -2.3656e-01 +2.1221e-03 +2.6260e-01 -5.9457e-02 -5.7224e-01 -5.8666e-01
627 0 +3.247177655e+01 +9.672917766e+02 +9.672917766e+02 -4.3474e-01 +1.4630e-01 +3.9718e-01 +5.9816e-01 -4.4764e-01 -7.8472e-02 +7.1023e-02 +8.0203e-02 -6.1006e-01 -5.2328e-01
717 0 +3.230473670e+01 +9.671247367e+02 +9.671247367e+02 -3.0478e-01 +1.0431e-01 +5.2618e-01 +2.7331e-01 -1.7513e-01 -1.9463e-01 -6.8139e-03 +4.6865e-01 -5.6771e-01 -3.3379e-01
791 0 +2.605792078e+01 +9.608779208e+02 +9.608779208e+02 -2.7530e-01 +1.0736e-01 +2.8718e-01 +5.9873e-01 -1.2999e-01 -2.9679e-01 +2.6432e-01 -7.0897e-02 -8.1764e-01 -5.8717e-01
839 0 +2.248362245e+01 +9.573036224e+02 +9.573036224e+02 -3.0167e-01 -3.7218e-01 +2.8194e-01 +3.8360e-01 -2.6574e-01 -5.4926e-02 +3.4349e-01 -1.1445e-02 -8.4782e-01 -6.2965e-01
905 0 +2.005233535e+01 +9.548723353e+02 +9.548723353e+02 -6.9966e-01 +2.9149e-01 +3.4788e-02 +5.3584e-01 -1.0486e-01 -2.4747e-01 +6.4005e-01 -3.2667e-01 -1.0215e+00 -5.6943e-01
924 0 +1.846599393e+01 +9.532859939e+02 +9.532859939e+02 -3.7589e-01 +1.3986e-01 +4.3421e-01 +6.1348e-01 -3.1446e-01 -1.3150e-01 +2.0474e-01 -8.8003e-02 -8.4471e-01 -6.1804e-01
972 0 +1.456568355e+01 +9.493856836e+02 +9.493856836e+02 -5.5533e-01 +5.0500e-02 +1.5208e-01 +5.0644e-01 -2.3082e-01 -2.5358e-01 +6.2369e-01 -3.9637e-01 -1.1930e+00 -6.0346e-01
1025 0 +1.304985774e+01 +9.478698577e+02 +9.478698577e+02 -6.6843e-01 +1.8431e-02 +1.9786e-01 +3.1435e-01 -3.0006e-01 -2.7638e-01 +4.9952e-01 -4.7348e-01 -1.0422e+00 -5.3979e-01
1035 0 +1.264907592e+01 +9.474690759e+02 +9.474690759e+02 -5.5673e-01 +6.5424e-02 +6.5866e-02 +4.2613e-01 -2.8729e-01 -8.1404e-02 +5.2073e-01 -2.8252e-01 -1.0777e+00 -5.7155e-01
1170 0 +1.176118150e+01 +9.465811815e+02 +9.465811815e+02 -3.4206e-01 +7.5634e-02 +3.2352e-01 +5.2511e-01 -3.2569e-01 -8.7243e-02 +3.1883e-01 -5.3563e-02 -9.2838e-01 -6.4081e-01
1204 0 +1.139867937e+01 +9.462186794e+02 +9.462186794e+02 -5.0791e-01 -1.4340e-02 +3.5103e-01 +3.7695e-01 -3.6057e-01 -1.4709e-01 +4.2747e-01 -2.1283e-01 -1.0043e+00 -6.9426e-01
1224 0 +9.610966818e+00 +9.444309668e+02 +9.444309668e+02 -4.8436e-01 +1.8596e-02 +3.7421e-01 +3.7581e-01 -3.6334e-01 -5.9890e-02 +2.8034e-01 +1.5341e-02 -9.2116e-01 -7.5669e-01
1555 0 +9.013406141e+00 +9.438334061e+02 +9.438334061e+02 -3.6882e-01 -1.5709e-01 +2.9352e-01 +3.9501e-01 -3.4342e-01 -1.7963e-01 +2.3797e-01 +1.2640e-01 -8.4062e-01 -7.3930e-01
1560 0 +8.865464280e+00 +9.436854643e+02 +9.436854643e+02 -4.0613e-01 -1.9113e-02 +2.8461e-01 +3.1540e-01 -2.7647e-01 -1.0959e-01 +2.2042e-01 +1.0750e-01 -8.6916e-01 -7.0342e-01
1644 0 +8.821567288e+00 +9.436415673e+02 +9.436415673e+02 -4.3303e-01 +4.7027e-02 +2.9274e-01 +4.1526e-01 -3.5966e-01 -7.2032e-02 +2.5549e-01 -4.3793e-02 -9.6392e-01 -6.6045e-01
1645 0 +8.811173651e+00 +9.436311737e+02 +9.436311737e+02 -4.5190e-01 +4.0523e-03 +2.1716e-01 +4.0238e-01 -2.5949e-01 -1.2129e-01 +3.8934e-01 -1.5879e-01 -9.3547e-01 -6.6109e-01
1654 0 +8.655274241e+00 +9.434752742e+02 +9.434752742e+02 -3.9079e-01 -1.7827e-01 +2.7640e-01 +3.7355e-01 -3.1474e-01 -7.6415e-02 +1.3010e-01 +2.0277e-01 -8.7401e-01 -6.8087e-01
1691 0 +8.148805965e+00 +9.429688060e+02 +9.429688060e+02 -4.4162e-01 -1.1414e-01 +2.9595e-01 +3.4470e-01 -4.0301e-01 -9.5068e-02 +1.3685e-01 +1.6540e-01 -8.5478e-01 -7.3479e-01
1725 0 +7.385252457e+00 +9.422052525e+02 +9.422052525e+02 -4.0828e-01 -8.5396e-02 +3.4442e-01 +3.5580e-01 -3.7778e-01 -9.6605e-02 +1.8063e-01 +2.2960e-01 -8.5844e-01 -7.0830e-01
1893 0 +7.114123268e+00 +9.419341233e+02 +9.419341233e+02 -3.5419e-01 -1.7705e-01 +3.1133e-01 +3.5817e-01 -3.7513e-01 -9.4371e-02 +1.4904e-01 +3.4201e-01 -7.7988e-01 -6.8276e-01
2394 0 +7.021195176e+00 +9.418411952e+02 +9.418411952e+02 -3.6215e-01 -1.6020e-01 +3.3320e-01 +3.4575e-01 -3.6150e-01 -5.8735e-02 +1.7627e-01 +2.7640e-01 -7.7402e-01 -6.5239e-01
2468 0 +6.830002059e+00 +9.416500021e+02 +9.416500021e+02 -3.5611e-01 -2.1148e-01 +3.9608e-01 +3.6595e-01 -3.8915e-01 -9.5190e-02 +2.0073e-01 +4.3943e-01 -7.5184e-01 -6.2252e-01
% f evaluations | g evaluations | best noise-free fitness - Fopt (-6.371000000000e+01) + sum g_i+ | measured fitness | best measured fitness or single-digit g-values | x1 | x2...
1 0 +1.611144065e+03 +1.547434065e+03 +1.547434065e+03 +5.9671e-01 -3.8264e-02 +7.4769e-01 +1.6230e+00 -1.3415e-01 -1.3414e-01 +1.6792e+00 +8.6743e-01 -3.6947e-01 +6.4256e-01
9 0 +1.280976501e+03 +1.217266501e+03 +1.217266501e+03 -1.1967e-01 +4.5711e-01 +1.5779e+00 -4.1827e-01 -7.0849e-01 -4.0176e-01 +1.0154e+00 +4.2875e-01 -4.2976e-01 +6.1327e-01
10 0 +7.360643450e+02 +6.723543450e+02 +6.723543450e+02 +1.9708e-01 +1.0686e+00 -6.0205e-01 -2.2766e-01 -2.9211e-01 -1.3635e+00 +3.9612e-01 +3.6106e-01 +1.0511e-01 -1.3459e-01
16 0 +7.176856034e+02 +6.539756034e+02 +6.539756034e+02 +3.5049e-01 +4.4645e-01 -5.8002e-01 +3.3225e-01 +3.9307e-01 -6.1435e-01 +1.9658e+00 +5.7383e-01 -1.0913e+00 +7.5655e-01
30 0 +6.346634408e+02 +5.709534408e+02 +5.709534408e+02 -1.0812e-01 -3.9300e-01 -4.8936e-01 +9.4960e-01 +4.5702e-01 -5.9291e-01 +9.9960e-01 +4.0730e-01 +9.1286e-01 +7.2963e-01
52 0 +2.504458658e+02 +1.867358658e+02 +1.867358658e+02 -2.3034e-01 -8.2507e-01 +8.7705e-02 +1.0264e+00 +1.4050e-01 +1.9483e-01 +3.9391e-01 -7.3104e-01 -5.9359e-02 -3.5286e-01
106 0 +2.135024108e+02 +1.497924108e+02 +1.497924108e+02 +8.9062e-01 +1.7385e-02 -5.3326e-01 +1.2674e-01 +6.1988e-01 +2.1127e-01 +8.2383e-01 -2.9599e-01 -2.0376e-01 -3.6526e-01
180 0 +1.279255570e+02 +6.421555701e+01 +6.421555701e+01 -8.2407e-01 -2.0776e-01 +1.8564e-01 -1.5612e-01 -1.0688e+00 -2.2254e-01 +1.0200e+00 +3.8335e-01 +1.5028e-01 -7.0157e-01
195 0 +8.535548860e+01 +2.164548860e+01 +2.164548860e+01 -2.6651e-01 +1.8337e-01 -3.8795e-01 +9.2114e-02 -1.1178e-01 -1.5045e-01 +4.5844e-01 +8.2276e-01 -1.5589e-01 +7.3598e-02
267 0 +6.126204820e+01 -2.447951798e+00 -2.447951798e+00 -1.6148e-01 -1.4177e-01 -6.4593e-01 -3.2400e-01 -5.6112e-02 -4.2024e-01 +2.0578e-01 +1.7599e-03 +1.1384e-02 +1.9917e-01
355 0 +5.697898270e+01 -6.731017302e+00 -6.731017302e+00 +1.6464e-01 -1.2787e-01 -2.7900e-01 +1.0862e-01 +5.2898e-01 +1.9172e-01 +2.0274e-01 +2.0751e-01 -9.4280e-02 -1.6577e-01
365 0 +5.368630306e+01 -1.002369694e+01 -1.002369694e+01 +1.1850e-01 +2.5075e-01 -4.5149e-01 -1.0621e-01 +1.7176e-01 -4.5161e-02 +5.5947e-01 +1.5560e-01 -3.4731e-01 -2.5349e-01
443 0 +4.939710808e+01 -1.431289192e+01 -1.431289192e+01 +3.9593e-02 +6.6247e-01 -6.1988e-01 -2.5966e-03 +3.1589e-01 +1.4522e-01 +1.6632e-01 +4.5288e-01 -2.9361e-01 -4.1747e-01
475 0 +4.634340881e+01 -1.736659119e+01 -1.736659119e+01 -3.9559e-01 -1.0410e-01 -7.6015e-01 +2.2488e-01 +3.9985e-01 +1.0943e-02 +7.4813e-01 +4.6188e-01 -5.0884e-01 -1.4662e-01
488 0 +3.861774227e+01 -2.509225773e+01 -2.509225773e+01 -4.4345e-01 -3.9695e-01 -6.3253e-01 -5.3611e-01 -8.2763e-02 -1.8972e-01 +6.4631e-01 +7.9412e-02 -8.4731e-02 +2.7727e-01
494 0 +3.659009493e+01 -2.711990507e+01 -2.711990507e+01 -2.9591e-01 -4.4178e-01 -5.4482e-01 -2.8484e-01 +1.9617e-01 -4.2009e-01 +7.0378e-01 +2.4632e-01 -6.9246e-02 +5.4956e-01
645 0 +3.298740970e+01 -3.072259030e+01 -3.072259030e+01 +3.2681e-02 +5.4329e-01 -3.9017e-01 -6.7418e-02 +8.4781e-01 -9.0888e-02 +1.1344e-01 +2.4166e-01 -4.8464e-01 -2.7846e-01
712 0 +2.940156319e+01 -3.430843681e+01 -3.430843681e+01 -5.9505e-01 +1.6940e-01 -4.2112e-01 -1.9347e-01 +1.4076e-01 -2.6288e-01 +5.4964e-01 +3.4872e-01 -4.5383e-01 +1.0149e-01
734 0 +2.871757168e+01 -3.499242832e+01 -3.499242832e+01 -3.1377e-01 -8.0331e-02 -7.3438e-01 -3.7006e-01 +3.6027e-01 -1.6543e-01 +3.6269e-01 +3.9666e-01 -5.9930e-01 -2.8408e-01
784 0 +2.838306923e+01 -3.532693077e+01 -3.532693077e+01 -4.8832e-01 -1.4010e-01 -6.6083e-01 -1.3516e-01 +4.5715e-01 -9.7306e-02 +6.1571e-01 +3.0732e-01 -6.6288e-01 +2.0390e-01
786 0 +2.508047310e+01 -3.862952690e+01 -3.862952690e+01 -2.3960e-01 -2.1945e-01 -6.4440e-01 -3.5852e-01 +6.0092e-01 -4.8886e-01 +5.7254e-01 +4.0045e-01 -5.7662e-01 +2.3425e-01
800 0 +2.314189421e+01 -4.056810579e+01 -4.056810579e+01 -4.9789e-02 -1.4079e-01 -7.9452e-01 -4.6981e-01 +5.1731e-01 -4.3778e-01 +7.2669e-01 +1.8115e-01 -4.7705e-01 +3.0468e-01
878 0 +1.727694022e+01 -4.643305978e+01 -4.643305978e+01 -1.6492e-01 +1.2701e-01 -4.7218e-01 -1.1379e-01 +4.2772e-01 -2.8610e-01 +4.7755e-01 +2.6029e-01 -7.0864e-01 -1.0700e-01
937 0 +1.457465638e+01 -4.913534362e+01 -4.913534362e+01 -3.2164e-01 +6.1715e-02 -5.4832e-01 -2.0870e-01 +4.2286e-01 -2.0328e-01 +5.4510e-01 +2.6140e-01 -6.1468e-01 +1.4577e-02
975 0 +1.124241630e+01 -5.246758370e+01 -5.246758370e+01 -1.0402e-01 +3.7323e-01 -5.1643e-01 -2.0618e-01 +3.9205e-01 -1.7422e-01 +3.3735e-01 +3.9030e-01 -6.0439e-01 -1.2463e-01
1052 0 +9.670016326e+00 -5.403998367e+01 -5.403998367e+01 -1.8287e-01 +2.7490e-01 -6.0608e-01 -1.7693e-01 +4.2119e-01 -2.5609e-01 +5.2337e-01 +3.8934e-01 -5.8128e-01 -4.8679e-02
1214 0 +8.417594905e+00 -5.529240509e+01 -5.529240509e+01 -1.7957e-01 +4.8364e-01 -5.3948e-01 -1.2719e-01 +4.4020e-01 -1.9639e-01 +2.6306e-01 +4.0300e-01 -6.1781e-01 -3.3053e-01
1437 0 +8.207373450e+00 -5.550262655e+01 -5.550262655e+01 -3.2562e-01 +3.0551e-01 -6.1196e-01 -2.0705e-01 +4.4312e-01 -2.3972e-01 +3.4643e-01 +4.4228e-01 -6.4181e-01 -1.8828e-01
1443 0 +7.815828314e+00 -5.589417169e+01 -5.589417169e+01 -1.2408e-01 +4.3367e-01 -6.2211e-01 -1.9195e-01 +4.1340e-01 -2.0907e-01 +2.3434e-01 +4.3655e-01 -7.1148e-01 -2.9720e-01
1529 0 +7.526152153e+00 -5.618384785e+01 -5.618384785e+01 -2.6198e-01 +2.6046e-01 -6.5944e-01 -1.6687e-01 +4.5459e-01 -2.3645e-01 +4.0187e-01 +4.2648e-01 -6.9020e-01 -1.7165e-01
1596 0 +7.371394831e+00 -5.633860517e+01 -5.633860517e+01 -2.0731e-01 +4.6237e-01 -5.6976e-01 -2.0393e-01 +4.5143e-01 -2.8771e-01 +3.1912e-01 +4.0554e-01 -7.1300e-01 -2.4025e-01
1631 0 +7.081527323e+00 -5.662847268e+01 -5.662847268e+01 -2.4596e-01 +4.1133e-01 -5.9939e-01 -1.7578e-01 +4.3517e-01 -2.3740e-01 +3.6208e-01 +3.8169e-01 -6.4250e-01 -1.8668e-01
1662 0 +6.596656989e+00 -5.711334301e+01 -5.711334301e+01 -1.7554e-01 +4.6185e-01 -5.9558e-01 -1.8503e-01 +4.3873e-01 -1.9757e-01 +1.6249e-01 +4.0270e-01 -6.5483e-01 -2.3374e-01
1765 0 +6.571996139e+00 -5.713800386e+01 -5.713800386e+01 -2.4766e-01 +4.1986e-01 -6.2979e-01 -1.8908e-01 +4.6071e-01 -2.4455e-01 +3.2242e-01 +4.0755e-01 -6.5218e-01 -2.2351e-01
1779 0 +6.495699004e+00 -5.721430100e+01 -5.721430100e+01 -1.5784e-01 +4.8966e-01 -6.1945e-01 -2.0504e-01 +4.1406e-01 -2.3452e-01 +2.2078e-01 +4.2185e-01 -6.8645e-01 -2.4478e-01
1841 0 +6.402155905e+00 -5.730784409e+01 -5.730784409e+01 -1.6157e-01 +4.7665e-01 -5.4987e-01 -1.7041e-01 +4.2593e-01 -2.7737e-01 +2.4427e-01 +4.4948e-01 -6.6325e-01 -2.2853e-01
1847 0 +6.359821151e+00 -5.735017885e+01 -5.735017885e+01 -1.9890e-01 +4.4238e-01 -5.8629e-01 -1.7291e-01 +4.3126e-01 -2.3317e-01 +2.6384e-01 +4.0409e-01 -6.7517e-01 -2.5540e-01
1930 0 +6.211232926e+00 -5.749876707e+01 -5.749876707e+01 -1.3371e-01 +5.2783e-01 -5.8825e-01 -1.6490e-01 +4.6326e-01 -2.1683e-01 +1.6382e-01 +4.3941e-01 -6.7232e-01 -2.3631e-01
1949 0 +6.091217688e+00 -5.761878231e+01 -5.761878231e+01 -1.5695e-01 +5.4977e-01 -5.2768e-01 -1.3516e-01 +4.2331e-01 -2.2315e-01 +1.3075e-01 +4.7244e-01 -6.2787e-01 -2.3825e-01
2021 0 +5.792242689e+00 -5.791775731e+01 -5.791775731e+01 -1.1789e-01 +6.1581e-01 -5.4546e-01 -1.4577e-01 +4.0735e-01 -2.5509e-01 +1.7215e-02 +4.7108e-01 -6.7600e-01 -2.0355e-01
2301 0 +5.658131041e+00 -5.805186896e+01 -5.805186896e+01 -1.2329e-01 +6.2212e-01 -5.1226e-01 -1.7225e-01 +4.1965e-01 -2.3499e-01 +3.6035e-04 +4.6888e-01 -6.1074e-01 -2.3919e-01
2403 0 +5.334890826e+00 -5.837510917e+01 -5.837510917e+01 -1.3065e-01 +6.4238e-01 -4.9948e-01 -1.5061e-01 +3.8823e-01 -2.4493e-01 -5.8861e-02 +4.7849e-01 -6.5695e-01 -1.9312e-01
% f evaluations | g evaluations | best noise-free fitness - Fopt (1.000000000000e+03) + sum g_i+ | measured fitness | best measured fitness or single-digit g-values | x1 | x2...
1 0 +6.952327183e+02 +1.695232718e+03 +1.695232718e+03 +5.9671e-01 -3.8264e-02 +7.4769e-01 +1.6230e+00 -1.3415e-01 -1.3414e-01 +1.6792e+00 +8.6743e-01 -3.6947e-01 +6.4256e-01
7 0 +5.795683502e+02 +1.579568350e+03 +1.579568350e+03 -3.7917e-01 -8.5659e-02 -1.0063e+00 -1.0962e+00 +9.1253e-01 +1.4562e+00 +2.7990e-02 +1.1035e+00 +4.6164e-01 -5.4512e-01
34 0 +5.775642290e+02 +1.577564229e+03 +1.577564229e+03 +8.7753e-02 -7.9725e-01 +1.7580e-01 -5.7716e-01 +1.0751e+00 -4.7057e-02 -7.2550e-01 -2.2139e-01 +5.1293e-01 -4.6372e-01
52 0 +5.027739361e+02 +1.502773936e+03 +1.502773936e+03 -9.1424e-01 -5.7673e-01 +1.8587e-01 -3.8536e-01 +7.1049e-01 +2.6689e-02 +1.0636e+00 -1.6581e-01 +1.0272e+00 -5.3677e-01
56 0 +2.906952236e+02 +1.290695224e+03 +1.290695224e+03 -5.3036e-01 +4.5767e-01 -2.2514e-01 +5.0276e-01 +3.5612e-01 +6.5338e-01 -3.0883e-01 -1.7075e-01 -3.1175e-01 -3.7064e-01
60 0 +2.787333147e+02 +1.278733315e+03 +1.278733315e+03 -1.1255e+00 +5.6158e-01 +7.1176e-01 +3.8729e-01 +7.7493e-01 +8.6747e-01 +4.3323e-01 +9.0096e-02 -3.4854e-01 +4.2458e-02
148 0 +2.666586001e+02 +1.266658600e+03 +1.266658600e+03 -1.2087e+00 +5.5219e-01 -3.3473e-01 -2.6541e-01 +3.1711e-01 +8.5027e-02 -1.2914e-02 -5.6447e-01 +7.3830e-01 -4.7496e-01
159 0 +8.059111252e+01 +1.080591113e+03 +1.080591113e+03 -1.5257e+00 -6.1803e-01 -2.9081e-02 -3.4246e-01 +4.8088e-02 -3.1078e-03 -3.8952e-02 +6.5481e-01 -1.9405e-01 -1.6668e-01
353 0 +7.015438537e+01 +1.070154385e+03 +1.070154385e+03 -1.1918e+00 -2.8006e-01 -1.8024e-01 -4.7652e-01 +2.9688e-01 +2.4904e-01 -2.2675e-01 +2.0003e-01 -3.7612e-01 -5.1173e-02
354 0 +4.332468578e+01 +1.043324686e+03 +1.043324686e+03 -1.0330e+00 -4.2996e-01 -3.2285e-01 -1.8217e-01 +2.8128e-01 +3.2148e-02 -1.1669e-01 +3.1451e-01 +2.4917e-01 -2.5710e-01
438 0 +4.245139883e+01 +1.042451399e+03 +1.042451399e+03 -1.0908e+00 -2.5030e-01 -3.8324e-01 -1.1046e-01 +4.3988e-01 -3.0217e-01 -1.7330e-01 +3.0972e-01 +1.6139e-01 -6.8882e-01
458 0 +4.200590968e+01 +1.042005910e+03 +1.042005910e+03 -1.1899e+00 -1.4669e-02 +4.1292e-01 -1.9665e-01 -1.1746e-01 -1.8649e-01 +4.7629e-02 +2.8341e-01 +4.4352e-02 -6.7815e-01
462 0 +4.153678180e+01 +1.041536782e+03 +1.041536782e+03 -1.1839e+00 +9.1221e-02 -1.5431e-02 +1.2257e-01 +2.6407e-01 -4.0529e-01 +6.7215e-02 +2.2577e-01 +1.2262e-01 -4.3010e-01
538 0 +2.770544945e+01 +1.027705449e+03 +1.027705449e+03 -1.0305e+00 -2.6746e-01 +5.5189e-01 -1.7703e-01 +3.3662e-01 -9.7256e-03 -2.1209e-01 +2.1590e-01 +3.5589e-01 -7.0636e-01
550 0 +1.976535650e+01 +1.019765357e+03 +1.019765357e+03 -1.5310e+00 -3.2578e-01 -1.1871e-01 -5.7994e-01 +5.4996e-01 -3.0096e-01 +1.5189e-01 +1.4935e-02 -3.5358e-02 -5.8237e-01
685 0 +1.554479934e+01 +1.015544799e+03 +1.015544799e+03 -9.6304e-01 -1.0230e-02 +4.7187e-01 -1.9169e-02 +2.1390e-01 -3.5013e-01 -2.3082e-02 +2.4901e-01 +4.5693e-02 -7.0142e-01
758 0 +1.493874749e+01 +1.014938747e+03 +1.014938747e+03 -1.2480e+00 -1.3983e-01 +2.0186e-01 -2.4211e-01 +3.6112e-01 -1.4318e-01 +7.2184e-03 +6.2025e-02 +1.0680e-01 -4.6864e-01
852 0 +1.277043441e+01 +1.012770434e+03 +1.012770434e+03 -1.2297e+00 -1.3412e-01 +2.2102e-01 -2.4658e-01 +2.5622e-01 -2.9073e-01 -6.2069e-02 +1.6505e-01 +7.2310e-02 -6.0276e-01
919 0 +1.200239342e+01 +1.012002393e+03 +1.012002393e+03 -1.0956e+00 -8.6556e-02 +3.6094e-01 -2.2462e-01 +3.3759e-01 -2.5179e-01 -1.1734e-01 +1.1695e-01 +4.0738e-02 -6.6077e-01
955 0 +1.100080156e+01 +1.011000802e+03 +1.011000802e+03 -1.2112e+00 -1.2810e-01 +2.7827e-01 -1.8189e-01 +4.3344e-01 -1.9546e-01 -6.4837e-03 +1.0947e-01 +1.4196e-01 -5.5680e-01
991 0 +1.075507152e+01 +1.010755072e+03 +1.010755072e+03 -9.8418e-01 +6.8015e-03 +4.2163e-01 -1.5720e-01 +3.4697e-01 -2.8019e-01 -5.2289e-02 +1.1373e-01 +2.4332e-02 -6.9459e-01
1143 0 +1.045266275e+01 +1.010452663e+03 +1.010452663e+03 -1.0809e+00 -1.4748e-01 +3.2341e-01 -9.5450e-02 +3.2346e-01 -3.5477e-01 -5.4041e-02 +1.2718e-01 +2.5847e-01 -6.3812e-01
1172 0 +9.726872395e+00 +1.009726872e+03 +1.009726872e+03 -1.0914e+00 -1.4209e-01 +2.5227e-01 -1.2894e-01 +3.9601e-01 -3.0965e-01 -3.6308e-02 +1.8691e-01 +9.7965e-02 -5.6952e-01
1214 0 +9.336032207e+00 +1.009336032e+03 +1.009336032e+03 -1.0562e+00 -1.3033e-01 +3.3236e-01 -1.0194e-01 +3.9182e-01 -2.9572e-01 +3.9652e-02 +9.5354e-02 +1.6065e-01 -6.6355e-01
1313 0 +8.725403580e+00 +1.008725404e+03 +1.008725404e+03 -1.0113e+00 -8.0218e-02 +4.7391e-01 -1.1319e-01 +3.9912e-01 -3.1052e-01 -5.8842e-03 +1.1347e-01 +1.0054e-01 -7.3444e-01
1352 0 +8.444912760e+00 +1.008444913e+03 +1.008444913e+03 -9.9395e-01 -6.7681e-02 +4.1969e-01 -8.6171e-02 +3.6517e-01 -3.0851e-01 +4.6733e-02 +1.5237e-01 +1.7302e-01 -7.1399e-01
1570 0 +7.886323209e+00 +1.007886323e+03 +1.007886323e+03 -9.4050e-01 -9.7866e-03 +4.8604e-01 -9.5781e-02 +2.6920e-01 -2.9403e-01 +2.1978e-02 +5.8590e-02 +1.4149e-01 -7.3700e-01
1834 0 +7.532688325e+00 +1.007532688e+03 +1.007532688e+03 -8.5290e-01 -2.3947e-02 +5.3058e-01 -1.3089e-01 +3.2046e-01 -3.1894e-01 -2.0090e-02 +5.4745e-02 +1.5135e-01 -7.3208e-01
2124 0 +7.316077372e+00 +1.007316077e+03 +1.007316077e+03 -8.2453e-01 +2.3842e-02 +6.0162e-01 -1.3610e-01 +2.7902e-01 -3.4085e-01 +7.7612e-03 -2.8479e-02 +9.8758e-02 -7.3432e-01
2151 0 +7.056035050e+00 +1.007056035e+03 +1.007056035e+03 -7.1051e-01 +3.7185e-02 +6.0675e-01 -1.6462e-01 +2.4663e-01 -3.3726e-01 -4.6924e-02 -1.9457e-02 +4.0680e-02 -7.1979e-01
2316 0 +6.995324323e+00 +1.006995324e+03 +1.006995324e+03 -7.5706e-01 +3.8364e-03 +6.2412e-01 -1.6667e-01 +2.4659e-01 -3.3772e-01 -5.9456e-02 -6.8760e-02 +8.0930e-02 -7.7802e-01
2445 0 +6.928991945e+00 +1.006928992e+03 +1.006928992e+03 -6.3544e-01 +8.1325e-02 +7.0574e-01 -2.0634e-01 +2.2538e-01 -3.9724e-01 -5.9104e-02 -1.4504e-01 +3.2516e-02 -7.5502e-01
2463 0 +6.624641558e+00 +1.006624642e+03 +1.006624642e+03 -6.9047e-01 +5.4291e-02 +6.8598e-01 -1.9815e-01 +1.9836e-01 -3.8610e-01 -9.4510e-02 -8.1466e-02 +4.3533e-02 -7.2892e-01
% f evaluations | g evaluations | best noise-free fitness - Fopt (3.197000000000e+01) + sum g_i+ | measured fitness | best measured fitness or single-digit g-values | x1 | x2...
1 0 +1.755501781e+03 +1.787471781e+03 +1.787471781e+03 +5.9671e-01 -3.8264e-02 +7.4769e-01 +1.6230e+00 -1.3415e-01 -1.3414e-01 +1.6792e+00 +8.6743e-01 -3.6947e-01 +6.4256e-01
2 0 +9.804125674e+02 +1.012382567e+03 +1.012382567e+03 -3.6342e-01 -3.6573e-01 +3.4196e-01 -1.8133e+00 -1.6249e+00 -4.6229e-01 -9.1283e-01 +4.1425e-01 -8.0802e-01 -1.3123e+00
9 0 +9.312962585e+02 +9.632662585e+02 +9.632662585e+02 -1.1967e-01 +4.5711e-01 +1.5779e+00 -4.1827e-01 -7.0849e-01 -4.0176e-01 +1.0154e+00 +4.2875e-01 -4.2976e-01 +6.1327e-01
10 0 +1.950489300e+02 +2.270189300e+02 +2.270189300e+02 +1.9708e-01 +1.0686e+00 -6.0205e-01 -2.2766e-01 -2.9211e-01 -1.3635e+00 +3.9612e-01 +3.6106e-01 +1.0511e-01 -1.3459e-01
106 0 +1.515989591e+02 +1.835689591e+02 +1.835689591e+02 -1.7761e-01 -4.4440e-02 -7.3822e-01 +5.2470e-01 +4.6670e-01 -3.1887e-01 -6.9285e-01 +7.2442e-01 +6.3370e-01 -4.2408e-02
184 0 +1.003654055e+02 +1.323354055e+02 +1.323354055e+02 +1.9041e-01 +2.7243e-01 -8.9560e-01 -4.8037e-01 -6.1236e-01 -2.4829e-01 +9.8664e-02 -1.9459e-01 +7.0810e-01 -4.6429e-01
226 0 +9.728200738e+01 +1.292520074e+02 +1.292520074e+02 -4.9123e-02 +2.0931e-01 -7.8537e-01 +1.1505e-01 -2.8108e-01 +1.3201e-01 -4.0717e-01 +6.9935e-01 +1.7446e-01 -5.0232e-01
304 0 +3.986790869e+01 +7.183790869e+01 +7.183790869e+01 -1.6258e-01 -2.5433e-01 -6.8551e-01 +1.2316e-01 +6.2150e-02 -5.5087e-01 -1.0244e-02 -5.1901e-02 +1.5726e-01 -5.2764e-01
368 0 +3.613052582e+01 +6.810052582e+01 +6.810052582e+01 -1.4702e-01 +1.2594e-01 -8.6483e-01 -5.0017e-01 +5.8494e-02 -9.1222e-01 -1.4352e-01 -4.7287e-03 +2.7503e-01 -1.1062e-01
528 0 +2.367734772e+01 +5.564734772e+01 +5.564734772e+01 -1.0903e-01 -1.3622e-02 -7.0462e-01 -3.8425e-01 -2.4375e-01 -5.2394e-01 +4.2690e-02 -2.0744e-01 +5.3765e-01 -2.7809e-01
665 0 +1.704137755e+01 +4.901137755e+01 +4.901137755e+01 -4.1078e-01 +9.6119e-02 -1.0275e+00 -3.4121e-01 -2.0698e-01 -8.2668e-01 -1.3869e-02 -3.4133e-01 +4.3244e-01 -4.7877e-01
910 0 +1.530568048e+01 +4.727568048e+01 +4.727568048e+01 -5.0347e-01 -1.6360e-01 -9.4450e-01 -1.9479e-01 -1.7037e-01 -4.3456e-01 -1.2806e-02 -3.4464e-01 +4.0247e-01 -2.3300e-01
974 0 +1.518572032e+01 +4.715572032e+01 +4.715572032e+01 -4.4834e-01 -6.3339e-02 -9.7513e-01 -3.4196e-01 -2.6463e-01 -6.7112e-01 +1.9897e-01 -3.2107e-01 +3.6561e-01 -2.3145e-01
1157 0 +1.236019023e+01 +4.433019023e+01 +4.433019023e+01 -3.9876e-01 +6.6353e-02 -9.0226e-01 -3.9778e-01 -2.1587e-02 -8.3719e-01 -3.3906e-01 +3.0706e-02 +6.3881e-01 -4.0495e-01
1176 0 +1.162575148e+01 +4.359575148e+01 +4.359575148e+01 -3.7380e-01 +7.6100e-02 -9.9811e-01 -4.2779e-01 -9.2841e-04 -8.0684e-01 -2.1802e-01 -5.3002e-02 +6.7427e-01 -4.0434e-01
1420 0 +1.161618081e+01 +4.358618081e+01 +4.358618081e+01 -4.5476e-01 +3.1026e-02 -9.6353e-01 -2.3546e-01 -1.6835e-01 -7.7766e-01 -7.8142e-02 -2.7379e-01 +5.8346e-01 -4.0598e-01
1428 0 +1.132302968e+01 +4.329302968e+01 +4.329302968e+01 -4.3816e-01 -4.2516e-02 -8.8875e-01 -3.0299e-01 -2.0210e-01 -7.7763e-01 -1.2180e-01 -1.3563e-01 +5.6769e-01 -3.8770e-01
1447 0 +1.100893365e+01 +4.297893365e+01 +4.297893365e+01 -3.9345e-01 +1.1337e-01 -1.0672e+00 -3.6874e-01 +5.1661e-03 -7.5505e-01 -3.3683e-01 -4.3603e-02 +5.4711e-01 -3.7406e-01
1494 0 +1.003427184e+01 +4.200427184e+01 +4.200427184e+01 -5.0784e-01 +9.6934e-02 -1.0095e+00 -4.1041e-01 -3.4658e-02 -7.8210e-01 -2.4911e-01 -3.8801e-02 +5.7899e-01 -3.3974e-01
1707 0 +9.626605158e+00 +4.159660516e+01 +4.159660516e+01 -3.8180e-01 +2.3001e-02 -9.6878e-01 -3.4371e-01 -1.4747e-01 -7.9073e-01 -1.0151e-01 -2.0164e-01 +5.2244e-01 -3.8719e-01
1749 0 +9.287666582e+00 +4.125766658e+01 +4.125766658e+01 -4.1576e-01 +2.1025e-02 -1.0282e+00 -3.1727e-01 -1.1314e-01 -7.3849e-01 -1.0392e-01 -1.9969e-01 +5.5360e-01 -4.0208e-01
1754 0 +8.954982539e+00 +4.092498254e+01 +4.092498254e+01 -3.8739e-01 +3.9991e-03 -9.6832e-01 -2.8700e-01 -1.2782e-01 -7.4605e-01 -6.6564e-02 -1.4731e-01 +5.2568e-01 -3.9555e-01
1844 0 +8.904015622e+00 +4.087401562e+01 +4.087401562e+01 -3.8470e-01 +9.3097e-03 -1.0089e+00 -3.2872e-01 -1.5574e-01 -7.0671e-01 -8.5929e-02 -1.5338e-01 +5.4154e-01 -3.9596e-01
1854 0 +8.865627453e+00 +4.083562745e+01 +4.083562745e+01 -3.6794e-01 -4.4801e-02 -1.0013e+00 -2.2923e-01 -1.8329e-01 -6.2641e-01 +7.3188e-03 -1.7872e-01 +4.8663e-01 -3.8001e-01
1899 0 +8.827930244e+00 +4.079793024e+01 +4.079793024e+01 -3.9196e-01 -1.2085e-02 -1.0234e+00 -3.0443e-01 -1.5314e-01 -7.0841e-01 -3.7486e-02 -2.3882e-01 +4.8503e-01 -3.7516e-01
1900 0 +8.749538678e+00 +4.071953868e+01 +4.071953868e+01 -4.2294e-01 +1.8636e-02 -9.7610e-01 -3.1134e-01 -1.6543e-01 -6.9145e-01 -8.2183e-02 -2.0148e-01 +5.0424e-01 -3.6836e-01
1990 0 +8.650933278e+00 +4.062093328e+01 +4.062093328e+01 -3.8641e-01 -5.0612e-02 -9.7808e-01 -2.4217e-01 -1.8223e-01 -6.9464e-01 +3.4241e-02 -2.3922e-01 +4.6772e-01 -3.9370e-01
2045 0 +8.643572508e+00 +4.061357251e+01 +4.061357251e+01 -4.4489e-01 -7.5336e-02 -9.5851e-01 -2.6390e-01 -1.7520e-01 -6.8187e-01 -1.4979e-02 -2.3616e-01 +4.9679e-01 -3.5647e-01
2156 0 +8.466089686e+00 +4.043608969e+01 +4.043608969e+01 -3.6829e-01 -1.0304e-01 -1.0029e+00 -2.2080e-01 -2.1588e-01 -6.5968e-01 +6.1150e-02 -2.5729e-01 +4.4497e-01 -3.4669e-01
2195 0 +8.270877294e+00 +4.024087729e+01 +4.024087729e+01 -4.1311e-01 -4.7860e-02 -9.8615e-01 -2.7683e-01 -1.8896e-01 -6.7124e-01 -8.4608e-04 -2.1157e-01 +5.0322e-01 -3.4000e-01
2343 0 +8.059401519e+00 +4.002940152e+01 +4.002940152e+01 -3.6644e-01 -1.7577e-01 -9.4492e-01 -1.9084e-01 -1.9807e-01 -6.0220e-01 +1.2236e-01 -2.6041e-01 +4.8219e-01 -3.0690e-01
% f evaluations | g evaluations | best noise-free fitness - Fopt (5.819000000000e+01) + sum g_i+ | measured fitness | best measured fitness or single-digit g-values | x1 | x2...
1 0 +2.639490045e+03 +2.697680045e+03 +2.697680045e+03 +5.9671e-01 -3.8264e-02 +7.4769e-01 +1.6230e+00 -1.3415e-01 -1.3414e-01 +1.6792e+00 +8.6743e-01 -3.6947e-01 +6.4256e-01
2 0 +1.642335504e+03 +1.700525504e+03 +1.700525504e+03 -3.6342e-01 -3.6573e-01 +3.4196e-01 -1.8133e+00 -1.6249e+00 -4.6229e-01 -9.1283e-01 +4.1425e-01 -8.0802e-01 -1.3123e+00
5 0 +6.991738804e+02 +7.573638804e+02 +7.573638804e+02 +8.3847e-01 +2.7137e-01 -1.5648e-02 -2.0110e-01 -1.3785e+00 -6.1984e-01 -3.6064e-01 +1.1571e+00 +4.4362e-01 -1.6630e+00
31 0 +2.560415548e+02 +3.142315548e+02 +3.142315548e+02 -7.2900e-01 -4.6018e-01 +8.4729e-01 +7.1037e-01 +7.9098e-02 +2.1733e-01 +1.3777e+00 -4.9157e-01 +6.4710e-01 -1.0219e-01
72 0 +1.660448564e+02 +2.242348564e+02 +2.242348564e+02 -1.5117e-02 -5.9435e-01 +3.5851e-01 -3.9722e-01 -1.0619e-01 -2.0365e-01 +2.3102e-02 +1.1138e-01 -2.6555e-01 -7.9235e-02
131 0 +1.298911224e+02 +1.880811224e+02 +1.880811224e+02 +1.1023e+00 +1.0665e-01 -2.8043e-02 +9.2718e-03 -3.3821e-01 +9.3222e-02 +8.8419e-01 -6.5021e-01 +5.8100e-01 -6.4711e-01
199 0 +1.039022263e+02 +1.620922263e+02 +1.620922263e+02 -1.1219e-01 -4.0940e-01 -4.3566e-02 +5.6769e-01 -8.4823e-01 -6.4201e-01 +1.8108e-01 -1.4040e-01 +8.8176e-01 -1.2507e-01
203 0 +7.480403132e+01 +1.329940313e+02 +1.329940313e+02 +2.3537e-01 +2.3176e-01 -1.5290e-01 -3.0086e-01 -5.3030e-01 +4.3469e-01 +8.0757e-02 -1.2258e-01 +1.7004e-01 -1.8773e-02
261 0 +5.359241336e+01 +1.117824134e+02 +1.117824134e+02 +2.8193e-01 -7.9503e-02 +7.8130e-01 +8.6663e-02 -5.2451e-01 +1.4197e-01 +1.7926e-01 +1.0524e-01 +9.7026e-02 -4.8411e-01
337 0 +4.897229316e+01 +1.071622932e+02 +1.071622932e+02 +3.0094e-01 -1.5774e-01 +4.0669e-01 +2.5727e-01 -2.5409e-01 +6.8513e-02 -1.4336e-01 -7.0011e-02 +2.0492e-01 -3.7810e-01
364 0 +2.950105850e+01 +8.769105850e+01 +8.769105850e+01 +6.4128e-01 +5.0493e-02 +3.5569e-01 +1.4584e-01 -4.7425e-01 +2.4047e-01 +1.4849e-01 -2.3829e-01 +2.3926e-01 -3.7472e-01
480 0 +2.465275871e+01 +8.284275871e+01 +8.284275871e+01 +7.2926e-01 -1.0242e-02 +5.9247e-01 +1.2273e-01 -8.1081e-01 +8.3024e-02 +3.7061e-01 -1.2417e-01 +5.6142e-01 -7.2588e-01
587 0 +2.170424233e+01 +7.989424233e+01 +7.989424233e+01 +8.9022e-01 -2.7904e-01 +5.0004e-01 +1.2793e-01 -8.6622e-01 -2.1948e-01 +7.1421e-02 -2.2036e-01 +6.4106e-01 -7.1286e-02
630 0 +1.666603347e+01 +7.485603347e+01 +7.485603347e+01 +6.1580e-01 -6.9559e-02 +4.1098e-01 +9.0702e-02 -6.8151e-01 +7.6111e-02 +2.2204e-01 -2.9420e-01 +4.9013e-01 -2.7989e-01
769 0 +1.249843201e+01 +7.068843201e+01 +7.068843201e+01 +7.1915e-01 -1.1980e-01 +4.4892e-01 +1.9275e-01 -6.8229e-01 -1.2023e-02 +1.1742e-01 -1.7988e-01 +5.6422e-01 -3.5407e-01
1170 0 +1.228583725e+01 +7.047583725e+01 +7.047583725e+01 +9.5290e-01 -2.7099e-01 +5.1133e-01 +1.9078e-01 -7.0946e-01 +1.5813e-01 +2.7997e-01 -2.6591e-01 +5.6616e-01 -4.4880e-01
1192 0 +1.218454563e+01 +7.037454563e+01 +7.037454563e+01 +8.9152e-01 -1.2641e-01 +5.3949e-01 +2.4646e-01 -6.2769e-01 +1.7775e-01 +2.2546e-01 -3.3806e-01 +7.0522e-01 -4.6748e-01
1211 0 +9.976275202e+00 +6.816627520e+01 +6.816627520e+01 +6.2281e-01 -3.8814e-01 +4.4987e-01 +1.9975e-01 -7.8902e-01 +1.9767e-02 +1.1233e-01 -3.0710e-01 +5.5571e-01 -1.4477e-01
1277 0 +9.368591363e+00 +6.755859136e+01 +6.755859136e+01 +8.7752e-01 -1.6440e-01 +5.3539e-01 +2.0368e-01 -7.2854e-01 +2.0554e-01 +1.9730e-01 -3.1045e-01 +5.6375e-01 -4.8735e-01
1317 0 +9.021689186e+00 +6.721168919e+01 +6.721168919e+01 +6.9958e-01 -2.2332e-01 +4.1327e-01 +1.7296e-01 -7.5143e-01 +7.8517e-02 +2.9671e-02 -3.0214e-01 +6.1036e-01 -2.3520e-01
1602 0 +8.502476585e+00 +6.669247658e+01 +6.669247658e+01 +6.7358e-01 -3.6165e-01 +4.4866e-01 +1.7319e-01 -7.5438e-01 +8.2981e-03 +4.4191e-02 -1.9018e-01 +5.3911e-01 -1.8894e-01
1708 0 +8.284676567e+00 +6.647467657e+01 +6.647467657e+01 +7.1170e-01 -2.8206e-01 +4.7389e-01 +1.9802e-01 -8.0880e-01 +1.0395e-02 +7.8481e-02 -2.7485e-01 +5.9587e-01 -2.6174e-01
1723 0 +8.254619391e+00 +6.644461939e+01 +6.644461939e+01 +7.8756e-01 -3.0917e-01 +4.5373e-01 +1.9560e-01 -7.3921e-01 +8.1550e-02 +6.8462e-02 -2.6487e-01 +5.9924e-01 -2.2904e-01
1805 0 +8.239427138e+00 +6.642942714e+01 +6.642942714e+01 +7.4873e-01 -2.5988e-01 +4.9655e-01 +1.7852e-01 -7.5191e-01 +1.0788e-01 +1.1100e-01 -2.6527e-01 +5.6370e-01 -2.8717e-01
1853 0 +7.938086348e+00 +6.612808635e+01 +6.612808635e+01 +7.4326e-01 -2.9362e-01 +4.4087e-01 +1.6492e-01 -7.5781e-01 +3.3915e-02 +9.3579e-02 -2.5013e-01 +6.0960e-01 -2.6647e-01
1938 0 +7.902688159e+00 +6.609268816e+01 +6.609268816e+01 +7.2627e-01 -3.1709e-01 +4.3716e-01 +1.8235e-01 -7.8627e-01 +1.9498e-02 +6.3473e-02 -2.3490e-01 +5.6214e-01 -2.1580e-01
1941 0 +7.876142745e+00 +6.606614274e+01 +6.606614274e+01 +7.3250e-01 -3.1869e-01 +4.3296e-01 +1.8822e-01 -7.9135e-01 +1.4961e-02 +7.2489e-02 -2.2823e-01 +6.2274e-01 -2.2477e-01
2154 0 +7.825487787e+00 +6.601548779e+01 +6.601548779e+01 +7.1984e-01 -3.3237e-01 +4.1564e-01 +2.0135e-01 -7.7762e-01 +3.6671e-02 +7.0716e-02 -2.5612e-01 +5.9432e-01 -1.7451e-01
2202 0 +7.584621001e+00 +6.577462100e+01 +6.577462100e+01 +6.1547e-01 -3.4369e-01 +4.4103e-01 +1.6522e-01 -7.7287e-01 -3.4303e-02 -3.3083e-03 -2.3522e-01 +5.8178e-01 -4.4638e-02
2397 0 +7.537177719e+00 +6.572717772e+01 +6.572717772e+01 +6.4664e-01 -3.5997e-01 +4.5324e-01 +1.9035e-01 -7.6952e-01 -1.7446e-03 -1.1469e-02 -2.0133e-01 +5.8879e-01 -1.1516e-01
2480 0 +7.310008846e+00 +6.550000885e+01 +6.550000885e+01 +6.2766e-01 -3.4632e-01 +4.0923e-01 +2.1354e-01 -8.0090e-01 +2.9763e-02 -3.8951e-02 -2.1543e-01 +6.0068e-01 -7.5711e-02
