% f evaluations | g evaluations | best noise-free fitness - Fopt (2.997000000000e+01) + sum g_i+ | measured fitness | best measured fitness or single-digit g-values | x1 | x2...
1 0 +2.090113928e+03 +2.120083928e+03 +2.120083928e+03 +5.9671e-01 -3.8264e-02 +7.4769e-01 +1.6230e+00 -1.3415e-01 -1.3414e-01 +1.6792e+00 +8.6743e-01 -3.6947e-01 +6.4256e-01
2 0 +1.734222334e+03 +1.764192334e+03 +1.764192334e+03 -3.6342e-01 -3.6573e-01 +3.4196e-01 -1.8133e+00 -1.6249e+00 -4.6229e-01 -9.1283e-01 +4.1425e-01 -8.0802e-01 -1.3123e+00
3 0 +1.679613005e+03 +1.709583005e+03 +1.709583005e+03 +1.5656e+00 -1.2578e-01 +1.6753e-01 -1.3247e+00 -4.4438e-01 +2.1092e-01 -1.0510e+00 +4.7570e-01 -5.0064e-01 -1.9169e-01
4 0 +1.649351189e+03 +1.679321189e+03 +1.679321189e+03 -5.0171e-01 +1.9523e+00 +8.6503e-02 -9.5771e-01 +9.2254e-01 -1.1208e+00 +3.0886e-01 -1.8597e+00 -1.2282e+00 +2.9686e-01
6 0 +1.411193979e+03 +1.441163979e+03 +1.441163979e+03 +4.2408e-01 -2.8508e-01 -5.7692e-01 +7.1168e-01 +1.1310e+00 +1.0313e+00 -7.3922e-01 -2.0921e-01 +4.3126e-01 +1.0755e+00
34 0 +1.375185793e+03 +1.405155793e+03 +1.405155793e+03 +8.7753e-02 -7.9725e-01 +1.7580e-01 -5.7716e-01 +1.0751e+00 -4.7057e-02 -7.2550e-01 -2.2139e-01 +5.1293e-01 -4.6372e-01
51 0 +1.041114005e+03 +1.071084005e+03 +1.071084005e+03 +8.5180e-01 -2.2834e+00 +1.1038e-01 +1.6428e-01 +1.6403e+00 -1.6894e-01 -1.4321e+00 -1.2745e+00 -8.1630e-01 +3.6210e-01
94 0 +9.244662478e+02 +9.544362478e+02 +9.544362478e+02 -4.0768e-01 +1.7744e-01 -2.7612e+00 -1.4220e+00 +1.6246e+00 +7.8211e-01 -4.9809e-01 -2.5958e+00 +3.4450e-01 +8.9552e-03
101 0 +8.900655036e+02 +9.200355036e+02 +9.200355036e+02 +1.0542e+00 -3.9662e+00 -2.5830e+00 -1.8843e+00 +3.5944e+00 +1.3811e+00 -1.0351e+00 -4.3968e+00 +1.7867e-01 -4.8043e-01
102 0 +8.724532479e+02 +9.024232479e+02 +9.024232479e+02 -9.9499e-02 -1.4515e+00 -2.2475e+00 -3.1264e+00 -6.2389e-01 +3.5405e+00 +2.5743e-01 -2.7591e+00 +1.8250e-01 -8.3084e-01
109 0 +7.993138000e+02 +8.292838000e+02 +8.292838000e+02 -1.2958e+00 -1.0384e+00 -1.3157e+00 -1.0573e+00 +3.7691e+00 +2.1875e+00 -1.8835e+00 -3.9450e+00 +2.0775e+00 +1.7199e+00
112 0 +7.118147217e+02 +7.417847217e+02 +7.417847217e+02 -5.6730e-01 -2.3565e+00 -3.1795e+00 -1.2541e+00 +1.0537e+00 +2.8463e+00 -2.0270e+00 -3.2399e+00 +4.3446e+00 -1.0914e+00
154 0 +5.363639351e+02 +5.663339351e+02 +5.663339351e+02 -2.7060e-01 -1.6963e+00 -2.9620e+00 -1.8624e+00 +3.9650e+00 +3.4134e+00 -3.4279e+00 -3.7717e+00 -3.1351e-01 +7.3051e-02
201 0 +3.022152952e+02 +3.321852952e+02 +3.321852952e+02 +5.1571e-01 -1.5241e+00 -3.4913e+00 -2.6970e+00 +2.6245e+00 +3.4485e+00 -4.6961e+00 -2.7347e+00 -2.7864e-01 -1.2470e+00
451 0 +2.986635717e+02 +3.286335717e+02 +3.286335717e+02 +1.6591e+00 -7.9174e-01 -3.2576e+00 -2.5789e+00 +3.3300e+00 +2.9540e+00 -3.4718e+00 -3.0552e+00 +6.2749e-01 -2.7120e+00
581 0 +2.982148529e+02 +3.281848529e+02 +3.281848529e+02 +1.1871e+00 -2.0690e+00 -3.3971e+00 -1.8975e+00 +2.6774e+00 +2.7181e+00 -3.2900e+00 -3.4859e+00 +1.7456e+00 -7.9413e-01
595 0 +2.982096787e+02 +3.281796787e+02 +3.281796787e+02 +9.0131e-01 -1.7879e+00 -2.8875e+00 -3.2045e+00 +2.6805e+00 +3.9158e+00 -2.9168e+00 -3.1181e+00 +8.6168e-01 -2.4738e+00
601 0 +1.637384038e+02 +1.937084038e+02 +1.937084038e+02 +9.7848e-01 -1.2695e+00 -3.2538e+00 -1.6710e+00 +3.5084e+00 +2.9891e+00 -4.6134e+00 -3.1324e+00 +1.0031e+00 -1.6135e+00
654 0 +1.558749865e+02 +1.858449865e+02 +1.858449865e+02 +1.0824e+00 -1.2814e+00 -3.6918e+00 -1.6588e+00 +3.3709e+00 +2.6155e+00 -3.9336e+00 -3.0105e+00 +1.0236e+00 -1.7684e+00
746 0 +1.063712075e+02 +1.363412075e+02 +1.363412075e+02 +6.9413e-01 -1.6015e+00 -3.8971e+00 -2.2252e+00 +2.5418e+00 +3.6507e+00 -4.1629e+00 -2.7363e+00 +1.0989e+00 -2.2405e+00
752 0 +1.027036536e+02 +1.326736536e+02 +1.326736536e+02 +9.3840e-01 -1.4286e+00 -3.4709e+00 -1.7508e+00 +2.9609e+00 +3.2102e+00 -4.1167e+00 -3.1095e+00 +8.4814e-01 -1.3847e+00
759 0 +8.845897225e+01 +1.184289722e+02 +1.184289722e+02 +1.4467e+00 -1.4389e+00 -3.6416e+00 -1.9806e+00 +3.2958e+00 +3.3187e+00 -3.9113e+00 -2.9057e+00 +5.7230e-01 -1.5011e+00
806 0 +7.982319377e+01 +1.097931938e+02 +1.097931938e+02 +9.4494e-01 -1.6487e+00 -3.1416e+00 -1.7961e+00 +3.5629e+00 +3.2412e+00 -3.9533e+00 -2.9135e+00 +5.2427e-01 -1.4966e+00
922 0 +7.923783618e+01 +1.092078362e+02 +1.092078362e+02 +1.2069e+00 -1.4744e+00 -3.7241e+00 -2.0509e+00 +3.0972e+00 +3.4439e+00 -3.7558e+00 -2.8952e+00 +5.6419e-01 -1.4916e+00
954 0 +7.503330582e+01 +1.050033058e+02 +1.050033058e+02 +1.4233e+00 -1.3344e+00 -3.4215e+00 -1.7470e+00 +3.6264e+00 +3.0201e+00 -4.0656e+00 -2.9212e+00 +5.6658e-01 -1.4985e+00
974 0 +7.232440305e+01 +1.022944030e+02 +1.022944030e+02 +8.9924e-01 -1.6139e+00 -3.5886e+00 -2.1245e+00 +3.1344e+00 +3.6068e+00 -4.1160e+00 -2.9624e+00 +9.4478e-01 -1.7251e+00
988 0 +5.263821846e+01 +8.260821846e+01 +8.260821846e+01 +8.7512e-01 -1.6177e+00 -3.5820e+00 -2.0939e+00 +3.0578e+00 +3.3998e+00 -3.6855e+00 -2.9503e+00 +7.4668e-01 -1.6874e+00
1058 0 +5.003692229e+01 +8.000692229e+01 +8.000692229e+01 +8.2002e-01 -1.5750e+00 -3.6233e+00 -1.9793e+00 +3.0841e+00 +3.3309e+00 -3.8563e+00 -2.9976e+00 +9.9796e-01 -1.9319e+00
1101 0 +3.753200985e+01 +6.750200985e+01 +6.750200985e+01 +9.5091e-01 -1.6525e+00 -3.6327e+00 -1.9188e+00 +3.1038e+00 +3.4093e+00 -3.9133e+00 -3.0048e+00 +8.3687e-01 -1.8016e+00
1129 0 +3.523626875e+01 +6.520626875e+01 +6.520626875e+01 +1.0528e+00 -1.5974e+00 -3.5331e+00 -1.6371e+00 +3.3964e+00 +3.1630e+00 -3.8994e+00 -2.8339e+00 +6.8232e-01 -1.5772e+00
1163 0 +3.376644048e+01 +6.373644048e+01 +6.373644048e+01 +9.3183e-01 -1.8038e+00 -3.4963e+00 -1.8368e+00 +3.2303e+00 +3.2521e+00 -3.8757e+00 -2.9252e+00 +8.5037e-01 -1.7576e+00
1175 0 +3.152470702e+01 +6.149470702e+01 +6.149470702e+01 +1.0701e+00 -1.6229e+00 -3.5825e+00 -1.7897e+00 +3.2324e+00 +3.1696e+00 -3.9590e+00 -2.8647e+00 +6.2991e-01 -1.6804e+00
1211 0 +2.492992466e+01 +5.489992466e+01 +5.489992466e+01 +9.3721e-01 -1.7249e+00 -3.5441e+00 -1.8726e+00 +3.1237e+00 +3.3071e+00 -3.9423e+00 -2.9092e+00 +7.9321e-01 -1.7669e+00
1310 0 +2.352954704e+01 +5.349954704e+01 +5.349954704e+01 +8.1268e-01 -1.6696e+00 -3.7224e+00 -2.1217e+00 +3.0249e+00 +3.4740e+00 -3.9073e+00 -2.9479e+00 +8.1255e-01 -1.8265e+00
1368 0 +1.644934010e+01 +4.641934010e+01 +4.641934010e+01 +9.5171e-01 -1.6868e+00 -3.6085e+00 -1.9583e+00 +3.1568e+00 +3.2974e+00 -3.9407e+00 -2.9477e+00 +7.2224e-01 -1.6565e+00
1477 0 +1.538338155e+01 +4.535338155e+01 +4.535338155e+01 +8.3955e-01 -1.7388e+00 -3.6446e+00 -1.9628e+00 +3.0273e+00 +3.3501e+00 -3.9344e+00 -2.9481e+00 +8.3677e-01 -1.7488e+00
1501 0 +1.073202728e+01 +4.070202728e+01 +4.070202728e+01 +8.5509e-01 -1.7054e+00 -3.6321e+00 -1.9473e+00 +3.1204e+00 +3.3536e+00 -3.9508e+00 -2.9028e+00 +7.7853e-01 -1.7650e+00
1601 0 +8.911567882e+00 +3.888156788e+01 +3.888156788e+01 +8.4724e-01 -1.6967e+00 -3.6551e+00 -1.9561e+00 +3.0900e+00 +3.3657e+00 -3.9383e+00 -2.9076e+00 +7.8835e-01 -1.7846e+00
1615 0 +8.695090794e+00 +3.866509079e+01 +3.866509079e+01 +8.1605e-01 -1.7313e+00 -3.6623e+00 -1.9709e+00 +3.0562e+00 +3.3705e+00 -3.9264e+00 -2.9128e+00 +8.4034e-01 -1.8671e+00
1624 0 +8.393562441e+00 +3.836356244e+01 +3.836356244e+01 +8.8227e-01 -1.7072e+00 -3.6860e+00 -1.9591e+00 +3.0788e+00 +3.3754e+00 -3.9464e+00 -2.9230e+00 +8.2716e-01 -1.8188e+00
1653 0 +7.819848655e+00 +3.778984865e+01 +3.778984865e+01 +8.6430e-01 -1.7018e+00 -3.6580e+00 -1.9789e+00 +3.1010e+00 +3.3543e+00 -3.9574e+00 -2.9253e+00 +8.0085e-01 -1.8319e+00
1659 0 +6.382599993e+00 +3.635259999e+01 +3.635259999e+01 +8.4359e-01 -1.7110e+00 -3.7113e+00 -1.9857e+00 +3.0475e+00 +3.3983e+00 -3.9354e+00 -2.9257e+00 +8.2959e-01 -1.8450e+00
1749 0 +5.773502023e+00 +3.574350202e+01 +3.574350202e+01 +8.4989e-01 -1.7197e+00 -3.6807e+00 -1.9767e+00 +3.0545e+00 +3.3372e+00 -3.9344e+00 -2.9097e+00 +8.1059e-01 -1.8031e+00
1801 0 +5.686196562e+00 +3.565619656e+01 +3.565619656e+01 +8.3608e-01 -1.7288e+00 -3.7016e+00 -2.0008e+00 +3.0470e+00 +3.3778e+00 -3.9390e+00 -2.9295e+00 +8.3533e-01 -1.8476e+00
1807 0 +4.996204451e+00 +3.496620445e+01 +3.496620445e+01 +8.5163e-01 -1.7127e+00 -3.6781e+00 -1.9551e+00 +3.0810e+00 +3.3544e+00 -3.9471e+00 -2.9162e+00 +7.9717e-01 -1.8115e+00
1817 0 +3.289620262e+00 +3.325962026e+01 +3.325962026e+01 +8.4804e-01 -1.7011e+00 -3.6969e+00 -1.9684e+00 +3.0780e+00 +3.3613e+00 -3.9467e+00 -2.9080e+00 +8.3200e-01 -1.8272e+00
1908 0 +2.172151025e+00 +3.214215103e+01 +3.214215103e+01 +8.6929e-01 -1.7004e+00 -3.6709e+00 -1.9501e+00 +3.1004e+00 +3.3385e+00 -3.9505e+00 -2.9107e+00 +7.9933e-01 -1.8072e+00
1960 0 +2.106808825e+00 +3.207680882e+01 +3.207680882e+01 +8.6115e-01 -1.7024e+00 -3.6815e+00 -1.9612e+00 +3.0930e+00 +3.3535e+00 -3.9457e+00 -2.9107e+00 +8.1358e-01 -1.8072e+00
1984 0 +1.679899448e+00 +3.164989945e+01 +3.164989945e+01 +8.7336e-01 -1.6986e+00 -3.6610e+00 -1.9374e+00 +3.1098e+00 +3.3298e+00 -3.9491e+00 -2.9086e+00 +8.0019e-01 -1.7866e+00
2119 0 +1.565498862e+00 +3.153549886e+01 +3.153549886e+01 +8.6462e-01 -1.7112e+00 -3.6658e+00 -1.9485e+00 +3.0968e+00 +3.3337e+00 -3.9453e+00 -2.9143e+00 +8.0645e-01 -1.7995e+00
2152 0 +9.448437099e-01 +3.091484371e+01 +3.091484371e+01 +8.7153e-01 -1.7053e+00 -3.6614e+00 -1.9455e+00 +3.1080e+00 +3.3319e+00 -3.9480e+00 -2.9128e+00 +8.0055e-01 -1.7948e+00
2236 0 +9.059981445e-01 +3.087599814e+01 +3.087599814e+01 +8.5656e-01 -1.7072e+00 -3.6781e+00 -1.9622e+00 +3.0823e+00 +3.3461e+00 -3.9433e+00 -2.9119e+00 +8.1925e-01 -1.8170e+00
2331 0 +7.970255182e-01 +3.076702552e+01 +3.076702552e+01 +8.5816e-01 -1.7083e+00 -3.6775e+00 -1.9607e+00 +3.0856e+00 +3.3480e+00 -3.9457e+00 -2.9138e+00 +8.1574e-01 -1.8077e+00
2335 0 +6.771582822e-01 +3.064715828e+01 +3.064715828e+01 +8.5951e-01 -1.7059e+00 -3.6749e+00 -1.9588e+00 +3.0864e+00 +3.3439e+00 -3.9437e+00 -2.9121e+00 +8.1258e-01 -1.8089e+00
2337 0 +6.320122810e-01 +3.060201228e+01 +3.060201228e+01 +8.6922e-01 -1.7061e+00 -3.6670e+00 -1.9488e+00 +3.1022e+00 +3.3368e+00 -3.9467e+00 -2.9118e+00 +8.0913e-01 -1.8024e+00
2402 0 +5.598885738e-01 +3.052988857e+01 +3.052988857e+01 +8.6203e-01 -1.7072e+00 -3.6741e+00 -1.9585e+00 +3.0892e+00 +3.3449e+00 -3.9476e+00 -2.9116e+00 +8.1257e-01 -1.8101e+00
2469 0 +5.191723819e-01 +3.048917238e+01 +3.048917238e+01 +8.6244e-01 -1.7069e+00 -3.6728e+00 -1.9584e+00 +3.0908e+00 +3.3421e+00 -3.9472e+00 -2.9134e+00 +8.1210e-01 -1.8073e+00
2495 0 +4.117126155e-01 +3.038171262e+01 +3.038171262e+01 +8.6301e-01 -1.7069e+00 -3.6746e+00 -1.9552e+00 +3.0920e+00 +3.3426e+00 -3.9474e+00 -2.9128e+00 +8.1381e-01 -1.8084e+00
% f evaluations | g evaluations | best noise-free fitness - Fopt (-5.171000000000e+01) + sum g_i+ | measured fitness | best measured fitness or single-digit g-values | x1 | x2...
1 0 +2.045664963e+03 +1.993954963e+03 +1.993954963e+03 +5.9671e-01 -3.8264e-02 +7.4769e-01 +1.6230e+00 -1.3415e-01 -1.3414e-01 +1.6792e+00 +8.6743e-01 -3.6947e-01 +6.4256e-01
3 0 +1.649753470e+03 +1.598043470e+03 +1.598043470e+03 +1.5656e+00 -1.2578e-01 +1.6753e-01 -1.3247e+00 -4.4438e-01 +2.1092e-01 -1.0510e+00 +4.7570e-01 -5.0064e-01 -1.9169e-01
40 0 +1.610527463e+03 +1.558817463e+03 +1.558817463e+03 -7.9841e-01 +5.9192e-01 -1.2202e+00 +1.9315e+00 +1.2794e+00 -3.6918e-01 -1.6131e+00 +1.4539e+00 -1.4540e-02 +1.3378e+00
52 0 +1.301351208e+03 +1.249641208e+03 +1.249641208e+03 -8.1643e-01 +9.2359e-01 -2.9742e+00 -4.7051e-03 +9.3482e-01 +8.1361e-01 -7.3850e-01 -2.2244e-02 -9.3002e-01 +8.9363e-01
55 0 +1.175963968e+03 +1.124253968e+03 +1.124253968e+03 +6.3366e-01 +7.0407e-01 -2.8167e+00 +5.2561e-01 +1.4812e+00 +9.4513e-01 -3.0235e+00 +3.9090e-01 +1.7949e-01 +5.4338e-01
58 0 +1.041279815e+03 +9.895698155e+02 +9.895698155e+02 +2.5838e+00 +3.9008e-01 -3.1338e+00 +7.0116e-01 +1.0646e+00 +3.4405e-01 -1.5762e+00 -3.9505e-01 +4.2148e-01 +1.4590e+00
103 0 +8.314129764e+02 +7.797029764e+02 +7.797029764e+02 +2.2189e+00 +2.1306e+00 -4.1447e+00 -1.1181e+00 +1.5159e-01 +3.8826e-01 -2.1946e+00 -9.3161e-01 -6.2857e-01 +2.8206e+00
105 0 +6.853498876e+02 +6.336398876e+02 +6.336398876e+02 +3.6223e+00 -9.2397e-01 -3.6715e+00 -2.7592e+00 -5.3506e-01 +9.8578e-01 -2.8527e+00 +3.4925e-01 -1.0683e+00 +2.6251e+00
171 0 +6.305721902e+02 +5.788621902e+02 +5.788621902e+02 +3.4011e+00 -5.6598e-01 -4.2300e+00 -1.2288e+00 +2.0882e+00 +1.2640e+00 -9.7717e-01 +2.5091e+00 -1.7668e+00 -7.9230e-01
203 0 +5.776043999e+02 +5.258943999e+02 +5.258943999e+02 +2.9644e+00 +1.2659e-01 -4.8354e+00 -2.2292e+00 +1.1675e+00 +9.8737e-01 -2.8170e+00 -4.3380e-01 -1.3948e+00 -5.4941e-02
301 0 +4.809095788e+02 +4.291995788e+02 +4.291995788e+02 +3.7795e+00 +1.6834e+00 -4.9081e+00 -2.2384e+00 +7.3140e-01 +2.6502e+00 -3.3979e+00 +2.1906e+00 -1.2372e+00 -9.5729e-01
455 0 +4.498912305e+02 +3.981812305e+02 +3.981812305e+02 +2.0982e+00 +3.7113e+00 -4.9258e+00 -3.8349e+00 +2.0412e+00 +5.9327e-01 -3.9535e+00 +2.3735e+00 -3.3237e+00 -1.1440e+00
501 0 +3.672419098e+02 +3.155319098e+02 +3.155319098e+02 +2.5590e+00 +2.1513e+00 -4.3004e+00 -4.5795e+00 +2.4519e-01 +1.8251e+00 -3.1332e+00 +1.7781e+00 -3.5560e+00 +1.0035e-01
518 0 +3.327244963e+02 +2.810144963e+02 +2.810144963e+02 +3.1362e+00 +2.9077e+00 -3.6498e+00 -3.8017e+00 +2.1842e+00 +1.7877e+00 -3.1890e+00 +3.5568e+00 -3.8823e+00 +5.0058e-01
571 0 +3.104824092e+02 +2.587724092e+02 +2.587724092e+02 +2.8910e+00 +2.3384e+00 -3.7830e+00 -1.3984e+00 +1.1352e+00 +8.5638e-01 -4.1492e+00 +2.9956e+00 -3.1647e+00 -3.2849e-01
619 0 +2.525358226e+02 +2.008258226e+02 +2.008258226e+02 +2.2836e+00 +3.9363e+00 -3.5179e+00 -4.0626e+00 +7.6280e-01 +2.7765e+00 -4.7347e+00 +4.0232e+00 -4.3415e+00 -2.0219e-01
633 0 +2.162908027e+02 +1.645808027e+02 +1.645808027e+02 +1.9477e+00 +2.5612e+00 -3.3279e+00 -3.5256e+00 +3.9086e-01 +1.1102e+00 -3.1673e+00 +2.7724e+00 -3.8557e+00 +5.9735e-01
651 0 +1.975604478e+02 +1.458504478e+02 +1.458504478e+02 +3.3478e+00 +2.2813e+00 -3.1490e+00 -2.8819e+00 +7.3985e-01 +9.4497e-01 -3.4873e+00 +2.3213e+00 -3.2689e+00 +5.6154e-01
708 0 +1.957589124e+02 +1.440489124e+02 +1.440489124e+02 +2.8652e+00 +3.3820e+00 -2.6178e+00 -3.6988e+00 +1.2682e+00 +1.2118e+00 -3.0549e+00 +3.0636e+00 -3.9884e+00 +9.1574e-01
804 0 +1.942368962e+02 +1.425268962e+02 +1.425268962e+02 +3.1126e+00 +3.1247e+00 -3.8564e+00 -3.3156e+00 +1.3254e+00 +7.2530e-01 -3.3214e+00 +2.6859e+00 -3.0147e+00 +1.8120e-01
815 0 +1.832878425e+02 +1.315778425e+02 +1.315778425e+02 +2.9977e+00 +3.5972e+00 -3.5316e+00 -3.0901e+00 +5.9971e-01 +1.8281e+00 -3.5012e+00 +3.2601e+00 -3.9065e+00 -6.6057e-02
847 0 +1.467082065e+02 +9.499820650e+01 +9.499820650e+01 +3.1974e+00 +2.4536e+00 -3.8011e+00 -3.6810e+00 +1.3047e+00 +1.7566e+00 -3.3266e+00 +2.9110e+00 -3.4994e+00 +7.6697e-02
860 0 +1.447262079e+02 +9.301620793e+01 +9.301620793e+01 +2.3963e+00 +2.6884e+00 -3.6829e+00 -3.6205e+00 +1.4202e+00 +8.5686e-01 -3.1059e+00 +2.8353e+00 -3.3126e+00 +1.1382e-01
905 0 +9.628199694e+01 +4.457199694e+01 +4.457199694e+01 +2.6462e+00 +2.7070e+00 -3.8777e+00 -3.5993e+00 +1.1273e+00 +1.0670e+00 -3.4503e+00 +3.0640e+00 -3.3577e+00 -1.4372e-01
977 0 +9.601956410e+01 +4.430956410e+01 +4.430956410e+01 +2.9106e+00 +2.6984e+00 -3.6128e+00 -3.0445e+00 +9.5999e-01 +1.4695e+00 -3.2457e+00 +2.8223e+00 -3.4009e+00 +6.9747e-02
1001 0 +5.322952068e+01 +1.519520680e+00 +1.519520680e+00 +2.6626e+00 +2.7207e+00 -3.6694e+00 -3.3919e+00 +1.1102e+00 +1.6740e+00 -3.4280e+00 +3.0118e+00 -3.4898e+00 -1.0317e-01
1258 0 +5.255751260e+01 +8.475126045e-01 +8.475126045e-01 +2.6520e+00 +2.9279e+00 -3.7405e+00 -3.4976e+00 +1.0027e+00 +1.6503e+00 -3.5380e+00 +3.0394e+00 -3.5999e+00 -2.3139e-02
1260 0 +4.990179464e+01 -1.808205359e+00 -1.808205359e+00 +2.6226e+00 +2.8547e+00 -3.6271e+00 -3.4997e+00 +1.1029e+00 +1.7290e+00 -3.3226e+00 +3.1866e+00 -3.6028e+00 -8.1859e-02
1261 0 +4.886578830e+01 -2.844211696e+00 -2.844211696e+00 +2.4714e+00 +3.0104e+00 -3.5038e+00 -3.4987e+00 +1.1319e+00 +1.6544e+00 -3.4913e+00 +3.1569e+00 -3.6195e+00 +5.5394e-03
1274 0 +4.812133049e+01 -3.588669509e+00 -3.588669509e+00 +2.5084e+00 +3.2212e+00 -3.3842e+00 -3.5696e+00 +1.1997e+00 +1.6737e+00 -3.6080e+00 +3.2338e+00 -3.7121e+00 +1.5708e-01
1303 0 +3.747578757e+01 -1.423421243e+01 -1.423421243e+01 +2.6541e+00 +2.9190e+00 -3.6840e+00 -3.4950e+00 +1.1566e+00 +1.5717e+00 -3.4342e+00 +3.0366e+00 -3.5514e+00 +4.5496e-02
1346 0 +3.682955853e+01 -1.488044147e+01 -1.488044147e+01 +2.7076e+00 +2.6124e+00 -3.7170e+00 -3.3715e+00 +1.0673e+00 +1.4318e+00 -3.5178e+00 +3.0159e+00 -3.3492e+00 +2.4850e-03
1352 0 +2.668511936e+01 -2.502488064e+01 -2.502488064e+01 +2.6598e+00 +2.8672e+00 -3.5286e+00 -3.5633e+00 +1.0828e+00 +1.4375e+00 -3.4124e+00 +3.1700e+00 -3.6091e+00 +1.2393e-01
1452 0 +2.406949043e+01 -2.764050957e+01 -2.764050957e+01 +2.5591e+00 +3.0069e+00 -3.5082e+00 -3.5552e+00 +1.1364e+00 +1.4922e+00 -3.3990e+00 +3.1772e+00 -3.6590e+00 +1.8915e-01
1454 0 +1.917027929e+01 -3.253972071e+01 -3.253972071e+01 +2.6599e+00 +2.9194e+00 -3.5761e+00 -3.4154e+00 +1.0936e+00 +1.5078e+00 -3.4191e+00 +3.1172e+00 -3.5632e+00 +9.9949e-02
1512 0 +1.410660659e+01 -3.760339341e+01 -3.760339341e+01 +2.6128e+00 +2.9599e+00 -3.4964e+00 -3.5399e+00 +1.0404e+00 +1.5220e+00 -3.4781e+00 +3.1642e+00 -3.6281e+00 +1.6533e-01
1651 0 +1.213008996e+01 -3.957991004e+01 -3.957991004e+01 +2.5962e+00 +2.9121e+00 -3.5181e+00 -3.5434e+00 +1.0627e+00 +1.5838e+00 -3.4594e+00 +3.1510e+00 -3.6274e+00 +1.0283e-01
1716 0 +1.126955617e+01 -4.044044383e+01 -4.044044383e+01 +2.6365e+00 +2.9479e+00 -3.4621e+00 -3.5820e+00 +1.0695e+00 +1.6047e+00 -3.4746e+00 +3.1691e+00 -3.7052e+00 +1.6201e-01
1720 0 +8.959504793e+00 -4.275049521e+01 -4.275049521e+01 +2.5945e+00 +2.9407e+00 -3.5408e+00 -3.5378e+00 +1.0895e+00 +1.5335e+00 -3.4727e+00 +3.1515e+00 -3.6588e+00 +1.0818e-01
1753 0 +7.082205206e+00 -4.462779479e+01 -4.462779479e+01 +2.6022e+00 +2.9677e+00 -3.5302e+00 -3.5195e+00 +1.0796e+00 +1.5646e+00 -3.4651e+00 +3.1561e+00 -3.6477e+00 +1.3200e-01
1766 0 +5.808917593e+00 -4.590108241e+01 -4.590108241e+01 +2.6187e+00 +2.8853e+00 -3.5846e+00 -3.4963e+00 +1.0953e+00 +1.5049e+00 -3.4450e+00 +3.1110e+00 -3.5933e+00 +9.8201e-02
1943 0 +4.631650655e+00 -4.707834935e+01 -4.707834935e+01 +2.6497e+00 +2.8884e+00 -3.5385e+00 -3.5088e+00 +1.0758e+00 +1.5141e+00 -3.4519e+00 +3.1096e+00 -3.6125e+00 +1.2775e-01
1951 0 +4.371195684e+00 -4.733880432e+01 -4.733880432e+01 +2.6433e+00 +2.8724e+00 -3.5748e+00 -3.4945e+00 +1.0859e+00 +1.4901e+00 -3.4411e+00 +3.0979e+00 -3.6027e+00 +1.1135e-01
1962 0 +3.395386611e+00 -4.831461339e+01 -4.831461339e+01 +2.6179e+00 +2.9840e+00 -3.4993e+00 -3.5584e+00 +1.0731e+00 +1.5788e+00 -3.4723e+00 +3.1723e+00 -3.6664e+00 +1.3007e-01
2055 0 +3.271599020e+00 -4.843840098e+01 -4.843840098e+01 +2.6234e+00 +2.9185e+00 -3.5445e+00 -3.5165e+00 +1.0723e+00 +1.5196e+00 -3.4570e+00 +3.1209e+00 -3.6273e+00 +1.2638e-01
2081 0 +2.977873368e+00 -4.873212663e+01 -4.873212663e+01 +2.6418e+00 +2.9098e+00 -3.5394e+00 -3.5179e+00 +1.0746e+00 +1.5411e+00 -3.4600e+00 +3.1350e+00 -3.6200e+00 +1.1638e-01
2104 0 +2.905488170e+00 -4.880451183e+01 -4.880451183e+01 +2.6310e+00 +2.9121e+00 -3.5307e+00 -3.5340e+00 +1.0635e+00 +1.5481e+00 -3.4535e+00 +3.1345e+00 -3.6276e+00 +1.2536e-01
2122 0 +2.807733669e+00 -4.890226633e+01 -4.890226633e+01 +2.6347e+00 +2.8996e+00 -3.5450e+00 -3.5147e+00 +1.0757e+00 +1.5213e+00 -3.4603e+00 +3.1115e+00 -3.6140e+00 +1.2809e-01
2151 0 +2.732848009e+00 -4.897715199e+01 -4.897715199e+01 +2.6367e+00 +2.9127e+00 -3.5387e+00 -3.5170e+00 +1.0719e+00 +1.5405e+00 -3.4573e+00 +3.1349e+00 -3.6275e+00 +1.2556e-01
2162 0 +2.032647984e+00 -4.967735202e+01 -4.967735202e+01 +2.6349e+00 +2.8868e+00 -3.5561e+00 -3.5144e+00 +1.0781e+00 +1.5134e+00 -3.4541e+00 +3.1153e+00 -3.6090e+00 +1.2025e-01
2252 0 +1.956140411e+00 -4.975385959e+01 -4.975385959e+01 +2.6353e+00 +2.9134e+00 -3.5376e+00 -3.5274e+00 +1.0706e+00 +1.5409e+00 -3.4573e+00 +3.1309e+00 -3.6227e+00 +1.3089e-01
2308 0 +1.790995506e+00 -4.991900449e+01 -4.991900449e+01 +2.6292e+00 +2.9212e+00 -3.5308e+00 -3.5291e+00 +1.0691e+00 +1.5449e+00 -3.4596e+00 +3.1312e+00 -3.6282e+00 +1.3576e-01
2353 0 +1.610789248e+00 -5.009921075e+01 -5.009921075e+01 +2.6292e+00 +2.9266e+00 -3.5305e+00 -3.5301e+00 +1.0699e+00 +1.5418e+00 -3.4625e+00 +3.1356e+00 -3.6314e+00 +1.2706e-01
2354 0 +1.389904722e+00 -5.032009528e+01 -5.032009528e+01 +2.6292e+00 +2.9037e+00 -3.5428e+00 -3.5230e+00 +1.0733e+00 +1.5343e+00 -3.4570e+00 +3.1221e+00 -3.6188e+00 +1.2768e-01
2424 0 +1.168570532e+00 -5.054142947e+01 -5.054142947e+01 +2.6327e+00 +2.8983e+00 -3.5450e+00 -3.5216e+00 +1.0733e+00 +1.5291e+00 -3.4540e+00 +3.1208e+00 -3.6187e+00 +1.2598e-01
% f evaluations | g evaluations | best noise-free fitness - Fopt (-2.799500000000e+02) + sum g_i+ | measured fitness | best measured fitness or single-digit g-values | x1 | x2...
1 0 +1.402832380e+03 +1.122882380e+03 +1.122882380e+03 +5.9671e-01 -3.8264e-02 +7.4769e-01 +1.6230e+00 -1.3415e-01 -1.3414e-01 +1.6792e+00 +8.6743e-01 -3.6947e-01 +6.4256e-01
2 0 +9.650422269e+02 +6.850922269e+02 +6.850922269e+02 -3.6342e-01 -3.6573e-01 +3.4196e-01 -1.8133e+00 -1.6249e+00 -4.6229e-01 -9.1283e-01 +4.1425e-01 -8.0802e-01 -1.3123e+00
53 0 +9.250837730e+02 +6.451337730e+02 +6.451337730e+02 -1.3131e+00 +6.6502e-02 +2.1203e+00 -1.4802e+00 -5.8391e-01 -9.2593e-01 -9.6228e-01 +1.1389e+00 -8.3887e-01 -1.4597e+00
56 0 +8.542426326e+02 +5.742926326e+02 +5.742926326e+02 -1.1888e+00 +7.3712e-01 +2.1089e+00 -2.0268e+00 -1.2405e+00 -2.4455e+00 +6.9233e-01 +1.4105e-01 -2.6996e-01 -1.4554e+00
104 0 +8.323828784e+02 +5.524328784e+02 +5.524328784e+02 -2.5202e+00 -8.3417e-01 +2.6628e+00 -1.6627e+00 -2.2502e+00 -1.7259e+00 +1.5965e+00 +2.0692e+00 +2.3638e-01 -7.4156e-01
107 0 +7.780079401e+02 +4.980579401e+02 +4.980579401e+02 -2.3335e+00 +2.2357e-01 +4.3029e+00 -2.9239e+00 -4.4142e+00 -1.9765e+00 -1.6381e+00 +3.4709e-01 +1.8756e+00 -2.8339e+00
109 0 +7.186204059e+02 +4.386704059e+02 +4.386704059e+02 -3.8154e+00 -1.6015e+00 +1.6179e+00 -2.5599e+00 -3.4757e+00 -1.2906e+00 +9.5232e-01 +2.4577e-01 -5.9233e-01 -3.8425e+00
120 0 +6.892421788e+02 +4.092921788e+02 +4.092921788e+02 -2.2473e+00 -1.1837e+00 +3.7897e+00 -3.8429e-01 -2.7837e+00 -2.9850e+00 -2.4800e+00 +6.5452e-01 +3.0377e-01 -1.3351e+00
145 0 +5.624408247e+02 +2.824908247e+02 +2.824908247e+02 -4.1408e+00 -2.4537e+00 +1.3428e+00 -1.9140e+00 -3.3224e+00 -1.0419e+00 +3.0321e-01 +1.0756e+00 -1.0932e+00 -3.6474e+00
251 0 +3.714194324e+02 +9.146943239e+01 +9.146943239e+01 -4.3007e+00 -1.7208e+00 +8.9484e-01 -2.0835e+00 -4.1036e+00 -2.6729e+00 +5.8765e-01 +1.1057e+00 -1.9262e-01 -2.2223e+00
457 0 +3.188106335e+02 +3.886063354e+01 +3.886063354e+01 -4.0522e+00 -2.5224e+00 +2.2494e+00 -1.4357e+00 -3.3625e+00 -1.3786e+00 -1.0940e+00 +3.5598e-01 +5.8396e-01 -2.4828e+00
459 0 +2.830520009e+02 +3.102000879e+00 +3.102000879e+00 -3.3462e+00 -4.0089e+00 +3.0045e+00 -5.4196e-01 -3.5160e+00 -3.5381e+00 -1.2378e+00 -1.0224e+00 +1.7566e+00 -3.5730e+00
563 0 +2.695709602e+02 -1.037903983e+01 -1.037903983e+01 -2.9912e+00 -2.7906e+00 +2.8868e+00 -1.0158e+00 -4.5979e+00 -3.2302e+00 -6.7765e-01 -4.0937e-01 +8.8881e-01 -2.3050e+00
570 0 +2.606416294e+02 -1.930837057e+01 -1.930837057e+01 -3.9300e+00 -3.1295e+00 +1.6069e+00 -8.3828e-01 -3.8918e+00 -3.2527e+00 -2.4766e-01 +4.3013e-01 +3.2404e-01 -1.7709e+00
608 0 +1.723378081e+02 -1.076121919e+02 -1.076121919e+02 -3.8212e+00 -3.0031e+00 +2.3727e+00 -4.1801e-01 -3.9348e+00 -2.9194e+00 -4.7233e-01 +6.5651e-01 +4.2990e-01 -2.0171e+00
652 0 +1.702172943e+02 -1.097327057e+02 -1.097327057e+02 -3.6336e+00 -2.7746e+00 +2.7470e+00 -1.0235e+00 -4.3397e+00 -3.3125e+00 -8.7094e-01 +9.4687e-02 +5.2698e-01 -2.1309e+00
715 0 +1.597740475e+02 -1.201759525e+02 -1.201759525e+02 -3.3890e+00 -3.2700e+00 +2.8419e+00 -1.4109e+00 -3.9353e+00 -3.0876e+00 -1.4698e+00 -2.1333e-01 +9.7977e-01 -2.8619e+00
731 0 +1.537971883e+02 -1.261528117e+02 -1.261528117e+02 -3.6313e+00 -2.4011e+00 +2.9286e+00 -3.7384e-01 -4.0530e+00 -3.0252e+00 -6.5590e-01 +1.5354e-02 +1.2131e+00 -2.1904e+00
741 0 +1.473779271e+02 -1.325720729e+02 -1.325720729e+02 -4.1601e+00 -3.6837e+00 +2.3570e+00 -8.9602e-01 -3.9390e+00 -2.4762e+00 -1.0938e+00 +5.0967e-01 +1.3363e+00 -2.7946e+00
753 0 +1.464439232e+02 -1.335060768e+02 -1.335060768e+02 -4.1199e+00 -2.5846e+00 +2.6962e+00 -4.0460e-01 -4.0507e+00 -2.9559e+00 -6.3548e-01 +6.3787e-01 +8.9467e-01 -2.2315e+00
760 0 +9.132152921e+01 -1.886284708e+02 -1.886284708e+02 -3.7080e+00 -3.3004e+00 +2.9314e+00 -9.6430e-01 -3.7304e+00 -2.6241e+00 -1.1703e+00 -2.0826e-01 +1.0974e+00 -2.9060e+00
823 0 +7.528399128e+01 -2.046660087e+02 -2.046660087e+02 -3.7464e+00 -3.0573e+00 +2.7069e+00 -9.5826e-01 -3.5621e+00 -2.7985e+00 -1.2816e+00 +1.1222e-02 +1.1867e+00 -3.0685e+00
902 0 +6.153367691e+01 -2.184163231e+02 -2.184163231e+02 -3.8858e+00 -3.4201e+00 +2.9565e+00 -9.2697e-01 -3.6085e+00 -2.6892e+00 -1.5756e+00 -2.2453e-01 +1.5382e+00 -3.4093e+00
951 0 +6.072992903e+01 -2.192200710e+02 -2.192200710e+02 -3.5813e+00 -3.3407e+00 +3.0348e+00 -1.0424e+00 -3.5049e+00 -2.9289e+00 -1.2072e+00 -1.3776e-01 +1.2967e+00 -3.0806e+00
954 0 +5.424937657e+01 -2.257006234e+02 -2.257006234e+02 -3.8623e+00 -3.0865e+00 +2.6397e+00 -9.5143e-01 -3.9906e+00 -2.9959e+00 -9.1940e-01 +1.6743e-01 +1.1353e+00 -2.6882e+00
1004 0 +4.785775181e+01 -2.320922482e+02 -2.320922482e+02 -3.6624e+00 -3.4226e+00 +2.9953e+00 -8.7579e-01 -3.6081e+00 -2.9038e+00 -1.3631e+00 -2.4083e-01 +1.4897e+00 -3.2122e+00
1047 0 +4.656922319e+01 -2.333807768e+02 -2.333807768e+02 -3.9126e+00 -3.8479e+00 +3.0652e+00 -9.7614e-01 -3.4848e+00 -2.7552e+00 -1.6788e+00 -2.5977e-01 +1.6436e+00 -3.6414e+00
1151 0 +3.731659044e+01 -2.426334096e+02 -2.426334096e+02 -3.7838e+00 -3.6200e+00 +3.0454e+00 -1.0172e+00 -3.6351e+00 -2.7684e+00 -1.3489e+00 -3.1923e-02 +1.3920e+00 -3.2649e+00
1205 0 +3.353405079e+01 -2.464159492e+02 -2.464159492e+02 -3.8243e+00 -3.4476e+00 +2.9832e+00 -9.1643e-01 -3.7458e+00 -2.7654e+00 -1.2260e+00 -8.0233e-02 +1.3398e+00 -3.2421e+00
1264 0 +1.808051370e+01 -2.618694863e+02 -2.618694863e+02 -3.7645e+00 -3.5095e+00 +2.9364e+00 -9.9442e-01 -3.6919e+00 -2.7688e+00 -1.3780e+00 -5.1079e-02 +1.4062e+00 -3.3170e+00
1408 0 +1.681635412e+01 -2.631336459e+02 -2.631336459e+02 -3.6157e+00 -3.6870e+00 +3.1585e+00 -9.8597e-01 -3.5357e+00 -2.8262e+00 -1.4904e+00 -1.5724e-01 +1.5811e+00 -3.4489e+00
1529 0 +1.616107680e+01 -2.637889232e+02 -2.637889232e+02 -3.6738e+00 -3.8558e+00 +3.1140e+00 -9.4805e-01 -3.5253e+00 -2.8303e+00 -1.5213e+00 -1.8010e-01 +1.5745e+00 -3.4652e+00
1551 0 +1.600070906e+01 -2.639492909e+02 -2.639492909e+02 -3.6913e+00 -3.8042e+00 +3.1148e+00 -9.9813e-01 -3.6011e+00 -2.8366e+00 -1.4905e+00 -2.0268e-01 +1.5760e+00 -3.4570e+00
1556 0 +1.493842994e+01 -2.650115701e+02 -2.650115701e+02 -3.7032e+00 -3.7906e+00 +3.1270e+00 -9.6208e-01 -3.5046e+00 -2.8457e+00 -1.5348e+00 -2.2421e-01 +1.5886e+00 -3.4290e+00
1583 0 +1.313782795e+01 -2.668121720e+02 -2.668121720e+02 -3.6510e+00 -3.8013e+00 +3.1223e+00 -1.0072e+00 -3.4800e+00 -2.8036e+00 -1.5373e+00 -2.1982e-01 +1.5645e+00 -3.5163e+00
1604 0 +1.255768116e+01 -2.673923188e+02 -2.673923188e+02 -3.7032e+00 -3.7862e+00 +3.1223e+00 -9.6101e-01 -3.5653e+00 -2.8411e+00 -1.5166e+00 -1.6096e-01 +1.5472e+00 -3.4391e+00
1614 0 +7.844102312e+00 -2.721058977e+02 -2.721058977e+02 -3.6665e+00 -3.7590e+00 +3.1477e+00 -9.5048e-01 -3.5598e+00 -2.8208e+00 -1.4932e+00 -2.3049e-01 +1.5729e+00 -3.4604e+00
1700 0 +7.301757143e+00 -2.726482429e+02 -2.726482429e+02 -3.6753e+00 -3.6796e+00 +3.1173e+00 -9.5146e-01 -3.5789e+00 -2.7933e+00 -1.4590e+00 -1.7521e-01 +1.5629e+00 -3.4214e+00
1812 0 +4.928911173e+00 -2.750210888e+02 -2.750210888e+02 -3.6818e+00 -3.7890e+00 +3.1608e+00 -9.6055e-01 -3.5381e+00 -2.8175e+00 -1.5096e+00 -2.3111e-01 +1.5864e+00 -3.4829e+00
1855 0 +4.511460104e+00 -2.754385399e+02 -2.754385399e+02 -3.6858e+00 -3.7323e+00 +3.1219e+00 -9.6333e-01 -3.5719e+00 -2.8194e+00 -1.4834e+00 -2.0037e-01 +1.5599e+00 -3.4289e+00
1953 0 +4.051709522e+00 -2.758982905e+02 -2.758982905e+02 -3.6832e+00 -3.7193e+00 +3.1282e+00 -9.6276e-01 -3.5677e+00 -2.8111e+00 -1.4660e+00 -1.8333e-01 +1.5611e+00 -3.4287e+00
1956 0 +3.628471340e+00 -2.763215287e+02 -2.763215287e+02 -3.6804e+00 -3.7170e+00 +3.1249e+00 -9.6221e-01 -3.5733e+00 -2.8165e+00 -1.4810e+00 -1.9343e-01 +1.5620e+00 -3.4271e+00
1978 0 +2.161343671e+00 -2.777886563e+02 -2.777886563e+02 -3.6676e+00 -3.7689e+00 +3.1512e+00 -9.7115e-01 -3.5403e+00 -2.8177e+00 -1.5109e+00 -2.1217e-01 +1.5864e+00 -3.4722e+00
2132 0 +1.682765074e+00 -2.782672349e+02 -2.782672349e+02 -3.6735e+00 -3.7520e+00 +3.1363e+00 -9.6554e-01 -3.5559e+00 -2.8207e+00 -1.4920e+00 -1.9489e-01 +1.5640e+00 -3.4500e+00
2203 0 +1.463429867e+00 -2.784865701e+02 -2.784865701e+02 -3.6793e+00 -3.7484e+00 +3.1342e+00 -9.6380e-01 -3.5605e+00 -2.8195e+00 -1.4899e+00 -1.9306e-01 +1.5706e+00 -3.4482e+00
2269 0 +1.117253881e+00 -2.788327461e+02 -2.788327461e+02 -3.6734e+00 -3.7741e+00 +3.1477e+00 -9.6287e-01 -3.5434e+00 -2.8130e+00 -1.5106e+00 -2.0770e-01 +1.5838e+00 -3.4699e+00
% f evaluations | g evaluations | best noise-free fitness - Fopt (9.319900000000e+02) + sum g_i+ | measured fitness | best measured fitness or single-digit g-values | x1 | x2...
1 0 +1.402139936e+03 +2.334129936e+03 +2.334129936e+03 +5.9671e-01 -3.8264e-02 +7.4769e-01 +1.6230e+00 -1.3415e-01 -1.3414e-01 +1.6792e+00 +8.6743e-01 -3.6947e-01 +6.4256e-01
2 0 +1.337230921e+03 +2.269220921e+03 +2.269220921e+03 -3.6342e-01 -3.6573e-01 +3.4196e-01 -1.8133e+00 -1.6249e+00 -4.6229e-01 -9.1283e-01 +4.1425e-01 -8.0802e-01 -1.3123e+00
3 0 +1.301580277e+03 +2.233570277e+03 +2.233570277e+03 +1.5656e+00 -1.2578e-01 +1.6753e-01 -1.3247e+00 -4.4438e-01 +2.1092e-01 -1.0510e+00 +4.7570e-01 -5.0064e-01 -1.9169e-01
4 0 +9.274599451e+02 +1.859449945e+03 +1.859449945e+03 -5.0171e-01 +1.9523e+00 +8.6503e-02 -9.5771e-01 +9.2254e-01 -1.1208e+00 +3.0886e-01 -1.8597e+00 -1.2282e+00 +2.9686e-01
51 0 +5.922090543e+02 +1.524199054e+03 +1.524199054e+03 +3.8257e-01 -5.4871e-02 +1.2867e+00 -1.5792e+00 +9.4988e-01 -1.8791e+00 +6.8883e-01 -2.0924e+00 -1.0187e+00 +8.0689e-01
136 0 +5.860960854e+02 +1.518086085e+03 +1.518086085e+03 +3.4783e-01 -1.4698e+00 +8.0503e-01 -5.3375e-01 +2.1405e+00 -1.9335e+00 +2.4690e+00 -3.2413e+00 -2.2525e+00 +1.0377e+00
152 0 +5.689159918e+02 +1.500905992e+03 +1.500905992e+03 +2.3507e+00 +1.5546e+00 +4.1230e+00 -8.1140e-01 +1.0481e+00 -2.1788e+00 +2.3971e+00 -3.0597e+00 -4.8689e-01 +3.2735e+00
182 0 +4.629432552e+02 +1.394933255e+03 +1.394933255e+03 -5.7411e-01 +3.6004e-01 +1.5701e+00 -6.1419e-01 -1.1478e+00 -1.9027e+00 +1.1997e+00 -3.4878e+00 -8.9537e-01 +3.4261e+00
254 0 +4.617676658e+02 +1.393757666e+03 +1.393757666e+03 +4.5885e-01 +1.1227e+00 +1.4342e+00 -1.4024e+00 +1.1057e+00 -2.5670e+00 +1.1179e+00 -4.1246e+00 -6.5526e-01 +5.7279e-01
315 0 +3.709803020e+02 +1.302970302e+03 +1.302970302e+03 +1.6194e+00 +1.9108e+00 +2.8034e+00 -5.5636e-01 +1.8133e+00 -2.8940e+00 +2.1805e+00 -2.5534e+00 -3.9194e-01 +2.3038e+00
327 0 +3.707046227e+02 +1.302694623e+03 +1.302694623e+03 +1.3391e+00 +8.0911e-02 +3.2700e+00 +6.7343e-02 +1.9370e+00 -1.3732e+00 +1.9288e+00 -3.1105e+00 -1.8994e+00 +8.0509e-01
353 0 +3.153882334e+02 +1.247378233e+03 +1.247378233e+03 +1.6598e+00 +7.2569e-01 +2.2898e+00 -1.4264e+00 +1.1774e+00 -2.7027e+00 +2.3379e+00 -4.3385e+00 -2.0438e+00 +1.3345e+00
418 0 +2.947033899e+02 +1.226693390e+03 +1.226693390e+03 +1.7353e+00 +7.6800e-01 +2.4794e+00 -5.0494e-01 +2.3242e+00 -3.2017e+00 +3.0701e+00 -2.8470e+00 -9.4435e-01 +1.4809e+00
466 0 +2.739445186e+02 +1.205934519e+03 +1.205934519e+03 +1.6394e+00 +1.2922e+00 +3.6006e+00 -6.4730e-01 +2.0419e+00 -4.3794e+00 +3.0330e+00 -3.5018e+00 -1.3169e+00 +2.6077e+00
515 0 +1.660965035e+02 +1.098086503e+03 +1.098086503e+03 +5.6689e-01 +6.5488e-01 +2.2168e+00 -1.3150e+00 +1.4580e+00 -2.6327e+00 +2.7234e+00 -4.4657e+00 -1.2978e+00 +2.7312e+00
606 0 +1.638838687e+02 +1.095873869e+03 +1.095873869e+03 +1.1703e+00 +9.2928e-01 +2.7636e+00 -7.8601e-01 +1.4538e+00 -2.8865e+00 +2.5574e+00 -4.4732e+00 -1.2619e+00 +1.9654e+00
628 0 +1.046593925e+02 +1.036649392e+03 +1.036649392e+03 +3.3157e-01 +1.6120e+00 +2.6407e+00 -7.9748e-01 +1.4232e+00 -2.1381e+00 +2.4899e+00 -4.2262e+00 -1.4916e+00 +2.6973e+00
752 0 +7.963628085e+01 +1.011626281e+03 +1.011626281e+03 +6.5382e-01 +1.1154e+00 +2.3487e+00 -7.6471e-01 +1.2690e+00 -2.2178e+00 +2.4498e+00 -4.4324e+00 -1.8024e+00 +2.3707e+00
820 0 +7.830895127e+01 +1.010298951e+03 +1.010298951e+03 +1.0471e+00 +1.1580e+00 +2.8676e+00 -8.1092e-01 +2.0751e+00 -2.5121e+00 +2.3894e+00 -3.8877e+00 -1.6128e+00 +2.3093e+00
941 0 +7.181969897e+01 +1.003809699e+03 +1.003809699e+03 +6.4793e-01 +1.1053e+00 +2.4857e+00 -6.3138e-01 +1.3523e+00 -2.3310e+00 +2.5271e+00 -4.2245e+00 -1.8858e+00 +2.7286e+00
956 0 +6.143683776e+01 +9.934268378e+02 +9.934268378e+02 +1.1497e+00 +1.1282e+00 +2.8087e+00 -7.5148e-01 +2.2531e+00 -2.4678e+00 +2.5167e+00 -3.7998e+00 -1.7095e+00 +2.2607e+00
1042 0 +5.403193640e+01 +9.860219364e+02 +9.860219364e+02 +9.1435e-01 +1.0435e+00 +2.4938e+00 -7.7089e-01 +1.7690e+00 -2.5936e+00 +2.6540e+00 -4.2782e+00 -1.6562e+00 +2.4220e+00
1054 0 +3.145379872e+01 +9.634437987e+02 +9.634437987e+02 +7.9089e-01 +1.1345e+00 +2.6578e+00 -7.6467e-01 +1.8859e+00 -2.4685e+00 +2.5681e+00 -4.0719e+00 -1.5632e+00 +2.4066e+00
1130 0 +2.117639520e+01 +9.531663952e+02 +9.531663952e+02 +9.6191e-01 +1.0010e+00 +2.8228e+00 -7.5177e-01 +2.0226e+00 -2.6872e+00 +2.6474e+00 -3.9385e+00 -1.5617e+00 +2.3225e+00
1252 0 +1.992738550e+01 +9.519173855e+02 +9.519173855e+02 +9.4577e-01 +1.0461e+00 +2.6971e+00 -7.8892e-01 +1.8638e+00 -2.5281e+00 +2.5863e+00 -4.0273e+00 -1.6006e+00 +2.3012e+00
1301 0 +1.903479027e+01 +9.510247903e+02 +9.510247903e+02 +8.7801e-01 +1.0616e+00 +2.7291e+00 -7.6545e-01 +1.9249e+00 -2.5513e+00 +2.6130e+00 -4.0845e+00 -1.5843e+00 +2.3302e+00
1354 0 +1.755774992e+01 +9.495477499e+02 +9.495477499e+02 +8.6206e-01 +9.8133e-01 +2.7290e+00 -8.1078e-01 +1.9146e+00 -2.5087e+00 +2.6396e+00 -4.0407e+00 -1.6342e+00 +2.2947e+00
1373 0 +1.620701710e+01 +9.481970171e+02 +9.481970171e+02 +1.0062e+00 +1.0140e+00 +2.7567e+00 -7.1351e-01 +1.9696e+00 -2.5784e+00 +2.6708e+00 -3.9970e+00 -1.6535e+00 +2.2618e+00
1415 0 +1.443326099e+01 +9.464232610e+02 +9.464232610e+02 +8.5920e-01 +1.0057e+00 +2.6808e+00 -8.1410e-01 +1.8126e+00 -2.5732e+00 +2.6250e+00 -4.0665e+00 -1.5671e+00 +2.3975e+00
1423 0 +1.248861702e+01 +9.444786170e+02 +9.444786170e+02 +1.0723e+00 +9.5888e-01 +2.7428e+00 -7.4247e-01 +2.0002e+00 -2.5929e+00 +2.6962e+00 -4.0076e+00 -1.6656e+00 +2.2698e+00
1454 0 +1.212023297e+01 +9.441102330e+02 +9.441102330e+02 +1.0335e+00 +9.5731e-01 +2.7552e+00 -7.3167e-01 +1.9674e+00 -2.6238e+00 +2.6830e+00 -4.0202e+00 -1.6211e+00 +2.2665e+00
1501 0 +1.173084068e+01 +9.437208407e+02 +9.437208407e+02 +1.0777e+00 +9.5956e-01 +2.8047e+00 -7.2248e-01 +2.0061e+00 -2.5867e+00 +2.6898e+00 -3.9694e+00 -1.6301e+00 +2.2642e+00
1554 0 +1.095045391e+01 +9.429404539e+02 +9.429404539e+02 +1.0161e+00 +9.7783e-01 +2.7743e+00 -7.3797e-01 +1.9497e+00 -2.5706e+00 +2.6553e+00 -3.9877e+00 -1.6109e+00 +2.2807e+00
1565 0 +1.078833450e+01 +9.427783345e+02 +9.427783345e+02 +1.0101e+00 +9.7425e-01 +2.7525e+00 -7.5725e-01 +1.9881e+00 -2.6386e+00 +2.6848e+00 -3.9629e+00 -1.5853e+00 +2.3051e+00
1568 0 +6.771089414e+00 +9.387610894e+02 +9.387610894e+02 +9.9452e-01 +9.7175e-01 +2.7658e+00 -7.6416e-01 +1.9771e+00 -2.6207e+00 +2.6647e+00 -3.9713e+00 -1.5876e+00 +2.2984e+00
1638 0 +5.936420092e+00 +9.379264201e+02 +9.379264201e+02 +1.0490e+00 +9.8682e-01 +2.7782e+00 -7.5296e-01 +2.0259e+00 -2.6094e+00 +2.6678e+00 -3.9668e+00 -1.6026e+00 +2.2730e+00
1702 0 +4.077708449e+00 +9.360677084e+02 +9.360677084e+02 +1.0399e+00 +9.7770e-01 +2.7709e+00 -7.5867e-01 +2.0175e+00 -2.6091e+00 +2.6811e+00 -3.9638e+00 -1.6086e+00 +2.2693e+00
1918 0 +3.606985914e+00 +9.355969859e+02 +9.355969859e+02 +1.0693e+00 +9.6347e-01 +2.7927e+00 -7.4187e-01 +2.0397e+00 -2.6217e+00 +2.6860e+00 -3.9540e+00 -1.6205e+00 +2.2533e+00
1955 0 +3.184566217e+00 +9.351745662e+02 +9.351745662e+02 +1.0925e+00 +9.5138e-01 +2.7906e+00 -7.4024e-01 +2.0738e+00 -2.6247e+00 +2.6939e+00 -3.9402e+00 -1.6182e+00 +2.2391e+00
2028 0 +2.866229995e+00 +9.348562300e+02 +9.348562300e+02 +1.1053e+00 +9.4911e-01 +2.8047e+00 -7.4093e-01 +2.0878e+00 -2.6355e+00 +2.6926e+00 -3.9240e+00 -1.6239e+00 +2.2419e+00
2160 0 +2.672143582e+00 +9.346621436e+02 +9.346621436e+02 +1.0965e+00 +9.4865e-01 +2.7977e+00 -7.4238e-01 +2.0658e+00 -2.6226e+00 +2.6876e+00 -3.9335e+00 -1.6136e+00 +2.2358e+00
2203 0 +2.357212451e+00 +9.343472125e+02 +9.343472125e+02 +1.0761e+00 +9.5178e-01 +2.7972e+00 -7.4110e-01 +2.0633e+00 -2.6232e+00 +2.6824e+00 -3.9342e+00 -1.6157e+00 +2.2446e+00
2275 0 +1.982335866e+00 +9.339723359e+02 +9.339723359e+02 +1.0991e+00 +9.4968e-01 +2.7994e+00 -7.3631e-01 +2.0749e+00 -2.6285e+00 +2.6918e+00 -3.9319e+00 -1.6204e+00 +2.2420e+00
2301 0 +1.779607472e+00 +9.337696075e+02 +9.337696075e+02 +1.1137e+00 +9.4378e-01 +2.8082e+00 -7.3126e-01 +2.0918e+00 -2.6345e+00 +2.6961e+00 -3.9202e+00 -1.6219e+00 +2.2323e+00
2440 0 +1.738635676e+00 +9.337286357e+02 +9.337286357e+02 +1.1056e+00 +9.4845e-01 +2.8111e+00 -7.3409e-01 +2.0860e+00 -2.6338e+00 +2.6925e+00 -3.9188e+00 -1.6130e+00 +2.2348e+00
2454 0 +1.682848248e+00 +9.336728482e+02 +9.336728482e+02 +1.1129e+00 +9.4678e-01 +2.8111e+00 -7.3412e-01 +2.0953e+00 -2.6325e+00 +2.6960e+00 -3.9202e+00 -1.6156e+00 +2.2252e+00
2459 0 +1.629953561e+00 +9.336199536e+02 +9.336199536e+02 +1.1157e+00 +9.4231e-01 +2.8087e+00 -7.3616e-01 +2.0975e+00 -2.6375e+00 +2.6971e+00 -3.9187e+00 -1.6170e+00 +2.2289e+00
2468 0 +1.618835734e+00 +9.336088357e+02 +9.336088357e+02 +1.1165e+00 +9.4740e-01 +2.8110e+00 -7.3110e-01 +2.0913e+00 -2.6347e+00 +2.6944e+00 -3.9204e+00 -1.6192e+00 +2.2301e+00
2498 0 +1.437625079e+00 +9.334276251e+02 +9.334276251e+02 +1.1275e+00 +9.3874e-01 +2.8160e+00 -7.3010e-01 +2.1084e+00 -2.6411e+00 +2.7002e+00 -3.9118e+00 -1.6177e+00 +2.2242e+00
2500 0 +1.437210199e+00 +9.334272102e+02 +9.334272102e+02 +1.1326e+00 +9.4421e-01 +2.8227e+00 -7.3213e-01 +2.1146e+00 -2.6435e+00 +2.6997e+00 -3.9062e+00 -1.6153e+00 +2.2242e+00
% f evaluations | g evaluations | best noise-free fitness - Fopt (1.133100000000e+02) + sum g_i+ | measured fitness | best measured fitness or single-digit g-values | x1 | x2...
1 0 +1.086028555e+03 +1.199338555e+03 +1.199338555e+03 +5.9671e-01 -3.8264e-02 +7.4769e-01 +1.6230e+00 -1.3415e-01 -1.3414e-01 +1.6792e+00 +8.6743e-01 -3.6947e-01 +6.4256e-01
4 0 +9.591685077e+02 +1.072478508e+03 +1.072478508e+03 -5.0171e-01 +1.9523e+00 +8.6503e-02 -9.5771e-01 +9.2254e-01 -1.1208e+00 +3.0886e-01 -1.8597e+00 -1.2282e+00 +2.9686e-01
6 0 +8.516522929e+02 +9.649622929e+02 +9.649622929e+02 +4.2408e-01 -2.8508e-01 -5.7692e-01 +7.1168e-01 +1.1310e+00 +1.0313e+00 -7.3922e-01 -2.0921e-01 +4.3126e-01 +1.0755e+00
15 0 +8.405555611e+02 +9.538655611e+02 +9.538655611e+02 +3.2746e-01 +1.4071e+00 -1.5075e+00 +2.8463e-01 +3.5988e-01 +8.8182e-01 -1.1370e+00 -1.2205e+00 +6.2194e-01 +3.9698e-01
32 0 +7.024734223e+02 +8.157834223e+02 +8.157834223e+02 -1.1768e-01 +1.1988e+00 +9.2542e-01 +9.1351e-01 +1.4055e+00 +1.2100e-01 +7.8195e-01 -2.1027e-01 +4.2417e-01 -3.0143e-02
58 0 +6.040078450e+02 +7.173178450e+02 +7.173178450e+02 +1.5685e-01 +1.6166e+00 +1.7233e+00 +1.2560e+00 +8.5677e-01 -1.0636e+00 +8.0861e-02 -1.1989e+00 +1.3500e+00 -1.0565e+00
64 0 +5.965059808e+02 +7.098159808e+02 +7.098159808e+02 +1.4786e-01 +2.4385e+00 +5.2658e-01 +3.4761e-01 +1.9799e+00 +8.3740e-01 +2.6804e-01 -1.5341e+00 +4.8687e-01 +2.8499e-01
69 0 +5.662094270e+02 +6.795194270e+02 +6.795194270e+02 +3.0206e-01 +1.1148e+00 -1.2098e-01 +9.1530e-01 +1.5215e+00 +1.4121e+00 -1.1941e-01 -6.4754e-01 +2.3738e+00 -9.6181e-01
70 0 +5.472741442e+02 +6.605841442e+02 +6.605841442e+02 -1.2207e-01 +1.8278e+00 -8.6399e-01 +7.0833e-01 +1.0132e+00 -7.7584e-01 +8.7253e-01 -8.8308e-01 +2.0948e+00 +5.4833e-01
102 0 +3.952728669e+02 +5.085828669e+02 +5.085828669e+02 +1.8491e+00 +2.3242e+00 -5.5612e-01 +1.7194e+00 +6.4461e-01 -1.5268e+00 -4.3482e-02 -2.0096e+00 +1.9963e+00 -6.4410e-01
346 0 +2.219248234e+02 +3.352348234e+02 +3.352348234e+02 +2.2617e+00 +3.7562e+00 +1.7220e+00 -6.7527e-02 +9.9989e-02 +1.6147e-02 +1.3065e-01 -1.9470e+00 +2.9031e+00 -1.2693e+00
453 0 +2.095630643e+02 +3.228730643e+02 +3.228730643e+02 +2.3704e+00 +2.7792e+00 +4.6392e-01 +1.1316e+00 +6.2267e-01 -9.1920e-01 -5.9744e-01 -1.5287e+00 +4.0519e+00 -1.3669e-01
507 0 +1.844238116e+02 +2.977338116e+02 +2.977338116e+02 +2.4903e+00 +2.9115e+00 +6.1321e-01 +9.9761e-01 +5.7216e-01 -1.3734e-01 -2.8079e-01 -1.2448e+00 +3.3277e+00 -3.6789e-01
591 0 +1.636831648e+02 +2.769931648e+02 +2.769931648e+02 +2.4825e+00 +2.8062e+00 +1.0098e+00 +2.6241e-02 +8.9778e-02 +5.2848e-01 -7.1946e-01 -1.8583e+00 +3.2334e+00 -5.7783e-01
601 0 +1.326963280e+02 +2.460063280e+02 +2.460063280e+02 +2.0975e+00 +3.1851e+00 +4.2639e-01 +3.1121e-01 +4.2922e-01 -1.8643e-01 -7.2810e-01 -1.5685e+00 +3.1174e+00 -1.0502e+00
652 0 +1.292512373e+02 +2.425612373e+02 +2.425612373e+02 +1.8922e+00 +3.3581e+00 +2.4687e-01 +3.5763e-01 +5.5370e-01 -1.9504e-01 -2.1518e-01 -1.7375e+00 +2.9439e+00 -9.1063e-01
655 0 +7.953573870e+01 +1.928457387e+02 +1.928457387e+02 +2.0716e+00 +3.0072e+00 +4.9078e-01 +6.4411e-01 +7.7577e-01 -5.5462e-01 -5.6696e-01 -1.8177e+00 +3.2378e+00 -6.3255e-01
867 0 +7.189977524e+01 +1.852097752e+02 +1.852097752e+02 +2.1778e+00 +3.2789e+00 +8.1851e-01 +6.0662e-01 +6.8472e-01 -6.4947e-01 -5.0100e-01 -1.8552e+00 +2.9380e+00 -7.5007e-01
869 0 +6.430063186e+01 +1.776106319e+02 +1.776106319e+02 +2.2693e+00 +3.4842e+00 +1.0558e+00 +4.1317e-01 +2.3179e-01 -5.2819e-01 -3.3978e-01 -1.8292e+00 +3.2699e+00 -8.5035e-01
959 0 +5.821103184e+01 +1.715210318e+02 +1.715210318e+02 +2.2301e+00 +3.4632e+00 +9.6877e-01 +3.3527e-01 +4.6348e-01 -7.0144e-01 -6.5763e-01 -1.7398e+00 +2.9394e+00 -7.6287e-01
977 0 +5.409046037e+01 +1.674004604e+02 +1.674004604e+02 +2.2048e+00 +3.2727e+00 +7.4256e-01 +6.6334e-01 +3.7834e-01 -6.2653e-01 -2.0353e-01 -1.6778e+00 +3.0819e+00 -6.7650e-01
1004 0 +4.824591010e+01 +1.615559101e+02 +1.615559101e+02 +2.2487e+00 +3.2560e+00 +9.4737e-01 +4.7027e-01 +4.6104e-01 -7.2231e-01 -5.3020e-01 -1.8341e+00 +2.9879e+00 -7.1020e-01
1016 0 +4.689205938e+01 +1.602020594e+02 +1.602020594e+02 +2.0443e+00 +3.2158e+00 +6.3268e-01 +3.3418e-01 +6.5780e-01 -8.0471e-01 -4.0005e-01 -1.8031e+00 +3.0787e+00 -8.4041e-01
1051 0 +4.129297960e+01 +1.546029796e+02 +1.546029796e+02 +2.0892e+00 +3.1184e+00 +5.0602e-01 +3.8352e-01 +6.6071e-01 -7.8842e-01 -3.7888e-01 -1.8072e+00 +2.9028e+00 -6.8822e-01
1104 0 +3.242744288e+01 +1.457374429e+02 +1.457374429e+02 +2.1497e+00 +3.3542e+00 +9.6100e-01 +3.1012e-01 +3.5417e-01 -7.0880e-01 -3.1118e-01 -1.7393e+00 +3.0887e+00 -7.5769e-01
1108 0 +2.732800401e+01 +1.406380040e+02 +1.406380040e+02 +2.1685e+00 +3.2637e+00 +6.8329e-01 +4.3549e-01 +5.7476e-01 -8.3577e-01 -3.6725e-01 -1.7584e+00 +2.9184e+00 -8.2166e-01
1127 0 +2.347138266e+01 +1.367813827e+02 +1.367813827e+02 +2.1277e+00 +3.2601e+00 +9.6647e-01 +2.4797e-01 +3.2956e-01 -5.8294e-01 -3.2890e-01 -1.7363e+00 +2.9666e+00 -8.5279e-01
1210 0 +2.317005064e+01 +1.364800506e+02 +1.364800506e+02 +2.1269e+00 +3.2817e+00 +8.1417e-01 +3.5122e-01 +3.1277e-01 -5.6984e-01 -3.3796e-01 -1.7834e+00 +3.0103e+00 -7.5458e-01
1249 0 +2.262031425e+01 +1.359303143e+02 +1.359303143e+02 +2.2178e+00 +3.3054e+00 +7.6959e-01 +4.0517e-01 +3.4581e-01 -6.1315e-01 -3.6717e-01 -1.7181e+00 +3.0042e+00 -7.1591e-01
1251 0 +1.776659222e+01 +1.310765922e+02 +1.310765922e+02 +2.1990e+00 +3.2954e+00 +8.9880e-01 +3.9770e-01 +3.4280e-01 -6.1980e-01 -3.8846e-01 -1.7268e+00 +2.9601e+00 -7.4429e-01
1304 0 +1.566960680e+01 +1.289796068e+02 +1.289796068e+02 +2.1593e+00 +3.2311e+00 +8.3476e-01 +3.8375e-01 +4.0099e-01 -6.1419e-01 -3.9741e-01 -1.7849e+00 +2.9965e+00 -7.7307e-01
1389 0 +1.388913064e+01 +1.271991306e+02 +1.271991306e+02 +2.1412e+00 +3.2872e+00 +7.7013e-01 +4.6194e-01 +4.9274e-01 -6.9215e-01 -3.8931e-01 -1.7286e+00 +2.9772e+00 -7.0103e-01
1451 0 +1.355291533e+01 +1.268629153e+02 +1.268629153e+02 +2.1665e+00 +3.2721e+00 +7.5870e-01 +3.9438e-01 +4.7850e-01 -6.4792e-01 -4.0549e-01 -1.6963e+00 +2.9905e+00 -6.8962e-01
1452 0 +1.330765101e+01 +1.266176510e+02 +1.266176510e+02 +2.1393e+00 +3.2223e+00 +7.7559e-01 +4.3238e-01 +4.9525e-01 -7.1236e-01 -3.5848e-01 -1.7475e+00 +2.9991e+00 -7.7223e-01
1453 0 +1.307554764e+01 +1.263855476e+02 +1.263855476e+02 +2.1485e+00 +3.2765e+00 +7.9836e-01 +3.9854e-01 +4.0165e-01 -6.0320e-01 -3.7649e-01 -1.7083e+00 +2.9754e+00 -7.2592e-01
1454 0 +9.568229265e+00 +1.228782293e+02 +1.228782293e+02 +2.1346e+00 +3.2954e+00 +8.8771e-01 +3.5573e-01 +3.7487e-01 -6.4614e-01 -3.7561e-01 -1.7461e+00 +2.9749e+00 -7.8314e-01
1512 0 +9.414585188e+00 +1.227245852e+02 +1.227245852e+02 +2.1449e+00 +3.2758e+00 +8.4143e-01 +3.4819e-01 +4.4229e-01 -6.9107e-01 -3.8025e-01 -1.7378e+00 +2.9919e+00 -7.8808e-01
1528 0 +7.679244045e+00 +1.209892440e+02 +1.209892440e+02 +2.1886e+00 +3.2855e+00 +8.4963e-01 +3.4078e-01 +3.7349e-01 -6.6075e-01 -3.9918e-01 -1.7503e+00 +2.9927e+00 -7.9509e-01
1654 0 +6.882686072e+00 +1.201926861e+02 +1.201926861e+02 +2.1711e+00 +3.2709e+00 +7.9827e-01 +3.8048e-01 +4.1006e-01 -6.5507e-01 -3.9136e-01 -1.7301e+00 +2.9864e+00 -7.6140e-01
1709 0 +6.793476896e+00 +1.201034769e+02 +1.201034769e+02 +2.1644e+00 +3.2683e+00 +7.7802e-01 +3.9606e-01 +4.5093e-01 -6.7033e-01 -4.0342e-01 -1.7167e+00 +3.0034e+00 -7.6799e-01
1711 0 +6.172538387e+00 +1.194825384e+02 +1.194825384e+02 +2.1567e+00 +3.2762e+00 +7.9941e-01 +4.0138e-01 +4.4356e-01 -6.9113e-01 -3.6225e-01 -1.7350e+00 +2.9916e+00 -7.5008e-01
1752 0 +6.146202564e+00 +1.194562026e+02 +1.194562026e+02 +2.1519e+00 +3.2636e+00 +7.7324e-01 +3.7830e-01 +4.4431e-01 -6.8434e-01 -3.8142e-01 -1.7335e+00 +2.9904e+00 -7.5126e-01
1756 0 +4.028735864e+00 +1.173387359e+02 +1.173387359e+02 +2.1556e+00 +3.2623e+00 +7.7249e-01 +4.1593e-01 +4.5338e-01 -6.9732e-01 -3.8582e-01 -1.7236e+00 +3.0172e+00 -7.5020e-01
1884 0 +3.599884396e+00 +1.169098844e+02 +1.169098844e+02 +2.1659e+00 +3.2784e+00 +8.0187e-01 +3.9424e-01 +4.2797e-01 -6.6846e-01 -3.8746e-01 -1.7442e+00 +3.0020e+00 -7.5735e-01
1906 0 +3.448292534e+00 +1.167582925e+02 +1.167582925e+02 +2.1665e+00 +3.2643e+00 +7.8760e-01 +4.0758e-01 +4.5666e-01 -6.9026e-01 -3.8596e-01 -1.7305e+00 +3.0036e+00 -7.5635e-01
1954 0 +3.302144857e+00 +1.166121449e+02 +1.166121449e+02 +2.1556e+00 +3.2676e+00 +8.0689e-01 +3.8887e-01 +4.3421e-01 -6.7290e-01 -3.8332e-01 -1.7428e+00 +3.0006e+00 -7.6517e-01
2001 0 +3.290387163e+00 +1.166003872e+02 +1.166003872e+02 +2.1594e+00 +3.2836e+00 +8.1363e-01 +3.9289e-01 +4.3116e-01 -6.8297e-01 -3.8383e-01 -1.7413e+00 +3.0033e+00 -7.5992e-01
2002 0 +2.960128087e+00 +1.162701281e+02 +1.162701281e+02 +2.1666e+00 +3.2668e+00 +7.9846e-01 +3.8475e-01 +4.3946e-01 -6.9032e-01 -3.9101e-01 -1.7390e+00 +2.9968e+00 -7.6806e-01
2023 0 +1.542573640e+00 +1.148525736e+02 +1.148525736e+02 +2.1627e+00 +3.2689e+00 +7.9462e-01 +3.9421e-01 +4.3969e-01 -6.8491e-01 -3.8741e-01 -1.7329e+00 +3.0055e+00 -7.5756e-01
2253 0 +1.530854051e+00 +1.148408541e+02 +1.148408541e+02 +2.1643e+00 +3.2661e+00 +7.9355e-01 +3.9413e-01 +4.4612e-01 -6.8303e-01 -3.8881e-01 -1.7307e+00 +3.0058e+00 -7.5444e-01
2256 0 +1.522597910e+00 +1.148325979e+02 +1.148325979e+02 +2.1587e+00 +3.2588e+00 +7.7451e-01 +4.0660e-01 +4.6517e-01 -6.9159e-01 -3.9159e-01 -1.7294e+00 +3.0002e+00 -7.4842e-01
2267 0 +1.304929682e+00 +1.146149297e+02 +1.146149297e+02 +2.1620e+00 +3.2706e+00 +7.9922e-01 +3.8723e-01 +4.3877e-01 -6.8308e-01 -3.8650e-01 -1.7356e+00 +3.0034e+00 -7.6033e-01
2306 0 +1.173897633e+00 +1.144838976e+02 +1.144838976e+02 +2.1618e+00 +3.2693e+00 +7.9404e-01 +3.9260e-01 +4.4688e-01 -6.8709e-01 -3.8793e-01 -1.7326e+00 +3.0041e+00 -7.5616e-01
2352 0 +8.352807503e-01 +1.141452808e+02 +1.141452808e+02 +2.1626e+00 +3.2663e+00 +7.9034e-01 +3.9316e-01 +4.4874e-01 -6.8420e-01 -3.9099e-01 -1.7331e+00 +3.0029e+00 -7.5520e-01
2411 0 +7.980172455e-01 +1.141080172e+02 +1.141080172e+02 +2.1586e+00 +3.2612e+00 +7.8202e-01 +3.9992e-01 +4.6020e-01 -6.9242e-01 -3.9096e-01 -1.7300e+00 +3.0028e+00 -7.5303e-01
2451 0 +6.686232072e-01 +1.139786232e+02 +1.139786232e+02 +2.1607e+00 +3.2654e+00 +7.9212e-01 +3.9271e-01 +4.4972e-01 -6.8676e-01 -3.9042e-01 -1.7331e+00 +3.0026e+00 -7.5646e-01
% f evaluations | g evaluations | best noise-free fitness - Fopt (2.849000000000e+01) + sum g_i+ | measured fitness | best measured fitness or single-digit g-values | x1 | x2...
1 0 +1.464864804e+03 +1.493354804e+03 +1.493354804e+03 +5.9671e-01 -3.8264e-02 +7.4769e-01 +1.6230e+00 -1.3415e-01 -1.3414e-01 +1.6792e+00 +8.6743e-01 -3.6947e-01 +6.4256e-01
7 0 +1.410502043e+03 +1.438992043e+03 +1.438992043e+03 -3.7917e-01 -8.5659e-02 -1.0063e+00 -1.0962e+00 +9.1253e-01 +1.4562e+00 +2.7990e-02 +1.1035e+00 +4.6164e-01 -5.4512e-01
13 0 +1.398512816e+03 +1.427002816e+03 +1.427002816e+03 +8.9103e-01 -8.0939e-01 +1.5028e+00 -1.3019e+00 +6.8686e-01 +2.2905e+00 -8.9054e-01 -4.6630e-01 +1.9965e-01 -4.0348e-01
17 0 +1.317220082e+03 +1.345710082e+03 +1.345710082e+03 -8.7468e-01 +8.8708e-01 +1.2586e+00 -7.2068e-01 +1.0634e+00 +5.1278e-01 +9.2206e-01 +1.9968e+00 -1.4539e-01 -6.5374e-01
18 0 +1.142692054e+03 +1.171182054e+03 +1.171182054e+03 -7.8951e-01 -7.1581e-01 +2.2898e-02 +4.4115e-01 +3.7669e-01 +9.2718e-01 +1.1300e-01 +1.5535e+00 -1.6466e-01 +2.8202e+00
54 0 +1.058298593e+03 +1.086788593e+03 +1.086788593e+03 +9.2658e-01 +1.8461e-01 +8.5924e-01 +2.2989e-01 +6.9477e-01 +1.6295e+00 +1.8148e+00 +3.2025e+00 +1.8679e+00 +1.3259e+00
55 0 +1.012773813e+03 +1.041263813e+03 +1.041263813e+03 +7.3511e-01 -1.5359e+00 +7.5802e-01 -1.8540e+00 +1.9609e+00 +5.0598e-01 +5.2020e-01 +3.6913e-01 -2.3118e+00 +2.9825e+00
59 0 +8.443276545e+02 +8.728176545e+02 +8.728176545e+02 +2.6283e-01 -6.0082e-01 +2.9718e-02 -4.5046e-01 -5.3005e-01 +2.1245e+00 +3.4730e-01 +1.5717e+00 -1.9699e+00 +1.6147e+00
82 0 +7.566936914e+02 +7.851836914e+02 +7.851836914e+02 +1.2517e+00 -1.3270e+00 +1.0452e-01 -2.1123e+00 -1.0902e+00 +1.5910e+00 +2.4709e+00 +4.8329e-01 -8.6503e-01 +1.3453e+00
102 0 +5.917652976e+02 +6.202552976e+02 +6.202552976e+02 +7.2692e-01 -1.5795e+00 +7.4703e-01 -2.0579e+00 -6.3169e-01 +3.8681e+00 +1.2597e+00 +2.4988e+00 -2.5720e+00 +1.8064e+00
105 0 +4.691336048e+02 +4.976236048e+02 +4.976236048e+02 +8.1499e-01 -1.3057e+00 +9.3425e-01 -3.5859e+00 -1.6714e+00 +1.0584e+00 +2.3496e+00 +4.2047e+00 -7.6252e-01 +3.4348e+00
254 0 +4.670352398e+02 +4.955252398e+02 +4.955252398e+02 +1.9335e-01 -1.2249e+00 +1.8846e-01 -2.2177e+00 -2.9733e+00 +1.7322e+00 +1.7542e+00 +3.8893e+00 -1.4085e+00 +3.6461e+00
302 0 +3.597242056e+02 +3.882142056e+02 +3.882142056e+02 -7.3126e-01 -1.9241e+00 +2.4188e+00 -4.0794e+00 -2.3289e+00 +1.8728e+00 +3.0920e+00 +2.7213e+00 -1.3162e+00 +2.7815e+00
351 0 +2.449533035e+02 +2.734433035e+02 +2.734433035e+02 +6.7828e-01 -1.0712e+00 +2.2826e-01 -3.7107e+00 -2.1454e+00 +2.1937e+00 +1.2553e+00 +3.1113e+00 -2.1341e+00 +2.6448e+00
605 0 +2.329783228e+02 +2.614683228e+02 +2.614683228e+02 +1.2433e-02 -2.1854e+00 +1.2222e-01 -3.9884e+00 -1.7852e+00 +2.0207e+00 +1.3614e+00 +3.0169e+00 -1.5893e+00 +2.8725e+00
606 0 +1.979611103e+02 +2.264511103e+02 +2.264511103e+02 -4.6961e-01 -1.4577e+00 +3.5641e-01 -4.4079e+00 -2.3847e+00 +2.6191e+00 +1.6131e+00 +2.2464e+00 -2.5977e+00 +2.7397e+00
641 0 +1.768253505e+02 +2.053153505e+02 +2.053153505e+02 -2.6990e-02 -1.8802e+00 +1.5745e-01 -4.3707e+00 -2.3218e+00 +2.4004e+00 +5.8042e-01 +2.4494e+00 -3.0305e+00 +3.6916e+00
703 0 +1.285774554e+02 +1.570674554e+02 +1.570674554e+02 -4.4131e-01 -1.5612e+00 -1.8036e-01 -3.8303e+00 -2.8067e+00 +2.4174e+00 +1.5545e+00 +2.9765e+00 -2.9231e+00 +3.0098e+00
756 0 +1.159597969e+02 +1.444497969e+02 +1.444497969e+02 -8.9684e-01 -2.2918e+00 +2.7731e-01 -3.6288e+00 -2.2739e+00 +2.8355e+00 +1.3125e+00 +2.6829e+00 -2.3049e+00 +3.6286e+00
810 0 +1.028340147e+02 +1.313240147e+02 +1.313240147e+02 -7.6700e-01 -2.3380e+00 +5.9358e-01 -3.8623e+00 -2.2768e+00 +2.5622e+00 +1.3992e+00 +2.9542e+00 -1.9690e+00 +3.0964e+00
851 0 +8.234387283e+01 +1.108338728e+02 +1.108338728e+02 -5.7683e-01 -2.0296e+00 +2.6430e-01 -3.7812e+00 -2.3019e+00 +2.3977e+00 +1.3369e+00 +2.5544e+00 -2.2811e+00 +3.4029e+00
861 0 +6.827987604e+01 +9.676987604e+01 +9.676987604e+01 -5.7933e-01 -2.0368e+00 +2.5133e-01 -4.0304e+00 -2.5537e+00 +2.6589e+00 +1.1648e+00 +2.7814e+00 -2.4653e+00 +3.5654e+00
965 0 +6.340466560e+01 +9.189466560e+01 +9.189466560e+01 -4.3635e-01 -1.8706e+00 +3.9736e-01 -3.6891e+00 -2.1528e+00 +2.4512e+00 +1.6444e+00 +2.5811e+00 -1.8686e+00 +3.1178e+00
1011 0 +6.129384312e+01 +8.978384312e+01 +8.978384312e+01 -2.9043e-01 -1.7464e+00 +3.3986e-01 -3.8968e+00 -2.2588e+00 +2.6143e+00 +1.2746e+00 +2.8733e+00 -2.3985e+00 +3.3651e+00
1040 0 +4.990169567e+01 +7.839169567e+01 +7.839169567e+01 -5.5799e-01 -1.9650e+00 +3.5078e-01 -3.9335e+00 -2.4802e+00 +2.5745e+00 +1.5213e+00 +2.7408e+00 -2.2653e+00 +3.3801e+00
1056 0 +4.843590216e+01 +7.692590216e+01 +7.692590216e+01 -4.3577e-01 -1.7988e+00 +2.8876e-01 -3.9182e+00 -2.3987e+00 +2.6104e+00 +1.4450e+00 +2.8007e+00 -2.4212e+00 +3.3464e+00
1058 0 +3.805927090e+01 +6.654927090e+01 +6.654927090e+01 -4.7401e-01 -1.8492e+00 +2.4194e-01 -3.9165e+00 -2.2211e+00 +2.5223e+00 +1.0156e+00 +2.9011e+00 -2.4357e+00 +3.3684e+00
1166 0 +2.518121613e+01 +5.367121613e+01 +5.367121613e+01 -5.3606e-01 -1.9439e+00 +2.8590e-01 -3.9918e+00 -2.3017e+00 +2.4828e+00 +1.3304e+00 +2.7974e+00 -2.0798e+00 +3.4519e+00
1283 0 +2.075836709e+01 +4.924836709e+01 +4.924836709e+01 -4.8955e-01 -1.9489e+00 +3.9072e-01 -3.8535e+00 -2.1746e+00 +2.4582e+00 +1.3351e+00 +2.7235e+00 -2.0011e+00 +3.3472e+00
1507 0 +1.943018004e+01 +4.792018004e+01 +4.792018004e+01 -4.5472e-01 -1.8977e+00 +2.6533e-01 -3.9109e+00 -2.2810e+00 +2.4887e+00 +1.4421e+00 +2.7230e+00 -2.0089e+00 +3.3480e+00
1523 0 +1.115966116e+01 +3.964966116e+01 +3.964966116e+01 -4.8850e-01 -1.9404e+00 +3.1666e-01 -3.9281e+00 -2.2607e+00 +2.5177e+00 +1.4036e+00 +2.7620e+00 -2.0046e+00 +3.3582e+00
1611 0 +1.109666274e+01 +3.958666274e+01 +3.958666274e+01 -5.3323e-01 -1.9344e+00 +3.0431e-01 -3.9411e+00 -2.3014e+00 +2.5246e+00 +1.3557e+00 +2.7672e+00 -2.0452e+00 +3.3609e+00
1613 0 +6.830722635e+00 +3.532072264e+01 +3.532072264e+01 -4.8864e-01 -1.9400e+00 +3.2182e-01 -3.9134e+00 -2.2792e+00 +2.5122e+00 +1.3794e+00 +2.7507e+00 -2.0542e+00 +3.3540e+00
1917 0 +6.506196792e+00 +3.499619679e+01 +3.499619679e+01 -5.0096e-01 -1.9406e+00 +3.2702e-01 -3.8879e+00 -2.2476e+00 +2.5068e+00 +1.3850e+00 +2.7610e+00 -2.0546e+00 +3.3418e+00
1975 0 +4.368976000e+00 +3.285897600e+01 +3.285897600e+01 -5.2593e-01 -1.9425e+00 +3.0920e-01 -3.8868e+00 -2.2555e+00 +2.5051e+00 +1.3568e+00 +2.7672e+00 -2.0474e+00 +3.3467e+00
2001 0 +3.928211120e+00 +3.241821112e+01 +3.241821112e+01 -5.0781e-01 -1.9375e+00 +3.1668e-01 -3.8952e+00 -2.2632e+00 +2.5124e+00 +1.3688e+00 +2.7721e+00 -2.0518e+00 +3.3356e+00
2052 0 +2.212320470e+00 +3.070232047e+01 +3.070232047e+01 -5.1903e-01 -1.9486e+00 +3.1819e-01 -3.8999e+00 -2.2627e+00 +2.5111e+00 +1.3738e+00 +2.7594e+00 -2.0386e+00 +3.3428e+00
2253 0 +1.999721048e+00 +3.048972105e+01 +3.048972105e+01 -5.1945e-01 -1.9455e+00 +3.0548e-01 -3.8976e+00 -2.2663e+00 +2.5125e+00 +1.3690e+00 +2.7622e+00 -2.0464e+00 +3.3454e+00
2288 0 +1.927982802e+00 +3.041798280e+01 +3.041798280e+01 -5.2790e-01 -1.9436e+00 +2.9768e-01 -3.9019e+00 -2.2661e+00 +2.5162e+00 +1.3541e+00 +2.7688e+00 -2.0719e+00 +3.3418e+00
2360 0 +1.622228947e+00 +3.011222895e+01 +3.011222895e+01 -5.2196e-01 -1.9509e+00 +3.1098e-01 -3.8949e+00 -2.2580e+00 +2.5116e+00 +1.3644e+00 +2.7626e+00 -2.0460e+00 +3.3460e+00
2453 0 +1.250860810e+00 +2.974086081e+01 +2.974086081e+01 -5.2518e-01 -1.9437e+00 +2.9763e-01 -3.8994e+00 -2.2656e+00 +2.5175e+00 +1.3509e+00 +2.7686e+00 -2.0709e+00 +3.3490e+00
% f evaluations | g evaluations | best noise-free fitness - Fopt (-7.405800000000e+02) + sum g_i+ | measured fitness | best measured fitness or single-digit g-values | x1 | x2...
1 0 +1.459786099e+03 +7.192060987e+02 +7.192060987e+02 +5.9671e-01 -3.8264e-02 +7.4769e-01 +1.6230e+00 -1.3415e-01 -1.3414e-01 +1.6792e+00 +8.6743e-01 -3.6947e-01 +6.4256e-01
2 0 +1.334855708e+03 +5.942757082e+02 +5.942757082e+02 -3.6342e-01 -3.6573e-01 +3.4196e-01 -1.8133e+00 -1.6249e+00 -4.6229e-01 -9.1283e-01 +4.1425e-01 -8.0802e-01 -1.3123e+00
3 0 +1.270499998e+03 +5.299199975e+02 +5.299199975e+02 +1.5656e+00 -1.2578e-01 +1.6753e-01 -1.3247e+00 -4.4438e-01 +2.1092e-01 -1.0510e+00 +4.7570e-01 -5.0064e-01 -1.9169e-01
6 0 +1.126297134e+03 +3.857171340e+02 +3.857171340e+02 +4.2408e-01 -2.8508e-01 -5.7692e-01 +7.1168e-01 +1.1310e+00 +1.0313e+00 -7.3922e-01 -2.0921e-01 +4.3126e-01 +1.0755e+00
14 0 +1.006541737e+03 +2.659617370e+02 +2.659617370e+02 -1.4507e+00 +1.6856e-01 -9.6230e-01 +5.7359e-01 -8.1942e-01 +1.6499e+00 -6.8325e-01 -2.2206e-01 +9.1352e-01 -1.1309e+00
51 0 +9.596239033e+02 +2.190439033e+02 +2.190439033e+02 -3.3221e-01 +1.9661e-02 -1.3584e+00 +1.7338e+00 -2.1186e-01 +3.9667e+00 -1.2565e-01 -1.2081e+00 -3.1808e-01 -3.1682e-01
52 0 +9.345820197e+02 +1.940020197e+02 +1.940020197e+02 +2.5755e-01 -1.0746e+00 -8.5828e-01 +9.2904e-01 -4.6117e-01 +1.3227e+00 -1.9134e-01 +8.4192e-01 -1.0635e+00 -2.0035e+00
55 0 +7.947587067e+02 +5.417870668e+01 +5.417870668e+01 +1.5761e+00 +2.8087e-01 -2.2496e+00 +1.7221e+00 +1.9604e-01 +2.3048e+00 -2.1916e-01 -4.8486e-02 -3.6529e-01 -1.4161e+00
58 0 +7.728528041e+02 +3.227280409e+01 +3.227280409e+01 +1.4323e+00 +4.8409e-01 -1.1680e+00 +3.3570e-01 -7.9509e-01 +1.7552e+00 -1.5515e+00 -5.8849e-01 -7.5868e-01 -6.6014e-01
62 0 +6.929799780e+02 -4.760002201e+01 -4.760002201e+01 -1.2162e+00 +3.6610e-01 -7.4121e-01 +1.5078e+00 -8.2063e-01 +4.0211e+00 -2.3983e+00 +1.0008e+00 +1.5469e-01 -2.0458e+00
110 0 +5.795177885e+02 -1.610622115e+02 -1.610622115e+02 +6.1927e-01 -1.7385e-01 -3.9683e+00 +2.0597e+00 -1.2319e+00 +3.4416e+00 -3.8926e+00 +3.7626e+00 -1.6885e+00 -1.4996e+00
152 0 +5.702086593e+02 -1.703713407e+02 -1.703713407e+02 -1.3649e+00 -2.3559e-01 -3.9564e+00 +7.2826e-01 -1.1539e+00 +4.0058e+00 -3.8303e+00 +4.0294e+00 -1.5302e+00 -7.5381e-01
203 0 +5.417133252e+02 -1.988666748e+02 -1.988666748e+02 -1.7780e-01 -6.1465e-01 -4.7753e+00 +5.3157e-01 -1.0862e+00 +2.0180e+00 -4.0789e+00 +9.7940e-01 -2.5872e+00 -1.7832e+00
253 0 +3.328708665e+02 -4.077091335e+02 -4.077091335e+02 -1.3518e+00 -9.2591e-02 -2.4012e+00 +4.4351e-01 -1.2452e+00 +2.5628e+00 -3.5513e+00 +3.4818e+00 -2.6197e+00 -2.1981e+00
479 0 +3.273702443e+02 -4.132097557e+02 -4.132097557e+02 -1.1959e+00 -1.3042e+00 -3.2785e+00 +3.1503e-01 -1.3060e+00 +2.4713e+00 -2.9801e+00 +1.6022e+00 -3.5562e+00 -1.4662e+00
489 0 +3.113996971e+02 -4.291803029e+02 -4.291803029e+02 -7.9558e-01 -4.4389e-01 -3.0576e+00 +1.7631e-01 -2.1628e+00 +3.6705e+00 -3.9891e+00 +8.4114e-01 -3.2185e+00 -1.0347e+00
532 0 +2.021601698e+02 -5.384198302e+02 -5.384198302e+02 -1.8543e+00 +3.8692e-01 -2.9389e+00 +1.1621e-01 -9.3523e-01 +3.0052e+00 -3.2755e+00 +1.4973e+00 -3.2831e+00 -7.7462e-01
685 0 +2.002580758e+02 -5.403219242e+02 -5.403219242e+02 -1.4605e+00 +8.7627e-01 -3.2496e+00 +2.0681e-01 -1.4164e+00 +3.6950e+00 -3.9828e+00 +1.8534e+00 -3.0995e+00 -1.2138e+00
701 0 +1.998902486e+02 -5.406897514e+02 -5.406897514e+02 -1.2105e+00 +5.7033e-01 -2.5901e+00 +1.4144e-01 -1.6228e+00 +3.3647e+00 -3.4508e+00 +2.1740e+00 -2.8879e+00 -6.7758e-01
705 0 +1.313909669e+02 -6.091890331e+02 -6.091890331e+02 -9.8703e-01 +2.7271e-01 -2.8685e+00 +5.9897e-01 -1.3087e+00 +3.6246e+00 -3.4496e+00 +2.3756e+00 -3.1367e+00 -1.4130e+00
820 0 +1.084846361e+02 -6.320953639e+02 -6.320953639e+02 -2.2000e+00 +1.6570e-01 -2.7397e+00 +3.0041e-01 -8.7468e-01 +3.5429e+00 -3.6402e+00 +2.5569e+00 -3.8328e+00 -4.6571e-01
901 0 +1.076373428e+02 -6.329426572e+02 -6.329426572e+02 -1.5947e+00 +5.4105e-01 -2.5593e+00 +2.3194e-01 -1.2339e+00 +3.6675e+00 -3.6332e+00 +1.8994e+00 -3.5921e+00 -8.4030e-01
906 0 +1.036467008e+02 -6.369332992e+02 -6.369332992e+02 -2.5687e+00 -6.8005e-02 -2.4061e+00 +8.5046e-02 -5.3320e-01 +3.6780e+00 -3.8247e+00 +2.4820e+00 -3.4130e+00 -5.4542e-01
910 0 +8.478111939e+01 -6.557988806e+02 -6.557988806e+02 -1.4172e+00 +2.9561e-01 -2.9802e+00 +2.5365e-01 -1.0489e+00 +3.5384e+00 -3.5098e+00 +2.1302e+00 -3.4479e+00 -7.9398e-01
969 0 +7.534963146e+01 -6.652303685e+02 -6.652303685e+02 -1.7199e+00 +9.5407e-02 -2.5871e+00 +1.1570e-01 -6.7941e-01 +3.6890e+00 -3.6162e+00 +2.5452e+00 -3.5558e+00 -8.5816e-01
1013 0 +6.459869336e+01 -6.759813066e+02 -6.759813066e+02 -2.0899e+00 -2.3114e-01 -2.8124e+00 +1.0765e-01 -1.0172e+00 +3.6277e+00 -3.8797e+00 +2.5748e+00 -3.4107e+00 -8.6583e-01
1128 0 +4.903402325e+01 -6.915459767e+02 -6.915459767e+02 -1.8717e+00 +1.5201e-01 -2.6110e+00 +2.9475e-01 -8.5598e-01 +3.6115e+00 -3.7985e+00 +2.5531e+00 -3.4391e+00 -8.3222e-01
1156 0 +3.669896751e+01 -7.038810325e+02 -7.038810325e+02 -1.6371e+00 -5.9189e-02 -2.7061e+00 +1.4738e-01 -1.0816e+00 +3.6215e+00 -3.6949e+00 +2.2549e+00 -3.4573e+00 -1.0126e+00
1303 0 +3.104243783e+01 -7.095375622e+02 -7.095375622e+02 -1.4218e+00 -5.0779e-04 -2.7459e+00 +1.8927e-01 -1.2119e+00 +3.6072e+00 -3.6824e+00 +2.2586e+00 -3.3659e+00 -9.6394e-01
1314 0 +3.038068079e+01 -7.101993192e+02 -7.101993192e+02 -1.7304e+00 -3.3825e-02 -2.7904e+00 +1.0917e-01 -1.1577e+00 +3.5054e+00 -3.7149e+00 +2.3113e+00 -3.5001e+00 -8.6714e-01
1351 0 +1.309381664e+01 -7.274861834e+02 -7.274861834e+02 -1.6805e+00 -4.6456e-03 -2.7422e+00 +1.6405e-01 -1.1236e+00 +3.6053e+00 -3.7061e+00 +2.3380e+00 -3.3755e+00 -9.5038e-01
1558 0 +1.263827405e+01 -7.279417260e+02 -7.279417260e+02 -1.7791e+00 +1.9259e-03 -2.6912e+00 +2.0785e-01 -1.0106e+00 +3.5435e+00 -3.6928e+00 +2.3809e+00 -3.4472e+00 -9.4380e-01
1584 0 +1.200377213e+01 -7.285762279e+02 -7.285762279e+02 -1.6575e+00 +1.5209e-02 -2.6985e+00 +2.0727e-01 -1.0545e+00 +3.5713e+00 -3.6997e+00 +2.4075e+00 -3.3971e+00 -9.3081e-01
1604 0 +1.196495036e+01 -7.286150496e+02 -7.286150496e+02 -1.6258e+00 +2.6571e-03 -2.7399e+00 +1.4262e-01 -1.0858e+00 +3.6254e+00 -3.7093e+00 +2.3250e+00 -3.4009e+00 -9.3488e-01
1607 0 +1.169343749e+01 -7.288865625e+02 -7.288865625e+02 -1.7736e+00 -3.4123e-02 -2.7034e+00 +2.0983e-01 -1.0605e+00 +3.5532e+00 -3.7248e+00 +2.3824e+00 -3.4336e+00 -9.1009e-01
1660 0 +1.147250175e+01 -7.291074983e+02 -7.291074983e+02 -1.6203e+00 +3.9773e-02 -2.7828e+00 +1.5086e-01 -1.1214e+00 +3.6114e+00 -3.7083e+00 +2.3043e+00 -3.4278e+00 -9.3433e-01
1661 0 +9.293063876e+00 -7.312869361e+02 -7.312869361e+02 -1.6497e+00 +1.0363e-02 -2.7338e+00 +2.0489e-01 -1.0441e+00 +3.5578e+00 -3.6802e+00 +2.3528e+00 -3.3899e+00 -9.2860e-01
1664 0 +7.270025604e+00 -7.333099744e+02 -7.333099744e+02 -1.6216e+00 -7.8580e-03 -2.7502e+00 +1.7789e-01 -1.0758e+00 +3.5811e+00 -3.6937e+00 +2.3268e+00 -3.3950e+00 -9.6135e-01
1732 0 +6.241516715e+00 -7.343384833e+02 -7.343384833e+02 -1.7855e+00 -5.5025e-02 -2.7097e+00 +2.2733e-01 -9.9813e-01 +3.5545e+00 -3.7147e+00 +2.4738e+00 -3.4477e+00 -9.2075e-01
1747 0 +5.681436594e+00 -7.348985634e+02 -7.348985634e+02 -1.6397e+00 +2.1226e-02 -2.7212e+00 +1.7982e-01 -1.0777e+00 +3.5983e+00 -3.6871e+00 +2.3376e+00 -3.3936e+00 -9.5232e-01
1773 0 +4.765414597e+00 -7.358145854e+02 -7.358145854e+02 -1.6744e+00 +3.3994e-03 -2.7347e+00 +1.8462e-01 -1.0461e+00 +3.5746e+00 -3.6946e+00 +2.3390e+00 -3.3935e+00 -9.5596e-01
1805 0 +3.452262013e+00 -7.371277380e+02 -7.371277380e+02 -1.6798e+00 +6.8335e-03 -2.7360e+00 +1.9780e-01 -1.0641e+00 +3.5810e+00 -3.6934e+00 +2.3463e+00 -3.3884e+00 -9.5555e-01
1908 0 +2.954788250e+00 -7.376252118e+02 -7.376252118e+02 -1.7024e+00 -4.1024e-03 -2.7139e+00 +2.0455e-01 -1.0487e+00 +3.5647e+00 -3.7039e+00 +2.3788e+00 -3.4063e+00 -9.4387e-01
1955 0 +2.809475390e+00 -7.377705246e+02 -7.377705246e+02 -1.6887e+00 +7.4203e-03 -2.7322e+00 +1.7510e-01 -1.0604e+00 +3.5851e+00 -3.7010e+00 +2.3347e+00 -3.4077e+00 -9.4011e-01
1956 0 +2.608602392e+00 -7.379713976e+02 -7.379713976e+02 -1.6884e+00 +1.7485e-03 -2.7420e+00 +1.8084e-01 -1.0689e+00 +3.5781e+00 -3.7046e+00 +2.3479e+00 -3.4002e+00 -9.4928e-01
1981 0 +2.601075863e+00 -7.379789241e+02 -7.379789241e+02 -1.7073e+00 -1.4465e-02 -2.7322e+00 +2.0153e-01 -1.0451e+00 +3.5762e+00 -3.7010e+00 +2.3716e+00 -3.4055e+00 -9.4555e-01
1989 0 +2.311829340e+00 -7.382681707e+02 -7.382681707e+02 -1.6512e+00 +1.1137e-02 -2.7486e+00 +1.6503e-01 -1.0843e+00 +3.5931e+00 -3.6902e+00 +2.3094e+00 -3.3871e+00 -9.5054e-01
2002 0 +2.088943813e+00 -7.384910562e+02 -7.384910562e+02 -1.6770e+00 -1.3609e-03 -2.7374e+00 +1.7673e-01 -1.0662e+00 +3.5843e+00 -3.6992e+00 +2.3405e+00 -3.3962e+00 -9.4497e-01
2008 0 +2.082048241e+00 -7.384979518e+02 -7.384979518e+02 -1.6923e+00 +6.9957e-05 -2.7369e+00 +1.8260e-01 -1.0565e+00 +3.5764e+00 -3.6989e+00 +2.3392e+00 -3.3967e+00 -9.4322e-01
2029 0 +2.058004657e+00 -7.385219953e+02 -7.385219953e+02 -1.6753e+00 -2.5626e-03 -2.7369e+00 +1.8546e-01 -1.0666e+00 +3.5715e+00 -3.6936e+00 +2.3448e+00 -3.3912e+00 -9.4884e-01
2034 0 +1.693674184e+00 -7.388863258e+02 -7.388863258e+02 -1.6655e+00 +6.0107e-03 -2.7449e+00 +1.8499e-01 -1.0654e+00 +3.5837e+00 -3.6891e+00 +2.3276e+00 -3.3833e+00 -9.4629e-01
2101 0 +1.317469887e+00 -7.392625301e+02 -7.392625301e+02 -1.6675e+00 +6.9043e-03 -2.7477e+00 +1.7863e-01 -1.0727e+00 +3.5859e+00 -3.6939e+00 +2.3272e+00 -3.3899e+00 -9.4771e-01
2208 0 +1.192741992e+00 -7.393872580e+02 -7.393872580e+02 -1.6837e+00 +3.0688e-03 -2.7362e+00 +1.8662e-01 -1.0598e+00 +3.5828e+00 -3.6950e+00 +2.3426e+00 -3.3967e+00 -9.3939e-01
2255 0 +9.950766859e-01 -7.395849233e+02 -7.395849233e+02 -1.6749e+00 -1.5299e-03 -2.7384e+00 +1.8324e-01 -1.0632e+00 +3.5813e+00 -3.6939e+00 +2.3418e+00 -3.3926e+00 -9.4871e-01
2308 0 +9.198119967e-01 -7.396601880e+02 -7.396601880e+02 -1.6778e+00 +2.0696e-03 -2.7354e+00 +1.8902e-01 -1.0585e+00 +3.5806e+00 -3.6919e+00 +2.3459e+00 -3.3938e+00 -9.4452e-01
2345 0 +9.006468726e-01 -7.396793531e+02 -7.396793531e+02 -1.6553e+00 +1.2176e-02 -2.7451e+00 +1.7616e-01 -1.0746e+00 +3.5873e+00 -3.6897e+00 +2.3216e+00 -3.3888e+00 -9.4779e-01
2363 0 +6.740503000e-01 -7.399059497e+02 -7.399059497e+02 -1.6576e+00 +9.5528e-03 -2.7461e+00 +1.7907e-01 -1.0736e+00 +3.5880e+00 -3.6904e+00 +2.3250e+00 -3.3901e+00 -9.4658e-01
2404 0 +6.112806063e-01 -7.399687194e+02 -7.399687194e+02 -1.6578e+00 +7.6881e-03 -2.7438e+00 +1.7790e-01 -1.0718e+00 +3.5875e+00 -3.6904e+00 +2.3235e+00 -3.3879e+00 -9.4672e-01
2409 0 +5.622595234e-01 -7.400177405e+02 -7.400177405e+02 -1.6527e+00 +1.1035e-02 -2.7464e+00 +1.7834e-01 -1.0737e+00 +3.5896e+00 -3.6871e+00 +2.3208e+00 -3.3865e+00 -9.4717e-01
2453 0 +3.580246086e-01 -7.402219754e+02 -7.402219754e+02 -1.6583e+00 +7.8073e-03 -2.7441e+00 +1.8040e-01 -1.0711e+00 +3.5862e+00 -3.6886e+00 +2.3255e+00 -3.3872e+00 -9.4798e-01
% f evaluations | g evaluations | best noise-free fitness - Fopt (-5.177000000000e+01) + sum g_i+ | measured fitness | best measured fitness or single-digit g-values | x1 | x2...
1 0 +1.856691414e+03 +1.804921414e+03 +1.804921414e+03 +5.9671e-01 -3.8264e-02 +7.4769e-01 +1.6230e+00 -1.3415e-01 -1.3414e-01 +1.6792e+00 +8.6743e-01 -3.6947e-01 +6.4256e-01
2 0 +1.465100807e+03 +1.413330807e+03 +1.413330807e+03 -3.6342e-01 -3.6573e-01 +3.4196e-01 -1.8133e+00 -1.6249e+00 -4.6229e-01 -9.1283e-01 +4.1425e-01 -8.0802e-01 -1.3123e+00
6 0 +1.425958760e+03 +1.374188760e+03 +1.374188760e+03 +4.2408e-01 -2.8508e-01 -5.7692e-01 +7.1168e-01 +1.1310e+00 +1.0313e+00 -7.3922e-01 -2.0921e-01 +4.3126e-01 +1.0755e+00
7 0 +1.222017990e+03 +1.170247990e+03 +1.170247990e+03 -3.7917e-01 -8.5659e-02 -1.0063e+00 -1.0962e+00 +9.1253e-01 +1.4562e+00 +2.7990e-02 +1.1035e+00 +4.6164e-01 -5.4512e-01
14 0 +1.083675955e+03 +1.031905955e+03 +1.031905955e+03 -1.4507e+00 +1.6856e-01 -9.6230e-01 +5.7359e-01 -8.1942e-01 +1.6499e+00 -6.8325e-01 -2.2206e-01 +9.1352e-01 -1.1309e+00
51 0 +9.605790301e+02 +9.088090301e+02 +9.088090301e+02 -1.1138e+00 +4.8617e-01 +1.2999e-01 -1.5202e-01 +7.4350e-01 +8.5021e-01 -3.0989e-01 +1.0768e+00 +2.1200e+00 -1.2330e+00
57 0 +7.529610499e+02 +7.011910499e+02 +7.011910499e+02 -1.5152e+00 +1.6198e+00 -2.7633e-01 -6.5205e-01 +1.1569e+00 -4.2193e-03 -9.6479e-01 +4.7029e-01 +2.0027e+00 -1.6900e+00
68 0 +6.737490289e+02 +6.219790289e+02 +6.219790289e+02 -1.1928e+00 +1.5142e+00 +1.2379e+00 -1.5067e+00 +1.8816e+00 +1.1919e+00 -8.6744e-01 -4.1231e-01 +1.6100e+00 -1.4407e+00
106 0 +6.340122411e+02 +5.822422411e+02 +5.822422411e+02 -2.9132e+00 +1.7394e+00 +3.7203e+00 -1.9078e+00 +1.8280e+00 +1.9219e+00 -1.9279e+00 -1.0649e+00 +1.7392e+00 -5.0254e-01
153 0 +5.274919252e+02 +4.757219252e+02 +4.757219252e+02 -2.0383e+00 +2.0494e+00 +1.3577e+00 -1.3051e+00 +4.4328e+00 +8.3394e-01 -1.4608e+00 -1.0805e+00 +2.2699e+00 -4.2199e+00
155 0 +4.900896793e+02 +4.383196793e+02 +4.383196793e+02 -3.5183e+00 +3.3742e+00 +3.2782e+00 -3.5780e+00 +2.1291e+00 +1.2521e+00 -1.4083e+00 -9.7449e-01 +1.6164e+00 -3.6260e+00
253 0 +4.037874778e+02 +3.520174778e+02 +3.520174778e+02 -1.6716e+00 +1.1475e+00 +1.2695e+00 -3.3250e+00 +2.4558e+00 +1.9449e+00 -2.2682e+00 +6.0838e-01 +2.1376e+00 -3.1320e+00
401 0 +3.911764875e+02 +3.394064875e+02 +3.394064875e+02 -1.2832e+00 +1.8194e+00 +2.0529e+00 -4.2404e+00 +4.0946e+00 -2.5803e-01 -3.0171e+00 +1.6121e+00 +3.2627e+00 -3.4964e+00
409 0 +3.154729322e+02 +2.637029322e+02 +2.637029322e+02 -2.9005e+00 +2.0401e+00 +3.1078e+00 -2.7564e+00 +4.3648e+00 -1.7280e-01 -3.6780e+00 -2.6353e-01 +2.5430e+00 -2.6739e+00
518 0 +2.878346084e+02 +2.360646084e+02 +2.360646084e+02 -2.5867e+00 +1.7140e+00 +1.5479e+00 -2.0303e+00 +3.1774e+00 +5.4985e-01 -2.7409e+00 -4.1313e-01 +2.2678e+00 -2.8485e+00
521 0 +2.662309890e+02 +2.144609890e+02 +2.144609890e+02 -2.8133e+00 +1.8581e+00 +2.3255e+00 -3.0232e+00 +4.5173e+00 +1.1996e+00 -2.1813e+00 -9.6791e-01 +3.3434e+00 -2.5763e+00
553 0 +2.659880707e+02 +2.142180707e+02 +2.142180707e+02 -1.7139e+00 +1.0828e+00 +1.9098e+00 -3.1155e+00 +4.1409e+00 +6.7890e-01 -3.3679e+00 -3.1679e-01 +2.1980e+00 -2.5403e+00
592 0 +2.589938853e+02 +2.072238853e+02 +2.072238853e+02 -2.7367e+00 +2.1159e+00 +2.1532e+00 -3.7576e+00 +4.8788e+00 +1.0474e+00 -2.2160e+00 +8.0840e-01 +2.5989e+00 -2.2668e+00
602 0 +2.208073455e+02 +1.690373455e+02 +1.690373455e+02 -1.9237e+00 +2.2916e+00 +2.2637e+00 -3.3762e+00 +4.1262e+00 +1.2753e-01 -2.5815e+00 +5.6108e-01 +2.3853e+00 -3.5887e+00
656 0 +1.503442813e+02 +9.857428131e+01 +9.857428131e+01 -2.1202e+00 +1.4102e+00 +1.7888e+00 -3.4037e+00 +3.8358e+00 +6.7008e-01 -2.6851e+00 -1.6856e-01 +3.0325e+00 -3.1377e+00
701 0 +9.909415048e+01 +4.732415048e+01 +4.732415048e+01 -2.2083e+00 +1.7345e+00 +2.1138e+00 -3.6058e+00 +3.1505e+00 +9.4817e-01 -2.0939e+00 -5.8915e-01 +2.4689e+00 -3.6279e+00
914 0 +9.423372307e+01 +4.246372307e+01 +4.246372307e+01 -2.2473e+00 +1.4950e+00 +2.3831e+00 -3.9633e+00 +3.9937e+00 +1.0035e+00 -2.9512e+00 -2.4032e-01 +2.5362e+00 -3.2077e+00
964 0 +8.851492318e+01 +3.674492318e+01 +3.674492318e+01 -2.2091e+00 +1.5682e+00 +2.2496e+00 -4.0032e+00 +3.2250e+00 +8.2028e-01 -2.5446e+00 -4.1796e-01 +2.6941e+00 -3.3300e+00
984 0 +7.888212958e+01 +2.711212958e+01 +2.711212958e+01 -2.2418e+00 +1.6230e+00 +2.2175e+00 -3.5423e+00 +3.6804e+00 +7.7049e-01 -2.2011e+00 -2.2127e-01 +2.5937e+00 -3.4110e+00
1053 0 +6.407869479e+01 +1.230869479e+01 +1.230869479e+01 -2.3694e+00 +1.8269e+00 +2.1695e+00 -3.6638e+00 +3.4641e+00 +8.4111e-01 -2.3338e+00 -5.9539e-02 +2.6850e+00 -3.2212e+00
1074 0 +5.302360941e+01 +1.253609413e+00 +1.253609413e+00 -2.4244e+00 +1.7529e+00 +2.3447e+00 -3.9790e+00 +3.6240e+00 +1.0025e+00 -2.5106e+00 -2.3909e-01 +2.5351e+00 -3.4100e+00
1106 0 +4.679366310e+01 -4.976336900e+00 -4.976336900e+00 -2.2947e+00 +1.6400e+00 +2.1367e+00 -3.8517e+00 +3.6061e+00 +8.9749e-01 -2.3064e+00 -3.7759e-01 +2.6693e+00 -3.2464e+00
1157 0 +4.191929760e+01 -9.850702403e+00 -9.850702403e+00 -2.4542e+00 +1.7826e+00 +2.2091e+00 -3.5821e+00 +3.5743e+00 +9.2742e-01 -2.5240e+00 -2.8032e-01 +2.6656e+00 -3.2340e+00
1177 0 +4.102655792e+01 -1.074344208e+01 -1.074344208e+01 -2.4094e+00 +1.7972e+00 +2.4403e+00 -3.7859e+00 +4.0066e+00 +7.2391e-01 -2.4849e+00 -3.3487e-02 +2.7486e+00 -3.3112e+00
1221 0 +3.242422809e+01 -1.934577191e+01 -1.934577191e+01 -2.2989e+00 +1.6975e+00 +2.2329e+00 -3.6645e+00 +4.1117e+00 +7.0727e-01 -2.4891e+00 +4.9336e-02 +2.7149e+00 -3.0488e+00
1301 0 +2.869294281e+01 -2.307705719e+01 -2.307705719e+01 -2.2622e+00 +1.6652e+00 +2.1631e+00 -3.6764e+00 +3.9990e+00 +6.9260e-01 -2.4845e+00 -7.2205e-02 +2.6267e+00 -3.2400e+00
1401 0 +2.731740247e+01 -2.445259753e+01 -2.445259753e+01 -2.3518e+00 +1.7980e+00 +2.2570e+00 -3.8119e+00 +3.8861e+00 +7.6425e-01 -2.4965e+00 -1.1920e-01 +2.6667e+00 -3.3053e+00
1458 0 +2.585824624e+01 -2.591175376e+01 -2.591175376e+01 -2.2854e+00 +1.6682e+00 +2.2709e+00 -3.7915e+00 +3.8861e+00 +7.6812e-01 -2.6057e+00 -2.0408e-01 +2.7070e+00 -3.2471e+00
1464 0 +2.502141079e+01 -2.674858921e+01 -2.674858921e+01 -2.3098e+00 +1.6710e+00 +2.3519e+00 -3.8713e+00 +4.0198e+00 +6.3968e-01 -2.5523e+00 +2.1413e-03 +2.6440e+00 -3.2989e+00
1470 0 +2.268718325e+01 -2.908281675e+01 -2.908281675e+01 -2.3320e+00 +1.6979e+00 +2.3788e+00 -3.8024e+00 +4.0724e+00 +6.1936e-01 -2.5944e+00 +3.2956e-02 +2.7596e+00 -3.2712e+00
1509 0 +1.951194436e+01 -3.225805564e+01 -3.225805564e+01 -2.3522e+00 +1.6897e+00 +2.1833e+00 -3.8596e+00 +3.8976e+00 +7.0804e-01 -2.5199e+00 -6.1021e-02 +2.6669e+00 -3.3339e+00
1510 0 +1.723799148e+01 -3.453200852e+01 -3.453200852e+01 -2.3187e+00 +1.6775e+00 +2.2131e+00 -3.8861e+00 +3.9430e+00 +7.6046e-01 -2.5328e+00 -9.2380e-02 +2.6436e+00 -3.2420e+00
1522 0 +1.435082282e+01 -3.741917718e+01 -3.741917718e+01 -2.3094e+00 +1.6736e+00 +2.2993e+00 -3.8130e+00 +3.9412e+00 +7.1350e-01 -2.5409e+00 -7.6452e-02 +2.7040e+00 -3.2621e+00
1625 0 +1.150328534e+01 -4.026671466e+01 -4.026671466e+01 -2.3302e+00 +1.7196e+00 +2.2010e+00 -3.7744e+00 +3.9268e+00 +7.4387e-01 -2.4574e+00 -8.3629e-02 +2.6771e+00 -3.2538e+00
1657 0 +1.066853750e+01 -4.110146250e+01 -4.110146250e+01 -2.3385e+00 +1.6946e+00 +2.2817e+00 -3.7563e+00 +3.9466e+00 +7.0145e-01 -2.5077e+00 -4.9869e-02 +2.6945e+00 -3.1934e+00
1730 0 +7.965480410e+00 -4.380451959e+01 -4.380451959e+01 -2.3501e+00 +1.6828e+00 +2.1948e+00 -3.8358e+00 +3.7981e+00 +8.2026e-01 -2.4950e+00 -1.7642e-01 +2.6367e+00 -3.2947e+00
1816 0 +5.884520776e+00 -4.588547922e+01 -4.588547922e+01 -2.3393e+00 +1.7100e+00 +2.2431e+00 -3.7664e+00 +3.9354e+00 +7.2411e-01 -2.5008e+00 -9.4435e-02 +2.6700e+00 -3.2394e+00
1901 0 +4.707603578e+00 -4.706239642e+01 -4.706239642e+01 -2.3396e+00 +1.7013e+00 +2.2540e+00 -3.7889e+00 +3.8975e+00 +7.3407e-01 -2.5108e+00 -9.9437e-02 +2.6713e+00 -3.2523e+00
1937 0 +4.046044918e+00 -4.772395508e+01 -4.772395508e+01 -2.3401e+00 +1.6941e+00 +2.2126e+00 -3.7836e+00 +3.8900e+00 +7.6362e-01 -2.5122e+00 -1.0521e-01 +2.6512e+00 -3.2719e+00
1961 0 +3.906002644e+00 -4.786399736e+01 -4.786399736e+01 -2.3349e+00 +1.6932e+00 +2.2279e+00 -3.7982e+00 +3.9093e+00 +7.5847e-01 -2.4888e+00 -9.6687e-02 +2.6604e+00 -3.2660e+00
2006 0 +2.992808772e+00 -4.877719123e+01 -4.877719123e+01 -2.3417e+00 +1.6952e+00 +2.2204e+00 -3.7888e+00 +3.8811e+00 +7.7265e-01 -2.5081e+00 -1.2645e-01 +2.6506e+00 -3.2647e+00
2117 0 +2.822907091e+00 -4.894709291e+01 -4.894709291e+01 -2.3457e+00 +1.7048e+00 +2.2310e+00 -3.7886e+00 +3.8873e+00 +7.5920e-01 -2.5082e+00 -1.0593e-01 +2.6535e+00 -3.2692e+00
2154 0 +2.427313109e+00 -4.934268689e+01 -4.934268689e+01 -2.3394e+00 +1.7006e+00 +2.2305e+00 -3.7851e+00 +3.9126e+00 +7.4882e-01 -2.5079e+00 -8.6210e-02 +2.6527e+00 -3.2555e+00
2165 0 +2.424737482e+00 -4.934526252e+01 -4.934526252e+01 -2.3441e+00 +1.7011e+00 +2.2314e+00 -3.7842e+00 +3.9069e+00 +7.4179e-01 -2.5041e+00 -9.5451e-02 +2.6649e+00 -3.2661e+00
2201 0 +2.039242496e+00 -4.973075750e+01 -4.973075750e+01 -2.3386e+00 +1.6981e+00 +2.2351e+00 -3.7783e+00 +3.9133e+00 +7.4883e-01 -2.5095e+00 -9.5325e-02 +2.6599e+00 -3.2573e+00
2218 0 +2.008829341e+00 -4.976117066e+01 -4.976117066e+01 -2.3360e+00 +1.6984e+00 +2.2198e+00 -3.7887e+00 +3.8814e+00 +7.5644e-01 -2.5034e+00 -1.0336e-01 +2.6507e+00 -3.2727e+00
2236 0 +1.793853490e+00 -4.997614651e+01 -4.997614651e+01 -2.3349e+00 +1.6955e+00 +2.2225e+00 -3.7859e+00 +3.8801e+00 +7.6185e-01 -2.5018e+00 -1.1038e-01 +2.6499e+00 -3.2656e+00
2243 0 +1.476237426e+00 -5.029376257e+01 -5.029376257e+01 -2.3415e+00 +1.6985e+00 +2.2231e+00 -3.7823e+00 +3.8739e+00 +7.6805e-01 -2.4976e+00 -1.1453e-01 +2.6510e+00 -3.2645e+00
2277 0 +1.233522654e+00 -5.053647735e+01 -5.053647735e+01 -2.3400e+00 +1.7009e+00 +2.2346e+00 -3.7805e+00 +3.9083e+00 +7.4278e-01 -2.5002e+00 -8.7518e-02 +2.6638e+00 -3.2620e+00
2305 0 +1.231989716e+00 -5.053801028e+01 -5.053801028e+01 -2.3424e+00 +1.6961e+00 +2.2197e+00 -3.7780e+00 +3.8663e+00 +7.6157e-01 -2.4931e+00 -1.1577e-01 +2.6499e+00 -3.2683e+00
2351 0 +9.653540246e-01 -5.080464598e+01 -5.080464598e+01 -2.3392e+00 +1.6957e+00 +2.2237e+00 -3.7820e+00 +3.8871e+00 +7.5694e-01 -2.4962e+00 -1.0598e-01 +2.6562e+00 -3.2661e+00
2366 0 +8.806603460e-01 -5.088933965e+01 -5.088933965e+01 -2.3378e+00 +1.6977e+00 +2.2287e+00 -3.7807e+00 +3.8940e+00 +7.5133e-01 -2.5026e+00 -1.0125e-01 +2.6564e+00 -3.2629e+00
2455 0 +6.564190560e-01 -5.111358094e+01 -5.111358094e+01 -2.3397e+00 +1.6965e+00 +2.2296e+00 -3.7846e+00 +3.9000e+00 +7.4905e-01 -2.5036e+00 -9.6843e-02 +2.6593e+00 -3.2597e+00
% f evaluations | g evaluations | best noise-free fitness - Fopt (-2.229800000000e+02) + sum g_i+ | measured fitness | best measured fitness or single-digit g-values | x1 | x2...
1 0 +1.885031577e+03 +1.662051577e+03 +1.662051577e+03 +5.9671e-01 -3.8264e-02 +7.4769e-01 +1.6230e+00 -1.3415e-01 -1.3414e-01 +1.6792e+00 +8.6743e-01 -3.6947e-01 +6.4256e-01
8 0 +1.690892527e+03 +1.467912527e+03 +1.467912527e+03 +4.6140e-01 +1.6380e+00 +6.4174e-02 +1.6646e+00 -2.5197e+00 +9.2190e-01 +1.8705e-01 -1.9901e-01 +1.9176e-01 -1.8876e+00
45 0 +1.597151293e+03 +1.374171293e+03 +1.374171293e+03 +4.8407e-01 +6.7305e-02 -1.9674e+00 +1.0880e-02 -1.2045e+00 +7.6967e-01 +4.6660e-01 -8.3988e-01 -4.1387e-01 -9.5921e-01
51 0 +1.508640352e+03 +1.285660352e+03 +1.285660352e+03 +7.1081e-01 +4.9501e-02 -2.1034e+00 -1.8439e-01 -7.0194e-01 -3.7467e-01 +1.8993e+00 -1.0643e-02 -8.1025e-01 -1.1064e+00
52 0 +1.463413318e+03 +1.240433318e+03 +1.240433318e+03 +2.3938e+00 +6.3916e-02 -3.3313e+00 -7.5208e-01 +8.1805e-01 +4.8248e-01 +9.3764e-01 +1.7743e-01 -4.1525e+00 -3.6876e-01
54 0 +1.429196667e+03 +1.206216667e+03 +1.206216667e+03 +1.3175e+00 -8.6274e-01 -1.1809e+00 +5.4131e-01 -1.8783e+00 +1.2012e+00 +2.5198e-01 -4.5408e-02 -1.5763e+00 -1.5020e+00
58 0 +1.040616032e+03 +8.176360322e+02 +8.176360322e+02 +1.8057e+00 +1.5077e-01 -1.0250e+00 +2.7819e+00 -2.6391e+00 -1.0190e+00 +2.1777e+00 -1.3803e+00 -1.3190e+00 -1.0652e+00
101 0 +9.443281210e+02 +7.213481210e+02 +7.213481210e+02 +3.0731e+00 +3.2202e+00 -2.6855e+00 +4.7602e+00 -2.8456e+00 +1.0058e+00 +4.3840e+00 -2.4107e+00 +2.6485e-01 +1.8501e-01
114 0 +9.355649963e+02 +7.125849963e+02 +7.125849963e+02 +4.6852e+00 +7.0678e-01 -2.4792e+00 +1.6675e+00 -2.9680e+00 -2.3497e+00 +1.6476e+00 -6.7407e-01 -1.2490e+00 +1.1024e+00
121 0 +8.350235179e+02 +6.120435179e+02 +6.120435179e+02 +1.2463e+00 +2.9127e+00 -4.9537e+00 +9.0851e-01 -1.9077e+00 +5.9340e-01 +2.8254e+00 +6.2901e-01 -3.5494e+00 +2.5036e+00
145 0 +8.002117879e+02 +5.772317879e+02 +5.772317879e+02 +3.7457e+00 -6.2722e-01 -3.2740e+00 +1.4366e+00 -2.1753e+00 +2.1428e+00 +2.2027e+00 +7.5546e-01 -9.9486e-01 -7.6958e-01
201 0 +4.117747163e+02 +1.887947163e+02 +1.887947163e+02 +4.1487e+00 -4.1399e-01 -3.5400e+00 +1.8672e+00 -3.4057e+00 +6.7739e-01 +3.8449e+00 -2.4384e+00 -9.7850e-01 +3.3042e+00
419 0 +3.891766887e+02 +1.661966887e+02 +1.661966887e+02 +3.1041e+00 -2.8019e-01 -3.0644e+00 +1.8192e+00 -3.3374e+00 -1.6000e+00 +3.3998e+00 -2.3984e+00 -3.7555e+00 +2.0598e+00
458 0 +3.062652144e+02 +8.328521439e+01 +8.328521439e+01 +3.4904e+00 +1.1939e+00 -2.4237e+00 +2.4930e+00 -4.3829e+00 -1.4634e+00 +3.6243e+00 -3.0591e+00 -2.2485e+00 +3.2893e+00
551 0 +1.894148791e+02 -3.356512090e+01 -3.356512090e+01 +3.3971e+00 +7.5094e-01 -2.8426e+00 +2.0588e+00 -3.6168e+00 -1.2220e+00 +3.9193e+00 -2.0265e+00 -2.7079e+00 +3.4110e+00
721 0 +1.774933106e+02 -4.548668939e+01 -4.548668939e+01 +2.7157e+00 +3.7112e-02 -2.1605e+00 +2.3106e+00 -3.9364e+00 -1.7397e+00 +4.6021e+00 -3.6688e+00 -2.6813e+00 +3.9286e+00
751 0 +1.743595666e+02 -4.862043343e+01 -4.862043343e+01 +2.7895e+00 -2.2803e-02 -2.7776e+00 +1.9617e+00 -4.2148e+00 -1.6958e+00 +4.3167e+00 -2.9941e+00 -3.3176e+00 +3.9865e+00
752 0 +1.384995392e+02 -8.448046083e+01 -8.448046083e+01 +3.0851e+00 +4.5940e-01 -2.5710e+00 +2.1990e+00 -3.4935e+00 -1.3615e+00 +4.7247e+00 -3.0088e+00 -2.6640e+00 +3.8382e+00
804 0 +1.260853785e+02 -9.689462148e+01 -9.689462148e+01 +3.3760e+00 +1.0170e-01 -2.2146e+00 +2.1675e+00 -3.9271e+00 -1.4264e+00 +4.4087e+00 -3.3411e+00 -2.7084e+00 +3.5484e+00
821 0 +1.201437947e+02 -1.028362053e+02 -1.028362053e+02 +3.3250e+00 +7.5078e-02 -2.8893e+00 +2.1961e+00 -3.8019e+00 -1.4536e+00 +3.8563e+00 -2.4059e+00 -2.9709e+00 +3.2889e+00
852 0 +1.156729370e+02 -1.073070630e+02 -1.073070630e+02 +3.2844e+00 +1.7550e-01 -2.6999e+00 +2.2469e+00 -3.6774e+00 -1.1958e+00 +4.5142e+00 -3.2063e+00 -2.1286e+00 +3.2080e+00
877 0 +9.037617324e+01 -1.326038268e+02 -1.326038268e+02 +3.5485e+00 +1.7239e-01 -2.9362e+00 +2.2571e+00 -3.7394e+00 -1.0485e+00 +3.9020e+00 -2.6028e+00 -3.0532e+00 +3.6638e+00
936 0 +8.672797580e+01 -1.362520242e+02 -1.362520242e+02 +3.1901e+00 +3.7704e-01 -2.9374e+00 +2.0173e+00 -3.8400e+00 -1.0528e+00 +4.1394e+00 -3.0414e+00 -2.6961e+00 +3.7067e+00
946 0 +8.404486369e+01 -1.389351363e+02 -1.389351363e+02 +3.5861e+00 +1.4895e-01 -2.9785e+00 +2.2993e+00 -3.7448e+00 -1.1170e+00 +4.0567e+00 -2.9823e+00 -2.3536e+00 +3.5810e+00
951 0 +7.878732108e+01 -1.441926789e+02 -1.441926789e+02 +3.1895e+00 +1.1934e-01 -3.2164e+00 +2.0172e+00 -4.0402e+00 -9.5475e-01 +4.2137e+00 -2.7775e+00 -2.3373e+00 +3.7244e+00
985 0 +7.724701764e+01 -1.457329824e+02 -1.457329824e+02 +3.2095e+00 -2.4715e-02 -2.6083e+00 +1.8027e+00 -3.9253e+00 -1.2348e+00 +4.6677e+00 -2.6962e+00 -2.3711e+00 +3.2766e+00
989 0 +7.675494917e+01 -1.462250508e+02 -1.462250508e+02 +3.0193e+00 +3.5059e-01 -3.0856e+00 +2.0483e+00 -3.9768e+00 -1.5595e+00 +4.5068e+00 -2.7033e+00 -2.6990e+00 +3.9359e+00
1004 0 +6.519944860e+01 -1.577805514e+02 -1.577805514e+02 +3.4454e+00 +1.6816e-01 -3.1134e+00 +1.9701e+00 -3.7564e+00 -8.9129e-01 +4.1161e+00 -2.5221e+00 -2.3687e+00 +3.2758e+00
1076 0 +6.094640723e+01 -1.620335928e+02 -1.620335928e+02 +3.1816e+00 +4.0858e-01 -2.9239e+00 +2.0049e+00 -3.9714e+00 -1.3133e+00 +4.3307e+00 -2.9829e+00 -2.3119e+00 +3.4437e+00
1113 0 +4.108326873e+01 -1.818967313e+02 -1.818967313e+02 +3.2195e+00 +1.2853e-01 -2.9489e+00 +1.8218e+00 -3.8747e+00 -1.3392e+00 +4.3717e+00 -2.8593e+00 -2.6549e+00 +3.5599e+00
1157 0 +3.911924446e+01 -1.838607555e+02 -1.838607555e+02 +3.3114e+00 +1.2362e-01 -2.8571e+00 +1.8947e+00 -3.8493e+00 -1.3510e+00 +4.3503e+00 -2.9221e+00 -2.5475e+00 +3.4191e+00
1175 0 +3.790084857e+01 -1.850791514e+02 -1.850791514e+02 +3.2117e+00 +4.0538e-02 -2.9810e+00 +1.9066e+00 -3.8274e+00 -1.2841e+00 +4.2859e+00 -2.7669e+00 -2.6214e+00 +3.4656e+00
1221 0 +3.473674818e+01 -1.882432518e+02 -1.882432518e+02 +3.1380e+00 +2.5531e-01 -3.1435e+00 +1.9217e+00 -3.9401e+00 -1.1923e+00 +4.2058e+00 -2.6917e+00 -2.5779e+00 +3.5761e+00
1256 0 +3.183054353e+01 -1.911494565e+02 -1.911494565e+02 +3.0939e+00 +1.6913e-01 -2.9842e+00 +1.9057e+00 -3.9290e+00 -1.2346e+00 +4.3682e+00 -2.7456e+00 -2.6367e+00 +3.4912e+00
1259 0 +3.060346776e+01 -1.923765322e+02 -1.923765322e+02 +3.1936e+00 +2.2814e-01 -2.9715e+00 +1.9459e+00 -3.8259e+00 -1.1604e+00 +4.2035e+00 -2.6410e+00 -2.6048e+00 +3.3388e+00
1327 0 +2.925325739e+01 -1.937267426e+02 -1.937267426e+02 +3.1536e+00 +2.8321e-01 -2.9573e+00 +1.9259e+00 -3.8823e+00 -1.2784e+00 +4.4105e+00 -2.8525e+00 -2.4015e+00 +3.3953e+00
1355 0 +2.158776231e+01 -2.013922377e+02 -2.013922377e+02 +3.2189e+00 +1.7777e-01 -2.9550e+00 +1.9672e+00 -3.8295e+00 -1.2177e+00 +4.2933e+00 -2.7121e+00 -2.5632e+00 +3.3537e+00
1362 0 +2.111076435e+01 -2.018692357e+02 -2.018692357e+02 +3.2173e+00 +2.3107e-01 -2.9853e+00 +1.9030e+00 -3.8651e+00 -1.2332e+00 +4.3558e+00 -2.7075e+00 -2.6015e+00 +3.4383e+00
1419 0 +2.060785435e+01 -2.023721457e+02 -2.023721457e+02 +3.2622e+00 +2.4330e-01 -3.0090e+00 +2.0213e+00 -3.8087e+00 -1.1949e+00 +4.1453e+00 -2.7600e+00 -2.5627e+00 +3.3758e+00
1452 0 +1.853394312e+01 -2.044460569e+02 -2.044460569e+02 +3.1872e+00 +2.4136e-01 -2.9817e+00 +1.9547e+00 -3.9024e+00 -1.3159e+00 +4.3531e+00 -2.7691e+00 -2.6066e+00 +3.5041e+00
1504 0 +1.744394464e+01 -2.055360554e+02 -2.055360554e+02 +3.2326e+00 +1.9687e-01 -2.9317e+00 +1.9268e+00 -3.9074e+00 -1.2749e+00 +4.3419e+00 -2.8171e+00 -2.5734e+00 +3.4958e+00
1505 0 +1.650409888e+01 -2.064759011e+02 -2.064759011e+02 +3.1831e+00 +2.0041e-01 -2.9776e+00 +1.9401e+00 -3.8787e+00 -1.2982e+00 +4.3242e+00 -2.8145e+00 -2.5624e+00 +3.4703e+00
1526 0 +1.514494871e+01 -2.078350513e+02 -2.078350513e+02 +3.2733e+00 +2.0632e-01 -2.9876e+00 +2.0010e+00 -3.8520e+00 -1.2292e+00 +4.3008e+00 -2.7268e+00 -2.5677e+00 +3.4660e+00
1557 0 +1.465126001e+01 -2.083287400e+02 -2.083287400e+02 +3.2664e+00 +2.6523e-01 -3.0161e+00 +1.9985e+00 -3.8346e+00 -1.2566e+00 +4.2774e+00 -2.7504e+00 -2.5596e+00 +3.4722e+00
1601 0 +1.229600648e+01 -2.106839935e+02 -2.106839935e+02 +3.1955e+00 +1.7464e-01 -2.9486e+00 +1.9586e+00 -3.9067e+00 -1.2525e+00 +4.3515e+00 -2.8480e+00 -2.5359e+00 +3.4799e+00
1606 0 +1.176064037e+01 -2.112193596e+02 -2.112193596e+02 +3.2154e+00 +1.8936e-01 -2.9944e+00 +1.9476e+00 -3.8852e+00 -1.2393e+00 +4.2994e+00 -2.7640e+00 -2.5940e+00 +3.4788e+00
1614 0 +1.161066366e+01 -2.113693363e+02 -2.113693363e+02 +3.2944e+00 +1.6113e-01 -3.0014e+00 +1.9998e+00 -3.8354e+00 -1.2052e+00 +4.2191e+00 -2.7505e+00 -2.5538e+00 +3.4677e+00
1651 0 +1.074930727e+01 -2.122306927e+02 -2.122306927e+02 +3.1515e+00 +2.0419e-01 -2.9527e+00 +1.9495e+00 -3.9050e+00 -1.2604e+00 +4.3510e+00 -2.8059e+00 -2.5121e+00 +3.5132e+00
1654 0 +1.072925533e+01 -2.122507447e+02 -2.122507447e+02 +3.2704e+00 +2.0379e-01 -2.9764e+00 +2.0233e+00 -3.8317e+00 -1.2222e+00 +4.2667e+00 -2.7555e+00 -2.5822e+00 +3.4416e+00
1657 0 +9.171980724e+00 -2.138080193e+02 -2.138080193e+02 +3.2558e+00 +2.2901e-01 -3.0022e+00 +2.0103e+00 -3.8483e+00 -1.2137e+00 +4.2753e+00 -2.7595e+00 -2.5595e+00 +3.4513e+00
1715 0 +8.551563823e+00 -2.144284362e+02 -2.144284362e+02 +3.2462e+00 +1.9154e-01 -2.9876e+00 +1.9889e+00 -3.8704e+00 -1.2245e+00 +4.2538e+00 -2.8015e+00 -2.5402e+00 +3.4854e+00
1771 0 +7.975770610e+00 -2.150042294e+02 -2.150042294e+02 +3.2435e+00 +2.0969e-01 -3.0021e+00 +2.0019e+00 -3.8576e+00 -1.2082e+00 +4.2728e+00 -2.7828e+00 -2.5316e+00 +3.4424e+00
1801 0 +7.684987923e+00 -2.152950121e+02 -2.152950121e+02 +3.2465e+00 +1.9985e-01 -3.0019e+00 +2.0037e+00 -3.8783e+00 -1.2123e+00 +4.2707e+00 -2.7732e+00 -2.5547e+00 +3.4676e+00
1811 0 +7.276270448e+00 -2.157037296e+02 -2.157037296e+02 +3.2240e+00 +2.0045e-01 -2.9743e+00 +1.9701e+00 -3.8591e+00 -1.2139e+00 +4.2904e+00 -2.7952e+00 -2.5556e+00 +3.4671e+00
1817 0 +6.946054732e+00 -2.160339453e+02 -2.160339453e+02 +3.2394e+00 +1.7624e-01 -2.9921e+00 +1.9923e+00 -3.8566e+00 -1.2179e+00 +4.2669e+00 -2.7914e+00 -2.5721e+00 +3.4795e+00
1827 0 +6.409437583e+00 -2.165705624e+02 -2.165705624e+02 +3.2567e+00 +1.9382e-01 -2.9817e+00 +2.0018e+00 -3.8581e+00 -1.2170e+00 +4.2402e+00 -2.7915e+00 -2.5692e+00 +3.4553e+00
1852 0 +6.216501362e+00 -2.167634986e+02 -2.167634986e+02 +3.2364e+00 +1.7983e-01 -2.9837e+00 +1.9818e+00 -3.8755e+00 -1.2282e+00 +4.2677e+00 -2.8001e+00 -2.5510e+00 +3.4693e+00
1853 0 +6.057086354e+00 -2.169229136e+02 -2.169229136e+02 +3.2313e+00 +1.9225e-01 -2.9933e+00 +2.0043e+00 -3.8744e+00 -1.2247e+00 +4.2623e+00 -2.7908e+00 -2.5410e+00 +3.4652e+00
1855 0 +5.901154804e+00 -2.170788452e+02 -2.170788452e+02 +3.2554e+00 +1.9087e-01 -2.9897e+00 +2.0031e+00 -3.8715e+00 -1.2371e+00 +4.2649e+00 -2.7925e+00 -2.5453e+00 +3.4731e+00
1877 0 +3.898379455e+00 -2.190816205e+02 -2.190816205e+02 +3.2366e+00 +1.9897e-01 -2.9904e+00 +1.9868e+00 -3.8642e+00 -1.2374e+00 +4.2876e+00 -2.7870e+00 -2.5581e+00 +3.4846e+00
1903 0 +3.676979902e+00 -2.193030201e+02 -2.193030201e+02 +3.2408e+00 +1.9870e-01 -2.9931e+00 +1.9903e+00 -3.8683e+00 -1.2425e+00 +4.2774e+00 -2.7786e+00 -2.5616e+00 +3.4734e+00
2069 0 +3.566627173e+00 -2.194133728e+02 -2.194133728e+02 +3.2413e+00 +1.9627e-01 -2.9935e+00 +1.9954e+00 -3.8678e+00 -1.2276e+00 +4.2719e+00 -2.7774e+00 -2.5462e+00 +3.4654e+00
2144 0 +2.935090405e+00 -2.200449096e+02 -2.200449096e+02 +3.2733e+00 +1.8886e-01 -3.0156e+00 +2.0046e+00 -3.8512e+00 -1.2003e+00 +4.2186e+00 -2.7614e+00 -2.5695e+00 +3.4466e+00
2155 0 +2.676592604e+00 -2.203034074e+02 -2.203034074e+02 +3.2637e+00 +1.9186e-01 -3.0160e+00 +2.0052e+00 -3.8481e+00 -1.2025e+00 +4.2252e+00 -2.7573e+00 -2.5738e+00 +3.4543e+00
2167 0 +2.577367293e+00 -2.204026327e+02 -2.204026327e+02 +3.2597e+00 +1.9275e-01 -3.0140e+00 +2.0040e+00 -3.8554e+00 -1.2103e+00 +4.2352e+00 -2.7663e+00 -2.5728e+00 +3.4649e+00
2202 0 +2.518654107e+00 -2.204613459e+02 -2.204613459e+02 +3.2600e+00 +2.0140e-01 -3.0160e+00 +2.0029e+00 -3.8532e+00 -1.2086e+00 +4.2340e+00 -2.7596e+00 -2.5652e+00 +3.4542e+00
2351 0 +2.393141391e+00 -2.205868586e+02 -2.205868586e+02 +3.2569e+00 +1.9386e-01 -3.0102e+00 +1.9996e+00 -3.8550e+00 -1.2132e+00 +4.2370e+00 -2.7695e+00 -2.5658e+00 +3.4606e+00
2367 0 +2.216548582e+00 -2.207634514e+02 -2.207634514e+02 +3.2579e+00 +1.9807e-01 -3.0161e+00 +2.0004e+00 -3.8557e+00 -1.2123e+00 +4.2383e+00 -2.7598e+00 -2.5646e+00 +3.4575e+00
2454 0 +2.016654873e+00 -2.209633451e+02 -2.209633451e+02 +3.2633e+00 +1.9328e-01 -3.0129e+00 +2.0025e+00 -3.8535e+00 -1.2135e+00 +4.2376e+00 -2.7656e+00 -2.5661e+00 +3.4544e+00
2465 0 +1.975609271e+00 -2.210043907e+02 -2.210043907e+02 +3.2601e+00 +1.9318e-01 -3.0164e+00 +2.0017e+00 -3.8554e+00 -1.2173e+00 +4.2358e+00 -2.7624e+00 -2.5707e+00 +3.4597e+00
% f evaluations | g evaluations | best noise-free fitness - Fopt (5.860000000000e+00) + sum g_i+ | measured fitness | best measured fitness or single-digit g-values | x1 | x2...
1 0 +1.041857226e+03 +1.047717226e+03 +1.047717226e+03 +5.9671e-01 -3.8264e-02 +7.4769e-01 +1.6230e+00 -1.3415e-01 -1.3414e-01 +1.6792e+00 +8.6743e-01 -3.6947e-01 +6.4256e-01
6 0 +9.804252002e+02 +9.862852002e+02 +9.862852002e+02 +4.2408e-01 -2.8508e-01 -5.7692e-01 +7.1168e-01 +1.1310e+00 +1.0313e+00 -7.3922e-01 -2.0921e-01 +4.3126e-01 +1.0755e+00
7 0 +9.744726570e+02 +9.803326570e+02 +9.803326570e+02 -3.7917e-01 -8.5659e-02 -1.0063e+00 -1.0962e+00 +9.1253e-01 +1.4562e+00 +2.7990e-02 +1.1035e+00 +4.6164e-01 -5.4512e-01
17 0 +7.905640802e+02 +7.964240802e+02 +7.964240802e+02 -8.7468e-01 +8.8708e-01 +1.2586e+00 -7.2068e-01 +1.0634e+00 +5.1278e-01 +9.2206e-01 +1.9968e+00 -1.4539e-01 -6.5374e-01
32 0 +7.291547547e+02 +7.350147547e+02 +7.350147547e+02 -1.1768e-01 +1.1988e+00 +9.2542e-01 +9.1351e-01 +1.4055e+00 +1.2100e-01 +7.8195e-01 -2.1027e-01 +4.2417e-01 -3.0143e-02
59 0 +6.846888870e+02 +6.905488870e+02 +6.905488870e+02 +5.7109e-01 +2.1671e+00 +4.7879e-01 +1.2363e+00 +1.4492e+00 -5.3816e-01 +3.6475e-01 +9.4100e-01 +1.9056e+00 +1.5002e+00
60 0 +5.917892124e+02 +5.976492124e+02 +5.976492124e+02 -6.0422e-01 +2.0307e-01 +4.4514e-01 +4.7354e-01 +2.4356e+00 +1.2850e+00 +2.2086e-01 +2.4122e-02 +1.4794e+00 +9.6819e-01
102 0 +5.587858990e+02 +5.646458990e+02 +5.646458990e+02 -1.6459e+00 +1.1669e+00 -9.6649e-01 -1.0818e-01 +2.4348e+00 +1.9962e+00 +2.7257e+00 -1.5981e-01 +1.3897e+00 +1.2772e+00
108 0 +5.053053486e+02 +5.111653486e+02 +5.111653486e+02 -2.0910e+00 +1.4385e+00 +5.0687e-01 +3.1551e+00 +3.2116e+00 +7.3615e-01 +2.2402e+00 -1.0005e+00 -1.4369e+00 +8.5488e-01
140 0 +4.662418191e+02 +4.721018191e+02 +4.721018191e+02 -2.8532e+00 +1.7886e+00 -8.2574e-01 +2.5993e+00 +2.5151e+00 +3.5694e-01 +4.8782e-01 +3.6184e-01 -9.8139e-01 +2.0895e+00
156 0 +4.479091717e+02 +4.537691717e+02 +4.537691717e+02 -2.7261e+00 +7.8909e-01 +4.5522e-01 +3.4662e+00 +2.8477e+00 +4.0287e-01 +1.2775e+00 -5.9163e-01 -3.3083e-01 +8.6919e-01
306 0 +4.221454413e+02 +4.280054413e+02 +4.280054413e+02 -2.8532e+00 +1.5188e+00 +1.1571e+00 +3.5313e+00 +2.9928e+00 +2.6790e+00 +1.5112e+00 -4.2657e-01 -6.1461e-02 +3.0178e-01
316 0 +2.509337395e+02 +2.567937395e+02 +2.567937395e+02 -2.3959e+00 +1.6460e+00 -3.1783e-01 +2.6954e+00 +2.4546e+00 +1.5218e+00 +2.1150e+00 -9.4602e-01 +1.0203e+00 +1.8808e+00
452 0 +2.204528472e+02 +2.263128472e+02 +2.263128472e+02 -2.5670e+00 +1.3903e+00 -5.5736e-01 +1.9294e+00 +2.9774e+00 +1.1269e+00 +1.8031e+00 -5.4090e-01 +1.2962e+00 +1.6481e+00
588 0 +2.011712294e+02 +2.070312294e+02 +2.070312294e+02 -3.7622e+00 +2.5238e+00 -6.7962e-01 +2.4760e+00 +1.9740e+00 +1.1698e+00 +2.1908e+00 -8.1441e-01 +1.0152e+00 +1.7389e+00
653 0 +1.870162852e+02 +1.928762852e+02 +1.928762852e+02 -3.5743e+00 +2.0221e+00 -5.4084e-02 +2.0403e+00 +2.0464e+00 +1.6297e+00 +1.7108e+00 -3.8452e-01 +7.8506e-01 +1.4724e+00
670 0 +1.609645924e+02 +1.668245924e+02 +1.668245924e+02 -3.1476e+00 +1.6602e+00 -7.4976e-01 +2.4452e+00 +2.9934e+00 +1.8240e+00 +2.0648e+00 -7.9722e-01 +9.2890e-01 +1.5701e+00
734 0 +1.559344817e+02 +1.617944817e+02 +1.617944817e+02 -3.0459e+00 +1.4717e+00 -8.1680e-01 +1.9187e+00 +2.3834e+00 +1.1614e+00 +1.8659e+00 -4.8621e-01 +6.3765e-01 +1.8443e+00
739 0 +1.505393437e+02 +1.563993437e+02 +1.563993437e+02 -3.3997e+00 +2.1031e+00 -6.9055e-01 +2.0927e+00 +2.7823e+00 +1.9428e+00 +1.3870e+00 -5.7951e-01 +4.2674e-01 +7.3512e-01
789 0 +1.310909282e+02 +1.369509282e+02 +1.369509282e+02 -3.3933e+00 +1.7395e+00 -5.1547e-01 +1.4759e+00 +2.7879e+00 +1.7844e+00 +1.5204e+00 -8.7129e-01 +6.5358e-01 +3.9010e-01
806 0 +1.010581360e+02 +1.069181360e+02 +1.069181360e+02 -3.8018e+00 +1.7476e+00 -5.5582e-01 +1.7295e+00 +2.8441e+00 +1.5819e+00 +1.5920e+00 -1.0607e+00 +1.4191e-01 +1.0514e+00
865 0 +8.518196567e+01 +9.104196567e+01 +9.104196567e+01 -3.3029e+00 +1.8299e+00 -8.6155e-01 +2.1780e+00 +2.6719e+00 +1.8848e+00 +1.7254e+00 -9.7916e-01 +5.7473e-01 +1.2923e+00
867 0 +6.580961338e+01 +7.166961338e+01 +7.166961338e+01 -3.5604e+00 +1.9722e+00 -6.8351e-01 +1.7491e+00 +2.4447e+00 +1.6220e+00 +1.8572e+00 -7.1583e-01 +9.3174e-01 +1.1054e+00
951 0 +5.236524858e+01 +5.822524858e+01 +5.822524858e+01 -3.8485e+00 +1.7057e+00 -6.6043e-01 +1.7699e+00 +2.6509e+00 +1.9129e+00 +1.9962e+00 -9.3220e-01 +9.2105e-01 +1.2548e+00
1051 0 +5.228208270e+01 +5.814208270e+01 +5.814208270e+01 -3.6913e+00 +1.8156e+00 -5.1607e-01 +1.8465e+00 +2.6561e+00 +1.8013e+00 +1.9364e+00 -9.2524e-01 +8.9819e-01 +1.2451e+00
1063 0 +4.751261903e+01 +5.337261903e+01 +5.337261903e+01 -3.4755e+00 +1.8173e+00 -6.0285e-01 +1.8171e+00 +2.5311e+00 +1.8221e+00 +1.7911e+00 -8.1933e-01 +9.5353e-01 +1.1062e+00
1202 0 +4.500730043e+01 +5.086730043e+01 +5.086730043e+01 -3.7531e+00 +1.9362e+00 -7.6610e-01 +1.7635e+00 +2.3626e+00 +1.7630e+00 +1.9634e+00 -1.0658e+00 +1.2185e+00 +1.5189e+00
1255 0 +4.221925439e+01 +4.807925439e+01 +4.807925439e+01 -3.6200e+00 +1.8008e+00 -8.8135e-01 +1.9011e+00 +2.4086e+00 +1.6401e+00 +1.9077e+00 -7.6712e-01 +1.1795e+00 +1.4992e+00
1261 0 +3.384678304e+01 +3.970678304e+01 +3.970678304e+01 -3.7006e+00 +1.8585e+00 -8.5478e-01 +1.8255e+00 +2.3099e+00 +1.6133e+00 +1.9460e+00 -8.3439e-01 +9.7230e-01 +1.6259e+00
1373 0 +3.009075696e+01 +3.595075696e+01 +3.595075696e+01 -3.7311e+00 +2.0539e+00 -9.9514e-01 +1.7201e+00 +2.1235e+00 +1.6207e+00 +1.9856e+00 -8.4201e-01 +1.4034e+00 +1.7042e+00
1455 0 +2.890985343e+01 +3.476985343e+01 +3.476985343e+01 -3.7298e+00 +1.9078e+00 -8.8260e-01 +1.7126e+00 +2.3194e+00 +1.5539e+00 +1.8890e+00 -7.5790e-01 +1.1166e+00 +1.5972e+00
1467 0 +2.845067961e+01 +3.431067961e+01 +3.431067961e+01 -3.8416e+00 +1.9172e+00 -9.1519e-01 +1.8927e+00 +2.3249e+00 +1.6851e+00 +1.9453e+00 -9.4769e-01 +1.1886e+00 +1.6390e+00
1469 0 +2.434009283e+01 +3.020009283e+01 +3.020009283e+01 -3.7046e+00 +2.0293e+00 -8.6690e-01 +1.9035e+00 +2.2271e+00 +1.6049e+00 +1.9036e+00 -8.3290e-01 +1.1883e+00 +1.6265e+00
1502 0 +2.139877874e+01 +2.725877874e+01 +2.725877874e+01 -3.7547e+00 +1.9626e+00 -9.1090e-01 +1.8398e+00 +2.2231e+00 +1.6893e+00 +1.9760e+00 -8.9091e-01 +1.1567e+00 +1.6650e+00
1503 0 +1.893567606e+01 +2.479567606e+01 +2.479567606e+01 -3.6693e+00 +1.9573e+00 -8.9444e-01 +1.7508e+00 +2.2664e+00 +1.6658e+00 +1.8642e+00 -8.1046e-01 +1.2403e+00 +1.5361e+00
1552 0 +1.716468381e+01 +2.302468381e+01 +2.302468381e+01 -3.7278e+00 +1.9493e+00 -8.9277e-01 +1.8741e+00 +2.2907e+00 +1.6160e+00 +1.8826e+00 -8.9034e-01 +1.0756e+00 +1.6084e+00
1590 0 +1.683673197e+01 +2.269673197e+01 +2.269673197e+01 -3.7305e+00 +2.0392e+00 -9.1433e-01 +1.8059e+00 +2.1467e+00 +1.5682e+00 +1.9039e+00 -8.2735e-01 +1.2839e+00 +1.6763e+00
1615 0 +1.592861668e+01 +2.178861668e+01 +2.178861668e+01 -3.6949e+00 +1.9146e+00 -9.2615e-01 +1.8344e+00 +2.2474e+00 +1.6493e+00 +1.9250e+00 -8.6679e-01 +1.1579e+00 +1.6075e+00
1617 0 +1.545236957e+01 +2.131236957e+01 +2.131236957e+01 -3.7762e+00 +2.0468e+00 -1.0020e+00 +1.7665e+00 +2.1341e+00 +1.5158e+00 +1.9171e+00 -8.3085e-01 +1.3205e+00 +1.7265e+00
1625 0 +1.247916438e+01 +1.833916438e+01 +1.833916438e+01 -3.7836e+00 +1.9754e+00 -8.9148e-01 +1.7795e+00 +2.2208e+00 +1.6818e+00 +1.9112e+00 -8.6170e-01 +1.2041e+00 +1.6080e+00
1711 0 +1.126113928e+01 +1.712113928e+01 +1.712113928e+01 -3.7277e+00 +2.0083e+00 -9.3170e-01 +1.7707e+00 +2.1603e+00 +1.6165e+00 +1.9311e+00 -8.0221e-01 +1.3396e+00 +1.6868e+00
1763 0 +9.142564510e+00 +1.500256451e+01 +1.500256451e+01 -3.7620e+00 +2.0176e+00 -9.8998e-01 +1.7830e+00 +2.1584e+00 +1.5500e+00 +1.9163e+00 -8.3222e-01 +1.2747e+00 +1.7425e+00
1768 0 +8.521065762e+00 +1.438106576e+01 +1.438106576e+01 -3.7548e+00 +1.9824e+00 -9.6167e-01 +1.8033e+00 +2.1850e+00 +1.6115e+00 +1.9137e+00 -8.4344e-01 +1.2779e+00 +1.6603e+00
1854 0 +6.272316014e+00 +1.213231601e+01 +1.213231601e+01 -3.7601e+00 +1.9953e+00 -9.2804e-01 +1.7762e+00 +2.1814e+00 +1.6194e+00 +1.9131e+00 -8.2729e-01 +1.2712e+00 +1.6852e+00
1903 0 +5.093223584e+00 +1.095322358e+01 +1.095322358e+01 -3.7409e+00 +1.9763e+00 -9.6113e-01 +1.7799e+00 +2.1810e+00 +1.6042e+00 +1.9170e+00 -8.3777e-01 +1.2860e+00 +1.6988e+00
1909 0 +4.324480797e+00 +1.018448080e+01 +1.018448080e+01 -3.7566e+00 +1.9666e+00 -9.4183e-01 +1.7937e+00 +2.2054e+00 +1.6309e+00 +1.9267e+00 -8.3288e-01 +1.2509e+00 +1.6692e+00
2018 0 +3.217194944e+00 +9.077194944e+00 +9.077194944e+00 -3.7367e+00 +1.9830e+00 -9.4932e-01 +1.7826e+00 +2.1755e+00 +1.5992e+00 +1.9038e+00 -8.1521e-01 +1.2865e+00 +1.7009e+00
2057 0 +2.342860353e+00 +8.202860353e+00 +8.202860353e+00 -3.7285e+00 +1.9856e+00 -9.5605e-01 +1.8034e+00 +2.1857e+00 +1.6006e+00 +1.9100e+00 -8.1897e-01 +1.2725e+00 +1.6936e+00
2252 0 +1.984175904e+00 +7.844175904e+00 +7.844175904e+00 -3.7372e+00 +1.9775e+00 -9.4271e-01 +1.7947e+00 +2.1904e+00 +1.6134e+00 +1.9150e+00 -8.2612e-01 +1.2642e+00 +1.6926e+00
2315 0 +1.766364196e+00 +7.626364196e+00 +7.626364196e+00 -3.7417e+00 +1.9841e+00 -9.4357e-01 +1.7952e+00 +2.1875e+00 +1.6100e+00 +1.9089e+00 -8.2295e-01 +1.2623e+00 +1.6871e+00
2356 0 +1.758582732e+00 +7.618582732e+00 +7.618582732e+00 -3.7329e+00 +1.9776e+00 -9.4748e-01 +1.7940e+00 +2.1944e+00 +1.6010e+00 +1.9078e+00 -8.2200e-01 +1.2635e+00 +1.6831e+00
2357 0 +1.650340729e+00 +7.510340729e+00 +7.510340729e+00 -3.7374e+00 +1.9821e+00 -9.4613e-01 +1.7927e+00 +2.1879e+00 +1.6008e+00 +1.9075e+00 -8.2170e-01 +1.2682e+00 +1.6919e+00
2373 0 +1.264753910e+00 +7.124753910e+00 +7.124753910e+00 -3.7408e+00 +1.9842e+00 -9.5955e-01 +1.7950e+00 +2.1748e+00 +1.6002e+00 +1.9138e+00 -8.1753e-01 +1.2799e+00 +1.7028e+00
2417 0 +1.176236495e+00 +7.036236495e+00 +7.036236495e+00 -3.7442e+00 +1.9901e+00 -9.6271e-01 +1.7897e+00 +2.1675e+00 +1.5954e+00 +1.9105e+00 -8.1560e-01 +1.2858e+00 +1.7073e+00
2418 0 +9.922436687e-01 +6.852243669e+00 +6.852243669e+00 -3.7391e+00 +1.9796e+00 -9.4387e-01 +1.7957e+00 +2.1933e+00 +1.6125e+00 +1.9109e+00 -8.2358e-01 +1.2599e+00 +1.6821e+00
2452 0 +9.386196064e-01 +6.798619606e+00 +6.798619606e+00 -3.7404e+00 +1.9929e+00 -9.6268e-01 +1.7911e+00 +2.1632e+00 +1.5942e+00 +1.9114e+00 -8.1545e-01 +1.2944e+00 +1.7150e+00
