% f evaluations | g evaluations | best noise-free fitness - Fopt (7.627000000000e+01) + sum g_i+ | measured fitness | best measured fitness or single-digit g-values | x1 | x2...
1 0 +1.552914355e+06 +1.552990625e+06 +1.552990625e+06 +5.9671e-01 -3.8264e-02 +7.4769e-01 +1.6230e+00 -1.3415e-01 -1.3414e-01 +1.6792e+00 +8.6743e-01 -3.6947e-01 +6.4256e-01
2 0 +6.218440916e+05 +6.219203616e+05 +6.219203616e+05 -3.6342e-01 -3.6573e-01 +3.4196e-01 -1.8133e+00 -1.6249e+00 -4.6229e-01 -9.1283e-01 +4.1425e-01 -8.0802e-01 -1.3123e+00
3 0 +1.868508053e+05 +1.869270753e+05 +1.869270753e+05 +1.5656e+00 -1.2578e-01 +1.6753e-01 -1.3247e+00 -4.4438e-01 +2.1092e-01 -1.0510e+00 +4.7570e-01 -5.0064e-01 -1.9169e-01
4 0 +1.355190486e+04 +1.362817486e+04 +1.362817486e+04 -5.0171e-01 +1.9523e+00 +8.6503e-02 -9.5771e-01 +9.2254e-01 -1.1208e+00 +3.0886e-01 -1.8597e+00 -1.2282e+00 +2.9686e-01
11 0 +8.121793620e+01 +1.574879362e+02 +1.574879362e+02 -1.3154e+00 -3.2065e-01 -2.4271e-01 -7.0228e-01 -6.1286e-02 +5.0405e-01 +1.9862e+00 +2.7458e-01 +3.5755e-01 +2.5554e-02
93 0 +4.812624860e+01 +1.243962486e+02 +1.243962486e+02 +1.6042e+00 +1.4671e-02 +9.6843e-01 -4.9538e-01 -1.1443e+00 -5.3019e-01 +4.1553e-01 +2.2281e-01 -7.1678e-01 -6.4674e-01
161 0 +4.231319565e+01 +1.185831957e+02 +1.185831957e+02 -2.1683e-01 -2.5021e-01 +2.6801e-01 -1.7432e+00 -2.6634e-02 -9.0882e-01 +1.2700e+00 -4.8669e-01 -6.8503e-01 +2.9704e-02
475 0 +3.840778701e+01 +1.146777870e+02 +1.146777870e+02 +1.0934e+00 -9.0212e-01 +5.4508e-01 -5.4449e-01 -1.9851e+00 -3.2469e-02 +4.5062e-01 +1.7297e+00 +1.8425e+00 +4.9674e-01
1217 0 +3.032692698e+01 +1.065969270e+02 +1.065969270e+02 -2.2508e+00 -5.0264e-02 +7.0853e-01 +2.6938e-01 -9.2486e-01 -1.0790e+00 +1.0535e+00 +8.9060e-01 +4.2292e-01 +1.3832e-02
1347 0 +2.726530991e+01 +1.035353099e+02 +1.035353099e+02 -3.6298e-01 -1.1621e+00 -7.6994e-02 -1.6344e+00 -4.9769e-01 -8.6008e-01 +1.7983e+00 +8.5101e-01 -7.9010e-01 +3.2750e-01
1362 0 +2.595131135e+01 +1.022213113e+02 +1.022213113e+02 -5.4095e-01 -1.1038e+00 -1.1349e-01 -1.7399e+00 -1.1935e+00 -6.9632e-01 +9.7888e-01 +1.6042e+00 +1.3685e+00 +1.2168e+00
1437 0 +2.305431734e+01 +9.932431734e+01 +9.932431734e+01 -8.2397e-01 -1.0385e+00 +9.8031e-01 -1.1279e-01 -1.7380e+00 -1.3104e+00 +1.8328e+00 +3.5449e-01 +1.8341e-01 +1.5519e+00
1550 0 +2.190794926e+01 +9.817794926e+01 +9.817794926e+01 +8.9049e-01 -1.4868e+00 +7.9545e-01 +1.1704e+00 -3.4815e+00 -1.5132e+00 -7.5500e-01 +2.3970e+00 -2.2538e-01 +1.8693e+00
1610 0 +1.009395823e+01 +8.636395823e+01 +8.636395823e+01 -1.3883e+00 -2.0176e+00 -6.8523e-01 +2.6338e-01 -2.0005e+00 -5.1435e-01 +5.0066e-01 +2.3058e+00 +3.6291e-01 +2.0927e+00
2015 0 +8.401710306e+00 +8.467171031e+01 +8.467171031e+01 -2.0679e-01 -3.5823e+00 -1.3123e+00 +4.6801e-01 -2.0590e+00 -2.0618e+00 -2.3948e-01 +2.0912e+00 +2.6456e-02 +2.7776e+00
2056 0 +8.061777423e+00 +8.433177742e+01 +8.433177742e+01 +6.8957e-01 -3.0480e+00 -1.3500e+00 +1.0635e+00 -2.5341e+00 -2.4927e+00 -1.7486e+00 +2.9030e+00 -1.2456e+00 +2.4549e+00
2114 0 +5.092871422e+00 +8.136287142e+01 +8.136287142e+01 -8.9477e-01 -3.8423e+00 -2.4235e+00 +9.9576e-01 -1.6490e+00 -2.6532e+00 -1.1070e+00 +2.8548e+00 -5.0662e-01 +2.9262e+00
2208 0 +5.019208645e+00 +8.128920864e+01 +8.128920864e+01 -8.8863e-01 -3.6900e+00 -7.8880e-01 +7.4848e-01 -2.1567e+00 -1.2496e+00 -8.9054e-01 +1.3906e+00 -2.0092e+00 +1.7241e+00
2222 0 +3.891697770e+00 +8.016169777e+01 +8.016169777e+01 -1.4177e+00 -3.7228e+00 -6.1818e-01 +9.3935e-01 -1.9444e+00 -2.5656e+00 -7.7250e-01 +1.1939e+00 -1.7786e+00 +1.8154e+00
2485 0 +3.767671909e+00 +8.003767191e+01 +8.003767191e+01 -7.7378e-01 -4.2034e+00 -1.7606e+00 +3.0419e-01 -1.7640e+00 -1.5422e+00 -1.4835e+00 +1.3153e+00 -3.8018e-01 +2.6311e+00
% f evaluations | g evaluations | best noise-free fitness - Fopt (-2.255000000000e+01) + sum g_i+ | measured fitness | best measured fitness or single-digit g-values | x1 | x2...
1 0 +4.591578469e+05 +4.591352969e+05 +4.591352969e+05 +5.9671e-01 -3.8264e-02 +7.4769e-01 +1.6230e+00 -1.3415e-01 -1.3414e-01 +1.6792e+00 +8.6743e-01 -3.6947e-01 +6.4256e-01
2 0 +4.059641924e+05 +4.059416424e+05 +4.059416424e+05 -3.6342e-01 -3.6573e-01 +3.4196e-01 -1.8133e+00 -1.6249e+00 -4.6229e-01 -9.1283e-01 +4.1425e-01 -8.0802e-01 -1.3123e+00
5 0 +2.064410243e+04 +2.062155243e+04 +2.062155243e+04 +8.3847e-01 +2.7137e-01 -1.5648e-02 -2.0110e-01 -1.3785e+00 -6.1984e-01 -3.6064e-01 +1.1571e+00 +4.4362e-01 -1.6630e+00
20 0 +4.194544284e+03 +4.171994284e+03 +4.171994284e+03 -3.4651e-01 +9.5640e-01 +3.1409e-01 -1.1457e+00 +2.7318e-01 +4.8532e-01 -7.8386e-01 +2.5373e-01 +1.5821e-01 -1.0430e+00
45 0 +3.853335733e+03 +3.830785733e+03 +3.830785733e+03 +4.8407e-01 +6.7305e-02 -1.9674e+00 +1.0880e-02 -1.2045e+00 +7.6967e-01 +4.6660e-01 -8.3988e-01 -4.1387e-01 -9.5921e-01
50 0 +3.474848783e+03 +3.452298783e+03 +3.452298783e+03 +9.2027e-02 +1.5799e+00 +1.7737e-01 -7.6128e-01 +1.6231e+00 +6.3891e-01 -9.3725e-01 -9.0339e-02 -7.7562e-01 -1.2828e+00
60 0 +1.102414254e+03 +1.079864254e+03 +1.079864254e+03 -3.6083e-01 +9.8514e-01 +2.8226e-01 -4.5902e-02 -4.5065e-01 +8.1592e-01 -3.2325e-01 +1.0569e+00 -6.9618e-02 +4.0632e-01
91 0 +6.236382862e+02 +6.010882862e+02 +6.010882862e+02 +3.0461e-01 -2.3839e-01 +4.5491e-01 +1.6460e+00 -1.2941e+00 -3.8691e-02 +7.4025e-01 -6.3530e-02 -5.8440e-01 +1.4550e+00
108 0 +3.598837475e+02 +3.373337475e+02 +3.373337475e+02 -1.8720e-01 -4.4750e-01 -2.8273e-01 +1.2926e+00 +5.5077e-01 +1.1067e+00 +2.8483e-01 -9.2323e-01 -4.2686e-01 -6.9410e-01
132 0 +2.093818930e+02 +1.868318930e+02 +1.868318930e+02 +2.0137e-01 +4.8217e-01 +1.7430e+00 +8.2536e-01 -7.3701e-02 -1.0932e-01 -3.1492e-01 +1.9025e-01 -3.5367e-01 -1.4756e-02
187 0 +6.682089997e+01 +4.427089997e+01 +4.427089997e+01 -5.7271e-01 +1.1760e-01 +1.9601e+00 -1.2038e+00 -4.4626e-01 +5.4856e-02 +1.3774e-01 -1.3626e+00 -4.9772e-02 +5.5442e-01
535 0 +5.313024512e+01 +3.058024512e+01 +3.058024512e+01 -9.0848e-01 +5.3738e-01 +1.7468e-01 -1.6836e+00 +8.0774e-01 -2.2737e-01 -1.5212e-01 -6.5012e-01 -1.1844e+00 +8.9389e-01
682 0 +5.177473389e+01 +2.922473389e+01 +2.922473389e+01 -3.8201e-01 -3.5954e-02 +1.2042e+00 -9.4444e-01 +6.6731e-01 -1.9011e-01 +4.6577e-01 -1.8170e-01 -1.3842e+00 +8.2096e-01
991 0 +4.151355996e+01 +1.896355996e+01 +1.896355996e+01 +7.3263e-01 -1.2757e+00 +3.4045e+00 -1.2280e+00 +1.4503e+00 -1.3899e+00 +1.5804e+00 -1.4527e+00 -1.2122e+00 -2.0306e-02
1702 0 +4.024641159e+01 +1.769641159e+01 +1.769641159e+01 +1.7731e+00 +1.5050e+00 +2.0523e-01 -4.7036e-01 -1.5166e+00 -3.5859e+00 -2.3172e-01 -3.8290e+00 +1.6147e+00 +1.6117e+00
1803 0 +3.208993732e+01 +9.539937321e+00 +9.539937321e+00 +3.6264e-01 -3.7426e-01 +2.4699e+00 +4.0081e-01 +5.3656e-02 -1.1556e+00 -5.6223e-01 -3.6521e+00 +3.0349e+00 -1.8561e+00
2006 0 +2.432743400e+01 +1.777433999e+00 +1.777433999e+00 -3.5066e-01 +8.2684e-01 +2.0513e+00 -2.8240e+00 +1.1664e+00 -1.7317e+00 -4.9485e-01 -4.0415e+00 -7.1076e-01 +2.7789e-01
2074 0 +2.283460639e+01 +2.846063904e-01 +2.846063904e-01 +3.2169e+00 +2.2385e+00 +2.4524e-01 -1.8911e+00 +3.9064e-01 -1.0059e+00 +1.2331e-01 -4.3085e+00 +3.0862e-01 -2.9699e+00
2115 0 +2.038823041e+01 -2.161769587e+00 -2.161769587e+00 +3.5943e+00 +2.0877e+00 +2.5943e+00 -1.2685e+00 +2.1175e+00 -2.3752e+00 +1.3233e+00 -1.3883e+00 +2.5251e+00 +1.2958e+00
2129 0 +1.896999214e+01 -3.580007860e+00 -3.580007860e+00 +2.9043e+00 +4.3866e+00 +2.4562e+00 -1.7998e+00 -1.0152e+00 -1.5807e+00 -1.2589e+00 -4.5691e+00 +1.3716e+00 -2.8418e-01
2135 0 +1.120834648e+01 -1.134165352e+01 -1.134165352e+01 +2.7227e+00 +2.9663e+00 +6.6778e-01 -1.5725e+00 +1.3509e+00 -8.0280e-01 +2.8213e-01 -3.6502e+00 +1.7453e+00 +2.3115e-01
2326 0 +6.252825573e+00 -1.629717443e+01 -1.629717443e+01 +2.9845e+00 +3.0103e+00 +1.2040e+00 -3.7265e+00 +2.0950e+00 +1.2772e-01 +8.6066e-01 -3.1848e+00 +2.0769e+00 -1.1597e+00
2422 0 +5.457326098e+00 -1.709267390e+01 -1.709267390e+01 +3.0333e+00 +1.4835e+00 +1.4063e+00 -2.6726e+00 +1.9737e+00 -1.8014e+00 +1.1258e+00 -4.0607e+00 +1.9141e+00 -1.0964e+00
2474 0 +5.354055137e+00 -1.719594486e+01 -1.719594486e+01 +1.7122e+00 +1.5264e+00 +1.8289e+00 -2.3494e+00 +5.2532e-01 -1.0527e+00 +6.1269e-01 -3.4607e+00 +1.3720e+00 +1.6412e-01
2477 0 +4.968339380e+00 -1.758166062e+01 -1.758166062e+01 +1.6935e+00 +2.4556e+00 +2.3457e+00 -1.8264e+00 +1.7778e+00 -2.7960e-01 -4.2949e-01 -3.6250e+00 +2.0483e+00 -1.1048e+00
% f evaluations | g evaluations | best noise-free fitness - Fopt (1.366000000000e+01) + sum g_i+ | measured fitness | best measured fitness or single-digit g-values | x1 | x2...
1 0 +5.397776853e+05 +5.397913453e+05 +5.397913453e+05 +5.9671e-01 -3.8264e-02 +7.4769e-01 +1.6230e+00 -1.3415e-01 -1.3414e-01 +1.6792e+00 +8.6743e-01 -3.6947e-01 +6.4256e-01
4 0 +1.417905962e+02 +1.554505962e+02 +1.554505962e+02 -5.0171e-01 +1.9523e+00 +8.6503e-02 -9.5771e-01 +9.2254e-01 -1.1208e+00 +3.0886e-01 -1.8597e+00 -1.2282e+00 +2.9686e-01
374 0 +6.698372400e+01 +8.064372400e+01 +8.064372400e+01 +1.1676e-01 +1.6251e-01 -2.6173e-01 -8.2003e-03 +1.5540e+00 -9.4583e-01 +7.9599e-01 -3.6838e+00 -1.5899e+00 -4.3126e-01
638 0 +4.281271770e+01 +5.647271770e+01 +5.647271770e+01 +6.5703e-01 +1.1714e+00 +1.2833e+00 -1.3789e-01 +1.9030e+00 -8.6149e-01 +2.2984e+00 -4.0280e-01 -3.5485e-01 -1.9999e+00
999 0 +3.540067216e+01 +4.906067216e+01 +4.906067216e+01 +9.7551e-01 +1.5657e+00 -1.1606e+00 -8.7490e-01 -6.1404e-01 +1.0730e+00 +3.1708e+00 -8.9804e-01 +1.4069e+00 -1.1520e+00
1154 0 +2.763822813e+01 +4.129822813e+01 +4.129822813e+01 +1.6992e-01 +2.5622e+00 -8.8389e-01 +1.1735e+00 -7.4666e-01 +5.3217e-01 +2.2079e+00 -2.6163e+00 -3.2467e-01 -4.0128e+00
1471 0 +2.700018664e+01 +4.066018664e+01 +4.066018664e+01 +3.7984e-01 +1.3711e+00 -7.8345e-01 +1.9825e-01 -2.9988e-01 +2.7722e-02 +1.8742e+00 -3.5105e+00 -7.4248e-01 -2.2431e+00
1624 0 +2.570061549e+01 +3.936061549e+01 +3.936061549e+01 -2.0030e-01 +1.4118e-01 -4.7383e-01 +1.9420e+00 -1.7591e+00 -3.6910e-01 +2.9763e+00 -2.6260e+00 -1.1750e+00 -3.0566e+00
1706 0 +2.151854298e+01 +3.517854298e+01 +3.517854298e+01 -1.0155e+00 +5.8949e-01 -4.4102e-01 +5.8335e-01 -2.1658e+00 +3.5174e-01 +3.9200e+00 -1.8348e+00 +5.7645e-01 -2.7662e+00
1709 0 +2.053084639e+01 +3.419084639e+01 +3.419084639e+01 +7.0337e-01 +2.9906e+00 +6.2521e-01 +2.0655e+00 -1.6889e+00 +7.9392e-01 +3.1104e+00 -1.5734e+00 +4.2148e-01 -3.5654e+00
1729 0 +1.650066802e+01 +3.016066802e+01 +3.016066802e+01 +8.0377e-01 +2.2657e+00 +7.4417e-01 -8.9847e-01 +5.3155e-02 -5.1752e-01 +2.0466e+00 -3.4982e+00 -6.5246e-01 -2.8993e+00
1798 0 +1.298839518e+01 +2.664839518e+01 +2.664839518e+01 +1.5928e+00 +2.5720e+00 +3.8219e-01 +7.2101e-01 -2.2873e+00 +5.0154e-01 +3.6043e+00 -2.1037e+00 +1.6713e+00 -3.5033e+00
1860 0 +1.217736146e+01 +2.583736146e+01 +2.583736146e+01 +1.3960e+00 +2.5780e+00 +2.8872e+00 +9.7793e-01 -1.8718e+00 +1.4759e+00 +4.9313e+00 -2.9169e+00 +9.5361e-01 -3.1649e+00
1864 0 +1.066354969e+01 +2.432354969e+01 +2.432354969e+01 +8.9213e-02 +2.8952e+00 +2.4430e+00 +1.5720e+00 -3.2159e+00 +1.4067e+00 +4.6061e+00 -3.6682e+00 +1.8578e+00 -3.1504e+00
1968 0 +1.055213155e+01 +2.421213155e+01 +2.421213155e+01 +2.9474e+00 +2.0739e+00 +2.3707e+00 +9.8513e-01 -2.6074e+00 -7.8896e-01 +4.1656e+00 -2.4929e+00 +2.0071e+00 -4.1467e+00
2146 0 +9.110707395e+00 +2.277070740e+01 +2.277070740e+01 +5.9145e-01 +2.9886e+00 +2.5605e+00 -1.6690e+00 -8.0200e-01 -1.0197e+00 +2.7523e+00 -3.6975e+00 -7.1938e-02 -3.4720e+00
2217 0 +6.839892591e+00 +2.049989259e+01 +2.049989259e+01 +2.3697e+00 +2.0072e+00 +2.6929e+00 +1.5325e+00 -2.0669e+00 +8.5227e-02 +4.2710e+00 -4.2034e+00 +1.4581e+00 -4.2844e+00
2283 0 +6.690317094e+00 +2.035031709e+01 +2.035031709e+01 +9.5755e-01 +2.1085e+00 +2.3435e+00 +1.4019e+00 -2.1868e+00 -1.2390e+00 +2.5748e+00 -3.9677e+00 +5.0265e-01 -3.0193e+00
2289 0 +4.577822619e+00 +1.823782262e+01 +1.823782262e+01 +1.3516e+00 +2.4652e+00 +1.4781e+00 +2.3000e-01 -1.8638e+00 -2.3594e-01 +3.6116e+00 -3.4346e+00 +1.2698e+00 -4.4785e+00
2310 0 +3.926578254e+00 +1.758657825e+01 +1.758657825e+01 +2.3452e-01 +1.8594e+00 +1.8657e+00 +4.3478e-01 -1.2314e+00 -8.2812e-01 +2.9574e+00 -3.7101e+00 -4.3046e-01 -3.8151e+00
2352 0 +3.770233844e+00 +1.743023384e+01 +1.743023384e+01 -5.0404e-01 +2.4947e+00 +2.0697e+00 +5.6427e-01 -1.6162e+00 -2.2259e-01 +3.2760e+00 -3.1184e+00 -2.7091e-01 -3.6989e+00
2363 0 +3.099632300e+00 +1.675963230e+01 +1.675963230e+01 -7.0695e-01 +2.3708e+00 +2.6996e+00 +5.8688e-01 -2.0700e+00 -5.7122e-02 +4.2135e+00 -3.2412e+00 +1.1328e+00 -4.2900e+00
2470 0 +2.947076502e+00 +1.660707650e+01 +1.660707650e+01 -2.5483e-01 +2.0297e+00 +3.1305e+00 -5.9312e-01 -1.5120e+00 -1.3302e+00 +3.3378e+00 -3.4348e+00 +1.1214e+00 -3.0840e+00
2487 0 +2.437071854e+00 +1.609707185e+01 +1.609707185e+01 -3.4605e-01 +2.7259e+00 +2.7145e+00 +1.1988e-01 -1.8268e+00 -2.5655e-01 +3.7028e+00 -2.7864e+00 +1.3010e+00 -3.3964e+00
% f evaluations | g evaluations | best noise-free fitness - Fopt (9.378400000000e+02) + sum g_i+ | measured fitness | best measured fitness or single-digit g-values | x1 | x2...
1 0 +1.015271303e+07 +1.015365087e+07 +1.015365087e+07 +5.9671e-01 -3.8264e-02 +7.4769e-01 +1.6230e+00 -1.3415e-01 -1.3414e-01 +1.6792e+00 +8.6743e-01 -3.6947e-01 +6.4256e-01
3 0 +9.688708469e+06 +9.689646309e+06 +9.689646309e+06 +1.5656e+00 -1.2578e-01 +1.6753e-01 -1.3247e+00 -4.4438e-01 +2.1092e-01 -1.0510e+00 +4.7570e-01 -5.0064e-01 -1.9169e-01
4 0 +2.131023532e+04 +2.224807532e+04 +2.224807532e+04 -5.0171e-01 +1.9523e+00 +8.6503e-02 -9.5771e-01 +9.2254e-01 -1.1208e+00 +3.0886e-01 -1.8597e+00 -1.2282e+00 +2.9686e-01
63 0 +4.584496138e+02 +1.396289614e+03 +1.396289614e+03 -1.7461e+00 +8.8899e-01 -3.5928e-01 +3.2346e-01 +1.1994e+00 +1.1135e+00 +1.1926e+00 -1.5615e+00 -2.3807e+00 +1.3707e+00
109 0 +1.645170719e+02 +1.102357072e+03 +1.102357072e+03 -1.7647e+00 +1.7129e+00 +1.4924e+00 -8.6782e-02 -1.0521e+00 +1.2698e+00 -1.4834e+00 -1.6364e+00 -1.5023e+00 +7.2967e-01
134 0 +9.945149778e+01 +1.037291498e+03 +1.037291498e+03 -3.0318e+00 +2.3894e+00 +2.3318e-01 -9.0548e-01 -2.6922e-01 -4.1014e-01 +4.6617e-01 -1.6402e-01 +3.8688e-01 -2.4117e-01
215 0 +8.436749540e+01 +1.022207495e+03 +1.022207495e+03 -2.7654e+00 +1.7950e+00 +1.3877e+00 -3.5245e-01 +2.3099e+00 +7.8912e-01 +5.8028e-01 -4.4779e-01 -1.6518e+00 -1.0635e+00
698 0 +6.458862104e+01 +1.002428621e+03 +1.002428621e+03 -1.1179e-01 +1.5286e-01 +2.9228e+00 -1.3247e+00 +2.7082e+00 +1.2684e+00 -1.1799e+00 +1.9800e-01 -1.5346e+00 +3.0351e+00
1106 0 +5.028221026e+01 +9.881222103e+02 +9.881222103e+02 -8.8662e-01 -7.8860e-02 +1.2159e-01 -1.1874e+00 -4.0419e-01 +4.9155e+00 -6.3501e-01 +1.0886e-01 -5.6487e-01 +3.2753e+00
1183 0 +4.196642813e+01 +9.798064281e+02 +9.798064281e+02 -6.1213e-01 +3.4251e+00 +2.2034e-01 -2.3487e+00 +7.7453e-01 +3.2278e+00 -3.7704e+00 +3.5920e+00 +1.9935e+00 +2.4286e+00
1186 0 +2.729069710e+01 +9.651306971e+02 +9.651306971e+02 -5.5650e-01 +2.1385e+00 +2.1791e+00 -3.6755e-01 +3.4895e-01 +3.1832e+00 -2.1820e+00 -9.7093e-02 -1.6509e-01 +6.7158e-01
1995 0 +1.294991084e+01 +9.507899108e+02 +9.507899108e+02 -8.5438e-01 +2.0446e+00 +2.7814e+00 -1.7091e+00 -1.1984e+00 +2.5302e+00 +1.0808e+00 +1.9033e+00 +2.0438e+00 +2.8846e+00
2005 0 +1.146536108e+01 +9.493053611e+02 +9.493053611e+02 -8.0658e-01 +3.7011e+00 +1.7163e+00 -1.9264e+00 -3.3355e-01 +2.4349e+00 -1.2993e+00 +2.4329e+00 +2.1686e-01 +2.4861e+00
2226 0 +9.646711685e+00 +9.474867117e+02 +9.474867117e+02 +9.0000e-01 +4.2114e+00 +1.8554e+00 -1.0049e+00 +8.1399e-02 +3.6738e+00 -1.5660e+00 +3.3662e+00 +3.0835e+00 +2.9185e+00
2486 0 +8.639472791e+00 +9.464794728e+02 +9.464794728e+02 -1.6959e+00 +2.6580e+00 +2.9248e+00 -8.2015e-01 -6.3650e-02 +3.7714e+00 -1.8468e+00 +3.7855e+00 +1.6010e+00 +3.4345e+00
2500 0 +6.706522000e+00 +9.445465220e+02 +9.445465220e+02 -1.6425e-01 +3.4891e+00 +3.7976e+00 -1.1950e+00 -1.9597e+00 +2.5120e+00 -1.9371e+00 +2.1340e+00 +7.7477e-01 +3.8072e+00
% f evaluations | g evaluations | best noise-free fitness - Fopt (-7.872000000000e+01) + sum g_i+ | measured fitness | best measured fitness or single-digit g-values | x1 | x2...
1 0 +4.964310655e+05 +4.963523455e+05 +4.963523455e+05 +5.9671e-01 -3.8264e-02 +7.4769e-01 +1.6230e+00 -1.3415e-01 -1.3414e-01 +1.6792e+00 +8.6743e-01 -3.6947e-01 +6.4256e-01
6 0 +3.485965655e+04 +3.478093655e+04 +3.478093655e+04 +4.2408e-01 -2.8508e-01 -5.7692e-01 +7.1168e-01 +1.1310e+00 +1.0313e+00 -7.3922e-01 -2.0921e-01 +4.3126e-01 +1.0755e+00
9 0 +1.426922370e+04 +1.419050370e+04 +1.419050370e+04 -1.1967e-01 +4.5711e-01 +1.5779e+00 -4.1827e-01 -7.0849e-01 -4.0176e-01 +1.0154e+00 +4.2875e-01 -4.2976e-01 +6.1327e-01
26 0 +2.899273654e+03 +2.820553654e+03 +2.820553654e+03 -1.1609e+00 +1.0179e+00 +2.2222e+00 +1.1325e+00 -1.4194e+00 -3.8423e-01 +1.3669e+00 -6.0767e-01 +5.4382e-01 +8.7463e-01
56 0 +9.554306080e+02 +8.767106080e+02 +8.767106080e+02 +5.7302e-01 +1.9289e-01 +3.1934e-01 +7.6771e-01 +6.1320e-02 +2.0739e-01 -1.8240e-01 -7.9813e-01 +1.2011e-01 +9.6762e-01
129 0 +2.659419612e+02 +1.872219612e+02 +1.872219612e+02 +1.8536e+00 -1.0620e+00 -2.0253e-01 +1.0275e-01 +4.9706e-01 +5.6528e-01 -7.5740e-01 -2.5040e-01 -9.4857e-01 +1.4317e+00
171 0 +9.076497518e+01 +1.204497518e+01 +1.204497518e+01 +9.3039e-01 -7.7285e-01 +3.1107e-01 +1.6546e-01 -3.1671e-01 +6.3742e-01 +8.8923e-01 -7.8373e-01 -9.6390e-01 -5.8860e-02
331 0 +7.038580112e+01 -8.334198877e+00 -8.334198877e+00 +8.6387e-01 -2.7067e-01 +1.6625e+00 +4.5278e-02 +3.3762e-01 +3.5430e-01 -1.6784e-02 +4.1433e-01 +1.9038e-01 +1.7808e+00
391 0 +4.893468759e+01 -2.978531241e+01 -2.978531241e+01 +2.4101e+00 -2.0207e+00 -5.6359e-01 +3.2027e-02 +8.9208e-01 +3.6148e-01 +4.0394e-01 -9.5794e-02 +1.0429e+00 +2.1087e-01
1498 0 +4.573812166e+01 -3.298187834e+01 -3.298187834e+01 +2.0239e+00 -2.2017e+00 +5.7198e-01 -1.3663e+00 +2.7373e-01 +1.1515e-01 +1.0426e+00 +3.4600e-01 +2.9618e+00 +1.2345e+00
1605 0 +4.285523639e+01 -3.586476361e+01 -3.586476361e+01 +1.5175e+00 -3.0340e+00 +8.6727e-01 -7.2803e-01 -4.1723e-01 -1.5852e+00 +1.3521e+00 +2.3092e+00 +1.0231e+00 +9.3791e-01
1607 0 +2.915682179e+01 -4.956317821e+01 -4.956317821e+01 +1.2722e+00 +2.2944e-02 -1.8451e+00 +6.2289e-01 -6.6160e-01 +4.7373e-01 +2.7736e+00 +1.4379e+00 +2.9990e+00 -1.4173e+00
1696 0 +1.741483124e+01 -6.130516876e+01 -6.130516876e+01 +5.7461e-01 -1.5520e+00 -3.2051e+00 -4.5199e-01 -1.5308e-01 -1.6428e+00 +2.1053e+00 +2.0125e+00 +4.3216e+00 -1.5342e+00
1913 0 +1.435838454e+01 -6.436161546e+01 -6.436161546e+01 +4.0508e+00 -7.4075e-01 -3.0306e+00 +1.0731e+00 -2.5826e+00 -3.2920e+00 +2.0158e+00 +1.1503e+00 +2.6954e+00 -2.2100e+00
1962 0 +1.138681164e+01 -6.733318836e+01 -6.733318836e+01 +4.8428e+00 -1.7452e+00 -1.7547e+00 +2.0959e+00 -9.8361e-01 -2.1554e+00 +1.7091e+00 +2.4730e+00 +2.4619e+00 -1.0934e+00
2022 0 +9.465225709e+00 -6.925477429e+01 -6.925477429e+01 +4.2395e+00 -1.3783e+00 -2.0763e+00 -1.4759e+00 -5.6832e-01 -2.4112e+00 +1.0909e+00 +2.8334e+00 +4.2764e+00 -2.3859e-01
2070 0 +6.365332373e+00 -7.235466763e+01 -7.235466763e+01 +3.3646e+00 -2.1155e+00 -2.5604e+00 -1.9543e-01 -7.0337e-01 -3.1312e+00 +2.2886e+00 +3.3507e+00 +2.0369e+00 -2.6515e+00
2277 0 +4.967966796e+00 -7.375203320e+01 -7.375203320e+01 +3.3304e+00 -6.2516e-01 -3.2180e+00 -1.0861e-01 -1.5847e+00 -2.4477e+00 +1.5989e+00 +1.8166e+00 +4.0319e+00 -1.1832e+00
2411 0 +3.249626342e+00 -7.547037366e+01 -7.547037366e+01 +2.9776e+00 -1.6940e+00 -1.7335e+00 +6.2828e-01 -2.3268e+00 -3.0538e+00 +2.2356e+00 +2.8887e+00 +3.4901e+00 -3.7124e-01
2453 0 +2.201839462e+00 -7.651816054e+01 -7.651816054e+01 +3.3340e+00 -1.1842e+00 -1.8400e+00 +1.0159e+00 -1.7202e+00 -2.9597e+00 +2.5612e+00 +3.0023e+00 +4.7672e+00 -1.0961e+00
% f evaluations | g evaluations | best noise-free fitness - Fopt (-4.151000000000e+01) + sum g_i+ | measured fitness | best measured fitness or single-digit g-values | x1 | x2...
1 0 +1.856812029e+06 +1.856770519e+06 +1.856770519e+06 +5.9671e-01 -3.8264e-02 +7.4769e-01 +1.6230e+00 -1.3415e-01 -1.3414e-01 +1.6792e+00 +8.6743e-01 -3.6947e-01 +6.4256e-01
2 0 +6.316008743e+05 +6.315593643e+05 +6.315593643e+05 -3.6342e-01 -3.6573e-01 +3.4196e-01 -1.8133e+00 -1.6249e+00 -4.6229e-01 -9.1283e-01 +4.1425e-01 -8.0802e-01 -1.3123e+00
3 0 +4.251113892e+05 +4.250698792e+05 +4.250698792e+05 +1.5656e+00 -1.2578e-01 +1.6753e-01 -1.3247e+00 -4.4438e-01 +2.1092e-01 -1.0510e+00 +4.7570e-01 -5.0064e-01 -1.9169e-01
9 0 +1.274423060e+05 +1.274007960e+05 +1.274007960e+05 -1.1967e-01 +4.5711e-01 +1.5779e+00 -4.1827e-01 -7.0849e-01 -4.0176e-01 +1.0154e+00 +4.2875e-01 -4.2976e-01 +6.1327e-01
28 0 +1.201777722e+04 +1.197626722e+04 +1.197626722e+04 +1.5413e+00 -1.3359e+00 +1.2632e+00 +1.1023e-01 -8.8151e-01 +5.6210e-01 +2.9906e-01 -5.0022e-01 +1.6980e-01 -2.8531e-01
56 0 +1.067180477e+04 +1.063029477e+04 +1.063029477e+04 +1.2730e-01 -4.5877e-01 +1.3739e+00 -7.8575e-01 -7.7552e-01 -5.5696e-01 +6.3352e-01 -5.4825e-01 +4.5680e-01 -1.9389e-01
103 0 +3.634848890e+02 +3.219748890e+02 +3.219748890e+02 +4.2321e-01 -1.0634e+00 -7.5568e-01 -4.1801e-01 -2.4393e+00 -8.5803e-01 +9.6246e-02 -9.5115e-01 -1.2998e+00 -3.4321e-01
175 0 +3.582182111e+02 +3.167082111e+02 +3.167082111e+02 +9.5986e-01 -4.4546e-01 -5.4196e-01 +2.0092e-01 -1.2613e+00 +1.7826e-01 +4.5212e-01 -1.6693e+00 -5.3041e-01 -1.0601e+00
197 0 +7.340934051e+01 +3.189934051e+01 +3.189934051e+01 +6.5860e-01 -6.8094e-01 -3.9928e-01 -4.1385e-01 -6.0851e-01 -3.1341e-01 +1.5457e+00 -6.6279e-01 -8.9449e-01 +1.8427e-02
375 0 +5.420752738e+01 +1.269752738e+01 +1.269752738e+01 +2.7206e-01 -2.6536e-01 -9.5069e-01 -9.4602e-01 -8.2597e-01 -3.7017e-01 +1.0502e+00 -7.1963e-01 -1.5297e+00 +7.2633e-03
389 0 +3.390802294e+01 -7.601977064e+00 -7.601977064e+00 +2.7366e-01 +3.0789e-01 -7.9574e-01 -1.6067e+00 -1.4388e+00 -6.9921e-01 -2.2701e-02 -6.4677e-01 -9.9405e-01 +7.2503e-01
1766 0 +3.246376270e+01 -9.046237295e+00 -9.046237295e+00 +1.8677e+00 -3.7702e-01 -1.6206e+00 +1.0585e+00 -2.2271e+00 +2.8291e-01 -1.9256e+00 -2.2773e+00 -1.1737e+00 -3.8358e-01
1788 0 +2.132513647e+01 -2.018486353e+01 -2.018486353e+01 +1.8602e+00 -2.0583e+00 -2.4647e+00 -9.9754e-01 -2.2952e+00 -1.1264e+00 -2.9661e+00 -5.1896e-01 -2.9807e+00 -5.5579e-01
1887 0 +1.971471327e+01 -2.179528673e+01 -2.179528673e+01 +2.2228e+00 -1.5490e+00 -1.1315e+00 -9.6638e-01 -3.6450e+00 -5.9221e-01 +1.2422e-02 +1.2767e+00 -2.6045e+00 +1.8282e+00
1976 0 +1.605453316e+01 -2.545546684e+01 -2.545546684e+01 +3.7463e+00 -2.9146e+00 -4.0654e+00 -1.3122e+00 -4.0238e+00 -4.7974e-01 -4.3355e+00 -7.5741e-01 -2.5878e+00 +1.0763e+00
2152 0 +1.157767306e+01 -2.993232694e+01 -2.993232694e+01 +1.9097e+00 -2.2451e+00 -1.6401e+00 -6.0152e-01 -3.1703e+00 +3.1754e-01 -2.7129e+00 -6.8317e-02 -2.9982e+00 +2.4917e+00
2226 0 +1.005875665e+01 -3.145124335e+01 -3.145124335e+01 +3.0532e+00 -1.9699e+00 -3.9844e+00 -9.3722e-01 -2.8069e+00 -6.0326e-01 -1.8374e+00 +3.2772e-01 -4.1178e+00 +1.3039e+00
2324 0 +9.806156004e+00 -3.170384400e+01 -3.170384400e+01 +1.4473e+00 -2.1659e+00 -2.6859e+00 -6.3973e-01 -2.2470e+00 -3.2521e-01 -5.0168e-01 -1.2125e-01 -3.1312e+00 +2.6966e+00
2388 0 +6.216389585e+00 -3.529361042e+01 -3.529361042e+01 +2.3697e+00 -2.4698e+00 -1.5909e+00 -1.2907e+00 -2.9800e+00 -8.2063e-01 -2.0342e+00 +4.7344e-01 -1.7276e+00 +3.2421e+00
2406 0 +5.210702411e+00 -3.629929759e+01 -3.629929759e+01 +2.1892e+00 -9.2791e-01 -2.1577e+00 -1.1967e+00 -3.1511e+00 +5.0509e-01 -2.7965e+00 -6.6796e-01 -2.0214e+00 +2.5208e+00
2451 0 +4.478923906e+00 -3.703107609e+01 -3.703107609e+01 +2.2856e+00 -2.2152e+00 -1.8698e+00 -3.4258e-01 -3.7281e+00 -7.0671e-01 -2.1579e+00 +5.9721e-01 -2.8354e+00 +3.9151e+00
2487 0 +2.213469846e+00 -3.929653015e+01 -3.929653015e+01 +2.3498e+00 -1.5191e+00 -3.2774e+00 -9.8122e-01 -3.1840e+00 +1.9235e-01 -2.7373e+00 -6.3343e-01 -2.5969e+00 +3.9502e+00
% f evaluations | g evaluations | best noise-free fitness - Fopt (1.320700000000e+02) + sum g_i+ | measured fitness | best measured fitness or single-digit g-values | x1 | x2...
1 0 +1.307220624e+06 +1.307352694e+06 +1.307352694e+06 +5.9671e-01 -3.8264e-02 +7.4769e-01 +1.6230e+00 -1.3415e-01 -1.3414e-01 +1.6792e+00 +8.6743e-01 -3.6947e-01 +6.4256e-01
2 0 +6.417404060e+05 +6.418724760e+05 +6.418724760e+05 -3.6342e-01 -3.6573e-01 +3.4196e-01 -1.8133e+00 -1.6249e+00 -4.6229e-01 -9.1283e-01 +4.1425e-01 -8.0802e-01 -1.3123e+00
3 0 +1.364909878e+05 +1.366230578e+05 +1.366230578e+05 +1.5656e+00 -1.2578e-01 +1.6753e-01 -1.3247e+00 -4.4438e-01 +2.1092e-01 -1.0510e+00 +4.7570e-01 -5.0064e-01 -1.9169e-01
6 0 +3.707159746e+04 +3.720366746e+04 +3.720366746e+04 +4.2408e-01 -2.8508e-01 -5.7692e-01 +7.1168e-01 +1.1310e+00 +1.0313e+00 -7.3922e-01 -2.0921e-01 +4.3126e-01 +1.0755e+00
11 0 +5.701200035e+03 +5.833270035e+03 +5.833270035e+03 -1.3154e+00 -3.2065e-01 -2.4271e-01 -7.0228e-01 -6.1286e-02 +5.0405e-01 +1.9862e+00 +2.7458e-01 +3.5755e-01 +2.5554e-02
34 0 +1.701501380e+03 +1.833571380e+03 +1.833571380e+03 +8.7753e-02 -7.9725e-01 +1.7580e-01 -5.7716e-01 +1.0751e+00 -4.7057e-02 -7.2550e-01 -2.2139e-01 +5.1293e-01 -4.6372e-01
88 0 +4.503104223e+02 +5.823804223e+02 +5.823804223e+02 +2.8474e-01 +1.9117e+00 -5.2983e-01 -5.4429e-01 +1.3855e+00 +4.4264e-02 +2.4511e-01 -7.3718e-01 -3.7579e-01 +3.3950e-01
109 0 +3.171154576e+02 +4.491854576e+02 +4.491854576e+02 +4.8470e-01 +1.1449e+00 -3.9122e-02 +3.2071e-01 +1.6796e+00 -3.9874e-01 -3.3974e-01 +1.7222e+00 +1.2387e+00 -4.7651e-01
215 0 +1.989095532e+02 +3.309795532e+02 +3.309795532e+02 -4.1219e-01 -1.0343e-01 +6.1448e-01 +9.0085e-01 +1.6970e+00 -1.2493e+00 -7.6417e-01 -3.4598e-01 -1.7654e-01 -9.8935e-01
340 0 +6.423855743e+01 +1.963085574e+02 +1.963085574e+02 -6.9925e-01 +1.1189e+00 -3.2088e-01 +1.6250e-01 -8.0147e-02 +1.1574e+00 +3.8111e-01 +9.5061e-02 -8.1972e-01 +6.4842e-01
449 0 +4.765976496e+01 +1.797297650e+02 +1.797297650e+02 +3.2059e-01 +3.9065e-01 +1.8543e-01 -6.0020e-01 -6.8837e-01 +4.6188e-01 -4.8755e-01 +1.1256e-01 -1.1324e+00 +1.2733e+00
753 0 +3.761721454e+01 +1.696872145e+02 +1.696872145e+02 +1.5311e+00 +1.7509e+00 -2.4715e-01 +1.2338e+00 +6.2043e-01 -6.7133e-01 +6.3419e-01 -3.0832e-01 +9.1228e-01 -1.1639e+00
767 0 +3.561602913e+01 +1.676860291e+02 +1.676860291e+02 -1.2495e+00 +4.1245e-01 +8.6913e-01 -1.3388e+00 +7.6600e-01 -6.9640e-01 +1.5903e+00 -1.3715e+00 -3.3143e-01 -1.8712e-01
789 0 +3.076725833e+01 +1.628372583e+02 +1.628372583e+02 -1.2323e+00 +2.3144e-01 -5.8269e-02 +9.4850e-01 +1.6094e+00 +2.1116e-01 +2.4513e-02 -1.1616e-01 +1.7423e-01 -9.8114e-01
1464 0 +2.800768104e+01 +1.600776810e+02 +1.600776810e+02 -9.3239e-01 +1.7498e+00 +3.9836e+00 +2.2381e+00 -1.4452e+00 +1.4142e+00 -1.8511e+00 -6.6521e-01 +3.6531e-01 -3.4573e+00
1686 0 +2.480717465e+01 +1.568771747e+02 +1.568771747e+02 -3.0386e+00 +2.4273e+00 +2.5463e+00 +1.2216e+00 +2.3711e+00 -1.4819e+00 +1.2327e+00 -1.1871e+00 -5.2862e-01 -1.7023e+00
1821 0 +2.127349877e+01 +1.533434988e+02 +1.533434988e+02 -4.2157e+00 +2.2225e+00 +2.4875e+00 -2.1255e+00 +1.4343e+00 +1.5517e+00 +1.3948e+00 +1.4630e+00 +6.8194e-01 -9.9751e-01
1918 0 +1.792004866e+01 +1.499900487e+02 +1.499900487e+02 -3.7274e-01 +2.9464e+00 +1.5089e+00 +1.2725e+00 +1.1057e+00 +1.0017e+00 +9.7348e-02 -9.4660e-01 +1.5363e+00 -2.4027e+00
1968 0 +1.722701529e+01 +1.492970153e+02 +1.492970153e+02 -3.8322e+00 +1.9468e+00 +2.3904e+00 -1.8891e+00 +2.2545e+00 -9.8715e-02 +5.9878e-01 -3.0838e-01 -4.3368e-01 -2.7118e+00
1985 0 +9.159469174e+00 +1.412294692e+02 +1.412294692e+02 -1.4622e+00 +3.6755e+00 +3.4285e+00 -4.9772e-01 -1.0808e+00 +1.5874e+00 +6.2555e-01 +6.3312e-01 +5.6035e-01 -1.2303e+00
2044 0 +7.514190479e+00 +1.395841905e+02 +1.395841905e+02 -1.6780e+00 +2.9251e+00 +2.2936e+00 -3.8752e-01 -4.8157e-01 +1.5421e+00 +6.1589e-01 -1.1540e+00 +8.7592e-03 -2.6962e+00
2146 0 +7.490648452e+00 +1.395606485e+02 +1.395606485e+02 -2.7029e+00 +4.9181e+00 +3.7466e+00 -2.3481e-02 -3.9371e-01 +1.2831e+00 +1.1710e+00 -8.1736e-01 -8.2484e-01 -6.5247e-01
2185 0 +5.941117378e+00 +1.380111174e+02 +1.380111174e+02 -2.2611e+00 +3.6167e+00 +4.0806e+00 +2.3476e-01 +1.0775e+00 -6.6974e-01 +1.3116e+00 -8.2592e-01 +8.2308e-01 -2.5428e+00
2384 0 +4.981987963e+00 +1.370519880e+02 +1.370519880e+02 -3.5674e+00 +3.4147e+00 +3.4013e+00 -4.9864e-01 -7.3519e-01 +1.4581e+00 +1.4333e+00 +7.5671e-01 -5.1317e-01 -1.8895e+00
% f evaluations | g evaluations | best noise-free fitness - Fopt (9.725000000000e+01) + sum g_i+ | measured fitness | best measured fitness or single-digit g-values | x1 | x2...
1 0 +6.732509323e+05 +6.733481823e+05 +6.733481823e+05 +5.9671e-01 -3.8264e-02 +7.4769e-01 +1.6230e+00 -1.3415e-01 -1.3414e-01 +1.6792e+00 +8.6743e-01 -3.6947e-01 +6.4256e-01
3 0 +4.857483733e+05 +4.858456233e+05 +4.858456233e+05 +1.5656e+00 -1.2578e-01 +1.6753e-01 -1.3247e+00 -4.4438e-01 +2.1092e-01 -1.0510e+00 +4.7570e-01 -5.0064e-01 -1.9169e-01
4 0 +1.863674020e+05 +1.864646520e+05 +1.864646520e+05 -5.0171e-01 +1.9523e+00 +8.6503e-02 -9.5771e-01 +9.2254e-01 -1.1208e+00 +3.0886e-01 -1.8597e+00 -1.2282e+00 +2.9686e-01
10 0 +1.080543103e+05 +1.081515603e+05 +1.081515603e+05 +1.9708e-01 +1.0686e+00 -6.0205e-01 -2.2766e-01 -2.9211e-01 -1.3635e+00 +3.9612e-01 +3.6106e-01 +1.0511e-01 -1.3459e-01
11 0 +3.061842291e+04 +3.071567291e+04 +3.071567291e+04 -1.3154e+00 -3.2065e-01 -2.4271e-01 -7.0228e-01 -6.1286e-02 +5.0405e-01 +1.9862e+00 +2.7458e-01 +3.5755e-01 +2.5554e-02
47 0 +1.330748666e+04 +1.340473666e+04 +1.340473666e+04 +2.0647e+00 +1.3526e-01 -5.9973e-01 +3.1398e-01 -1.2328e-02 -1.2097e-01 +7.1417e-01 +8.5751e-01 -4.3050e-01 -4.7582e-01
55 0 +7.068601856e+03 +7.165851856e+03 +7.165851856e+03 -2.6649e-01 -7.9075e-02 -1.1598e-01 -5.1764e-01 +1.0587e+00 -2.8561e+00 +1.1737e+00 -6.7003e-01 +4.4833e-01 +1.1203e+00
60 0 +4.260558450e+03 +4.357808450e+03 +4.357808450e+03 +1.5207e+00 +8.3869e-01 -7.7838e-01 +5.7766e-01 +3.6628e-01 +1.4770e-02 -2.5184e-01 -1.7237e-01 +9.9974e-02 +6.7578e-01
65 0 +6.735632915e+01 +1.646063292e+02 +1.646063292e+02 +8.1862e-01 +6.4456e-01 +2.3469e-01 +1.8048e+00 -5.1845e-01 -4.3859e-01 -3.0182e-01 +1.9803e+00 +4.6468e-01 -2.1239e+00
335 0 +4.504234233e+01 +1.422923423e+02 +1.422923423e+02 +9.2495e-01 -1.4790e-01 +9.1095e-01 +1.3677e-01 +7.0597e-01 -5.5722e-01 +6.8966e-01 +3.6455e-01 +8.2784e-01 -1.4199e+00
1215 0 +3.769975247e+01 +1.349497525e+02 +1.349497525e+02 -1.8834e+00 +2.0482e+00 -2.8859e-01 +1.6729e+00 +7.0657e-01 -8.2603e-01 +4.6833e-02 -2.0059e-01 -1.1067e+00 +1.8489e+00
1351 0 +3.152829894e+01 +1.287782989e+02 +1.287782989e+02 +1.4661e+00 -5.0499e-01 -1.0083e+00 +1.1243e-01 +1.7473e+00 -9.1734e-01 +1.2541e+00 -1.7388e-01 -7.3233e-01 +2.8950e+00
1469 0 +2.899133007e+01 +1.262413301e+02 +1.262413301e+02 +2.3837e+00 -6.6957e-01 +8.7592e-02 -2.4935e+00 +2.6781e+00 -1.6582e+00 +1.3381e+00 -2.2860e+00 -3.4193e+00 +9.6583e-01
1548 0 +1.943853414e+01 +1.166885341e+02 +1.166885341e+02 +1.4579e+00 -1.0885e+00 -1.1202e+00 -1.5470e-01 +2.6527e+00 -7.3346e-01 +1.5709e+00 -1.8762e+00 -1.3692e+00 +9.2895e-01
1693 0 +1.873575103e+01 +1.159857510e+02 +1.159857510e+02 +2.1254e+00 -4.9285e-01 -4.2657e-01 -1.7280e+00 +3.5596e+00 +8.7569e-01 +6.6193e-01 -3.5966e+00 -1.5990e+00 +2.7014e+00
1697 0 +1.716827755e+01 +1.144182775e+02 +1.144182775e+02 +1.3871e+00 +1.1876e+00 +2.1843e-01 -5.7956e-01 +1.9628e+00 +9.0039e-01 +1.3920e+00 -2.4780e+00 -7.5822e-01 +3.9766e+00
1728 0 +1.235462452e+01 +1.096046245e+02 +1.096046245e+02 +1.8759e-01 +1.3047e+00 +2.3276e+00 -1.1438e+00 +2.7527e+00 -4.4012e-01 +8.9364e-01 -2.6424e+00 -1.7530e+00 +1.4122e+00
1749 0 +1.148306592e+01 +1.087330659e+02 +1.087330659e+02 +1.9576e+00 +1.4743e-01 +1.5628e+00 -1.1947e+00 +3.8730e+00 +1.0911e+00 +1.6023e+00 -3.0989e+00 -2.2154e+00 +2.7820e+00
1922 0 +7.077909502e+00 +1.043279095e+02 +1.043279095e+02 -8.4609e-02 -7.0846e-01 +5.1038e-01 -4.1969e-01 +4.3734e+00 +1.5244e+00 +1.1183e+00 -3.5961e+00 -1.7985e+00 +4.1118e-01
2312 0 +3.488914878e+00 +1.007389149e+02 +1.007389149e+02 +1.1244e-01 +2.0044e+00 +1.4091e+00 -9.2494e-02 +2.1876e+00 +1.8360e+00 +1.1757e+00 -3.5522e+00 -1.7948e+00 +8.9183e-01
% f evaluations | g evaluations | best noise-free fitness - Fopt (-2.033000000000e+01) + sum g_i+ | measured fitness | best measured fitness or single-digit g-values | x1 | x2...
1 0 +2.814711601e+07 +2.814709568e+07 +2.814709568e+07 +5.9671e-01 -3.8264e-02 +7.4769e-01 +1.6230e+00 -1.3415e-01 -1.3414e-01 +1.6792e+00 +8.6743e-01 -3.6947e-01 +6.4256e-01
3 0 +2.728984832e+07 +2.728982799e+07 +2.728982799e+07 +1.5656e+00 -1.2578e-01 +1.6753e-01 -1.3247e+00 -4.4438e-01 +2.1092e-01 -1.0510e+00 +4.7570e-01 -5.0064e-01 -1.9169e-01
6 0 +2.425356646e+07 +2.425354613e+07 +2.425354613e+07 +4.2408e-01 -2.8508e-01 -5.7692e-01 +7.1168e-01 +1.1310e+00 +1.0313e+00 -7.3922e-01 -2.0921e-01 +4.3126e-01 +1.0755e+00
18 0 +2.211353518e+07 +2.211351485e+07 +2.211351485e+07 -7.8951e-01 -7.1581e-01 +2.2898e-02 +4.4115e-01 +3.7669e-01 +9.2718e-01 +1.1300e-01 +1.5535e+00 -1.6466e-01 +2.8202e+00
23 0 +2.126225833e+07 +2.126223800e+07 +2.126223800e+07 +2.4147e+00 -1.7673e+00 +7.8626e-01 -1.5127e+00 -3.7193e-01 +1.1890e+00 +1.6428e-01 -9.7774e-01 -6.1530e-01 +7.7960e-01
52 0 +1.892931271e+07 +1.892929238e+07 +1.892929238e+07 +1.0093e+00 -4.7010e-01 +2.1631e-01 +1.6551e+00 -3.4683e-02 -6.6282e-01 -5.3174e-02 +1.1962e+00 -4.4347e-01 +1.3427e+00
68 0 +1.540807819e+07 +1.540805786e+07 +1.540805786e+07 -1.2936e-01 +7.9229e-01 +7.0880e-01 -1.7343e-01 +1.8995e+00 -1.7045e-01 -2.3764e+00 -3.7751e-01 -2.1200e+00 +3.0493e+00
74 0 +1.106361128e+07 +1.106359095e+07 +1.106359095e+07 +1.6871e+00 -1.1703e+00 -3.7529e-01 -7.2657e-03 +1.2003e+00 -4.7974e-01 -2.1414e+00 +8.0544e-01 +5.4223e-01 +3.1932e+00
104 0 +5.123370625e+06 +5.123350295e+06 +5.123350295e+06 +4.5175e+00 +1.3873e+00 -1.3282e+00 +1.9805e+00 +1.5222e+00 -1.2179e+00 -2.8869e-01 +9.0621e-01 -1.9093e-01 +3.4938e+00
107 0 +4.792669879e+06 +4.792649549e+06 +4.792649549e+06 +2.8002e+00 -1.6438e+00 +2.1157e-01 +9.0419e-01 +1.1829e-01 +1.5083e+00 -2.4114e+00 -9.7874e-02 +1.9724e+00 +3.7043e+00
115 0 +7.166956673e+05 +7.166753373e+05 +7.166753373e+05 +1.5201e+00 +1.8197e+00 +4.3089e+00 +2.0535e+00 -1.1596e+00 +2.4398e+00 -3.6868e+00 +1.6911e+00 -2.4670e+00 +2.7643e+00
155 0 +3.854451755e+05 +3.854248455e+05 +3.854248455e+05 +4.9403e+00 +6.0202e-01 +1.7666e+00 -8.0514e-02 +1.5993e+00 +1.8336e+00 -3.2151e+00 +9.7232e-01 +2.5402e-01 +3.8989e+00
157 0 +1.685494423e+05 +1.685291123e+05 +1.685291123e+05 +4.2244e+00 +1.3231e+00 +3.4094e+00 +3.6671e-01 +3.6435e+00 +3.8275e+00 -2.9897e-01 +1.2938e+00 -2.5356e+00 +3.7429e+00
161 0 +4.844868798e+03 +4.824538798e+03 +4.824538798e+03 +2.9872e+00 -2.2232e+00 -2.0993e-02 +1.4172e+00 +1.2148e+00 +1.0506e+00 -4.9683e+00 -1.6640e-02 -1.3957e+00 +3.0432e+00
242 0 +6.924582331e+02 +6.721282331e+02 +6.721282331e+02 +3.3481e+00 -3.9682e+00 -2.0514e+00 +1.3815e+00 -1.8040e+00 +3.7961e+00 +1.3841e+00 +5.7530e-01 -1.9322e+00 +4.9471e+00
333 0 +1.218420330e+02 +1.015120330e+02 +1.015120330e+02 +3.1451e+00 -1.8608e-01 -3.5655e-01 +5.5288e-01 -3.8943e+00 +6.3246e-01 -4.2033e+00 +2.8645e+00 -3.7222e+00 +2.7238e+00
370 0 +7.558463183e+01 +5.525463183e+01 +5.525463183e+01 +2.5661e+00 -2.3555e-01 -3.3388e+00 +1.3580e+00 -2.4940e+00 +4.0764e+00 -1.9218e+00 +3.5935e+00 -2.8608e+00 +3.0184e+00
939 0 +7.272087944e+01 +5.239087944e+01 +5.239087944e+01 +2.1937e+00 -3.3840e+00 -2.5914e+00 +1.1649e+00 +1.2867e+00 +2.9028e+00 -4.8075e+00 +3.7159e+00 -2.4734e-01 +1.6517e+00
1172 0 +5.723179925e+01 +3.690179925e+01 +3.690179925e+01 +2.0336e+00 +1.4524e+00 -2.1182e+00 +1.6004e+00 -2.0425e-02 +2.9610e+00 -3.9548e+00 +3.1246e+00 -2.0671e+00 +4.1173e+00
1219 0 +4.500197608e+01 +2.467197608e+01 +2.467197608e+01 +8.3137e-01 +2.3401e+00 +9.3449e-01 +3.7664e+00 -1.4862e+00 +3.3245e+00 -2.6611e+00 +3.8091e+00 -3.6913e+00 +3.0883e+00
1282 0 +4.134786096e+01 +2.101786096e+01 +2.101786096e+01 +3.3538e+00 +1.9673e+00 -1.1468e+00 +1.7511e+00 -1.6851e+00 +3.3128e+00 -2.4105e+00 +2.9580e+00 -3.3369e+00 +2.7213e+00
1529 0 +1.731444893e+01 -3.015551074e+00 -3.015551074e+00 +4.4711e+00 +1.6584e-01 -1.0080e-01 +1.9680e+00 +3.4548e+00 +2.5719e+00 -2.8120e+00 +6.7086e-01 -8.7383e-01 +2.8530e+00
2039 0 +1.425350543e+01 -6.076494573e+00 -6.076494573e+00 +3.1106e+00 +7.9549e-01 +1.7228e+00 +2.5444e+00 +2.0742e+00 +1.5545e+00 -3.3257e+00 +1.9193e+00 -1.3256e+00 +3.6550e+00
2057 0 +1.296126622e+01 -7.368733778e+00 -7.368733778e+00 +3.5716e+00 +4.3251e-01 +1.7945e+00 +4.1782e+00 +1.3163e+00 +2.3250e+00 -3.1728e+00 +2.5952e+00 +2.0366e-01 +1.9864e+00
2128 0 +9.694536807e+00 -1.063546319e+01 -1.063546319e+01 +3.3645e+00 +2.2699e+00 +3.1883e+00 +3.1573e+00 +3.6816e+00 +2.9088e+00 -2.6462e+00 +1.1704e+00 -1.3075e+00 +3.4929e+00
2134 0 +9.598370967e+00 -1.073162903e+01 -1.073162903e+01 +3.4474e+00 +2.4398e+00 +9.3127e-01 +3.2861e+00 +1.4152e+00 +4.5671e+00 -4.9895e+00 +2.8133e+00 +1.1478e+00 +1.9701e+00
2220 0 +9.279116409e+00 -1.105088359e+01 -1.105088359e+01 +2.6097e+00 +2.4900e+00 +2.8786e+00 +4.4719e+00 +2.4185e+00 +4.9326e+00 -2.7072e+00 +2.4010e+00 +5.3109e-01 +3.1751e+00
2375 0 +8.546247001e+00 -1.178375300e+01 -1.178375300e+01 +2.4380e+00 +1.0130e+00 +3.1637e+00 +3.7831e+00 +1.6732e+00 +3.1125e+00 -3.6238e+00 +2.0975e+00 -4.0970e-01 +2.7865e+00
% f evaluations | g evaluations | best noise-free fitness - Fopt (9.431000000000e+01) + sum g_i+ | measured fitness | best measured fitness or single-digit g-values | x1 | x2...
1 0 +1.950994288e+06 +1.951088598e+06 +1.951088598e+06 +5.9671e-01 -3.8264e-02 +7.4769e-01 +1.6230e+00 -1.3415e-01 -1.3414e-01 +1.6792e+00 +8.6743e-01 -3.6947e-01 +6.4256e-01
2 0 +8.980451868e+05 +8.981394968e+05 +8.981394968e+05 -3.6342e-01 -3.6573e-01 +3.4196e-01 -1.8133e+00 -1.6249e+00 -4.6229e-01 -9.1283e-01 +4.1425e-01 -8.0802e-01 -1.3123e+00
8 0 +2.762718679e+05 +2.763661779e+05 +2.763661779e+05 +4.6140e-01 +1.6380e+00 +6.4174e-02 +1.6646e+00 -2.5197e+00 +9.2190e-01 +1.8705e-01 -1.9901e-01 +1.9176e-01 -1.8876e+00
52 0 +1.228318238e+04 +1.237749238e+04 +1.237749238e+04 -5.6169e-01 +9.3711e-01 -1.6549e-01 -3.6530e-02 -1.5047e+00 -1.2092e+00 +8.3943e-01 -5.5109e-01 -1.2554e+00 -1.2842e+00
60 0 +2.710102501e+03 +2.804412501e+03 +2.804412501e+03 -2.0714e-01 +1.0911e+00 -7.6416e-01 +2.2696e-01 -8.8080e-01 +7.5061e-01 +2.2691e+00 +1.4571e-01 -6.0716e-01 -2.1055e-02
82 0 +1.583280619e+03 +1.677590619e+03 +1.677590619e+03 +3.0524e-01 +7.9606e-01 +6.7601e-01 +4.7746e-01 -2.3505e+00 +1.3147e+00 +1.7222e+00 +1.8973e+00 +3.1680e-01 +1.3135e-01
89 0 +2.233689952e+02 +3.176789952e+02 +3.176789952e+02 +9.3900e-01 +3.2517e+00 +4.9250e-01 -1.1788e+00 -1.1776e+00 +5.2273e-01 +4.5679e-01 -1.7348e+00 -5.0304e-01 -1.6884e+00
114 0 +1.016307625e+02 +1.959407625e+02 +1.959407625e+02 -1.1173e+00 +1.2968e+00 +9.8014e-01 -1.4960e+00 -1.3642e+00 -1.4437e+00 +2.0645e+00 -2.3528e+00 +1.4627e-01 +9.8279e-01
504 0 +8.878297135e+01 +1.830929713e+02 +1.830929713e+02 -2.6541e+00 -2.1145e-01 +2.2776e+00 -6.8520e-01 +4.5043e-01 -2.5901e-01 +3.6020e+00 +1.8481e-02 +1.3787e+00 +3.8165e-01
1170 0 +8.189671823e+01 +1.762067182e+02 +1.762067182e+02 -2.9739e+00 +6.0210e-01 +3.9055e+00 +2.9892e+00 -3.2083e+00 -1.5190e+00 -1.3200e-01 -1.9028e+00 +1.1174e+00 -2.5802e+00
1214 0 +6.312907504e+01 +1.574390750e+02 +1.574390750e+02 -2.8956e+00 -1.5342e-01 +3.9150e+00 +1.0917e+00 -2.7472e+00 -3.2877e+00 -1.6658e+00 -1.0007e-01 -2.1399e+00 -8.4841e-01
1372 0 +5.962774813e+01 +1.539377481e+02 +1.539377481e+02 -4.1493e+00 -1.9572e+00 +3.3008e+00 +1.1910e-01 -5.3422e-01 -2.4817e+00 +1.0692e-01 -2.0715e+00 -1.8904e+00 -1.2362e+00
1568 0 +5.896911658e+01 +1.532791166e+02 +1.532791166e+02 -3.3512e+00 -2.4923e-01 +3.9841e+00 +2.9058e-01 +3.2917e-02 -2.2481e+00 +1.5899e+00 +2.1078e+00 +5.7040e-01 -9.7322e-01
1648 0 +5.549378390e+01 +1.498037839e+02 +1.498037839e+02 -4.3850e+00 +2.7432e+00 +2.4523e+00 +5.7766e-01 -1.5140e+00 -2.7879e+00 -9.1578e-01 -1.3994e+00 -1.7194e+00 -1.1729e-01
1684 0 +3.770144973e+01 +1.320114497e+02 +1.320114497e+02 -2.7091e+00 +3.7833e+00 +2.4777e+00 +5.9669e-01 +5.5685e-01 -3.2826e+00 +5.1116e-01 +1.0856e+00 -2.4617e+00 +1.2936e+00
1699 0 +3.664870893e+01 +1.309587089e+02 +1.309587089e+02 -4.0892e+00 -1.1367e+00 +4.0892e+00 +1.0383e-01 +1.2952e+00 -1.8034e+00 +8.9791e-01 +1.1638e+00 -1.2769e+00 -1.5660e+00
1787 0 +3.297874327e+01 +1.272887433e+02 +1.272887433e+02 -3.9828e+00 +4.4616e+00 +3.0077e+00 +1.4395e+00 +2.4002e-01 -2.6300e+00 +3.5751e-01 +1.1715e+00 -1.4090e+00 +7.2658e-01
1801 0 +2.589557728e+01 +1.202055773e+02 +1.202055773e+02 -3.4166e+00 +2.7355e+00 +4.4592e+00 -3.3880e-01 +8.2431e-01 -3.1430e+00 -6.1250e-02 +1.4251e+00 -3.4973e-01 -1.8769e+00
1909 0 +2.368953383e+01 +1.179995338e+02 +1.179995338e+02 -4.4475e+00 +1.6272e+00 +3.3197e+00 +2.6543e+00 +5.8251e-01 -1.7563e+00 -4.6925e-01 -4.8850e-01 -2.0381e+00 -2.6232e+00
1966 0 +2.244952988e+01 +1.167595299e+02 +1.167595299e+02 -4.6412e+00 +1.7259e+00 +3.6078e+00 +1.0625e+00 +3.0654e+00 +8.4620e-02 +1.5159e+00 -4.1801e-01 -1.7435e+00 -1.0991e+00
2090 0 +2.241652772e+01 +1.167265277e+02 +1.167265277e+02 -3.6268e+00 +4.0571e+00 +1.7064e+00 -4.2775e-01 +4.2429e+00 -2.0080e+00 +2.8325e-01 +3.3147e+00 -3.6537e+00 -1.4727e+00
2110 0 +1.520266164e+01 +1.095126616e+02 +1.095126616e+02 -4.9695e+00 +7.4767e-01 +3.5898e+00 +3.2986e+00 +3.7235e+00 -3.6199e+00 +1.6611e+00 +2.3420e+00 -2.7381e+00 -1.6828e+00
2166 0 +1.383847874e+01 +1.081484787e+02 +1.081484787e+02 -3.6315e+00 +1.5284e+00 +2.1116e+00 +3.9324e+00 +2.4480e+00 -4.0097e+00 +5.3253e-01 -3.3523e-04 -3.5932e+00 -2.7309e+00
2218 0 +1.228737743e+01 +1.065973774e+02 +1.065973774e+02 -4.2817e+00 +2.8562e+00 +1.4575e+00 +1.0373e+00 +3.4793e+00 -3.0352e+00 +5.2370e-01 -9.8903e-02 -2.4812e+00 -3.5756e+00
2297 0 +1.165787504e+01 +1.059678750e+02 +1.059678750e+02 -3.5349e+00 +3.4400e+00 +4.1928e+00 +1.1782e+00 +3.2454e+00 -2.0382e+00 +6.6793e-01 +1.7684e+00 -1.9177e+00 -1.8165e+00
2315 0 +6.057857278e+00 +1.003678573e+02 +1.003678573e+02 -4.5275e+00 +2.6816e+00 +4.3009e+00 +1.9944e+00 +3.0802e+00 -1.6454e+00 -4.7521e-01 +1.5745e-01 -2.8284e+00 -3.2000e+00
2427 0 +2.917877757e+00 +9.722787776e+01 +9.722787776e+01 -4.8688e+00 +2.1200e+00 +4.1931e+00 +2.0786e+00 +3.6084e+00 -2.1841e+00 +4.1336e-01 +8.5804e-01 -2.7244e+00 -2.4677e+00
