% f evaluations | g evaluations | best noise-free fitness - Fopt (-6.211100000000e+02) + sum g_i+ | measured fitness | best measured fitness or single-digit g-values | x1 | x2...
1 0 +6.295856703e+07 +6.295794592e+07 +6.295794592e+07 +5.9671e-01 -3.8264e-02 +7.4769e-01 +1.6230e+00 -1.3415e-01
2 0 +2.089017495e+07 +2.088955384e+07 +2.088955384e+07 -1.3414e-01 +1.6792e+00 +8.6743e-01 -3.6947e-01 +6.4256e-01
7 0 +1.510354235e+07 +1.510292124e+07 +1.510292124e+07 -5.0171e-01 +1.9523e+00 +8.6503e-02 -9.5771e-01 +9.2254e-01
27 0 +7.506795995e+06 +7.506174885e+06 +7.506174885e+06 +7.5657e-01 +4.6302e+00 +3.2747e-01 -2.1044e+00 +7.7752e-01
45 0 +2.907006683e+06 +2.906385573e+06 +2.906385573e+06 +1.7495e-01 +3.8623e+00 -1.7273e+00 -3.2439e+00 -1.8645e-01
149 0 +1.265183883e+06 +1.264562773e+06 +1.264562773e+06 -1.4247e+00 +3.8361e+00 +4.7029e-01 -4.0673e+00 +8.6168e-01
184 0 +7.345037179e+05 +7.338826079e+05 +7.338826079e+05 -1.0128e+00 +4.3066e+00 -7.7492e-01 -3.1856e+00 -1.2933e-01
223 0 +5.826522126e+05 +5.820311026e+05 +5.820311026e+05 -1.1378e-01 +4.0157e+00 +1.7460e+00 -4.5420e+00 +4.6779e-01
229 0 +2.076456603e+05 +2.070245503e+05 +2.070245503e+05 -1.0564e+00 +4.2643e+00 +4.1527e-01 -3.5796e+00 -7.7883e-01
259 0 +2.018179488e+05 +2.011968388e+05 +2.011968388e+05 -5.5262e-01 +3.8428e+00 +1.2648e+00 -3.8268e+00 +3.0467e-01
262 0 +1.619180483e+05 +1.612969383e+05 +1.612969383e+05 -1.1714e+00 +3.8865e+00 +6.2339e-01 -3.6986e+00 +2.1158e-02
324 0 +1.483070587e+05 +1.476859487e+05 +1.476859487e+05 -1.0472e+00 +3.6691e+00 +1.0212e+00 -4.0054e+00 +2.8631e-01
328 0 +8.450737676e+04 +8.388626676e+04 +8.388626676e+04 -9.9501e-01 +3.6872e+00 +4.9582e-01 -3.7497e+00 -3.6880e-01
333 0 +6.086098976e+03 +5.464988976e+03 +5.464988976e+03 -9.8415e-01 +3.9943e+00 -8.3165e-02 -3.7032e+00 -6.5952e-01
459 0 +3.759764506e+03 +3.138654506e+03 +3.138654506e+03 -8.7030e-01 +3.9223e+00 +6.3700e-01 -3.9009e+00 -1.7005e-01
481 0 +2.865493590e+03 +2.244383590e+03 +2.244383590e+03 -8.2095e-01 +3.8490e+00 +1.2504e+00 -4.1471e+00 +1.0002e-01
611 0 +1.783766867e+03 +1.162656867e+03 +1.162656867e+03 -8.3183e-01 +3.8824e+00 +7.2605e-01 -3.9653e+00 -1.8687e-01
616 0 +1.444138100e+03 +8.230281002e+02 +8.230281002e+02 -8.1620e-01 +3.8415e+00 +1.0417e+00 -4.0907e+00 +2.3474e-02
636 0 +1.125976945e+03 +5.048669451e+02 +5.048669451e+02 -8.9131e-01 +3.9107e+00 +6.2497e-01 -3.9140e+00 -2.5543e-01
646 0 +5.219669109e+02 -9.914308910e+01 -9.914308910e+01 -8.0018e-01 +3.7253e+00 +1.6032e+00 -4.2689e+00 +2.8207e-01
686 0 +5.103623400e+02 -1.107476600e+02 -1.107476600e+02 -8.3398e-01 +3.8007e+00 +1.1385e+00 -4.0984e+00 +5.6879e-02
701 0 +3.861654063e+02 -2.349445937e+02 -2.349445937e+02 -8.4789e-01 +3.8145e+00 +1.1961e+00 -4.1451e+00 +8.8360e-02
758 0 +3.725973679e+02 -2.485126321e+02 -2.485126321e+02 -8.6308e-01 +3.8228e+00 +1.0418e+00 -4.0930e+00 +4.9859e-03
767 0 +3.284078048e+02 -2.927021952e+02 -2.927021952e+02 -8.5546e-01 +3.8213e+00 +1.0130e+00 -4.0728e+00 +1.0597e-03
775 0 +3.250957199e+02 -2.960142801e+02 -2.960142801e+02 -8.4014e-01 +3.7982e+00 +1.2351e+00 -4.1380e+00 +8.5363e-02
777 0 +2.088968444e+02 -4.122131556e+02 -4.122131556e+02 -8.4623e-01 +3.8295e+00 +1.1190e+00 -4.1014e+00 +3.7822e-02
784 0 +4.862405612e+01 -5.724859439e+02 -5.724859439e+02 -8.4581e-01 +3.8186e+00 +1.1083e+00 -4.1046e+00 +3.1343e-02
829 0 +3.906945942e+01 -5.820405406e+02 -5.820405406e+02 -8.3720e-01 +3.8195e+00 +1.1350e+00 -4.1122e+00 +5.3884e-02
835 0 +3.253306748e+01 -5.885769325e+02 -5.885769325e+02 -8.4103e-01 +3.8155e+00 +1.1215e+00 -4.1088e+00 +5.1014e-02
907 0 +1.595390761e+01 -6.051560924e+02 -6.051560924e+02 -8.3187e-01 +3.7973e+00 +1.2609e+00 -4.1555e+00 +1.1864e-01
937 0 +1.078162881e+01 -6.103283712e+02 -6.103283712e+02 -8.2540e-01 +3.7888e+00 +1.2852e+00 -4.1640e+00 +1.3009e-01
976 0 +8.233015315e+00 -6.128769847e+02 -6.128769847e+02 -8.3415e-01 +3.8057e+00 +1.1927e+00 -4.1310e+00 +8.2657e-02
1004 0 +7.058151281e+00 -6.140518487e+02 -6.140518487e+02 -8.3303e-01 +3.7998e+00 +1.2176e+00 -4.1402e+00 +9.4559e-02
1044 0 +3.464018179e+00 -6.176459818e+02 -6.176459818e+02 -8.4303e-01 +3.8204e+00 +1.1041e+00 -4.1047e+00 +3.6018e-02
1096 0 +2.313337366e+00 -6.187966626e+02 -6.187966626e+02 -8.3853e-01 +3.8110e+00 +1.1612e+00 -4.1217e+00 +6.5661e-02
1115 0 +2.097197818e+00 -6.190128022e+02 -6.190128022e+02 -8.3374e-01 +3.8021e+00 +1.2107e+00 -4.1397e+00 +9.1643e-02
1137 0 +1.733644328e+00 -6.193763557e+02 -6.193763557e+02 -8.3568e-01 +3.8063e+00 +1.1874e+00 -4.1309e+00 +7.9173e-02
1205 0 +1.662462284e+00 -6.194475377e+02 -6.194475377e+02 -8.3479e-01 +3.8049e+00 +1.1993e+00 -4.1354e+00 +8.5654e-02
1209 0 +1.594349771e+00 -6.195156502e+02 -6.195156502e+02 -8.3422e-01 +3.8033e+00 +1.2085e+00 -4.1385e+00 +9.0139e-02
1210 0 +1.593254089e+00 -6.195167459e+02 -6.195167459e+02 -8.3426e-01 +3.8038e+00 +1.2034e+00 -4.1366e+00 +8.7403e-02
1243 0 +1.555552201e+00 -6.195544478e+02 -6.195544478e+02 -8.3871e-01 +3.8118e+00 +1.1560e+00 -4.1206e+00 +6.3052e-02
% f evaluations | g evaluations | best noise-free fitness - Fopt (-2.548200000000e+02) + sum g_i+ | measured fitness | best measured fitness or single-digit g-values | x1 | x2...
1 0 +2.060599199e+08 +2.060596651e+08 +2.060596651e+08 +5.9671e-01 -3.8264e-02 +7.4769e-01 +1.6230e+00 -1.3415e-01
2 0 +1.513481424e+08 +1.513478876e+08 +1.513478876e+08 -1.3414e-01 +1.6792e+00 +8.6743e-01 -3.6947e-01 +6.4256e-01
3 0 +5.728677059e+07 +5.728651577e+07 +5.728651577e+07 -3.6342e-01 -3.6573e-01 +3.4196e-01 -1.8133e+00 -1.6249e+00
5 0 +5.675491743e+07 +5.675466261e+07 +5.675466261e+07 +1.5656e+00 -1.2578e-01 +1.6753e-01 -1.3247e+00 -4.4438e-01
9 0 +4.439723027e+07 +4.439697545e+07 +4.439697545e+07 +8.3847e-01 +2.7137e-01 -1.5648e-02 -2.0110e-01 -1.3785e+00
15 0 +2.433816084e+07 +2.433790602e+07 +2.433790602e+07 +4.6140e-01 +1.6380e+00 +6.4174e-02 +1.6646e+00 -2.5197e+00
27 0 +5.258411733e+06 +5.258156913e+06 +5.258156913e+06 +2.5947e+00 +1.7579e+00 -1.0133e+00 -1.0273e+00 -4.7941e+00
45 0 +1.569180098e+06 +1.568925278e+06 +1.568925278e+06 +2.5847e+00 +4.0895e+00 -4.4653e-01 +4.0092e-01 -3.5257e+00
83 0 +1.454015630e+06 +1.453760810e+06 +1.453760810e+06 +3.6347e+00 +4.3803e+00 +1.4093e-01 -3.9741e-01 -3.9662e+00
141 0 +1.148215250e+06 +1.147960430e+06 +1.147960430e+06 +2.2273e+00 +3.6410e+00 +3.8499e-01 +6.8258e-01 -3.5234e+00
160 0 +7.230985858e+05 +7.228437658e+05 +7.228437658e+05 +2.9706e+00 +4.0746e+00 -4.7851e-02 -9.4049e-01 -3.5817e+00
226 0 +1.804160746e+05 +1.801612546e+05 +1.801612546e+05 +2.7264e+00 +3.0828e+00 +3.5358e-01 -1.4696e-01 -3.4121e+00
233 0 +1.613094639e+05 +1.610546439e+05 +1.610546439e+05 +2.4377e+00 +2.9263e+00 +1.5984e-01 -1.8823e-01 -4.2405e+00
253 0 +5.866695412e+04 +5.841213412e+04 +5.841213412e+04 +2.9024e+00 +3.4121e+00 +2.9322e-02 -1.1542e-01 -3.8086e+00
304 0 +4.444513255e+04 +4.419031255e+04 +4.419031255e+04 +2.8233e+00 +3.3245e+00 +3.8915e-01 -2.2181e-01 -4.0362e+00
358 0 +1.871389205e+04 +1.845907205e+04 +1.845907205e+04 +2.4113e+00 +3.1202e+00 +5.1760e-01 +1.3204e-01 -4.4285e+00
365 0 +1.035977019e+04 +1.010495019e+04 +1.010495019e+04 +2.8475e+00 +3.2431e+00 +1.6248e-01 -1.1734e-01 -3.8512e+00
406 0 +7.417152254e+03 +7.162332254e+03 +7.162332254e+03 +2.4744e+00 +3.0447e+00 +4.2584e-01 +1.2211e-01 -4.4837e+00
510 0 +1.691615993e+03 +1.436795993e+03 +1.436795993e+03 +2.6211e+00 +3.1351e+00 +3.3231e-01 +6.0156e-02 -4.1854e+00
606 0 +1.606836986e+03 +1.352016986e+03 +1.352016986e+03 +2.7128e+00 +3.2282e+00 +3.2219e-01 -4.8301e-02 -4.0081e+00
607 0 +3.890693971e+02 +1.342493971e+02 +1.342493971e+02 +2.5371e+00 +3.1199e+00 +3.7869e-01 +9.7323e-02 -4.3173e+00
670 0 +3.624466823e+01 -2.185753318e+02 -2.185753318e+02 +2.7274e+00 +3.2251e+00 +2.8093e-01 -7.0605e-02 -4.0053e+00
800 0 +2.129642388e+01 -2.335235761e+02 -2.335235761e+02 +2.6887e+00 +3.2013e+00 +2.9892e-01 -4.1509e-02 -4.0643e+00
854 0 +1.974680018e+01 -2.350731998e+02 -2.350731998e+02 +2.7497e+00 +3.2351e+00 +2.7823e-01 -9.5266e-02 -3.9754e+00
870 0 +1.684771168e+01 -2.379722883e+02 -2.379722883e+02 +2.7223e+00 +3.2189e+00 +2.8826e-01 -6.9833e-02 -4.0146e+00
905 0 +7.571020040e+00 -2.472489800e+02 -2.472489800e+02 +2.7703e+00 +3.2475e+00 +2.6711e-01 -1.0913e-01 -3.9433e+00
909 0 +6.732840878e+00 -2.480871591e+02 -2.480871591e+02 +2.7599e+00 +3.2429e+00 +2.7371e-01 -1.0228e-01 -3.9585e+00
948 0 +4.419214599e+00 -2.504007854e+02 -2.504007854e+02 +2.8049e+00 +3.2667e+00 +2.5492e-01 -1.4039e-01 -3.8904e+00
1033 0 +4.389715392e+00 -2.504302846e+02 -2.504302846e+02 +2.8003e+00 +3.2636e+00 +2.5709e-01 -1.3572e-01 -3.8971e+00
1141 0 +4.097526866e+00 -2.507224731e+02 -2.507224731e+02 +2.8352e+00 +3.2822e+00 +2.4323e-01 -1.6641e-01 -3.8456e+00
1154 0 +4.088066939e+00 -2.507319331e+02 -2.507319331e+02 +2.8153e+00 +3.2709e+00 +2.5116e-01 -1.4823e-01 -3.8759e+00
1180 0 +3.933884566e+00 -2.508861154e+02 -2.508861154e+02 +2.8291e+00 +3.2787e+00 +2.4564e-01 -1.5987e-01 -3.8550e+00
1218 0 +3.867521964e+00 -2.509524780e+02 -2.509524780e+02 +2.8416e+00 +3.2853e+00 +2.4025e-01 -1.7148e-01 -3.8366e+00
1225 0 +3.846175305e+00 -2.509738247e+02 -2.509738247e+02 +2.8274e+00 +3.2778e+00 +2.4611e-01 -1.5859e-01 -3.8573e+00
1228 0 +3.702867173e+00 -2.511171328e+02 -2.511171328e+02 +2.8424e+00 +3.2857e+00 +2.3985e-01 -1.7175e-01 -3.8346e+00
% f evaluations | g evaluations | best noise-free fitness - Fopt (5.661000000000e+01) + sum g_i+ | measured fitness | best measured fitness or single-digit g-values | x1 | x2...
1 0 +1.147509330e+08 +1.147509896e+08 +1.147509896e+08 +5.9671e-01 -3.8264e-02 +7.4769e-01 +1.6230e+00 -1.3415e-01
3 0 +1.092767143e+08 +1.092767709e+08 +1.092767709e+08 -3.6342e-01 -3.6573e-01 +3.4196e-01 -1.8133e+00 -1.6249e+00
4 0 +6.243383747e+07 +6.243389408e+07 +6.243389408e+07 -4.6229e-01 -9.1283e-01 +4.1425e-01 -8.0802e-01 -1.3123e+00
10 0 +5.821027387e+07 +5.821033048e+07 +5.821033048e+07 -6.1984e-01 -3.6064e-01 +1.1571e+00 +4.4362e-01 -1.6630e+00
23 0 +5.347471038e+07 +5.347476699e+07 +5.347476699e+07 -1.8188e+00 +7.3486e-02 +1.6023e-01 +2.5632e+00 -9.2361e-02
33 0 +3.062320004e+07 +3.062325665e+07 +3.062325665e+07 -2.0506e+00 -2.0842e-01 -3.2381e-01 +1.5704e+00 -1.3553e+00
59 0 +1.998934148e+07 +1.998939809e+07 +1.998939809e+07 -6.3746e-01 -2.7442e+00 -1.5147e-01 +2.2756e+00 -1.9827e+00
68 0 +1.738049310e+07 +1.738054971e+07 +1.738054971e+07 -2.8804e+00 -7.7916e-01 -1.4678e+00 +3.6128e+00 -2.4428e+00
69 0 +1.284855123e+07 +1.284860784e+07 +1.284860784e+07 -3.3136e+00 -2.1657e+00 -3.3223e-01 +1.0918e+00 -2.2093e+00
78 0 +8.108736659e+06 +8.108793269e+06 +8.108793269e+06 -4.5762e+00 -9.8293e-01 -2.9746e+00 +3.0720e+00 -3.2792e+00
103 0 +1.644911457e+06 +1.644968067e+06 +1.644968067e+06 -4.0267e+00 -2.9682e+00 -2.8201e+00 +1.2185e+00 -2.0079e+00
136 0 +1.497258479e+06 +1.497315089e+06 +1.497315089e+06 -3.2208e+00 -3.6406e+00 -3.3016e+00 +1.2252e+00 -3.3087e+00
254 0 +4.522330666e+05 +4.522896766e+05 +4.522896766e+05 -3.3829e+00 -2.7300e+00 -3.5019e+00 +3.1100e-01 -2.8124e+00
296 0 +4.460253392e+05 +4.460819492e+05 +4.460819492e+05 -3.6032e+00 -2.6833e+00 -4.2252e+00 +1.4676e+00 -2.4504e+00
307 0 +2.308209002e+04 +2.313870002e+04 +2.313870002e+04 -3.7799e+00 -2.4418e+00 -3.7166e+00 +6.8263e-01 -2.8223e+00
507 0 +1.664307313e+04 +1.669968313e+04 +1.669968313e+04 -3.5178e+00 -2.5847e+00 -3.8817e+00 +8.7120e-01 -2.5920e+00
537 0 +7.658298622e+03 +7.714908622e+03 +7.714908622e+03 -3.1188e+00 -3.3587e+00 -3.9057e+00 +1.0436e+00 -2.2326e+00
638 0 +6.503973854e+03 +6.560583854e+03 +6.560583854e+03 -3.4447e+00 -3.0110e+00 -3.9057e+00 +1.0234e+00 -2.4117e+00
656 0 +1.216906225e+03 +1.273516225e+03 +1.273516225e+03 -3.3414e+00 -3.0832e+00 -3.8739e+00 +1.0356e+00 -2.4041e+00
723 0 +1.088667094e+03 +1.145277094e+03 +1.145277094e+03 -3.3030e+00 -3.1235e+00 -3.8775e+00 +9.9699e-01 -2.3515e+00
755 0 +3.813573631e+02 +4.379673631e+02 +4.379673631e+02 -3.1593e+00 -3.3406e+00 -3.8768e+00 +1.1250e+00 -2.2098e+00
825 0 +2.250232885e+02 +2.816332885e+02 +2.816332885e+02 -3.1290e+00 -3.3989e+00 -3.8829e+00 +1.1429e+00 -2.1646e+00
838 0 +1.925728095e+02 +2.491828095e+02 +2.491828095e+02 -3.1442e+00 -3.3691e+00 -3.8824e+00 +1.1285e+00 -2.2009e+00
860 0 +1.286681223e+02 +1.852781223e+02 +1.852781223e+02 -3.2619e+00 -3.1868e+00 -3.8966e+00 +1.0485e+00 -2.3043e+00
872 0 +5.347472674e+01 +1.100847267e+02 +1.100847267e+02 -3.2820e+00 -3.1531e+00 -3.8987e+00 +1.0441e+00 -2.3428e+00
968 0 +3.625713832e+01 +9.286713832e+01 +9.286713832e+01 -3.3034e+00 -3.1218e+00 -3.8935e+00 +1.0344e+00 -2.3574e+00
997 0 +1.870645265e+01 +7.531645265e+01 +7.531645265e+01 -3.3396e+00 -3.0668e+00 -3.8970e+00 +1.0044e+00 -2.3929e+00
1035 0 +1.351790113e+01 +7.012790113e+01 +7.012790113e+01 -3.2983e+00 -3.1273e+00 -3.8947e+00 +1.0328e+00 -2.3567e+00
1060 0 +2.820191965e+00 +5.943019197e+01 +5.943019197e+01 -3.3444e+00 -3.0568e+00 -3.8954e+00 +1.0043e+00 -2.4035e+00
1174 0 +2.219773397e+00 +5.882977340e+01 +5.882977340e+01 -3.3603e+00 -3.0312e+00 -3.8955e+00 +9.9400e-01 -2.4192e+00
1189 0 +1.567476396e+00 +5.817747640e+01 +5.817747640e+01 -3.3677e+00 -3.0223e+00 -3.8950e+00 +9.8960e-01 -2.4256e+00
% f evaluations | g evaluations | best noise-free fitness - Fopt (-1.810000000000e+01) + sum g_i+ | measured fitness | best measured fitness or single-digit g-values | x1 | x2...
1 0 +2.041784572e+07 +2.041782762e+07 +2.041782762e+07 +5.9671e-01 -3.8264e-02 +7.4769e-01 +1.6230e+00 -1.3415e-01
27 0 +8.325529051e+06 +8.325510951e+06 +8.325510951e+06 -1.9583e-01 +7.3969e-02 +2.4532e+00 +1.3389e+00 +2.4501e-02
57 0 +5.294135393e+06 +5.294117293e+06 +5.294117293e+06 +3.8148e-01 -5.3680e-01 +2.0639e+00 +2.6054e+00 +9.6090e-01
68 0 +4.920331641e+06 +4.920313541e+06 +4.920313541e+06 -1.7396e+00 +3.2159e-01 +2.4668e+00 +1.8205e+00 +5.2686e-01
84 0 +4.493239004e+06 +4.493220904e+06 +4.493220904e+06 -2.2329e+00 +1.9762e+00 +3.6074e+00 +2.4277e+00 +2.2374e-02
101 0 +3.827148443e+06 +3.827130343e+06 +3.827130343e+06 -1.5300e+00 +7.6109e-01 +2.9548e+00 +1.8469e+00 +3.4161e-01
103 0 +3.101877304e+05 +3.101696304e+05 +3.101696304e+05 -1.0115e+00 +1.1132e+00 +4.0151e+00 +2.1747e+00 +1.4821e+00
271 0 +2.648274191e+05 +2.648093191e+05 +2.648093191e+05 -8.3079e-01 +8.2549e-01 +3.9136e+00 +3.3271e+00 +1.7098e+00
272 0 +2.628904313e+05 +2.628723313e+05 +2.628723313e+05 -1.6188e+00 +7.7747e-01 +4.7217e+00 +1.8915e+00 +1.7805e+00
278 0 +9.294914764e+04 +9.293104764e+04 +9.293104764e+04 -1.6638e+00 +1.1498e+00 +4.3835e+00 +2.4155e+00 +1.4512e+00
345 0 +2.704803828e+04 +2.702993828e+04 +2.702993828e+04 -1.1485e+00 +1.0064e+00 +3.7354e+00 +2.9494e+00 +1.7834e+00
426 0 +2.444322505e+04 +2.442512505e+04 +2.442512505e+04 -1.5746e+00 +1.1074e+00 +4.6284e+00 +2.2593e+00 +1.6888e+00
470 0 +2.313966445e+04 +2.312156445e+04 +2.312156445e+04 -1.4645e+00 +9.8370e-01 +4.3584e+00 +2.4821e+00 +1.7477e+00
491 0 +1.218457762e+04 +1.216647762e+04 +1.216647762e+04 -1.2558e+00 +9.3115e-01 +4.2674e+00 +2.6154e+00 +1.7448e+00
495 0 +9.671691560e+03 +9.653591560e+03 +9.653591560e+03 -1.0389e+00 +8.0282e-01 +3.6353e+00 +3.0202e+00 +1.8723e+00
514 0 +3.823493162e+03 +3.805393162e+03 +3.805393162e+03 -9.0021e-01 +8.6014e-01 +3.5619e+00 +2.9716e+00 +1.8804e+00
596 0 +2.851429636e+03 +2.833329636e+03 +2.833329636e+03 -1.1429e+00 +9.9753e-01 +4.0022e+00 +2.6806e+00 +1.7585e+00
604 0 +1.146024261e+03 +1.127924261e+03 +1.127924261e+03 -1.2227e+00 +1.0041e+00 +4.0484e+00 +2.6591e+00 +1.7406e+00
626 0 +7.941456381e+02 +7.760456381e+02 +7.760456381e+02 -1.1706e+00 +9.8074e-01 +3.9596e+00 +2.7337e+00 +1.7623e+00
644 0 +6.582226848e+02 +6.401226848e+02 +6.401226848e+02 -1.2291e+00 +1.0133e+00 +4.1078e+00 +2.6220e+00 +1.7094e+00
668 0 +5.945414204e+02 +5.764414204e+02 +5.764414204e+02 -1.1404e+00 +9.4390e-01 +3.8834e+00 +2.7787e+00 +1.7695e+00
672 0 +3.687335849e+02 +3.506335849e+02 +3.506335849e+02 -9.7472e-01 +8.6200e-01 +3.5942e+00 +2.9981e+00 +1.8764e+00
687 0 +3.297767496e+02 +3.116767496e+02 +3.116767496e+02 -9.5644e-01 +8.8193e-01 +3.5703e+00 +2.9808e+00 +1.8758e+00
751 0 +2.625412142e+02 +2.444412142e+02 +2.444412142e+02 -1.0523e+00 +9.0856e-01 +3.7345e+00 +2.8649e+00 +1.8335e+00
755 0 +6.615067584e+01 +4.805067584e+01 +4.805067584e+01 -1.0053e+00 +8.8234e-01 +3.6554e+00 +2.9421e+00 +1.8547e+00
805 0 +3.801809263e+01 +1.991809263e+01 +1.991809263e+01 -1.0543e+00 +9.1162e-01 +3.7646e+00 +2.8600e+00 +1.8278e+00
863 0 +3.374555494e+01 +1.564555494e+01 +1.564555494e+01 -1.0216e+00 +8.9481e-01 +3.6865e+00 +2.9121e+00 +1.8444e+00
868 0 +2.667031051e+01 +8.570310515e+00 +8.570310515e+00 -1.0214e+00 +8.9457e-01 +3.6940e+00 +2.9055e+00 +1.8447e+00
872 0 +2.588371872e+01 +7.783718721e+00 +7.783718721e+00 -1.0992e+00 +9.2597e-01 +3.8503e+00 +2.8025e+00 +1.7953e+00
883 0 +1.773497376e+01 -3.650262445e-01 -3.650262445e-01 -9.8428e-01 +8.7693e-01 +3.6167e+00 +2.9673e+00 +1.8714e+00
912 0 +3.536002750e+00 -1.456399725e+01 -1.456399725e+01 -1.0129e+00 +8.8942e-01 +3.6731e+00 +2.9243e+00 +1.8543e+00
940 0 +1.851513811e+00 -1.624848619e+01 -1.624848619e+01 -9.8078e-01 +8.7613e-01 +3.6142e+00 +2.9645e+00 +1.8724e+00
983 0 +1.443459219e+00 -1.665654078e+01 -1.665654078e+01 -1.0068e+00 +8.8791e-01 +3.6646e+00 +2.9304e+00 +1.8566e+00
1027 0 +1.424901061e+00 -1.667509894e+01 -1.667509894e+01 -1.0498e+00 +9.0592e-01 +3.7488e+00 +2.8739e+00 +1.8298e+00
1158 0 +1.399809256e+00 -1.670019074e+01 -1.670019074e+01 -1.0212e+00 +8.9372e-01 +3.6916e+00 +2.9125e+00 +1.8483e+00
1159 0 +1.382056967e+00 -1.671794303e+01 -1.671794303e+01 -1.0222e+00 +8.9376e-01 +3.6943e+00 +2.9105e+00 +1.8474e+00
1189 0 +1.241818055e+00 -1.685818195e+01 -1.685818195e+01 -1.0101e+00 +8.8908e-01 +3.6704e+00 +2.9272e+00 +1.8547e+00
1196 0 +1.171530971e+00 -1.692846903e+01 -1.692846903e+01 -1.0101e+00 +8.8896e-01 +3.6705e+00 +2.9269e+00 +1.8545e+00
1240 0 +1.155025788e+00 -1.694497421e+01 -1.694497421e+01 -1.0100e+00 +8.8870e-01 +3.6703e+00 +2.9271e+00 +1.8547e+00
1242 0 +1.104072937e+00 -1.699592706e+01 -1.699592706e+01 -9.9683e-01 +8.8332e-01 +3.6449e+00 +2.9446e+00 +1.8630e+00
% f evaluations | g evaluations | best noise-free fitness - Fopt (3.777000000000e+01) + sum g_i+ | measured fitness | best measured fitness or single-digit g-values | x1 | x2...
1 0 +1.208049187e+07 +1.208052964e+07 +1.208052964e+07 +5.9671e-01 -3.8264e-02 +7.4769e-01 +1.6230e+00 -1.3415e-01
2 0 +3.076996096e+05 +3.077373796e+05 +3.077373796e+05 -1.3414e-01 +1.6792e+00 +8.6743e-01 -3.6947e-01 +6.4256e-01
151 0 +3.032707724e+05 +3.033085424e+05 +3.033085424e+05 -5.5967e-02 +2.0921e+00 +1.7506e+00 -2.9868e-01 +7.1413e-01
176 0 +1.711063456e+05 +1.711441156e+05 +1.711441156e+05 +4.6680e-01 +1.6195e+00 +1.7781e+00 -1.4765e+00 +2.0013e-01
205 0 +8.235414555e+04 +8.239191555e+04 +8.239191555e+04 +2.5681e-01 +1.6099e+00 +2.2435e+00 -1.8205e+00 +3.1706e-01
240 0 +5.917050717e+04 +5.920827717e+04 +5.920827717e+04 +2.0816e-01 +1.7490e+00 +1.6401e+00 -1.1351e+00 +5.6407e-01
245 0 +3.854514637e+04 +3.858291637e+04 +3.858291637e+04 +4.9423e-02 +1.7222e+00 +1.6444e+00 -1.0080e+00 +7.4426e-01
308 0 +1.540594868e+04 +1.544371868e+04 +1.544371868e+04 -1.6550e-01 +1.8750e+00 +1.6668e+00 -9.3800e-01 +5.7615e-01
337 0 +1.256463785e+04 +1.260240785e+04 +1.260240785e+04 +5.5155e-02 +1.7482e+00 +1.7778e+00 -1.0920e+00 +4.1850e-01
355 0 +9.398631141e+03 +9.436401141e+03 +9.436401141e+03 +1.1653e-01 +1.7204e+00 +1.9411e+00 -1.1760e+00 +3.7790e-01
383 0 +4.307060097e+03 +4.344830097e+03 +4.344830097e+03 -1.3341e-02 +1.7751e+00 +1.6491e+00 -9.0583e-01 +6.0485e-01
392 0 +3.804922492e+03 +3.842692492e+03 +3.842692492e+03 -4.8438e-02 +1.7803e+00 +1.7019e+00 -9.8794e-01 +5.3313e-01
425 0 +2.578323080e+02 +2.956023080e+02 +2.956023080e+02 +1.5150e-01 +1.7439e+00 +1.9507e+00 -1.2058e+00 +4.6291e-01
551 0 +1.074169077e+02 +1.451869077e+02 +1.451869077e+02 +1.9848e-01 +1.7388e+00 +2.0197e+00 -1.2949e+00 +4.1048e-01
656 0 +7.302135130e+01 +1.107913513e+02 +1.107913513e+02 +7.5756e-02 +1.7690e+00 +1.8425e+00 -1.1225e+00 +5.1604e-01
677 0 +5.428580997e+01 +9.205580997e+01 +9.205580997e+01 +1.0309e-01 +1.7586e+00 +1.8761e+00 -1.1477e+00 +4.9231e-01
740 0 +3.822451764e+01 +7.599451764e+01 +7.599451764e+01 +1.7001e-01 +1.7489e+00 +1.9673e+00 -1.2451e+00 +4.4581e-01
754 0 +3.624451590e+01 +7.401451590e+01 +7.401451590e+01 +1.0092e-01 +1.7588e+00 +1.8832e+00 -1.1534e+00 +4.9297e-01
760 0 +3.360435138e+01 +7.137435138e+01 +7.137435138e+01 +1.7124e-01 +1.7427e+00 +1.9647e+00 -1.2474e+00 +4.4293e-01
777 0 +3.214406054e+01 +6.991406054e+01 +6.991406054e+01 +1.4188e-01 +1.7510e+00 +1.9306e+00 -1.2022e+00 +4.6851e-01
792 0 +3.025838600e+01 +6.802838600e+01 +6.802838600e+01 +1.7076e-01 +1.7496e+00 +1.9694e+00 -1.2472e+00 +4.4016e-01
794 0 +2.748699112e+01 +6.525699112e+01 +6.525699112e+01 +1.7050e-01 +1.7425e+00 +1.9704e+00 -1.2499e+00 +4.4248e-01
802 0 +2.377402496e+01 +6.154402496e+01 +6.154402496e+01 +1.5510e-01 +1.7506e+00 +1.9445e+00 -1.2231e+00 +4.5708e-01
818 0 +1.879230102e+01 +5.656230102e+01 +5.656230102e+01 +1.4306e-01 +1.7545e+00 +1.9334e+00 -1.2036e+00 +4.6282e-01
826 0 +1.730410065e+01 +5.507410065e+01 +5.507410065e+01 +1.5641e-01 +1.7489e+00 +1.9475e+00 -1.2250e+00 +4.5547e-01
828 0 +1.293095185e+01 +5.070095185e+01 +5.070095185e+01 +1.3300e-01 +1.7557e+00 +1.9203e+00 -1.1940e+00 +4.7257e-01
849 0 +1.244406515e+01 +5.021406515e+01 +5.021406515e+01 +1.5726e-01 +1.7481e+00 +1.9517e+00 -1.2262e+00 +4.4893e-01
883 0 +8.945151000e+00 +4.671515100e+01 +4.671515100e+01 +1.3799e-01 +1.7531e+00 +1.9255e+00 -1.1993e+00 +4.6763e-01
895 0 +7.986972706e+00 +4.575697271e+01 +4.575697271e+01 +1.4832e-01 +1.7505e+00 +1.9411e+00 -1.2152e+00 +4.5718e-01
910 0 +7.956310947e+00 +4.572631095e+01 +4.572631095e+01 +1.5209e-01 +1.7510e+00 +1.9443e+00 -1.2195e+00 +4.5592e-01
946 0 +7.358783803e+00 +4.512878380e+01 +4.512878380e+01 +1.5484e-01 +1.7499e+00 +1.9485e+00 -1.2241e+00 +4.5312e-01
977 0 +7.270113345e+00 +4.504011334e+01 +4.504011334e+01 +1.4638e-01 +1.7518e+00 +1.9365e+00 -1.2125e+00 +4.5923e-01
979 0 +6.885578494e+00 +4.465557849e+01 +4.465557849e+01 +1.5416e-01 +1.7494e+00 +1.9474e+00 -1.2227e+00 +4.5335e-01
1011 0 +6.762406232e+00 +4.453240623e+01 +4.453240623e+01 +1.4050e-01 +1.7531e+00 +1.9294e+00 -1.2045e+00 +4.6400e-01
1037 0 +6.668904658e+00 +4.443890466e+01 +4.443890466e+01 +1.3825e-01 +1.7540e+00 +1.9261e+00 -1.2006e+00 +4.6596e-01
1039 0 +6.577472126e+00 +4.434747213e+01 +4.434747213e+01 +1.3545e-01 +1.7548e+00 +1.9230e+00 -1.1969e+00 +4.6805e-01
1105 0 +6.459257288e+00 +4.422925729e+01 +4.422925729e+01 +1.1283e-01 +1.7610e+00 +1.8936e+00 -1.1661e+00 +4.8570e-01
1157 0 +6.412133288e+00 +4.418213329e+01 +4.418213329e+01 +1.0695e-01 +1.7628e+00 +1.8853e+00 -1.1572e+00 +4.9074e-01
1184 0 +6.259247342e+00 +4.402924734e+01 +4.402924734e+01 +9.1897e-02 +1.7667e+00 +1.8659e+00 -1.1356e+00 +5.0289e-01
1198 0 +6.207852923e+00 +4.397785292e+01 +4.397785292e+01 +7.8643e-02 +1.7701e+00 +1.8495e+00 -1.1188e+00 +5.1202e-01
1216 0 +6.010065682e+00 +4.378006568e+01 +4.378006568e+01 +2.8873e-02 +1.7835e+00 +1.7847e+00 -1.0483e+00 +5.5223e-01
1223 0 +5.879785100e+00 +4.364978510e+01 +4.364978510e+01 +5.8861e-02 +1.7754e+00 +1.8230e+00 -1.0900e+00 +5.2857e-01
1236 0 +5.863926854e+00 +4.363392685e+01 +4.363392685e+01 +7.2841e-02 +1.7720e+00 +1.8413e+00 -1.1098e+00 +5.1725e-01
% f evaluations | g evaluations | best noise-free fitness - Fopt (-6.325500000000e+02) + sum g_i+ | measured fitness | best measured fitness or single-digit g-values | x1 | x2...
1 0 +3.449806724e+06 +3.449174174e+06 +3.449174174e+06 +5.9671e-01 -3.8264e-02 +7.4769e-01 +1.6230e+00 -1.3415e-01
14 0 +3.081933014e+06 +3.081300464e+06 +3.081300464e+06 +1.4562e+00 +2.7990e-02 +1.1035e+00 +4.6164e-01 -5.4512e-01
29 0 +3.041801295e+06 +3.041168745e+06 +3.041168745e+06 +1.9554e-01 +1.5990e+00 +1.7525e+00 +1.0346e+00 +1.9841e-01
31 0 +2.298112355e+06 +2.297479805e+06 +2.297479805e+06 -6.4170e-01 +7.0951e-01 +1.2882e+00 +8.0642e-01 -1.3719e+00
37 0 +1.642465410e+06 +1.641832860e+06 +1.641832860e+06 +2.4913e-01 +8.1184e-01 +1.2249e+00 +1.0365e+00 -1.7188e+00
57 0 +1.355400996e+06 +1.354768446e+06 +1.354768446e+06 +8.1609e-01 +1.1627e+00 +2.6937e+00 +1.1595e+00 +9.3986e-02
77 0 +1.229302425e+06 +1.228669875e+06 +1.228669875e+06 -5.1741e-01 +9.7774e-01 +1.6478e+00 +1.2412e+00 -1.0631e+00
107 0 +8.950737014e+04 +8.887482014e+04 +8.887482014e+04 +1.8029e-01 +2.0211e-01 +2.0753e+00 +1.9750e+00 -1.0982e+00
158 0 +4.185175861e+04 +4.121920861e+04 +4.121920861e+04 +8.5191e-01 +6.5451e-01 +2.4980e+00 +1.4476e+00 -1.0065e+00
210 0 +2.152358046e+04 +2.089103046e+04 +2.089103046e+04 +5.1285e-01 +5.3014e-01 +2.1589e+00 +1.4744e+00 -1.0172e+00
304 0 +8.897332672e+03 +8.264782672e+03 +8.264782672e+03 +4.8336e-01 +6.1480e-01 +2.1273e+00 +1.5780e+00 -1.1152e+00
372 0 +4.721834144e+03 +4.089284144e+03 +4.089284144e+03 +6.4098e-01 +7.2420e-01 +2.2716e+00 +1.4819e+00 -1.0452e+00
399 0 +2.774347348e+03 +2.141797348e+03 +2.141797348e+03 +5.7130e-01 +6.1736e-01 +2.2582e+00 +1.5704e+00 -1.0926e+00
401 0 +2.268321048e+03 +1.635771048e+03 +1.635771048e+03 +6.5218e-01 +6.3118e-01 +2.2327e+00 +1.4349e+00 -1.0664e+00
422 0 +6.158618845e+02 -1.668811550e+01 -1.668811550e+01 +6.3933e-01 +6.4718e-01 +2.2664e+00 +1.4759e+00 -1.0662e+00
433 0 +4.395454253e+02 -1.930045747e+02 -1.930045747e+02 +7.4223e-01 +7.0441e-01 +2.2840e+00 +1.4209e+00 -1.0522e+00
437 0 +4.104809936e+02 -2.220690064e+02 -2.220690064e+02 +5.3302e-01 +6.2672e-01 +2.2216e+00 +1.5101e+00 -1.1169e+00
467 0 +2.081285944e+02 -4.244214056e+02 -4.244214056e+02 +8.0802e-01 +7.4766e-01 +2.3276e+00 +1.3377e+00 -1.0318e+00
545 0 +1.830508215e+02 -4.494991785e+02 -4.494991785e+02 +5.9087e-01 +6.4571e-01 +2.2406e+00 +1.4888e+00 -1.0988e+00
587 0 +1.359105077e+02 -4.966394923e+02 -4.966394923e+02 +6.6354e-01 +6.7701e-01 +2.2628e+00 +1.4446e+00 -1.0814e+00
595 0 +6.813012004e+01 -5.644198800e+02 -5.644198800e+02 +6.4852e-01 +6.7238e-01 +2.2651e+00 +1.4590e+00 -1.0752e+00
630 0 +5.338019795e+01 -5.791698021e+02 -5.791698021e+02 +7.4666e-01 +7.1734e-01 +2.3024e+00 +1.3846e+00 -1.0612e+00
661 0 +2.137611584e+01 -6.111738842e+02 -6.111738842e+02 +7.2082e-01 +7.0554e-01 +2.2932e+00 +1.4088e+00 -1.0595e+00
688 0 +1.451608808e+01 -6.180339119e+02 -6.180339119e+02 +6.6422e-01 +6.7840e-01 +2.2763e+00 +1.4386e+00 -1.0710e+00
703 0 +1.372248418e+01 -6.188275158e+02 -6.188275158e+02 +8.2692e-01 +7.4821e-01 +2.3244e+00 +1.3453e+00 -1.0434e+00
723 0 +1.295047736e+01 -6.195995226e+02 -6.195995226e+02 +7.0973e-01 +6.9811e-01 +2.2897e+00 +1.4127e+00 -1.0663e+00
736 0 +9.458462835e+00 -6.230915372e+02 -6.230915372e+02 +7.8607e-01 +7.3432e-01 +2.3142e+00 +1.3653e+00 -1.0469e+00
829 0 +3.339176846e+00 -6.292108232e+02 -6.292108232e+02 +8.3745e-01 +7.5193e-01 +2.3312e+00 +1.3398e+00 -1.0400e+00
851 0 +7.964536969e-01 -6.317535463e+02 -6.317535463e+02 +7.8091e-01 +7.2955e-01 +2.3127e+00 +1.3694e+00 -1.0498e+00
932 0 +6.002738398e-01 -6.319497262e+02 -6.319497262e+02 +8.4827e-01 +7.5856e-01 +2.3348e+00 +1.3313e+00 -1.0372e+00
963 0 +4.640889080e-01 -6.320859111e+02 -6.320859111e+02 +8.5196e-01 +7.6012e-01 +2.3364e+00 +1.3298e+00 -1.0369e+00
989 0 +4.040053311e-01 -6.321459947e+02 -6.321459947e+02 +8.1038e-01 +7.4231e-01 +2.3223e+00 +1.3533e+00 -1.0436e+00
1000 0 +2.357738894e-01 -6.323142261e+02 -6.323142261e+02 +8.2123e-01 +7.4688e-01 +2.3259e+00 +1.3471e+00 -1.0422e+00
1007 0 +1.283129034e-01 -6.324216871e+02 -6.324216871e+02 +7.9961e-01 +7.3697e-01 +2.3186e+00 +1.3599e+00 -1.0460e+00
1057 0 +1.215460523e-01 -6.324284539e+02 -6.324284539e+02 +8.1378e-01 +7.4344e-01 +2.3236e+00 +1.3514e+00 -1.0433e+00
1072 0 +8.572155431e-02 -6.324642784e+02 -6.324642784e+02 +7.9034e-01 +7.3302e-01 +2.3154e+00 +1.3651e+00 -1.0479e+00
1219 0 +7.827204685e-02 -6.324717280e+02 -6.324717280e+02 +7.7793e-01 +7.2752e-01 +2.3112e+00 +1.3723e+00 -1.0502e+00
% f evaluations | g evaluations | best noise-free fitness - Fopt (-8.530000000000e+01) + sum g_i+ | measured fitness | best measured fitness or single-digit g-values | x1 | x2...
1 0 +9.502920757e+06 +9.502835457e+06 +9.502835457e+06 +5.9671e-01 -3.8264e-02 +7.4769e-01 +1.6230e+00 -1.3415e-01
4 0 +8.450441538e+06 +8.450356238e+06 +8.450356238e+06 -4.6229e-01 -9.1283e-01 +4.1425e-01 -8.0802e-01 -1.3123e+00
6 0 +6.277541779e+06 +6.277456479e+06 +6.277456479e+06 +2.1092e-01 -1.0510e+00 +4.7570e-01 -5.0064e-01 -1.9169e-01
17 0 +3.830826524e+06 +3.830741224e+06 +3.830741224e+06 -1.1967e-01 +4.5711e-01 +1.5779e+00 -4.1827e-01 -7.0849e-01
27 0 +8.150655608e+05 +8.149802608e+05 +8.149802608e+05 -1.5464e+00 -5.0703e-01 +1.7439e+00 -9.2915e-01 +3.6233e-01
114 0 +7.394428615e+05 +7.393575615e+05 +7.393575615e+05 -7.8945e-01 -8.9250e-01 +3.4388e+00 +8.4975e-01 -7.2179e-02
142 0 +3.332270095e+05 +3.331417095e+05 +3.331417095e+05 -9.2603e-01 -7.8456e-01 +2.3624e+00 -7.0321e-01 +7.1224e-01
169 0 +1.978051178e+05 +1.977198178e+05 +1.977198178e+05 -9.6363e-01 -4.9341e-01 +2.9634e+00 -2.7533e-01 +6.7672e-01
209 0 +1.636503371e+05 +1.635650371e+05 +1.635650371e+05 -1.3216e+00 +6.8883e-01 +2.1460e+00 -1.2506e+00 +7.2169e-01
213 0 +1.438879269e+05 +1.438026269e+05 +1.438026269e+05 -1.0454e-01 -7.4777e-01 +2.6956e+00 +6.2297e-02 +4.2053e-01
246 0 +8.677715507e+04 +8.669185507e+04 +8.669185507e+04 -2.9448e-01 -9.0312e-01 +2.7771e+00 +3.7329e-01 -1.4579e-02
306 0 +4.245478050e+03 +4.160178050e+03 +4.160178050e+03 -1.1210e+00 -6.6167e-02 +2.3543e+00 -8.3668e-01 +6.8840e-01
474 0 +3.115530687e+03 +3.030230687e+03 +3.030230687e+03 -9.0359e-01 -3.0001e-01 +2.5399e+00 -5.4590e-01 +5.2830e-01
490 0 +2.716061444e+03 +2.630761444e+03 +2.630761444e+03 -9.0484e-01 -2.6755e-01 +2.4906e+00 -4.6977e-01 +5.0087e-01
516 0 +1.732105038e+03 +1.646805038e+03 +1.646805038e+03 -1.0147e+00 -4.7881e-02 +2.4035e+00 -6.9650e-01 +6.3509e-01
547 0 +5.406656336e+02 +4.553656336e+02 +4.553656336e+02 -1.0357e+00 -5.3358e-02 +2.4232e+00 -7.2452e-01 +6.0712e-01
578 0 +3.576735320e+02 +2.723735320e+02 +2.723735320e+02 -9.8722e-01 -1.4198e-01 +2.4618e+00 -6.2275e-01 +5.9920e-01
613 0 +3.140098994e+02 +2.287098994e+02 +2.287098994e+02 -8.9979e-01 -2.6886e-01 +2.5301e+00 -4.9464e-01 +5.0077e-01
632 0 +2.323957422e+02 +1.470957422e+02 +1.470957422e+02 -9.3084e-01 -2.3397e-01 +2.5113e+00 -5.5365e-01 +5.3991e-01
672 0 +3.957760995e+01 -4.572239005e+01 -4.572239005e+01 -9.6953e-01 -1.6780e-01 +2.4862e+00 -6.0253e-01 +5.7308e-01
680 0 +2.695738837e+01 -5.834261163e+01 -5.834261163e+01 -9.9285e-01 -1.3630e-01 +2.4652e+00 -6.4226e-01 +5.8607e-01
744 0 +2.545137302e+01 -5.984862698e+01 -5.984862698e+01 -9.4019e-01 -2.1015e-01 +2.5060e+00 -5.6213e-01 +5.4701e-01
776 0 +1.534397674e+01 -6.995602326e+01 -6.995602326e+01 -8.9634e-01 -2.5034e-01 +2.5346e+00 -5.0361e-01 +5.1512e-01
837 0 +6.576155031e+00 -7.872384497e+01 -7.872384497e+01 -9.3804e-01 -2.0587e-01 +2.5061e+00 -5.6260e-01 +5.5109e-01
881 0 +5.795634043e+00 -7.950436596e+01 -7.950436596e+01 -9.3476e-01 -2.0707e-01 +2.5092e+00 -5.5846e-01 +5.4914e-01
893 0 +5.012356609e+00 -8.028764339e+01 -8.028764339e+01 -9.1720e-01 -2.3135e-01 +2.5201e+00 -5.3111e-01 +5.3206e-01
944 0 +9.739204928e-01 -8.432607951e+01 -8.432607951e+01 -9.1603e-01 -2.3275e-01 +2.5225e+00 -5.3010e-01 +5.3205e-01
977 0 +9.374528014e-01 -8.436254720e+01 -8.436254720e+01 -9.1584e-01 -2.3300e-01 +2.5245e+00 -5.2872e-01 +5.3118e-01
1009 0 +5.691682300e-01 -8.473083177e+01 -8.473083177e+01 -9.0526e-01 -2.4650e-01 +2.5315e+00 -5.1281e-01 +5.2291e-01
1038 0 +9.491204694e-02 -8.520508795e+01 -8.520508795e+01 -9.0270e-01 -2.4791e-01 +2.5323e+00 -5.1005e-01 +5.2224e-01
1103 0 +8.569128964e-02 -8.521430871e+01 -8.521430871e+01 -9.2658e-01 -2.1836e-01 +2.5154e+00 -5.4621e-01 +5.4003e-01
1155 0 +5.116877204e-02 -8.524883123e+01 -8.524883123e+01 -9.2692e-01 -2.1750e-01 +2.5148e+00 -5.4716e-01 +5.4038e-01
1241 0 +4.406349039e-02 -8.525593651e+01 -8.525593651e+01 -9.1948e-01 -2.2722e-01 +2.5205e+00 -5.3546e-01 +5.3444e-01
% f evaluations | g evaluations | best noise-free fitness - Fopt (1.719500000000e+02) + sum g_i+ | measured fitness | best measured fitness or single-digit g-values | x1 | x2...
1 0 +3.973932257e+07 +3.973949452e+07 +3.973949452e+07 +5.9671e-01 -3.8264e-02 +7.4769e-01 +1.6230e+00 -1.3415e-01
2 0 +1.602347691e+07 +1.602364886e+07 +1.602364886e+07 -1.3414e-01 +1.6792e+00 +8.6743e-01 -3.6947e-01 +6.4256e-01
7 0 +8.644081796e+06 +8.644253746e+06 +8.644253746e+06 -5.0171e-01 +1.9523e+00 +8.6503e-02 -9.5771e-01 +9.2254e-01
27 0 +1.391105444e+06 +1.391277394e+06 +1.391277394e+06 +5.4080e-01 +4.4582e+00 -1.1608e+00 -2.2444e+00 +5.5721e-01
165 0 +1.095956419e+06 +1.096128369e+06 +1.096128369e+06 +5.1179e-01 +3.7815e+00 -1.2789e+00 -2.9261e+00 +1.4012e-01
172 0 +9.679719895e+05 +9.681439395e+05 +9.681439395e+05 +1.3617e+00 +3.1574e+00 -2.6463e+00 -2.1011e+00 +8.2486e-01
179 0 +6.506116736e+05 +6.507836236e+05 +6.507836236e+05 +1.9000e+00 +2.9567e+00 -1.8543e+00 -2.8422e+00 +3.2360e-01
224 0 +4.000015155e+05 +4.001734655e+05 +4.001734655e+05 +1.6630e+00 +3.7109e+00 -1.6022e+00 -2.3452e+00 +9.5433e-01
262 0 +3.335447901e+05 +3.337167401e+05 +3.337167401e+05 +1.2315e+00 +3.7012e+00 -1.9190e+00 -2.7352e+00 +1.0175e+00
277 0 +1.634431293e+05 +1.636150793e+05 +1.636150793e+05 +1.7567e+00 +3.3484e+00 -2.2943e+00 -2.4203e+00 +4.5878e-01
285 0 +1.010229952e+05 +1.011949452e+05 +1.011949452e+05 +8.3957e-01 +3.8709e+00 -1.6685e+00 -2.4077e+00 +9.9809e-01
339 0 +7.946077735e+04 +7.963272735e+04 +7.963272735e+04 +9.5400e-01 +3.7937e+00 -1.7954e+00 -2.5943e+00 +9.2381e-01
351 0 +7.372051330e+04 +7.389246330e+04 +7.389246330e+04 +1.5343e+00 +3.7086e+00 -2.1485e+00 -2.5092e+00 +7.9095e-01
354 0 +5.166130197e+04 +5.183325197e+04 +5.183325197e+04 +1.1951e+00 +3.7438e+00 -1.9109e+00 -2.6805e+00 +7.7939e-01
408 0 +6.828885932e+03 +7.000835932e+03 +7.000835932e+03 +7.2467e-01 +3.8254e+00 -1.7631e+00 -2.4787e+00 +8.5914e-01
468 0 +5.648674080e+03 +5.820624080e+03 +5.820624080e+03 +2.9660e-01 +3.8652e+00 -1.7388e+00 -2.3380e+00 +9.4438e-01
533 0 +2.847220717e+03 +3.019170717e+03 +3.019170717e+03 +1.3035e+00 +3.6918e+00 -1.9226e+00 -2.5855e+00 +6.2272e-01
613 0 +8.269172363e+02 +9.988672363e+02 +9.988672363e+02 +9.3733e-01 +3.7245e+00 -1.8736e+00 -2.5158e+00 +7.5333e-01
655 0 +6.361473590e+02 +8.080973590e+02 +8.080973590e+02 +1.6032e+00 +3.6290e+00 -2.0620e+00 -2.6267e+00 +5.6374e-01
700 0 +1.616854146e+02 +3.336354146e+02 +3.336354146e+02 +1.7947e+00 +3.5949e+00 -2.0749e+00 -2.6485e+00 +5.1873e-01
718 0 +1.504038012e+02 +3.223538012e+02 +3.223538012e+02 +1.5910e+00 +3.6309e+00 -2.0372e+00 -2.6172e+00 +5.6542e-01
837 0 +2.660914027e+01 +1.985591403e+02 +1.985591403e+02 +1.9291e+00 +3.5722e+00 -2.1187e+00 -2.6618e+00 +4.7905e-01
901 0 +9.879259677e+00 +1.818292597e+02 +1.818292597e+02 +1.8302e+00 +3.5864e+00 -2.0934e+00 -2.6524e+00 +5.0088e-01
972 0 +6.352376960e+00 +1.783023770e+02 +1.783023770e+02 +1.7578e+00 +3.5981e+00 -2.0759e+00 -2.6449e+00 +5.2204e-01
996 0 +4.752894426e+00 +1.767028944e+02 +1.767028944e+02 +1.9249e+00 +3.5730e+00 -2.1158e+00 -2.6629e+00 +4.7546e-01
1046 0 +4.450788701e+00 +1.764007887e+02 +1.764007887e+02 +1.8912e+00 +3.5786e+00 -2.1079e+00 -2.6604e+00 +4.8479e-01
1134 0 +4.167673968e+00 +1.761176740e+02 +1.761176740e+02 +1.9051e+00 +3.5759e+00 -2.1114e+00 -2.6609e+00 +4.8141e-01
1164 0 +3.828184608e+00 +1.757781846e+02 +1.757781846e+02 +1.8913e+00 +3.5788e+00 -2.1079e+00 -2.6602e+00 +4.8525e-01
1215 0 +3.779879538e+00 +1.757298795e+02 +1.757298795e+02 +1.8887e+00 +3.5794e+00 -2.1074e+00 -2.6595e+00 +4.8637e-01
1227 0 +3.648908241e+00 +1.755989082e+02 +1.755989082e+02 +1.8760e+00 +3.5811e+00 -2.1046e+00 -2.6585e+00 +4.8983e-01
% f evaluations | g evaluations | best noise-free fitness - Fopt (6.816000000000e+01) + sum g_i+ | measured fitness | best measured fitness or single-digit g-values | x1 | x2...
1 0 +9.655779642e+07 +9.655786458e+07 +9.655786458e+07 +5.9671e-01 -3.8264e-02 +7.4769e-01 +1.6230e+00 -1.3415e-01
26 0 +1.524370254e+07 +1.524377070e+07 +1.524377070e+07 +1.7803e+00 +9.2432e-01 +9.1665e-01 +3.2904e+00 +9.8025e-01
56 0 +1.489234343e+07 +1.489241159e+07 +1.489241159e+07 +5.8549e-01 +1.2603e+00 +1.1811e+00 +2.4568e+00 +2.2973e+00
64 0 +6.064462964e+06 +6.064531124e+06 +6.064531124e+06 +4.2933e+00 +1.2937e+00 +4.0420e-01 +3.7136e+00 +1.7815e+00
110 0 +3.773685117e+06 +3.773753277e+06 +3.773753277e+06 +2.6638e+00 +4.5204e+00 +7.4391e-01 +3.1294e+00 +4.3468e+00
120 0 +2.916166292e+06 +2.916234452e+06 +2.916234452e+06 +1.1604e+00 +1.9713e+00 +1.8969e+00 +4.0935e+00 +3.3235e+00
147 0 +6.308170039e+05 +6.308851639e+05 +6.308851639e+05 +1.2105e+00 +2.5319e+00 +2.0089e+00 +2.7374e+00 +4.5475e+00
230 0 +5.903982043e+05 +5.904663643e+05 +5.904663643e+05 +3.0870e+00 +3.2783e+00 +1.8649e+00 +4.9082e+00 +2.6415e+00
258 0 +4.571298191e+05 +4.571979791e+05 +4.571979791e+05 +2.3575e+00 +3.4112e+00 +2.0938e+00 +4.1140e+00 +3.8972e+00
275 0 +1.872421816e+05 +1.873103416e+05 +1.873103416e+05 +2.5933e+00 +2.7133e+00 +1.8196e+00 +4.1509e+00 +3.1251e+00
317 0 +1.620730419e+05 +1.621412019e+05 +1.621412019e+05 +3.2880e+00 +3.2623e+00 +1.6125e+00 +3.9453e+00 +2.9875e+00
335 0 +1.456832707e+05 +1.457514307e+05 +1.457514307e+05 +2.6045e+00 +2.8924e+00 +1.5693e+00 +3.5006e+00 +3.2952e+00
341 0 +1.189648677e+05 +1.190330277e+05 +1.190330277e+05 +2.7666e+00 +2.8764e+00 +1.5068e+00 +3.7795e+00 +2.8619e+00
361 0 +1.131203607e+05 +1.131885207e+05 +1.131885207e+05 +2.2092e+00 +2.9434e+00 +1.5397e+00 +3.4884e+00 +4.1140e+00
370 0 +1.049200819e+05 +1.049882419e+05 +1.049882419e+05 +1.5177e+00 +3.2370e+00 +1.8170e+00 +3.4442e+00 +4.9190e+00
380 0 +6.636420881e+04 +6.643236881e+04 +6.643236881e+04 +2.0805e+00 +3.1630e+00 +1.7618e+00 +3.7676e+00 +4.0348e+00
396 0 +4.929209892e+04 +4.936025892e+04 +4.936025892e+04 +2.1317e+00 +3.1590e+00 +1.9385e+00 +3.7405e+00 +3.8487e+00
406 0 +4.056528524e+04 +4.063344524e+04 +4.063344524e+04 +3.2188e+00 +3.1764e+00 +1.5618e+00 +4.2900e+00 +2.5936e+00
431 0 +1.969307371e+04 +1.976123371e+04 +1.976123371e+04 +2.6438e+00 +3.0305e+00 +1.6181e+00 +3.7917e+00 +3.2235e+00
509 0 +1.564976695e+04 +1.571792695e+04 +1.571792695e+04 +2.8100e+00 +3.2072e+00 +1.7048e+00 +3.9993e+00 +3.0262e+00
516 0 +1.306544922e+04 +1.313360922e+04 +1.313360922e+04 +3.1720e+00 +3.0633e+00 +1.6986e+00 +4.1290e+00 +2.6564e+00
536 0 +4.769318863e+03 +4.837478863e+03 +4.837478863e+03 +2.8719e+00 +3.0751e+00 +1.7846e+00 +4.0329e+00 +2.7641e+00
564 0 +2.660215214e+03 +2.728375214e+03 +2.728375214e+03 +3.1255e+00 +3.0873e+00 +1.7049e+00 +4.1254e+00 +2.5837e+00
578 0 +1.869925385e+03 +1.938085385e+03 +1.938085385e+03 +2.9989e+00 +3.0857e+00 +1.7006e+00 +4.0869e+00 +2.7610e+00
579 0 +8.196969843e+02 +8.878569843e+02 +8.878569843e+02 +2.7235e+00 +3.1008e+00 +1.7816e+00 +3.8683e+00 +3.1319e+00
708 0 +8.077546745e+02 +8.759146745e+02 +8.759146745e+02 +3.0147e+00 +3.0685e+00 +1.7077e+00 +4.1497e+00 +2.6342e+00
710 0 +4.861357417e+02 +5.542957417e+02 +5.542957417e+02 +3.2892e+00 +3.0806e+00 +1.6581e+00 +4.2983e+00 +2.2903e+00
727 0 +1.317510851e+02 +1.999110851e+02 +1.999110851e+02 +3.1120e+00 +3.0858e+00 +1.6866e+00 +4.1869e+00 +2.5054e+00
848 0 +6.470116643e+01 +1.328611664e+02 +1.328611664e+02 +3.4281e+00 +3.0491e+00 +1.6470e+00 +4.3829e+00 +2.0837e+00
861 0 +3.901436125e+01 +1.071743613e+02 +1.071743613e+02 +3.3211e+00 +3.0588e+00 +1.6647e+00 +4.3258e+00 +2.2317e+00
921 0 +2.679749658e+01 +9.495749658e+01 +9.495749658e+01 +3.1961e+00 +3.0745e+00 +1.6799e+00 +4.2409e+00 +2.4001e+00
937 0 +2.521793339e+01 +9.337793339e+01 +9.337793339e+01 +3.2724e+00 +3.0683e+00 +1.6769e+00 +4.2912e+00 +2.2853e+00
943 0 +1.723561202e+01 +8.539561202e+01 +8.539561202e+01 +3.2920e+00 +3.0611e+00 +1.6690e+00 +4.3041e+00 +2.2664e+00
972 0 +7.177579825e+00 +7.533757983e+01 +7.533757983e+01 +3.2113e+00 +3.0734e+00 +1.6818e+00 +4.2556e+00 +2.3744e+00
988 0 +6.969989125e+00 +7.512998912e+01 +7.512998912e+01 +3.2151e+00 +3.0733e+00 +1.6806e+00 +4.2560e+00 +2.3717e+00
996 0 +3.253329628e+00 +7.141332963e+01 +7.141332963e+01 +3.2504e+00 +3.0692e+00 +1.6779e+00 +4.2800e+00 +2.3188e+00
1119 0 +3.044629120e+00 +7.120462912e+01 +7.120462912e+01 +3.2476e+00 +3.0681e+00 +1.6781e+00 +4.2755e+00 +2.3251e+00
1131 0 +1.689323834e+00 +6.984932383e+01 +6.984932383e+01 +3.2258e+00 +3.0718e+00 +1.6807e+00 +4.2618e+00 +2.3555e+00
1178 0 +1.425425914e+00 +6.958542591e+01 +6.958542591e+01 +3.2473e+00 +3.0688e+00 +1.6783e+00 +4.2761e+00 +2.3249e+00
1200 0 +1.231979438e+00 +6.939197944e+01 +6.939197944e+01 +3.2153e+00 +3.0730e+00 +1.6827e+00 +4.2553e+00 +2.3689e+00
% f evaluations | g evaluations | best noise-free fitness - Fopt (1.000000000000e+03) + sum g_i+ | measured fitness | best measured fitness or single-digit g-values | x1 | x2...
1 0 +5.008850837e+07 +5.008950837e+07 +5.008950837e+07 +5.9671e-01 -3.8264e-02 +7.4769e-01 +1.6230e+00 -1.3415e-01
2 0 +2.052663712e+07 +2.052763712e+07 +2.052763712e+07 -1.3414e-01 +1.6792e+00 +8.6743e-01 -3.6947e-01 +6.4256e-01
17 0 +2.035028425e+07 +2.035128425e+07 +2.035128425e+07 -1.1967e-01 +4.5711e-01 +1.5779e+00 -4.1827e-01 -7.0849e-01
28 0 +1.037580048e+07 +1.037680048e+07 +1.037680048e+07 -3.7393e-01 +2.0329e+00 +1.2546e+00 -8.7359e-01 -1.0626e+00
52 0 +2.397374767e+06 +2.398374767e+06 +2.398374767e+06 -8.2499e-01 +2.5509e+00 +1.5389e+00 +6.2894e-01 -4.1301e+00
109 0 +1.477850957e+06 +1.478850957e+06 +1.478850957e+06 -1.2952e+00 +4.6201e+00 +2.5434e+00 +2.1593e-01 -3.1427e+00
148 0 +6.216823780e+05 +6.226823780e+05 +6.226823780e+05 -2.9962e+00 +2.3392e+00 +2.7840e+00 +3.9903e-01 -1.5434e+00
189 0 +1.624461104e+05 +1.634461104e+05 +1.634461104e+05 -4.0650e+00 +2.2097e+00 +3.1855e+00 -4.3826e-01 -5.7334e-01
276 0 +8.644981099e+04 +8.744981099e+04 +8.744981099e+04 -1.5624e+00 +3.3857e+00 +2.3949e+00 -9.5240e-02 -3.8869e+00
304 0 +7.121781389e+04 +7.221781389e+04 +7.221781389e+04 -1.3543e+00 +3.4246e+00 +2.2707e+00 -6.0436e-02 -4.0045e+00
323 0 +5.692785936e+04 +5.792785936e+04 +5.792785936e+04 -1.5090e+00 +3.6197e+00 +2.0435e+00 +4.8450e-04 -3.6249e+00
401 0 +4.488932756e+04 +4.588932756e+04 +4.588932756e+04 -1.5412e+00 +3.3862e+00 +2.3848e+00 -5.0606e-02 -3.6951e+00
403 0 +1.635438664e+04 +1.735438664e+04 +1.735438664e+04 -2.3985e+00 +3.1936e+00 +2.2932e+00 -3.8810e-02 -2.8729e+00
484 0 +1.461806522e+04 +1.561806522e+04 +1.561806522e+04 -1.8810e+00 +3.4733e+00 +2.3536e+00 +8.5612e-02 -3.4131e+00
503 0 +1.125518160e+04 +1.225518160e+04 +1.225518160e+04 -1.8765e+00 +3.3936e+00 +2.2574e+00 +2.3175e-02 -3.2340e+00
528 0 +5.456404858e+03 +6.456404858e+03 +6.456404858e+03 -1.8130e+00 +3.4453e+00 +2.2824e+00 +4.4932e-02 -3.3456e+00
549 0 +2.505937494e+03 +3.505937494e+03 +3.505937494e+03 -1.5659e+00 +3.6100e+00 +2.2596e+00 +4.2427e-02 -3.7310e+00
560 0 +1.541622026e+03 +2.541622026e+03 +2.541622026e+03 -1.8771e+00 +3.3293e+00 +2.3211e+00 +2.4911e-02 -3.3291e+00
581 0 +1.149133002e+03 +2.149133002e+03 +2.149133002e+03 -1.8047e+00 +3.3770e+00 +2.3039e+00 +3.3172e-02 -3.4027e+00
586 0 +2.109395924e+02 +1.210939592e+03 +1.210939592e+03 -1.8854e+00 +3.3816e+00 +2.2993e+00 +2.0215e-02 -3.3582e+00
727 0 +1.883092187e+02 +1.188309219e+03 +1.188309219e+03 -1.4436e+00 +3.6551e+00 +2.2672e+00 +3.2795e-02 -3.7683e+00
760 0 +6.019793807e+01 +1.060197938e+03 +1.060197938e+03 -1.4142e+00 +3.6617e+00 +2.2585e+00 +2.0413e-02 -3.8147e+00
776 0 +4.481325884e+01 +1.044813259e+03 +1.044813259e+03 -1.5072e+00 +3.6145e+00 +2.2727e+00 +2.1242e-02 -3.7146e+00
814 0 +1.642423857e+01 +1.016424239e+03 +1.016424239e+03 -1.4903e+00 +3.6166e+00 +2.2740e+00 +1.9752e-02 -3.7218e+00
920 0 +5.830620286e+00 +1.005830620e+03 +1.005830620e+03 -1.5924e+00 +3.5534e+00 +2.2788e+00 +2.3212e-02 -3.6292e+00
965 0 +1.453760499e+00 +1.001453760e+03 +1.001453760e+03 -1.5333e+00 +3.5911e+00 +2.2775e+00 +2.2971e-02 -3.6851e+00
978 0 +1.411767257e+00 +1.001411767e+03 +1.001411767e+03 -1.5574e+00 +3.5736e+00 +2.2762e+00 +2.2674e-02 -3.6632e+00
1009 0 +1.153842996e+00 +1.001153843e+03 +1.001153843e+03 -1.5711e+00 +3.5658e+00 +2.2773e+00 +2.2408e-02 -3.6495e+00
1084 0 +1.742625822e-01 +1.000174263e+03 +1.000174263e+03 -1.5045e+00 +3.6092e+00 +2.2757e+00 +2.1937e-02 -3.7124e+00
1222 0 +8.684823346e-02 +1.000086848e+03 +1.000086848e+03 -1.5592e+00 +3.5728e+00 +2.2777e+00 +2.2741e-02 -3.6606e+00
