% f evaluations | g evaluations | best noise-free fitness - Fopt (3.590000000000e+01) + sum g_i+ | measured fitness | best measured fitness or single-digit g-values | x1 | x2...
1 0 +1.573471996e+05 +1.573830996e+05 +1.573830996e+05 +5.9671e-01 -3.8264e-02
2 0 +9.222697216e+04 +9.226287216e+04 +9.226287216e+04 +7.4769e-01 +1.6230e+00
4 0 +3.576958594e+04 +3.580548594e+04 +3.580548594e+04 +1.6792e+00 +8.6743e-01
11 0 +5.469707994e+03 +5.505607994e+03 +5.505607994e+03 +3.9354e+00 +3.4108e+00
17 0 +1.837143961e+02 +2.196143961e+02 +2.196143961e+02 +3.2982e+00 +1.7195e+00
22 0 +4.230524925e+01 +7.820524925e+01 +7.820524925e+01 +4.9143e+00 +2.5790e+00
25 0 +4.010765485e+01 +7.600765485e+01 +7.600765485e+01 +4.7664e+00 +2.6504e+00
27 0 +8.216219908e+00 +4.411621991e+01 +4.411621991e+01 +3.8395e+00 +1.2400e+00
48 0 +1.953220952e+00 +3.785322095e+01 +3.785322095e+01 +3.3687e+00 +6.9008e-01
64 0 +1.415384898e+00 +3.731538490e+01 +3.731538490e+01 +3.3029e+00 +6.9746e-01
74 0 +1.376448000e+00 +3.727644800e+01 +3.727644800e+01 +3.3168e+00 +3.1901e-01
81 0 +1.350500281e+00 +3.725050028e+01 +3.725050028e+01 +3.2728e+00 +1.9741e-01
121 0 +1.247847496e+00 +3.714784750e+01 +3.714784750e+01 +3.2334e+00 +2.1531e-01
173 0 +1.244890016e+00 +3.714489002e+01 +3.714489002e+01 +3.2116e+00 +1.6632e-01
182 0 +1.235325647e+00 +3.713532565e+01 +3.713532565e+01 +3.1856e+00 +1.3443e-01
191 0 +1.196594611e+00 +3.709659461e+01 +3.709659461e+01 +3.1986e+00 +1.7196e-01
192 0 +1.061240474e+00 +3.696124047e+01 +3.696124047e+01 +3.1550e+00 +1.7555e-01
197 0 +1.005662222e+00 +3.690566222e+01 +3.690566222e+01 +3.1983e+00 +2.7117e-01
201 0 +9.810470537e-01 +3.688104705e+01 +3.688104705e+01 +3.2015e+00 +2.9682e-01
211 0 +8.559668187e-01 +3.675596682e+01 +3.675596682e+01 +3.1414e+00 +2.4688e-01
226 0 +8.373035123e-01 +3.673730351e+01 +3.673730351e+01 +3.1827e+00 +3.4568e-01
231 0 +8.172446235e-01 +3.671724462e+01 +3.671724462e+01 +3.1653e+00 +3.1320e-01
241 0 +7.596870869e-01 +3.665968709e+01 +3.665968709e+01 +3.1468e+00 +3.3852e-01
251 0 +7.453822390e-01 +3.664538224e+01 +3.664538224e+01 +3.1287e+00 +3.3218e-01
262 0 +7.409056543e-01 +3.664090565e+01 +3.664090565e+01 +3.1256e+00 +3.3899e-01
271 0 +7.303066077e-01 +3.663030661e+01 +3.663030661e+01 +3.0973e+00 +3.4279e-01
274 0 +7.132318051e-01 +3.661323181e+01 +3.661323181e+01 +3.1034e+00 +4.0836e-01
283 0 +6.753456731e-01 +3.657534567e+01 +3.657534567e+01 +3.0644e+00 +4.0284e-01
291 0 +4.397568957e-01 +3.633975690e+01 +3.633975690e+01 +3.0605e+00 +5.8931e-01
351 0 +4.254957392e-01 +3.632549574e+01 +3.632549574e+01 +3.0634e+00 +6.4807e-01
355 0 +2.841664623e-01 +3.618416646e+01 +3.618416646e+01 +2.9833e+00 +9.7248e-01
357 0 +9.937926223e-02 +3.599937926e+01 +3.599937926e+01 +2.8751e+00 +1.1167e+00
362 0 +4.408813278e-02 +3.594408813e+01 +3.594408813e+01 +2.8571e+00 +1.0565e+00
372 0 +1.870488876e-02 +3.591870489e+01 +3.591870489e+01 +2.8055e+00 +1.0511e+00
401 0 +1.835641708e-02 +3.591835642e+01 +3.591835642e+01 +2.8297e+00 +1.0415e+00
411 0 +1.494123860e-02 +3.591494124e+01 +3.591494124e+01 +2.8197e+00 +1.0291e+00
413 0 +8.986596547e-03 +3.590898660e+01 +3.590898660e+01 +2.8089e+00 +1.0451e+00
425 0 +6.033380310e-03 +3.590603338e+01 +3.590603338e+01 +2.8080e+00 +1.0779e+00
442 0 +4.667526933e-03 +3.590466753e+01 +3.590466753e+01 +2.8041e+00 +1.0884e+00
451 0 +4.653812282e-03 +3.590465381e+01 +3.590465381e+01 +2.8033e+00 +1.0729e+00
455 0 +2.523176316e-03 +3.590252318e+01 +3.590252318e+01 +2.7956e+00 +1.1075e+00
465 0 +9.123765888e-04 +3.590091238e+01 +3.590091238e+01 +2.7900e+00 +1.1068e+00
491 0 +9.080017728e-04 +3.590090800e+01 +3.590090800e+01 +2.7878e+00 +1.1152e+00
492 0 +2.619605873e-05 +3.590002620e+01 +3.590002620e+01 +2.7828e+00 +1.1119e+00
% f evaluations | g evaluations | best noise-free fitness - Fopt (3.137000000000e+01) + sum g_i+ | measured fitness | best measured fitness or single-digit g-values | x1 | x2...
1 0 +1.020947192e+04 +1.024084192e+04 +1.024084192e+04 +5.9671e-01 -3.8264e-02
2 0 +7.363259375e+00 +3.873325937e+01 +3.873325937e+01 +7.4769e-01 +1.6230e+00
11 0 +4.982972843e+00 +3.635297284e+01 +3.635297284e+01 +5.1498e-01 +1.7205e+00
18 0 +3.612912198e+00 +3.498291220e+01 +3.498291220e+01 +2.6931e-01 +2.6130e+00
19 0 +2.265726251e+00 +3.363572625e+01 +3.363572625e+01 +1.9018e-01 +2.1054e+00
25 0 +1.369724855e+00 +3.273972486e+01 +3.273972486e+01 -7.6983e-02 +2.7217e+00
38 0 +1.090088283e+00 +3.246008828e+01 +3.246008828e+01 -9.0031e-02 +2.5756e+00
61 0 +5.442264058e-01 +3.191422641e+01 +3.191422641e+01 -1.6941e-01 +2.4228e+00
65 0 +5.213081690e-01 +3.189130817e+01 +3.189130817e+01 -1.2237e-01 +2.2833e+00
68 0 +3.922973058e-01 +3.176229731e+01 +3.176229731e+01 -1.2889e-01 +2.1724e+00
71 0 +2.052304124e-01 +3.157523041e+01 +3.157523041e+01 -2.0836e-01 +2.1962e+00
83 0 +1.477455866e-01 +3.151774559e+01 +3.151774559e+01 -2.4633e-01 +2.1943e+00
96 0 +4.790255437e-02 +3.141790255e+01 +3.141790255e+01 -2.4946e-01 +2.0510e+00
111 0 +1.386315081e-02 +3.138386315e+01 +3.138386315e+01 -2.7372e-01 +1.9857e+00
122 0 +1.069430177e-03 +3.137106943e+01 +3.137106943e+01 -2.7213e-01 +1.9184e+00
154 0 +1.609523333e-04 +3.137016095e+01 +3.137016095e+01 -2.6944e-01 +1.8969e+00
192 0 +1.505538275e-04 +3.137015055e+01 +3.137015055e+01 -2.7109e-01 +1.9030e+00
201 0 +8.184306751e-05 +3.137008184e+01 +3.137008184e+01 -2.7122e-01 +1.9008e+00
213 0 +3.145321702e-05 +3.137003145e+01 +3.137003145e+01 -2.7152e-01 +1.8992e+00
231 0 +2.988166407e-05 +3.137002988e+01 +3.137002988e+01 -2.7213e-01 +1.8999e+00
241 0 +2.109640553e-05 +3.137002110e+01 +3.137002110e+01 -2.7188e-01 +1.8991e+00
251 0 +1.696846453e-05 +3.137001697e+01 +3.137001697e+01 -2.7180e-01 +1.8988e+00
261 0 +1.142624092e-05 +3.137001143e+01 +3.137001143e+01 -2.7203e-01 +1.8985e+00
291 0 +1.113540162e-05 +3.137001114e+01 +3.137001114e+01 -2.7200e-01 +1.8985e+00
292 0 +8.314784061e-06 +3.137000831e+01 +3.137000831e+01 -2.7202e-01 +1.8983e+00
341 0 +7.988308148e-06 +3.137000799e+01 +3.137000799e+01 -2.7202e-01 +1.8982e+00
343 0 +7.895878230e-06 +3.137000790e+01 +3.137000790e+01 -2.7199e-01 +1.8982e+00
351 0 +6.455173001e-06 +3.137000646e+01 +3.137000646e+01 -2.7191e-01 +1.8979e+00
352 0 +5.736729353e-06 +3.137000574e+01 +3.137000574e+01 -2.7196e-01 +1.8979e+00
361 0 +4.979176374e-06 +3.137000498e+01 +3.137000498e+01 -2.7206e-01 +1.8979e+00
371 0 +1.714491990e-06 +3.137000171e+01 +3.137000171e+01 -2.7197e-01 +1.8974e+00
410 0 +3.479473847e-07 +3.137000035e+01 +3.137000035e+01 -2.7193e-01 +1.8969e+00
435 0 +3.370435167e-07 +3.137000034e+01 +3.137000034e+01 -2.7197e-01 +1.8970e+00
438 0 +3.133312454e-07 +3.137000031e+01 +3.137000031e+01 -2.7198e-01 +1.8970e+00
461 0 +2.988904377e-07 +3.137000030e+01 +3.137000030e+01 -2.7198e-01 +1.8970e+00
462 0 +2.762569977e-07 +3.137000028e+01 +3.137000028e+01 -2.7197e-01 +1.8970e+00
463 0 +2.610853613e-07 +3.137000026e+01 +3.137000026e+01 -2.7198e-01 +1.8970e+00
471 0 +1.938494734e-07 +3.137000019e+01 +3.137000019e+01 -2.7198e-01 +1.8970e+00
472 0 +1.859353311e-07 +3.137000019e+01 +3.137000019e+01 -2.7198e-01 +1.8970e+00
492 0 +1.499700986e-07 +3.137000015e+01 +3.137000015e+01 -2.7197e-01 +1.8969e+00
% f evaluations | g evaluations | best noise-free fitness - Fopt (-1.000000000000e+03) + sum g_i+ | measured fitness | best measured fitness or single-digit g-values | x1 | x2...
1 0 +2.373419288e+04 +2.273419288e+04 +2.273419288e+04 +5.9671e-01 -3.8264e-02
4 0 +5.070829686e+03 +4.070829686e+03 +4.070829686e+03 +1.6792e+00 +8.6743e-01
7 0 +2.679302115e+03 +1.679302115e+03 +1.679302115e+03 +3.4196e-01 -1.8133e+00
11 0 +1.551575717e+01 -9.844842428e+02 -9.844842428e+02 +2.0863e+00 -8.1653e-01
12 0 +1.242711084e+01 -9.875728892e+02 -9.875728892e+02 +1.7469e+00 -1.0902e+00
14 0 +9.107450988e+00 -9.908925490e+02 -9.908925490e+02 +1.4838e+00 -8.4619e-01
16 0 +6.708987763e+00 -9.932910122e+02 -9.932910122e+02 +1.2336e+00 -1.5241e+00
17 0 +6.132855522e+00 -9.938671445e+02 -9.938671445e+02 +1.1305e+00 -1.4887e+00
18 0 +5.919906312e+00 -9.940800937e+02 -9.940800937e+02 +1.0681e+00 -2.0347e+00
54 0 +5.103002263e+00 -9.948969977e+02 -9.948969977e+02 +9.2930e-01 -2.4261e+00
55 0 +2.147796375e+00 -9.978522036e+02 -9.978522036e+02 +5.3261e-01 -2.5437e+00
63 0 +2.356000587e-01 -9.997643999e+02 -9.997643999e+02 +2.7473e-03 -3.2182e+00
101 0 +2.192315010e-01 -9.997807685e+02 -9.997807685e+02 +2.4799e-03 -3.1959e+00
103 0 +3.954561877e-02 -9.999604544e+02 -9.999604544e+02 -1.1098e-01 -3.1983e+00
153 0 +6.866256425e-03 -9.999931337e+02 -9.999931337e+02 -1.5695e-01 -3.3000e+00
159 0 +5.680815505e-03 -9.999943192e+02 -9.999943192e+02 -1.5862e-01 -3.3016e+00
211 0 +5.422180132e-03 -9.999945778e+02 -9.999945778e+02 -1.6045e-01 -3.3095e+00
212 0 +4.650828467e-03 -9.999953492e+02 -9.999953492e+02 -1.6317e-01 -3.3105e+00
215 0 +4.636501631e-03 -9.999953635e+02 -9.999953635e+02 -1.7416e-01 -3.3416e+00
217 0 +2.412126148e-03 -9.999975879e+02 -9.999975879e+02 -1.8046e-01 -3.3431e+00
221 0 +9.098540601e-04 -9.999990901e+02 -9.999990901e+02 -1.8085e-01 -3.3337e+00
222 0 +3.681600685e-05 -9.999999632e+02 -9.999999632e+02 -1.8495e-01 -3.3297e+00
321 0 +1.439995492e-05 -9.999999856e+02 -9.999999856e+02 -1.8549e-01 -3.3288e+00
361 0 +1.098435689e-05 -9.999999890e+02 -9.999999890e+02 -1.8554e-01 -3.3290e+00
401 0 +1.074583065e-05 -9.999999893e+02 -9.999999893e+02 -1.8554e-01 -3.3292e+00
406 0 +5.888224109e-06 -9.999999941e+02 -9.999999941e+02 -1.8579e-01 -3.3297e+00
411 0 +5.698558084e-06 -9.999999943e+02 -9.999999943e+02 -1.8580e-01 -3.3297e+00
421 0 +4.351677035e-06 -9.999999956e+02 -9.999999956e+02 -1.8593e-01 -3.3300e+00
431 0 +3.207157533e-06 -9.999999968e+02 -9.999999968e+02 -1.8612e-01 -3.3304e+00
443 0 +1.845940574e-06 -9.999999982e+02 -9.999999982e+02 -1.8611e-01 -3.3302e+00
444 0 +1.716250836e-06 -9.999999983e+02 -9.999999983e+02 -1.8619e-01 -3.3304e+00
453 0 +1.231889996e-06 -9.999999988e+02 -9.999999988e+02 -1.8620e-01 -3.3303e+00
454 0 +9.477902267e-07 -9.999999991e+02 -9.999999991e+02 -1.8617e-01 -3.3301e+00
472 0 +4.089197319e-07 -9.999999996e+02 -9.999999996e+02 -1.8627e-01 -3.3303e+00
473 0 +2.595900241e-07 -9.999999997e+02 -9.999999997e+02 -1.8630e-01 -3.3303e+00
474 0 +7.503831512e-08 -9.999999999e+02 -9.999999999e+02 -1.8635e-01 -3.3303e+00
481 0 +6.181835488e-09 -1.000000000e+03 -1.000000000e+03 -1.8639e-01 -3.3304e+00
% f evaluations | g evaluations | best noise-free fitness - Fopt (1.319200000000e+02) + sum g_i+ | measured fitness | best measured fitness or single-digit g-values | x1 | x2...
1 0 +2.200875834e+01 +1.539287583e+02 +1.539287583e+02 +5.9671e-01 -3.8264e-02
3 0 +2.065524130e+01 +1.525752413e+02 +1.525752413e+02 -1.3415e-01 -1.3414e-01
5 0 +1.227630518e+01 +1.441963052e+02 +1.441963052e+02 -3.6947e-01 +6.4256e-01
9 0 +1.220080265e+01 +1.441208027e+02 +1.441208027e+02 -9.1283e-01 +4.1425e-01
11 0 +1.088180429e+01 +1.428018043e+02 +1.428018043e+02 -8.0235e-01 +6.1137e-01
20 0 +6.836615816e+00 +1.387566158e+02 +1.387566158e+02 -2.4271e+00 +7.0446e-01
23 0 +6.817238457e+00 +1.387372385e+02 +1.387372385e+02 -2.8961e+00 +7.4317e-01
27 0 +6.771075143e+00 +1.386910751e+02 +1.386910751e+02 -2.2002e+00 +7.1674e-01
31 0 +2.665225113e+00 +1.345852251e+02 +1.345852251e+02 -3.1361e+00 +1.2048e+00
32 0 +3.573894994e-01 +1.322773895e+02 +1.322773895e+02 -3.5761e+00 +1.6885e+00
63 0 +1.511887398e-01 +1.320711887e+02 +1.320711887e+02 -3.8100e+00 +1.7678e+00
96 0 +1.495616460e-01 +1.320695616e+02 +1.320695616e+02 -3.8430e+00 +1.7719e+00
101 0 +8.066576174e-02 +1.320006658e+02 +1.320006658e+02 -3.7787e+00 +1.8133e+00
111 0 +8.033727216e-02 +1.320003373e+02 +1.320003373e+02 -3.8574e+00 +1.8086e+00
121 0 +5.931359311e-02 +1.319793136e+02 +1.319793136e+02 -3.9126e+00 +1.8292e+00
124 0 +4.211703015e-02 +1.319621170e+02 +1.319621170e+02 -3.9600e+00 +1.8496e+00
132 0 +4.206714539e-02 +1.319620671e+02 +1.319620671e+02 -3.8974e+00 +1.8414e+00
143 0 +2.511618211e-02 +1.319451162e+02 +1.319451162e+02 -3.9620e+00 +1.8626e+00
151 0 +1.613836371e-02 +1.319361384e+02 +1.319361384e+02 -3.9893e+00 +1.8792e+00
152 0 +3.960011124e-03 +1.319239600e+02 +1.319239600e+02 -3.9825e+00 +1.8958e+00
162 0 +2.484068740e-03 +1.319224841e+02 +1.319224841e+02 -3.9757e+00 +1.8972e+00
171 0 +3.152356765e-04 +1.319203152e+02 +1.319203152e+02 -3.9763e+00 +1.9056e+00
292 0 +1.070530336e-04 +1.319201071e+02 +1.319201071e+02 -3.9814e+00 +1.9081e+00
302 0 +5.507120125e-05 +1.319200551e+02 +1.319200551e+02 -3.9798e+00 +1.9087e+00
303 0 +2.963250185e-05 +1.319200296e+02 +1.319200296e+02 -3.9796e+00 +1.9094e+00
322 0 +4.829444521e-06 +1.319200048e+02 +1.319200048e+02 -3.9824e+00 +1.9100e+00
441 0 +8.277493464e-07 +1.319200008e+02 +1.319200008e+02 -3.9822e+00 +1.9102e+00
443 0 +4.305809398e-07 +1.319200004e+02 +1.319200004e+02 -3.9823e+00 +1.9103e+00
492 0 +3.970700675e-07 +1.319200004e+02 +1.319200004e+02 -3.9822e+00 +1.9103e+00
% f evaluations | g evaluations | best noise-free fitness - Fopt (5.908400000000e+02) + sum g_i+ | measured fitness | best measured fitness or single-digit g-values | x1 | x2...
1 0 +4.125852065e+04 +4.184936065e+04 +4.184936065e+04 +5.9671e-01 -3.8264e-02
3 0 +1.783210693e+04 +1.842294693e+04 +1.842294693e+04 -1.3415e-01 -1.3414e-01
6 0 +8.056471948e+03 +8.647311948e+03 +8.647311948e+03 -3.6342e-01 -3.6573e-01
7 0 +9.794827975e+02 +1.570322798e+03 +1.570322798e+03 +3.4196e-01 -1.8133e+00
8 0 +2.536658770e+01 +6.162065877e+02 +6.162065877e+02 -1.6249e+00 -4.6229e-01
10 0 +1.480512980e+01 +6.056451298e+02 +6.056451298e+02 -8.0802e-01 -1.3123e+00
22 0 +1.321640846e+01 +6.040564085e+02 +6.040564085e+02 -6.4930e-01 -1.6215e+00
33 0 +1.266817359e+01 +6.035081736e+02 +6.035081736e+02 -6.8516e-01 -1.0435e+00
43 0 +1.255766836e+01 +6.033976684e+02 +6.033976684e+02 -4.7297e-01 -1.8976e+00
52 0 +9.324805735e+00 +6.001648057e+02 +6.001648057e+02 -2.5343e-01 -1.7032e+00
61 0 +8.847616800e+00 +5.996876168e+02 +5.996876168e+02 -1.3987e-01 -2.1143e+00
71 0 +7.211250570e+00 +5.980512506e+02 +5.980512506e+02 +2.6029e-02 -2.3480e+00
73 0 +5.073339191e+00 +5.959133392e+02 +5.959133392e+02 +3.2085e-01 -2.5441e+00
81 0 +2.400154658e+00 +5.932401547e+02 +5.932401547e+02 +7.7863e-01 -3.0214e+00
89 0 +2.101961701e+00 +5.929419617e+02 +5.929419617e+02 +7.4169e-01 -2.7576e+00
94 0 +1.330482763e+00 +5.921704828e+02 +5.921704828e+02 +1.0786e+00 -3.3886e+00
95 0 +8.719246551e-01 +5.917119247e+02 +5.917119247e+02 +1.1108e+00 -3.3286e+00
122 0 +4.380750997e-01 +5.912780751e+02 +5.912780751e+02 +1.2667e+00 -3.4393e+00
123 0 +1.183052949e-01 +5.909583053e+02 +5.909583053e+02 +1.3573e+00 -3.3713e+00
154 0 +7.825795466e-02 +5.909182580e+02 +5.909182580e+02 +1.4208e+00 -3.4439e+00
172 0 +4.277574358e-02 +5.908827757e+02 +5.908827757e+02 +1.4220e+00 -3.4092e+00
173 0 +4.119941476e-02 +5.908811994e+02 +5.908811994e+02 +1.4202e+00 -3.3994e+00
182 0 +3.834311368e-02 +5.908783431e+02 +5.908783431e+02 +1.4339e+00 -3.4164e+00
191 0 +2.002961086e-02 +5.908600296e+02 +5.908600296e+02 +1.4116e+00 -3.3478e+00
192 0 +1.321354524e-02 +5.908532135e+02 +5.908532135e+02 +1.4191e+00 -3.3460e+00
211 0 +1.009494066e-02 +5.908500949e+02 +5.908500949e+02 +1.4119e+00 -3.3199e+00
212 0 +1.435679315e-03 +5.908414357e+02 +5.908414357e+02 +1.4377e+00 -3.3390e+00
251 0 +8.235135023e-04 +5.908408235e+02 +5.908408235e+02 +1.4436e+00 -3.3447e+00
252 0 +6.573802801e-04 +5.908406574e+02 +5.908406574e+02 +1.4444e+00 -3.3449e+00
271 0 +4.764720345e-04 +5.908404765e+02 +5.908404765e+02 +1.4407e+00 -3.3357e+00
273 0 +3.016320279e-04 +5.908403016e+02 +5.908403016e+02 +1.4415e+00 -3.3357e+00
281 0 +8.170419790e-05 +5.908400817e+02 +5.908400817e+02 +1.4436e+00 -3.3355e+00
301 0 +6.522845547e-05 +5.908400652e+02 +5.908400652e+02 +1.4445e+00 -3.3371e+00
302 0 +5.978015747e-05 +5.908400598e+02 +5.908400598e+02 +1.4438e+00 -3.3354e+00
312 0 +4.241646934e-05 +5.908400424e+02 +5.908400424e+02 +1.4440e+00 -3.3351e+00
331 0 +1.534458829e-05 +5.908400153e+02 +5.908400153e+02 +1.4447e+00 -3.3354e+00
361 0 +9.309313214e-06 +5.908400093e+02 +5.908400093e+02 +1.4449e+00 -3.3358e+00
381 0 +5.051940207e-06 +5.908400051e+02 +5.908400051e+02 +1.4450e+00 -3.3355e+00
402 0 +5.699672556e-07 +5.908400006e+02 +5.908400006e+02 +1.4454e+00 -3.3359e+00
451 0 +4.360105095e-07 +5.908400004e+02 +5.908400004e+02 +1.4455e+00 -3.3359e+00
462 0 +3.185310788e-07 +5.908400003e+02 +5.908400003e+02 +1.4455e+00 -3.3360e+00
465 0 +1.923849595e-07 +5.908400002e+02 +5.908400002e+02 +1.4455e+00 -3.3359e+00
471 0 +6.239417871e-08 +5.908400001e+02 +5.908400001e+02 +1.4456e+00 -3.3360e+00
472 0 +4.651531071e-08 +5.908400000e+02 +5.908400000e+02 +1.4456e+00 -3.3360e+00
483 0 +2.000626864e-08 +5.908400000e+02 +5.908400000e+02 +1.4456e+00 -3.3360e+00
492 0 +1.397415872e-08 +5.908400000e+02 +5.908400000e+02 +1.4456e+00 -3.3360e+00
494 0 +1.531248017e-09 +5.908400000e+02 +5.908400000e+02 +1.4456e+00 -3.3360e+00
% f evaluations | g evaluations | best noise-free fitness - Fopt (6.749000000000e+01) + sum g_i+ | measured fitness | best measured fitness or single-digit g-values | x1 | x2...
1 0 +1.454620518e+04 +1.461369518e+04 +1.461369518e+04 +5.9671e-01 -3.8264e-02
3 0 +4.272309712e+03 +4.339799712e+03 +4.339799712e+03 -1.3415e-01 -1.3414e-01
6 0 +2.219859599e+03 +2.287349599e+03 +2.287349599e+03 -3.6342e-01 -3.6573e-01
10 0 +2.397677273e+02 +3.072577273e+02 +3.072577273e+02 -8.0802e-01 -1.3123e+00
20 0 +1.067517936e+00 +6.855751794e+01 +6.855751794e+01 -1.0492e+00 -1.4582e+00
23 0 +2.260927204e-01 +6.771609272e+01 +6.771609272e+01 -1.2000e+00 -1.2038e+00
83 0 +2.178964368e-01 +6.770789644e+01 +6.770789644e+01 -1.2037e+00 -1.1630e+00
86 0 +1.875530568e-01 +6.767755306e+01 +6.767755306e+01 -1.1146e+00 -1.1979e+00
88 0 +1.790941545e-01 +6.766909415e+01 +6.766909415e+01 -1.0488e+00 -1.1747e+00
92 0 +1.738916382e-01 +6.766389164e+01 +6.766389164e+01 -1.0377e+00 -1.1672e+00
93 0 +1.573516990e-01 +6.764735170e+01 +6.764735170e+01 -1.0994e+00 -1.1730e+00
101 0 +1.328321740e-01 +6.762283217e+01 +6.762283217e+01 -1.0341e+00 -1.1287e+00
111 0 +7.988080336e-02 +6.756988080e+01 +6.756988080e+01 -1.0352e+00 -1.0863e+00
121 0 +7.674829921e-02 +6.756674830e+01 +6.756674830e+01 -1.0373e+00 -1.0726e+00
122 0 +6.119791613e-02 +6.755119792e+01 +6.755119792e+01 -9.9049e-01 -1.0563e+00
123 0 +3.705773892e-02 +6.752705774e+01 +6.752705774e+01 -9.8115e-01 -1.0199e+00
125 0 +2.660954527e-02 +6.751660955e+01 +6.751660955e+01 -9.3896e-01 -9.9906e-01
134 0 +2.278474069e-02 +6.751278474e+01 +6.751278474e+01 -9.6128e-01 -9.9603e-01
135 0 +9.942786593e-03 +6.749994279e+01 +6.749994279e+01 -9.4237e-01 -9.5742e-01
136 0 +2.355799335e-03 +6.749235580e+01 +6.749235580e+01 -9.0848e-01 -9.2751e-01
172 0 +1.449995847e-03 +6.749145000e+01 +6.749145000e+01 -8.9346e-01 -9.2429e-01
177 0 +4.172321726e-04 +6.749041723e+01 +6.749041723e+01 -8.8959e-01 -9.1557e-01
212 0 +3.823380822e-04 +6.749038234e+01 +6.749038234e+01 -8.8638e-01 -9.1391e-01
213 0 +2.790039767e-04 +6.749027900e+01 +6.749027900e+01 -8.8948e-01 -9.1446e-01
221 0 +2.739531977e-04 +6.749027395e+01 +6.749027395e+01 -8.8960e-01 -9.1430e-01
228 0 +1.987045665e-04 +6.749019870e+01 +6.749019870e+01 -8.8580e-01 -9.1187e-01
231 0 +9.266290473e-05 +6.749009266e+01 +6.749009266e+01 -8.8623e-01 -9.1057e-01
241 0 +7.248880571e-05 +6.749007249e+01 +6.749007249e+01 -8.8526e-01 -9.0982e-01
251 0 +3.483046234e-05 +6.749003483e+01 +6.749003483e+01 -8.8458e-01 -9.0873e-01
254 0 +3.315635543e-05 +6.749003316e+01 +6.749003316e+01 -8.8467e-01 -9.0873e-01
261 0 +2.942854631e-05 +6.749002943e+01 +6.749002943e+01 -8.8439e-01 -9.0841e-01
271 0 +2.727481532e-05 +6.749002727e+01 +6.749002727e+01 -8.8471e-01 -9.0841e-01
281 0 +2.390855036e-05 +6.749002391e+01 +6.749002391e+01 -8.8455e-01 -9.0829e-01
291 0 +1.553042092e-05 +6.749001553e+01 +6.749001553e+01 -8.8400e-01 -9.0779e-01
312 0 +1.086144228e-05 +6.749001086e+01 +6.749001086e+01 -8.8377e-01 -9.0753e-01
341 0 +8.186851161e-06 +6.749000819e+01 +6.749000819e+01 -8.8362e-01 -9.0731e-01
353 0 +7.088366644e-06 +6.749000709e+01 +6.749000709e+01 -8.8354e-01 -9.0721e-01
361 0 +4.359251804e-06 +6.749000436e+01 +6.749000436e+01 -8.8337e-01 -9.0697e-01
377 0 +3.369279767e-06 +6.749000337e+01 +6.749000337e+01 -8.8330e-01 -9.0686e-01
378 0 +3.289970550e-06 +6.749000329e+01 +6.749000329e+01 -8.8332e-01 -9.0687e-01
388 0 +3.175755268e-06 +6.749000318e+01 +6.749000318e+01 -8.8332e-01 -9.0686e-01
422 0 +3.121102040e-06 +6.749000312e+01 +6.749000312e+01 -8.8329e-01 -9.0683e-01
441 0 +3.050431303e-06 +6.749000305e+01 +6.749000305e+01 -8.8328e-01 -9.0681e-01
463 0 +2.934209931e-06 +6.749000293e+01 +6.749000293e+01 -8.8328e-01 -9.0680e-01
471 0 +2.864641701e-06 +6.749000286e+01 +6.749000286e+01 -8.8327e-01 -9.0679e-01
% f evaluations | g evaluations | best noise-free fitness - Fopt (3.085000000000e+01) + sum g_i+ | measured fitness | best measured fitness or single-digit g-values | x1 | x2...
1 0 +4.632693823e+01 +7.717693823e+01 +7.717693823e+01 +5.9671e-01 -3.8264e-02
4 0 +2.554974196e+01 +5.639974196e+01 +5.639974196e+01 +1.6792e+00 +8.6743e-01
15 0 +2.503030430e+01 +5.588030430e+01 +5.588030430e+01 +1.7037e+00 +8.3664e-01
16 0 +2.218278730e+01 +5.303278730e+01 +5.303278730e+01 +1.9105e+00 +3.1850e-01
51 0 +2.155963767e+01 +5.240963767e+01 +5.240963767e+01 +1.9219e+00 +2.3811e-01
61 0 +2.020445780e+01 +5.105445780e+01 +5.105445780e+01 +1.9468e+00 +1.2093e-01
62 0 +1.730919473e+01 +4.815919473e+01 +4.815919473e+01 +2.1234e+00 +2.3725e-01
73 0 +1.637968861e+01 +4.722968861e+01 +4.722968861e+01 +2.2102e+00 +3.2096e-01
75 0 +1.556039778e+01 +4.641039778e+01 +4.641039778e+01 +2.1718e+00 +1.6026e-01
81 0 +1.474429156e+01 +4.559429156e+01 +4.559429156e+01 +2.2120e+00 +1.4588e-01
101 0 +1.394462137e+01 +4.479462137e+01 +4.479462137e+01 +2.2352e+00 +7.9875e-02
112 0 +1.364440735e+01 +4.449440735e+01 +4.449440735e+01 +2.1887e+00 -6.5573e-02
114 0 +1.323602415e+01 +4.408602415e+01 +4.408602415e+01 +2.1736e+00 -1.8551e-01
121 0 +1.270692551e+01 +4.355692551e+01 +4.355692551e+01 +2.2429e+00 -2.3162e-01
131 0 +1.251664634e+01 +4.336664634e+01 +4.336664634e+01 +2.2863e+00 -3.4114e-01
151 0 +1.248899339e+01 +4.333899339e+01 +4.333899339e+01 +2.2906e+00 -3.7089e-01
156 0 +1.244365322e+01 +4.329365322e+01 +4.329365322e+01 +2.3390e+00 -3.2768e-01
158 0 +1.223706704e+01 +4.308706704e+01 +4.308706704e+01 +2.2565e+00 -6.2171e-01
164 0 +1.223611869e+01 +4.308611869e+01 +4.308611869e+01 +2.2591e+00 -6.1652e-01
165 0 +1.150870464e+01 +4.235870464e+01 +4.235870464e+01 +2.2962e+00 -7.2805e-01
166 0 +1.084690903e+01 +4.169690903e+01 +4.169690903e+01 +2.3484e+00 -7.2696e-01
168 0 +1.076269655e+01 +4.161269655e+01 +4.161269655e+01 +2.4963e+00 -1.1777e+00
169 0 +9.781232276e+00 +4.063123228e+01 +4.063123228e+01 +2.3677e+00 -8.3302e-01
171 0 +9.587190921e+00 +4.043719092e+01 +4.043719092e+01 +2.1945e+00 -1.2857e+00
172 0 +4.363013811e+00 +3.521301381e+01 +3.521301381e+01 +2.5512e+00 -1.8437e+00
201 0 +3.495648951e+00 +3.434564895e+01 +3.434564895e+01 +2.5158e+00 -2.2589e+00
203 0 +3.335853599e+00 +3.418585360e+01 +3.418585360e+01 +2.4831e+00 -2.4155e+00
206 0 +2.696763504e+00 +3.354676350e+01 +3.354676350e+01 +2.3998e+00 -3.1585e+00
211 0 +2.359357940e+00 +3.320935794e+01 +3.320935794e+01 +2.4596e+00 -3.1836e+00
213 0 +1.341951967e+00 +3.219195197e+01 +3.219195197e+01 +2.5917e+00 -3.2756e+00
214 0 +7.584999939e-01 +3.160849999e+01 +3.160849999e+01 +2.6621e+00 -3.3509e+00
222 0 +4.873447181e-01 +3.133734472e+01 +3.133734472e+01 +2.7073e+00 -3.5375e+00
231 0 +3.127716988e-01 +3.116277170e+01 +3.116277170e+01 +2.7861e+00 -3.4126e+00
232 0 +3.088227231e-01 +3.115882272e+01 +3.115882272e+01 +2.7889e+00 -3.4066e+00
242 0 +1.568564163e-01 +3.100685642e+01 +3.100685642e+01 +2.8227e+00 -3.5087e+00
258 0 +9.676873422e-02 +3.094676873e+01 +3.094676873e+01 +2.8519e+00 -3.5249e+00
293 0 +8.137359382e-02 +3.093137359e+01 +3.093137359e+01 +2.8395e+00 -3.6140e+00
302 0 +4.307962751e-02 +3.089307963e+01 +3.089307963e+01 +2.8539e+00 -3.7250e+00
312 0 +3.812463894e-02 +3.088812464e+01 +3.088812464e+01 +2.8614e+00 -3.7041e+00
313 0 +3.081128865e-02 +3.088081129e+01 +3.088081129e+01 +2.8646e+00 -3.7467e+00
315 0 +2.314224123e-02 +3.087314224e+01 +3.087314224e+01 +2.8714e+00 -3.7486e+00
317 0 +1.952620349e-02 +3.086952620e+01 +3.086952620e+01 +2.8755e+00 -3.7105e+00
321 0 +1.748885790e-02 +3.086748886e+01 +3.086748886e+01 +2.8772e+00 -3.7436e+00
322 0 +1.504015687e-02 +3.086504016e+01 +3.086504016e+01 +2.8800e+00 -3.7176e+00
362 0 +8.746159424e-03 +3.085874616e+01 +3.085874616e+01 +2.8885e+00 -3.7470e+00
371 0 +8.409606853e-03 +3.085840961e+01 +3.085840961e+01 +2.8889e+00 -3.7320e+00
374 0 +1.312828916e-03 +3.085131283e+01 +3.085131283e+01 +2.9029e+00 -3.7146e+00
421 0 +1.207185143e-03 +3.085120719e+01 +3.085120719e+01 +2.9028e+00 -3.7246e+00
422 0 +8.137951722e-04 +3.085081380e+01 +3.085081380e+01 +2.9044e+00 -3.7219e+00
441 0 +7.020751149e-04 +3.085070208e+01 +3.085070208e+01 +2.9048e+00 -3.7234e+00
442 0 +2.561788689e-04 +3.085025618e+01 +3.085025618e+01 +2.9076e+00 -3.7176e+00
451 0 +1.782429863e-04 +3.085017824e+01 +3.085017824e+01 +2.9077e+00 -3.7228e+00
491 0 +1.593584466e-04 +3.085015936e+01 +3.085015936e+01 +2.9079e+00 -3.7197e+00
492 0 +1.469688590e-04 +3.085014697e+01 +3.085014697e+01 +2.9083e+00 -3.7177e+00
% f evaluations | g evaluations | best noise-free fitness - Fopt (-1.255000000000e+01) + sum g_i+ | measured fitness | best measured fitness or single-digit g-values | x1 | x2...
1 0 +6.266307512e+01 +5.011307512e+01 +5.011307512e+01 +5.9671e-01 -3.8264e-02
2 0 +4.776078828e+01 +3.521078828e+01 +3.521078828e+01 +7.4769e-01 +1.6230e+00
4 0 +2.475437747e+01 +1.220437747e+01 +1.220437747e+01 +1.6792e+00 +8.6743e-01
11 0 +4.982076787e+00 -7.567923213e+00 -7.567923213e+00 +2.9358e+00 +1.0438e+00
32 0 +2.228814164e+00 -1.032118584e+01 -1.032118584e+01 +3.0949e+00 +1.6263e+00
34 0 +2.633733490e-02 -1.252366267e+01 -1.252366267e+01 +3.3502e+00 +2.4601e+00
141 0 +2.325610697e-02 -1.252674389e+01 -1.252674389e+01 +3.3468e+00 +2.4844e+00
151 0 +8.813323392e-03 -1.254118668e+01 -1.254118668e+01 +3.3601e+00 +2.5035e+00
153 0 +7.887108106e-03 -1.254211289e+01 -1.254211289e+01 +3.3623e+00 +2.5057e+00
170 0 +1.266873187e-03 -1.254873313e+01 -1.254873313e+01 +3.3677e+00 +2.5468e+00
191 0 +3.517355421e-04 -1.254964826e+01 -1.254964826e+01 +3.3724e+00 +2.5380e+00
221 0 +1.269902508e-04 -1.254987301e+01 -1.254987301e+01 +3.3747e+00 +2.5362e+00
233 0 +6.050581096e-05 -1.254993949e+01 -1.254993949e+01 +3.3747e+00 +2.5389e+00
254 0 +2.600011516e-05 -1.254997400e+01 -1.254997400e+01 +3.3752e+00 +2.5396e+00
261 0 +1.581689530e-05 -1.254998418e+01 -1.254998418e+01 +3.3758e+00 +2.5383e+00
282 0 +9.417221101e-06 -1.254999058e+01 -1.254999058e+01 +3.3755e+00 +2.5409e+00
302 0 +8.724704632e-06 -1.254999128e+01 -1.254999128e+01 +3.3755e+00 +2.5397e+00
303 0 +7.831262833e-06 -1.254999217e+01 -1.254999217e+01 +3.3756e+00 +2.5398e+00
314 0 +2.051249190e-06 -1.254999795e+01 -1.254999795e+01 +3.3758e+00 +2.5397e+00
321 0 +1.720348667e-06 -1.254999828e+01 -1.254999828e+01 +3.3758e+00 +2.5399e+00
331 0 +9.877847216e-07 -1.254999901e+01 -1.254999901e+01 +3.3759e+00 +2.5399e+00
341 0 +1.958692302e-07 -1.254999980e+01 -1.254999980e+01 +3.3759e+00 +2.5400e+00
344 0 +9.833606107e-08 -1.254999990e+01 -1.254999990e+01 +3.3760e+00 +2.5399e+00
382 0 +8.183164546e-08 -1.254999992e+01 -1.254999992e+01 +3.3760e+00 +2.5399e+00
402 0 +6.943519182e-08 -1.254999993e+01 -1.254999993e+01 +3.3760e+00 +2.5400e+00
403 0 +2.634761742e-08 -1.254999997e+01 -1.254999997e+01 +3.3760e+00 +2.5400e+00
413 0 +5.635484968e-09 -1.254999999e+01 -1.254999999e+01 +3.3760e+00 +2.5400e+00
% f evaluations | g evaluations | best noise-free fitness - Fopt (5.383900000000e+02) + sum g_i+ | measured fitness | best measured fitness or single-digit g-values | x1 | x2...
1 0 +9.632309690e+03 +1.017069969e+04 +1.017069969e+04 +5.9671e-01 -3.8264e-02
2 0 +1.440731041e+01 +5.527973104e+02 +5.527973104e+02 +7.4769e-01 +1.6230e+00
31 0 +1.247570563e+01 +5.508657056e+02 +5.508657056e+02 +1.1086e+00 +1.8005e+00
32 0 +1.130855396e+01 +5.496985540e+02 +5.496985540e+02 +1.1176e+00 +1.5555e+00
41 0 +7.966235407e+00 +5.463562354e+02 +5.463562354e+02 +1.2824e+00 +1.4862e+00
46 0 +7.121395362e+00 +5.455113954e+02 +5.455113954e+02 +1.6634e+00 +2.0236e+00
47 0 +2.298517198e+00 +5.406885172e+02 +5.406885172e+02 +2.5522e+00 +2.3632e+00
81 0 +2.281604353e+00 +5.406716044e+02 +5.406716044e+02 +2.6128e+00 +2.4526e+00
92 0 +2.268736752e+00 +5.406587368e+02 +5.406587368e+02 +2.4585e+00 +2.1906e+00
93 0 +1.498109944e+00 +5.398881099e+02 +5.398881099e+02 +2.9489e+00 +2.7710e+00
95 0 +7.305069619e-01 +5.391205070e+02 +5.391205070e+02 +3.0316e+00 +2.6296e+00
113 0 +2.988674512e-01 +5.386888675e+02 +5.386888675e+02 +3.2309e+00 +2.7062e+00
131 0 +5.912283459e-02 +5.384491228e+02 +5.384491228e+02 +3.3121e+00 +2.6367e+00
154 0 +2.487891888e-02 +5.384148789e+02 +5.384148789e+02 +3.3922e+00 +2.7086e+00
163 0 +5.167925059e-04 +5.383905168e+02 +5.383905168e+02 +3.4477e+00 +2.7146e+00
233 0 +2.706485761e-04 +5.383902706e+02 +5.383902706e+02 +3.4466e+00 +2.7117e+00
251 0 +7.890940503e-05 +5.383900789e+02 +5.383900789e+02 +3.4431e+00 +2.7060e+00
331 0 +7.212816445e-05 +5.383900721e+02 +5.383900721e+02 +3.4457e+00 +2.7086e+00
341 0 +5.814165320e-05 +5.383900581e+02 +5.383900581e+02 +3.4457e+00 +2.7084e+00
342 0 +4.612249109e-05 +5.383900461e+02 +5.383900461e+02 +3.4460e+00 +2.7083e+00
361 0 +4.140013493e-05 +5.383900414e+02 +5.383900414e+02 +3.4459e+00 +2.7083e+00
362 0 +3.205834264e-05 +5.383900321e+02 +5.383900321e+02 +3.4461e+00 +2.7082e+00
373 0 +3.060147856e-05 +5.383900306e+02 +5.383900306e+02 +3.4457e+00 +2.7078e+00
392 0 +3.017196650e-05 +5.383900302e+02 +5.383900302e+02 +3.4455e+00 +2.7076e+00
403 0 +2.436342788e-05 +5.383900244e+02 +5.383900244e+02 +3.4455e+00 +2.7075e+00
422 0 +2.113047572e-05 +5.383900211e+02 +5.383900211e+02 +3.4458e+00 +2.7076e+00
431 0 +1.896591459e-05 +5.383900190e+02 +5.383900190e+02 +3.4459e+00 +2.7077e+00
432 0 +1.649475882e-05 +5.383900165e+02 +5.383900165e+02 +3.4459e+00 +2.7076e+00
441 0 +1.332390434e-05 +5.383900133e+02 +5.383900133e+02 +3.4459e+00 +2.7074e+00
459 0 +3.945803655e-06 +5.383900039e+02 +5.383900039e+02 +3.4455e+00 +2.7067e+00
483 0 +1.723267246e-06 +5.383900017e+02 +5.383900017e+02 +3.4452e+00 +2.7062e+00
% f evaluations | g evaluations | best noise-free fitness - Fopt (-1.055600000000e+02) + sum g_i+ | measured fitness | best measured fitness or single-digit g-values | x1 | x2...
1 0 +4.817337766e+04 +4.806781766e+04 +4.806781766e+04 +5.9671e-01 -3.8264e-02
3 0 +4.599318124e+04 +4.588762124e+04 +4.588762124e+04 -1.3415e-01 -1.3414e-01
6 0 +4.264283032e+04 +4.253727032e+04 +4.253727032e+04 -3.6342e-01 -3.6573e-01
7 0 +1.650150411e+04 +1.639594411e+04 +1.639594411e+04 +3.4196e-01 -1.8133e+00
11 0 +8.383960728e+03 +8.278400728e+03 +8.278400728e+03 +1.5919e-01 -2.6412e+00
12 0 +5.747405437e+03 +5.641845437e+03 +5.641845437e+03 +7.3520e-01 -2.7001e+00
16 0 +5.728356033e+03 +5.622796033e+03 +5.622796033e+03 -2.0480e-01 -3.2441e+00
17 0 +3.701342574e+02 +2.645742574e+02 +2.645742574e+02 +1.0488e+00 -3.5811e+00
22 0 +3.950126545e+00 -1.016098735e+02 -1.016098735e+02 +1.0135e+00 -4.6467e+00
32 0 +1.295571749e+00 -1.042644283e+02 -1.042644283e+02 +1.0751e+00 -3.9301e+00
59 0 +7.865480752e-01 -1.047734519e+02 -1.047734519e+02 +1.3913e+00 -4.4001e+00
69 0 +6.220482827e-01 -1.049379517e+02 -1.049379517e+02 +1.2517e+00 -4.0460e+00
71 0 +4.171240367e-01 -1.051428760e+02 -1.051428760e+02 +1.2399e+00 -3.9332e+00
72 0 +1.184727228e-01 -1.054415273e+02 -1.054415273e+02 +1.3289e+00 -3.8592e+00
91 0 +7.871483721e-02 -1.054812852e+02 -1.054812852e+02 +1.3431e+00 -3.8367e+00
111 0 +5.435655300e-02 -1.055056434e+02 -1.055056434e+02 +1.4007e+00 -3.8795e+00
121 0 +3.528504107e-02 -1.055247150e+02 -1.055247150e+02 +1.4053e+00 -3.8369e+00
122 0 +3.130279353e-02 -1.055286972e+02 -1.055286972e+02 +1.3761e+00 -3.8170e+00
131 0 +3.129527739e-02 -1.055287047e+02 -1.055287047e+02 +1.3747e+00 -3.8156e+00
132 0 +2.455972470e-02 -1.055354403e+02 -1.055354403e+02 +1.3984e+00 -3.8159e+00
141 0 +1.072952937e-02 -1.055492705e+02 -1.055492705e+02 +1.3831e+00 -3.7702e+00
151 0 +5.136797879e-03 -1.055548632e+02 -1.055548632e+02 +1.3605e+00 -3.7333e+00
161 0 +4.692164663e-03 -1.055553078e+02 -1.055553078e+02 +1.3752e+00 -3.7417e+00
164 0 +3.073274277e-03 -1.055569267e+02 -1.055569267e+02 +1.3727e+00 -3.7311e+00
171 0 +2.946706609e-03 -1.055570533e+02 -1.055570533e+02 +1.3712e+00 -3.7307e+00
180 0 +2.885011209e-05 -1.055599711e+02 -1.055599711e+02 +1.3597e+00 -3.6936e+00
251 0 +1.336144329e-05 -1.055599866e+02 -1.055599866e+02 +1.3600e+00 -3.6934e+00
283 0 +7.593151565e-06 -1.055599924e+02 -1.055599924e+02 +1.3598e+00 -3.6926e+00
284 0 +4.737529650e-06 -1.055599953e+02 -1.055599953e+02 +1.3599e+00 -3.6926e+00
304 0 +3.531228501e-06 -1.055599965e+02 -1.055599965e+02 +1.3598e+00 -3.6923e+00
331 0 +2.873168981e-06 -1.055599971e+02 -1.055599971e+02 +1.3600e+00 -3.6925e+00
372 0 +2.794917350e-06 -1.055599972e+02 -1.055599972e+02 +1.3599e+00 -3.6925e+00
381 0 +1.741285459e-06 -1.055599983e+02 -1.055599983e+02 +1.3599e+00 -3.6924e+00
394 0 +1.737538838e-06 -1.055599983e+02 -1.055599983e+02 +1.3600e+00 -3.6925e+00
395 0 +1.485715870e-06 -1.055599985e+02 -1.055599985e+02 +1.3601e+00 -3.6925e+00
402 0 +9.963914493e-07 -1.055599990e+02 -1.055599990e+02 +1.3600e+00 -3.6923e+00
404 0 +9.323361354e-07 -1.055599991e+02 -1.055599991e+02 +1.3599e+00 -3.6922e+00
413 0 +8.969649770e-07 -1.055599991e+02 -1.055599991e+02 +1.3599e+00 -3.6921e+00
415 0 +7.674542530e-07 -1.055599992e+02 -1.055599992e+02 +1.3599e+00 -3.6922e+00
422 0 +4.994582383e-07 -1.055599995e+02 -1.055599995e+02 +1.3599e+00 -3.6921e+00
423 0 +3.240052280e-07 -1.055599997e+02 -1.055599997e+02 +1.3600e+00 -3.6921e+00
446 0 +2.492397613e-07 -1.055599998e+02 -1.055599998e+02 +1.3599e+00 -3.6920e+00
451 0 +1.861276502e-07 -1.055599998e+02 -1.055599998e+02 +1.3600e+00 -3.6921e+00
461 0 +1.111090882e-07 -1.055599999e+02 -1.055599999e+02 +1.3600e+00 -3.6921e+00
464 0 +8.391786821e-08 -1.055599999e+02 -1.055599999e+02 +1.3600e+00 -3.6920e+00
471 0 +3.310144336e-08 -1.055600000e+02 -1.055600000e+02 +1.3600e+00 -3.6920e+00
481 0 +5.807081038e-09 -1.055600000e+02 -1.055600000e+02 +1.3600e+00 -3.6920e+00
