% f evaluations | g evaluations | best noise-free fitness - Fopt (-5.235000000000e+01) + sum g_i+ | measured fitness | best measured fitness or single-digit g-values | x1 | x2...
1 0 +8.573881695e+01 +3.338881695e+01 +3.338881695e+01 +5.9671e-01 -3.8264e-02 +7.4769e-01 +1.6230e+00 -1.3415e-01
2 0 +7.039536500e+01 +1.804536500e+01 +1.804536500e+01 -1.3414e-01 +1.6792e+00 +8.6743e-01 -3.6947e-01 +6.4256e-01
3 0 +9.862298760e+00 -4.248770124e+01 -4.248770124e+01 -3.6342e-01 -3.6573e-01 +3.4196e-01 -1.8133e+00 -1.6249e+00
29 0 +5.759315298e+00 -4.659068470e+01 -4.659068470e+01 -4.1080e-01 -9.8478e-01 +3.0915e+00 +1.3017e-02 -1.1679e+00
30 0 +3.139142790e+00 -4.921085721e+01 -4.921085721e+01 -9.4433e-01 -1.3775e+00 +1.6362e+00 -2.2171e+00 +5.0809e-01
45 0 +2.807700582e+00 -4.954229942e+01 -4.954229942e+01 -1.6293e+00 -1.9731e+00 +1.5097e+00 -6.8173e-01 -1.0685e+00
55 0 +1.705005981e+00 -5.064499402e+01 -5.064499402e+01 -2.6892e-01 -6.9054e-01 +1.2402e+00 -2.6555e+00 -1.3979e+00
73 0 +1.578611270e+00 -5.077138873e+01 -5.077138873e+01 -1.2353e-01 -2.3027e+00 +1.4513e+00 -2.1618e+00 -1.8617e+00
80 0 +8.653145190e-01 -5.148468548e+01 -5.148468548e+01 -1.5186e+00 -1.0300e+00 +2.6698e+00 -1.4889e+00 -1.4244e+00
242 0 +7.134058632e-01 -5.163659414e+01 -5.163659414e+01 -8.1707e-01 -1.6336e+00 +2.0266e+00 -2.2663e+00 -6.1354e-01
250 0 +6.780992068e-01 -5.167190079e+01 -5.167190079e+01 -1.4856e-01 -1.2126e+00 +2.0196e+00 -2.6092e+00 -1.7651e+00
262 0 +5.701109087e-01 -5.177988909e+01 -5.177988909e+01 -8.4271e-01 -1.1031e+00 +1.6523e+00 -2.7357e+00 -1.7847e+00
268 0 +3.969675560e-01 -5.195303244e+01 -5.195303244e+01 -7.5219e-01 -8.2876e-01 +2.8119e+00 -2.5325e+00 -1.9150e+00
290 0 +2.728970861e-01 -5.207710291e+01 -5.207710291e+01 -1.0082e+00 -1.1442e+00 +2.2074e+00 -2.0636e+00 -1.8085e+00
335 0 +1.780216908e-01 -5.217197831e+01 -5.217197831e+01 -6.8636e-01 -1.3232e+00 +2.4751e+00 -2.1699e+00 -1.7868e+00
403 0 +7.578963335e-02 -5.227421037e+01 -5.227421037e+01 -6.8153e-01 -1.0316e+00 +2.3356e+00 -2.0504e+00 -1.5930e+00
458 0 +6.319331858e-02 -5.228680668e+01 -5.228680668e+01 -6.4803e-01 -1.0691e+00 +2.5773e+00 -2.1844e+00 -1.5647e+00
502 0 +5.613598770e-02 -5.229386401e+01 -5.229386401e+01 -8.1468e-01 -1.1507e+00 +2.5343e+00 -2.1937e+00 -1.6569e+00
539 0 +2.460379920e-02 -5.232539620e+01 -5.232539620e+01 -7.8747e-01 -1.1660e+00 +2.3903e+00 -2.2575e+00 -1.3650e+00
623 0 +1.583606457e-02 -5.233416394e+01 -5.233416394e+01 -9.0596e-01 -1.2051e+00 +2.3939e+00 -2.4756e+00 -1.4643e+00
689 0 +4.954870991e-03 -5.234504513e+01 -5.234504513e+01 -8.6503e-01 -1.2598e+00 +2.5723e+00 -2.3314e+00 -1.5208e+00
735 0 +4.335837421e-03 -5.234566416e+01 -5.234566416e+01 -9.0079e-01 -1.2343e+00 +2.4591e+00 -2.4303e+00 -1.5091e+00
815 0 +2.986514805e-03 -5.234701349e+01 -5.234701349e+01 -9.2839e-01 -1.2792e+00 +2.5467e+00 -2.4515e+00 -1.4843e+00
859 0 +2.035822907e-03 -5.234796418e+01 -5.234796418e+01 -8.8201e-01 -1.2420e+00 +2.5242e+00 -2.4143e+00 -1.5275e+00
908 0 +1.760834540e-03 -5.234823917e+01 -5.234823917e+01 -9.2451e-01 -1.2818e+00 +2.5618e+00 -2.4298e+00 -1.5103e+00
914 0 +1.437038945e-03 -5.234856296e+01 -5.234856296e+01 -9.0212e-01 -1.2638e+00 +2.5417e+00 -2.4110e+00 -1.5092e+00
918 0 +9.940404867e-04 -5.234900596e+01 -5.234900596e+01 -9.0277e-01 -1.2719e+00 +2.5635e+00 -2.4039e+00 -1.5334e+00
951 0 +8.516641379e-04 -5.234914834e+01 -5.234914834e+01 -8.8066e-01 -1.2783e+00 +2.6212e+00 -2.3556e+00 -1.5477e+00
952 0 +4.928223986e-04 -5.234950718e+01 -5.234950718e+01 -8.9909e-01 -1.2719e+00 +2.5749e+00 -2.3967e+00 -1.5289e+00
953 0 +3.570673883e-04 -5.234964293e+01 -5.234964293e+01 -8.6170e-01 -1.2286e+00 +2.5120e+00 -2.3490e+00 -1.5197e+00
969 0 +3.537314216e-04 -5.234964627e+01 -5.234964627e+01 -8.8336e-01 -1.2420e+00 +2.5160e+00 -2.3892e+00 -1.5121e+00
972 0 +2.750484059e-04 -5.234972495e+01 -5.234972495e+01 -8.8731e-01 -1.2619e+00 +2.5656e+00 -2.3852e+00 -1.5303e+00
1158 0 +2.545375498e-04 -5.234974546e+01 -5.234974546e+01 -8.7376e-01 -1.2460e+00 +2.5432e+00 -2.3696e+00 -1.5256e+00
1187 0 +1.737049287e-04 -5.234982630e+01 -5.234982630e+01 -8.7966e-01 -1.2414e+00 +2.5173e+00 -2.3745e+00 -1.5056e+00
1213 0 +1.491260803e-04 -5.234985087e+01 -5.234985087e+01 -8.5864e-01 -1.2381e+00 +2.5409e+00 -2.3315e+00 -1.5221e+00
% f evaluations | g evaluations | best noise-free fitness - Fopt (-1.795400000000e+02) + sum g_i+ | measured fitness | best measured fitness or single-digit g-values | x1 | x2...
1 0 +1.728725235e+01 -1.622527477e+02 -1.622527477e+02 +5.9671e-01 -3.8264e-02 +7.4769e-01 +1.6230e+00 -1.3415e-01
22 0 +1.702440765e+01 -1.625155923e+02 -1.625155923e+02 +5.0405e-01 +1.9862e+00 +2.7458e-01 +3.5755e-01 +2.5554e-02
23 0 +1.510000685e+01 -1.644399931e+02 -1.644399931e+02 -1.8188e+00 +7.3486e-02 +1.6023e-01 +2.5632e+00 -9.2361e-02
24 0 +1.287642982e+01 -1.666635702e+02 -1.666635702e+02 +4.0155e-01 +6.5288e-02 -1.0687e+00 +1.2428e+00 +8.5193e-01
27 0 +1.149920441e+01 -1.680407956e+02 -1.680407956e+02 -2.6364e-01 +6.8515e-02 +1.1415e+00 +2.6818e+00 +1.1670e+00
35 0 +9.758659841e+00 -1.697813402e+02 -1.697813402e+02 +3.4037e-01 +5.9993e-01 -3.7474e-02 +1.0866e+00 +1.4795e+00
40 0 +8.453245151e+00 -1.710867548e+02 -1.710867548e+02 -7.0400e-01 +1.0348e+00 -1.0033e+00 +2.3252e+00 +3.6265e-01
49 0 +8.147930194e+00 -1.713920698e+02 -1.713920698e+02 +4.6431e-01 +7.9701e-02 -5.3099e-01 +2.9515e+00 +5.8138e-01
54 0 +6.485513691e+00 -1.730544863e+02 -1.730544863e+02 +2.6753e-01 +1.8509e+00 -9.3623e-01 +4.0628e+00 +2.8516e+00
67 0 +6.426288148e+00 -1.731137119e+02 -1.731137119e+02 -8.0425e-01 +1.2420e+00 -1.8458e+00 +2.8063e+00 +6.9989e-01
69 0 +6.082353627e+00 -1.734576464e+02 -1.734576464e+02 +2.1454e-01 -5.7697e-02 -3.1647e+00 +1.8140e+00 +1.3144e+00
87 0 +4.141063370e+00 -1.753989366e+02 -1.753989366e+02 +7.1168e-01 +4.5952e-01 -3.5454e+00 +4.8081e+00 +1.8983e+00
88 0 +3.706543869e+00 -1.758334561e+02 -1.758334561e+02 +1.1396e-01 +1.2071e+00 -4.1053e+00 +3.0840e+00 +4.9831e-01
90 0 +3.409692956e+00 -1.761303070e+02 -1.761303070e+02 +1.7279e+00 +2.0044e+00 -2.2053e+00 +2.6799e+00 +2.4374e+00
94 0 +3.317264302e+00 -1.762227357e+02 -1.762227357e+02 -1.2597e+00 +6.8243e-01 -3.9562e+00 +3.2987e+00 +3.0897e+00
115 0 +2.368827834e+00 -1.771711722e+02 -1.771711722e+02 +1.0871e+00 +6.8293e-01 -3.9714e+00 +4.2682e+00 +3.0667e+00
120 0 +1.634418258e+00 -1.779055817e+02 -1.779055817e+02 +9.3875e-01 +6.6846e-02 -2.4415e+00 +3.4407e+00 +3.1069e+00
195 0 +1.217669792e+00 -1.783223302e+02 -1.783223302e+02 +1.7741e-02 +1.2281e+00 -3.3521e+00 +1.7861e+00 +3.8699e+00
260 0 +1.054158571e+00 -1.784858414e+02 -1.784858414e+02 +1.5557e+00 +1.2758e-01 -4.1478e+00 +2.1104e+00 +4.3435e+00
270 0 +9.157491591e-01 -1.786242508e+02 -1.786242508e+02 +1.2972e+00 +2.4020e-01 -2.9023e+00 +2.0720e+00 +2.8732e+00
282 0 +5.801634233e-01 -1.789598366e+02 -1.789598366e+02 +1.1540e+00 +1.7652e-02 -3.6915e+00 +1.7090e+00 +3.7022e+00
309 0 +1.366803674e-01 -1.794033196e+02 -1.794033196e+02 +8.7161e-01 +5.8010e-01 -3.6968e+00 +2.3705e+00 +3.9772e+00
476 0 +3.338774877e-02 -1.795066123e+02 -1.795066123e+02 +6.6655e-01 +6.6813e-01 -3.5271e+00 +2.3032e+00 +3.9642e+00
595 0 +2.775775132e-02 -1.795122422e+02 -1.795122422e+02 +6.9998e-01 +6.4287e-01 -3.5154e+00 +2.5421e+00 +4.0150e+00
748 0 +1.680455478e-02 -1.795231954e+02 -1.795231954e+02 +8.0568e-01 +3.7863e-01 -3.4534e+00 +2.4257e+00 +3.7821e+00
766 0 +1.248257883e-02 -1.795275174e+02 -1.795275174e+02 +7.7936e-01 +4.1529e-01 -3.4302e+00 +2.2835e+00 +3.7744e+00
830 0 +4.626496626e-03 -1.795353735e+02 -1.795353735e+02 +7.3693e-01 +5.1437e-01 -3.4384e+00 +2.4194e+00 +3.8512e+00
867 0 +3.702895096e-03 -1.795362971e+02 -1.795362971e+02 +7.7993e-01 +5.5506e-01 -3.4647e+00 +2.3731e+00 +3.8841e+00
934 0 +3.468803295e-03 -1.795365312e+02 -1.795365312e+02 +7.2228e-01 +5.1410e-01 -3.4700e+00 +2.3109e+00 +3.8609e+00
960 0 +6.677211916e-04 -1.795393323e+02 -1.795393323e+02 +8.1849e-01 +4.7154e-01 -3.4506e+00 +2.3500e+00 +3.8137e+00
% f evaluations | g evaluations | best noise-free fitness - Fopt (7.731000000000e+01) + sum g_i+ | measured fitness | best measured fitness or single-digit g-values | x1 | x2...
1 0 +1.401331818e+01 +9.132331818e+01 +9.132331818e+01 +5.9671e-01 -3.8264e-02 +7.4769e-01 +1.6230e+00 -1.3415e-01
2 0 +8.914043025e+00 +8.622404302e+01 +8.622404302e+01 -1.3414e-01 +1.6792e+00 +8.6743e-01 -3.6947e-01 +6.4256e-01
5 0 +8.304442480e+00 +8.561444248e+01 +8.561444248e+01 +1.5656e+00 -1.2578e-01 +1.6753e-01 -1.3247e+00 -4.4438e-01
7 0 +6.427803988e+00 +8.373780399e+01 +8.373780399e+01 -5.0171e-01 +1.9523e+00 +8.6503e-02 -9.5771e-01 +9.2254e-01
8 0 +2.591273114e+00 +7.990127311e+01 +7.990127311e+01 -1.1208e+00 +3.0886e-01 -1.8597e+00 -1.2282e+00 +2.9686e-01
13 0 +2.105129821e+00 +7.941512982e+01 +7.941512982e+01 -3.7917e-01 -8.5659e-02 -1.0063e+00 -1.0962e+00 +9.1253e-01
34 0 +1.790162408e+00 +7.910016241e+01 +7.910016241e+01 +1.1627e+00 -2.1655e-01 -2.7488e+00 -3.3976e-01 +7.5353e-01
49 0 +1.555168287e+00 +7.886516829e+01 +7.886516829e+01 -6.9695e-01 -9.5625e-01 -1.9001e+00 -1.4068e+00 +9.2586e-01
82 0 +1.437249574e+00 +7.874724957e+01 +7.874724957e+01 +6.8138e-01 -3.9423e-01 -2.6647e+00 -1.5590e+00 -3.9630e-01
105 0 +9.307960689e-01 +7.824079607e+01 +7.824079607e+01 +7.8691e-01 -1.3023e+00 -1.7217e+00 -2.4806e+00 +1.7515e+00
125 0 +9.124006406e-01 +7.822240064e+01 +7.822240064e+01 +7.5457e-01 -1.6945e-01 -1.7662e+00 -1.9056e+00 +9.5901e-02
145 0 +8.461825399e-01 +7.815618254e+01 +7.815618254e+01 +6.1677e-01 -6.6174e-01 -3.0344e+00 -1.2902e+00 +6.4049e-01
169 0 +8.215545783e-01 +7.813155458e+01 +7.813155458e+01 +9.8821e-01 -1.5154e+00 -2.3083e+00 -1.7769e+00 +4.1770e-01
173 0 +7.909321360e-01 +7.810093214e+01 +7.810093214e+01 +9.1626e-01 -1.1965e+00 -2.9157e+00 -2.2347e+00 +1.5324e+00
189 0 +4.786504648e-01 +7.778865046e+01 +7.778865046e+01 +1.5003e+00 -8.5093e-01 -2.3722e+00 -1.5892e+00 +9.6980e-01
227 0 +3.169409205e-01 +7.762694092e+01 +7.762694092e+01 +8.2713e-01 -5.3478e-01 -1.8782e+00 -1.5014e+00 +8.3899e-01
338 0 +2.223674660e-01 +7.753236747e+01 +7.753236747e+01 +1.0507e+00 -5.4631e-01 -2.6430e+00 -1.6024e+00 +8.5725e-01
366 0 +1.221420974e-01 +7.743214210e+01 +7.743214210e+01 +8.2146e-01 -3.2596e-01 -1.9120e+00 -2.1718e+00 +9.0832e-01
393 0 +1.073311314e-01 +7.741733113e+01 +7.741733113e+01 +7.5815e-01 -3.1818e-01 -2.3503e+00 -1.8490e+00 +1.0387e+00
426 0 +6.976190794e-02 +7.737976191e+01 +7.737976191e+01 +9.1587e-01 -5.7794e-01 -1.8823e+00 -1.9836e+00 +1.0389e+00
451 0 +5.525506020e-02 +7.736525506e+01 +7.736525506e+01 +8.7475e-01 -5.5932e-01 -1.8159e+00 -2.0546e+00 +9.0669e-01
476 0 +3.617551674e-02 +7.734617552e+01 +7.734617552e+01 +9.8695e-01 -5.0665e-01 -2.0787e+00 -1.9103e+00 +1.0018e+00
480 0 +2.913629131e-02 +7.733913629e+01 +7.733913629e+01 +1.0006e+00 -6.5006e-01 -1.9547e+00 -1.9052e+00 +9.6763e-01
504 0 +2.057067608e-02 +7.733057068e+01 +7.733057068e+01 +9.5965e-01 -5.8070e-01 -1.8831e+00 -2.0034e+00 +9.2316e-01
528 0 +1.924594502e-02 +7.732924595e+01 +7.732924595e+01 +9.8482e-01 -6.1401e-01 -1.9765e+00 -1.9577e+00 +9.4731e-01
537 0 +1.592976679e-02 +7.732592977e+01 +7.732592977e+01 +9.8730e-01 -6.3229e-01 -1.9921e+00 -1.8721e+00 +9.4113e-01
604 0 +1.399693889e-02 +7.732399694e+01 +7.732399694e+01 +1.0028e+00 -5.5214e-01 -1.9258e+00 -1.8965e+00 +9.4179e-01
612 0 +1.305189857e-02 +7.732305190e+01 +7.732305190e+01 +9.5058e-01 -5.8329e-01 -1.9528e+00 -1.9621e+00 +9.6352e-01
613 0 +6.841003095e-03 +7.731684100e+01 +7.731684100e+01 +9.6581e-01 -5.8561e-01 -2.0740e+00 -1.8491e+00 +9.7797e-01
713 0 +6.628385393e-03 +7.731662839e+01 +7.731662839e+01 +9.1966e-01 -5.4157e-01 -2.0074e+00 -1.9422e+00 +9.8148e-01
717 0 +5.897670586e-03 +7.731589767e+01 +7.731589767e+01 +9.1423e-01 -6.2462e-01 -2.0835e+00 -1.8958e+00 +9.7996e-01
786 0 +1.092718579e-03 +7.731109272e+01 +7.731109272e+01 +9.3385e-01 -5.7833e-01 -2.0773e+00 -1.8946e+00 +9.8298e-01
1007 0 +8.483656272e-04 +7.731084837e+01 +7.731084837e+01 +9.0839e-01 -6.4767e-01 -2.0661e+00 -1.8708e+00 +9.9408e-01
1025 0 +4.545806485e-04 +7.731045458e+01 +7.731045458e+01 +9.1572e-01 -6.0914e-01 -2.0617e+00 -1.9008e+00 +9.8517e-01
1095 0 +2.183427755e-04 +7.731021834e+01 +7.731021834e+01 +8.9660e-01 -6.3515e-01 -2.0809e+00 -1.8793e+00 +9.9854e-01
1193 0 +1.463389422e-04 +7.731014634e+01 +7.731014634e+01 +9.0774e-01 -6.0557e-01 -2.0810e+00 -1.8962e+00 +9.9151e-01
% f evaluations | g evaluations | best noise-free fitness - Fopt (3.992000000000e+01) + sum g_i+ | measured fitness | best measured fitness or single-digit g-values | x1 | x2...
1 0 +6.809865145e+00 +4.672986515e+01 +4.672986515e+01 +5.9671e-01 -3.8264e-02 +7.4769e-01 +1.6230e+00 -1.3415e-01
2 0 +6.257295728e+00 +4.617729573e+01 +4.617729573e+01 -1.3414e-01 +1.6792e+00 +8.6743e-01 -3.6947e-01 +6.4256e-01
3 0 +4.819167854e+00 +4.473916785e+01 +4.473916785e+01 -3.6342e-01 -3.6573e-01 +3.4196e-01 -1.8133e+00 -1.6249e+00
5 0 +3.783022034e+00 +4.370302203e+01 +4.370302203e+01 +1.5656e+00 -1.2578e-01 +1.6753e-01 -1.3247e+00 -4.4438e-01
27 0 +3.619170557e+00 +4.353917056e+01 +4.353917056e+01 +1.8891e+00 -6.4866e-02 +9.1103e-01 -1.0001e+00 -2.6130e+00
38 0 +2.510065278e+00 +4.243006528e+01 +4.243006528e+01 +2.4712e+00 -1.0477e+00 +1.8410e+00 -2.2266e+00 -7.9784e-02
69 0 +1.896041886e+00 +4.181604189e+01 +4.181604189e+01 +2.2282e+00 -1.0517e+00 +2.1487e+00 -1.5670e+00 -1.3640e+00
74 0 +1.863163679e+00 +4.178316368e+01 +4.178316368e+01 +2.1966e+00 -1.0968e+00 +1.6434e+00 -2.6358e+00 -1.7927e+00
106 0 +6.362909280e-01 +4.055629093e+01 +4.055629093e+01 +4.4619e+00 -1.1826e+00 +1.5178e+00 -2.3954e+00 -1.7727e+00
200 0 +3.382773365e-01 +4.025827734e+01 +4.025827734e+01 +4.2907e+00 -9.6187e-01 +1.8778e+00 -2.0100e+00 -1.5831e+00
255 0 +1.301402437e-01 +4.005014024e+01 +4.005014024e+01 +3.6663e+00 -1.2494e+00 +2.8008e+00 -2.3277e+00 -2.2849e+00
275 0 +8.327099715e-02 +4.000327100e+01 +4.000327100e+01 +3.9154e+00 -1.2176e+00 +2.1892e+00 -2.4953e+00 -2.0408e+00
457 0 +4.772069055e-02 +3.996772069e+01 +3.996772069e+01 +3.8136e+00 -1.0339e+00 +2.6783e+00 -2.3418e+00 -2.1749e+00
556 0 +4.623944292e-02 +3.996623944e+01 +3.996623944e+01 +3.9485e+00 -8.5638e-01 +2.4421e+00 -2.2396e+00 -2.2075e+00
562 0 +3.917585976e-02 +3.995917586e+01 +3.995917586e+01 +4.0446e+00 -9.3492e-01 +2.3014e+00 -2.3060e+00 -2.0835e+00
568 0 +3.835175632e-02 +3.995835176e+01 +3.995835176e+01 +3.7998e+00 -1.0243e+00 +2.5141e+00 -2.2423e+00 -2.2971e+00
588 0 +2.681336769e-02 +3.994681337e+01 +3.994681337e+01 +4.0448e+00 -9.3566e-01 +2.2357e+00 -2.2779e+00 -2.0878e+00
603 0 +1.512400279e-02 +3.993512400e+01 +3.993512400e+01 +3.9688e+00 -1.0498e+00 +2.2934e+00 -2.1854e+00 -2.1436e+00
667 0 +1.126134023e-02 +3.993126134e+01 +3.993126134e+01 +4.0058e+00 -9.9990e-01 +2.3460e+00 -2.3226e+00 -1.9713e+00
682 0 +1.012102641e-02 +3.993012103e+01 +3.993012103e+01 +3.9849e+00 -1.0155e+00 +2.3863e+00 -2.3024e+00 -1.9706e+00
698 0 +9.121453061e-03 +3.992912145e+01 +3.992912145e+01 +3.9525e+00 -1.0119e+00 +2.4105e+00 -2.3147e+00 -2.0418e+00
729 0 +4.268296030e-03 +3.992426830e+01 +3.992426830e+01 +4.0252e+00 -1.0577e+00 +2.3050e+00 -2.3101e+00 -1.9510e+00
756 0 +3.725618494e-03 +3.992372562e+01 +3.992372562e+01 +3.9686e+00 -1.0813e+00 +2.4032e+00 -2.3218e+00 -1.9412e+00
823 0 +3.258951003e-03 +3.992325895e+01 +3.992325895e+01 +3.9961e+00 -1.1005e+00 +2.3178e+00 -2.3224e+00 -1.9598e+00
829 0 +1.781230302e-03 +3.992178123e+01 +3.992178123e+01 +3.9695e+00 -1.0715e+00 +2.3318e+00 -2.2800e+00 -2.0560e+00
1069 0 +1.157021556e-03 +3.992115702e+01 +3.992115702e+01 +3.9082e+00 -1.0872e+00 +2.4041e+00 -2.2702e+00 -2.1147e+00
1092 0 +9.662289715e-04 +3.992096623e+01 +3.992096623e+01 +3.8972e+00 -1.0869e+00 +2.4411e+00 -2.2810e+00 -2.1006e+00
1101 0 +6.979719219e-04 +3.992069797e+01 +3.992069797e+01 +3.9572e+00 -1.0838e+00 +2.3455e+00 -2.2916e+00 -2.0477e+00
1106 0 +3.218256543e-04 +3.992032183e+01 +3.992032183e+01 +3.9469e+00 -1.0704e+00 +2.3716e+00 -2.2845e+00 -2.0633e+00
% f evaluations | g evaluations | best noise-free fitness - Fopt (-5.661000000000e+01) + sum g_i+ | measured fitness | best measured fitness or single-digit g-values | x1 | x2...
1 0 +2.419317543e+01 -3.241682457e+01 -3.241682457e+01 +5.9671e-01 -3.8264e-02 +7.4769e-01 +1.6230e+00 -1.3415e-01
3 0 +1.632183632e+01 -4.028816368e+01 -4.028816368e+01 -3.6342e-01 -3.6573e-01 +3.4196e-01 -1.8133e+00 -1.6249e+00
14 0 +1.443108532e+01 -4.217891468e+01 -4.217891468e+01 +1.4562e+00 +2.7990e-02 +1.1035e+00 +4.6164e-01 -5.4512e-01
27 0 +1.068631394e+01 -4.592368606e+01 -4.592368606e+01 +2.2626e+00 -2.9505e-01 +1.4096e+00 -2.1422e+00 -9.7228e-01
38 0 +8.616648956e+00 -4.799335104e+01 -4.799335104e+01 +5.7884e-02 -5.1776e-01 +1.3916e+00 -1.4250e+00 -3.2687e+00
54 0 +7.413998931e+00 -4.919600107e+01 -4.919600107e+01 +1.8389e+00 -2.6182e-01 +1.3931e+00 -2.1201e+00 -2.3976e+00
66 0 +6.325947965e+00 -5.028405204e+01 -5.028405204e+01 +9.3850e-01 -2.2047e-01 +2.6416e+00 -1.3803e+00 -3.2299e+00
68 0 +3.829863441e+00 -5.278013656e+01 -5.278013656e+01 +2.3417e+00 +1.3145e+00 +3.8201e+00 -1.6280e+00 -1.7886e+00
86 0 +2.136032584e+00 -5.447396742e+01 -5.447396742e+01 +1.2873e+00 +1.7422e+00 +3.9992e+00 -4.0772e+00 -2.5216e+00
189 0 +2.108763356e+00 -5.450123664e+01 -5.450123664e+01 +3.4610e+00 +1.9784e+00 +3.8897e+00 -2.8094e+00 -3.5852e+00
210 0 +2.094794554e+00 -5.451520545e+01 -5.451520545e+01 +2.0859e+00 +1.7312e+00 +3.0383e+00 -4.3059e+00 -2.3948e+00
218 0 +7.293165052e-01 -5.588068349e+01 -5.588068349e+01 +1.4332e+00 +3.1254e+00 +3.0697e+00 -3.9700e+00 -2.8886e+00
346 0 +6.343414729e-01 -5.597565853e+01 -5.597565853e+01 +2.3611e+00 +3.4335e+00 +2.8173e+00 -3.2127e+00 -2.7259e+00
348 0 +3.794980988e-01 -5.623050190e+01 -5.623050190e+01 +2.2324e+00 +3.0358e+00 +3.7826e+00 -3.6969e+00 -2.9633e+00
448 0 +3.762265387e-01 -5.623377346e+01 -5.623377346e+01 +1.8112e+00 +3.1959e+00 +3.8807e+00 -3.4381e+00 -2.7562e+00
455 0 +3.733411064e-01 -5.623665889e+01 -5.623665889e+01 +2.1776e+00 +3.4907e+00 +3.0081e+00 -3.5116e+00 -3.4401e+00
459 0 +1.999519752e-01 -5.641004802e+01 -5.641004802e+01 +1.9378e+00 +2.9381e+00 +3.6110e+00 -3.1094e+00 -2.9897e+00
471 0 +1.629708386e-01 -5.644702916e+01 -5.644702916e+01 +1.5789e+00 +2.7839e+00 +3.3172e+00 -3.2168e+00 -2.6634e+00
483 0 +9.616584216e-02 -5.651383416e+01 -5.651383416e+01 +2.0444e+00 +2.9846e+00 +3.1298e+00 -3.1730e+00 -3.4740e+00
524 0 +5.953556363e-02 -5.655046444e+01 -5.655046444e+01 +1.8368e+00 +2.9985e+00 +3.1240e+00 -3.3499e+00 -3.0005e+00
530 0 +3.769010457e-02 -5.657230990e+01 -5.657230990e+01 +1.8990e+00 +3.0213e+00 +3.0375e+00 -3.1296e+00 -3.2242e+00
537 0 +3.193856193e-02 -5.657806144e+01 -5.657806144e+01 +1.9903e+00 +3.0820e+00 +3.0296e+00 -3.2632e+00 -3.2547e+00
556 0 +3.150097221e-02 -5.657849903e+01 -5.657849903e+01 +1.9806e+00 +2.8784e+00 +3.3403e+00 -3.2638e+00 -3.1640e+00
568 0 +2.599915775e-02 -5.658400084e+01 -5.658400084e+01 +1.9073e+00 +3.0010e+00 +3.1572e+00 -3.1385e+00 -3.2178e+00
627 0 +1.010451772e-02 -5.659989548e+01 -5.659989548e+01 +2.0194e+00 +2.9250e+00 +3.3017e+00 -3.3583e+00 -3.1008e+00
731 0 +8.025991790e-03 -5.660197401e+01 -5.660197401e+01 +2.0415e+00 +2.9268e+00 +3.0736e+00 -3.3397e+00 -3.0891e+00
794 0 +6.999312926e-03 -5.660300069e+01 -5.660300069e+01 +2.0435e+00 +2.9015e+00 +3.1971e+00 -3.3730e+00 -3.0659e+00
800 0 +2.814531719e-03 -5.660718547e+01 -5.660718547e+01 +1.9896e+00 +2.9372e+00 +3.1972e+00 -3.3128e+00 -3.1022e+00
906 0 +2.365843689e-03 -5.660763416e+01 -5.660763416e+01 +1.9581e+00 +2.9416e+00 +3.1129e+00 -3.2508e+00 -3.1225e+00
987 0 +1.431307620e-03 -5.660856869e+01 -5.660856869e+01 +2.0123e+00 +2.9200e+00 +3.1451e+00 -3.3082e+00 -3.0974e+00
1047 0 +1.209674906e-03 -5.660879033e+01 -5.660879033e+01 +2.0237e+00 +2.9297e+00 +3.1448e+00 -3.3129e+00 -3.1128e+00
% f evaluations | g evaluations | best noise-free fitness - Fopt (3.270000000000e+01) + sum g_i+ | measured fitness | best measured fitness or single-digit g-values | x1 | x2...
1 0 +4.738185807e+00 +3.743818581e+01 +3.743818581e+01 +5.9671e-01 -3.8264e-02 +7.4769e-01 +1.6230e+00 -1.3415e-01
6 0 +4.184781633e+00 +3.688478163e+01 +3.688478163e+01 +2.1092e-01 -1.0510e+00 +4.7570e-01 -5.0064e-01 -1.9169e-01
10 0 +4.114533253e+00 +3.681453325e+01 +3.681453325e+01 -6.1984e-01 -3.6064e-01 +1.1571e+00 +4.4362e-01 -1.6630e+00
20 0 +3.167832081e+00 +3.586783208e+01 +3.586783208e+01 -1.3635e+00 +3.9612e-01 +3.6106e-01 +1.0511e-01 -1.3459e-01
21 0 +2.979073793e+00 +3.567907379e+01 +3.567907379e+01 -1.3154e+00 -3.2065e-01 -2.4271e-01 -7.0228e-01 -6.1286e-02
29 0 +1.020790531e+00 +3.372079053e+01 +3.372079053e+01 -1.2738e+00 -9.3871e-01 -4.1348e-01 +1.3627e+00 -2.6231e-01
67 0 +3.252120472e-01 +3.302521205e+01 +3.302521205e+01 -1.7954e+00 -1.5491e+00 +4.5914e-01 +1.5902e+00 -2.8761e-01
200 0 +2.183760970e-01 +3.291837610e+01 +3.291837610e+01 -1.9767e+00 -1.6521e+00 +7.2164e-01 +1.2887e+00 -1.3339e-01
264 0 +1.595154075e-01 +3.285951541e+01 +3.285951541e+01 -2.1204e+00 -1.6313e+00 +6.4510e-02 +9.5559e-01 -2.5079e-01
278 0 +1.515541857e-01 +3.285155419e+01 +3.285155419e+01 -1.8150e+00 -1.5392e+00 +4.5430e-01 +1.4384e+00 +7.3159e-02
287 0 +7.674187393e-02 +3.277674187e+01 +3.277674187e+01 -2.0579e+00 -1.5177e+00 +4.6535e-01 +1.2691e+00 -3.0398e-01
359 0 +7.161056123e-02 +3.277161056e+01 +3.277161056e+01 -1.9718e+00 -1.3670e+00 +1.7374e-01 +1.5267e+00 -2.6022e-01
389 0 +4.202234346e-02 +3.274202234e+01 +3.274202234e+01 -2.0509e+00 -1.6034e+00 +3.4800e-01 +1.3131e+00 -1.6868e-01
415 0 +3.328714874e-02 +3.273328715e+01 +3.273328715e+01 -2.1127e+00 -1.4641e+00 +4.2381e-01 +1.4988e+00 -8.6832e-02
418 0 +2.051441164e-02 +3.272051441e+01 +3.272051441e+01 -1.9717e+00 -1.5208e+00 +2.1851e-01 +1.3809e+00 -1.0006e-01
485 0 +1.810910902e-02 +3.271810911e+01 +3.271810911e+01 -2.0909e+00 -1.4948e+00 +3.4636e-01 +1.5092e+00 -1.3793e-01
492 0 +1.809391662e-02 +3.271809392e+01 +3.271809392e+01 -2.0362e+00 -1.5637e+00 +3.2901e-01 +1.3349e+00 -1.3050e-01
521 0 +1.437140035e-02 +3.271437140e+01 +3.271437140e+01 -2.0468e+00 -1.5656e+00 +2.9057e-01 +1.4163e+00 +8.0093e-04
522 0 +1.372010212e-02 +3.271372010e+01 +3.271372010e+01 -2.0647e+00 -1.5559e+00 +3.3689e-01 +1.3322e+00 -1.7973e-01
528 0 +9.058790918e-03 +3.270905879e+01 +3.270905879e+01 -2.0287e+00 -1.5821e+00 +2.8072e-01 +1.2667e+00 -1.3277e-01
533 0 +2.182383767e-03 +3.270218238e+01 +3.270218238e+01 -2.0574e+00 -1.5788e+00 +2.3316e-01 +1.3561e+00 -1.3382e-01
584 0 +1.005507518e-03 +3.270100551e+01 +3.270100551e+01 -2.0614e+00 -1.5710e+00 +2.5775e-01 +1.3663e+00 -1.2615e-01
916 0 +8.313546006e-04 +3.270083135e+01 +3.270083135e+01 -2.0604e+00 -1.6257e+00 +2.8609e-01 +1.2400e+00 -1.3847e-01
929 0 +5.534931532e-04 +3.270055349e+01 +3.270055349e+01 -2.0756e+00 -1.6235e+00 +2.5325e-01 +1.2678e+00 -1.6619e-01
1143 0 +3.087767906e-04 +3.270030878e+01 +3.270030878e+01 -2.0796e+00 -1.5857e+00 +2.8969e-01 +1.3220e+00 -1.5821e-01
1223 0 +1.531501380e-04 +3.270015315e+01 +3.270015315e+01 -2.0796e+00 -1.6084e+00 +2.6253e-01 +1.2881e+00 -1.7356e-01
% f evaluations | g evaluations | best noise-free fitness - Fopt (-3.943000000000e+01) + sum g_i+ | measured fitness | best measured fitness or single-digit g-values | x1 | x2...
1 0 +2.093839249e+01 -1.849160751e+01 -1.849160751e+01 +5.9671e-01 -3.8264e-02 +7.4769e-01 +1.6230e+00 -1.3415e-01
9 0 +1.821593618e+01 -2.121406382e+01 -2.121406382e+01 +8.3847e-01 +2.7137e-01 -1.5648e-02 -2.0110e-01 -1.3785e+00
14 0 +1.049200278e+01 -2.893799722e+01 -2.893799722e+01 +1.4562e+00 +2.7990e-02 +1.1035e+00 +4.6164e-01 -5.4512e-01
36 0 +8.699769050e+00 -3.073023095e+01 -3.073023095e+01 +3.5491e+00 +1.0558e+00 +5.3611e-01 -3.9612e-01 -3.4155e+00
59 0 +8.505216442e+00 -3.092478356e+01 -3.092478356e+01 +1.9193e+00 +5.8046e-02 +2.2289e+00 +7.8332e-01 +4.4018e-01
68 0 +7.618630086e+00 -3.181136991e+01 -3.181136991e+01 +2.8790e+00 +5.8497e-01 +7.4560e-01 -5.4660e-01 -1.6908e+00
70 0 +6.172456109e+00 -3.325754389e+01 -3.325754389e+01 +2.6572e+00 +1.5130e+00 +9.5420e-01 +1.5477e+00 -7.8089e-01
85 0 +3.191201438e+00 -3.623879856e+01 -3.623879856e+01 +3.8140e+00 +2.5218e+00 +3.9138e+00 +1.4372e-01 +2.2256e+00
86 0 +2.804447176e+00 -3.662555282e+01 -3.662555282e+01 +4.9440e+00 +2.6551e+00 +2.6397e+00 +9.5084e-01 -1.1722e+00
130 0 +1.146489871e+00 -3.828351013e+01 -3.828351013e+01 +3.1569e+00 +3.5064e+00 +2.6064e+00 +2.4374e+00 +4.9366e-01
135 0 +7.845740063e-01 -3.864542599e+01 -3.864542599e+01 +3.1546e+00 +3.1565e+00 +3.1688e+00 +1.5006e+00 +1.7627e+00
183 0 +6.358424919e-01 -3.879415751e+01 -3.879415751e+01 +4.0682e+00 +2.7010e+00 +3.1195e+00 +1.5009e+00 +7.5598e-01
255 0 +3.589343206e-01 -3.907106568e+01 -3.907106568e+01 +3.1391e+00 +3.7772e+00 +2.8915e+00 +1.6436e+00 +9.4421e-01
408 0 +8.175876099e-02 -3.934824124e+01 -3.934824124e+01 +4.1013e+00 +3.3315e+00 +3.1444e+00 +1.5233e+00 +9.8593e-01
516 0 +7.298594627e-02 -3.935701405e+01 -3.935701405e+01 +3.7759e+00 +3.3383e+00 +2.9395e+00 +1.4802e+00 +1.2058e+00
563 0 +6.825526305e-02 -3.936174474e+01 -3.936174474e+01 +3.4848e+00 +3.2314e+00 +2.6658e+00 +1.2964e+00 +1.2942e+00
578 0 +5.232514793e-02 -3.937767485e+01 -3.937767485e+01 +3.7118e+00 +3.2570e+00 +2.7040e+00 +1.4709e+00 +1.2286e+00
580 0 +4.730898280e-02 -3.938269102e+01 -3.938269102e+01 +4.0373e+00 +3.4856e+00 +3.0637e+00 +1.5013e+00 +1.0811e+00
631 0 +2.900295216e-02 -3.940099705e+01 -3.940099705e+01 +3.7742e+00 +3.4171e+00 +3.0098e+00 +1.4383e+00 +9.3261e-01
665 0 +2.369361641e-02 -3.940630638e+01 -3.940630638e+01 +3.8393e+00 +3.4193e+00 +3.0957e+00 +1.3328e+00 +9.8518e-01
684 0 +1.792291510e-02 -3.941207708e+01 -3.941207708e+01 +3.6564e+00 +3.3334e+00 +2.9030e+00 +1.3615e+00 +1.0924e+00
696 0 +9.285507896e-03 -3.942071449e+01 -3.942071449e+01 +3.7046e+00 +3.3432e+00 +2.8458e+00 +1.5201e+00 +1.1091e+00
821 0 +8.735485897e-03 -3.942126451e+01 -3.942126451e+01 +3.7496e+00 +3.3461e+00 +2.8457e+00 +1.5474e+00 +1.1061e+00
871 0 +8.623263230e-03 -3.942137674e+01 -3.942137674e+01 +3.7157e+00 +3.3700e+00 +2.8584e+00 +1.5005e+00 +1.1204e+00
895 0 +6.829112093e-03 -3.942317089e+01 -3.942317089e+01 +3.7380e+00 +3.2930e+00 +2.8008e+00 +1.4761e+00 +1.2216e+00
913 0 +5.739468606e-03 -3.942426053e+01 -3.942426053e+01 +3.7931e+00 +3.2763e+00 +2.8805e+00 +1.3985e+00 +1.2127e+00
917 0 +5.140054384e-03 -3.942485995e+01 -3.942485995e+01 +3.7062e+00 +3.3254e+00 +2.8313e+00 +1.4630e+00 +1.1665e+00
959 0 +4.022091547e-03 -3.942597791e+01 -3.942597791e+01 +3.8312e+00 +3.3921e+00 +2.9499e+00 +1.4691e+00 +1.1043e+00
1004 0 +6.585259631e-04 -3.942934147e+01 -3.942934147e+01 +3.8004e+00 +3.3454e+00 +2.9216e+00 +1.4465e+00 +1.1244e+00
% f evaluations | g evaluations | best noise-free fitness - Fopt (4.197200000000e+02) + sum g_i+ | measured fitness | best measured fitness or single-digit g-values | x1 | x2...
1 0 +4.830635205e+01 +4.680263520e+02 +4.680263520e+02 +5.9671e-01 -3.8264e-02 +7.4769e-01 +1.6230e+00 -1.3415e-01
11 0 +3.359690083e+01 +4.533169008e+02 +4.533169008e+02 +4.2408e-01 -2.8508e-01 -5.7692e-01 +7.1168e-01 +1.1310e+00
23 0 +2.445796969e+01 +4.441779697e+02 +4.441779697e+02 -1.8188e+00 +7.3486e-02 +1.6023e-01 +2.5632e+00 -9.2361e-02
29 0 +2.391863040e+01 +4.436386304e+02 +4.436386304e+02 +2.8373e-01 +1.7208e+00 -1.3680e+00 +1.6221e+00 +9.0798e-01
36 0 +1.779350488e+01 +4.375135049e+02 +4.375135049e+02 -1.5607e+00 -7.2546e-01 +8.4712e-01 +4.4455e+00 +1.0797e+00
45 0 +1.170266471e+01 +4.314226647e+02 +4.314226647e+02 -4.0100e-01 +7.8684e-02 -1.3623e+00 +1.8221e+00 +1.6383e+00
54 0 +6.378923476e+00 +4.260989235e+02 +4.260989235e+02 -3.2605e+00 +3.7900e-01 +9.3450e-01 +2.8772e+00 +3.0221e+00
69 0 +4.273352566e+00 +4.239933526e+02 +4.239933526e+02 -1.2327e+00 +8.0058e-01 -2.8402e+00 +2.5846e+00 +2.7029e+00
113 0 +3.979588466e+00 +4.236995885e+02 +4.236995885e+02 -1.8378e+00 +2.4320e+00 +9.9253e-01 +4.7289e+00 +3.6905e+00
127 0 +3.704151036e+00 +4.234241510e+02 +4.234241510e+02 -2.0172e+00 +1.6803e+00 -1.7818e+00 +3.4501e+00 +4.9393e+00
138 0 +1.961120052e+00 +4.216811201e+02 +4.216811201e+02 -6.9425e-01 +2.3163e+00 -6.1237e-01 +2.7390e+00 +4.5769e+00
171 0 +1.452341127e+00 +4.211723411e+02 +4.211723411e+02 -2.2446e+00 +2.7543e+00 -2.1772e+00 +3.7554e+00 +4.2292e+00
212 0 +1.167263959e+00 +4.208872640e+02 +4.208872640e+02 -2.7510e-01 +2.9343e+00 -4.2373e-01 +4.4041e+00 +3.3343e+00
301 0 +5.191494218e-01 +4.202391494e+02 +4.202391494e+02 -1.7112e+00 +3.2249e+00 -1.3894e+00 +3.8725e+00 +3.0783e+00
321 0 +4.469182603e-01 +4.201669183e+02 +4.201669183e+02 -1.6294e+00 +2.6798e+00 -1.2856e+00 +3.0436e+00 +3.6090e+00
369 0 +1.439292281e-01 +4.198639292e+02 +4.198639292e+02 -1.2258e+00 +2.7941e+00 -1.3812e+00 +3.9301e+00 +3.6176e+00
384 0 +8.185063117e-02 +4.198018506e+02 +4.198018506e+02 -1.0443e+00 +2.7182e+00 -1.2240e+00 +3.6553e+00 +3.1627e+00
490 0 +8.072350933e-02 +4.198007235e+02 +4.198007235e+02 -1.1554e+00 +2.6603e+00 -1.2808e+00 +3.5014e+00 +2.9170e+00
507 0 +1.158357711e-02 +4.197315836e+02 +4.197315836e+02 -1.1625e+00 +2.8131e+00 -1.3220e+00 +3.4651e+00 +3.0328e+00
673 0 +9.174060933e-03 +4.197291741e+02 +4.197291741e+02 -1.1464e+00 +2.7623e+00 -1.3487e+00 +3.6532e+00 +3.2277e+00
777 0 +6.936399452e-03 +4.197269364e+02 +4.197269364e+02 -1.1827e+00 +2.7881e+00 -1.2748e+00 +3.6122e+00 +3.2185e+00
782 0 +6.376361220e-03 +4.197263764e+02 +4.197263764e+02 -1.1445e+00 +2.6918e+00 -1.3350e+00 +3.5622e+00 +3.1892e+00
786 0 +3.856201772e-03 +4.197238562e+02 +4.197238562e+02 -1.1611e+00 +2.7143e+00 -1.3033e+00 +3.5267e+00 +3.1473e+00
907 0 +1.962817575e-03 +4.197219628e+02 +4.197219628e+02 -1.1987e+00 +2.7908e+00 -1.3127e+00 +3.4920e+00 +3.1621e+00
951 0 +1.561283537e-03 +4.197215613e+02 +4.197215613e+02 -1.1991e+00 +2.7730e+00 -1.3032e+00 +3.5993e+00 +3.2660e+00
989 0 +1.187332393e-03 +4.197211873e+02 +4.197211873e+02 -1.1931e+00 +2.7790e+00 -1.3201e+00 +3.6061e+00 +3.2607e+00
1081 0 +1.046991842e-03 +4.197210470e+02 +4.197210470e+02 -1.1604e+00 +2.7406e+00 -1.3060e+00 +3.6438e+00 +3.2325e+00
1100 0 +1.020117657e-03 +4.197210201e+02 +4.197210201e+02 -1.1800e+00 +2.7994e+00 -1.3044e+00 +3.6215e+00 +3.2170e+00
1107 0 +5.651642865e-04 +4.197205652e+02 +4.197205652e+02 -1.1495e+00 +2.7369e+00 -1.3082e+00 +3.6285e+00 +3.1962e+00
1194 0 +5.461591859e-04 +4.197205462e+02 +4.197205462e+02 -1.1494e+00 +2.7346e+00 -1.3131e+00 +3.5640e+00 +3.1443e+00
1218 0 +1.074770025e-04 +4.197201075e+02 +4.197201075e+02 -1.1629e+00 +2.7668e+00 -1.3110e+00 +3.5973e+00 +3.1807e+00
% f evaluations | g evaluations | best noise-free fitness - Fopt (7.640000000000e+00) + sum g_i+ | measured fitness | best measured fitness or single-digit g-values | x1 | x2...
1 0 +1.810879184e+01 +2.574879184e+01 +2.574879184e+01 +5.9671e-01 -3.8264e-02 +7.4769e-01 +1.6230e+00 -1.3415e-01
2 0 +1.593987314e+01 +2.357987314e+01 +2.357987314e+01 -1.3414e-01 +1.6792e+00 +8.6743e-01 -3.6947e-01 +6.4256e-01
22 0 +1.565379303e+01 +2.329379303e+01 +2.329379303e+01 +5.0405e-01 +1.9862e+00 +2.7458e-01 +3.5755e-01 +2.5554e-02
27 0 +8.298832987e+00 +1.593883299e+01 +1.593883299e+01 +1.7566e+00 +2.0865e+00 +1.2950e+00 +7.3342e-01 +9.8555e-01
87 0 +8.170184603e+00 +1.581018460e+01 +1.581018460e+01 +3.9466e+00 +4.6265e+00 +7.8153e-01 +1.1644e+00 -9.2710e-01
88 0 +5.965996822e+00 +1.360599682e+01 +1.360599682e+01 +3.6044e+00 +3.7703e+00 +1.2522e+00 +1.2777e+00 +6.0798e-01
98 0 +5.872254155e+00 +1.351225416e+01 +1.351225416e+01 +3.2790e+00 +3.8839e+00 +3.3421e+00 +1.4325e+00 +5.0241e-01
101 0 +3.556899486e+00 +1.119689949e+01 +1.119689949e+01 +1.6094e+00 +3.7143e+00 +2.4833e+00 +2.5391e+00 +3.8411e+00
107 0 +2.960520888e+00 +1.060052089e+01 +1.060052089e+01 +4.2381e+00 +2.3557e+00 +2.6161e+00 +4.1333e+00 +6.2011e-01
126 0 +1.970807259e+00 +9.610807259e+00 +9.610807259e+00 +3.0765e+00 +3.7092e+00 +3.5465e+00 +2.9221e+00 +2.0146e+00
132 0 +1.788090007e+00 +9.428090007e+00 +9.428090007e+00 +4.3014e+00 +2.1399e+00 +2.1022e+00 +3.4993e+00 +1.3830e+00
158 0 +1.680141924e+00 +9.320141924e+00 +9.320141924e+00 +3.5108e+00 +1.9008e+00 +3.8865e+00 +3.0775e+00 +2.0847e+00
177 0 +1.040061800e+00 +8.680061800e+00 +8.680061800e+00 +3.5200e+00 +1.9557e+00 +2.9197e+00 +3.0489e+00 +3.5045e+00
189 0 +8.395817963e-01 +8.479581796e+00 +8.479581796e+00 +3.6417e+00 +1.8217e+00 +2.3477e+00 +3.9574e+00 +1.9321e+00
216 0 +7.385165196e-01 +8.378516520e+00 +8.378516520e+00 +3.9891e+00 +2.2415e+00 +2.0193e+00 +3.5755e+00 +3.3256e+00
240 0 +7.253845133e-01 +8.365384513e+00 +8.365384513e+00 +4.4765e+00 +2.2803e+00 +2.4254e+00 +3.9420e+00 +3.1309e+00
260 0 +4.970226592e-01 +8.137022659e+00 +8.137022659e+00 +4.1611e+00 +2.4306e+00 +2.2045e+00 +3.6482e+00 +3.0611e+00
276 0 +4.437839438e-01 +8.083783944e+00 +8.083783944e+00 +3.2254e+00 +2.2127e+00 +2.3321e+00 +3.6655e+00 +3.0223e+00
293 0 +1.952469053e-01 +7.835246905e+00 +7.835246905e+00 +3.5048e+00 +2.4871e+00 +2.6555e+00 +3.7041e+00 +3.0189e+00
380 0 +1.755147390e-01 +7.815514739e+00 +7.815514739e+00 +3.5496e+00 +2.9566e+00 +2.7997e+00 +3.8835e+00 +2.7383e+00
410 0 +1.320954824e-01 +7.772095482e+00 +7.772095482e+00 +3.4032e+00 +2.6656e+00 +2.9454e+00 +3.9454e+00 +2.4670e+00
463 0 +1.298555867e-01 +7.769855587e+00 +7.769855587e+00 +3.2550e+00 +3.0110e+00 +2.5153e+00 +3.8287e+00 +2.8778e+00
466 0 +4.451255939e-02 +7.684512559e+00 +7.684512559e+00 +3.7444e+00 +2.5973e+00 +2.6185e+00 +3.7448e+00 +3.0402e+00
529 0 +4.312706220e-02 +7.683127062e+00 +7.683127062e+00 +3.4821e+00 +2.3153e+00 +2.8311e+00 +3.9769e+00 +2.5691e+00
559 0 +2.041528384e-02 +7.660415284e+00 +7.660415284e+00 +3.3858e+00 +2.7064e+00 +2.7402e+00 +3.9329e+00 +2.7706e+00
561 0 +1.697592879e-02 +7.656975929e+00 +7.656975929e+00 +3.3947e+00 +2.5687e+00 +2.8604e+00 +4.0266e+00 +2.6279e+00
643 0 +1.197706341e-02 +7.651977063e+00 +7.651977063e+00 +3.5429e+00 +2.7099e+00 +2.7876e+00 +3.8697e+00 +2.8367e+00
677 0 +8.334662509e-03 +7.648334663e+00 +7.648334663e+00 +3.5064e+00 +2.5929e+00 +2.8159e+00 +3.9393e+00 +2.7606e+00
700 0 +7.814268492e-03 +7.647814268e+00 +7.647814268e+00 +3.5412e+00 +2.5328e+00 +2.7690e+00 +3.9477e+00 +2.7703e+00
715 0 +4.111449437e-03 +7.644111449e+00 +7.644111449e+00 +3.5015e+00 +2.5159e+00 +2.8161e+00 +3.9598e+00 +2.7020e+00
722 0 +2.015458867e-03 +7.642015459e+00 +7.642015459e+00 +3.5286e+00 +2.6052e+00 +2.8331e+00 +3.9188e+00 +2.7631e+00
748 0 +1.923554626e-03 +7.641923555e+00 +7.641923555e+00 +3.5259e+00 +2.6092e+00 +2.7789e+00 +3.9342e+00 +2.7897e+00
751 0 +1.852018998e-03 +7.641852019e+00 +7.641852019e+00 +3.4784e+00 +2.6239e+00 +2.7724e+00 +3.9487e+00 +2.7627e+00
770 0 +7.934584904e-04 +7.640793458e+00 +7.640793458e+00 +3.4739e+00 +2.6523e+00 +2.7930e+00 +3.9480e+00 +2.7678e+00
973 0 +7.134590144e-04 +7.640713459e+00 +7.640713459e+00 +3.5635e+00 +2.6210e+00 +2.7364e+00 +3.8934e+00 +2.8432e+00
1014 0 +4.042422000e-04 +7.640404242e+00 +7.640404242e+00 +3.5603e+00 +2.6313e+00 +2.7405e+00 +3.8924e+00 +2.8448e+00
1090 0 +2.289048007e-04 +7.640228905e+00 +7.640228905e+00 +3.5096e+00 +2.6477e+00 +2.7492e+00 +3.9201e+00 +2.8118e+00
1097 0 +1.396835958e-04 +7.640139684e+00 +7.640139684e+00 +3.5327e+00 +2.6197e+00 +2.7491e+00 +3.9061e+00 +2.8131e+00
1149 0 +5.195472423e-05 +7.640051955e+00 +7.640051955e+00 +3.5264e+00 +2.6143e+00 +2.7745e+00 +3.9153e+00 +2.7936e+00
% f evaluations | g evaluations | best noise-free fitness - Fopt (-1.276800000000e+02) + sum g_i+ | measured fitness | best measured fitness or single-digit g-values | x1 | x2...
1 0 +7.496789357e+01 -5.271210643e+01 -5.271210643e+01 +5.9671e-01 -3.8264e-02 +7.4769e-01 +1.6230e+00 -1.3415e-01
2 0 +1.435804214e+01 -1.133219579e+02 -1.133219579e+02 -1.3414e-01 +1.6792e+00 +8.6743e-01 -3.6947e-01 +6.4256e-01
22 0 +1.285868250e+01 -1.148213175e+02 -1.148213175e+02 +5.0405e-01 +1.9862e+00 +2.7458e-01 +3.5755e-01 +2.5554e-02
32 0 +1.182955366e+01 -1.158504463e+02 -1.158504463e+02 -3.0422e-01 +2.7083e+00 +9.1840e-01 +1.4581e+00 -1.4514e+00
33 0 +3.623258962e+00 -1.240567410e+02 -1.240567410e+02 +3.2035e-01 +2.7531e+00 +1.7224e+00 +3.1798e-01 -1.3871e+00
66 0 +3.554543830e+00 -1.241254562e+02 -1.241254562e+02 +6.9793e-01 +3.2866e+00 +1.9872e+00 +1.5121e-01 -1.0790e+00
86 0 +7.404945159e-01 -1.269395055e+02 -1.269395055e+02 +1.7697e+00 +3.7159e+00 +2.0900e+00 +4.3713e-01 -3.5991e+00
132 0 +6.297749159e-01 -1.270502251e+02 -1.270502251e+02 +2.9890e+00 +4.0773e+00 +2.8485e+00 +5.7514e-01 -2.5952e+00
135 0 +5.496026603e-01 -1.271303973e+02 -1.271303973e+02 +2.8535e+00 +3.9726e+00 +2.8817e+00 +5.5029e-01 -2.7543e+00
218 0 +4.493446196e-01 -1.272306554e+02 -1.272306554e+02 +2.1037e+00 +3.9623e+00 +2.7150e+00 +1.1586e+00 -2.5627e+00
263 0 +2.382359282e-01 -1.274417641e+02 -1.274417641e+02 +2.0812e+00 +3.7389e+00 +2.5367e+00 +8.3256e-01 -3.2704e+00
292 0 +1.864017251e-01 -1.274935983e+02 -1.274935983e+02 +2.2353e+00 +3.5745e+00 +2.6400e+00 +7.3427e-01 -2.6935e+00
308 0 +1.768028047e-01 -1.275031972e+02 -1.275031972e+02 +1.9403e+00 +4.0440e+00 +2.6458e+00 +5.1229e-01 -2.5544e+00
325 0 +1.616631077e-01 -1.275183369e+02 -1.275183369e+02 +2.6282e+00 +3.6125e+00 +2.4728e+00 +4.6065e-01 -3.0127e+00
352 0 +8.923421041e-02 -1.275907658e+02 -1.275907658e+02 +2.2513e+00 +3.7194e+00 +2.4702e+00 +5.5520e-01 -3.2141e+00
372 0 +8.428247255e-02 -1.275957175e+02 -1.275957175e+02 +2.4006e+00 +3.5587e+00 +2.6212e+00 +2.8844e-01 -2.8594e+00
381 0 +7.708987890e-02 -1.276029101e+02 -1.276029101e+02 +2.1321e+00 +3.5787e+00 +2.4729e+00 +7.5917e-01 -3.1124e+00
403 0 +5.566283967e-02 -1.276243372e+02 -1.276243372e+02 +2.1650e+00 +3.6341e+00 +2.4448e+00 +7.9592e-01 -2.9692e+00
427 0 +4.994748272e-02 -1.276300525e+02 -1.276300525e+02 +2.2667e+00 +3.8736e+00 +2.4996e+00 +5.4863e-01 -3.0860e+00
461 0 +4.718811622e-02 -1.276328119e+02 -1.276328119e+02 +2.1355e+00 +3.6026e+00 +2.5122e+00 +6.8647e-01 -3.0630e+00
477 0 +2.044175706e-02 -1.276595582e+02 -1.276595582e+02 +2.1794e+00 +3.7006e+00 +2.5324e+00 +6.1940e-01 -2.8766e+00
504 0 +1.961724566e-02 -1.276603828e+02 -1.276603828e+02 +2.2092e+00 +3.6092e+00 +2.4707e+00 +6.7702e-01 -2.9094e+00
541 0 +1.686632460e-02 -1.276631337e+02 -1.276631337e+02 +2.2115e+00 +3.6829e+00 +2.4846e+00 +6.4959e-01 -2.6675e+00
543 0 +1.413254496e-02 -1.276658675e+02 -1.276658675e+02 +2.2762e+00 +3.6177e+00 +2.4694e+00 +6.0381e-01 -2.7326e+00
555 0 +1.367144363e-02 -1.276663286e+02 -1.276663286e+02 +2.2927e+00 +3.7726e+00 +2.5543e+00 +4.6348e-01 -2.9640e+00
558 0 +7.320166430e-03 -1.276726798e+02 -1.276726798e+02 +2.2151e+00 +3.7404e+00 +2.5260e+00 +5.7404e-01 -2.8804e+00
580 0 +7.048945238e-03 -1.276729511e+02 -1.276729511e+02 +2.1836e+00 +3.8012e+00 +2.5132e+00 +6.1325e-01 -2.7500e+00
679 0 +6.923096774e-03 -1.276730769e+02 -1.276730769e+02 +2.1957e+00 +3.6897e+00 +2.4963e+00 +6.2799e-01 -2.8902e+00
700 0 +5.929289985e-03 -1.276740707e+02 -1.276740707e+02 +2.2493e+00 +3.7331e+00 +2.4935e+00 +5.9401e-01 -2.8656e+00
703 0 +2.837076742e-03 -1.276771629e+02 -1.276771629e+02 +2.2705e+00 +3.6915e+00 +2.4894e+00 +5.7001e-01 -2.8292e+00
731 0 +2.317448637e-03 -1.276776826e+02 -1.276776826e+02 +2.2310e+00 +3.7524e+00 +2.5071e+00 +5.7137e-01 -2.7888e+00
734 0 +1.076294050e-03 -1.276789237e+02 -1.276789237e+02 +2.2452e+00 +3.7110e+00 +2.4987e+00 +5.7792e-01 -2.8429e+00
963 0 +4.336866081e-04 -1.276795663e+02 -1.276795663e+02 +2.2594e+00 +3.7271e+00 +2.5097e+00 +5.4748e-01 -2.8285e+00
