% f evaluations | g evaluations | best noise-free fitness - Fopt (-5.235000000000e+01) + sum g_i+ | measured fitness | best measured fitness or single-digit g-values | x1 | x2...
1 0 +1.634578993e+02 +1.111078993e+02 +1.111078993e+02 +5.9671e-01 -3.8264e-02 +7.4769e-01 +1.6230e+00 -1.3415e-01 -1.3414e-01 +1.6792e+00 +8.6743e-01 -3.6947e-01 +6.4256e-01
2 0 +6.756621326e+01 +1.521621326e+01 +1.521621326e+01 -3.6342e-01 -3.6573e-01 +3.4196e-01 -1.8133e+00 -1.6249e+00 -4.6229e-01 -9.1283e-01 +4.1425e-01 -8.0802e-01 -1.3123e+00
3 0 +5.722398768e+01 +4.873987676e+00 +4.873987676e+00 +1.5656e+00 -1.2578e-01 +1.6753e-01 -1.3247e+00 -4.4438e-01 +2.1092e-01 -1.0510e+00 +4.7570e-01 -5.0064e-01 -1.9169e-01
5 0 +4.444349623e+01 -7.906503766e+00 -7.906503766e+00 +8.3847e-01 +2.7137e-01 -1.5648e-02 -2.0110e-01 -1.3785e+00 -6.1984e-01 -3.6064e-01 +1.1571e+00 +4.4362e-01 -1.6630e+00
7 0 +3.417658431e+01 -1.817341569e+01 -1.817341569e+01 -3.7917e-01 -8.5659e-02 -1.0063e+00 -1.0962e+00 +9.1253e-01 +1.4562e+00 +2.7990e-02 +1.1035e+00 +4.6164e-01 -5.4512e-01
14 0 +2.740615737e+01 -2.494384263e+01 -2.494384263e+01 -1.4507e+00 +1.6856e-01 -9.6230e-01 +5.7359e-01 -8.1942e-01 +1.6499e+00 -6.8325e-01 -2.2206e-01 +9.1352e-01 -1.1309e+00
43 0 +1.526603843e+01 -3.708396157e+01 -3.708396157e+01 +2.1607e+00 +1.8553e+00 -1.4896e-01 +1.0716e+00 +7.4538e-01 +1.4686e+00 -8.6492e-01 +7.8605e-01 +1.1584e+00 -1.6587e+00
54 0 +1.424694545e+01 -3.810305455e+01 -3.810305455e+01 +7.2975e-01 +7.3739e-01 -3.0629e-01 +5.9463e-01 -8.0760e-01 +1.2486e+00 -3.3728e+00 -4.5448e-01 +3.0726e-01 -6.3626e-01
79 0 +1.232671604e+01 -4.002328396e+01 -4.002328396e+01 +1.5985e+00 +1.4524e+00 -1.3518e-01 -1.3018e+00 +2.4031e-01 +1.8047e+00 -1.1718e+00 +2.5282e-02 +2.7160e+00 -1.7653e+00
109 0 +1.022065172e+01 -4.212934828e+01 -4.212934828e+01 +8.9616e-01 +4.7671e-04 +8.6232e-01 -1.8229e+00 -8.7867e-01 +1.2823e+00 -3.3974e+00 -1.8485e+00 +1.1111e+00 -1.6223e+00
150 0 +1.021985940e+01 -4.213014060e+01 -4.213014060e+01 -6.6264e-01 -3.3422e+00 +2.3471e+00 -1.9766e+00 +1.0708e+00 +1.1139e+00 -4.9028e+00 +1.8474e+00 +3.7753e+00 +1.5179e-01
160 0 +9.093266157e+00 -4.325673384e+01 -4.325673384e+01 -3.8388e+00 -3.2962e+00 +4.8675e+00 -3.6146e-01 -9.0216e-01 +2.5216e+00 -1.7755e+00 +1.0305e+00 +4.7225e+00 -1.3274e+00
163 0 +8.078803588e+00 -4.427119641e+01 -4.427119641e+01 -1.3639e+00 +3.6634e-01 +2.9651e+00 +2.4921e-01 -1.7839e+00 +4.3704e+00 -2.4256e+00 +1.2413e+00 +1.0266e+00 -3.1074e+00
165 0 +7.318585072e+00 -4.503141493e+01 -4.503141493e+01 +3.2744e+00 -4.5340e-01 +1.4922e+00 -1.3921e+00 +1.9774e+00 +1.7020e+00 -3.2475e+00 +9.3013e-01 +3.7463e+00 -1.2521e+00
277 0 +6.462963442e+00 -4.588703656e+01 -4.588703656e+01 -6.9976e-01 -2.3231e+00 +1.7908e+00 -1.9588e+00 +1.3662e+00 +2.7390e+00 -4.6405e+00 +1.6156e+00 +2.9279e+00 -1.0049e+00
292 0 +6.235864971e+00 -4.611413503e+01 -4.611413503e+01 -1.6043e+00 -2.7266e-01 +2.3436e+00 -1.2772e+00 -3.5259e+00 +3.2314e+00 -4.4675e+00 +1.3550e+00 +1.7601e+00 -3.6151e+00
310 0 +5.254311194e+00 -4.709568881e+01 -4.709568881e+01 -3.4024e+00 -3.5117e+00 +3.2285e+00 -2.0823e+00 -9.2700e-01 +2.0271e+00 -3.6108e+00 +1.0140e+00 +1.7605e+00 -2.8037e+00
313 0 +3.984564845e+00 -4.836543515e+01 -4.836543515e+01 -1.1144e+00 -2.5926e+00 +4.5840e+00 -2.3973e+00 -2.2425e+00 +3.1816e+00 -3.9256e+00 +2.3982e+00 +2.1924e+00 -1.0580e+00
328 0 +3.621409486e+00 -4.872859051e+01 -4.872859051e+01 +9.4441e-01 +2.8040e-01 +2.1180e+00 -1.2380e+00 -1.0256e+00 +2.3001e+00 -3.7755e+00 +1.5778e+00 +2.6433e+00 -1.5679e+00
419 0 +2.689466226e+00 -4.966053377e+01 -4.966053377e+01 -8.1381e-01 -2.0518e+00 +2.9437e+00 -3.7813e+00 -2.9043e+00 +3.4097e+00 -3.9229e+00 -6.0749e-01 +3.8763e+00 -2.0034e+00
665 0 +2.026655820e+00 -5.032334418e+01 -5.032334418e+01 -7.3244e-01 -2.1657e+00 +3.3442e+00 -3.5000e+00 -1.1970e+00 +2.4547e+00 -3.4033e+00 +6.3212e-01 +2.9769e+00 -1.1554e+00
695 0 +1.323043552e+00 -5.102695645e+01 -5.102695645e+01 -8.7310e-01 -5.6469e-01 +1.6618e+00 -2.8246e+00 -2.0389e+00 +2.9444e+00 -3.5813e+00 +2.5856e-01 +2.7128e+00 -1.2397e+00
819 0 +7.445659900e-01 -5.160543401e+01 -5.160543401e+01 -1.3910e+00 -1.1983e+00 +2.8545e+00 -2.9585e+00 -1.5731e+00 +3.0125e+00 -4.0279e+00 +2.2018e-01 +3.0824e+00 -1.3675e+00
1045 0 +7.371647982e-01 -5.161283520e+01 -5.161283520e+01 -6.6884e-01 -8.9171e-01 +2.1545e+00 -2.4771e+00 -1.0032e+00 +3.6873e+00 -3.1391e+00 +2.4435e-01 +2.7191e+00 -1.0649e+00
1115 0 +7.114591810e-01 -5.163854082e+01 -5.163854082e+01 -6.3401e-01 -1.2474e+00 +1.9859e+00 -2.3548e+00 -2.0495e+00 +3.3207e+00 -3.3703e+00 +3.2028e-01 +3.0584e+00 -2.1063e+00
1151 0 +5.394664014e-01 -5.181053360e+01 -5.181053360e+01 -3.8697e-01 -1.4163e+00 +2.4256e+00 -2.3208e+00 -1.3910e+00 +3.9454e+00 -3.0995e+00 -1.0110e-01 +2.9023e+00 -1.8208e+00
1223 0 +4.770088335e-01 -5.187299117e+01 -5.187299117e+01 -1.0078e+00 -1.4986e+00 +2.9967e+00 -2.3469e+00 -1.1958e+00 +3.2658e+00 -3.3850e+00 +1.2715e-01 +3.0870e+00 -1.5401e+00
1250 0 +4.427503918e-01 -5.190724961e+01 -5.190724961e+01 -1.2254e+00 -1.0353e+00 +2.2804e+00 -2.1144e+00 -1.7649e+00 +3.6720e+00 -3.3196e+00 +4.0628e-02 +2.4857e+00 -1.5918e+00
1342 0 +3.252794083e-01 -5.202472059e+01 -5.202472059e+01 -1.1924e+00 -9.2285e-01 +2.3596e+00 -2.6679e+00 -1.6942e+00 +3.3703e+00 -4.0555e+00 -2.5946e-01 +2.3240e+00 -1.6910e+00
1550 0 +2.836453041e-01 -5.206635470e+01 -5.206635470e+01 -1.0992e+00 -1.2516e+00 +2.5305e+00 -2.1846e+00 -1.5972e+00 +3.2803e+00 -3.6113e+00 +2.3484e-01 +2.7150e+00 -1.8848e+00
1656 0 +2.584383881e-01 -5.209156161e+01 -5.209156161e+01 -7.6720e-01 -8.1817e-01 +2.7116e+00 -2.3213e+00 -1.8663e+00 +3.4302e+00 -4.0663e+00 -1.7359e-01 +2.7502e+00 -1.8255e+00
1669 0 +2.357955096e-01 -5.211420449e+01 -5.211420449e+01 -9.3747e-01 -1.1481e+00 +2.2562e+00 -2.5188e+00 -1.8313e+00 +3.3948e+00 -4.4639e+00 +5.0895e-02 +2.8634e+00 -1.9924e+00
1691 0 +2.084952342e-01 -5.214150477e+01 -5.214150477e+01 -7.6025e-01 -1.3827e+00 +2.3511e+00 -2.2845e+00 -1.3983e+00 +3.6025e+00 -4.1314e+00 +3.0220e-01 +2.9685e+00 -1.7627e+00
1721 0 +1.451140679e-01 -5.220488593e+01 -5.220488593e+01 -7.3796e-01 -1.0266e+00 +2.4087e+00 -2.3406e+00 -1.6122e+00 +3.4546e+00 -3.9160e+00 +1.2754e-01 +2.9473e+00 -1.9940e+00
1850 0 +8.835104006e-02 -5.226164896e+01 -5.226164896e+01 -8.3343e-01 -1.1353e+00 +2.3598e+00 -2.3362e+00 -1.5565e+00 +3.7603e+00 -4.0047e+00 +1.2736e-01 +2.7559e+00 -1.8316e+00
2020 0 +6.348418026e-02 -5.228651582e+01 -5.228651582e+01 -8.8070e-01 -1.2996e+00 +2.5064e+00 -2.5270e+00 -1.3582e+00 +3.7247e+00 -3.8661e+00 +8.4479e-02 +2.8235e+00 -1.6699e+00
2115 0 +3.931047528e-02 -5.231068952e+01 -5.231068952e+01 -8.9195e-01 -1.1909e+00 +2.6780e+00 -2.4337e+00 -1.5174e+00 +3.6605e+00 -3.8481e+00 +7.3477e-02 +2.6030e+00 -1.6005e+00
2181 0 +3.757973830e-02 -5.231242026e+01 -5.231242026e+01 -9.2371e-01 -1.1778e+00 +2.6436e+00 -2.3076e+00 -1.3616e+00 +3.7671e+00 -3.9733e+00 +2.4038e-02 +2.8627e+00 -1.8767e+00
2265 0 +3.583711830e-02 -5.231416288e+01 -5.231416288e+01 -8.6884e-01 -1.2099e+00 +2.7356e+00 -2.3182e+00 -1.4060e+00 +3.7670e+00 -3.9399e+00 +1.0089e-02 +2.7206e+00 -1.7138e+00
2353 0 +2.855716793e-02 -5.232144283e+01 -5.232144283e+01 -8.2685e-01 -1.2106e+00 +2.5985e+00 -2.3397e+00 -1.5793e+00 +3.7556e+00 -3.8524e+00 +7.8737e-02 +2.7413e+00 -1.6972e+00
2369 0 +2.239301853e-02 -5.232760698e+01 -5.232760698e+01 -7.9757e-01 -1.2698e+00 +2.5945e+00 -2.3123e+00 -1.5607e+00 +3.7348e+00 -3.8414e+00 +1.0987e-03 +2.7558e+00 -1.7209e+00
2422 0 +1.649255117e-02 -5.233350745e+01 -5.233350745e+01 -8.9364e-01 -1.1604e+00 +2.5770e+00 -2.4066e+00 -1.5078e+00 +3.5904e+00 -3.7893e+00 +5.2290e-02 +2.7519e+00 -1.6355e+00
% f evaluations | g evaluations | best noise-free fitness - Fopt (-1.795400000000e+02) + sum g_i+ | measured fitness | best measured fitness or single-digit g-values | x1 | x2...
1 0 +4.548581657e+01 -1.340541834e+02 -1.340541834e+02 +5.9671e-01 -3.8264e-02 +7.4769e-01 +1.6230e+00 -1.3415e-01 -1.3414e-01 +1.6792e+00 +8.6743e-01 -3.6947e-01 +6.4256e-01
7 0 +4.153914109e+01 -1.380008589e+02 -1.380008589e+02 -3.7917e-01 -8.5659e-02 -1.0063e+00 -1.0962e+00 +9.1253e-01 +1.4562e+00 +2.7990e-02 +1.1035e+00 +4.6164e-01 -5.4512e-01
11 0 +3.768042005e+01 -1.418595799e+02 -1.418595799e+02 -1.3154e+00 -3.2065e-01 -2.4271e-01 -7.0228e-01 -6.1286e-02 +5.0405e-01 +1.9862e+00 +2.7458e-01 +3.5755e-01 +2.5554e-02
17 0 +3.724786350e+01 -1.422921365e+02 -1.422921365e+02 -8.7468e-01 +8.8708e-01 +1.2586e+00 -7.2068e-01 +1.0634e+00 +5.1278e-01 +9.2206e-01 +1.9968e+00 -1.4539e-01 -6.5374e-01
42 0 +2.716884756e+01 -1.523711524e+02 -1.523711524e+02 +8.1161e-01 -1.0246e+00 -1.4341e+00 +1.3777e+00 +4.3231e-01 -6.4849e-01 +1.6512e+00 +2.1567e-01 +1.2793e+00 +1.6752e-01
48 0 +1.958367471e+01 -1.599563253e+02 -1.599563253e+02 -1.7505e-01 -2.2019e+00 -1.4152e+00 +1.4669e+00 +1.7450e+00 -1.4904e-01 +6.7656e-01 +4.1125e-01 +3.1789e+00 +1.2196e+00
62 0 +9.889070025e+00 -1.696509300e+02 -1.696509300e+02 -4.9798e-01 -3.9010e-01 +8.5979e-02 +2.3277e+00 +1.4631e+00 -5.7896e-01 +4.0134e-01 +3.6846e+00 +1.8494e-01 +1.6594e-01
91 0 +9.887087802e+00 -1.696529122e+02 -1.696529122e+02 -4.3832e-02 -1.6646e+00 -2.6665e+00 +1.3770e+00 +7.4911e-01 -2.1502e-01 +3.0281e+00 +1.8961e+00 +2.3675e+00 +2.4463e+00
185 0 +8.150059556e+00 -1.713899404e+02 -1.713899404e+02 -4.5913e-02 -1.3097e+00 -2.4218e+00 +3.2589e+00 -4.7566e-02 +1.4094e+00 +3.1452e+00 +3.1900e+00 -1.8410e+00 +9.7978e-01
247 0 +6.453948785e+00 -1.730860512e+02 -1.730860512e+02 +3.8022e-01 +5.9301e-01 -1.1028e+00 +2.5444e+00 +3.4853e+00 +8.2307e-01 +2.2366e+00 +2.8481e+00 -1.7283e+00 -1.4409e-01
289 0 +5.035183189e+00 -1.745048168e+02 -1.745048168e+02 +5.9079e-01 -4.6663e-01 -3.6223e+00 +4.6724e+00 +2.8016e+00 +1.6574e-01 +2.8232e+00 +3.7201e+00 +1.0211e+00 +3.9851e+00
327 0 +1.916060349e+00 -1.776239397e+02 -1.776239397e+02 +4.3015e-01 -3.4105e-02 -3.0979e+00 +2.5220e+00 +4.0052e+00 -7.1937e-01 +3.9529e+00 +4.8038e+00 +9.7935e-01 +2.8931e+00
641 0 +1.317539939e+00 -1.782224601e+02 -1.782224601e+02 +1.7879e+00 +5.7549e-01 -3.3418e+00 +3.0417e+00 +3.0095e+00 -8.8601e-01 +3.9601e+00 +3.5870e+00 +5.6371e-01 +1.6863e+00
754 0 +1.075605892e+00 -1.784643941e+02 -1.784643941e+02 +1.0627e+00 +1.0551e+00 -3.6140e+00 +2.5120e+00 +3.6222e+00 -5.7460e-01 +4.5609e+00 +4.2781e+00 +2.7006e-01 +2.6395e+00
929 0 +8.640434673e-01 -1.786759565e+02 -1.786759565e+02 +6.7847e-01 +6.3505e-01 -3.0437e+00 +2.6558e+00 +3.3004e+00 -8.6620e-01 +3.0529e+00 +3.4241e+00 -2.9026e-01 +1.5825e+00
1085 0 +8.411347068e-01 -1.786988653e+02 -1.786988653e+02 +5.8797e-01 -7.2859e-02 -3.2122e+00 +2.2936e+00 +3.4461e+00 -4.1960e-01 +3.0073e+00 +3.9057e+00 +2.1954e-01 +2.3901e+00
1107 0 +8.004648890e-01 -1.787395351e+02 -1.787395351e+02 +4.9620e-01 +7.3892e-01 -3.1669e+00 +2.9020e+00 +3.6511e+00 -1.1335e+00 +3.8548e+00 +3.0010e+00 +1.2696e-01 +2.0684e+00
1142 0 +7.753844950e-01 -1.787646155e+02 -1.787646155e+02 +9.6873e-01 +4.0739e-01 -3.6044e+00 +1.6245e+00 +3.7394e+00 -3.7310e-01 +2.8933e+00 +3.5713e+00 -1.8876e-01 +1.8680e+00
1164 0 +5.821027541e-01 -1.789578972e+02 -1.789578972e+02 +6.6727e-01 +3.3758e-01 -3.4514e+00 +2.2549e+00 +3.9125e+00 -3.9477e-01 +2.9833e+00 +4.1573e+00 +7.0350e-01 +1.9911e+00
1188 0 +5.198524373e-01 -1.790201476e+02 -1.790201476e+02 +4.9747e-01 +1.0153e+00 -3.0953e+00 +2.0304e+00 +3.8597e+00 -6.2375e-01 +3.9813e+00 +3.3688e+00 +3.5464e-01 +1.9122e+00
1217 0 +2.878303372e-01 -1.792521697e+02 -1.792521697e+02 +9.5506e-01 +1.0889e-01 -3.2318e+00 +2.3075e+00 +3.7707e+00 -6.6609e-01 +3.3679e+00 +3.4600e+00 +4.2031e-01 +1.8193e+00
1227 0 +2.805406193e-01 -1.792594594e+02 -1.792594594e+02 +5.5357e-01 +6.1194e-01 -3.6114e+00 +1.8876e+00 +3.6906e+00 -8.9630e-01 +3.1405e+00 +3.2549e+00 +1.0502e-01 +2.0043e+00
1264 0 +2.519692182e-01 -1.792880308e+02 -1.792880308e+02 +7.4864e-01 +7.7992e-01 -3.1281e+00 +2.2068e+00 +3.6652e+00 -1.5933e-01 +3.7356e+00 +3.4965e+00 -5.4985e-02 +2.4080e+00
1284 0 +2.379668109e-01 -1.793020332e+02 -1.793020332e+02 +5.9768e-01 +3.9612e-01 -3.0366e+00 +2.3305e+00 +3.7975e+00 -5.9352e-01 +3.2092e+00 +3.2501e+00 +1.3149e-01 +1.9956e+00
1337 0 +2.255003242e-01 -1.793144997e+02 -1.793144997e+02 +7.4736e-01 +6.3716e-01 -3.7163e+00 +2.4758e+00 +4.1182e+00 -8.1472e-01 +3.3728e+00 +3.5075e+00 +2.1991e-01 +2.0504e+00
1340 0 +1.002136529e-01 -1.794397863e+02 -1.794397863e+02 +1.0254e+00 +6.4344e-01 -3.4384e+00 +2.2225e+00 +3.7302e+00 -3.8187e-01 +3.5391e+00 +3.3807e+00 +2.8363e-01 +1.9468e+00
1430 0 +7.164497099e-02 -1.794683550e+02 -1.794683550e+02 +8.1652e-01 +6.2269e-01 -3.3331e+00 +2.4824e+00 +3.8727e+00 -5.0932e-01 +3.8233e+00 +3.6527e+00 +3.6487e-01 +2.0797e+00
1790 0 +6.174598724e-02 -1.794782540e+02 -1.794782540e+02 +7.7948e-01 +4.9546e-01 -3.6381e+00 +2.3639e+00 +3.7884e+00 -6.4296e-01 +3.5082e+00 +3.4989e+00 +1.9500e-01 +2.0335e+00
1815 0 +4.492110728e-02 -1.794950789e+02 -1.794950789e+02 +7.6621e-01 +4.6520e-01 -3.7238e+00 +2.4709e+00 +3.8382e+00 -5.3973e-01 +3.5776e+00 +3.4326e+00 +2.4645e-01 +2.0134e+00
1927 0 +3.980110633e-02 -1.795001989e+02 -1.795001989e+02 +7.4561e-01 +4.8935e-01 -3.5817e+00 +2.2722e+00 +3.7823e+00 -5.9484e-01 +3.7451e+00 +3.6150e+00 +2.3230e-01 +1.8797e+00
1946 0 +3.866527733e-02 -1.795013347e+02 -1.795013347e+02 +9.5001e-01 +4.8954e-01 -3.5248e+00 +2.2552e+00 +3.6977e+00 -4.5561e-01 +3.5641e+00 +3.3751e+00 +2.6565e-01 +1.9125e+00
1961 0 +2.494277364e-02 -1.795150572e+02 -1.795150572e+02 +7.9244e-01 +4.9022e-01 -3.4110e+00 +2.4428e+00 +3.8332e+00 -4.3187e-01 +3.6650e+00 +3.6068e+00 +2.3146e-01 +2.0110e+00
2344 0 +1.395252237e-02 -1.795260475e+02 -1.795260475e+02 +7.6296e-01 +4.6898e-01 -3.4158e+00 +2.3520e+00 +3.8577e+00 -5.0832e-01 +3.6794e+00 +3.6105e+00 +1.2952e-01 +1.9665e+00
% f evaluations | g evaluations | best noise-free fitness - Fopt (7.731000000000e+01) + sum g_i+ | measured fitness | best measured fitness or single-digit g-values | x1 | x2...
1 0 +3.671257325e+01 +1.140225733e+02 +1.140225733e+02 +5.9671e-01 -3.8264e-02 +7.4769e-01 +1.6230e+00 -1.3415e-01 -1.3414e-01 +1.6792e+00 +8.6743e-01 -3.6947e-01 +6.4256e-01
3 0 +3.287109558e+01 +1.101810956e+02 +1.101810956e+02 +1.5656e+00 -1.2578e-01 +1.6753e-01 -1.3247e+00 -4.4438e-01 +2.1092e-01 -1.0510e+00 +4.7570e-01 -5.0064e-01 -1.9169e-01
4 0 +1.467831331e+01 +9.198831331e+01 +9.198831331e+01 -5.0171e-01 +1.9523e+00 +8.6503e-02 -9.5771e-01 +9.2254e-01 -1.1208e+00 +3.0886e-01 -1.8597e+00 -1.2282e+00 +2.9686e-01
27 0 +1.188657945e+01 +8.919657945e+01 +8.919657945e+01 -8.2693e-01 +4.0475e-02 -3.1413e+00 -9.2439e-01 -1.5257e-01 -1.1478e+00 +1.7324e+00 -1.3301e+00 -3.4004e-01 +2.3074e-01
49 0 +8.340605350e+00 +8.565060535e+01 +8.565060535e+01 -2.7918e-02 -8.5554e-01 -1.5064e+00 +3.0346e-01 -6.5635e-01 -1.3223e+00 -5.4657e-01 -9.8155e-01 +1.7871e+00 +9.8164e-01
52 0 +7.916852397e+00 +8.522685240e+01 +8.522685240e+01 +8.8033e-01 +6.9046e-01 -1.5530e+00 -6.1889e-01 +1.7707e-01 +4.5764e-01 +8.6239e-01 -1.6297e+00 +5.1697e-01 +8.2819e-01
77 0 +7.696769837e+00 +8.500676984e+01 +8.500676984e+01 +1.3979e-01 -1.1181e+00 -2.1389e+00 +3.9357e-01 +1.7618e+00 -3.7293e+00 +7.7569e-01 -1.1757e-01 +3.5849e-01 +1.3087e+00
98 0 +3.703441343e+00 +8.101344134e+01 +8.101344134e+01 +2.0668e+00 -7.9361e-01 -6.0197e-01 -1.3926e+00 +6.9349e-03 -7.7067e-01 -1.5258e+00 -2.0915e+00 +2.0368e+00 +2.4285e+00
438 0 +3.585133518e+00 +8.089513352e+01 +8.089513352e+01 +4.3203e-01 +3.0697e-01 -2.7410e+00 -3.6429e-01 +2.3855e+00 -2.9107e+00 +4.3446e-01 -8.3031e-01 +1.1876e+00 +2.3458e+00
444 0 +3.415158184e+00 +8.072515818e+01 +8.072515818e+01 +1.1746e+00 +3.5001e-01 -1.3078e+00 -3.4348e+00 -7.8119e-02 -3.3309e+00 +9.7280e-01 -9.5074e-01 +1.8988e+00 +1.7493e+00
466 0 +3.231865252e+00 +8.054186525e+01 +8.054186525e+01 +1.5319e+00 -2.3596e-01 -2.1649e+00 -3.6317e+00 -2.0286e-01 -1.4274e+00 +3.2019e-01 -8.2367e-01 +1.5027e+00 +2.0873e+00
469 0 +3.015584089e+00 +8.032558409e+01 +8.032558409e+01 +2.3591e-01 -1.0590e+00 -3.7557e+00 -1.7807e-01 +9.8150e-01 -1.9785e+00 -5.7325e-01 -1.7095e+00 +2.0022e+00 +2.7983e+00
527 0 +2.732971201e+00 +8.004297120e+01 +8.004297120e+01 +1.3478e+00 +3.1904e-01 -2.3540e+00 -1.4312e+00 -7.7544e-01 -1.4396e+00 +4.9520e-02 -1.3775e+00 +2.5137e+00 +3.2980e+00
542 0 +8.286331233e-01 +7.813863312e+01 +7.813863312e+01 +3.6609e-01 -8.7120e-01 -1.7520e+00 -1.8791e+00 +1.5110e+00 -2.7606e+00 +1.4054e+00 -1.8388e+00 +1.7736e+00 +2.6410e+00
880 0 +5.197089243e-01 +7.782970892e+01 +7.782970892e+01 +8.3413e-01 -5.9713e-01 -1.9322e+00 -1.7756e+00 +1.0611e+00 -1.9475e+00 +4.0398e-01 -1.8101e+00 +1.5405e+00 +2.5299e+00
1082 0 +2.469132642e-01 +7.755691326e+01 +7.755691326e+01 +8.4564e-01 -6.4958e-01 -1.8632e+00 -1.7260e+00 +9.8480e-01 -2.0632e+00 +1.1074e+00 -1.4244e+00 +1.1752e+00 +2.8876e+00
1284 0 +2.451314895e-01 +7.755513149e+01 +7.755513149e+01 +7.9102e-01 -3.2670e-01 -2.1552e+00 -1.5611e+00 +8.1551e-01 -2.6844e+00 +7.9322e-01 -2.1203e+00 +1.6642e+00 +2.6548e+00
1330 0 +2.016017540e-01 +7.751160175e+01 +7.751160175e+01 +6.4957e-01 -9.7239e-01 -2.1920e+00 -1.8725e+00 +1.1026e+00 -2.3174e+00 +1.0245e+00 -1.7395e+00 +1.7636e+00 +2.6950e+00
1866 0 +1.905102707e-01 +7.750051027e+01 +7.750051027e+01 +6.4384e-01 -8.5492e-01 -1.7816e+00 -2.0424e+00 +1.0787e+00 -2.5028e+00 +5.8295e-01 -1.9362e+00 +1.2921e+00 +2.2685e+00
1894 0 +1.567994907e-01 +7.746679949e+01 +7.746679949e+01 +6.0455e-01 -7.5988e-01 -1.8873e+00 -1.7934e+00 +1.3217e+00 -2.4625e+00 +7.1934e-01 -1.8766e+00 +1.5861e+00 +2.5236e+00
2052 0 +1.247384206e-01 +7.743473842e+01 +7.743473842e+01 +7.4214e-01 -5.7822e-01 -2.0383e+00 -1.6797e+00 +9.4281e-01 -2.1427e+00 +9.4047e-01 -1.8934e+00 +1.5926e+00 +2.9646e+00
2296 0 +1.154940693e-01 +7.742549407e+01 +7.742549407e+01 +7.8291e-01 -3.2238e-01 -2.3401e+00 -1.9756e+00 +9.1648e-01 -2.1719e+00 +8.2644e-01 -2.0484e+00 +1.4789e+00 +2.6416e+00
2310 0 +9.115507244e-02 +7.740115507e+01 +7.740115507e+01 +1.0484e+00 -2.9345e-01 -2.2645e+00 -1.8805e+00 +1.1295e+00 -2.4866e+00 +6.8734e-01 -1.9669e+00 +1.3474e+00 +2.4602e+00
2387 0 +8.885053018e-02 +7.739885053e+01 +7.739885053e+01 +1.1621e+00 -7.1682e-01 -2.1752e+00 -1.8140e+00 +1.2238e+00 -2.5078e+00 +6.6656e-01 -1.8761e+00 +1.3150e+00 +2.6013e+00
2407 0 +8.575776246e-02 +7.739575776e+01 +7.739575776e+01 +1.0116e+00 -6.3413e-01 -2.1291e+00 -1.8708e+00 +1.2744e+00 -2.3037e+00 +7.7943e-01 -2.0174e+00 +1.3111e+00 +2.7442e+00
2483 0 +7.167686230e-02 +7.738167686e+01 +7.738167686e+01 +1.0368e+00 -5.0074e-01 -2.0634e+00 -1.5985e+00 +1.0391e+00 -2.2856e+00 +9.0359e-01 -1.6923e+00 +1.4444e+00 +2.6426e+00
2491 0 +5.938373165e-02 +7.736938373e+01 +7.736938373e+01 +1.0231e+00 -3.6339e-01 -2.2138e+00 -1.8592e+00 +9.9872e-01 -2.3136e+00 +8.8822e-01 -2.0278e+00 +1.4489e+00 +2.8321e+00
% f evaluations | g evaluations | best noise-free fitness - Fopt (3.992000000000e+01) + sum g_i+ | measured fitness | best measured fitness or single-digit g-values | x1 | x2...
1 0 +4.191187515e+01 +8.183187515e+01 +8.183187515e+01 +5.9671e-01 -3.8264e-02 +7.4769e-01 +1.6230e+00 -1.3415e-01 -1.3414e-01 +1.6792e+00 +8.6743e-01 -3.6947e-01 +6.4256e-01
3 0 +2.572461063e+01 +6.564461063e+01 +6.564461063e+01 +1.5656e+00 -1.2578e-01 +1.6753e-01 -1.3247e+00 -4.4438e-01 +2.1092e-01 -1.0510e+00 +4.7570e-01 -5.0064e-01 -1.9169e-01
9 0 +1.804862331e+01 +5.796862331e+01 +5.796862331e+01 -1.1967e-01 +4.5711e-01 +1.5779e+00 -4.1827e-01 -7.0849e-01 -4.0176e-01 +1.0154e+00 +4.2875e-01 -4.2976e-01 +6.1327e-01
21 0 +1.733867257e+01 +5.725867257e+01 +5.725867257e+01 +4.5779e-01 +6.6078e-01 +1.1831e+00 +1.1538e+00 -1.2777e+00 -8.3783e-01 +6.1504e-01 +6.1379e-01 +6.1505e-01 +3.9527e+00
52 0 +1.706640135e+01 +5.698640135e+01 +5.698640135e+01 -3.2416e-01 -1.4359e-01 +4.3410e-01 +6.2648e-02 -8.1689e-01 +7.7234e-02 -8.6498e-01 +4.9977e-01 +1.0441e+00 +2.3037e+00
65 0 +1.279308263e+01 +5.271308263e+01 +5.271308263e+01 -5.6588e-01 -4.4073e-01 +2.6775e+00 -1.3208e+00 -8.2787e-01 +3.9535e-01 +6.3140e-01 +2.9882e+00 -6.8930e-01 +1.5791e+00
67 0 +5.904231784e+00 +4.582423178e+01 +4.582423178e+01 +9.6840e-01 -9.9470e-01 +3.2656e+00 -1.8590e+00 -1.5858e+00 +8.9235e-01 +4.5231e-01 -1.4544e+00 +5.9332e-01 +1.9859e+00
142 0 +4.891668080e+00 +4.481166808e+01 +4.481166808e+01 +5.0724e-01 -1.6065e+00 +2.9098e+00 -1.2455e+00 -2.6604e+00 +5.2544e-01 +1.8215e+00 +7.3231e-02 +1.5146e+00 +4.7389e+00
399 0 +3.463495223e+00 +4.338349522e+01 +4.338349522e+01 +1.9096e+00 +2.6864e-02 +3.4798e+00 -2.4486e+00 -1.1214e+00 +2.9570e+00 +2.1851e+00 -3.7518e-01 +2.1125e+00 +2.8926e+00
535 0 +2.286630810e+00 +4.220663081e+01 +4.220663081e+01 +4.5044e+00 -5.2263e-01 +3.1229e+00 -2.5395e+00 -3.6026e+00 +2.0221e+00 +2.8582e+00 -6.5010e-01 +3.3256e+00 +3.9647e+00
649 0 +1.991017967e+00 +4.191101797e+01 +4.191101797e+01 +4.3559e+00 -1.2252e+00 +2.1325e+00 -2.2664e+00 -1.3927e+00 +3.8082e+00 +8.2418e-01 -1.2164e+00 +2.9909e+00 +3.7355e+00
670 0 +1.971626083e+00 +4.189162608e+01 +4.189162608e+01 +3.5500e+00 -2.5546e+00 +1.9425e+00 -2.2536e+00 -1.7926e+00 +3.2073e+00 +1.8533e+00 -7.8157e-01 +2.1044e+00 +3.0532e+00
698 0 +1.883262499e+00 +4.180326250e+01 +4.180326250e+01 +3.1148e+00 -1.1210e+00 +2.3692e+00 -3.4482e+00 -1.7969e+00 +2.7091e+00 +1.6835e+00 -3.4636e-01 +2.4186e+00 +2.6272e+00
747 0 +1.655984432e+00 +4.157598443e+01 +4.157598443e+01 +3.2248e+00 -1.1702e+00 +2.5240e+00 -1.3247e+00 -1.8790e+00 +1.1379e+00 +1.8492e+00 -1.0811e+00 +2.8211e+00 +2.6984e+00
930 0 +8.464783522e-01 +4.076647835e+01 +4.076647835e+01 +4.5169e+00 -9.2563e-01 +2.8026e+00 -2.1030e+00 -1.5764e+00 +2.4609e+00 +2.6420e+00 +1.2902e-01 +3.7018e+00 +3.3640e+00
1178 0 +5.428061759e-01 +4.046280618e+01 +4.046280618e+01 +3.6422e+00 -1.2183e+00 +2.9372e+00 -2.5356e+00 -1.6160e+00 +2.3647e+00 +2.1155e+00 -7.5570e-01 +3.0286e+00 +3.8578e+00
1252 0 +4.308459549e-01 +4.035084595e+01 +4.035084595e+01 +4.2972e+00 -9.6698e-01 +2.3711e+00 -2.3536e+00 -2.3399e+00 +2.1181e+00 +2.4512e+00 -6.0560e-01 +3.1272e+00 +3.6801e+00
1337 0 +3.466612276e-01 +4.026666123e+01 +4.026666123e+01 +3.7801e+00 -1.2134e+00 +2.7813e+00 -2.1800e+00 -2.1639e+00 +2.7544e+00 +1.9783e+00 -8.2291e-01 +2.9825e+00 +3.7311e+00
1537 0 +2.312296510e-01 +4.015122965e+01 +4.015122965e+01 +3.9690e+00 -9.3651e-01 +2.2421e+00 -2.3400e+00 -2.3463e+00 +2.5170e+00 +2.2903e+00 -5.3814e-01 +3.3332e+00 +3.7792e+00
1650 0 +1.229933557e-01 +4.004299336e+01 +4.004299336e+01 +4.0308e+00 -1.1394e+00 +2.5022e+00 -2.3185e+00 -2.0021e+00 +2.2862e+00 +2.5039e+00 -7.4640e-01 +3.1288e+00 +3.1666e+00
1753 0 +1.094635513e-01 +4.002946355e+01 +4.002946355e+01 +3.9906e+00 -1.1936e+00 +2.2589e+00 -2.0775e+00 -2.0184e+00 +2.4043e+00 +2.2241e+00 -7.8668e-01 +2.9214e+00 +3.3012e+00
1768 0 +9.388916721e-02 +4.001388917e+01 +4.001388917e+01 +3.8818e+00 -1.1697e+00 +2.3386e+00 -2.1112e+00 -1.9932e+00 +2.3645e+00 +2.0174e+00 -7.5259e-01 +3.1748e+00 +3.4160e+00
1819 0 +6.461708888e-02 +3.998461709e+01 +3.998461709e+01 +4.0007e+00 -1.0526e+00 +2.4533e+00 -2.2598e+00 -1.9267e+00 +2.3289e+00 +2.3333e+00 -7.8416e-01 +3.0498e+00 +3.5366e+00
1872 0 +6.360037620e-02 +3.998360038e+01 +3.998360038e+01 +3.9391e+00 -1.1440e+00 +2.4537e+00 -2.1429e+00 -1.9778e+00 +2.3308e+00 +2.2645e+00 -7.1002e-01 +3.0430e+00 +3.3299e+00
1979 0 +4.650736431e-02 +3.996650736e+01 +3.996650736e+01 +3.9614e+00 -1.1153e+00 +2.2987e+00 -2.2535e+00 -2.0821e+00 +2.4409e+00 +2.1018e+00 -5.9302e-01 +2.8986e+00 +3.3754e+00
2090 0 +4.594822645e-02 +3.996594823e+01 +3.996594823e+01 +4.0460e+00 -1.0814e+00 +2.3004e+00 -2.2591e+00 -1.9482e+00 +2.2883e+00 +2.4080e+00 -6.0078e-01 +2.7923e+00 +3.3860e+00
2148 0 +4.243641455e-02 +3.996243641e+01 +3.996243641e+01 +3.9361e+00 -1.0700e+00 +2.3951e+00 -2.2820e+00 -2.0316e+00 +2.2200e+00 +2.2589e+00 -4.7682e-01 +3.1796e+00 +3.4000e+00
2250 0 +3.363101263e-02 +3.995363101e+01 +3.995363101e+01 +3.9376e+00 -9.4249e-01 +2.3319e+00 -2.2347e+00 -1.9961e+00 +2.3209e+00 +2.3967e+00 -5.6565e-01 +3.1138e+00 +3.3777e+00
2368 0 +3.360295899e-02 +3.995360296e+01 +3.995360296e+01 +4.0477e+00 -1.1510e+00 +2.3620e+00 -2.2075e+00 -2.0880e+00 +2.2456e+00 +2.3315e+00 -7.4656e-01 +2.9096e+00 +3.3243e+00
2499 0 +3.289796339e-02 +3.995289796e+01 +3.995289796e+01 +3.9598e+00 -1.1751e+00 +2.3164e+00 -2.2346e+00 -2.0373e+00 +2.2065e+00 +2.3105e+00 -5.3352e-01 +3.1320e+00 +3.3705e+00
% f evaluations | g evaluations | best noise-free fitness - Fopt (-5.661000000000e+01) + sum g_i+ | measured fitness | best measured fitness or single-digit g-values | x1 | x2...
1 0 +5.307357013e+01 -3.536429873e+00 -3.536429873e+00 +5.9671e-01 -3.8264e-02 +7.4769e-01 +1.6230e+00 -1.3415e-01 -1.3414e-01 +1.6792e+00 +8.6743e-01 -3.6947e-01 +6.4256e-01
9 0 +4.407777287e+01 -1.253222713e+01 -1.253222713e+01 -1.1967e-01 +4.5711e-01 +1.5779e+00 -4.1827e-01 -7.0849e-01 -4.0176e-01 +1.0154e+00 +4.2875e-01 -4.2976e-01 +6.1327e-01
26 0 +3.869066297e+01 -1.791933703e+01 -1.791933703e+01 -1.1609e+00 +1.0179e+00 +2.2222e+00 +1.1325e+00 -1.4194e+00 -3.8423e-01 +1.3669e+00 -6.0767e-01 +5.4382e-01 +8.7463e-01
52 0 +3.413601053e+01 -2.247398947e+01 -2.247398947e+01 +5.1032e-01 +9.2629e-01 +4.4308e-01 +4.9551e-01 -1.9080e+00 +3.5836e-01 +1.8586e+00 -7.7801e-02 -2.1412e-01 -6.2244e-01
69 0 +3.157197901e+01 -2.503802099e+01 -2.503802099e+01 +6.1619e-01 +6.9590e-01 +1.3329e+00 -2.2120e-01 -1.2687e+00 +1.6514e-01 +1.1262e+00 +3.8433e-01 -1.9220e+00 -1.2253e-01
87 0 +2.973860343e+01 -2.687139657e+01 -2.687139657e+01 -4.2543e-01 +1.3002e+00 +3.0766e+00 +1.1470e+00 -1.1430e+00 +6.8614e-01 -2.0401e-02 -1.5972e+00 -1.7325e+00 +9.8558e-01
91 0 +2.848745443e+01 -2.812254557e+01 -2.812254557e+01 -1.0621e+00 +2.8698e-01 +3.2184e+00 +3.8498e-01 -4.0637e-01 -4.9953e-01 +1.7007e+00 -6.1834e-01 -1.0481e+00 +1.1953e+00
112 0 +1.464837210e+01 -4.196162790e+01 -4.196162790e+01 +2.3064e-02 +1.1604e+00 +2.0319e+00 -5.5556e-01 -1.2235e+00 -2.0416e+00 +2.8254e+00 -1.6515e+00 -2.9520e+00 +7.0641e-01
145 0 +1.168327091e+01 -4.492672909e+01 -4.492672909e+01 +3.2477e-01 -5.7999e-02 +1.7268e+00 -2.0898e+00 -1.9988e+00 +9.1843e-01 +1.9471e+00 -1.3314e+00 -3.0754e+00 +7.2716e-01
202 0 +1.048291993e+01 -4.612708007e+01 -4.612708007e+01 +2.4227e+00 +8.3798e-01 +2.5329e+00 -1.8573e-02 -1.8481e+00 +1.8321e+00 +1.1902e+00 -1.6099e+00 -4.9852e+00 +1.6723e+00
227 0 +9.453146903e+00 -4.715685310e+01 -4.715685310e+01 +1.4570e+00 +2.5545e+00 +2.4850e+00 -3.8077e-01 -3.4538e+00 +2.0578e+00 +3.3759e+00 -3.4058e-01 -4.5101e+00 -3.3693e+00
243 0 +9.282630650e+00 -4.732736935e+01 -4.732736935e+01 +1.2678e+00 +7.9818e-01 +1.5810e+00 -2.2683e+00 -2.0335e+00 -1.0628e+00 +1.8773e+00 -4.4291e+00 -2.0084e+00 -4.2439e-03
275 0 +8.895549792e+00 -4.771445021e+01 -4.771445021e+01 +2.0599e+00 +1.5628e+00 -1.0406e+00 -2.1760e+00 -3.4781e+00 -6.7101e-02 +2.5643e+00 -4.4046e+00 -3.0760e+00 -2.1162e+00
283 0 +7.767674814e+00 -4.884232519e+01 -4.884232519e+01 +1.1536e+00 +2.2730e-01 +3.3851e+00 -1.6975e+00 -3.1032e+00 +1.5714e+00 +3.4968e+00 -1.2793e+00 -4.2702e+00 -2.0429e+00
314 0 +5.124352116e+00 -5.148564788e+01 -5.148564788e+01 +1.9797e+00 +4.2002e+00 +4.0912e+00 -1.6277e+00 -1.5667e+00 +1.6550e+00 +1.2408e+00 -3.5966e+00 -2.6398e+00 -1.7499e+00
315 0 +2.962430546e+00 -5.364756945e+01 -5.364756945e+01 +2.2622e+00 +3.2426e+00 +1.2707e+00 -3.2478e+00 -3.2609e+00 +1.2735e+00 +3.1184e+00 -3.8710e+00 -2.5101e+00 -1.0830e+00
479 0 +2.740379344e+00 -5.386962066e+01 -5.386962066e+01 +2.9013e+00 +1.8243e+00 +2.2663e+00 -3.2729e+00 -3.4696e+00 +1.2004e+00 +2.8881e+00 -3.3341e+00 -4.2064e+00 -2.3999e+00
494 0 +2.372842237e+00 -5.423715776e+01 -5.423715776e+01 +2.0745e+00 +3.6779e+00 +4.3736e+00 -3.0254e+00 -2.7000e+00 +1.0364e+00 +3.2983e+00 -2.6013e+00 -4.1523e+00 -1.7060e+00
514 0 +1.456112852e+00 -5.515388715e+01 -5.515388715e+01 +2.0467e+00 +2.9448e+00 +4.4454e+00 -3.1997e+00 -2.3520e+00 +3.2907e+00 +2.6799e+00 -3.3959e+00 -3.2144e+00 -4.8557e-01
715 0 +1.206191843e+00 -5.540380816e+01 -5.540380816e+01 +1.5751e+00 +2.6870e+00 +2.7384e+00 -3.3220e+00 -3.6816e+00 +2.8516e+00 +1.5805e+00 -2.8212e+00 -3.3673e+00 -1.1913e+00
765 0 +1.172132605e+00 -5.543786740e+01 -5.543786740e+01 +1.7197e+00 +3.1431e+00 +3.5887e+00 -2.9433e+00 -2.1808e+00 +3.0517e+00 +2.7300e+00 -3.9296e+00 -4.4059e+00 -8.7013e-01
884 0 +1.105466746e+00 -5.550453325e+01 -5.550453325e+01 +1.8667e+00 +2.9954e+00 +2.7895e+00 -3.0744e+00 -1.9396e+00 +1.8571e+00 +3.4141e+00 -3.2119e+00 -3.7651e+00 -5.8573e-01
942 0 +8.642274736e-01 -5.574577253e+01 -5.574577253e+01 +1.4059e+00 +2.7693e+00 +2.6577e+00 -2.2667e+00 -3.1046e+00 +2.4699e+00 +2.7601e+00 -3.2855e+00 -3.3123e+00 -1.0201e+00
1059 0 +5.769836209e-01 -5.603301638e+01 -5.603301638e+01 +1.2941e+00 +2.4492e+00 +3.4382e+00 -3.0475e+00 -2.9588e+00 +2.2151e+00 +2.3499e+00 -2.8095e+00 -3.2343e+00 -6.1439e-01
1112 0 +3.063310914e-01 -5.630366891e+01 -5.630366891e+01 +1.9823e+00 +2.7843e+00 +3.0669e+00 -3.4947e+00 -3.0739e+00 +2.5777e+00 +2.8559e+00 -3.2224e+00 -3.1576e+00 -9.8392e-01
1142 0 +2.944255198e-01 -5.631557448e+01 -5.631557448e+01 +1.8214e+00 +2.5796e+00 +3.3311e+00 -2.9423e+00 -2.6163e+00 +2.2614e+00 +2.6517e+00 -3.1378e+00 -3.5269e+00 -7.6985e-01
1234 0 +2.915280308e-01 -5.631847197e+01 -5.631847197e+01 +1.6910e+00 +2.6825e+00 +3.1791e+00 -3.4708e+00 -3.5753e+00 +2.0975e+00 +2.5807e+00 -3.1953e+00 -3.6830e+00 -5.9542e-01
1361 0 +2.211044422e-01 -5.638889556e+01 -5.638889556e+01 +2.1712e+00 +2.8524e+00 +3.1207e+00 -3.2416e+00 -3.4140e+00 +2.4830e+00 +2.6561e+00 -3.7838e+00 -3.7013e+00 -7.0178e-01
1540 0 +1.843517935e-01 -5.642564821e+01 -5.642564821e+01 +2.3663e+00 +2.8231e+00 +3.2482e+00 -3.4560e+00 -2.8807e+00 +2.3360e+00 +2.6360e+00 -3.2379e+00 -3.6647e+00 -9.3447e-01
1559 0 +1.101825810e-01 -5.649981742e+01 -5.649981742e+01 +1.9132e+00 +2.6807e+00 +3.4486e+00 -3.2630e+00 -3.0906e+00 +2.4488e+00 +2.5078e+00 -3.3313e+00 -3.6965e+00 -1.0234e+00
1789 0 +9.693742051e-02 -5.651306258e+01 -5.651306258e+01 +1.9534e+00 +2.8728e+00 +3.5494e+00 -3.3668e+00 -2.8734e+00 +2.2030e+00 +2.6312e+00 -3.3833e+00 -3.6346e+00 -9.0937e-01
1805 0 +9.561199489e-02 -5.651438801e+01 -5.651438801e+01 +1.9865e+00 +2.6034e+00 +3.2306e+00 -3.2743e+00 -3.0094e+00 +2.4180e+00 +2.5341e+00 -3.4034e+00 -3.6716e+00 -8.6740e-01
1812 0 +6.070722306e-02 -5.654929278e+01 -5.654929278e+01 +1.9197e+00 +2.7240e+00 +3.2547e+00 -3.4363e+00 -2.9893e+00 +2.4456e+00 +2.6336e+00 -3.4607e+00 -3.5812e+00 -8.5238e-01
1862 0 +3.947407291e-02 -5.657052593e+01 -5.657052593e+01 +1.9456e+00 +2.6669e+00 +3.3115e+00 -3.1615e+00 -3.3334e+00 +2.3479e+00 +2.6319e+00 -3.4079e+00 -3.6615e+00 -8.0756e-01
2121 0 +3.736420482e-02 -5.657263580e+01 -5.657263580e+01 +1.9235e+00 +2.8556e+00 +3.1925e+00 -3.2355e+00 -3.2391e+00 +2.3344e+00 +2.6137e+00 -3.2178e+00 -3.6896e+00 -7.8190e-01
2144 0 +2.858525076e-02 -5.658141475e+01 -5.658141475e+01 +1.8943e+00 +2.8687e+00 +3.2207e+00 -3.3050e+00 -3.0909e+00 +2.3374e+00 +2.6758e+00 -3.4638e+00 -3.6093e+00 -8.1538e-01
2188 0 +1.994103214e-02 -5.659005897e+01 -5.659005897e+01 +1.9073e+00 +2.7838e+00 +3.3069e+00 -3.3892e+00 -3.0449e+00 +2.3075e+00 +2.7370e+00 -3.3042e+00 -3.6597e+00 -8.7030e-01
2193 0 +1.846282539e-02 -5.659153717e+01 -5.659153717e+01 +1.9733e+00 +2.8495e+00 +3.1505e+00 -3.2766e+00 -2.9714e+00 +2.3772e+00 +2.5885e+00 -3.2981e+00 -3.5632e+00 -8.5140e-01
% f evaluations | g evaluations | best noise-free fitness - Fopt (3.270000000000e+01) + sum g_i+ | measured fitness | best measured fitness or single-digit g-values | x1 | x2...
1 0 +4.398156541e+01 +7.668156541e+01 +7.668156541e+01 +5.9671e-01 -3.8264e-02 +7.4769e-01 +1.6230e+00 -1.3415e-01 -1.3414e-01 +1.6792e+00 +8.6743e-01 -3.6947e-01 +6.4256e-01
11 0 +3.254071479e+01 +6.524071479e+01 +6.524071479e+01 -1.3154e+00 -3.2065e-01 -2.4271e-01 -7.0228e-01 -6.1286e-02 +5.0405e-01 +1.9862e+00 +2.7458e-01 +3.5755e-01 +2.5554e-02
12 0 +3.196303947e+01 +6.466303947e+01 +6.466303947e+01 -1.8188e+00 +7.3486e-02 +1.6023e-01 +2.5632e+00 -9.2361e-02 +4.0155e-01 +6.5288e-02 -1.0687e+00 +1.2428e+00 +8.5193e-01
17 0 +2.954551750e+01 +6.224551750e+01 +6.224551750e+01 -8.7468e-01 +8.8708e-01 +1.2586e+00 -7.2068e-01 +1.0634e+00 +5.1278e-01 +9.2206e-01 +1.9968e+00 -1.4539e-01 -6.5374e-01
18 0 +2.755922381e+01 +6.025922381e+01 +6.025922381e+01 -7.8951e-01 -7.1581e-01 +2.2898e-02 +4.4115e-01 +3.7669e-01 +9.2718e-01 +1.1300e-01 +1.5535e+00 -1.6466e-01 +2.8202e+00
25 0 +2.696047175e+01 +5.966047175e+01 +5.966047175e+01 -6.9252e-01 -1.4736e-02 +6.0499e-01 +9.6576e-01 -1.1003e+00 -2.3450e-01 -3.7495e-01 -5.5333e-01 +1.8655e+00 +5.0498e-01
29 0 +2.144542836e+01 +5.414542836e+01 +5.414542836e+01 +2.1352e-01 +7.6213e-01 +1.6860e+00 -1.1378e+00 +2.2330e+00 -1.8521e+00 -5.1785e-02 +6.8832e-01 +3.8099e-01 -5.2270e-01
52 0 +1.187005745e+01 +4.457005745e+01 +4.457005745e+01 -1.6953e+00 -7.9218e-01 -4.5061e-01 -3.0345e-01 +1.6681e+00 -8.7656e-02 -5.4333e-01 +8.5185e-01 +1.7596e+00 +8.3712e-01
98 0 +6.483851981e+00 +3.918385198e+01 +3.918385198e+01 -1.4101e+00 +5.3070e-01 +1.6722e+00 +9.5920e-02 +2.2621e+00 -2.9898e+00 -1.1493e-01 +2.8314e+00 +8.9703e-01 +1.9832e+00
229 0 +5.684941230e+00 +3.838494123e+01 +3.838494123e+01 -9.5207e-01 -9.9858e-01 +5.0369e-01 +3.4161e-01 +1.7166e+00 -3.7554e+00 -1.9697e+00 +2.1616e+00 +3.7945e+00 +4.3123e+00
303 0 +5.388910181e+00 +3.808891018e+01 +3.808891018e+01 -2.6041e+00 -1.3486e-01 +1.6483e+00 -1.4893e+00 +2.2949e+00 -2.3761e+00 -1.5044e+00 +2.5421e+00 +2.3148e+00 +2.9132e+00
364 0 +4.327757716e+00 +3.702775772e+01 +3.702775772e+01 -2.5477e+00 -1.8915e+00 +1.9405e-01 +1.4480e+00 -2.0004e+00 -1.5898e+00 -2.1269e+00 +3.3313e+00 +8.7905e-01 +4.4208e+00
429 0 +2.931702806e+00 +3.563170281e+01 +3.563170281e+01 -8.0034e-01 -1.5529e+00 +9.8073e-01 +6.0159e-01 -2.3076e-01 -2.0252e+00 -4.4636e+00 +3.0728e+00 +1.7077e+00 +3.4474e+00
542 0 +2.914005990e+00 +3.561400599e+01 +3.561400599e+01 -2.2146e+00 -1.4402e+00 +1.1771e+00 +1.6560e+00 +3.4968e-01 -9.9845e-01 -4.0936e+00 +3.8535e+00 +2.1443e+00 +4.3052e+00
561 0 +1.565225799e+00 +3.426522580e+01 +3.426522580e+01 -2.3859e+00 -2.0664e+00 +3.1465e-02 +5.3099e-01 -3.2030e-01 -1.7549e+00 -1.9157e+00 +2.4909e+00 +2.8333e+00 +3.9278e+00
760 0 +1.265192068e+00 +3.396519207e+01 +3.396519207e+01 -2.8001e+00 -1.2562e+00 +1.1871e-01 +9.2299e-01 -5.1727e-02 -2.2143e+00 -2.4474e+00 +2.9719e+00 +3.5728e+00 +3.8507e+00
884 0 +1.182526332e+00 +3.388252633e+01 +3.388252633e+01 -2.5450e+00 -1.7627e+00 +1.0291e+00 +2.7247e-01 +2.4803e-01 -1.6636e+00 -3.1527e+00 +3.3253e+00 +2.7887e+00 +2.9816e+00
887 0 +1.063716746e+00 +3.376371675e+01 +3.376371675e+01 -2.0309e+00 -8.8791e-01 +1.9921e-01 +1.9048e+00 -4.1386e-01 -1.7459e+00 -2.0722e+00 +2.8871e+00 +3.1815e+00 +3.8367e+00
889 0 +8.639591567e-01 +3.356395916e+01 +3.356395916e+01 -2.6318e+00 -1.9547e+00 +9.3746e-01 +7.2408e-01 -2.2037e-01 -1.4970e+00 -2.6969e+00 +2.7099e+00 +3.0398e+00 +3.6534e+00
1067 0 +7.808259627e-01 +3.348082596e+01 +3.348082596e+01 -2.7293e+00 -2.2957e+00 +3.1007e-01 +1.2830e+00 -1.7749e-01 -7.9940e-01 -3.3051e+00 +2.7914e+00 +2.6449e+00 +3.4385e+00
1087 0 +7.702954404e-01 +3.347029544e+01 +3.347029544e+01 -2.2816e+00 -1.9241e+00 -1.4907e-01 +1.0549e+00 -1.5062e-01 -1.0893e+00 -3.1369e+00 +2.3786e+00 +2.7118e+00 +2.7349e+00
1118 0 +6.453909260e-01 +3.334539093e+01 +3.334539093e+01 -1.5305e+00 -9.9026e-01 +8.9051e-02 +7.7106e-01 -4.5537e-01 -1.2737e+00 -2.6261e+00 +2.7461e+00 +3.5349e+00 +3.1103e+00
1120 0 +5.537206198e-01 +3.325372062e+01 +3.325372062e+01 -2.1405e+00 -1.4774e+00 +5.4173e-01 +1.2697e+00 +1.2038e-01 -1.3008e+00 -3.0721e+00 +3.0507e+00 +2.9511e+00 +2.3263e+00
1127 0 +5.037713576e-01 +3.320377136e+01 +3.320377136e+01 -1.6795e+00 -1.4066e+00 +1.2521e-01 +1.0672e+00 +5.1843e-01 -9.4657e-01 -2.8305e+00 +2.7509e+00 +3.1905e+00 +3.0789e+00
1149 0 +4.546955896e-01 +3.315469559e+01 +3.315469559e+01 -2.3222e+00 -1.5126e+00 +1.1509e-01 +1.6739e+00 -3.3451e-01 -1.1593e+00 -3.1016e+00 +2.5857e+00 +3.2797e+00 +3.0841e+00
1169 0 +3.798275946e-01 +3.307982759e+01 +3.307982759e+01 -2.0628e+00 -1.5567e+00 +3.6047e-01 +1.8456e+00 +3.2384e-01 -1.2727e+00 -2.6378e+00 +2.9204e+00 +2.9390e+00 +3.1791e+00
1297 0 +3.653988199e-01 +3.306539882e+01 +3.306539882e+01 -2.5137e+00 -1.4024e+00 +6.0517e-01 +1.1486e+00 +1.5245e-02 -1.6171e+00 -3.0891e+00 +3.0384e+00 +3.3198e+00 +3.2977e+00
1380 0 +3.202636838e-01 +3.302026368e+01 +3.302026368e+01 -1.7410e+00 -1.2110e+00 +1.0988e-01 +1.4534e+00 -5.0970e-01 -1.1709e+00 -2.9279e+00 +3.2060e+00 +3.2575e+00 +2.6916e+00
1476 0 +3.024094637e-01 +3.300240946e+01 +3.300240946e+01 -2.1726e+00 -1.4724e+00 +6.7323e-01 +1.3629e+00 -3.4964e-01 -1.3610e+00 -2.5701e+00 +3.3854e+00 +3.2465e+00 +3.1201e+00
1489 0 +1.909865417e-01 +3.289098654e+01 +3.289098654e+01 -1.7155e+00 -1.5325e+00 +5.3323e-01 +1.4890e+00 -5.4996e-01 -1.2774e+00 -2.7504e+00 +3.3102e+00 +3.1375e+00 +3.2483e+00
1598 0 +1.750786481e-01 +3.287507865e+01 +3.287507865e+01 -2.1351e+00 -1.4619e+00 +5.3388e-01 +1.2727e+00 -1.7492e-01 -1.3311e+00 -2.7733e+00 +3.3777e+00 +3.2443e+00 +3.2307e+00
1611 0 +1.414843902e-01 +3.284148439e+01 +3.284148439e+01 -2.0805e+00 -1.1739e+00 +2.6253e-01 +1.2442e+00 -2.2771e-01 -1.4634e+00 -2.9558e+00 +3.3379e+00 +3.2117e+00 +3.0594e+00
1779 0 +1.077118534e-01 +3.280771185e+01 +3.280771185e+01 -2.4364e+00 -1.5939e+00 +4.2738e-01 +1.1314e+00 -1.9410e-01 -1.2851e+00 -3.1378e+00 +3.3206e+00 +3.2556e+00 +3.2326e+00
1789 0 +9.186595658e-02 +3.279186596e+01 +3.279186596e+01 -2.1147e+00 -1.7201e+00 +2.7991e-01 +1.3760e+00 -9.3116e-02 -1.4109e+00 -2.9983e+00 +3.1606e+00 +3.0723e+00 +3.3876e+00
1877 0 +6.886998683e-02 +3.276886999e+01 +3.276886999e+01 -1.9742e+00 -1.6850e+00 +2.1246e-01 +1.3280e+00 -2.6103e-01 -1.3784e+00 -2.8376e+00 +3.0234e+00 +3.1047e+00 +3.1945e+00
2082 0 +4.888155414e-02 +3.274888155e+01 +3.274888155e+01 -1.9959e+00 -1.5091e+00 +2.2139e-01 +1.3378e+00 -4.0521e-02 -1.3253e+00 -2.9145e+00 +3.3847e+00 +3.1179e+00 +3.0667e+00
2210 0 +4.474956738e-02 +3.274474957e+01 +3.274474957e+01 -2.0044e+00 -1.5055e+00 +1.8545e-01 +1.1907e+00 -1.6943e-01 -1.0955e+00 -2.8717e+00 +3.2063e+00 +3.0359e+00 +3.1019e+00
2255 0 +2.643281493e-02 +3.272643281e+01 +3.272643281e+01 -2.0401e+00 -1.5376e+00 +2.2639e-01 +1.2022e+00 -2.4181e-01 -1.2508e+00 -2.9081e+00 +3.0115e+00 +3.1624e+00 +3.2274e+00
2411 0 +2.023676345e-02 +3.272023676e+01 +3.272023676e+01 -2.0595e+00 -1.6179e+00 +2.6033e-01 +1.3116e+00 -1.3351e-01 -1.3369e+00 -2.8295e+00 +3.2636e+00 +3.2553e+00 +3.1793e+00
% f evaluations | g evaluations | best noise-free fitness - Fopt (-3.943000000000e+01) + sum g_i+ | measured fitness | best measured fitness or single-digit g-values | x1 | x2...
1 0 +1.995957095e+01 -1.947042905e+01 -1.947042905e+01 +5.9671e-01 -3.8264e-02 +7.4769e-01 +1.6230e+00 -1.3415e-01 -1.3414e-01 +1.6792e+00 +8.6743e-01 -3.6947e-01 +6.4256e-01
4 0 +1.863019311e+01 -2.079980689e+01 -2.079980689e+01 -5.0171e-01 +1.9523e+00 +8.6503e-02 -9.5771e-01 +9.2254e-01 -1.1208e+00 +3.0886e-01 -1.8597e+00 -1.2282e+00 +2.9686e-01
5 0 +1.617992472e+01 -2.325007528e+01 -2.325007528e+01 +8.3847e-01 +2.7137e-01 -1.5648e-02 -2.0110e-01 -1.3785e+00 -6.1984e-01 -3.6064e-01 +1.1571e+00 +4.4362e-01 -1.6630e+00
10 0 +1.379599655e+01 -2.563400345e+01 -2.563400345e+01 +1.9708e-01 +1.0686e+00 -6.0205e-01 -2.2766e-01 -2.9211e-01 -1.3635e+00 +3.9612e-01 +3.6106e-01 +1.0511e-01 -1.3459e-01
22 0 +1.082487093e+01 -2.860512907e+01 -2.860512907e+01 +6.7089e-01 +1.2356e+00 +1.0540e+00 +7.5139e-01 -2.1527e-01 +8.5897e-01 -6.7283e-01 -1.3682e-01 -3.8536e-01 +1.8187e-01
37 0 +9.696730804e+00 -2.973326920e+01 -2.973326920e+01 +6.1935e-01 +1.6327e+00 -8.7601e-03 +5.0171e-01 +7.9014e-01 -3.0122e-01 +3.2409e-01 +1.1259e-01 +1.9768e-01 -6.7301e-01
55 0 +7.861591762e+00 -3.156840824e+01 -3.156840824e+01 +7.4191e-01 +1.2099e+00 +1.5806e+00 +1.2495e+00 +1.8227e+00 -1.2431e+00 -1.8582e+00 +1.4174e+00 -1.7410e+00 +9.5928e-02
59 0 +7.097814836e+00 -3.233218516e+01 -3.233218516e+01 +6.3345e-01 +2.4727e+00 +1.3055e+00 -7.2756e-01 +7.5814e-01 -8.6533e-01 -1.0950e-01 +2.5256e+00 -1.4155e-01 +3.8495e-01
106 0 +6.711229397e+00 -3.271877060e+01 -3.271877060e+01 +1.3339e+00 +1.3696e+00 +2.6599e+00 +5.4162e-01 +2.2362e+00 -9.5235e-02 -1.0217e+00 +1.3278e+00 -5.3660e-01 -2.7147e-01
201 0 +6.159693719e+00 -3.327030628e+01 -3.327030628e+01 +2.1888e+00 +1.5574e+00 +1.3561e+00 +9.4893e-01 +2.3652e+00 -1.3828e+00 +1.0155e+00 +2.0158e+00 -1.3208e+00 +1.3851e+00
206 0 +5.294176457e+00 -3.413582354e+01 -3.413582354e+01 +1.6769e+00 +2.1747e+00 +1.0728e+00 +1.8722e+00 +1.8043e+00 -1.4247e+00 +3.7316e-01 +1.4649e+00 +5.2757e-01 +1.9209e-01
216 0 +5.264075067e+00 -3.416592493e+01 -3.416592493e+01 +1.4229e+00 +3.0431e+00 +1.2381e+00 +2.9295e+00 +1.8056e+00 -1.1085e+00 -1.2904e+00 +1.2139e+00 -5.3233e-01 +2.3680e-01
229 0 +4.656552924e+00 -3.477344708e+01 -3.477344708e+01 +2.8270e+00 +1.0461e+00 +1.5809e+00 +2.0708e+00 +1.1310e+00 +8.8322e-02 -9.5345e-01 +7.7462e-01 -6.5341e-01 +1.6514e+00
312 0 +4.550727554e+00 -3.487927245e+01 -3.487927245e+01 +1.8175e+00 +2.6772e+00 +1.3389e+00 +3.3124e+00 +2.0513e+00 -9.1714e-01 -1.9738e+00 +2.0611e+00 -9.8024e-01 +2.6217e+00
338 0 +4.046233984e+00 -3.538376602e+01 -3.538376602e+01 +2.1069e+00 +2.3103e+00 +3.1669e+00 +7.2435e-01 +1.3000e+00 -1.3922e+00 +1.6758e-01 +3.2593e+00 -1.5888e+00 +2.7716e+00
457 0 +1.810603117e+00 -3.761939688e+01 -3.761939688e+01 +2.7859e+00 +3.6570e+00 +3.3618e+00 +2.1201e+00 +1.9444e+00 -9.9924e-01 -1.7258e+00 +2.0462e+00 -5.5912e-01 +1.6714e+00
760 0 +1.698357511e+00 -3.773164249e+01 -3.773164249e+01 +2.4989e+00 +3.4335e+00 +2.4845e+00 +6.8103e-01 +1.8492e+00 -1.5297e+00 -8.4597e-01 +2.4042e+00 -1.0744e+00 +2.7953e+00
800 0 +1.679221817e+00 -3.775077818e+01 -3.775077818e+01 +3.4952e+00 +2.9535e+00 +4.5486e+00 +1.7152e+00 +1.9248e+00 -1.0580e+00 -1.2402e+00 +2.2926e+00 -7.6562e-01 +2.1933e+00
809 0 +7.532330293e-01 -3.867676697e+01 -3.867676697e+01 +3.7690e+00 +3.6434e+00 +3.2615e+00 +1.7746e+00 +1.3916e+00 -1.4292e+00 -2.0020e+00 +2.3880e+00 -6.2005e-01 +2.1360e+00
1094 0 +4.022123236e-01 -3.902778768e+01 -3.902778768e+01 +3.6643e+00 +3.7333e+00 +2.9953e+00 +1.6238e+00 +1.2172e+00 -9.1349e-01 -1.4293e+00 +2.3358e+00 -7.1796e-01 +2.3129e+00
1284 0 +2.450177142e-01 -3.918498229e+01 -3.918498229e+01 +3.5197e+00 +3.5767e+00 +3.0673e+00 +1.2381e+00 +1.4920e+00 -1.2757e+00 -1.6357e+00 +2.6830e+00 -8.5150e-01 +2.3464e+00
1424 0 +2.406865133e-01 -3.918931349e+01 -3.918931349e+01 +3.3922e+00 +3.2943e+00 +2.7334e+00 +1.1941e+00 +1.0879e+00 -1.2717e+00 -1.1628e+00 +2.7210e+00 -6.8879e-01 +2.6498e+00
1460 0 +2.076691880e-01 -3.922233081e+01 -3.922233081e+01 +3.4484e+00 +3.3104e+00 +3.0243e+00 +1.7926e+00 +1.0896e+00 -1.2710e+00 -8.7171e-01 +2.7114e+00 -5.7001e-01 +2.6140e+00
1479 0 +2.076229447e-01 -3.922237706e+01 -3.922237706e+01 +3.5487e+00 +3.4874e+00 +2.9145e+00 +1.4764e+00 +1.0181e+00 -9.6174e-01 -1.0391e+00 +2.5640e+00 -3.8627e-01 +2.4365e+00
1484 0 +1.226932003e-01 -3.930730680e+01 -3.930730680e+01 +3.9420e+00 +3.3173e+00 +2.8480e+00 +1.2344e+00 +1.2609e+00 -1.1966e+00 -9.5032e-01 +2.6961e+00 -6.5672e-01 +2.4196e+00
1515 0 +8.324450845e-02 -3.934675549e+01 -3.934675549e+01 +3.8084e+00 +3.4873e+00 +3.1984e+00 +1.5098e+00 +8.5276e-01 -1.1432e+00 -1.1058e+00 +2.8093e+00 -7.1406e-01 +2.3917e+00
1738 0 +7.398378701e-02 -3.935601621e+01 -3.935601621e+01 +3.5836e+00 +3.3628e+00 +2.9961e+00 +1.4535e+00 +1.0946e+00 -1.3192e+00 -1.1595e+00 +2.8291e+00 -9.0085e-01 +2.5759e+00
1896 0 +5.588356990e-02 -3.937411643e+01 -3.937411643e+01 +3.7603e+00 +3.4660e+00 +2.7045e+00 +1.3755e+00 +1.2592e+00 -1.2037e+00 -1.1738e+00 +2.6443e+00 -6.9593e-01 +2.5121e+00
2152 0 +5.378201796e-02 -3.937621798e+01 -3.937621798e+01 +3.7049e+00 +3.2943e+00 +3.0129e+00 +1.2876e+00 +1.2634e+00 -1.2800e+00 -1.2099e+00 +2.7501e+00 -8.5204e-01 +2.3772e+00
2180 0 +5.018699206e-02 -3.937981301e+01 -3.937981301e+01 +3.8378e+00 +3.3730e+00 +2.8610e+00 +1.6001e+00 +1.1076e+00 -1.2062e+00 -9.2107e-01 +2.7274e+00 -7.8334e-01 +2.4011e+00
2197 0 +2.869527232e-02 -3.940130473e+01 -3.940130473e+01 +3.8539e+00 +3.3222e+00 +2.7100e+00 +1.4048e+00 +1.0830e+00 -1.1595e+00 -1.0891e+00 +2.6852e+00 -6.2382e-01 +2.5775e+00
2358 0 +2.773666532e-02 -3.940226333e+01 -3.940226333e+01 +3.7185e+00 +3.4149e+00 +2.8746e+00 +1.4667e+00 +1.1488e+00 -1.3280e+00 -1.1041e+00 +2.6637e+00 -9.5264e-01 +2.4248e+00
2369 0 +1.760740086e-02 -3.941239260e+01 -3.941239260e+01 +3.7020e+00 +3.3901e+00 +2.9915e+00 +1.4260e+00 +1.1770e+00 -1.3208e+00 -1.1491e+00 +2.7395e+00 -8.0978e-01 +2.4482e+00
2416 0 +1.592732722e-02 -3.941407267e+01 -3.941407267e+01 +3.6805e+00 +3.4223e+00 +2.9408e+00 +1.3790e+00 +1.2449e+00 -1.3140e+00 -1.1906e+00 +2.7416e+00 -8.5509e-01 +2.4323e+00
2451 0 +1.343358337e-02 -3.941656642e+01 -3.941656642e+01 +3.7540e+00 +3.3539e+00 +2.8548e+00 +1.4577e+00 +1.1846e+00 -1.2971e+00 -1.1624e+00 +2.7326e+00 -8.9024e-01 +2.4290e+00
2471 0 +8.387838836e-03 -3.942161216e+01 -3.942161216e+01 +3.7592e+00 +3.4343e+00 +2.9474e+00 +1.4868e+00 +1.0906e+00 -1.1931e+00 -1.0427e+00 +2.6885e+00 -6.4559e-01 +2.4958e+00
% f evaluations | g evaluations | best noise-free fitness - Fopt (4.197200000000e+02) + sum g_i+ | measured fitness | best measured fitness or single-digit g-values | x1 | x2...
1 0 +2.794924951e+01 +4.476692495e+02 +4.476692495e+02 +5.9671e-01 -3.8264e-02 +7.4769e-01 +1.6230e+00 -1.3415e-01 -1.3414e-01 +1.6792e+00 +8.6743e-01 -3.6947e-01 +6.4256e-01
4 0 +2.564290517e+01 +4.453629052e+02 +4.453629052e+02 -5.0171e-01 +1.9523e+00 +8.6503e-02 -9.5771e-01 +9.2254e-01 -1.1208e+00 +3.0886e-01 -1.8597e+00 -1.2282e+00 +2.9686e-01
10 0 +1.907499793e+01 +4.387949979e+02 +4.387949979e+02 +1.9708e-01 +1.0686e+00 -6.0205e-01 -2.2766e-01 -2.9211e-01 -1.3635e+00 +3.9612e-01 +3.6106e-01 +1.0511e-01 -1.3459e-01
33 0 +1.381951911e+01 +4.335395191e+02 +4.335395191e+02 +1.9700e-01 +6.9516e-01 -7.1822e-01 +2.1924e+00 -9.0602e-01 -1.1142e+00 +1.2581e+00 +8.9166e-01 +7.2412e-01 +7.2835e-01
40 0 +1.163437534e+01 +4.313543753e+02 +4.313543753e+02 -7.9841e-01 +5.9192e-01 -1.2202e+00 +1.9315e+00 +1.2794e+00 -3.6918e-01 -1.6131e+00 +1.4539e+00 -1.4540e-02 +1.3378e+00
63 0 +1.071791736e+01 +4.304379174e+02 +4.304379174e+02 -1.8966e+00 +7.2706e-01 -9.3910e-01 +9.7878e-01 +1.3318e-01 -1.9101e+00 +9.8114e-01 +1.4828e+00 -1.9148e+00 +9.5876e-01
77 0 +8.513138739e+00 +4.282331387e+02 +4.282331387e+02 -9.8404e-01 +2.0759e+00 -1.2420e+00 +2.7788e+00 +1.1253e+00 -2.1275e+00 -2.1929e-02 +4.1921e-01 -2.7376e+00 -4.8554e-04
120 0 +7.544528616e+00 +4.272645286e+02 +4.272645286e+02 -1.2430e+00 +2.9771e+00 -9.9222e-01 +2.9949e+00 -4.0260e-01 -2.4461e+00 -2.6997e-01 +3.2395e+00 -1.0579e+00 +4.0768e+00
125 0 +6.371383181e+00 +4.260913832e+02 +4.260913832e+02 +2.3974e-01 +1.6994e+00 -2.4080e-01 +4.5629e+00 +9.8550e-01 -1.5591e+00 -1.5982e+00 +2.0667e+00 -9.6119e-01 +2.7194e+00
167 0 +4.754051461e+00 +4.244740515e+02 +4.244740515e+02 -7.6620e-01 +3.1491e+00 -3.2925e-01 +3.5396e+00 +3.7910e+00 -8.2441e-01 -2.9417e+00 +2.5117e-01 +1.0024e+00 +2.4011e+00
204 0 +4.067862797e+00 +4.237878628e+02 +4.237878628e+02 -2.0599e+00 +1.1862e+00 -1.5765e+00 +3.0399e+00 +3.1287e+00 -3.2293e+00 -2.7106e+00 -5.7577e-01 -2.8674e+00 +4.2356e+00
404 0 +3.356082302e+00 +4.230760823e+02 +4.230760823e+02 -2.2935e+00 +1.3161e+00 -5.5263e-01 +3.5417e+00 +2.5757e+00 -2.1255e+00 -1.0929e+00 +1.4174e+00 -3.8746e-01 +3.5469e+00
443 0 +2.752093300e+00 +4.224720933e+02 +4.224720933e+02 -5.4138e-01 +2.2700e+00 -5.4637e-01 +2.1710e+00 +2.3671e+00 -2.4833e+00 -1.7716e+00 +1.4451e-01 -8.3148e-01 +2.9490e+00
537 0 +2.433514341e+00 +4.221535143e+02 +4.221535143e+02 -1.9504e+00 +1.4815e+00 -2.0394e+00 +4.6985e+00 +3.1387e+00 -1.4489e+00 -8.3835e-01 -3.2554e-01 -1.0452e+00 +4.1216e+00
638 0 +2.081004904e+00 +4.218010049e+02 +4.218010049e+02 -2.7099e+00 +3.0212e+00 -1.3325e+00 +3.4206e+00 +2.2063e+00 -2.2559e+00 -1.5774e+00 -7.8131e-01 -1.6936e-01 +4.3063e+00
698 0 +1.279175258e+00 +4.209991753e+02 +4.209991753e+02 -2.2628e-01 +2.5911e+00 -1.6350e+00 +2.9829e+00 +2.3568e+00 -2.2540e+00 -1.0449e+00 -6.5710e-01 -4.8996e-01 +3.8732e+00
879 0 +1.204135317e+00 +4.209241353e+02 +4.209241353e+02 -1.2268e+00 +2.6252e+00 -2.3030e+00 +4.4620e+00 +2.8181e+00 -1.9594e+00 -4.1221e-01 -2.2773e-01 -1.2743e+00 +3.7918e+00
898 0 +9.077294314e-01 +4.206277294e+02 +4.206277294e+02 -6.7828e-01 +2.5982e+00 -1.4689e+00 +4.1593e+00 +3.2885e+00 -1.9674e+00 -1.3197e+00 +2.3459e-01 -1.0967e-01 +3.9081e+00
970 0 +6.805665136e-01 +4.204005665e+02 +4.204005665e+02 -1.1758e+00 +2.6223e+00 -1.9295e+00 +3.1534e+00 +2.6245e+00 -2.3924e+00 -7.7464e-01 -4.1715e-01 -6.2563e-01 +3.6870e+00
1053 0 +4.871854934e-01 +4.202071855e+02 +4.202071855e+02 -9.1066e-01 +2.9445e+00 -1.1122e+00 +3.9015e+00 +3.4549e+00 -2.0429e+00 -9.9590e-01 -1.6994e-01 -5.8774e-01 +3.2627e+00
1120 0 +4.658299733e-01 +4.201858300e+02 +4.201858300e+02 -6.7381e-01 +2.4288e+00 -1.4108e+00 +3.2066e+00 +2.8741e+00 -2.3704e+00 -1.2404e+00 -4.6479e-01 -6.0944e-01 +3.9233e+00
1161 0 +3.893947888e-01 +4.201093948e+02 +4.201093948e+02 -9.5616e-01 +2.6336e+00 -1.4335e+00 +3.4438e+00 +2.8042e+00 -2.2153e+00 -1.2348e+00 -6.8681e-01 -4.7714e-01 +4.0399e+00
1221 0 +3.876455481e-01 +4.201076455e+02 +4.201076455e+02 -9.0843e-01 +2.2322e+00 -1.3988e+00 +3.2947e+00 +3.2972e+00 -2.0303e+00 -9.2405e-01 -6.2275e-01 -1.0389e+00 +3.6200e+00
1226 0 +3.531525647e-01 +4.200731526e+02 +4.200731526e+02 -1.2445e+00 +2.4006e+00 -1.5703e+00 +3.2574e+00 +3.4834e+00 -1.8374e+00 -1.4419e+00 -5.0860e-01 -8.5696e-01 +4.1874e+00
1232 0 +3.330035261e-01 +4.200530035e+02 +4.200530035e+02 -1.0511e+00 +2.3520e+00 -1.4382e+00 +3.7003e+00 +3.2872e+00 -2.5359e+00 -1.2340e+00 -6.1197e-01 -1.0511e+00 +3.8218e+00
1273 0 +2.063405119e-01 +4.199263405e+02 +4.199263405e+02 -9.8471e-01 +2.9696e+00 -1.3716e+00 +3.4566e+00 +3.0104e+00 -2.6523e+00 -1.2242e+00 -2.8223e-01 -8.5923e-01 +4.1958e+00
1414 0 +1.727951228e-01 +4.198927951e+02 +4.198927951e+02 -1.1971e+00 +2.8611e+00 -1.2267e+00 +3.7765e+00 +3.1825e+00 -2.1348e+00 -1.2757e+00 -2.4143e-01 -1.1275e+00 +3.7345e+00
1486 0 +1.622017976e-01 +4.198822018e+02 +4.198822018e+02 -1.2009e+00 +2.8635e+00 -8.7614e-01 +3.8123e+00 +3.1720e+00 -2.0500e+00 -1.1724e+00 -2.2581e-01 -9.5714e-01 +4.0229e+00
1580 0 +8.937330070e-02 +4.198093733e+02 +4.198093733e+02 -1.0346e+00 +3.1156e+00 -1.3692e+00 +3.7920e+00 +3.1073e+00 -2.3835e+00 -9.6227e-01 -1.6556e-01 -1.0195e+00 +3.9766e+00
1739 0 +8.640933619e-02 +4.198064093e+02 +4.198064093e+02 -1.0725e+00 +2.8926e+00 -1.3534e+00 +3.8507e+00 +3.3329e+00 -2.3865e+00 -1.0219e+00 -2.7744e-01 -7.4827e-01 +3.7039e+00
1752 0 +6.934302807e-02 +4.197893430e+02 +4.197893430e+02 -1.1561e+00 +2.7778e+00 -1.2919e+00 +3.7923e+00 +3.2783e+00 -2.2292e+00 -1.1308e+00 -2.9666e-01 -9.1897e-01 +4.0580e+00
1762 0 +6.519067953e-02 +4.197851907e+02 +4.197851907e+02 -1.1451e+00 +2.8175e+00 -1.1331e+00 +3.8253e+00 +3.3788e+00 -2.4358e+00 -1.1854e+00 -1.7296e-01 -9.1322e-01 +3.9440e+00
1858 0 +4.633947869e-02 +4.197663395e+02 +4.197663395e+02 -1.1131e+00 +3.0582e+00 -1.2985e+00 +3.8678e+00 +3.1331e+00 -2.2981e+00 -1.1101e+00 -2.8575e-01 -9.8265e-01 +3.8927e+00
1860 0 +4.472744126e-02 +4.197647274e+02 +4.197647274e+02 -1.2227e+00 +2.8208e+00 -1.2150e+00 +3.5394e+00 +3.2898e+00 -2.3207e+00 -1.0640e+00 -2.4446e-01 -8.5690e-01 +4.0033e+00
1944 0 +3.591990926e-02 +4.197559199e+02 +4.197559199e+02 -1.1077e+00 +2.7144e+00 -1.2268e+00 +3.7464e+00 +3.2842e+00 -2.4017e+00 -1.0495e+00 -3.1901e-01 -8.7740e-01 +3.9650e+00
2191 0 +3.014934718e-02 +4.197501493e+02 +4.197501493e+02 -1.2325e+00 +2.7436e+00 -1.1960e+00 +3.6017e+00 +3.1906e+00 -2.1015e+00 -1.1344e+00 -2.7848e-01 -1.0213e+00 +4.0489e+00
2433 0 +2.598285166e-02 +4.197459829e+02 +4.197459829e+02 -1.1255e+00 +2.7431e+00 -1.3022e+00 +3.6172e+00 +3.2070e+00 -2.2005e+00 -1.0602e+00 -4.0976e-01 -9.2435e-01 +3.8761e+00
2495 0 +1.629771626e-02 +4.197362977e+02 +4.197362977e+02 -1.1604e+00 +2.8337e+00 -1.2910e+00 +3.6296e+00 +3.1390e+00 -2.2215e+00 -1.1376e+00 -3.4060e-01 -9.0680e-01 +3.9969e+00
% f evaluations | g evaluations | best noise-free fitness - Fopt (7.640000000000e+00) + sum g_i+ | measured fitness | best measured fitness or single-digit g-values | x1 | x2...
1 0 +5.720541878e+01 +6.484541878e+01 +6.484541878e+01 +5.9671e-01 -3.8264e-02 +7.4769e-01 +1.6230e+00 -1.3415e-01 -1.3414e-01 +1.6792e+00 +8.6743e-01 -3.6947e-01 +6.4256e-01
3 0 +4.950612195e+01 +5.714612195e+01 +5.714612195e+01 +1.5656e+00 -1.2578e-01 +1.6753e-01 -1.3247e+00 -4.4438e-01 +2.1092e-01 -1.0510e+00 +4.7570e-01 -5.0064e-01 -1.9169e-01
4 0 +2.418742676e+01 +3.182742676e+01 +3.182742676e+01 -5.0171e-01 +1.9523e+00 +8.6503e-02 -9.5771e-01 +9.2254e-01 -1.1208e+00 +3.0886e-01 -1.8597e+00 -1.2282e+00 +2.9686e-01
50 0 +2.078342027e+01 +2.842342027e+01 +2.842342027e+01 +9.2027e-02 +1.5799e+00 +1.7737e-01 -7.6128e-01 +1.6231e+00 +6.3891e-01 -9.3725e-01 -9.0339e-02 -7.7562e-01 -1.2828e+00
52 0 +1.674011884e+01 +2.438011884e+01 +2.438011884e+01 -3.1906e-01 +1.3335e+00 +5.2925e-01 -6.1978e-01 +2.0714e+00 +1.4910e+00 -8.4033e-01 -4.7839e-01 -7.9666e-01 +3.3460e-01
58 0 +9.408000914e+00 +1.704800091e+01 +1.704800091e+01 +1.3534e+00 +3.3640e+00 +1.8726e-01 +3.1399e+00 +1.7506e+00 -9.8524e-01 -8.6240e-01 +4.4746e-01 -5.9551e-01 -7.0884e-01
199 0 +4.734233770e+00 +1.237423377e+01 +1.237423377e+01 +1.1485e+00 +2.4607e+00 +2.8073e+00 +3.6967e+00 +1.9733e+00 +2.4283e+00 -2.6882e+00 -2.0871e+00 -1.5481e+00 -1.3356e+00
349 0 +3.056410189e+00 +1.069641019e+01 +1.069641019e+01 +2.2716e+00 +3.9569e+00 +1.9896e+00 +3.1805e+00 +2.2466e+00 +2.6403e+00 -6.6125e-01 -1.8641e+00 -2.7617e+00 -2.5447e+00
481 0 +3.028722714e+00 +1.066872271e+01 +1.066872271e+01 +3.5009e+00 +3.3761e+00 +2.9130e+00 +4.0986e+00 +1.9343e+00 +4.6806e+00 +3.9329e-01 -2.5758e+00 -1.6663e+00 -2.8627e+00
515 0 +2.197632318e+00 +9.837632318e+00 +9.837632318e+00 +2.5537e+00 +1.7648e+00 +3.0979e+00 +4.2947e+00 +2.5106e+00 +2.4622e+00 +1.5341e+00 -1.0664e+00 -2.3815e+00 -3.0463e+00
572 0 +2.108677337e+00 +9.748677337e+00 +9.748677337e+00 +2.6936e+00 +2.7161e+00 +3.2519e+00 +2.9889e+00 +3.0163e+00 +1.7945e+00 +6.4883e-01 -2.1331e+00 -2.0837e+00 -2.5029e+00
603 0 +1.582460219e+00 +9.222460219e+00 +9.222460219e+00 +3.1706e+00 +1.9435e+00 +2.2452e+00 +3.9138e+00 +2.8692e+00 +2.9140e+00 +4.3812e-01 -1.9557e+00 -1.8675e+00 -1.7553e+00
759 0 +1.342074556e+00 +8.982074556e+00 +8.982074556e+00 +3.3737e+00 +2.9791e+00 +3.3146e+00 +3.9154e+00 +1.3868e+00 +2.7231e+00 +3.4991e-01 -9.0762e-01 -1.2079e+00 -2.4224e+00
781 0 +1.227209998e+00 +8.867209998e+00 +8.867209998e+00 +2.6817e+00 +3.5421e+00 +2.5094e+00 +3.4414e+00 +2.8524e+00 +2.5506e+00 +9.0609e-01 -1.0683e+00 -1.2958e+00 -2.8862e+00
822 0 +1.165474029e+00 +8.805474029e+00 +8.805474029e+00 +3.6805e+00 +2.6266e+00 +2.5585e+00 +2.7682e+00 +2.7563e+00 +3.2800e+00 +9.2944e-01 -2.3249e-01 -2.4917e+00 -2.7591e+00
864 0 +9.973954367e-01 +8.637395437e+00 +8.637395437e+00 +3.8150e+00 +2.8516e+00 +2.6569e+00 +3.3244e+00 +2.3090e+00 +3.4386e+00 +9.4968e-02 +1.9994e-01 -1.1351e+00 -2.8392e+00
1054 0 +8.864454549e-01 +8.526445455e+00 +8.526445455e+00 +3.3989e+00 +2.2514e+00 +1.7936e+00 +4.0345e+00 +2.8579e+00 +2.8828e+00 +1.1784e+00 -7.2231e-01 -1.6323e+00 -3.2662e+00
1123 0 +8.377493537e-01 +8.477749354e+00 +8.477749354e+00 +4.1479e+00 +2.4482e+00 +2.6450e+00 +4.1180e+00 +2.4514e+00 +3.2408e+00 +1.3157e-01 -6.7436e-01 -1.3648e+00 -1.9691e+00
1148 0 +7.709362985e-01 +8.410936298e+00 +8.410936298e+00 +3.7581e+00 +2.2774e+00 +3.3801e+00 +3.3663e+00 +2.6557e+00 +2.6689e+00 +5.7452e-01 -5.2006e-01 -1.7283e+00 -3.3414e+00
1259 0 +4.779640099e-01 +8.117964010e+00 +8.117964010e+00 +3.4964e+00 +3.1155e+00 +2.6121e+00 +3.2074e+00 +2.6781e+00 +2.9613e+00 +1.0021e+00 -5.2428e-01 -1.9243e+00 -2.5893e+00
1279 0 +4.224363803e-01 +8.062436380e+00 +8.062436380e+00 +3.3940e+00 +3.1474e+00 +2.9284e+00 +3.5995e+00 +2.9911e+00 +3.4522e+00 +7.2948e-01 -4.3631e-01 -1.4237e+00 -2.7818e+00
1323 0 +4.079486343e-01 +8.047948634e+00 +8.047948634e+00 +3.5727e+00 +2.3135e+00 +2.8022e+00 +3.9200e+00 +3.1447e+00 +2.6218e+00 +8.1494e-01 -6.9490e-01 -9.5675e-01 -2.8385e+00
1419 0 +3.146527083e-01 +7.954652708e+00 +7.954652708e+00 +3.5003e+00 +2.3588e+00 +2.8819e+00 +3.9570e+00 +2.5402e+00 +3.0337e+00 +1.1002e+00 -8.9968e-01 -1.7653e+00 -2.5993e+00
1457 0 +3.125602625e-01 +7.952560263e+00 +7.952560263e+00 +3.4310e+00 +2.7201e+00 +2.8678e+00 +3.4864e+00 +2.8646e+00 +3.0167e+00 +3.1480e-01 -4.8635e-02 -1.4426e+00 -2.7748e+00
1462 0 +2.510944070e-01 +7.891094407e+00 +7.891094407e+00 +3.8206e+00 +2.6302e+00 +2.5942e+00 +3.6871e+00 +2.8602e+00 +3.0044e+00 +1.0153e+00 -6.4966e-01 -1.3798e+00 -2.4823e+00
1476 0 +2.076228665e-01 +7.847622866e+00 +7.847622866e+00 +3.4317e+00 +2.8917e+00 +3.1495e+00 +3.7555e+00 +3.0206e+00 +3.1742e+00 +4.5200e-01 -4.2843e-01 -1.5305e+00 -2.5597e+00
1499 0 +1.932861028e-01 +7.833286103e+00 +7.833286103e+00 +3.4691e+00 +2.6915e+00 +2.7331e+00 +3.8451e+00 +3.1136e+00 +2.7503e+00 +1.0108e+00 -5.0975e-01 -1.5339e+00 -2.5154e+00
1516 0 +1.706350374e-01 +7.810635037e+00 +7.810635037e+00 +3.5457e+00 +2.4755e+00 +2.7945e+00 +4.0002e+00 +2.8489e+00 +3.1408e+00 +7.3973e-01 -4.6482e-01 -1.1873e+00 -2.5216e+00
1569 0 +1.230027900e-01 +7.763002790e+00 +7.763002790e+00 +3.5276e+00 +2.4872e+00 +2.8802e+00 +4.1636e+00 +3.0507e+00 +2.9331e+00 +5.3783e-01 -7.1770e-01 -1.7490e+00 -2.6114e+00
1795 0 +1.200225322e-01 +7.760022532e+00 +7.760022532e+00 +3.5137e+00 +2.8277e+00 +2.9974e+00 +3.7095e+00 +2.8269e+00 +3.0743e+00 +5.2868e-01 -6.0133e-01 -1.5802e+00 -2.7698e+00
1826 0 +9.979298836e-02 +7.739792988e+00 +7.739792988e+00 +3.5831e+00 +2.4560e+00 +2.6984e+00 +3.8830e+00 +2.5780e+00 +3.0731e+00 +5.6064e-01 -7.2928e-01 -1.5372e+00 -2.6278e+00
1935 0 +7.093781314e-02 +7.710937813e+00 +7.710937813e+00 +3.4967e+00 +2.4690e+00 +2.6906e+00 +4.0250e+00 +2.6970e+00 +2.8996e+00 +7.1458e-01 -5.8409e-01 -1.6302e+00 -2.6518e+00
2048 0 +6.180985933e-02 +7.701809859e+00 +7.701809859e+00 +3.4612e+00 +2.6843e+00 +2.7643e+00 +3.7031e+00 +2.8113e+00 +2.9508e+00 +6.3202e-01 -4.1624e-01 -1.4955e+00 -2.5961e+00
2123 0 +5.167361178e-02 +7.691673612e+00 +7.691673612e+00 +3.4742e+00 +2.6723e+00 +2.6974e+00 +3.7578e+00 +2.8157e+00 +2.9617e+00 +5.5250e-01 -4.5905e-01 -1.4111e+00 -2.6171e+00
2213 0 +3.510765024e-02 +7.675107650e+00 +7.675107650e+00 +3.6371e+00 +2.6837e+00 +2.8223e+00 +3.7804e+00 +3.0083e+00 +2.9833e+00 +7.1447e-01 -6.0291e-01 -1.6131e+00 -2.5475e+00
2252 0 +2.808608905e-02 +7.668086089e+00 +7.668086089e+00 +3.5183e+00 +2.5760e+00 +2.8366e+00 +3.8318e+00 +2.6870e+00 +2.8893e+00 +5.5678e-01 -5.9375e-01 -1.5525e+00 -2.7103e+00
2294 0 +1.864220755e-02 +7.658642208e+00 +7.658642208e+00 +3.5354e+00 +2.6612e+00 +2.7174e+00 +3.9247e+00 +2.6865e+00 +3.0322e+00 +6.7168e-01 -6.1792e-01 -1.5605e+00 -2.6596e+00
2434 0 +1.357998953e-02 +7.653579990e+00 +7.653579990e+00 +3.5539e+00 +2.6347e+00 +2.8517e+00 +3.8404e+00 +2.6705e+00 +2.9794e+00 +5.3584e-01 -5.7621e-01 -1.5374e+00 -2.7010e+00
% f evaluations | g evaluations | best noise-free fitness - Fopt (-1.276800000000e+02) + sum g_i+ | measured fitness | best measured fitness or single-digit g-values | x1 | x2...
1 0 +5.942865527e+01 -6.825134473e+01 -6.825134473e+01 +5.9671e-01 -3.8264e-02 +7.4769e-01 +1.6230e+00 -1.3415e-01 -1.3414e-01 +1.6792e+00 +8.6743e-01 -3.6947e-01 +6.4256e-01
4 0 +3.585481446e+01 -9.182518554e+01 -9.182518554e+01 -5.0171e-01 +1.9523e+00 +8.6503e-02 -9.5771e-01 +9.2254e-01 -1.1208e+00 +3.0886e-01 -1.8597e+00 -1.2282e+00 +2.9686e-01
8 0 +2.440927263e+01 -1.032707274e+02 -1.032707274e+02 +4.6140e-01 +1.6380e+00 +6.4174e-02 +1.6646e+00 -2.5197e+00 +9.2190e-01 +1.8705e-01 -1.9901e-01 +1.9176e-01 -1.8876e+00
15 0 +1.944559288e+01 -1.082344071e+02 -1.082344071e+02 +3.2746e-01 +1.4071e+00 -1.5075e+00 +2.8463e-01 +3.5988e-01 +8.8182e-01 -1.1370e+00 -1.2205e+00 +6.2194e-01 +3.9698e-01
52 0 +1.615808972e+01 -1.115219103e+02 -1.115219103e+02 -4.6754e-01 +1.5818e+00 -1.5502e-01 +8.6701e-01 -7.8189e-01 +3.8706e-01 -1.6041e+00 -8.8187e-01 +1.3868e+00 +5.3590e-01
61 0 +1.475896923e+01 -1.129210308e+02 -1.129210308e+02 -1.5231e+00 +1.7193e-01 +1.8161e+00 +7.8609e-01 -1.2949e+00 +2.4911e+00 -5.7405e-01 -2.4944e+00 +2.7625e+00 -1.1859e+00
69 0 +1.322331892e+01 -1.144566811e+02 -1.144566811e+02 +1.1443e+00 +1.1659e+00 -3.4522e-01 +6.2139e-01 +3.6811e-01 +6.3386e-01 -9.0872e-01 -1.7231e+00 +1.7753e+00 -4.2539e-01
76 0 +1.272567405e+01 -1.149543260e+02 -1.149543260e+02 +1.1058e+00 +1.3288e+00 +1.8401e+00 +2.0011e+00 -2.7463e-01 +2.4606e+00 -6.0679e-01 -2.5650e+00 +6.6534e-01 +4.6711e-01
106 0 +1.181563732e+01 -1.158643627e+02 -1.158643627e+02 -1.3503e+00 +2.9532e+00 +3.8211e+00 +1.3114e+00 -1.5311e+00 +5.8814e-01 -5.0173e-01 -3.0615e+00 +3.0777e+00 -3.1811e-01
138 0 +8.666711781e+00 -1.190132882e+02 -1.190132882e+02 +1.6930e+00 +1.7549e+00 +8.2106e-01 +7.7571e-01 -1.5139e-01 +1.2791e-01 -2.6677e+00 -4.4687e+00 +2.0713e+00 +2.0726e-01
311 0 +7.547621405e+00 -1.201323786e+02 -1.201323786e+02 -1.6452e+00 +1.3528e+00 +3.1700e+00 +1.0144e+00 -2.8531e+00 -7.8566e-01 -2.9692e+00 -2.8556e+00 +2.0640e+00 +1.5138e+00
336 0 +5.331869851e+00 -1.223481301e+02 -1.223481301e+02 +1.2167e+00 +2.6202e+00 +1.2948e+00 +1.3325e+00 -2.3662e+00 -9.0183e-01 +5.9202e-01 -4.1129e+00 +3.0502e+00 +2.2504e+00
547 0 +4.939986833e+00 -1.227400132e+02 -1.227400132e+02 +1.8077e+00 +2.9019e+00 +1.1528e+00 +2.8760e+00 -4.2201e+00 -7.2929e-01 -3.0327e+00 -2.5571e+00 +2.9369e+00 +1.8601e+00
587 0 +4.937588943e+00 -1.227424111e+02 -1.227424111e+02 +8.1858e-02 +4.1823e+00 +1.9912e+00 +1.9182e+00 -2.7805e+00 +1.4447e-01 -2.2659e+00 -3.8328e+00 +3.2537e+00 +1.5030e+00
589 0 +4.826563113e+00 -1.228534369e+02 -1.228534369e+02 +1.1178e+00 +2.2118e+00 +7.8685e-01 +2.2787e+00 -1.8210e+00 -9.0895e-01 -2.9630e+00 -2.6650e+00 +4.4373e+00 +1.1224e+00
633 0 +3.923418382e+00 -1.237565816e+02 -1.237565816e+02 +6.5501e-01 +3.9373e+00 +1.8035e+00 +1.7354e+00 -2.7583e+00 -1.4050e+00 -1.7777e+00 -2.2025e+00 +2.8428e+00 +1.3946e+00
648 0 +3.022236558e+00 -1.246577634e+02 -1.246577634e+02 +2.7376e+00 +2.3905e+00 +2.2063e+00 +9.1249e-01 -2.9197e+00 -2.1489e+00 -2.1994e+00 -3.1181e+00 +2.7338e+00 +1.8478e+00
686 0 +2.352337066e+00 -1.253276629e+02 -1.253276629e+02 +1.0232e+00 +3.0222e+00 +2.3897e+00 +6.7653e-01 -4.0196e+00 -2.1393e+00 -2.2170e+00 -4.1108e+00 +1.7966e+00 +3.2650e+00
727 0 +2.133188439e+00 -1.255468116e+02 -1.255468116e+02 +2.0892e+00 +4.2142e+00 +1.6646e+00 +1.3351e+00 -3.2226e+00 -2.4589e+00 -2.2772e+00 -3.7272e+00 +1.9410e+00 +3.9015e+00
738 0 +1.364836142e+00 -1.263151639e+02 -1.263151639e+02 +2.4979e+00 +3.7818e+00 +3.9105e+00 +4.4986e-01 -2.5501e+00 -1.7478e+00 -2.1306e+00 -2.9016e+00 +2.9853e+00 +3.6806e+00
963 0 +1.245905088e+00 -1.264340949e+02 -1.264340949e+02 +2.7827e+00 +4.3643e+00 +2.8107e+00 +1.8412e-02 -1.9931e+00 -1.3094e+00 -2.1374e+00 -4.3300e+00 +2.9757e+00 +3.3407e+00
972 0 +9.597765654e-01 -1.267202234e+02 -1.267202234e+02 +2.6021e+00 +4.2082e+00 +3.2238e+00 +1.1442e+00 -2.7825e+00 -2.2808e+00 -1.8734e+00 -3.4908e+00 +3.0745e+00 +3.4221e+00
1041 0 +8.346902378e-01 -1.268453098e+02 -1.268453098e+02 +2.2808e+00 +4.0468e+00 +3.0306e+00 +1.4842e-01 -2.7782e+00 -1.6363e+00 -2.0717e+00 -3.3136e+00 +3.4312e+00 +4.3455e+00
1090 0 +7.531038082e-01 -1.269268962e+02 -1.269268962e+02 +2.8847e+00 +4.3706e+00 +2.7128e+00 +4.9902e-01 -2.6571e+00 -1.7310e+00 -1.5974e+00 -3.4709e+00 +3.5767e+00 +3.1287e+00
1136 0 +5.409018059e-01 -1.271390982e+02 -1.271390982e+02 +2.3627e+00 +3.5506e+00 +2.9422e+00 +4.2940e-01 -2.8800e+00 -2.1765e+00 -1.8247e+00 -2.8332e+00 +3.5338e+00 +3.3585e+00
1142 0 +5.068145298e-01 -1.271731855e+02 -1.271731855e+02 +2.3299e+00 +3.7586e+00 +2.6922e+00 +6.1166e-01 -2.6802e+00 -1.6330e+00 -2.8953e+00 -3.0213e+00 +2.9386e+00 +3.1156e+00
1175 0 +4.254170256e-01 -1.272545830e+02 -1.272545830e+02 +2.3571e+00 +4.2140e+00 +2.4634e+00 +2.8649e-01 -3.1579e+00 -1.6739e+00 -2.4664e+00 -3.0220e+00 +3.2161e+00 +3.9105e+00
1213 0 +3.711145404e-01 -1.273088855e+02 -1.273088855e+02 +2.0282e+00 +3.5371e+00 +2.7073e+00 +2.9858e-01 -2.8737e+00 -1.5348e+00 -2.1932e+00 -3.2844e+00 +3.3842e+00 +3.1714e+00
1375 0 +2.931167964e-01 -1.273868832e+02 -1.273868832e+02 +1.9318e+00 +3.8437e+00 +2.7477e+00 +6.3793e-01 -2.7915e+00 -2.1582e+00 -2.0858e+00 -3.0323e+00 +3.4580e+00 +3.2694e+00
1411 0 +4.990070939e-02 -1.276300993e+02 -1.276300993e+02 +2.3769e+00 +3.8240e+00 +2.7411e+00 +4.3768e-01 -2.7385e+00 -1.9191e+00 -2.4273e+00 -3.4513e+00 +3.2813e+00 +3.1435e+00
2001 0 +4.903569917e-02 -1.276309643e+02 -1.276309643e+02 +2.3722e+00 +3.8972e+00 +2.6033e+00 +4.4577e-01 -2.8718e+00 -1.9183e+00 -2.4210e+00 -3.6136e+00 +3.3438e+00 +3.2960e+00
2004 0 +1.888014058e-02 -1.276611199e+02 -1.276611199e+02 +2.2890e+00 +3.7814e+00 +2.4435e+00 +5.6500e-01 -2.8003e+00 -1.9035e+00 -2.4737e+00 -3.6161e+00 +3.2126e+00 +3.4019e+00
2247 0 +1.802275000e-02 -1.276619772e+02 -1.276619772e+02 +2.3328e+00 +3.8488e+00 +2.4517e+00 +4.5356e-01 -2.8676e+00 -1.8403e+00 -2.4117e+00 -3.5537e+00 +3.2774e+00 +3.4118e+00
2405 0 +1.013235255e-02 -1.276698676e+02 -1.276698676e+02 +2.2999e+00 +3.8382e+00 +2.4794e+00 +5.2276e-01 -2.8567e+00 -1.7957e+00 -2.3252e+00 -3.6420e+00 +3.3554e+00 +3.4512e+00
