% f evaluations | g evaluations | best noise-free fitness - Fopt (-4.620900000000e+02) + sum g_i+ | measured fitness | best measured fitness or single-digit g-values | x1 | x2...
1 0 +1.889976894e+02 -2.730923106e+02 -2.730923106e+02 +5.9671e-01 -3.8264e-02 +7.4769e-01 +1.6230e+00 -1.3415e-01 -1.3414e-01 +1.6792e+00 +8.6743e-01 -3.6947e-01 +6.4256e-01
7 0 +1.825631784e+02 -2.795268216e+02 -2.795268216e+02 -3.7917e-01 -8.5659e-02 -1.0063e+00 -1.0962e+00 +9.1253e-01 +1.4562e+00 +2.7990e-02 +1.1035e+00 +4.6164e-01 -5.4512e-01
52 0 +1.818838585e+02 -2.802061415e+02 -2.802061415e+02 -2.4339e+00 +9.3130e-01 -4.3368e-01 -8.5178e-01 +9.4267e-01 -1.0655e-01 +6.8598e-01 +1.7547e+00 +1.6498e+00 +1.8563e-01
56 0 +1.325599839e+02 -3.295300161e+02 -3.295300161e+02 -1.4388e+00 -5.5323e-01 -9.2118e-02 +4.1479e-01 +1.1821e+00 +2.0790e+00 +1.7294e+00 +1.0224e+00 +6.5270e-01 -2.2524e-01
94 0 +1.077736790e+02 -3.543163210e+02 -3.543163210e+02 -2.4979e+00 +6.0247e-01 -9.1140e-01 +7.5786e-01 +1.6072e+00 +1.9307e+00 +2.5577e+00 +4.7417e-01 +2.4465e+00 +2.0821e-01
141 0 +9.851196991e+01 -3.635780301e+02 -3.635780301e+02 -3.8556e-01 +2.8505e+00 +2.1529e+00 +1.5569e+00 +1.1560e+00 +1.4788e+00 +2.3867e+00 +1.4979e+00 +2.0980e+00 -1.1534e+00
315 0 +7.873036535e+01 -3.833596347e+02 -3.833596347e+02 -2.0224e+00 +1.2927e+00 +2.7778e+00 +1.6329e+00 +3.0904e+00 +2.6216e+00 +3.1867e+00 +2.6055e+00 +1.7820e+00 +3.6056e-02
405 0 +7.812098691e+01 -3.839690131e+02 -3.839690131e+02 -2.0015e+00 +2.5964e+00 +1.7163e+00 +1.8529e+00 +2.2240e+00 +1.7196e+00 +1.5375e+00 +2.5882e+00 +1.4605e+00 -2.2287e-01
411 0 +7.201947342e+01 -3.900705266e+02 -3.900705266e+02 -1.2844e+00 +1.0939e+00 +8.3453e-01 +1.4841e+00 +1.8363e+00 +1.1187e+00 +3.9099e+00 +2.6911e+00 +2.1812e+00 +5.1085e-02
462 0 +5.607584053e+01 -4.060141595e+02 -4.060141595e+02 -3.4352e+00 +2.2010e+00 +1.9990e+00 +1.4334e+00 +2.1607e+00 +2.2013e+00 +2.0716e+00 +2.4127e+00 +2.1638e+00 +4.4847e-01
508 0 +5.580840180e+01 -4.062815982e+02 -4.062815982e+02 -2.4068e+00 +1.3890e+00 +2.3123e+00 +1.4971e+00 +1.7700e+00 +1.2134e+00 +2.0106e+00 +2.5878e+00 +1.9634e+00 -5.3074e-01
972 0 +5.266396313e+01 -4.094260369e+02 -4.094260369e+02 -1.3581e+00 +3.7360e-01 +2.1897e+00 +2.0436e+00 +2.2837e+00 +1.4486e+00 +2.5114e+00 +2.0577e+00 +2.2612e+00 +5.1535e-02
1066 0 +4.540584289e+01 -4.166841571e+02 -4.166841571e+02 -2.3761e+00 +1.2194e+00 +2.2004e+00 +1.5707e+00 +2.7962e+00 +1.5588e+00 +2.0193e+00 +2.5252e+00 +2.4533e+00 +8.0177e-02
1607 0 +4.495771327e+01 -4.171322867e+02 -4.171322867e+02 -2.3057e+00 +1.3689e+00 +2.3766e+00 +1.9187e+00 +3.0486e+00 +1.5450e+00 +2.0994e+00 +2.3647e+00 +2.2164e+00 -2.6848e-01
1651 0 +4.171848910e+01 -4.203715109e+02 -4.203715109e+02 -2.3639e+00 +1.5034e+00 +2.2952e+00 +1.9288e+00 +2.8876e+00 +1.6082e+00 +2.1558e+00 +2.6688e+00 +2.4022e+00 -2.8997e-01
2015 0 +3.940558327e+01 -4.226844167e+02 -4.226844167e+02 -2.2148e+00 +1.4726e+00 +2.1599e+00 +1.8957e+00 +2.8451e+00 +1.5454e+00 +2.1896e+00 +2.6924e+00 +2.5521e+00 +5.5362e-02
2270 0 +3.255406483e+01 -4.295359352e+02 -4.295359352e+02 -2.1590e+00 +1.4325e+00 +1.3786e+00 +1.4357e+00 +2.9812e+00 +1.6443e+00 +2.0225e+00 +2.5385e+00 +2.5902e+00 +1.2504e-01
% f evaluations | g evaluations | best noise-free fitness - Fopt (7.766000000000e+01) + sum g_i+ | measured fitness | best measured fitness or single-digit g-values | x1 | x2...
1 0 +8.953385444e+02 +9.729985444e+02 +9.729985444e+02 +5.9671e-01 -3.8264e-02 +7.4769e-01 +1.6230e+00 -1.3415e-01 -1.3414e-01 +1.6792e+00 +8.6743e-01 -3.6947e-01 +6.4256e-01
2 0 +3.489235570e+02 +4.265835570e+02 +4.265835570e+02 -3.6342e-01 -3.6573e-01 +3.4196e-01 -1.8133e+00 -1.6249e+00 -4.6229e-01 -9.1283e-01 +4.1425e-01 -8.0802e-01 -1.3123e+00
5 0 +2.303866135e+02 +3.080466135e+02 +3.080466135e+02 +8.3847e-01 +2.7137e-01 -1.5648e-02 -2.0110e-01 -1.3785e+00 -6.1984e-01 -3.6064e-01 +1.1571e+00 +4.4362e-01 -1.6630e+00
8 0 +1.472438619e+02 +2.249038619e+02 +2.249038619e+02 +4.6140e-01 +1.6380e+00 +6.4174e-02 +1.6646e+00 -2.5197e+00 +9.2190e-01 +1.8705e-01 -1.9901e-01 +1.9176e-01 -1.8876e+00
54 0 +1.305655588e+02 +2.082255588e+02 +2.082255588e+02 +1.2945e+00 -7.0246e-01 -1.4321e-01 +2.3639e+00 -3.2765e+00 -6.0155e-02 +2.3917e+00 -7.3285e-01 +1.1110e-01 -2.6693e+00
62 0 +1.164140259e+02 +1.940740259e+02 +1.940740259e+02 -1.1087e+00 -1.3632e-01 -3.9822e-01 +2.1419e+00 +7.2252e-03 -1.7883e+00 +5.2917e-01 -6.7839e-01 +6.2203e-01 -4.1706e+00
212 0 +1.136657904e+02 +1.913257904e+02 +1.913257904e+02 +2.4891e+00 -1.0098e+00 -2.8864e+00 +4.3090e+00 -3.1815e+00 +5.8739e-01 -7.8718e-01 -1.3561e+00 -1.4084e-01 -3.2224e+00
259 0 +8.023496711e+01 +1.578949671e+02 +1.578949671e+02 +1.4841e+00 -2.7817e+00 +3.6718e-01 +2.6420e+00 -3.0263e+00 -2.9906e-01 +7.2154e-02 -1.4577e+00 -5.5192e-01 -4.1604e+00
577 0 +8.001245377e+01 +1.576724538e+02 +1.576724538e+02 +1.1237e+00 -1.5346e+00 -2.6037e+00 +3.3194e+00 -1.9106e+00 -1.0377e+00 +1.3570e-02 -3.1804e-01 +1.0380e+00 -3.3346e+00
629 0 +6.950566845e+01 +1.471656685e+02 +1.471656685e+02 +1.5107e+00 +2.1092e-01 -7.0710e-01 +4.6861e+00 -3.0321e+00 -1.0602e+00 +5.0648e-01 +4.7340e-01 -6.9286e-01 -4.1707e+00
824 0 +5.350776497e+01 +1.311677650e+02 +1.311677650e+02 +4.1107e-01 -1.8511e-01 +4.3803e-01 +3.3192e+00 -2.1730e+00 -1.6003e+00 +3.8379e-02 +6.0524e-01 +5.9621e-01 -3.4801e+00
909 0 +5.229029778e+01 +1.299502978e+02 +1.299502978e+02 +2.7528e-01 -2.6403e+00 -6.5542e-01 +3.9077e+00 -3.2620e+00 -5.3027e-01 +1.6900e-01 +2.6010e-01 +2.2143e-01 -3.5335e+00
1059 0 +4.186317589e+01 +1.195231759e+02 +1.195231759e+02 +3.7408e-01 -9.8861e-01 -1.2903e+00 +2.6405e+00 -2.9838e+00 -1.2058e+00 +5.3972e-01 +2.7188e-01 +5.4991e-01 -3.8518e+00
1157 0 +3.929418557e+01 +1.169541856e+02 +1.169541856e+02 +1.4928e+00 -1.8498e+00 -1.2458e+00 +4.5740e+00 -2.3782e+00 -1.2267e+00 +5.3533e-01 +4.9731e-01 +9.3456e-01 -3.8484e+00
% f evaluations | g evaluations | best noise-free fitness - Fopt (1.156800000000e+02) + sum g_i+ | measured fitness | best measured fitness or single-digit g-values | x1 | x2...
1 0 +9.009360922e+02 +1.016616092e+03 +1.016616092e+03 +5.9671e-01 -3.8264e-02 +7.4769e-01 +1.6230e+00 -1.3415e-01 -1.3414e-01 +1.6792e+00 +8.6743e-01 -3.6947e-01 +6.4256e-01
2 0 +4.206011842e+02 +5.362811842e+02 +5.362811842e+02 -3.6342e-01 -3.6573e-01 +3.4196e-01 -1.8133e+00 -1.6249e+00 -4.6229e-01 -9.1283e-01 +4.1425e-01 -8.0802e-01 -1.3123e+00
51 0 +3.683372345e+02 +4.840172345e+02 +4.840172345e+02 +1.5461e+00 -7.7872e-01 +3.1227e-01 -8.1129e-01 -1.7620e+00 +7.2099e-01 -2.8458e+00 -1.2799e+00 -2.3031e+00 -1.0383e+00
54 0 +2.726218116e+02 +3.883018116e+02 +3.883018116e+02 +1.9168e-01 -2.1112e+00 -1.4063e+00 -1.1967e-01 -1.9044e-01 -1.1830e+00 -1.9167e+00 +5.7092e-01 -3.5286e+00 -1.3121e+00
104 0 +2.342307388e+02 +3.499107388e+02 +3.499107388e+02 +1.7661e-01 -2.3380e+00 +8.0232e-01 -1.2746e+00 -1.2820e-01 -1.2594e+00 -4.9876e+00 +1.1289e+00 -3.0856e+00 -2.2609e+00
107 0 +2.276741852e+02 +3.433541852e+02 +3.433541852e+02 +1.5002e+00 -2.0971e+00 +1.5334e+00 -5.9530e-01 -1.7015e+00 -1.1579e+00 -1.5218e+00 +1.1452e+00 -3.2945e+00 -1.2028e+00
109 0 +2.228423290e+02 +3.385223290e+02 +3.385223290e+02 -2.1265e-01 -2.5701e-01 -8.9826e-01 -9.5232e-01 -1.0385e+00 -1.4334e+00 -4.5391e+00 -8.6827e-01 -3.2016e+00 -2.5814e+00
113 0 +1.983441507e+02 +3.140241507e+02 +3.140241507e+02 +1.3320e+00 -2.7039e+00 -1.5300e+00 +1.2184e+00 -5.2776e-01 -2.6399e+00 -2.9445e+00 +7.1927e-01 -3.9900e+00 -1.0483e+00
125 0 +1.671538520e+02 +2.828338520e+02 +2.828338520e+02 +2.1789e+00 +1.7460e+00 +1.5005e+00 +2.8387e-01 -1.8265e+00 -1.3025e+00 -2.2102e+00 +2.5056e+00 -3.5580e+00 -2.8360e+00
202 0 +1.131868225e+02 +2.288668225e+02 +2.288668225e+02 +5.7912e-01 -1.0290e-01 -7.8338e-01 +1.8731e+00 -3.3700e+00 -3.5615e+00 -3.1585e+00 +2.0381e+00 -3.0617e+00 -1.8365e+00
366 0 +9.879837687e+01 +2.144783769e+02 +2.144783769e+02 -3.2327e+00 +8.5561e-01 +3.3705e-01 +3.0552e+00 -2.2847e+00 -4.4704e+00 -4.3362e+00 +2.3277e+00 -3.5039e+00 -2.3472e+00
421 0 +9.152958542e+01 +2.072095854e+02 +2.072095854e+02 +4.7336e-01 -2.6420e+00 -2.1326e+00 +1.6173e+00 -1.7793e+00 -2.7853e+00 -3.0035e+00 +1.8633e+00 -4.2694e+00 -1.5682e+00
454 0 +8.920496685e+01 +2.048849669e+02 +2.048849669e+02 -4.5082e+00 -2.0085e+00 +5.2699e-01 +4.3198e+00 -4.0703e+00 -3.1832e+00 -3.8488e+00 +2.4444e+00 -3.4530e+00 -1.9931e+00
471 0 +7.410502304e+01 +1.897850230e+02 +1.897850230e+02 -1.9238e+00 -1.9050e+00 -6.4189e-01 +1.0383e+00 -4.4207e+00 -3.8496e+00 -3.2710e+00 +1.4763e+00 -3.8776e+00 -1.1749e+00
753 0 +6.636343660e+01 +1.820434366e+02 +1.820434366e+02 -1.9805e+00 -1.8121e+00 +3.5163e-01 +2.9325e+00 -3.6606e+00 -3.2001e+00 -3.8332e+00 +2.3504e+00 -4.6375e+00 -2.9366e+00
756 0 +6.391751636e+01 +1.795975164e+02 +1.795975164e+02 -1.9297e+00 -3.8989e-01 -4.6937e-01 +3.6810e+00 -3.5802e+00 -2.7184e+00 -4.0697e+00 +1.8530e+00 -3.9120e+00 -2.4000e+00
814 0 +5.116414213e+01 +1.668441421e+02 +1.668441421e+02 -2.5407e+00 -2.6454e+00 +1.0646e+00 +2.4689e+00 -2.5206e+00 -3.3318e+00 -3.5509e+00 +2.3994e+00 -3.4487e+00 -1.8784e+00
900 0 +4.926147229e+01 +1.649414723e+02 +1.649414723e+02 -2.2383e+00 -2.5937e+00 +5.4345e-01 +3.7583e+00 -4.1516e+00 -3.9270e+00 -3.5769e+00 +2.6821e+00 -4.2426e+00 -1.9678e+00
907 0 +4.329974765e+01 +1.589797477e+02 +1.589797477e+02 -2.2687e+00 -2.4585e+00 +5.0933e-01 +3.8634e+00 -3.5886e+00 -4.2550e+00 -4.0473e+00 +2.3510e+00 -3.8752e+00 -1.8731e+00
1198 0 +3.423327915e+01 +1.499132792e+02 +1.499132792e+02 -2.1657e+00 -1.9173e+00 +2.6735e-01 +4.4553e+00 -4.2525e+00 -4.2926e+00 -3.6269e+00 +2.7894e+00 -3.6428e+00 -1.5582e+00
% f evaluations | g evaluations | best noise-free fitness - Fopt (-3.710000000000e+00) + sum g_i+ | measured fitness | best measured fitness or single-digit g-values | x1 | x2...
1 0 +3.658772987e+02 +3.621672987e+02 +3.621672987e+02 +5.9671e-01 -3.8264e-02 +7.4769e-01 +1.6230e+00 -1.3415e-01 -1.3414e-01 +1.6792e+00 +8.6743e-01 -3.6947e-01 +6.4256e-01
4 0 +3.068038534e+02 +3.030938534e+02 +3.030938534e+02 -5.0171e-01 +1.9523e+00 +8.6503e-02 -9.5771e-01 +9.2254e-01 -1.1208e+00 +3.0886e-01 -1.8597e+00 -1.2282e+00 +2.9686e-01
22 0 +2.834130270e+02 +2.797030270e+02 +2.797030270e+02 +6.7089e-01 +1.2356e+00 +1.0540e+00 +7.5139e-01 -2.1527e-01 +8.5897e-01 -6.7283e-01 -1.3682e-01 -3.8536e-01 +1.8187e-01
23 0 +2.661856590e+02 +2.624756590e+02 +2.624756590e+02 +2.4147e+00 -1.7673e+00 +7.8626e-01 -1.5127e+00 -3.7193e-01 +1.1890e+00 +1.6428e-01 -9.7774e-01 -6.1530e-01 +7.7960e-01
44 0 +2.453400482e+02 +2.416300482e+02 +2.416300482e+02 -1.0833e+00 -1.9392e+00 -1.6941e-01 +8.1754e-01 +1.6024e+00 +1.7409e-01 +1.7286e+00 -1.2801e+00 -1.6034e+00 +4.4452e-02
53 0 +2.338697616e+02 +2.301597616e+02 +2.301597616e+02 -3.1787e-01 +1.7170e+00 -7.5658e-02 +1.0378e+00 -4.1276e-02 +1.3482e+00 -2.6795e-01 -1.4816e+00 -9.0880e-01 -7.6889e-01
55 0 +2.253061799e+02 +2.215961799e+02 +2.215961799e+02 +7.6777e-02 -5.7202e-01 +2.1661e+00 +9.8027e-01 +1.3250e+00 +1.1231e+00 -2.2184e+00 -2.9933e+00 -3.4967e-01 +6.5448e-01
56 0 +1.883435947e+02 +1.846335947e+02 +1.846335947e+02 -1.1624e-01 -1.9763e+00 -6.3803e-01 -3.1941e-01 +1.9614e+00 +2.4523e+00 +9.4923e-02 -1.9232e+00 -5.3147e-01 +8.2327e-01
61 0 +1.790939785e+02 +1.753839785e+02 +1.753839785e+02 +2.0601e+00 -3.8437e-01 -6.0036e-01 -3.0643e-01 +1.5095e+00 +2.6282e+00 +1.1777e+00 +1.2920e-01 -1.8687e+00 +1.9861e-01
81 0 +1.678398522e+02 +1.641298522e+02 +1.641298522e+02 -9.0014e-01 -1.3407e+00 -8.3269e-01 +4.4082e-01 +1.4595e+00 +6.7211e-01 +4.1795e-01 -3.9253e-01 -1.5350e+00 +1.0166e+00
113 0 +1.563756145e+02 +1.526656145e+02 +1.526656145e+02 +1.6163e+00 -2.3011e+00 -9.6810e-01 +1.3346e+00 +2.9910e+00 +1.8087e+00 -2.3194e-01 -2.3275e+00 -3.6511e+00 +7.6254e-01
135 0 +1.535227754e+02 +1.498127754e+02 +1.498127754e+02 +2.0980e-01 -7.1646e-01 +1.9676e+00 +2.8033e-01 +1.9349e+00 +3.2806e+00 -8.7659e-01 -1.9654e+00 -2.7238e+00 -8.2669e-01
141 0 +1.382162487e+02 +1.345062487e+02 +1.345062487e+02 -9.6465e-03 +6.5142e-01 +9.8381e-01 +3.6198e+00 +2.3404e+00 +3.3372e+00 +5.6842e-01 -1.1555e+00 -1.8050e+00 +1.2580e+00
153 0 +1.380851731e+02 +1.343751731e+02 +1.343751731e+02 +5.3990e-01 -5.8059e-01 +2.0151e+00 +1.7345e+00 +4.4748e+00 +3.9144e+00 +1.6268e-01 -1.4562e+00 -2.4046e+00 +4.4466e-01
182 0 +8.667781636e+01 +8.296781636e+01 +8.296781636e+01 +4.9394e+00 -7.2012e-01 +2.7321e+00 +3.8114e+00 +3.1808e+00 +4.7020e+00 +7.5020e-01 -2.8524e+00 -3.3370e+00 +6.0734e-03
466 0 +8.496227639e+01 +8.125227639e+01 +8.125227639e+01 +1.8755e+00 -2.1837e+00 +2.3933e+00 +1.8320e+00 +3.5344e+00 +3.6229e+00 +3.3133e-01 -2.3605e+00 -1.7063e+00 +6.6295e-01
467 0 +7.596178989e+01 +7.225178989e+01 +7.225178989e+01 +1.8363e+00 -1.3056e+00 +1.0465e+00 +3.2235e+00 +3.5069e+00 +3.6885e+00 -8.2785e-01 -3.1076e+00 -2.7041e+00 -5.0296e-02
551 0 +7.503572605e+01 +7.132572605e+01 +7.132572605e+01 +2.2412e+00 -3.2564e+00 +1.6376e+00 +3.0710e+00 +3.0815e+00 +3.6180e+00 +3.8770e-02 -2.2386e+00 -1.8671e+00 +4.6582e-01
608 0 +6.513388163e+01 +6.142388163e+01 +6.142388163e+01 +2.9778e+00 -1.4041e+00 +2.3623e+00 +3.1015e+00 +2.5589e+00 +3.0993e+00 +5.4203e-01 -2.5264e+00 -2.0732e+00 +9.7202e-01
652 0 +6.130339451e+01 +5.759339451e+01 +5.759339451e+01 +3.0339e+00 -2.1583e+00 +2.1261e+00 +3.4672e+00 +2.0376e+00 +3.7153e+00 -2.2756e-01 -2.3966e+00 -1.5603e+00 +7.3043e-01
988 0 +5.966845734e+01 +5.595845734e+01 +5.595845734e+01 +4.0250e+00 -2.2590e+00 +2.7060e+00 +3.1936e+00 +2.6038e+00 +4.1958e+00 +3.8904e-02 -1.6974e+00 -2.3517e+00 +1.8021e+00
1069 0 +5.674722475e+01 +5.303722475e+01 +5.303722475e+01 +3.0630e+00 -2.3493e+00 +2.1921e+00 +3.4090e+00 +1.9051e+00 +4.2092e+00 +9.8586e-02 -2.4274e+00 -1.9030e+00 +6.8746e-01
1088 0 +4.324675823e+01 +3.953675823e+01 +3.953675823e+01 +3.2609e+00 -1.9857e+00 +1.8674e+00 +3.9664e+00 +2.1385e+00 +3.6946e+00 -2.7127e-01 -2.0099e+00 -1.9167e+00 +1.0467e+00
1437 0 +3.552361602e+01 +3.181361602e+01 +3.181361602e+01 +3.2178e+00 -2.3624e+00 +2.5367e+00 +3.8669e+00 +2.4481e+00 +4.1710e+00 +3.2038e-01 -1.9197e+00 -2.2828e+00 +7.1562e-01
1966 0 +3.438028536e+01 +3.067028536e+01 +3.067028536e+01 +3.0192e+00 -2.1710e+00 +2.7132e+00 +3.0914e+00 +2.5090e+00 +3.5774e+00 -3.8391e-01 -2.3120e+00 -1.9259e+00 +1.0023e+00
1972 0 +3.342640341e+01 +2.971640341e+01 +2.971640341e+01 +3.0386e+00 -2.2222e+00 +2.5034e+00 +3.0928e+00 +2.6724e+00 +3.8235e+00 -3.3773e-01 -1.9584e+00 -1.9237e+00 +1.0866e+00
2067 0 +2.960350604e+01 +2.589350604e+01 +2.589350604e+01 +3.0981e+00 -2.2735e+00 +2.6683e+00 +3.2449e+00 +2.4772e+00 +3.6086e+00 -2.7892e-01 -2.0152e+00 -2.0818e+00 +9.9273e-01
2204 0 +2.553353399e+01 +2.182353399e+01 +2.182353399e+01 +3.0893e+00 -2.2023e+00 +2.6286e+00 +3.2079e+00 +2.6602e+00 +3.6597e+00 -2.6796e-01 -1.9586e+00 -2.0360e+00 +1.0036e+00
2253 0 +2.514023767e+01 +2.143023767e+01 +2.143023767e+01 +3.0650e+00 -2.3008e+00 +2.5873e+00 +3.2855e+00 +2.6200e+00 +3.7000e+00 -2.8478e-01 -1.9722e+00 -2.2364e+00 +1.0562e+00
2257 0 +2.434186014e+01 +2.063186014e+01 +2.063186014e+01 +3.1053e+00 -2.3912e+00 +2.6700e+00 +3.2251e+00 +2.4977e+00 +3.5882e+00 -3.7421e-01 -2.0408e+00 -1.9950e+00 +1.0814e+00
2295 0 +2.177228766e+01 +1.806228766e+01 +1.806228766e+01 +2.9980e+00 -2.2450e+00 +2.5651e+00 +3.2294e+00 +2.6073e+00 +3.7315e+00 -3.9120e-01 -2.0000e+00 -1.9529e+00 +1.0438e+00
2374 0 +2.033731257e+01 +1.662731257e+01 +1.662731257e+01 +3.1251e+00 -2.3256e+00 +2.6081e+00 +3.2792e+00 +2.5072e+00 +3.7004e+00 -2.7590e-01 -1.9048e+00 -1.9863e+00 +1.0198e+00
2406 0 +2.031216171e+01 +1.660216171e+01 +1.660216171e+01 +3.0315e+00 -2.2792e+00 +2.6065e+00 +3.1325e+00 +2.5884e+00 +3.6220e+00 -2.3636e-01 -1.9313e+00 -1.9801e+00 +1.0189e+00
2408 0 +1.600427203e+01 +1.229427203e+01 +1.229427203e+01 +3.2358e+00 -2.2351e+00 +2.6058e+00 +3.1699e+00 +2.5604e+00 +3.7024e+00 -2.4437e-01 -1.9514e+00 -1.9535e+00 +1.0097e+00
2466 0 +1.385429963e+01 +1.014429963e+01 +1.014429963e+01 +3.1683e+00 -2.3104e+00 +2.6588e+00 +3.2417e+00 +2.5324e+00 +3.6954e+00 -3.6695e-01 -2.0294e+00 -1.9401e+00 +1.0462e+00
% f evaluations | g evaluations | best noise-free fitness - Fopt (1.321800000000e+02) + sum g_i+ | measured fitness | best measured fitness or single-digit g-values | x1 | x2...
1 0 +3.667024800e+02 +4.988824800e+02 +4.988824800e+02 +5.9671e-01 -3.8264e-02 +7.4769e-01 +1.6230e+00 -1.3415e-01 -1.3414e-01 +1.6792e+00 +8.6743e-01 -3.6947e-01 +6.4256e-01
2 0 +1.797160505e+02 +3.118960505e+02 +3.118960505e+02 -3.6342e-01 -3.6573e-01 +3.4196e-01 -1.8133e+00 -1.6249e+00 -4.6229e-01 -9.1283e-01 +4.1425e-01 -8.0802e-01 -1.3123e+00
3 0 +1.721869026e+02 +3.043669026e+02 +3.043669026e+02 +1.5656e+00 -1.2578e-01 +1.6753e-01 -1.3247e+00 -4.4438e-01 +2.1092e-01 -1.0510e+00 +4.7570e-01 -5.0064e-01 -1.9169e-01
52 0 +1.632501328e+02 +2.954301328e+02 +2.954301328e+02 +4.6355e-01 +7.3920e-01 -7.1970e-01 -1.6475e+00 -1.6967e+00 +3.2248e-01 -1.3921e+00 -1.0355e+00 -1.2649e-01 +3.7741e-01
63 0 +1.383216951e+02 +2.705016951e+02 +2.705016951e+02 +1.5269e+00 -1.1733e-01 -2.5683e-01 +2.8314e-01 -1.9826e+00 +8.3908e-01 -2.3666e+00 -3.9823e-01 +6.0253e-01 +3.7747e-01
82 0 +1.186291739e+02 +2.508091739e+02 +2.508091739e+02 -8.8679e-01 -9.5568e-01 +1.0228e+00 -3.6938e-01 -1.9810e+00 +4.4928e-01 -5.6597e-01 +9.3546e-01 +5.3823e-01 +9.5475e-02
88 0 +1.098772822e+02 +2.420572822e+02 +2.420572822e+02 +1.4791e+00 +5.2883e-01 +9.4896e-01 -6.6530e-01 -7.2611e-01 -6.9583e-02 -9.6252e-01 -1.8728e-01 +6.1521e-01 +1.0846e+00
164 0 +1.036789562e+02 +2.358589562e+02 +2.358589562e+02 -2.1686e+00 +1.6443e+00 +3.7511e+00 -3.9356e+00 -1.9086e+00 -1.0711e+00 -1.7308e+00 -1.5413e+00 +5.4128e-01 +6.9821e-01
330 0 +1.027015214e+02 +2.348815214e+02 +2.348815214e+02 -1.7413e+00 +7.8937e-01 +4.8881e+00 -3.0591e+00 -3.6532e+00 -5.9945e-01 -4.0958e+00 +1.2685e+00 +1.3765e+00 +1.0332e+00
346 0 +9.631185198e+01 +2.284918520e+02 +2.284918520e+02 -3.8419e+00 +4.6123e-01 +1.4033e+00 -1.2533e+00 -3.6867e+00 -1.2542e+00 -3.5956e+00 -7.8331e-01 -3.4907e-01 +4.6876e-01
368 0 +7.535633143e+01 +2.075363314e+02 +2.075363314e+02 -6.2921e-01 +1.6142e+00 +4.6702e+00 -2.0829e+00 -1.8149e+00 -1.5115e+00 -3.5650e+00 -4.3771e-03 +8.5034e-01 -3.3423e-01
574 0 +7.154014255e+01 +2.037201425e+02 +2.037201425e+02 -2.2669e+00 +1.3794e+00 +3.7771e+00 -1.2754e+00 -2.9522e+00 -9.9998e-01 -2.3221e+00 +4.9231e-01 +5.2822e-01 +3.6398e-01
588 0 +6.046764914e+01 +1.926476491e+02 +1.926476491e+02 -1.8451e+00 +2.0378e+00 +4.1763e+00 -1.0612e+00 -2.6140e+00 -1.5964e+00 -2.8098e+00 +8.1415e-02 +1.3594e+00 +5.0458e-01
839 0 +5.419291694e+01 +1.863729169e+02 +1.863729169e+02 -2.5090e+00 +2.4059e+00 +3.5742e+00 -1.3535e+00 -1.9491e+00 -1.4978e+00 -2.6954e+00 -1.4116e-02 +1.0101e+00 +8.1980e-01
921 0 +5.192379355e+01 +1.841037936e+02 +1.841037936e+02 -1.2017e+00 +1.3477e+00 +2.5608e+00 -1.3009e+00 -2.0337e+00 -5.5300e-01 -2.3478e+00 +1.0301e-01 +1.3499e+00 +4.0007e-01
1119 0 +5.177961502e+01 +1.839596150e+02 +1.839596150e+02 -1.9140e+00 +1.7336e+00 +2.5880e+00 -1.1858e+00 -1.9030e+00 -4.8601e-01 -2.7089e+00 +5.4535e-01 +1.6859e+00 +3.5373e-02
1221 0 +4.745164755e+01 +1.796316475e+02 +1.796316475e+02 -1.8360e+00 +1.4458e+00 +3.4539e+00 -2.0781e+00 -2.5505e+00 -1.6220e+00 -2.9227e+00 -3.2761e-01 +1.2238e+00 +1.1070e+00
% f evaluations | g evaluations | best noise-free fitness - Fopt (-3.930000000000e+01) + sum g_i+ | measured fitness | best measured fitness or single-digit g-values | x1 | x2...
1 0 +7.063390436e+02 +6.670390436e+02 +6.670390436e+02 +5.9671e-01 -3.8264e-02 +7.4769e-01 +1.6230e+00 -1.3415e-01 -1.3414e-01 +1.6792e+00 +8.6743e-01 -3.6947e-01 +6.4256e-01
2 0 +4.549510103e+02 +4.156510103e+02 +4.156510103e+02 -3.6342e-01 -3.6573e-01 +3.4196e-01 -1.8133e+00 -1.6249e+00 -4.6229e-01 -9.1283e-01 +4.1425e-01 -8.0802e-01 -1.3123e+00
5 0 +3.046934005e+02 +2.653934005e+02 +2.653934005e+02 +8.3847e-01 +2.7137e-01 -1.5648e-02 -2.0110e-01 -1.3785e+00 -6.1984e-01 -3.6064e-01 +1.1571e+00 +4.4362e-01 -1.6630e+00
57 0 +2.758124007e+02 +2.365124007e+02 +2.365124007e+02 +6.8076e-01 -7.1145e-02 +2.2702e-01 +1.7089e+00 +1.1467e-01 -1.1997e-02 -1.8948e-01 +1.3440e+00 +1.6901e+00 -1.6163e+00
58 0 +2.602193380e+02 +2.209193380e+02 +2.209193380e+02 +1.8286e+00 +2.6257e+00 -2.0115e+00 +1.4059e+00 +1.9023e-01 -2.2938e+00 -6.0221e-02 +8.2714e-01 +1.8558e+00 -3.3418e+00
62 0 +2.589656542e+02 +2.196656542e+02 +2.196656542e+02 +1.9455e-01 +1.1292e+00 -1.2684e+00 +9.6100e-01 +9.6907e-01 +4.3069e-01 +2.6445e+00 -6.8814e-01 +1.1672e+00 -2.8779e+00
63 0 +1.929427376e+02 +1.536427376e+02 +1.536427376e+02 +4.4464e-01 -8.0563e-01 +7.7593e-01 +2.1060e+00 +1.0425e+00 -1.3619e+00 -3.2338e-01 +9.0392e-01 +1.1962e+00 -2.7941e+00
104 0 +1.862787577e+02 +1.469787577e+02 +1.469787577e+02 -1.9840e+00 -4.4028e-01 +4.6345e-02 +7.2544e-01 -1.1674e+00 -1.8632e+00 +2.1617e+00 +1.4384e+00 +1.3495e+00 -3.8669e+00
105 0 +1.815405185e+02 +1.422405185e+02 +1.422405185e+02 -2.4145e+00 +2.4329e+00 +9.0237e-01 +8.8188e-01 -8.6529e-01 -1.8233e+00 +1.2731e+00 +5.4344e-01 +1.1207e+00 -4.5395e+00
109 0 +1.483456837e+02 +1.090456837e+02 +1.090456837e+02 +6.6817e-01 +1.3732e+00 +1.5269e+00 -8.0424e-01 +2.4235e+00 -1.9877e+00 +3.3186e+00 +1.5813e+00 +1.4463e+00 -3.9323e+00
217 0 +1.463144916e+02 +1.070144916e+02 +1.070144916e+02 -2.2330e+00 +1.3051e+00 +1.3750e+00 +4.4328e+00 +1.5524e+00 -1.5283e+00 +3.5622e+00 +2.8520e+00 +2.7138e-01 -2.8777e+00
254 0 +1.385091289e+02 +9.920912893e+01 +9.920912893e+01 -4.2707e+00 +1.4385e+00 -4.1679e-01 +1.4271e+00 +3.9191e-01 -2.5191e+00 +4.2162e+00 +3.0009e+00 +1.2691e-01 -3.5928e+00
272 0 +1.224806313e+02 +8.318063130e+01 +8.318063130e+01 -1.5512e+00 -7.6855e-01 +1.9947e+00 +2.8662e+00 +8.6610e-01 -2.3580e+00 +3.0295e+00 +3.5853e+00 +7.2950e-01 -2.9274e+00
276 0 +9.745799632e+01 +5.815799632e+01 +5.815799632e+01 +2.8565e-01 -3.0078e+00 +3.3875e+00 +1.3408e+00 +2.8004e+00 -2.0476e+00 +3.2284e+00 +2.5179e+00 +1.4030e+00 -2.6124e+00
363 0 +9.587065690e+01 +5.657065690e+01 +5.657065690e+01 -4.7910e+00 -2.5897e+00 +3.1792e+00 +1.0020e+00 -2.1859e-01 -3.0664e+00 +3.1265e+00 +2.1299e+00 +2.8556e+00 -2.9371e+00
473 0 +9.251456753e+01 +5.321456753e+01 +5.321456753e+01 -1.0052e+00 +5.3900e-01 +3.8966e+00 +2.6648e+00 -2.0162e-01 -2.1425e+00 +4.0968e+00 +1.5276e+00 +1.7407e+00 -3.4723e+00
505 0 +8.242748245e+01 +4.312748245e+01 +4.312748245e+01 -1.7518e+00 -1.9327e-01 +4.0268e+00 +2.1842e+00 -1.4086e+00 -2.4648e+00 +3.1318e+00 +2.3830e+00 +9.9753e-01 -4.3645e+00
510 0 +6.330894343e+01 +2.400894343e+01 +2.400894343e+01 -1.6908e+00 -1.0925e+00 +2.9434e+00 +2.5730e+00 +1.4612e+00 -2.9457e+00 +2.6082e+00 +1.6979e+00 +1.9497e+00 -4.0685e+00
684 0 +6.081845086e+01 +2.151845086e+01 +2.151845086e+01 -7.5649e-01 -1.4251e+00 +2.3640e+00 +2.1397e+00 +1.5291e+00 -2.0234e+00 +3.6765e+00 +2.5566e+00 +1.4317e+00 -2.7084e+00
928 0 +5.966271689e+01 +2.036271689e+01 +2.036271689e+01 -3.2725e+00 -1.3048e+00 +2.2516e+00 +3.2024e+00 +1.7250e+00 -2.9686e+00 +1.9063e+00 +2.1301e+00 +1.4766e+00 -3.3837e+00
1142 0 +5.187945511e+01 +1.257945511e+01 +1.257945511e+01 -4.0030e+00 -1.0892e+00 +3.6886e+00 +3.2475e+00 +1.0990e+00 -2.0057e+00 +3.0956e+00 +2.1001e+00 +1.7778e+00 -3.4105e+00
1593 0 +4.706464967e+01 +7.764649671e+00 +7.764649671e+00 -2.5310e+00 -4.9626e-01 +2.9674e+00 +3.9394e+00 +3.5302e-01 -2.4327e+00 +3.9938e+00 +2.2269e+00 +1.8573e+00 -2.7610e+00
% f evaluations | g evaluations | best noise-free fitness - Fopt (4.296000000000e+01) + sum g_i+ | measured fitness | best measured fitness or single-digit g-values | x1 | x2...
1 0 +2.404897802e+02 +2.834497802e+02 +2.834497802e+02 +5.9671e-01 -3.8264e-02 +7.4769e-01 +1.6230e+00 -1.3415e-01 -1.3414e-01 +1.6792e+00 +8.6743e-01 -3.6947e-01 +6.4256e-01
4 0 +1.748878659e+02 +2.178478659e+02 +2.178478659e+02 -5.0171e-01 +1.9523e+00 +8.6503e-02 -9.5771e-01 +9.2254e-01 -1.1208e+00 +3.0886e-01 -1.8597e+00 -1.2282e+00 +2.9686e-01
10 0 +1.701154667e+02 +2.130754667e+02 +2.130754667e+02 +1.9708e-01 +1.0686e+00 -6.0205e-01 -2.2766e-01 -2.9211e-01 -1.3635e+00 +3.9612e-01 +3.6106e-01 +1.0511e-01 -1.3459e-01
25 0 +1.498577471e+02 +1.928177471e+02 +1.928177471e+02 -6.9252e-01 -1.4736e-02 +6.0499e-01 +9.6576e-01 -1.1003e+00 -2.3450e-01 -3.7495e-01 -5.5333e-01 +1.8655e+00 +5.0498e-01
49 0 +1.182255531e+02 +1.611855531e+02 +1.611855531e+02 -2.7918e-02 -8.5554e-01 -1.5064e+00 +3.0346e-01 -6.5635e-01 -1.3223e+00 -5.4657e-01 -9.8155e-01 +1.7871e+00 +9.8164e-01
51 0 +1.147364115e+02 +1.576964115e+02 +1.576964115e+02 -1.3687e-01 +4.3810e-01 -1.0320e+00 -7.2402e-01 -1.6344e+00 -2.6811e+00 -4.9373e-01 -1.1352e+00 +2.1925e+00 -3.9967e-01
55 0 +1.044797037e+02 +1.474397037e+02 +1.474397037e+02 +5.6612e-01 +2.6000e-01 -1.5948e+00 +4.2485e-01 -1.1047e+00 -3.3556e+00 -7.5403e-01 -1.1215e+00 +3.3347e+00 -9.2453e-02
306 0 +9.018372086e+01 +1.331437209e+02 +1.331437209e+02 +1.4010e+00 +8.3308e-01 -2.9849e+00 -6.7703e-01 +1.6504e+00 -3.1997e+00 +1.3179e-01 -1.1760e+00 +1.0835e+00 +1.4620e+00
311 0 +8.644910936e+01 +1.294091094e+02 +1.294091094e+02 +5.1642e-01 +6.5265e-01 -2.3105e+00 +9.9665e-01 -9.3682e-01 -2.7903e+00 -8.2034e-01 -2.4177e+00 +1.1921e+00 -1.8553e-01
358 0 +8.028582991e+01 +1.232458299e+02 +1.232458299e+02 +1.5396e+00 +1.3653e-01 -2.6071e+00 +1.9625e-01 +1.5374e+00 -3.0835e+00 +2.4047e-01 -3.1594e+00 +2.6454e+00 +1.0110e+00
479 0 +7.594146164e+01 +1.189014616e+02 +1.189014616e+02 +3.0681e+00 +9.2077e-01 -2.8277e+00 +3.1227e-01 -3.6408e-01 -3.2332e+00 -2.0098e+00 -2.0616e+00 +1.8014e+00 +2.1599e-01
572 0 +6.826788462e+01 +1.112278846e+02 +1.112278846e+02 +1.4655e+00 +1.4293e+00 -4.1236e+00 -9.9977e-01 +1.7490e+00 -3.1896e+00 -7.3359e-01 -2.4039e+00 +2.6541e+00 +1.1761e+00
603 0 +5.125225689e+01 +9.421225689e+01 +9.421225689e+01 +6.0170e-01 +1.8092e+00 -2.8082e+00 +9.4023e-01 +1.0040e+00 -2.7648e+00 -7.3370e-01 -2.6657e+00 +1.3683e+00 +5.3855e-01
1010 0 +4.975312849e+01 +9.271312849e+01 +9.271312849e+01 +1.4070e+00 +2.5038e+00 -3.6050e+00 +2.2944e+00 +9.0543e-01 -2.6727e+00 -2.5636e-01 -1.3781e+00 +2.6465e+00 +2.6940e-01
1013 0 +4.872587671e+01 +9.168587671e+01 +9.168587671e+01 +1.7418e+00 +1.6699e+00 -2.8414e+00 +1.6081e+00 +1.1482e+00 -3.3771e+00 +2.2574e-01 -2.0803e+00 +2.2510e+00 +2.4764e-01
1685 0 +4.496003611e+01 +8.792003611e+01 +8.792003611e+01 +2.1416e+00 +1.0500e+00 -2.0100e+00 +1.1142e+00 +1.4757e+00 -3.2195e+00 -3.0987e-01 -1.9920e+00 +1.4942e+00 +2.1379e-01
1686 0 +4.170195928e+01 +8.466195928e+01 +8.466195928e+01 +1.3712e+00 +1.8791e+00 -2.7624e+00 +1.5745e+00 +1.9854e+00 -3.3252e+00 -3.4285e-01 -1.7355e+00 +2.1725e+00 +2.4606e-01
2496 0 +3.265242883e+01 +7.561242883e+01 +7.561242883e+01 +1.3821e+00 +8.6282e-01 -2.0716e+00 +2.9287e-01 +1.5650e+00 -2.8227e+00 -3.5816e-01 -1.2147e+00 +2.1801e+00 +6.1030e-01
% f evaluations | g evaluations | best noise-free fitness - Fopt (2.842200000000e+02) + sum g_i+ | measured fitness | best measured fitness or single-digit g-values | x1 | x2...
1 0 +4.836151911e+02 +7.678351911e+02 +7.678351911e+02 +5.9671e-01 -3.8264e-02 +7.4769e-01 +1.6230e+00 -1.3415e-01 -1.3414e-01 +1.6792e+00 +8.6743e-01 -3.6947e-01 +6.4256e-01
2 0 +3.271274530e+02 +6.113474530e+02 +6.113474530e+02 -3.6342e-01 -3.6573e-01 +3.4196e-01 -1.8133e+00 -1.6249e+00 -4.6229e-01 -9.1283e-01 +4.1425e-01 -8.0802e-01 -1.3123e+00
36 0 +2.907507407e+02 +5.749707407e+02 +5.749707407e+02 +4.1091e-01 +1.5754e+00 +9.5766e-01 -5.9939e-02 +8.0984e-02 -9.0253e-01 +8.1487e-02 -1.8866e-01 +4.2272e-01 -7.2723e-01
51 0 +2.440942468e+02 +5.283142468e+02 +5.283142468e+02 +1.2300e+00 -3.4431e-01 +9.2746e-01 +4.6684e-01 +2.9607e-01 -4.0596e-01 +7.6625e-01 +1.4616e+00 +2.2513e+00 -2.3156e+00
53 0 +2.357590838e+02 +5.199790838e+02 +5.199790838e+02 +1.3078e+00 +8.0357e-01 -3.4349e-01 +4.2209e-01 +9.8225e-01 -1.0964e+00 +6.1614e-01 -4.5611e-02 +2.3178e+00 -1.3560e+00
54 0 +2.181891854e+02 +5.024091854e+02 +5.024091854e+02 +4.7966e-01 +6.4479e-01 +7.9175e-01 +1.6379e+00 +3.1993e-01 -1.7122e+00 +3.5029e-01 -6.1940e-01 +1.1579e+00 -1.9316e+00
59 0 +2.102568253e+02 +4.944768253e+02 +4.944768253e+02 +2.9172e+00 +8.7818e-01 +8.3201e-01 -2.6287e-01 -5.8945e-01 -2.3373e+00 +8.9204e-01 +1.4176e+00 -9.3907e-02 -1.8725e+00
61 0 +2.026722894e+02 +4.868922894e+02 +4.868922894e+02 +2.7692e-01 +2.9340e+00 +5.2852e-01 +2.2307e+00 -8.9787e-01 -1.1407e+00 +1.7395e+00 +2.2252e-01 +8.1096e-01 -2.8687e+00
68 0 +1.807658353e+02 +4.649858353e+02 +4.649858353e+02 +1.7986e+00 +2.9510e-01 -7.6306e-02 +8.6227e-01 +4.8795e-01 -1.7611e+00 +1.2627e+00 +6.5543e-01 +2.6905e-01 -2.6277e+00
78 0 +1.686800783e+02 +4.529000783e+02 +4.529000783e+02 -1.0815e+00 +8.8570e-01 +2.0021e+00 -3.9743e-02 +2.4803e+00 -1.1147e+00 +2.4687e+00 +7.9972e-01 +1.0012e+00 -1.5696e+00
118 0 +1.448104428e+02 +4.290304428e+02 +4.290304428e+02 +7.2591e-01 +9.0813e-01 +1.9939e-01 +2.6771e+00 +2.1144e+00 -1.8850e+00 +2.0489e+00 -1.2577e-01 +1.7952e+00 -3.5343e+00
145 0 +1.405486002e+02 +4.247686002e+02 +4.247686002e+02 +2.9168e+00 +3.9407e+00 +5.1399e-01 +2.1825e+00 -6.4229e-01 -2.0320e+00 +9.9205e-01 +5.0817e-01 +2.7731e-01 -4.0163e+00
192 0 +1.357150712e+02 +4.199350712e+02 +4.199350712e+02 +7.0459e-03 -1.0232e+00 -8.6858e-01 -3.5576e-01 +2.9175e-01 -3.6361e+00 +4.6425e+00 +1.2721e+00 +1.8325e+00 -3.7089e+00
251 0 +1.121093046e+02 +3.963293046e+02 +3.963293046e+02 -1.1694e+00 -1.6756e-02 -3.8002e-01 +6.3323e-01 +3.3542e-01 -3.2437e+00 +2.9757e+00 +1.1243e+00 -1.3169e-01 -3.1535e+00
255 0 +1.094797802e+02 +3.936997802e+02 +3.936997802e+02 +1.4582e+00 +4.0909e-01 -1.2913e-01 +1.5184e+00 +1.4943e+00 -2.9709e+00 +2.6954e+00 +8.5670e-01 +6.5128e-01 -3.4585e+00
310 0 +9.586869661e+01 +3.800886966e+02 +3.800886966e+02 -3.4736e-01 -1.0936e+00 -9.0834e-01 +8.7660e-01 +3.6233e+00 -4.2047e+00 +2.8084e+00 +8.1656e-01 -5.1166e-01 -2.5203e+00
324 0 +6.022552385e+01 +3.444455238e+02 +3.444455238e+02 +1.0146e+00 -1.1790e+00 -9.7537e-01 +2.1594e+00 +1.0844e+00 -2.4630e+00 +3.5647e+00 +2.0297e-01 +3.0379e-01 -3.5846e+00
564 0 +5.148413635e+01 +3.357041364e+02 +3.357041364e+02 -2.0731e+00 +5.5629e-01 +3.7596e-01 +2.3653e+00 +2.0108e+00 -4.0035e+00 +3.3865e+00 +1.0650e+00 +1.4214e+00 -2.8682e+00
628 0 +4.663031645e+01 +3.308503164e+02 +3.308503164e+02 -1.1736e+00 -1.2448e+00 -1.9105e+00 +2.3719e+00 +3.0161e+00 -4.1075e+00 +4.3468e+00 +9.3173e-01 +1.4600e+00 -2.5280e+00
% f evaluations | g evaluations | best noise-free fitness - Fopt (-3.217000000000e+01) + sum g_i+ | measured fitness | best measured fitness or single-digit g-values | x1 | x2...
1 0 +4.903995418e+02 +4.582295418e+02 +4.582295418e+02 +5.9671e-01 -3.8264e-02 +7.4769e-01 +1.6230e+00 -1.3415e-01 -1.3414e-01 +1.6792e+00 +8.6743e-01 -3.6947e-01 +6.4256e-01
2 0 +2.074713183e+02 +1.753013183e+02 +1.753013183e+02 -3.6342e-01 -3.6573e-01 +3.4196e-01 -1.8133e+00 -1.6249e+00 -4.6229e-01 -9.1283e-01 +4.1425e-01 -8.0802e-01 -1.3123e+00
5 0 +2.037961041e+02 +1.716261041e+02 +1.716261041e+02 +8.3847e-01 +2.7137e-01 -1.5648e-02 -2.0110e-01 -1.3785e+00 -6.1984e-01 -3.6064e-01 +1.1571e+00 +4.4362e-01 -1.6630e+00
14 0 +1.999374935e+02 +1.677674935e+02 +1.677674935e+02 -1.4507e+00 +1.6856e-01 -9.6230e-01 +5.7359e-01 -8.1942e-01 +1.6499e+00 -6.8325e-01 -2.2206e-01 +9.1352e-01 -1.1309e+00
51 0 +1.590483640e+02 +1.268783640e+02 +1.268783640e+02 +1.9498e-01 -7.0275e-02 +1.0100e+00 +3.8630e-01 -2.2909e+00 +2.9381e-01 -9.1635e-01 +1.7282e+00 +9.1556e-01 -2.8022e+00
55 0 +1.467197671e+02 +1.145497671e+02 +1.145497671e+02 -4.6449e-01 -7.6022e-01 -3.6506e-01 -4.8180e-01 -2.2888e+00 +1.6617e+00 +6.5219e-01 +1.1889e+00 -2.1774e-01 -2.1277e+00
90 0 +1.298718961e+02 +9.770189608e+01 +9.770189608e+01 -6.6430e-01 +2.5077e+00 +4.9483e-01 +9.0029e-03 -6.8543e-01 +7.2726e-01 +5.7071e-01 +3.1504e+00 +2.3989e-01 -2.2800e+00
101 0 +1.296215556e+02 +9.745155563e+01 +9.745155563e+01 -1.1794e+00 +2.7711e+00 +1.1190e+00 -5.5639e-02 -2.8880e+00 +2.7192e-01 -2.3489e-01 +4.1891e+00 +1.3308e+00 -3.5650e+00
103 0 +1.222880638e+02 +9.011806382e+01 +9.011806382e+01 -5.5416e-01 +3.2693e+00 +1.1460e-01 -3.0386e-01 -2.6375e+00 +1.0613e+00 +1.3273e-01 +2.8648e+00 -8.6019e-01 -2.7432e+00
107 0 +1.159211120e+02 +8.375111205e+01 +8.375111205e+01 +1.3771e+00 +1.1802e+00 -8.2760e-01 -1.6493e-01 -2.9635e+00 +7.0062e-01 +1.6819e+00 +3.9555e+00 -4.1525e-01 -2.4321e+00
143 0 +9.457391627e+01 +6.240391627e+01 +6.240391627e+01 +4.3342e+00 +2.6663e+00 +3.2225e-01 -7.2500e-01 -2.5676e+00 +1.0789e+00 +4.1148e-01 +1.6195e+00 +1.0951e+00 -2.7652e+00
278 0 +9.085378345e+01 +5.868378345e+01 +5.868378345e+01 +8.7412e-01 +4.8131e-01 -9.2507e-01 -1.6678e-01 -3.0476e+00 +8.3995e-01 -1.8553e-02 +2.5481e+00 +1.4231e+00 -2.6677e+00
460 0 +8.360849692e+01 +5.143849692e+01 +5.143849692e+01 +1.3344e+00 +1.8043e+00 -1.2312e+00 -4.5906e-01 -4.2653e+00 +1.7148e-01 -7.7160e-01 +4.1067e+00 +1.0039e+00 -3.3422e+00
525 0 +8.202047267e+01 +4.985047267e+01 +4.985047267e+01 +1.7257e+00 +1.1189e+00 -3.5358e-02 -1.8563e-01 -3.9761e+00 +1.0986e+00 +1.2309e-01 +1.8039e+00 +1.0701e+00 -2.4105e+00
566 0 +8.008684264e+01 +4.791684264e+01 +4.791684264e+01 +1.7987e+00 -2.1812e-02 +1.1606e-01 -1.4136e-01 -4.2051e+00 +5.9071e-01 -5.2776e-03 +2.5009e+00 +1.3901e+00 -2.3471e+00
587 0 +6.507746987e+01 +3.290746987e+01 +3.290746987e+01 +1.4830e+00 +1.9653e+00 -1.9642e+00 -2.7394e-01 -4.2682e+00 +7.3400e-01 +6.5396e-01 +3.0667e+00 +2.2230e+00 -2.8219e+00
640 0 +5.207247905e+01 +1.990247905e+01 +1.990247905e+01 +1.4253e+00 +8.5820e-01 +4.4999e-01 +6.2251e-01 -4.9075e+00 +1.3975e+00 -9.2998e-01 +2.6352e+00 +1.4344e+00 -2.4308e+00
796 0 +4.173382438e+01 +9.563824376e+00 +9.563824376e+00 +2.6537e+00 +2.6356e+00 -3.8265e-01 +4.7882e-01 -4.3826e+00 +5.9241e-01 -3.5977e-01 +3.4628e+00 +1.7193e+00 -3.4563e+00
% f evaluations | g evaluations | best noise-free fitness - Fopt (-5.858000000000e+01) + sum g_i+ | measured fitness | best measured fitness or single-digit g-values | x1 | x2...
1 0 +6.314286158e+02 +5.728486158e+02 +5.728486158e+02 +5.9671e-01 -3.8264e-02 +7.4769e-01 +1.6230e+00 -1.3415e-01 -1.3414e-01 +1.6792e+00 +8.6743e-01 -3.6947e-01 +6.4256e-01
2 0 +4.752561908e+02 +4.166761908e+02 +4.166761908e+02 -3.6342e-01 -3.6573e-01 +3.4196e-01 -1.8133e+00 -1.6249e+00 -4.6229e-01 -9.1283e-01 +4.1425e-01 -8.0802e-01 -1.3123e+00
3 0 +4.402688276e+02 +3.816888276e+02 +3.816888276e+02 +1.5656e+00 -1.2578e-01 +1.6753e-01 -1.3247e+00 -4.4438e-01 +2.1092e-01 -1.0510e+00 +4.7570e-01 -5.0064e-01 -1.9169e-01
5 0 +3.897761269e+02 +3.311961269e+02 +3.311961269e+02 +8.3847e-01 +2.7137e-01 -1.5648e-02 -2.0110e-01 -1.3785e+00 -6.1984e-01 -3.6064e-01 +1.1571e+00 +4.4362e-01 -1.6630e+00
25 0 +3.692683720e+02 +3.106883720e+02 +3.106883720e+02 -6.9252e-01 -1.4736e-02 +6.0499e-01 +9.6576e-01 -1.1003e+00 -2.3450e-01 -3.7495e-01 -5.5333e-01 +1.8655e+00 +5.0498e-01
51 0 +2.878393453e+02 +2.292593453e+02 +2.292593453e+02 +7.1475e-01 -1.2387e+00 -7.6494e-01 +7.0331e-01 -2.1027e+00 -9.4868e-01 -7.8168e-01 +1.0906e+00 +9.6122e-01 -7.4692e-02
58 0 +2.735095805e+02 +2.149295805e+02 +2.149295805e+02 +8.2592e-02 +5.8676e-01 -9.4204e-01 +1.2804e+00 -6.2051e-01 -2.2752e+00 -1.7096e+00 +6.0384e-01 +5.3045e-01 +4.2786e-01
62 0 +2.381920044e+02 +1.796120044e+02 +1.796120044e+02 -7.9989e-01 -8.7856e-01 +1.7654e-02 +1.1234e+00 -4.9746e-01 -5.5074e-01 -1.7614e+00 +1.2291e+00 +9.5199e-01 +1.0540e+00
102 0 +1.908530927e+02 +1.322730927e+02 +1.322730927e+02 +1.3088e+00 -7.8409e-01 -1.1611e+00 +8.3217e-01 -2.4535e+00 -6.1054e-01 -2.2626e+00 +2.8203e+00 +1.4347e+00 +1.5561e+00
121 0 +1.777685719e+02 +1.191885719e+02 +1.191885719e+02 -2.4751e-01 -1.1723e+00 +1.0004e+00 +1.0701e+00 -1.4972e+00 -1.6888e+00 -1.6586e+00 +2.6579e+00 +2.1154e+00 -1.8021e-01
123 0 +1.741109578e+02 +1.155309578e+02 +1.155309578e+02 +3.2002e+00 -3.1642e+00 -5.5431e-01 +1.8235e+00 -2.6014e+00 -3.4734e+00 -2.5580e+00 +8.9576e-01 +2.2604e+00 +7.8716e-01
152 0 +1.630649457e+02 +1.044849457e+02 +1.044849457e+02 -6.7660e-01 -1.4028e+00 +8.9070e-01 +1.9518e-02 -2.3587e+00 -2.9722e+00 -1.7658e+00 +3.2818e+00 +4.1120e+00 +7.9469e-01
161 0 +1.484707711e+02 +8.989077110e+01 +8.989077110e+01 +1.8109e+00 -3.9748e+00 -1.1977e+00 -1.6160e+00 -3.4969e+00 -1.9367e+00 -3.7297e+00 +6.1170e-01 +3.5321e+00 +1.3790e+00
193 0 +9.599641817e+01 +3.741641817e+01 +3.741641817e+01 +1.6973e+00 -6.6962e-01 +1.5978e-01 -1.3873e-01 -1.1451e+00 -4.3903e+00 -2.0521e+00 +2.9814e+00 +2.6987e+00 +1.4824e+00
432 0 +8.498322430e+01 +2.640322430e+01 +2.640322430e+01 +2.6738e+00 -4.6453e+00 +2.5003e+00 +2.2764e+00 -3.1236e+00 -2.8478e+00 -2.7628e+00 +3.2589e+00 +2.3092e+00 +1.7281e+00
528 0 +8.046289237e+01 +2.188289237e+01 +2.188289237e+01 +2.8633e+00 -8.2326e-02 +1.2224e+00 +6.0946e-01 -4.0659e+00 -4.2553e+00 -2.2939e+00 +3.2351e+00 +2.7205e+00 +5.5531e-01
763 0 +7.357387591e+01 +1.499387591e+01 +1.499387591e+01 +3.6403e-01 -6.7038e-01 +1.7764e+00 +1.2369e+00 -4.3380e+00 -4.2975e+00 -4.0402e+00 +3.7005e+00 +3.3635e+00 +1.2076e+00
865 0 +6.296313544e+01 +4.383135436e+00 +4.383135436e+00 +5.0490e-02 -1.5563e+00 +1.8048e+00 +1.1857e+00 -4.1721e+00 -4.4323e+00 -3.0719e+00 +2.8525e+00 +2.8511e+00 +1.3331e+00
902 0 +5.792694216e+01 -6.530578421e-01 -6.530578421e-01 +6.9649e-01 -2.4901e+00 +1.6299e+00 +3.0472e+00 -4.1707e+00 -3.6109e+00 -3.8301e+00 +3.2094e+00 +2.6736e+00 +1.0572e+00
1094 0 +5.326054583e+01 -5.319454167e+00 -5.319454167e+00 +1.5618e+00 -3.2305e+00 +1.0644e+00 +2.6312e+00 -3.6259e+00 -4.1748e+00 -2.6695e+00 +3.2529e+00 +3.4159e+00 +1.2573e+00
1131 0 +4.949145953e+01 -9.088540474e+00 -9.088540474e+00 +1.7041e+00 -2.4487e+00 +1.8647e+00 +2.4660e+00 -2.9773e+00 -4.3634e+00 -3.7206e+00 +3.5765e+00 +2.6597e+00 +1.5074e+00
1226 0 +4.915434545e+01 -9.425654546e+00 -9.425654546e+00 +2.6553e+00 -2.8378e+00 +8.3256e-01 +1.8585e+00 -3.5483e+00 -3.3617e+00 -3.6402e+00 +3.2323e+00 +2.8930e+00 +1.3196e+00
1888 0 +4.574622796e+01 -1.283377204e+01 -1.283377204e+01 +3.5339e+00 -2.4547e+00 +1.6471e+00 +1.3764e+00 -4.6909e+00 -4.4525e+00 -3.6208e+00 +3.5667e+00 +3.0354e+00 +1.6259e+00
1916 0 +3.969515708e+01 -1.888484292e+01 -1.888484292e+01 +3.4904e+00 -2.5355e+00 +1.6078e+00 +1.3173e+00 -4.3016e+00 -4.0098e+00 -3.6550e+00 +3.3122e+00 +3.4811e+00 +1.6367e+00
2394 0 +3.933238587e+01 -1.924761413e+01 -1.924761413e+01 +2.6644e+00 -2.0635e+00 +2.3008e+00 +2.6517e+00 -3.0369e+00 -3.8376e+00 -3.1958e+00 +3.2340e+00 +3.1596e+00 +1.6475e+00
