% f evaluations | g evaluations | best noise-free fitness - Fopt (-2.098800000000e+02) + sum g_i+ | measured fitness | best measured fitness or single-digit g-values | x1 | x2...
1 0 +2.352162733e+05 +2.350063933e+05 +2.350063933e+05 +5.9671e-01 -3.8264e-02
4 0 +1.560981789e+05 +1.558882989e+05 +1.558882989e+05 +1.6792e+00 +8.6743e-01
5 0 +3.882167718e+04 +3.861179718e+04 +3.861179718e+04 -3.6947e-01 +6.4256e-01
9 0 +1.272392219e+03 +1.062512219e+03 +1.062512219e+03 -9.1283e-01 +4.1425e-01
22 0 +6.892666808e+02 +4.793866808e+02 +4.793866808e+02 +7.4218e-01 +4.2179e-01
42 0 +1.085438624e+02 -1.013361376e+02 -1.013361376e+02 +4.0108e-01 +4.3721e-01
52 0 +6.290368294e+01 -1.469763171e+02 -1.469763171e+02 +4.4647e-01 +4.3942e-01
60 0 +1.544058778e+00 -2.083359412e+02 -2.083359412e+02 +1.8186e-01 +4.4870e-01
106 0 +1.537434632e+00 -2.083425654e+02 -2.083425654e+02 +3.5127e-01 +4.4702e-01
109 0 +1.028036745e+00 -2.088519633e+02 -2.088519633e+02 +2.6781e-01 +4.4843e-01
116 0 +9.537167487e-01 -2.089262833e+02 -2.089262833e+02 +2.6617e-01 +4.4767e-01
117 0 +9.242233374e-01 -2.089557767e+02 -2.089557767e+02 +2.4501e-01 +4.4783e-01
433 0 +8.761816833e-01 -2.090038183e+02 -2.090038183e+02 +2.5324e-01 +4.4804e-01
434 0 +8.406803956e-01 -2.090393196e+02 -2.090393196e+02 +2.8727e-01 +4.4823e-01
460 0 +8.194762714e-01 -2.090605237e+02 -2.090605237e+02 +3.0640e-01 +4.4772e-01
471 0 +7.992186317e-01 -2.090807814e+02 -2.090807814e+02 +2.8518e-01 +4.4794e-01
472 0 +7.658582444e-01 -2.091141418e+02 -2.091141418e+02 +3.0735e-01 +4.4815e-01
479 0 +6.329220023e-01 -2.092470780e+02 -2.092470780e+02 +3.6193e-01 +4.4794e-01
497 0 +5.758381414e-01 -2.093041619e+02 -2.093041619e+02 +4.1651e-01 +4.4819e-01
% f evaluations | g evaluations | best noise-free fitness - Fopt (-9.209000000000e+01) + sum g_i+ | measured fitness | best measured fitness or single-digit g-values | x1 | x2...
1 0 +6.621200289e+06 +6.621108199e+06 +6.621108199e+06 +5.9671e-01 -3.8264e-02
2 0 +9.959405672e+05 +9.958484772e+05 +9.958484772e+05 +7.4769e-01 +1.6230e+00
11 0 +6.095864715e+05 +6.094943815e+05 +6.094943815e+05 -8.5384e-01 +1.7867e+00
16 0 +2.887578808e+04 +2.878369808e+04 +2.878369808e+04 +2.6308e+00 +2.7921e+00
41 0 +2.191705249e+04 +2.182496249e+04 +2.182496249e+04 +6.9801e-01 +2.4818e+00
43 0 +6.908327491e+03 +6.816237491e+03 +6.816237491e+03 +1.4548e+00 +2.5319e+00
52 0 +3.089821413e+03 +2.997731413e+03 +2.997731413e+03 +4.9801e-01 +2.6720e+00
53 0 +2.006896011e+03 +1.914806011e+03 +1.914806011e+03 +1.1007e+00 +2.5797e+00
63 0 +8.622389966e+02 +7.701489966e+02 +7.701489966e+02 +4.5056e-01 +2.6498e+00
64 0 +3.121345899e+01 -6.087654101e+01 -6.087654101e+01 +7.6823e-01 +2.6163e+00
111 0 +2.811178726e+01 -6.397821274e+01 -6.397821274e+01 +1.7775e+00 +2.6268e+00
135 0 +2.692791797e+01 -6.516208203e+01 -6.516208203e+01 +1.5196e+00 +2.6169e+00
157 0 +7.449225042e+00 -8.464077496e+01 -8.464077496e+01 +1.2855e+00 +2.6245e+00
160 0 +4.853501814e-01 -9.160464982e+01 -9.160464982e+01 +1.2451e+00 +2.6212e+00
337 0 +4.845441359e-01 -9.160545586e+01 -9.160545586e+01 +1.3883e+00 +2.6217e+00
368 0 +4.804274392e-01 -9.160957256e+01 -9.160957256e+01 +1.3335e+00 +2.6218e+00
399 0 +4.596349898e-01 -9.163036501e+01 -9.163036501e+01 +1.3548e+00 +2.6216e+00
434 0 +4.456461011e-01 -9.164435390e+01 -9.164435390e+01 +1.3402e+00 +2.6216e+00
446 0 +4.208186489e-01 -9.166918135e+01 -9.166918135e+01 +1.3222e+00 +2.6216e+00
454 0 +3.733610722e-01 -9.171663893e+01 -9.171663893e+01 +1.2669e+00 +2.6214e+00
% f evaluations | g evaluations | best noise-free fitness - Fopt (-8.789000000000e+01) + sum g_i+ | measured fitness | best measured fitness or single-digit g-values | x1 | x2...
1 0 +1.356080365e+07 +1.356071576e+07 +1.356071576e+07 +5.9671e-01 -3.8264e-02
2 0 +4.151119689e+06 +4.151031799e+06 +4.151031799e+06 +7.4769e-01 +1.6230e+00
11 0 +3.691385528e+06 +3.691297638e+06 +3.691297638e+06 -8.5384e-01 +1.7867e+00
16 0 +6.453122876e+05 +6.452243976e+05 +6.452243976e+05 +2.6308e+00 +2.7921e+00
21 0 +3.890825624e+05 +3.889946724e+05 +3.889946724e+05 +7.8450e-01 +2.9648e+00
24 0 +2.818932556e+05 +2.818053656e+05 +2.818053656e+05 +3.2804e+00 +3.0919e+00
30 0 +1.281454332e+04 +1.272665332e+04 +1.272665332e+04 +2.2803e+00 +3.7516e+00
51 0 +1.255811796e+04 +1.247022796e+04 +1.247022796e+04 +4.1665e-01 +3.7502e+00
52 0 +2.708053469e+03 +2.620163469e+03 +2.620163469e+03 +1.6923e+00 +3.6934e+00
71 0 +4.121392134e+01 -4.667607866e+01 -4.667607866e+01 +3.8126e+00 +3.6406e+00
101 0 +2.974032683e+00 -8.491596732e+01 -8.491596732e+01 +1.8967e+00 +3.6464e+00
% f evaluations | g evaluations | best noise-free fitness - Fopt (3.201900000000e+02) + sum g_i+ | measured fitness | best measured fitness or single-digit g-values | x1 | x2...
1 0 +6.070704379e+06 +6.071024569e+06 +6.071024569e+06 +5.9671e-01 -3.8264e-02
3 0 +5.484298243e+06 +5.484618433e+06 +5.484618433e+06 -1.3415e-01 -1.3414e-01
6 0 +3.921525680e+06 +3.921845870e+06 +3.921845870e+06 -3.6342e-01 -3.6573e-01
7 0 +3.390326286e+05 +3.393528186e+05 +3.393528186e+05 +3.4196e-01 -1.8133e+00
15 0 +1.366628884e+05 +1.369830784e+05 +1.369830784e+05 +2.0493e-01 -1.9757e+00
46 0 +1.275115346e+05 +1.278317246e+05 +1.278317246e+05 -1.5595e+00 -2.7078e+00
48 0 +3.527129659e+04 +3.559148659e+04 +3.559148659e+04 -1.6718e+00 -2.5412e+00
59 0 +1.614129519e+00 +3.218041295e+02 +3.218041295e+02 -8.8694e-01 -2.3597e+00
174 0 +7.789226963e-02 +3.202678923e+02 +3.202678923e+02 -1.8258e-01 -2.3609e+00
212 0 +6.933801873e-02 +3.202593380e+02 +3.202593380e+02 -2.0509e-01 -2.3609e+00
251 0 +6.313638621e-02 +3.202531364e+02 +3.202531364e+02 -2.1213e-01 -2.3607e+00
273 0 +5.744192062e-02 +3.202474419e+02 +3.202474419e+02 -1.9772e-01 -2.3608e+00
291 0 +5.578211105e-02 +3.202457821e+02 +3.202457821e+02 -1.9844e-01 -2.3608e+00
311 0 +4.739310411e-02 +3.202373931e+02 +3.202373931e+02 -2.1682e-01 -2.3608e+00
331 0 +4.670830655e-02 +3.202367083e+02 +3.202367083e+02 -2.1890e-01 -2.3608e+00
433 0 +4.667558803e-02 +3.202366756e+02 +3.202366756e+02 -2.1762e-01 -2.3608e+00
% f evaluations | g evaluations | best noise-free fitness - Fopt (-1.042400000000e+02) + sum g_i+ | measured fitness | best measured fitness or single-digit g-values | x1 | x2...
1 0 +1.488989512e+07 +1.488979088e+07 +1.488979088e+07 +5.9671e-01 -3.8264e-02
3 0 +1.404258789e+07 +1.404248365e+07 +1.404248365e+07 -1.3415e-01 -1.3414e-01
6 0 +1.209437555e+07 +1.209427131e+07 +1.209427131e+07 -3.6342e-01 -3.6573e-01
7 0 +4.676578395e+06 +4.676474155e+06 +4.676474155e+06 +3.4196e-01 -1.8133e+00
12 0 +2.393166179e+04 +2.382742179e+04 +2.382742179e+04 -1.0629e+00 -3.7615e+00
41 0 +1.705388118e+04 +1.694964118e+04 +1.694964118e+04 -1.5108e+00 -4.0457e+00
43 0 +2.506734950e+02 +1.464334950e+02 +1.464334950e+02 -2.8656e+00 -3.9352e+00
64 0 +2.726042656e+01 -7.697957344e+01 -7.697957344e+01 -1.4946e+00 -3.9155e+00
121 0 +1.332358344e+01 -9.091641656e+01 -9.091641656e+01 -2.5000e+00 -3.9179e+00
153 0 +1.305383497e+01 -9.118616503e+01 -9.118616503e+01 -2.4701e+00 -3.9224e+00
154 0 +1.185189499e+01 -9.238810501e+01 -9.238810501e+01 -2.5250e+00 -3.9220e+00
155 0 +8.360409625e+00 -9.587959038e+01 -9.587959038e+01 -2.5198e+00 -3.9205e+00
161 0 +8.188602496e+00 -9.605139750e+01 -9.605139750e+01 -2.4732e+00 -3.9206e+00
221 0 +7.934224172e+00 -9.630577583e+01 -9.630577583e+01 -2.4985e+00 -3.9202e+00
222 0 +7.914131936e+00 -9.632586806e+01 -9.632586806e+01 -2.4931e+00 -3.9202e+00
223 0 +7.894246144e+00 -9.634575386e+01 -9.634575386e+01 -2.4954e+00 -3.9201e+00
257 0 +7.891523010e+00 -9.634847699e+01 -9.634847699e+01 -2.4935e+00 -3.9201e+00
264 0 +7.884033011e+00 -9.635596699e+01 -9.635596699e+01 -2.4943e+00 -3.9200e+00
299 0 +7.882858245e+00 -9.635714175e+01 -9.635714175e+01 -2.4942e+00 -3.9200e+00
302 0 +7.882303723e+00 -9.635769628e+01 -9.635769628e+01 -2.4939e+00 -3.9200e+00
312 0 +7.881846708e+00 -9.635815329e+01 -9.635815329e+01 -2.4939e+00 -3.9200e+00
319 0 +7.880371167e+00 -9.635962883e+01 -9.635962883e+01 -2.4933e+00 -3.9199e+00
331 0 +7.878958332e+00 -9.636104167e+01 -9.636104167e+01 -2.4933e+00 -3.9200e+00
401 0 +7.878683958e+00 -9.636131604e+01 -9.636131604e+01 -2.4932e+00 -3.9200e+00
403 0 +7.878552846e+00 -9.636144715e+01 -9.636144715e+01 -2.4934e+00 -3.9200e+00
411 0 +7.877612162e+00 -9.636238784e+01 -9.636238784e+01 -2.4932e+00 -3.9200e+00
412 0 +7.877327089e+00 -9.636267291e+01 -9.636267291e+01 -2.4933e+00 -3.9200e+00
421 0 +7.876894518e+00 -9.636310548e+01 -9.636310548e+01 -2.4931e+00 -3.9200e+00
425 0 +7.875454367e+00 -9.636454563e+01 -9.636454563e+01 -2.4930e+00 -3.9200e+00
436 0 +7.874241937e+00 -9.636575806e+01 -9.636575806e+01 -2.4928e+00 -3.9200e+00
438 0 +7.873347109e+00 -9.636665289e+01 -9.636665289e+01 -2.4926e+00 -3.9200e+00
440 0 +7.872609319e+00 -9.636739068e+01 -9.636739068e+01 -2.4919e+00 -3.9199e+00
446 0 +7.872415776e+00 -9.636758422e+01 -9.636758422e+01 -2.4925e+00 -3.9200e+00
470 0 +7.871813347e+00 -9.636818665e+01 -9.636818665e+01 -2.4923e+00 -3.9200e+00
476 0 +7.869329699e+00 -9.637067030e+01 -9.637067030e+01 -2.4919e+00 -3.9200e+00
491 0 +7.866439439e+00 -9.637356056e+01 -9.637356056e+01 -2.4912e+00 -3.9200e+00
% f evaluations | g evaluations | best noise-free fitness - Fopt (-6.785000000000e+01) + sum g_i+ | measured fitness | best measured fitness or single-digit g-values | x1 | x2...
1 0 +8.910343550e+06 +8.910275700e+06 +8.910275700e+06 +5.9671e-01 -3.8264e-02
2 0 +2.314834759e+06 +2.314766909e+06 +2.314766909e+06 +7.4769e-01 +1.6230e+00
11 0 +1.745490061e+06 +1.745422211e+06 +1.745422211e+06 -8.5384e-01 +1.7867e+00
16 0 +4.982755987e+04 +4.975970987e+04 +4.975970987e+04 +2.6308e+00 +2.7921e+00
21 0 +2.610428943e+03 +2.542578943e+03 +2.542578943e+03 +7.8450e-01 +2.9648e+00
51 0 +9.294287972e+02 +8.615787972e+02 +8.615787972e+02 +4.4353e+00 +3.0459e+00
52 0 +3.074218766e+02 +2.395718766e+02 +2.395718766e+02 +3.1695e-01 +2.9971e+00
77 0 +2.798877766e+01 -3.986122234e+01 -3.986122234e+01 +7.0672e-01 +3.0095e+00
113 0 +5.171059692e+00 -6.267894031e+01 -6.267894031e+01 +2.1254e+00 +3.0125e+00
124 0 +4.650926115e+00 -6.319907389e+01 -6.319907389e+01 +2.0540e+00 +3.0126e+00
178 0 +4.478419551e+00 -6.337158045e+01 -6.337158045e+01 +1.9631e+00 +3.0162e+00
186 0 +2.279886660e+00 -6.557011334e+01 -6.557011334e+01 +2.0949e+00 +3.0151e+00
233 0 +2.204460275e+00 -6.564553973e+01 -6.564553973e+01 +2.1657e+00 +3.0139e+00
235 0 +1.733102733e+00 -6.611689727e+01 -6.611689727e+01 +2.0769e+00 +3.0144e+00
395 0 +1.731523885e+00 -6.611847611e+01 -6.611847611e+01 +2.0762e+00 +3.0144e+00
402 0 +1.728968508e+00 -6.612103149e+01 -6.612103149e+01 +2.0757e+00 +3.0144e+00
424 0 +1.675196043e+00 -6.617480396e+01 -6.617480396e+01 +2.0574e+00 +3.0144e+00
451 0 +1.638770984e+00 -6.621122902e+01 -6.621122902e+01 +2.0373e+00 +3.0142e+00
469 0 +1.631919115e+00 -6.621808089e+01 -6.621808089e+01 +2.0440e+00 +3.0144e+00
492 0 +1.621488190e+00 -6.622851181e+01 -6.622851181e+01 +2.0390e+00 +3.0145e+00
494 0 +1.618024242e+00 -6.623197576e+01 -6.623197576e+01 +2.0391e+00 +3.0144e+00
% f evaluations | g evaluations | best noise-free fitness - Fopt (-3.639800000000e+02) + sum g_i+ | measured fitness | best measured fitness or single-digit g-values | x1 | x2...
1 0 +1.011258293e+07 +1.011221895e+07 +1.011221895e+07 +5.9671e-01 -3.8264e-02
2 0 +2.875150268e+06 +2.874786288e+06 +2.874786288e+06 +7.4769e-01 +1.6230e+00
11 0 +2.356241422e+06 +2.355877442e+06 +2.355877442e+06 -8.5384e-01 +1.7867e+00
16 0 +1.691607085e+05 +1.687967285e+05 +1.687967285e+05 +2.6308e+00 +2.7921e+00
21 0 +5.113947446e+04 +5.077549446e+04 +5.077549446e+04 +7.8450e-01 +2.9648e+00
24 0 +8.824139208e+03 +8.460159208e+03 +8.460159208e+03 +3.2804e+00 +3.0919e+00
44 0 +5.201674756e+02 +1.561874756e+02 +1.561874756e+02 +3.1086e-01 +3.1674e+00
95 0 +1.424255580e+01 -3.497374442e+02 -3.497374442e+02 +2.6216e-01 +3.1871e+00
121 0 +2.228166355e+00 -3.617518336e+02 -3.617518336e+02 +5.5604e-01 +3.1898e+00
293 0 +2.109611126e+00 -3.618703889e+02 -3.618703889e+02 +4.8072e-01 +3.1903e+00
% f evaluations | g evaluations | best noise-free fitness - Fopt (-1.865000000000e+01) + sum g_i+ | measured fitness | best measured fitness or single-digit g-values | x1 | x2...
1 0 +6.620591451e+06 +6.620572801e+06 +6.620572801e+06 +5.9671e-01 -3.8264e-02
3 0 +6.121448410e+06 +6.121429760e+06 +6.121429760e+06 -1.3415e-01 -1.3414e-01
6 0 +4.629475006e+06 +4.629456356e+06 +4.629456356e+06 -3.6342e-01 -3.6573e-01
7 0 +4.756327628e+05 +4.756141128e+05 +4.756141128e+05 +3.4196e-01 -1.8133e+00
15 0 +2.364445399e+05 +2.364258899e+05 +2.364258899e+05 +2.0493e-01 -1.9757e+00
30 0 +1.962196126e+05 +1.962009626e+05 +1.962009626e+05 +2.5841e-01 -2.8984e+00
38 0 +1.487087432e+05 +1.486900932e+05 +1.486900932e+05 +1.0447e-01 -2.0574e+00
41 0 +3.827894233e+03 +3.809244233e+03 +3.809244233e+03 +1.6061e+00 -2.3991e+00
43 0 +1.202705369e+03 +1.184055369e+03 +1.184055369e+03 -1.0622e+00 -2.4985e+00
60 0 +2.294259385e+02 +2.107759385e+02 +2.107759385e+02 -1.9181e+00 -2.4508e+00
66 0 +6.812368904e+01 +4.947368904e+01 +4.947368904e+01 -1.2536e+00 -2.4741e+00
102 0 +6.421120583e+01 +4.556120583e+01 +4.556120583e+01 -6.6587e-02 -2.4741e+00
110 0 +1.260392439e-01 -1.852396076e+01 -1.852396076e+01 +1.5316e+00 -2.4653e+00
% f evaluations | g evaluations | best noise-free fitness - Fopt (1.749200000000e+02) + sum g_i+ | measured fitness | best measured fitness or single-digit g-values | x1 | x2...
1 0 +2.856361298e+06 +2.856536218e+06 +2.856536218e+06 +5.9671e-01 -3.8264e-02
3 0 +2.481345022e+06 +2.481519942e+06 +2.481519942e+06 -1.3415e-01 -1.3414e-01
6 0 +2.052932436e+06 +2.053107356e+06 +2.053107356e+06 -3.6342e-01 -3.6573e-01
7 0 +9.200167426e+02 +1.094936743e+03 +1.094936743e+03 +3.4196e-01 -1.8133e+00
23 0 +8.854001009e+02 +1.060320101e+03 +1.060320101e+03 +2.2329e+00 -1.8160e+00
42 0 +5.774793935e+01 +2.326679394e+02 +2.326679394e+02 +1.5982e+00 -1.8524e+00
44 0 +1.064199906e+01 +1.855619991e+02 +1.855619991e+02 +1.0136e+00 -1.8427e+00
152 0 +9.073552427e+00 +1.839935524e+02 +1.839935524e+02 +1.8008e+00 -1.8456e+00
241 0 +8.767063485e+00 +1.836870635e+02 +1.836870635e+02 +1.8576e+00 -1.8447e+00
% f evaluations | g evaluations | best noise-free fitness - Fopt (-5.659600000000e+02) + sum g_i+ | measured fitness | best measured fitness or single-digit g-values | x1 | x2...
1 0 +7.540220961e+04 +7.483624961e+04 +7.483624961e+04 +5.9671e-01 -3.8264e-02
9 0 +3.217368456e+04 +3.160772456e+04 +3.160772456e+04 -9.1283e-01 +4.1425e-01
22 0 +1.042511922e+04 +9.859159216e+03 +9.859159216e+03 +3.6037e-01 +3.3176e-01
26 0 +8.654003635e+03 +8.088043635e+03 +8.088043635e+03 +4.0289e-01 +1.3823e-01
30 0 +4.020753730e+01 -5.257524627e+02 -5.257524627e+02 -5.7864e-01 +2.2945e-01
61 0 +1.916426816e+01 -5.467957318e+02 -5.467957318e+02 -4.7956e-01 +2.4005e-01
79 0 +7.239957656e+00 -5.587200423e+02 -5.587200423e+02 -4.5163e-02 +2.3850e-01
80 0 +1.202254094e+00 -5.647577459e+02 -5.647577459e+02 -9.5866e-03 +2.3541e-01
157 0 +2.143103845e-01 -5.657456896e+02 -5.657456896e+02 -5.9888e-01 +2.3570e-01
192 0 +1.107131219e-01 -5.658492869e+02 -5.658492869e+02 -6.3654e-01 +2.3595e-01
260 0 +9.521667967e-02 -5.658647833e+02 -5.658647833e+02 -6.6646e-01 +2.3608e-01
306 0 +6.424329143e-02 -5.658957567e+02 -5.658957567e+02 -7.1770e-01 +2.3592e-01
420 0 +6.011006657e-02 -5.658998899e+02 -5.658998899e+02 -8.4022e-01 +2.3620e-01
427 0 +4.695210925e-02 -5.659130479e+02 -5.659130479e+02 -7.4981e-01 +2.3606e-01
429 0 +3.078223411e-02 -5.659292178e+02 -5.659292178e+02 -8.0320e-01 +2.3609e-01
436 0 +2.640457444e-02 -5.659335954e+02 -5.659335954e+02 -8.1955e-01 +2.3590e-01
439 0 +2.209676447e-02 -5.659379032e+02 -5.659379032e+02 -8.0959e-01 +2.3596e-01
440 0 +8.725777567e-03 -5.659512742e+02 -5.659512742e+02 -8.6863e-01 +2.3598e-01
469 0 +5.608466751e-03 -5.659543915e+02 -5.659543915e+02 -9.9920e-01 +2.3594e-01
