% f evaluations | g evaluations | best noise-free fitness - Fopt (1.000000000000e+03) + sum g_i+ | measured fitness | best measured fitness or single-digit g-values | x1 | x2...
1 0 +2.516949332e+02 +1.251694933e+03 +1.251694933e+03 +5.9671e-01 -3.8264e-02 +7.4769e-01 +1.6230e+00 -1.3415e-01
23 0 +2.356011973e+02 +1.235601197e+03 +1.235601197e+03 -1.8188e+00 +7.3486e-02 +1.6023e-01 +2.5632e+00 -9.2361e-02
26 0 +1.547402228e+02 +1.154740223e+03 +1.154740223e+03 +2.0708e+00 -7.9573e-01 +9.0918e-01 +3.5313e+00 +1.9654e+00
30 0 +1.326318719e+02 +1.132631872e+03 +1.132631872e+03 -3.1665e-02 +1.6078e-01 +1.3733e+00 +3.3663e+00 +1.2680e+00
34 0 +1.119007440e+02 +1.111900744e+03 +1.111900744e+03 -1.2223e+00 +2.1112e+00 +1.4999e+00 +2.3705e+00 +4.8742e-01
53 0 +4.318861460e+01 +1.043188615e+03 +1.043188615e+03 -2.3842e+00 +8.0258e-01 +4.3477e+00 +4.0856e+00 +2.4511e+00
152 0 +4.135307238e+01 +1.041353072e+03 +1.041353072e+03 -4.8191e+00 +4.1515e+00 +3.1101e+00 +3.4062e+00 +2.2793e+00
177 0 +2.402718400e+01 +1.024027184e+03 +1.024027184e+03 -3.3295e+00 +2.4365e+00 +4.9662e+00 +3.7258e+00 +3.0886e+00
381 0 +2.259547842e+01 +1.022595478e+03 +1.022595478e+03 -2.6084e+00 +1.4446e+00 +3.9606e+00 +3.2595e+00 +3.3335e+00
451 0 +1.323801649e+01 +1.013238016e+03 +1.013238016e+03 -2.1646e+00 +3.0222e+00 +3.9824e+00 +4.1101e+00 +2.5410e+00
457 0 +1.234404744e+01 +1.012344047e+03 +1.012344047e+03 -2.8596e+00 +2.2208e+00 +3.9413e+00 +4.1119e+00 +3.4879e+00
% f evaluations | g evaluations | best noise-free fitness - Fopt (7.003000000000e+01) + sum g_i+ | measured fitness | best measured fitness or single-digit g-values | x1 | x2...
1 0 +2.796392344e+02 +3.496692344e+02 +3.496692344e+02 +5.9671e-01 -3.8264e-02 +7.4769e-01 +1.6230e+00 -1.3415e-01
2 0 +2.179509051e+02 +2.879809051e+02 +2.879809051e+02 -1.3414e-01 +1.6792e+00 +8.6743e-01 -3.6947e-01 +6.4256e-01
3 0 +1.287050132e+02 +1.987350132e+02 +1.987350132e+02 -3.6342e-01 -3.6573e-01 +3.4196e-01 -1.8133e+00 -1.6249e+00
8 0 +7.936462072e+01 +1.493946207e+02 +1.493946207e+02 -1.1208e+00 +3.0886e-01 -1.8597e+00 -1.2282e+00 +2.9686e-01
30 0 +7.517563241e+01 +1.452056324e+02 +1.452056324e+02 -5.6445e-01 -1.3461e+00 -2.2961e+00 -3.6015e+00 -1.2656e+00
41 0 +7.368174695e+01 +1.437117469e+02 +1.437117469e+02 -1.1708e+00 -1.1849e-01 -3.2377e+00 -1.8579e+00 +1.3662e-01
45 0 +7.217595691e+01 +1.422059569e+02 +1.422059569e+02 -2.8550e+00 -4.6879e-01 -1.0018e+00 -1.4313e+00 -6.6489e-02
52 0 +5.402596750e+01 +1.240559675e+02 +1.240559675e+02 -6.3443e-01 -2.8985e+00 -4.2670e+00 -4.2723e+00 +1.1363e-01
90 0 +3.825171062e+01 +1.082817106e+02 +1.082817106e+02 -3.8471e-01 -1.8844e+00 -4.4955e+00 -3.2729e+00 +1.3049e+00
202 0 +2.350712209e+01 +9.353712209e+01 +9.353712209e+01 -6.4611e-01 -2.6169e+00 -4.2874e+00 -2.3211e+00 +1.5467e+00
445 0 +2.052705516e+01 +9.055705516e+01 +9.055705516e+01 -6.7835e-01 -2.3517e+00 -4.0024e+00 -1.8660e+00 +6.1606e-01
495 0 +1.913456213e+01 +8.916456213e+01 +8.916456213e+01 -2.6698e-01 -2.2635e+00 -3.4200e+00 -1.8795e+00 +5.8124e-02
1202 0 +1.609152782e+01 +8.612152782e+01 +8.612152782e+01 -3.7253e-01 -2.0278e+00 -3.8816e+00 -1.3552e+00 +4.0679e-01
% f evaluations | g evaluations | best noise-free fitness - Fopt (-4.822000000000e+01) + sum g_i+ | measured fitness | best measured fitness or single-digit g-values | x1 | x2...
1 0 +1.819632085e+02 +1.337432085e+02 +1.337432085e+02 +5.9671e-01 -3.8264e-02 +7.4769e-01 +1.6230e+00 -1.3415e-01
3 0 +1.201985012e+02 +7.197850120e+01 +7.197850120e+01 -3.6342e-01 -3.6573e-01 +3.4196e-01 -1.8133e+00 -1.6249e+00
4 0 +8.920711201e+01 +4.098711201e+01 +4.098711201e+01 -4.6229e-01 -9.1283e-01 +4.1425e-01 -8.0802e-01 -1.3123e+00
9 0 +7.764723882e+01 +2.942723882e+01 +2.942723882e+01 +8.3847e-01 +2.7137e-01 -1.5648e-02 -2.0110e-01 -1.3785e+00
27 0 +7.639455745e+01 +2.817455745e+01 +2.817455745e+01 -5.2000e-01 -8.6390e-01 -2.6584e+00 -1.0639e+00 -2.5667e+00
28 0 +7.013659999e+01 +2.191659999e+01 +2.191659999e+01 +5.2749e-01 +1.7088e-01 -2.8311e+00 -1.4688e+00 -1.1343e+00
34 0 +6.192571122e+01 +1.370571122e+01 +1.370571122e+01 -1.2198e+00 -3.9015e-01 -9.0211e-01 +7.0619e-01 -3.5793e+00
57 0 +5.978936099e+01 +1.156936099e+01 +1.156936099e+01 -9.7793e-01 -1.4437e+00 +9.5126e-02 +6.3569e-01 -4.0278e+00
78 0 +4.916417119e+01 +9.441711883e-01 +9.441711883e-01 -1.2192e+00 -5.9386e-01 -8.3519e-01 +4.9641e-02 -3.3740e+00
95 0 +3.111768144e+01 -1.710231856e+01 -1.710231856e+01 -1.2093e+00 -1.9678e+00 -3.2783e+00 -4.9635e-01 -3.6397e+00
162 0 +2.369289393e+01 -2.452710607e+01 -2.452710607e+01 -2.4156e+00 -1.6925e+00 -2.0317e+00 +5.1185e-01 -3.4280e+00
183 0 +1.694054636e+01 -3.127945364e+01 -3.127945364e+01 -1.9241e+00 -1.2606e+00 -2.7501e+00 +6.7474e-01 -3.8415e+00
424 0 +1.286769042e+01 -3.535230958e+01 -3.535230958e+01 -1.6461e+00 -8.5480e-01 -3.5367e+00 -2.1922e-01 -3.4671e+00
608 0 +1.062633448e+01 -3.759366552e+01 -3.759366552e+01 -2.1699e+00 -1.0462e+00 -2.5170e+00 +7.8410e-02 -2.9103e+00
626 0 +7.067469604e+00 -4.115253040e+01 -4.115253040e+01 -2.2437e+00 -1.1259e+00 -2.5523e+00 +8.2187e-02 -3.0601e+00
651 0 +3.657688753e+00 -4.456231125e+01 -4.456231125e+01 -2.1815e+00 -1.0678e+00 -2.5506e+00 +1.6911e-01 -3.0490e+00
654 0 +2.628491694e+00 -4.559150831e+01 -4.559150831e+01 -2.2347e+00 -1.0689e+00 -2.4992e+00 +1.5774e-01 -3.1103e+00
751 0 +2.485432134e+00 -4.573456787e+01 -4.573456787e+01 -2.2678e+00 -1.0828e+00 -2.5388e+00 +1.2731e-01 -2.9981e+00
752 0 +2.211170538e+00 -4.600882946e+01 -4.600882946e+01 -2.2666e+00 -1.0688e+00 -2.5391e+00 +1.1958e-01 -3.0066e+00
753 0 +2.127253073e+00 -4.609274693e+01 -4.609274693e+01 -2.2197e+00 -1.0721e+00 -2.5391e+00 +1.2974e-01 -3.0475e+00
826 0 +2.085781701e+00 -4.613421830e+01 -4.613421830e+01 -2.2177e+00 -1.0702e+00 -2.5278e+00 +1.2598e-01 -3.0480e+00
851 0 +2.038153683e+00 -4.618184632e+01 -4.618184632e+01 -2.2515e+00 -1.0739e+00 -2.5256e+00 +1.2388e-01 -3.0407e+00
905 0 +2.027461120e+00 -4.619253888e+01 -4.619253888e+01 -2.2430e+00 -1.0695e+00 -2.5414e+00 +1.2358e-01 -3.0268e+00
907 0 +2.009220460e+00 -4.621077954e+01 -4.621077954e+01 -2.2526e+00 -1.0726e+00 -2.5284e+00 +1.2059e-01 -3.0318e+00
927 0 +2.008894192e+00 -4.621110581e+01 -4.621110581e+01 -2.2476e+00 -1.0707e+00 -2.5249e+00 +1.2609e-01 -3.0377e+00
928 0 +2.006323462e+00 -4.621367654e+01 -4.621367654e+01 -2.2522e+00 -1.0753e+00 -2.5320e+00 +1.2027e-01 -3.0270e+00
955 0 +1.992663625e+00 -4.622733638e+01 -4.622733638e+01 -2.2502e+00 -1.0730e+00 -2.5277e+00 +1.2209e-01 -3.0319e+00
1002 0 +1.991956783e+00 -4.622804322e+01 -4.622804322e+01 -2.2469e+00 -1.0724e+00 -2.5273e+00 +1.2456e-01 -3.0350e+00
1026 0 +1.991355275e+00 -4.622864472e+01 -4.622864472e+01 -2.2495e+00 -1.0733e+00 -2.5285e+00 +1.2199e-01 -3.0306e+00
1051 0 +1.991274738e+00 -4.622872526e+01 -4.622872526e+01 -2.2463e+00 -1.0724e+00 -2.5272e+00 +1.2435e-01 -3.0357e+00
1084 0 +1.990779955e+00 -4.622922005e+01 -4.622922005e+01 -2.2481e+00 -1.0724e+00 -2.5300e+00 +1.2182e-01 -3.0302e+00
1101 0 +1.990466753e+00 -4.622953325e+01 -4.622953325e+01 -2.2472e+00 -1.0722e+00 -2.5288e+00 +1.2236e-01 -3.0320e+00
1126 0 +1.990155499e+00 -4.622984450e+01 -4.622984450e+01 -2.2466e+00 -1.0725e+00 -2.5294e+00 +1.2254e-01 -3.0322e+00
1176 0 +1.990014176e+00 -4.622998582e+01 -4.622998582e+01 -2.2459e+00 -1.0726e+00 -2.5285e+00 +1.2296e-01 -3.0335e+00
1227 0 +1.989990138e+00 -4.623000986e+01 -4.623000986e+01 -2.2463e+00 -1.0724e+00 -2.5281e+00 +1.2304e-01 -3.0337e+00
% f evaluations | g evaluations | best noise-free fitness - Fopt (2.547000000000e+01) + sum g_i+ | measured fitness | best measured fitness or single-digit g-values | x1 | x2...
1 0 +2.393297054e+02 +2.647997054e+02 +2.647997054e+02 +5.9671e-01 -3.8264e-02 +7.4769e-01 +1.6230e+00 -1.3415e-01
2 0 +2.314253108e+02 +2.568953108e+02 +2.568953108e+02 -1.3414e-01 +1.6792e+00 +8.6743e-01 -3.6947e-01 +6.4256e-01
3 0 +9.568348786e+01 +1.211534879e+02 +1.211534879e+02 -3.6342e-01 -3.6573e-01 +3.4196e-01 -1.8133e+00 -1.6249e+00
4 0 +8.310632070e+01 +1.085763207e+02 +1.085763207e+02 -4.6229e-01 -9.1283e-01 +4.1425e-01 -8.0802e-01 -1.3123e+00
21 0 +6.797518596e+01 +9.344518596e+01 +9.344518596e+01 -1.3154e+00 -3.2065e-01 -2.4271e-01 -7.0228e-01 -6.1286e-02
27 0 +6.597576454e+01 +9.144576454e+01 +9.144576454e+01 -2.1126e+00 -1.7146e+00 -7.1865e-01 -2.3225e+00 -3.7000e-01
31 0 +5.978434755e+01 +8.525434755e+01 +8.525434755e+01 -1.5737e+00 -2.3174e+00 +1.9887e-01 -1.8968e+00 -2.6581e+00
43 0 +5.234057377e+01 +7.781057377e+01 +7.781057377e+01 -1.2078e-02 -7.0983e-02 -3.0986e+00 -1.6274e+00 -2.0257e+00
102 0 +3.941818431e+01 +6.488818431e+01 +6.488818431e+01 -4.6189e+00 -1.5085e+00 -3.6468e-01 -3.1366e+00 -1.1329e+00
132 0 +3.665455571e+01 +6.212455571e+01 +6.212455571e+01 -2.9155e+00 -2.5326e+00 -1.1127e-02 -3.1158e+00 -2.5516e+00
158 0 +3.452412048e+01 +5.999412048e+01 +5.999412048e+01 -2.4277e+00 -7.2531e-01 -2.3128e+00 -2.6497e+00 -1.2637e+00
284 0 +3.213609876e+01 +5.760609876e+01 +5.760609876e+01 -2.7006e+00 -1.3965e+00 -5.3699e-01 -1.8909e+00 -9.6600e-01
363 0 +3.206794552e+01 +5.753794552e+01 +5.753794552e+01 -3.8957e+00 -2.1880e+00 -1.2491e+00 -2.0078e+00 -1.8424e+00
365 0 +2.422261018e+01 +4.969261018e+01 +4.969261018e+01 -4.5258e+00 -2.0317e+00 -1.0701e+00 -1.6084e+00 -1.2720e+00
422 0 +1.903185845e+01 +4.450185845e+01 +4.450185845e+01 -4.9394e+00 -3.0665e+00 -1.4140e+00 -2.1773e+00 -2.5249e+00
759 0 +1.797860652e+01 +4.344860652e+01 +4.344860652e+01 -4.2234e+00 -2.5554e+00 -9.3970e-01 -2.5406e+00 -7.2709e-01
1176 0 +1.374478332e+01 +3.921478332e+01 +3.921478332e+01 -4.6507e+00 -2.3575e+00 -6.8608e-01 -2.0302e+00 -2.4424e+00
% f evaluations | g evaluations | best noise-free fitness - Fopt (-1.008100000000e+02) + sum g_i+ | measured fitness | best measured fitness or single-digit g-values | x1 | x2...
1 0 +8.164338892e+01 -1.916661108e+01 -1.916661108e+01 +5.9671e-01 -3.8264e-02 +7.4769e-01 +1.6230e+00 -1.3415e-01
6 0 +7.275719873e+01 -2.805280127e+01 -2.805280127e+01 +2.1092e-01 -1.0510e+00 +4.7570e-01 -5.0064e-01 -1.9169e-01
11 0 +7.126016172e+01 -2.954983828e+01 -2.954983828e+01 +4.2408e-01 -2.8508e-01 -5.7692e-01 +7.1168e-01 +1.1310e+00
12 0 +6.022188156e+01 -4.058811844e+01 -4.058811844e+01 +1.0313e+00 -7.3922e-01 -2.0921e-01 +4.3126e-01 +1.0755e+00
30 0 +5.205005909e+01 -4.875994091e+01 -4.875994091e+01 -1.5946e-01 +7.7909e-02 +6.5397e-01 -6.5056e-01 +6.9698e-01
56 0 +3.759845668e+01 -6.321154332e+01 -6.321154332e+01 +7.0092e-01 +2.9136e-02 +2.7420e-01 +1.9275e-01 +1.5374e+00
62 0 +2.712615225e+01 -7.368384775e+01 -7.368384775e+01 +4.9122e-01 -1.4288e-01 -1.8447e-01 +4.4184e-01 +1.9483e+00
134 0 +2.472864361e+01 -7.608135639e+01 -7.608135639e+01 +1.0188e+00 +2.0455e-01 +5.2418e-01 +9.3622e-04 +1.4025e+00
172 0 +2.283092513e+01 -7.797907487e+01 -7.797907487e+01 +5.0809e-01 +7.9898e-01 +8.0732e-01 +4.0877e-01 +1.4146e+00
276 0 +1.941121593e+01 -8.139878407e+01 -8.139878407e+01 +4.1907e-01 -6.8907e-02 +9.1987e-01 +1.4538e-01 +1.7147e+00
284 0 +1.109273608e+01 -8.971726392e+01 -8.971726392e+01 +6.6894e-03 -1.4696e-01 +5.9730e-01 +3.4828e-01 +1.9210e+00
376 0 +1.096271225e+01 -8.984728775e+01 -8.984728775e+01 +4.3612e-01 -2.2731e-01 +9.4693e-01 +1.7147e-01 +1.8426e+00
447 0 +1.047397607e+01 -9.033602393e+01 -9.033602393e+01 +3.7470e-01 -2.6253e-01 +8.5527e-01 +2.3142e-01 +1.8346e+00
451 0 +6.620737546e+00 -9.418926245e+01 -9.418926245e+01 +3.7531e-01 -2.7074e-01 +9.0641e-01 +2.0781e-01 +1.9098e+00
526 0 +4.732788505e+00 -9.607721149e+01 -9.607721149e+01 +3.8390e-01 -2.4757e-01 +9.2182e-01 +2.3534e-01 +1.8784e+00
527 0 +4.634431311e+00 -9.617556869e+01 -9.617556869e+01 +4.3019e-01 -2.6134e-01 +9.2515e-01 +2.2581e-01 +1.8694e+00
601 0 +4.169871596e+00 -9.664012840e+01 -9.664012840e+01 +3.8436e-01 -2.7944e-01 +9.2372e-01 +2.2412e-01 +1.8786e+00
657 0 +4.087577988e+00 -9.672242201e+01 -9.672242201e+01 +3.9496e-01 -2.7909e-01 +9.2272e-01 +2.2643e-01 +1.8639e+00
677 0 +4.071775009e+00 -9.673822499e+01 -9.673822499e+01 +3.9541e-01 -2.7219e-01 +9.2977e-01 +2.2376e-01 +1.8679e+00
726 0 +4.011457034e+00 -9.679854297e+01 -9.679854297e+01 +4.1318e-01 -2.7128e-01 +9.2307e-01 +2.3444e-01 +1.8627e+00
764 0 +4.008231795e+00 -9.680176821e+01 -9.680176821e+01 +4.0625e-01 -2.7143e-01 +9.2145e-01 +2.3527e-01 +1.8619e+00
776 0 +4.007503770e+00 -9.680249623e+01 -9.680249623e+01 +4.0527e-01 -2.7622e-01 +9.2710e-01 +2.3219e-01 +1.8657e+00
801 0 +3.985507517e+00 -9.682449248e+01 -9.682449248e+01 +4.0567e-01 -2.6953e-01 +9.2695e-01 +2.3217e-01 +1.8680e+00
826 0 +3.984060120e+00 -9.682593988e+01 -9.682593988e+01 +4.0008e-01 -2.7303e-01 +9.2734e-01 +2.3066e-01 +1.8730e+00
851 0 +3.983535726e+00 -9.682646427e+01 -9.682646427e+01 +4.0371e-01 -2.6968e-01 +9.2565e-01 +2.3312e-01 +1.8707e+00
901 0 +3.983392535e+00 -9.682660746e+01 -9.682660746e+01 +4.0439e-01 -2.7352e-01 +9.2539e-01 +2.3234e-01 +1.8674e+00
926 0 +3.980889229e+00 -9.682911077e+01 -9.682911077e+01 +4.0269e-01 -2.7346e-01 +9.2567e-01 +2.3203e-01 +1.8701e+00
951 0 +3.980415935e+00 -9.682958406e+01 -9.682958406e+01 +4.0363e-01 -2.7154e-01 +9.2554e-01 +2.3243e-01 +1.8703e+00
976 0 +3.979979024e+00 -9.683002098e+01 -9.683002098e+01 +4.0360e-01 -2.7232e-01 +9.2581e-01 +2.3182e-01 +1.8703e+00
1051 0 +3.979893046e+00 -9.683010695e+01 -9.683010695e+01 +4.0362e-01 -2.7231e-01 +9.2547e-01 +2.3203e-01 +1.8703e+00
1176 0 +3.979857256e+00 -9.683014274e+01 -9.683014274e+01 +4.0322e-01 -2.7289e-01 +9.2547e-01 +2.3173e-01 +1.8706e+00
1201 0 +3.979848738e+00 -9.683015126e+01 -9.683015126e+01 +4.0353e-01 -2.7248e-01 +9.2546e-01 +2.3190e-01 +1.8703e+00
% f evaluations | g evaluations | best noise-free fitness - Fopt (-3.531300000000e+02) + sum g_i+ | measured fitness | best measured fitness or single-digit g-values | x1 | x2...
1 0 +2.815370347e+02 -7.159296530e+01 -7.159296530e+01 +5.9671e-01 -3.8264e-02 +7.4769e-01 +1.6230e+00 -1.3415e-01
2 0 +1.908382621e+02 -1.622917379e+02 -1.622917379e+02 -1.3414e-01 +1.6792e+00 +8.6743e-01 -3.6947e-01 +6.4256e-01
3 0 +1.441667663e+02 -2.089632337e+02 -2.089632337e+02 -3.6342e-01 -3.6573e-01 +3.4196e-01 -1.8133e+00 -1.6249e+00
7 0 +1.284619969e+02 -2.246680031e+02 -2.246680031e+02 -5.0171e-01 +1.9523e+00 +8.6503e-02 -9.5771e-01 +9.2254e-01
8 0 +7.248974970e+01 -2.806402503e+02 -2.806402503e+02 -1.1208e+00 +3.0886e-01 -1.8597e+00 -1.2282e+00 +2.9686e-01
32 0 +7.111127656e+01 -2.820187234e+02 -2.820187234e+02 -1.8634e+00 +4.6090e-01 -5.2404e-01 -1.7205e+00 +5.3834e-02
47 0 +6.211479187e+01 -2.910152081e+02 -2.910152081e+02 -1.2508e+00 +2.2138e+00 -6.4712e-01 -2.2266e+00 +4.9232e-01
76 0 +5.626099094e+01 -2.968690091e+02 -2.968690091e+02 -1.6956e+00 +5.4099e-01 -8.0834e-01 -2.4816e+00 +1.7363e-01
88 0 +5.285635279e+01 -3.002736472e+02 -3.002736472e+02 -2.3939e+00 +9.2048e-01 -1.3521e+00 -2.5706e+00 -7.3412e-02
104 0 +4.569706110e+01 -3.074329389e+02 -3.074329389e+02 -9.8236e-01 +1.0350e+00 -7.7585e-02 -3.3847e+00 +2.5394e-01
116 0 +4.148906184e+01 -3.116409382e+02 -3.116409382e+02 -1.8892e+00 +2.6765e-01 -1.8674e+00 -3.1659e+00 -1.2680e-01
144 0 +3.048502199e+01 -3.226449780e+02 -3.226449780e+02 -2.3474e+00 +9.6013e-01 -2.1161e+00 -2.2800e+00 +5.4562e-01
158 0 +2.988536053e+01 -3.232446395e+02 -3.232446395e+02 -1.7017e+00 +3.0077e-01 -8.5142e-01 -3.7189e+00 +1.7629e-01
177 0 +2.559215254e+01 -3.275378475e+02 -3.275378475e+02 -1.6024e+00 +3.4363e-01 -9.0695e-01 -3.4296e+00 +1.2639e-01
240 0 +1.376531320e+01 -3.393646868e+02 -3.393646868e+02 -1.7446e+00 +1.2231e+00 -1.5680e+00 -3.7109e+00 +1.5116e-01
359 0 +1.058814929e+01 -3.425418507e+02 -3.425418507e+02 -1.4335e+00 +9.1061e-01 -1.4472e+00 -3.0917e+00 -1.5465e-02
401 0 +7.106095358e+00 -3.460239046e+02 -3.460239046e+02 -1.8901e+00 +1.1290e+00 -1.5927e+00 -3.7514e+00 +5.7447e-02
501 0 +5.694138946e+00 -3.474358611e+02 -3.474358611e+02 -1.7917e+00 +1.1747e+00 -1.5006e+00 -3.7146e+00 +8.5187e-02
626 0 +5.658804500e+00 -3.474711955e+02 -3.474711955e+02 -1.8594e+00 +1.1545e+00 -1.5900e+00 -3.7412e+00 +1.3321e-01
627 0 +4.461111255e+00 -3.486688887e+02 -3.486688887e+02 -1.8363e+00 +1.1796e+00 -1.5351e+00 -3.7527e+00 +5.0107e-02
651 0 +3.019848233e+00 -3.501101518e+02 -3.501101518e+02 -1.8226e+00 +1.1598e+00 -1.5515e+00 -3.7148e+00 +7.8099e-02
826 0 +3.018309977e+00 -3.501116900e+02 -3.501116900e+02 -1.8199e+00 +1.1607e+00 -1.5476e+00 -3.7192e+00 +7.8232e-02
851 0 +3.000629700e+00 -3.501293703e+02 -3.501293703e+02 -1.8207e+00 +1.1597e+00 -1.5488e+00 -3.7248e+00 +7.0338e-02
901 0 +2.996172594e+00 -3.501338274e+02 -3.501338274e+02 -1.8282e+00 +1.1591e+00 -1.5559e+00 -3.7160e+00 +7.2165e-02
951 0 +2.989618373e+00 -3.501403816e+02 -3.501403816e+02 -1.8270e+00 +1.1594e+00 -1.5527e+00 -3.7174e+00 +7.1984e-02
976 0 +2.987653728e+00 -3.501423463e+02 -3.501423463e+02 -1.8259e+00 +1.1591e+00 -1.5520e+00 -3.7178e+00 +7.0471e-02
1051 0 +2.985977643e+00 -3.501440224e+02 -3.501440224e+02 -1.8236e+00 +1.1595e+00 -1.5525e+00 -3.7189e+00 +7.0697e-02
1126 0 +2.985664762e+00 -3.501443352e+02 -3.501443352e+02 -1.8227e+00 +1.1597e+00 -1.5519e+00 -3.7193e+00 +7.1542e-02
1151 0 +2.985415937e+00 -3.501445841e+02 -3.501445841e+02 -1.8226e+00 +1.1599e+00 -1.5512e+00 -3.7198e+00 +7.1461e-02
1176 0 +2.985265383e+00 -3.501447346e+02 -3.501447346e+02 -1.8239e+00 +1.1601e+00 -1.5522e+00 -3.7191e+00 +7.1268e-02
1201 0 +2.984954523e+00 -3.501450455e+02 -3.501450455e+02 -1.8237e+00 +1.1600e+00 -1.5519e+00 -3.7189e+00 +7.1168e-02
% f evaluations | g evaluations | best noise-free fitness - Fopt (8.716000000000e+01) + sum g_i+ | measured fitness | best measured fitness or single-digit g-values | x1 | x2...
1 0 +1.942186532e+02 +2.813786532e+02 +2.813786532e+02 +5.9671e-01 -3.8264e-02 +7.4769e-01 +1.6230e+00 -1.3415e-01
11 0 +1.339182365e+02 +2.210782365e+02 +2.210782365e+02 +4.2408e-01 -2.8508e-01 -5.7692e-01 +7.1168e-01 +1.1310e+00
24 0 +1.130711647e+02 +2.002311647e+02 +2.002311647e+02 +4.0155e-01 +6.5288e-02 -1.0687e+00 +1.2428e+00 +8.5193e-01
29 0 +6.633589188e+01 +1.534958919e+02 +1.534958919e+02 +4.1598e-01 +1.9508e+00 -1.6652e+00 +2.9178e+00 +2.7621e-03
55 0 +5.904268695e+01 +1.462026870e+02 +1.462026870e+02 +7.4361e-01 +1.9907e+00 -4.3109e+00 +3.7815e+00 +1.7127e+00
57 0 +5.413372052e+01 +1.412937205e+02 +1.412937205e+02 +4.3220e+00 +1.5697e+00 -3.2428e+00 +2.1488e+00 -2.0725e+00
60 0 +4.934852788e+01 +1.365085279e+02 +1.365085279e+02 +4.3388e+00 +2.3472e+00 -2.7575e+00 +3.0796e+00 -7.7151e-01
65 0 +3.669971341e+01 +1.238597134e+02 +1.238597134e+02 +1.1427e+00 +8.1031e-01 -4.1884e+00 +3.3367e+00 +3.9850e-01
106 0 +3.459369012e+01 +1.217536901e+02 +1.217536901e+02 +2.2719e+00 +2.4553e-02 -1.8206e+00 +4.4383e+00 +1.7679e-01
239 0 +3.237564358e+01 +1.195356436e+02 +1.195356436e+02 +1.5299e+00 +9.8169e-01 -3.3448e+00 +4.4247e+00 +8.5841e-01
241 0 +3.154301504e+01 +1.187030150e+02 +1.187030150e+02 +2.4091e+00 +9.1953e-01 -2.3565e+00 +3.6009e+00 -8.3671e-02
275 0 +2.890325409e+01 +1.160632541e+02 +1.160632541e+02 +1.0620e+00 +1.2763e+00 -2.9797e+00 +3.0095e+00 +7.6371e-01
283 0 +2.721487524e+01 +1.143748752e+02 +1.143748752e+02 +1.1766e+00 +1.1908e+00 -2.9169e+00 +3.3517e+00 +7.9063e-01
337 0 +2.231562084e+01 +1.094756208e+02 +1.094756208e+02 +1.4498e+00 +1.3916e+00 -3.3460e+00 +4.4838e+00 +7.0377e-01
346 0 +1.610318474e+01 +1.032631847e+02 +1.032631847e+02 +2.3901e+00 +1.2814e+00 -3.0089e+00 +2.9786e+00 +5.9609e-01
1006 0 +1.034945129e+01 +9.750945129e+01 +9.750945129e+01 +1.8942e+00 +2.1515e+00 -2.5717e+00 +3.8175e+00 -3.3510e-01
1180 0 +8.921353908e+00 +9.608135391e+01 +9.608135391e+01 +2.2438e+00 +6.9333e-01 -2.8339e+00 +3.8727e+00 +8.2287e-01
1189 0 +7.023781995e+00 +9.418378200e+01 +9.418378200e+01 +1.3513e+00 +1.1380e+00 -2.4888e+00 +3.7241e+00 +6.2817e-01
1213 0 +6.923282075e+00 +9.408328208e+01 +9.408328208e+01 +1.4796e+00 +9.5896e-01 -2.5893e+00 +3.5707e+00 +6.0857e-01
% f evaluations | g evaluations | best noise-free fitness - Fopt (-3.475000000000e+01) + sum g_i+ | measured fitness | best measured fitness or single-digit g-values | x1 | x2...
1 0 +1.266744761e+02 +9.192447605e+01 +9.192447605e+01 +5.9671e-01 -3.8264e-02 +7.4769e-01 +1.6230e+00 -1.3415e-01
15 0 +6.223519419e+01 +2.748519419e+01 +2.748519419e+01 +4.6140e-01 +1.6380e+00 +6.4174e-02 +1.6646e+00 -2.5197e+00
26 0 +2.698425602e+01 -7.765743975e+00 -7.765743975e+00 +2.5234e+00 +1.7083e+00 +6.7304e-02 +2.5506e+00 -2.4383e+00
246 0 +2.585142322e+01 -8.898576778e+00 -8.898576778e+00 +2.5720e+00 +3.2014e+00 -1.4839e+00 +3.1192e+00 -1.7686e+00
272 0 +2.127636009e+01 -1.347363991e+01 -1.347363991e+01 +2.7421e+00 +3.1459e+00 -5.9606e-01 +2.3618e+00 -1.7702e+00
294 0 +1.893581278e+01 -1.581418722e+01 -1.581418722e+01 +1.6391e+00 +2.4645e+00 -6.6226e-01 +2.8105e+00 -1.2291e+00
484 0 +1.110049555e+01 -2.364950445e+01 -2.364950445e+01 +2.7798e+00 +3.3178e+00 -5.3920e-01 +3.4408e+00 -1.2934e+00
% f evaluations | g evaluations | best noise-free fitness - Fopt (-1.000000000000e+03) + sum g_i+ | measured fitness | best measured fitness or single-digit g-values | x1 | x2...
1 0 +1.904604462e+02 -8.095395538e+02 -8.095395538e+02 +5.9671e-01 -3.8264e-02 +7.4769e-01 +1.6230e+00 -1.3415e-01
2 0 +1.770739216e+02 -8.229260784e+02 -8.229260784e+02 -1.3414e-01 +1.6792e+00 +8.6743e-01 -3.6947e-01 +6.4256e-01
3 0 +1.185725897e+02 -8.814274103e+02 -8.814274103e+02 -3.6342e-01 -3.6573e-01 +3.4196e-01 -1.8133e+00 -1.6249e+00
4 0 +1.155066428e+02 -8.844933572e+02 -8.844933572e+02 -4.6229e-01 -9.1283e-01 +4.1425e-01 -8.0802e-01 -1.3123e+00
8 0 +1.123671134e+02 -8.876328866e+02 -8.876328866e+02 -1.1208e+00 +3.0886e-01 -1.8597e+00 -1.2282e+00 +2.9686e-01
21 0 +7.187331491e+01 -9.281266851e+02 -9.281266851e+02 -1.3154e+00 -3.2065e-01 -2.4271e-01 -7.0228e-01 -6.1286e-02
56 0 +6.529114368e+01 -9.347088563e+02 -9.347088563e+02 -9.6020e-01 -7.1499e-01 -1.9857e-01 -2.3523e+00 +8.1781e-01
69 0 +6.278223167e+01 -9.372177683e+02 -9.372177683e+02 -1.0862e+00 -1.8782e+00 +5.3191e-01 -1.1558e+00 -5.3091e-01
103 0 +5.787122866e+01 -9.421287713e+02 -9.421287713e+02 -2.4487e+00 -3.5542e-01 +2.7627e-02 -1.2249e+00 -9.3870e-01
143 0 +4.986334024e+01 -9.501366598e+02 -9.501366598e+02 -2.6278e+00 -1.0668e+00 -6.8659e-02 -1.8976e+00 -1.5180e+00
151 0 +3.997349637e+01 -9.600265036e+02 -9.600265036e+02 -2.7150e+00 -9.0767e-01 -2.1667e-01 -1.7367e+00 -8.9907e-01
251 0 +3.680277331e+01 -9.631972267e+02 -9.631972267e+02 -2.6998e+00 -1.0287e+00 -1.6642e-01 -1.7769e+00 -7.3917e-01
306 0 +2.188779307e+01 -9.781122069e+02 -9.781122069e+02 -2.1156e+00 -1.5604e+00 -2.5591e-01 -2.0152e+00 -5.5027e-01
451 0 +2.031547984e+01 -9.796845202e+02 -9.796845202e+02 -2.1113e+00 -1.5262e+00 -2.6719e-01 -2.0678e+00 -6.2704e-01
577 0 +2.015682526e+01 -9.798431747e+02 -9.798431747e+02 -2.0701e+00 -1.6326e+00 -2.9100e-01 -2.0113e+00 -5.7026e-01
601 0 +1.885524879e+01 -9.811447512e+02 -9.811447512e+02 -2.1103e+00 -1.5696e+00 -3.3092e-01 -2.1205e+00 -6.1060e-01
626 0 +1.861838525e+01 -9.813816147e+02 -9.813816147e+02 -2.0631e+00 -1.6111e+00 -2.9999e-01 -2.0396e+00 -5.4434e-01
651 0 +1.806274658e+01 -9.819372534e+02 -9.819372534e+02 -2.1049e+00 -1.5732e+00 -2.9921e-01 -2.0991e+00 -5.9000e-01
776 0 +1.797450471e+01 -9.820254953e+02 -9.820254953e+02 -2.1103e+00 -1.5783e+00 -3.1055e-01 -2.0914e+00 -5.7960e-01
801 0 +1.796956262e+01 -9.820304374e+02 -9.820304374e+02 -2.1120e+00 -1.5789e+00 -3.1169e-01 -2.0924e+00 -5.8566e-01
826 0 +1.794546275e+01 -9.820545372e+02 -9.820545372e+02 -2.1017e+00 -1.5818e+00 -3.0983e-01 -2.0862e+00 -5.7934e-01
851 0 +1.793279052e+01 -9.820672095e+02 -9.820672095e+02 -2.1087e+00 -1.5789e+00 -3.0697e-01 -2.0873e+00 -5.8310e-01
876 0 +1.792854883e+01 -9.820714512e+02 -9.820714512e+02 -2.1028e+00 -1.5767e+00 -3.0380e-01 -2.0833e+00 -5.8291e-01
901 0 +1.792514589e+01 -9.820748541e+02 -9.820748541e+02 -2.1025e+00 -1.5799e+00 -3.0122e-01 -2.0818e+00 -5.8751e-01
926 0 +1.792413594e+01 -9.820758641e+02 -9.820758641e+02 -2.1053e+00 -1.5813e+00 -3.0232e-01 -2.0892e+00 -5.8359e-01
951 0 +1.791696084e+01 -9.820830392e+02 -9.820830392e+02 -2.1052e+00 -1.5830e+00 -2.9701e-01 -2.0843e+00 -5.8581e-01
1001 0 +1.791377170e+01 -9.820862283e+02 -9.820862283e+02 -2.1087e+00 -1.5811e+00 -3.0161e-01 -2.0878e+00 -5.8836e-01
1026 0 +1.791190437e+01 -9.820880956e+02 -9.820880956e+02 -2.1055e+00 -1.5817e+00 -2.9824e-01 -2.0868e+00 -5.8882e-01
1076 0 +1.791045558e+01 -9.820895444e+02 -9.820895444e+02 -2.1061e+00 -1.5811e+00 -3.0084e-01 -2.0868e+00 -5.8597e-01
1126 0 +1.790968208e+01 -9.820903179e+02 -9.820903179e+02 -2.1067e+00 -1.5814e+00 -3.0105e-01 -2.0865e+00 -5.8706e-01
1176 0 +1.790940073e+01 -9.820905993e+02 -9.820905993e+02 -2.1059e+00 -1.5817e+00 -3.0096e-01 -2.0862e+00 -5.8694e-01
1201 0 +1.790928941e+01 -9.820907106e+02 -9.820907106e+02 -2.1059e+00 -1.5812e+00 -3.0042e-01 -2.0864e+00 -5.8712e-01
1226 0 +1.790922878e+01 -9.820907712e+02 -9.820907712e+02 -2.1060e+00 -1.5813e+00 -3.0067e-01 -2.0865e+00 -5.8705e-01
% f evaluations | g evaluations | best noise-free fitness - Fopt (-9.247000000000e+01) + sum g_i+ | measured fitness | best measured fitness or single-digit g-values | x1 | x2...
1 0 +1.395477877e+02 +4.707778766e+01 +4.707778766e+01 +5.9671e-01 -3.8264e-02 +7.4769e-01 +1.6230e+00 -1.3415e-01
3 0 +1.039786793e+02 +1.150867932e+01 +1.150867932e+01 -3.6342e-01 -3.6573e-01 +3.4196e-01 -1.8133e+00 -1.6249e+00
5 0 +9.011695911e+01 -2.353040886e+00 -2.353040886e+00 +1.5656e+00 -1.2578e-01 +1.6753e-01 -1.3247e+00 -4.4438e-01
14 0 +8.888543931e+01 -3.584560690e+00 -3.584560690e+00 +1.4562e+00 +2.7990e-02 +1.1035e+00 +4.6164e-01 -5.4512e-01
25 0 +7.947732932e+01 -1.299267068e+01 -1.299267068e+01 +8.9103e-01 -8.0939e-01 +1.5028e+00 -1.3019e+00 +6.8686e-01
28 0 +4.795398711e+01 -4.451601289e+01 -4.451601289e+01 +1.6323e+00 -3.5569e-01 +2.3176e+00 -5.6592e-02 +1.1375e-01
81 0 +4.791537880e+01 -4.455462120e+01 -4.455462120e+01 +2.8284e+00 -4.4457e-01 +1.7163e+00 -4.2093e-02 +1.0708e+00
115 0 +3.196998203e+01 -6.050001797e+01 -6.050001797e+01 +3.7375e+00 -4.7334e-01 +2.3141e+00 -1.1698e+00 -7.9204e-01
127 0 +2.504468022e+01 -6.742531978e+01 -6.742531978e+01 +3.8656e+00 +3.9544e-01 +2.1638e+00 -1.3931e+00 -7.4134e-01
168 0 +2.088633953e+01 -7.158366047e+01 -7.158366047e+01 +3.9003e+00 +2.0432e-01 +3.1881e+00 -1.0298e+00 +3.1881e-02
221 0 +1.308316646e+01 -7.938683354e+01 -7.938683354e+01 +3.1780e+00 +9.7407e-02 +2.6393e+00 -1.3808e+00 -4.3797e-01
327 0 +8.970439202e+00 -8.349956080e+01 -8.349956080e+01 +2.2866e+00 -4.5791e-02 +2.4945e+00 -1.6216e+00 +1.9770e-01
379 0 +8.907618378e+00 -8.356238162e+01 -8.356238162e+01 +2.7609e+00 +8.7799e-02 +3.0275e+00 -1.2515e+00 -5.0917e-02
438 0 +8.185508252e+00 -8.428449175e+01 -8.428449175e+01 +2.6242e+00 +7.7510e-02 +2.4961e+00 -1.5633e+00 -8.9074e-02
503 0 +7.493063730e+00 -8.497693627e+01 -8.497693627e+01 +2.6848e+00 +6.3845e-02 +2.5064e+00 -1.5933e+00 -1.6261e-01
526 0 +5.760916348e+00 -8.670908365e+01 -8.670908365e+01 +2.6958e+00 +7.1988e-02 +2.5095e+00 -1.5442e+00 -1.3611e-01
527 0 +5.322796234e+00 -8.714720377e+01 -8.714720377e+01 +2.6543e+00 +3.1067e-02 +2.5026e+00 -1.5522e+00 -1.3128e-01
551 0 +5.261498706e+00 -8.720850129e+01 -8.720850129e+01 +2.6899e+00 +5.4622e-02 +2.4880e+00 -1.5459e+00 -1.3362e-01
552 0 +4.651603334e+00 -8.781839667e+01 -8.781839667e+01 +2.6639e+00 +5.9545e-02 +2.4848e+00 -1.5771e+00 -1.5220e-01
601 0 +2.890904086e+00 -8.957909591e+01 -8.957909591e+01 +2.6510e+00 +8.4779e-02 +2.4812e+00 -1.6157e+00 -1.1873e-01
659 0 +2.805557095e+00 -8.966444290e+01 -8.966444290e+01 +2.6673e+00 +8.3202e-02 +2.5130e+00 -1.5891e+00 -1.2130e-01
695 0 +2.555236474e+00 -8.991476353e+01 -8.991476353e+01 +2.6769e+00 +7.6344e-02 +2.4962e+00 -1.5993e+00 -1.1337e-01
726 0 +2.136208503e+00 -9.033379150e+01 -9.033379150e+01 +2.6458e+00 +6.6260e-02 +2.4987e+00 -1.6004e+00 -1.0442e-01
804 0 +2.065375491e+00 -9.040462451e+01 -9.040462451e+01 +2.6484e+00 +7.1771e-02 +2.4962e+00 -1.6044e+00 -1.0436e-01
826 0 +2.010350478e+00 -9.045964952e+01 -9.045964952e+01 +2.6574e+00 +6.9643e-02 +2.4981e+00 -1.5996e+00 -1.0296e-01
925 0 +1.998894130e+00 -9.047110587e+01 -9.047110587e+01 +2.6580e+00 +7.1418e-02 +2.4956e+00 -1.5989e+00 -1.0465e-01
951 0 +1.992919799e+00 -9.047708020e+01 -9.047708020e+01 +2.6574e+00 +7.1068e-02 +2.4961e+00 -1.5998e+00 -1.0494e-01
1001 0 +1.990526131e+00 -9.047947387e+01 -9.047947387e+01 +2.6568e+00 +7.1594e-02 +2.4968e+00 -1.6014e+00 -1.0552e-01
1076 0 +1.990179215e+00 -9.047982078e+01 -9.047982078e+01 +2.6569e+00 +7.2359e-02 +2.4975e+00 -1.6010e+00 -1.0530e-01
1101 0 +1.990016443e+00 -9.047998356e+01 -9.047998356e+01 +2.6568e+00 +7.1956e-02 +2.4973e+00 -1.6011e+00 -1.0531e-01
1126 0 +1.989985526e+00 -9.048001447e+01 -9.048001447e+01 +2.6568e+00 +7.1947e-02 +2.4971e+00 -1.6008e+00 -1.0542e-01
1151 0 +1.989966267e+00 -9.048003373e+01 -9.048003373e+01 +2.6568e+00 +7.2080e-02 +2.4971e+00 -1.6013e+00 -1.0552e-01
1176 0 +1.989937089e+00 -9.048006291e+01 -9.048006291e+01 +2.6566e+00 +7.1910e-02 +2.4971e+00 -1.6012e+00 -1.0549e-01
1201 0 +1.989923793e+00 -9.048007621e+01 -9.048007621e+01 +2.6568e+00 +7.1956e-02 +2.4971e+00 -1.6011e+00 -1.0551e-01
