% f evaluations | g evaluations | best noise-free fitness - Fopt (-9.210000000000e+00) + sum g_i+ | measured fitness | best measured fitness or single-digit g-values | x1 | x2...
1 0 +1.954571351e+02 +1.862471351e+02 +1.862471351e+02 +5.9671e-01 -3.8264e-02 +7.4769e-01 +1.6230e+00 -1.3415e-01 -1.3414e-01 +1.6792e+00 +8.6743e-01 -3.6947e-01 +6.4256e-01
5 0 +1.766818259e+02 +1.674718259e+02 +1.674718259e+02 +8.3847e-01 +2.7137e-01 -1.5648e-02 -2.0110e-01 -1.3785e+00 -6.1984e-01 -3.6064e-01 +1.1571e+00 +4.4362e-01 -1.6630e+00
8 0 +1.677171275e+02 +1.585071275e+02 +1.585071275e+02 +4.6140e-01 +1.6380e+00 +6.4174e-02 +1.6646e+00 -2.5197e+00 +9.2190e-01 +1.8705e-01 -1.9901e-01 +1.9176e-01 -1.8876e+00
51 0 +1.261909519e+02 +1.169809519e+02 +1.169809519e+02 +1.0228e+00 -2.8760e-01 -1.4610e+00 -4.3783e-01 -2.1670e-01 +1.4349e+00 +3.8410e-01 +2.4640e+00 +3.5967e+00 -3.0724e+00
101 0 +7.874915791e+01 +6.953915791e+01 +6.953915791e+01 +4.7176e+00 +2.6721e+00 +1.2716e+00 +1.3660e+00 -2.2326e+00 +4.1767e+00 +2.7377e+00 +4.0788e+00 +2.3813e+00 -3.5547e+00
201 0 +6.637823973e+01 +5.716823973e+01 +5.716823973e+01 +4.1768e+00 -2.7268e-01 -2.2744e+00 +1.9126e+00 -3.8871e+00 +2.6057e+00 +4.7208e+00 +4.3021e+00 +3.2686e+00 -4.0628e+00
251 0 +5.377056108e+01 +4.456056108e+01 +4.456056108e+01 +4.7612e+00 +1.0729e+00 +4.8610e+00 +4.0005e+00 -3.2075e+00 +3.7414e+00 +3.7576e+00 +4.8927e+00 +2.3898e+00 -4.0057e+00
351 0 +5.360529533e+01 +4.439529533e+01 +4.439529533e+01 +2.9582e+00 +5.6463e-01 -4.6659e-01 +2.2643e+00 -4.5570e+00 +3.6350e+00 +3.7292e+00 +4.3180e+00 +4.1916e+00 -4.1562e+00
401 0 +4.359640065e+01 +3.438640065e+01 +3.438640065e+01 -1.8273e+00 -9.0652e-01 +3.1666e+00 +2.0481e+00 -3.5984e+00 +4.7129e+00 +4.0188e+00 +4.9647e+00 +4.7667e+00 -4.1781e+00
501 0 +3.926371065e+01 +3.005371065e+01 +3.005371065e+01 +4.0954e+00 +1.8488e+00 +9.3843e-01 +1.2254e+00 -4.5110e+00 +4.0043e+00 +4.8676e+00 +3.1288e+00 +4.7682e+00 -4.9184e+00
601 0 +3.468533947e+01 +2.547533947e+01 +2.547533947e+01 +2.0004e+00 +4.9028e+00 +2.1776e+00 +3.1957e+00 -4.1643e+00 +2.4149e+00 +3.1992e+00 +4.6747e+00 +4.9041e+00 -4.9703e+00
651 0 +3.458657023e+01 +2.537657023e+01 +2.537657023e+01 +1.3720e+00 +4.6211e+00 +3.9987e+00 +1.7191e+00 -4.5239e+00 +3.9856e+00 +3.2047e+00 +4.4735e+00 +4.4183e+00 -4.9233e+00
701 0 +2.482621199e+01 +1.561621199e+01 +1.561621199e+01 +1.9854e+00 +4.3532e+00 +4.0466e+00 +1.9993e+00 -4.5058e+00 +4.8636e+00 +4.1637e+00 +4.6288e+00 +4.9764e+00 -4.5234e+00
851 0 +2.335189972e+01 +1.414189972e+01 +1.414189972e+01 +2.2098e+00 +3.4391e+00 +4.1903e+00 +3.4445e+00 -4.0226e+00 +3.8572e+00 +4.4332e+00 +4.9549e+00 +4.8743e+00 -4.6857e+00
901 0 +2.239844067e+01 +1.318844067e+01 +1.318844067e+01 +2.5374e+00 +3.8873e+00 +3.5074e+00 +3.2446e+00 -3.5697e+00 +4.7877e+00 +4.5203e+00 +4.9843e+00 +4.9419e+00 -4.5285e+00
951 0 +1.721441856e+01 +8.004418556e+00 +8.004418556e+00 +2.7722e+00 +4.1659e+00 +4.7769e+00 +3.8882e+00 -3.6199e+00 +4.8613e+00 +4.4363e+00 +4.8127e+00 +4.8916e+00 -4.7776e+00
1051 0 +1.670352111e+01 +7.493521111e+00 +7.493521111e+00 +3.0253e+00 +3.7374e+00 +4.8766e+00 +3.9570e+00 -4.3575e+00 +4.3318e+00 +4.1487e+00 +4.9394e+00 +4.7358e+00 -4.9904e+00
1052 0 +1.479884358e+01 +5.588843582e+00 +5.588843582e+00 +4.8770e+00 +4.2152e+00 +4.5378e+00 +2.5673e+00 -4.7573e+00 +4.9516e+00 +4.4640e+00 +4.9512e+00 +4.8822e+00 -4.6891e+00
1101 0 +1.355941893e+01 +4.349418930e+00 +4.349418930e+00 +3.4099e+00 +4.5372e+00 +4.2588e+00 +3.7874e+00 -4.5451e+00 +4.5505e+00 +4.9348e+00 +4.8679e+00 +4.8564e+00 -4.7565e+00
1151 0 +1.152056660e+01 +2.310566596e+00 +2.310566596e+00 +3.9939e+00 +4.3013e+00 +3.7156e+00 +3.8579e+00 -4.9619e+00 +4.4790e+00 +4.9015e+00 +4.6432e+00 +4.9907e+00 -4.9637e+00
1301 0 +8.848413831e+00 -3.615861688e-01 -3.615861688e-01 +4.5927e+00 +4.4769e+00 +3.9413e+00 +4.7787e+00 -4.3709e+00 +4.6586e+00 +4.9470e+00 +4.9314e+00 +4.8031e+00 -4.9636e+00
1351 0 +7.940086185e+00 -1.269913815e+00 -1.269913815e+00 +4.9470e+00 +4.5606e+00 +4.9152e+00 +4.5453e+00 -4.6803e+00 +4.8295e+00 +4.7596e+00 +4.8946e+00 +4.9021e+00 -4.7810e+00
1451 0 +7.924809039e+00 -1.285190961e+00 -1.285190961e+00 +3.9418e+00 +4.4506e+00 +4.7732e+00 +4.5364e+00 -4.8218e+00 +4.7151e+00 +4.8285e+00 +4.6930e+00 +4.9596e+00 -4.9689e+00
1501 0 +6.056137193e+00 -3.153862807e+00 -3.153862807e+00 +4.3342e+00 +4.6540e+00 +4.8296e+00 +4.2542e+00 -4.5936e+00 +4.9209e+00 +4.9498e+00 +4.9021e+00 +4.9085e+00 -4.9891e+00
1502 0 +5.346535376e+00 -3.863464624e+00 -3.863464624e+00 +4.8188e+00 +4.0267e+00 +4.9135e+00 +4.8669e+00 -4.9032e+00 +4.8591e+00 +4.6287e+00 +4.8528e+00 +4.9938e+00 -4.9953e+00
1551 0 +5.264448345e+00 -3.945551655e+00 -3.945551655e+00 +4.3154e+00 +4.5255e+00 +4.9973e+00 +4.6301e+00 -4.8267e+00 +4.8942e+00 +4.9411e+00 +4.8881e+00 +4.8621e+00 -4.9709e+00
1601 0 +3.897908663e+00 -5.312091337e+00 -5.312091337e+00 +4.3498e+00 +4.6316e+00 +4.3641e+00 +4.9678e+00 -4.9070e+00 +4.8249e+00 +4.9854e+00 +4.9914e+00 +4.9604e+00 -4.9672e+00
1801 0 +2.464166495e+00 -6.745833505e+00 -6.745833505e+00 +4.4934e+00 +4.8925e+00 +4.6716e+00 +4.8215e+00 -4.9741e+00 +4.9220e+00 +4.9972e+00 +4.9672e+00 +4.9823e+00 -4.9813e+00
1851 0 +2.460506915e+00 -6.749493085e+00 -6.749493085e+00 +4.6274e+00 +4.6569e+00 +4.9331e+00 +4.9474e+00 -4.9354e+00 +4.8811e+00 +4.9669e+00 +4.9930e+00 +4.9816e+00 -4.9525e+00
1901 0 +1.982577187e+00 -7.227422813e+00 -7.227422813e+00 +4.8054e+00 +4.9209e+00 +4.9513e+00 +4.9479e+00 -4.8285e+00 +4.9696e+00 +4.9948e+00 +4.8794e+00 +4.9855e+00 -4.9953e+00
2001 0 +1.141995085e+00 -8.068004915e+00 -8.068004915e+00 +4.7933e+00 +4.8060e+00 +4.8567e+00 +4.9813e+00 -4.9964e+00 +4.9730e+00 +4.9733e+00 +4.9985e+00 +4.9896e+00 -4.9915e+00
2101 0 +8.275484930e-01 -8.382451507e+00 -8.382451507e+00 +4.9383e+00 +4.9510e+00 +4.9672e+00 +4.9789e+00 -4.9548e+00 +4.9961e+00 +4.9533e+00 +4.9790e+00 +4.9936e+00 -4.9930e+00
2351 0 +7.621220447e-01 -8.447877955e+00 -8.447877955e+00 +4.9243e+00 +4.9640e+00 +4.9849e+00 +4.9952e+00 -4.9619e+00 +4.9663e+00 +4.9987e+00 +4.9624e+00 +4.9870e+00 -4.9955e+00
2451 0 +6.633017258e-01 -8.546698274e+00 -8.546698274e+00 +4.9509e+00 +4.9992e+00 +4.9539e+00 +4.9761e+00 -4.9436e+00 +4.9963e+00 +4.9730e+00 +4.9931e+00 +5.0000e+00 -4.9852e+00
% f evaluations | g evaluations | best noise-free fitness - Fopt (6.559900000000e+02) + sum g_i+ | measured fitness | best measured fitness or single-digit g-values | x1 | x2...
1 0 +2.067556264e+02 +8.627456264e+02 +8.627456264e+02 +5.9671e-01 -3.8264e-02 +7.4769e-01 +1.6230e+00 -1.3415e-01 -1.3414e-01 +1.6792e+00 +8.6743e-01 -3.6947e-01 +6.4256e-01
2 0 +1.764332976e+02 +8.324232976e+02 +8.324232976e+02 -3.6342e-01 -3.6573e-01 +3.4196e-01 -1.8133e+00 -1.6249e+00 -4.6229e-01 -9.1283e-01 +4.1425e-01 -8.0802e-01 -1.3123e+00
5 0 +1.763970590e+02 +8.323870590e+02 +8.323870590e+02 +8.3847e-01 +2.7137e-01 -1.5648e-02 -2.0110e-01 -1.3785e+00 -6.1984e-01 -3.6064e-01 +1.1571e+00 +4.4362e-01 -1.6630e+00
51 0 +1.211116404e+02 +7.771016404e+02 +7.771016404e+02 +1.5511e+00 -5.4562e-01 +1.6745e-01 -7.5490e-01 -1.4461e+00 +6.2423e-01 -8.8801e-01 +2.5786e+00 -1.7783e+00 -4.7756e+00
101 0 +8.139200182e+01 +7.373820018e+02 +7.373820018e+02 -1.0805e+00 -3.3291e+00 +3.0777e+00 +3.7488e+00 -4.9352e+00 -1.3406e+00 -2.2996e-01 +3.5305e+00 -4.7692e+00 -3.9085e+00
151 0 +6.113771821e+01 +7.171277182e+02 +7.171277182e+02 +3.2909e+00 -5.0000e+00 -5.0000e+00 +2.6386e+00 -5.0000e+00 +3.1575e+00 +3.9142e-01 +5.0000e+00 -5.0000e+00 -5.0000e+00
251 0 +2.282732808e+01 +6.788173281e+02 +6.788173281e+02 +2.4017e+00 -5.0000e+00 -5.0000e+00 -2.9868e+00 -4.5663e+00 -4.4949e+00 -5.0000e+00 +5.0000e+00 -5.0000e+00 -5.0000e+00
851 0 +1.581007446e+01 +6.718000745e+02 +6.718000745e+02 +1.8638e+00 -3.8633e+00 -3.0833e+00 +4.9725e+00 -4.8156e+00 -4.9880e+00 -4.1024e+00 +4.8105e+00 -4.8392e+00 -4.9154e+00
901 0 +1.437466625e+01 +6.703646662e+02 +6.703646662e+02 +1.3610e+00 -4.3693e+00 -4.1847e+00 +4.6402e+00 -4.9188e+00 -4.7411e+00 -4.7394e+00 +4.5828e+00 -4.8197e+00 -4.8477e+00
1101 0 +9.764808565e+00 +6.657548086e+02 +6.657548086e+02 +2.3178e+00 -4.4349e+00 -4.3690e+00 +4.7697e+00 -4.9405e+00 -4.9925e+00 -4.9141e+00 +4.7988e+00 -4.8128e+00 -4.8443e+00
1251 0 +9.578172530e+00 +6.655681725e+02 +6.655681725e+02 +2.7959e+00 -4.7343e+00 -4.2823e+00 +4.6642e+00 -4.8792e+00 -4.5677e+00 -4.9150e+00 +4.8034e+00 -4.9874e+00 -4.8451e+00
1351 0 +8.830505000e+00 +6.648205050e+02 +6.648205050e+02 +4.0998e+00 -4.9017e+00 -4.5979e+00 +4.6083e+00 -4.7434e+00 -4.8699e+00 -4.5488e+00 +4.7078e+00 -4.9954e+00 -4.8774e+00
1401 0 +8.133631302e+00 +6.641236313e+02 +6.641236313e+02 +4.1527e+00 -4.5535e+00 -4.5121e+00 +4.4869e+00 -4.2006e+00 -4.9278e+00 -4.8601e+00 +4.9024e+00 -4.9267e+00 -4.9496e+00
1451 0 +7.073199644e+00 +6.630631996e+02 +6.630631996e+02 +4.3562e+00 -4.8095e+00 -4.8633e+00 +4.6894e+00 -4.3535e+00 -4.9306e+00 -4.9983e+00 +4.9384e+00 -4.9422e+00 -4.7587e+00
1551 0 +4.134988529e+00 +6.601249885e+02 +6.601249885e+02 +4.1114e+00 -4.8750e+00 -4.9174e+00 +4.7751e+00 -4.8453e+00 -4.7801e+00 -4.9971e+00 +4.9276e+00 -4.9220e+00 -4.9810e+00
1751 0 +3.023097994e+00 +6.590130980e+02 +6.590130980e+02 +4.4641e+00 -4.7867e+00 -4.8492e+00 +4.8655e+00 -4.9480e+00 -4.9421e+00 -4.9519e+00 +4.8780e+00 -4.9769e+00 -4.9816e+00
1851 0 +2.001693702e+00 +6.579916937e+02 +6.579916937e+02 +4.4139e+00 -4.8054e+00 -4.9416e+00 +4.9061e+00 -4.9178e+00 -4.9973e+00 -4.9268e+00 +4.9832e+00 -4.9938e+00 -4.9862e+00
2051 0 +1.408413432e+00 +6.573984134e+02 +6.573984134e+02 +4.7770e+00 -4.8698e+00 -4.9949e+00 +4.9372e+00 -4.9993e+00 -4.9999e+00 -4.9709e+00 +4.9245e+00 -4.9770e+00 -4.9895e+00
2251 0 +1.205494935e+00 +6.571954949e+02 +6.571954949e+02 +4.9188e+00 -4.8412e+00 -4.8467e+00 +4.9170e+00 -4.9586e+00 -4.9963e+00 -4.9794e+00 +4.9879e+00 -4.9989e+00 -4.9820e+00
2301 0 +1.022760558e+00 +6.570127606e+02 +6.570127606e+02 +4.8924e+00 -4.8551e+00 -4.9106e+00 +4.9622e+00 -4.9621e+00 -4.9730e+00 -4.9841e+00 +4.9917e+00 -4.9996e+00 -4.9831e+00
2351 0 +9.311625629e-01 +6.569211626e+02 +6.569211626e+02 +4.8923e+00 -4.9469e+00 -4.9670e+00 +4.9923e+00 -4.9714e+00 -4.9426e+00 -4.9603e+00 +4.9915e+00 -4.9998e+00 -4.9839e+00
2401 0 +7.510567470e-01 +6.567410567e+02 +6.567410567e+02 +4.9741e+00 -4.8975e+00 -4.9505e+00 +4.9380e+00 -4.9676e+00 -4.9870e+00 -4.9906e+00 +4.9902e+00 -4.9924e+00 -4.9921e+00
% f evaluations | g evaluations | best noise-free fitness - Fopt (6.671000000000e+01) + sum g_i+ | measured fitness | best measured fitness or single-digit g-values | x1 | x2...
1 0 +2.250348623e+02 +2.917448623e+02 +2.917448623e+02 +5.9671e-01 -3.8264e-02 +7.4769e-01 +1.6230e+00 -1.3415e-01 -1.3414e-01 +1.6792e+00 +8.6743e-01 -3.6947e-01 +6.4256e-01
2 0 +1.965083817e+02 +2.632183817e+02 +2.632183817e+02 -3.6342e-01 -3.6573e-01 +3.4196e-01 -1.8133e+00 -1.6249e+00 -4.6229e-01 -9.1283e-01 +4.1425e-01 -8.0802e-01 -1.3123e+00
5 0 +1.895331817e+02 +2.562431817e+02 +2.562431817e+02 +8.3847e-01 +2.7137e-01 -1.5648e-02 -2.0110e-01 -1.3785e+00 -6.1984e-01 -3.6064e-01 +1.1571e+00 +4.4362e-01 -1.6630e+00
8 0 +1.724355828e+02 +2.391455828e+02 +2.391455828e+02 +4.6140e-01 +1.6380e+00 +6.4174e-02 +1.6646e+00 -2.5197e+00 +9.2190e-01 +1.8705e-01 -1.9901e-01 +1.9176e-01 -1.8876e+00
14 0 +1.691797546e+02 +2.358897546e+02 +2.358897546e+02 -1.4507e+00 +1.6856e-01 -9.6230e-01 +5.7359e-01 -8.1942e-01 +1.6499e+00 -6.8325e-01 -2.2206e-01 +9.1352e-01 -1.1309e+00
51 0 +1.301620150e+02 +1.968720150e+02 +1.968720150e+02 +6.5585e-01 +1.3240e+00 -7.6064e-01 +2.9338e+00 -2.5948e-01 +2.5784e+00 -1.0425e+00 -1.4885e+00 +2.5438e+00 -2.5516e+00
101 0 +7.988204514e+01 +1.465920451e+02 +1.465920451e+02 +3.8573e-01 +4.7386e+00 -3.5461e+00 +3.6111e+00 -3.4339e+00 +3.8248e+00 -4.3682e+00 -2.6204e-01 +2.8816e+00 -4.9818e+00
102 0 +7.799102187e+01 +1.447010219e+02 +1.447010219e+02 +9.3821e-01 +1.1667e+00 -1.5996e-01 +2.7757e+00 -9.3314e-01 +4.7657e+00 -2.8060e+00 -1.4414e+00 +4.3586e+00 -4.7418e+00
151 0 +7.552828133e+01 +1.422382813e+02 +1.422382813e+02 -1.8683e+00 +2.5270e+00 +1.9971e-01 +3.3899e+00 -2.2311e+00 +3.5149e+00 -4.0531e+00 -5.4562e-01 +4.5641e+00 -4.6982e+00
251 0 +6.524169433e+01 +1.319516943e+02 +1.319516943e+02 +2.2613e+00 -4.8412e+00 -1.2083e+00 +4.3942e+00 +5.8203e-01 +3.5506e+00 -2.2755e+00 -4.3397e+00 +4.4919e+00 -4.1134e+00
401 0 +5.350640908e+01 +1.202164091e+02 +1.202164091e+02 -4.5961e+00 -2.9209e-01 -4.5758e-01 +1.2444e+00 -3.7449e+00 +3.9660e+00 -3.9023e+00 -3.5276e+00 +4.1251e+00 -4.6551e+00
451 0 +4.511425044e+01 +1.118242504e+02 +1.118242504e+02 -2.3190e-01 -1.6034e+00 -3.6141e+00 +1.3935e+00 -2.9763e+00 +4.8964e+00 -3.2041e+00 -4.8836e+00 +4.2270e+00 -4.5144e+00
501 0 +2.465900454e+01 +9.136900454e+01 +9.136900454e+01 -1.9840e+00 +3.0550e+00 -2.3337e+00 +4.7063e+00 -4.9515e+00 +4.3417e+00 -4.9896e+00 -4.8987e+00 +4.6163e+00 -4.9968e+00
651 0 +2.408912019e+01 +9.079912019e+01 +9.079912019e+01 -1.7355e+00 -4.1791e+00 -3.3445e+00 +3.0124e+00 -4.5909e+00 +4.4967e+00 -3.5574e+00 -4.5245e+00 +4.9879e+00 -4.9866e+00
851 0 +2.127723477e+01 +8.798723477e+01 +8.798723477e+01 -3.3120e+00 -4.3162e+00 -2.2467e+00 +3.7381e+00 -4.8520e+00 +3.9477e+00 -4.9111e+00 -4.8895e+00 +4.7705e+00 -4.5651e+00
951 0 +1.740068113e+01 +8.411068113e+01 +8.411068113e+01 -2.8461e+00 -4.0101e+00 -3.2695e+00 +4.3685e+00 -4.9686e+00 +4.0742e+00 -4.3763e+00 -4.8641e+00 +4.7903e+00 -4.9027e+00
1001 0 +1.473564287e+01 +8.144564287e+01 +8.144564287e+01 -4.4465e+00 -4.6849e+00 -4.4344e+00 +4.5702e+00 -4.2964e+00 +4.9787e+00 -4.2713e+00 -4.4844e+00 +4.9189e+00 -4.7230e+00
1151 0 +1.025834176e+01 +7.696834176e+01 +7.696834176e+01 -3.6066e+00 -3.8947e+00 -3.5976e+00 +4.7505e+00 -4.7769e+00 +4.6153e+00 -4.5670e+00 -4.9833e+00 +4.9920e+00 -4.9615e+00
1351 0 +8.124490852e+00 +7.483449085e+01 +7.483449085e+01 -4.1771e+00 -4.2119e+00 -4.5816e+00 +4.8306e+00 -4.5230e+00 +4.6690e+00 -4.7956e+00 -4.9394e+00 +4.8378e+00 -4.9864e+00
1401 0 +7.793971860e+00 +7.450397186e+01 +7.450397186e+01 -4.3336e+00 -4.8985e+00 -4.3479e+00 +4.9469e+00 -4.6085e+00 +4.9693e+00 -4.9262e+00 -4.9888e+00 +4.7664e+00 -4.7623e+00
1451 0 +6.399774345e+00 +7.310977434e+01 +7.310977434e+01 -4.0669e+00 -4.5851e+00 -4.6740e+00 +4.8441e+00 -4.4050e+00 +4.9173e+00 -4.9328e+00 -4.9694e+00 +4.8353e+00 -4.9673e+00
1501 0 +6.199441903e+00 +7.290944190e+01 +7.290944190e+01 -4.3246e+00 -4.6795e+00 -4.3868e+00 +4.4952e+00 -4.5913e+00 +4.9522e+00 -4.9777e+00 -4.9588e+00 +4.8412e+00 -4.9889e+00
1551 0 +5.030301529e+00 +7.174030153e+01 +7.174030153e+01 -3.9956e+00 -4.8330e+00 -4.7503e+00 +4.8114e+00 -4.7312e+00 +4.9953e+00 -4.9489e+00 -4.8543e+00 +4.9446e+00 -4.9317e+00
1601 0 +4.446554695e+00 +7.115655469e+01 +7.115655469e+01 -4.8861e+00 -4.8132e+00 -4.8484e+00 +4.8099e+00 -4.9292e+00 +4.9266e+00 -4.9618e+00 -4.9377e+00 +4.8791e+00 -4.8518e+00
1651 0 +4.312929946e+00 +7.102292995e+01 +7.102292995e+01 -4.6424e+00 -4.8264e+00 -4.7699e+00 +4.9855e+00 -4.8959e+00 +4.9702e+00 -4.8997e+00 -4.8644e+00 +4.8958e+00 -4.9166e+00
1701 0 +3.351983111e+00 +7.006198311e+01 +7.006198311e+01 -4.2550e+00 -4.9500e+00 -4.9760e+00 +4.8930e+00 -4.8072e+00 +4.9290e+00 -4.9835e+00 -4.8827e+00 +4.9156e+00 -4.9953e+00
1751 0 +3.011055421e+00 +6.972105542e+01 +6.972105542e+01 -4.8161e+00 -4.9448e+00 -4.8193e+00 +4.7186e+00 -4.7853e+00 +4.8726e+00 -4.9201e+00 -4.9703e+00 +4.9745e+00 -4.9953e+00
1801 0 +2.753283914e+00 +6.946328391e+01 +6.946328391e+01 -4.5532e+00 -4.8544e+00 -4.9954e+00 +4.9119e+00 -4.8907e+00 +4.8733e+00 -4.9942e+00 -4.9017e+00 +4.9992e+00 -4.9461e+00
1851 0 +2.376982662e+00 +6.908698266e+01 +6.908698266e+01 -4.3431e+00 -4.9894e+00 -4.9272e+00 +4.8580e+00 -4.8434e+00 +4.9432e+00 -4.9695e+00 -4.9574e+00 +4.9904e+00 -4.9832e+00
1901 0 +2.281867490e+00 +6.899186749e+01 +6.899186749e+01 -4.6456e+00 -4.8485e+00 -4.9817e+00 +4.9310e+00 -4.8747e+00 +4.9790e+00 -4.9978e+00 -4.9192e+00 +4.9579e+00 -4.9692e+00
1951 0 +2.168624259e+00 +6.887862426e+01 +6.887862426e+01 -4.8210e+00 -4.8919e+00 -4.9509e+00 +4.7771e+00 -4.9495e+00 +4.9502e+00 -4.9542e+00 -4.9738e+00 +4.9588e+00 -4.9720e+00
2001 0 +1.455764153e+00 +6.816576415e+01 +6.816576415e+01 -4.9223e+00 -4.9995e+00 -4.9866e+00 +4.7353e+00 -4.9441e+00 +4.9954e+00 -4.9694e+00 -4.9598e+00 +4.9823e+00 -4.9907e+00
2201 0 +1.303370647e+00 +6.801337065e+01 +6.801337065e+01 -4.8524e+00 -4.9125e+00 -4.9224e+00 +4.9581e+00 -4.9861e+00 +4.9908e+00 -4.9587e+00 -4.9705e+00 +4.9844e+00 -4.9738e+00
2251 0 +1.057848621e+00 +6.776784862e+01 +6.776784862e+01 -4.7570e+00 -4.9321e+00 -4.9563e+00 +4.9558e+00 -4.9308e+00 +4.9743e+00 -4.9887e+00 -4.9903e+00 +4.9844e+00 -4.9957e+00
2351 0 +9.006382249e-01 +6.761063822e+01 +6.761063822e+01 -4.9121e+00 -4.9763e+00 -4.9902e+00 +4.9641e+00 -4.9473e+00 +4.9815e+00 -4.9444e+00 -4.9791e+00 +4.9913e+00 -4.9975e+00
2451 0 +8.448728939e-01 +6.755487289e+01 +6.755487289e+01 -4.9809e+00 -4.9661e+00 -4.9656e+00 +4.9607e+00 -4.9793e+00 +4.9585e+00 -4.9707e+00 -4.9944e+00 +4.9662e+00 -4.9998e+00
% f evaluations | g evaluations | best noise-free fitness - Fopt (9.416700000000e+02) + sum g_i+ | measured fitness | best measured fitness or single-digit g-values | x1 | x2...
1 0 +2.215762965e+02 +1.163246297e+03 +1.163246297e+03 +5.9671e-01 -3.8264e-02 +7.4769e-01 +1.6230e+00 -1.3415e-01 -1.3414e-01 +1.6792e+00 +8.6743e-01 -3.6947e-01 +6.4256e-01
2 0 +1.920447763e+02 +1.133714776e+03 +1.133714776e+03 -3.6342e-01 -3.6573e-01 +3.4196e-01 -1.8133e+00 -1.6249e+00 -4.6229e-01 -9.1283e-01 +4.1425e-01 -8.0802e-01 -1.3123e+00
5 0 +1.851301783e+02 +1.126800178e+03 +1.126800178e+03 +8.3847e-01 +2.7137e-01 -1.5648e-02 -2.0110e-01 -1.3785e+00 -6.1984e-01 -3.6064e-01 +1.1571e+00 +4.4362e-01 -1.6630e+00
8 0 +1.788477772e+02 +1.120517777e+03 +1.120517777e+03 +4.6140e-01 +1.6380e+00 +6.4174e-02 +1.6646e+00 -2.5197e+00 +9.2190e-01 +1.8705e-01 -1.9901e-01 +1.9176e-01 -1.8876e+00
51 0 +1.366032416e+02 +1.078273242e+03 +1.078273242e+03 +2.4942e+00 -1.6243e+00 +4.9659e-01 +3.1199e-02 -2.1343e+00 -9.0313e-01 -1.9012e+00 -1.2802e+00 +1.3755e+00 -3.0911e+00
101 0 +9.649328582e+01 +1.038163286e+03 +1.038163286e+03 +4.8679e+00 -3.3736e+00 +2.5498e+00 +1.6920e+00 -4.5980e+00 -1.0671e+00 -1.4700e+00 -4.2710e+00 +5.1363e-01 -4.7433e+00
102 0 +9.229844939e+01 +1.033968449e+03 +1.033968449e+03 -2.6903e+00 -1.4802e+00 -1.3162e+00 +2.5461e+00 -2.4031e+00 +2.6274e+00 -4.1210e+00 -3.5747e+00 +4.0340e+00 -3.5122e+00
103 0 +9.206581767e+01 +1.033735818e+03 +1.033735818e+03 +3.2799e+00 +2.7791e+00 -3.1037e-01 -5.0097e-01 -3.9129e+00 -1.6454e+00 -2.0066e+00 -3.1296e+00 +3.8632e+00 -4.5961e+00
104 0 +9.196225249e+01 +1.033632252e+03 +1.033632252e+03 -4.5216e-01 +1.4869e+00 +1.4739e+00 +2.0935e+00 -4.0911e-01 -4.4302e+00 -2.5611e+00 -3.9812e+00 +2.0207e+00 -3.8425e+00
151 0 +5.879185562e+01 +1.000461856e+03 +1.000461856e+03 +4.6963e-02 +2.4018e-01 +2.4963e+00 +2.0580e+00 -4.5184e+00 -2.9254e+00 -4.9602e+00 -3.2112e+00 +3.6316e+00 -4.3838e+00
351 0 +5.557219206e+01 +9.972421921e+02 +9.972421921e+02 -1.0509e+00 -2.0262e+00 +4.4729e+00 +1.7618e+00 -1.6230e+00 -4.2286e+00 -4.0322e+00 -3.0451e+00 +3.7473e+00 -4.8153e+00
401 0 +4.637152800e+01 +9.880415280e+02 +9.880415280e+02 +7.1300e-01 -1.7596e+00 +2.6988e+00 -1.8352e-01 -3.9192e+00 -4.2591e+00 -4.7015e+00 -4.2233e+00 +4.6239e+00 -4.3156e+00
451 0 +4.016394678e+01 +9.818339468e+02 +9.818339468e+02 -2.8195e+00 -3.8979e+00 +4.1748e+00 +3.5769e+00 -2.5778e+00 -4.4371e+00 -3.9142e+00 -3.6688e+00 +3.8586e+00 -4.8503e+00
551 0 +3.733547668e+01 +9.790054767e+02 +9.790054767e+02 -1.5817e+00 -4.3522e-01 +2.1473e-01 +2.1683e+00 -4.9236e+00 -4.8672e+00 -4.1862e+00 -4.1883e+00 +4.6243e+00 -4.8304e+00
601 0 +2.709446114e+01 +9.687644611e+02 +9.687644611e+02 -4.4865e+00 -1.0622e+00 +4.7959e+00 +1.8507e+00 -4.2673e+00 -4.0753e+00 -4.2999e+00 -4.3865e+00 +4.9307e+00 -4.8456e+00
851 0 +2.441862655e+01 +9.660886266e+02 +9.660886266e+02 -4.1995e+00 -1.8792e+00 +3.3994e+00 +3.9775e+00 -4.0504e+00 -3.7071e+00 -4.9893e+00 -4.0422e+00 +4.8202e+00 -4.9758e+00
951 0 +1.760391359e+01 +9.592739136e+02 +9.592739136e+02 -4.2047e+00 -2.8573e+00 +3.9689e+00 +4.0732e+00 -4.4392e+00 -3.9221e+00 -4.9940e+00 -4.5946e+00 +4.6909e+00 -4.9961e+00
1051 0 +1.612664415e+01 +9.577966442e+02 +9.577966442e+02 -4.6885e+00 -3.6087e+00 +4.4547e+00 +4.1245e+00 -3.7468e+00 -4.9566e+00 -4.6479e+00 -4.2680e+00 +4.9817e+00 -4.8584e+00
1101 0 +1.540986878e+01 +9.570798688e+02 +9.570798688e+02 -4.6998e+00 -3.3958e+00 +3.8530e+00 +4.6603e+00 -4.5108e+00 -4.8288e+00 -4.6686e+00 -4.8430e+00 +4.9322e+00 -4.4588e+00
1151 0 +7.088023406e+00 +9.487580234e+02 +9.487580234e+02 -3.8583e+00 -4.1501e+00 +4.4497e+00 +4.8169e+00 -4.6515e+00 -4.8571e+00 -4.9704e+00 -4.9581e+00 +4.9637e+00 -4.8617e+00
1301 0 +6.973736053e+00 +9.486437361e+02 +9.486437361e+02 -4.1912e+00 -4.6808e+00 +4.2907e+00 +4.9193e+00 -4.9777e+00 -4.8742e+00 -4.9434e+00 -4.9713e+00 +4.9342e+00 -4.7062e+00
1401 0 +5.962456845e+00 +9.476324568e+02 +9.476324568e+02 -4.1924e+00 -4.4280e+00 +4.7523e+00 +4.6538e+00 -4.9725e+00 -4.9785e+00 -4.9455e+00 -4.5680e+00 +4.9760e+00 -4.9926e+00
1451 0 +5.530388857e+00 +9.472003889e+02 +9.472003889e+02 -4.2686e+00 -3.8388e+00 +4.8889e+00 +4.4351e+00 -4.7962e+00 -4.8370e+00 -4.9980e+00 -4.9399e+00 +4.9570e+00 -4.9960e+00
1701 0 +5.134430879e+00 +9.468044309e+02 +9.468044309e+02 -4.6245e+00 -4.6565e+00 +4.8602e+00 +4.4174e+00 -4.9927e+00 -4.9000e+00 -4.9796e+00 -4.9226e+00 +4.7640e+00 -4.9939e+00
1751 0 +4.575641602e+00 +9.462456416e+02 +9.462456416e+02 -4.9027e+00 -4.9720e+00 +4.6437e+00 +4.3032e+00 -4.8211e+00 -4.8996e+00 -4.9705e+00 -4.9609e+00 +4.8946e+00 -4.9699e+00
1801 0 +4.203864346e+00 +9.458738643e+02 +9.458738643e+02 -4.8203e+00 -4.4568e+00 +4.9952e+00 +4.4442e+00 -4.9060e+00 -4.7922e+00 -4.9682e+00 -4.9305e+00 +4.9706e+00 -4.9683e+00
1851 0 +3.435517793e+00 +9.451055178e+02 +9.451055178e+02 -4.8523e+00 -4.7469e+00 +4.8585e+00 +4.9776e+00 -4.9008e+00 -4.8249e+00 -4.9901e+00 -4.9263e+00 +4.9465e+00 -4.9131e+00
1951 0 +2.676484371e+00 +9.443464844e+02 +9.443464844e+02 -4.8814e+00 -4.8868e+00 +4.9015e+00 +4.6987e+00 -4.8458e+00 -4.8482e+00 -4.9778e+00 -4.9997e+00 +4.9586e+00 -4.9801e+00
2001 0 +2.407585592e+00 +9.440775856e+02 +9.440775856e+02 -4.9168e+00 -4.9763e+00 +4.8795e+00 +4.9714e+00 -4.8871e+00 -4.9994e+00 -4.9799e+00 -4.9911e+00 +4.8955e+00 -4.9241e+00
2051 0 +2.274037666e+00 +9.439440377e+02 +9.439440377e+02 -4.9311e+00 -4.8901e+00 +4.8196e+00 +4.9909e+00 -4.9281e+00 -4.8942e+00 -4.9348e+00 -4.9760e+00 +4.9419e+00 -4.9734e+00
2101 0 +1.703625487e+00 +9.433736255e+02 +9.433736255e+02 -4.9263e+00 -4.9285e+00 +4.9399e+00 +4.9985e+00 -4.8692e+00 -4.9291e+00 -4.9936e+00 -4.9928e+00 +4.9559e+00 -4.9599e+00
2301 0 +1.489320695e+00 +9.431593207e+02 +9.431593207e+02 -4.8688e+00 -4.9284e+00 +4.9717e+00 +4.9506e+00 -4.8787e+00 -4.9895e+00 -4.9855e+00 -4.9712e+00 +4.9770e+00 -4.9681e+00
2351 0 +9.504708384e-01 +9.426204708e+02 +9.426204708e+02 -4.9594e+00 -4.9481e+00 +4.9638e+00 +4.9354e+00 -4.9319e+00 -4.9787e+00 -4.9824e+00 -4.9670e+00 +4.9881e+00 -4.9995e+00
2451 0 +8.965754271e-01 +9.425665754e+02 +9.425665754e+02 -4.9918e+00 -4.8696e+00 +4.9506e+00 +4.9647e+00 -4.9996e+00 -4.9988e+00 -4.9834e+00 -4.9962e+00 +4.9803e+00 -4.9696e+00
% f evaluations | g evaluations | best noise-free fitness - Fopt (-3.745000000000e+01) + sum g_i+ | measured fitness | best measured fitness or single-digit g-values | x1 | x2...
1 0 +1.999996271e+02 +1.625496271e+02 +1.625496271e+02 +5.9671e-01 -3.8264e-02 +7.4769e-01 +1.6230e+00 -1.3415e-01 -1.3414e-01 +1.6792e+00 +8.6743e-01 -3.6947e-01 +6.4256e-01
6 0 +1.943105945e+02 +1.568605945e+02 +1.568605945e+02 +4.2408e-01 -2.8508e-01 -5.7692e-01 +7.1168e-01 +1.1310e+00 +1.0313e+00 -7.3922e-01 -2.0921e-01 +4.3126e-01 +1.0755e+00
11 0 +1.923900652e+02 +1.549400652e+02 +1.549400652e+02 -1.3154e+00 -3.2065e-01 -2.4271e-01 -7.0228e-01 -6.1286e-02 +5.0405e-01 +1.9862e+00 +2.7458e-01 +3.5755e-01 +2.5554e-02
12 0 +1.847748086e+02 +1.473248086e+02 +1.473248086e+02 -1.8188e+00 +7.3486e-02 +1.6023e-01 +2.5632e+00 -9.2361e-02 +4.0155e-01 +6.5288e-02 -1.0687e+00 +1.2428e+00 +8.5193e-01
21 0 +1.595399496e+02 +1.220899496e+02 +1.220899496e+02 +4.5779e-01 +6.6078e-01 +1.1831e+00 +1.1538e+00 -1.2777e+00 -8.3783e-01 +6.1504e-01 +6.1379e-01 +6.1505e-01 +3.9527e+00
51 0 +1.312712581e+02 +9.382125812e+01 +9.382125812e+01 -7.1579e-01 +3.1172e+00 +3.7573e+00 -1.1125e+00 -1.8375e+00 +1.8609e+00 +3.8017e+00 -2.3095e+00 +6.8244e-01 +1.2526e+00
101 0 +8.067209384e+01 +4.322209384e+01 +4.322209384e+01 +3.0978e+00 +3.3980e+00 +4.6791e+00 +6.2592e-02 -3.0670e+00 +3.7541e+00 +4.5784e+00 -1.1921e-01 +3.2945e+00 +3.9020e+00
151 0 +4.872523314e+01 +1.127523314e+01 +1.127523314e+01 +4.2397e+00 +3.3502e+00 +4.3998e+00 -3.2890e+00 -1.0512e+00 -4.4288e-01 +4.7153e+00 -4.6523e+00 +4.6765e+00 +4.5312e+00
351 0 +4.580210113e+01 +8.352101133e+00 +8.352101133e+00 -1.7042e-01 +2.0769e+00 +4.1578e+00 -3.6732e+00 +7.2964e-01 +3.6230e+00 +4.4627e+00 -4.6233e+00 +4.8255e+00 +4.4402e+00
401 0 +4.102986642e+01 +3.579866415e+00 +3.579866415e+00 +4.1831e+00 +2.9870e+00 +3.2014e+00 -1.7687e+00 -4.1388e+00 +4.9347e+00 +2.7887e+00 -4.7431e+00 +3.6883e+00 +4.6940e+00
501 0 +3.977582557e+01 +2.325825569e+00 +2.325825569e+00 +3.5680e+00 +3.2054e+00 +3.5563e+00 -2.1016e+00 -3.1794e+00 +4.8042e+00 +4.7312e+00 -4.8713e+00 +3.5543e+00 +4.1609e+00
551 0 +3.411277441e+01 -3.337225586e+00 -3.337225586e+00 +4.0459e+00 +3.5726e+00 +2.7088e+00 -4.1973e+00 -3.6187e+00 +3.9009e+00 +2.7644e+00 -4.3456e+00 +4.5745e+00 +4.9624e+00
601 0 +2.742484723e+01 -1.002515277e+01 -1.002515277e+01 +2.0008e+00 +3.5952e+00 +1.9296e+00 -4.0525e+00 -4.8444e+00 +4.9390e+00 +4.2641e+00 -4.1103e+00 +4.6571e+00 +4.6608e+00
701 0 +2.335095405e+01 -1.409904595e+01 -1.409904595e+01 +4.0067e+00 +3.8184e+00 +3.7724e+00 -2.5561e+00 -4.9749e+00 +3.9704e+00 +4.8883e+00 -4.9772e+00 +4.4097e+00 +4.5477e+00
801 0 +1.811979446e+01 -1.933020554e+01 -1.933020554e+01 +1.7295e+00 +3.9975e+00 +3.4029e+00 -4.0927e+00 -4.8201e+00 +3.6125e+00 +4.9098e+00 -4.9529e+00 +4.8265e+00 +4.8595e+00
951 0 +1.747239306e+01 -1.997760694e+01 -1.997760694e+01 +3.5753e+00 +3.7791e+00 +3.4993e+00 -3.8284e+00 -4.9552e+00 +4.1441e+00 +4.6672e+00 -4.4886e+00 +4.8584e+00 +4.9464e+00
953 0 +1.362458776e+01 -2.382541224e+01 -2.382541224e+01 +4.2841e+00 +4.8987e+00 +3.8699e+00 -4.4290e+00 -4.6113e+00 +4.3294e+00 +4.9665e+00 -4.5022e+00 +4.6980e+00 +4.9307e+00
1051 0 +1.309752612e+01 -2.435247388e+01 -2.435247388e+01 +3.5595e+00 +3.9211e+00 +4.0502e+00 -4.8474e+00 -4.7472e+00 +4.0050e+00 +4.6251e+00 -4.7839e+00 +4.8697e+00 +4.9973e+00
1101 0 +1.139787356e+01 -2.605212644e+01 -2.605212644e+01 +4.4106e+00 +4.1778e+00 +4.4808e+00 -4.8840e+00 -4.7279e+00 +4.7774e+00 +4.8918e+00 -4.3812e+00 +4.7270e+00 +4.9252e+00
1151 0 +8.808127978e+00 -2.864187202e+01 -2.864187202e+01 +4.9112e+00 +4.0162e+00 +4.4127e+00 -4.1502e+00 -4.8275e+00 +4.7331e+00 +4.9439e+00 -4.8942e+00 +4.7641e+00 +4.9522e+00
1202 0 +8.646022508e+00 -2.880397749e+01 -2.880397749e+01 +3.9437e+00 +4.6672e+00 +4.3600e+00 -4.5721e+00 -4.6160e+00 +4.9777e+00 +4.3843e+00 -4.9842e+00 +4.8628e+00 +4.9993e+00
1251 0 +7.773791304e+00 -2.967620870e+01 -2.967620870e+01 +4.3793e+00 +4.9401e+00 +4.7633e+00 -4.6921e+00 -4.6596e+00 +4.9459e+00 +4.8274e+00 -4.9819e+00 +4.9262e+00 +4.6606e+00
1301 0 +7.643394820e+00 -2.980660518e+01 -2.980660518e+01 +4.2706e+00 +4.6936e+00 +4.6584e+00 -4.9324e+00 -4.7846e+00 +4.8971e+00 +4.9124e+00 -4.8119e+00 +4.8784e+00 +4.7642e+00
1351 0 +6.446012657e+00 -3.100398734e+01 -3.100398734e+01 +4.5711e+00 +4.5959e+00 +4.6056e+00 -4.8160e+00 -4.8079e+00 +4.8581e+00 +4.9319e+00 -4.8842e+00 +4.8231e+00 +4.8983e+00
1401 0 +5.189608163e+00 -3.226039184e+01 -3.226039184e+01 +4.2088e+00 +4.5158e+00 +4.8341e+00 -4.9675e+00 -4.9968e+00 +4.9980e+00 +4.8416e+00 -4.8762e+00 +4.7807e+00 +4.9765e+00
1501 0 +4.884508793e+00 -3.256549121e+01 -3.256549121e+01 +4.5256e+00 +4.6746e+00 +4.6232e+00 -4.5843e+00 -4.9138e+00 +4.8835e+00 +4.9806e+00 -4.8767e+00 +4.9057e+00 +4.9753e+00
1502 0 +4.861865421e+00 -3.258813458e+01 -3.258813458e+01 +4.8866e+00 +4.7372e+00 +4.9022e+00 -4.8587e+00 -4.9600e+00 +4.8925e+00 +4.8725e+00 -4.9736e+00 +4.7872e+00 +4.8953e+00
1601 0 +3.472410307e+00 -3.397758969e+01 -3.397758969e+01 +4.7480e+00 +4.8799e+00 +4.8906e+00 -4.9839e+00 -4.8186e+00 +4.9919e+00 +4.7557e+00 -4.9438e+00 +4.9612e+00 +4.9457e+00
1701 0 +2.543957057e+00 -3.490604294e+01 -3.490604294e+01 +4.7353e+00 +4.8170e+00 +4.9848e+00 -4.9354e+00 -4.9438e+00 +4.9755e+00 +4.9022e+00 -4.9273e+00 +4.9936e+00 +4.9305e+00
1801 0 +2.411911256e+00 -3.503808874e+01 -3.503808874e+01 +4.9648e+00 +4.9449e+00 +4.9180e+00 -4.8882e+00 -4.9611e+00 +4.9932e+00 +4.9189e+00 -4.9614e+00 +4.9152e+00 +4.9470e+00
1851 0 +1.671594133e+00 -3.577840587e+01 -3.577840587e+01 +4.7588e+00 +4.9646e+00 +4.7176e+00 -4.9359e+00 -4.9834e+00 +4.9359e+00 +4.9566e+00 -4.9988e+00 +4.9764e+00 +4.9893e+00
1951 0 +1.664203388e+00 -3.578579661e+01 -3.578579661e+01 +4.8545e+00 +4.8108e+00 +4.9264e+00 -4.9849e+00 -4.9244e+00 +4.9822e+00 +4.9909e+00 -4.9524e+00 +4.9845e+00 +4.9603e+00
2101 0 +1.196517920e+00 -3.625348208e+01 -3.625348208e+01 +4.8312e+00 +4.9941e+00 +4.9585e+00 -4.9266e+00 -4.9257e+00 +4.9716e+00 +4.9666e+00 -4.9762e+00 +4.9985e+00 +4.9826e+00
2151 0 +9.606595130e-01 -3.648934049e+01 -3.648934049e+01 +4.8319e+00 +4.9466e+00 +4.9930e+00 -4.9335e+00 -4.9368e+00 +4.9765e+00 +4.9747e+00 -4.9832e+00 +4.9887e+00 +4.9998e+00
2301 0 +8.719990360e-01 -3.657800096e+01 -3.657800096e+01 +4.9857e+00 +4.9422e+00 +4.8932e+00 -4.9370e+00 -4.9631e+00 +4.9885e+00 +4.9720e+00 -4.9923e+00 +4.9888e+00 +4.9938e+00
2351 0 +8.071663378e-01 -3.664283366e+01 -3.664283366e+01 +4.9613e+00 +4.9245e+00 +4.9380e+00 -4.9660e+00 -4.9847e+00 +4.9807e+00 +4.9730e+00 -4.9990e+00 +4.9888e+00 +4.9836e+00
2401 0 +6.405122197e-01 -3.680948778e+01 -3.680948778e+01 +4.9623e+00 +4.9495e+00 +4.9697e+00 -4.9625e+00 -4.9785e+00 +4.9757e+00 +4.9948e+00 -4.9796e+00 +4.9892e+00 +4.9971e+00
2451 0 +5.992303005e-01 -3.685076970e+01 -3.685076970e+01 +4.9594e+00 +4.9246e+00 +4.9685e+00 -4.9601e+00 -4.9677e+00 +4.9813e+00 +4.9907e+00 -4.9957e+00 +4.9953e+00 +4.9940e+00
% f evaluations | g evaluations | best noise-free fitness - Fopt (-6.639000000000e+01) + sum g_i+ | measured fitness | best measured fitness or single-digit g-values | x1 | x2...
1 0 +2.095452719e+02 +1.431552719e+02 +1.431552719e+02 +5.9671e-01 -3.8264e-02 +7.4769e-01 +1.6230e+00 -1.3415e-01 -1.3414e-01 +1.6792e+00 +8.6743e-01 -3.6947e-01 +6.4256e-01
2 0 +2.059270714e+02 +1.395370714e+02 +1.395370714e+02 -3.6342e-01 -3.6573e-01 +3.4196e-01 -1.8133e+00 -1.6249e+00 -4.6229e-01 -9.1283e-01 +4.1425e-01 -8.0802e-01 -1.3123e+00
5 0 +1.921800842e+02 +1.257900842e+02 +1.257900842e+02 +8.3847e-01 +2.7137e-01 -1.5648e-02 -2.0110e-01 -1.3785e+00 -6.1984e-01 -3.6064e-01 +1.1571e+00 +4.4362e-01 -1.6630e+00
8 0 +1.664679805e+02 +1.000779805e+02 +1.000779805e+02 +4.6140e-01 +1.6380e+00 +6.4174e-02 +1.6646e+00 -2.5197e+00 +9.2190e-01 +1.8705e-01 -1.9901e-01 +1.9176e-01 -1.8876e+00
51 0 +1.173126837e+02 +5.092268371e+01 +5.092268371e+01 -4.1631e-01 +5.5854e-01 -2.0799e+00 +6.8290e-01 -1.3962e-02 +2.2195e-01 +1.6692e+00 -2.7648e+00 +3.8153e+00 -2.6258e+00
101 0 +7.288622930e+01 +6.496229298e+00 +6.496229298e+00 -1.2367e+00 -1.1046e-01 +1.7985e+00 +1.7900e+00 -3.0583e+00 +3.9846e+00 +3.6186e+00 -4.7860e+00 +2.8383e+00 -3.9218e+00
201 0 +2.789594776e+01 -3.849405224e+01 -3.849405224e+01 -4.2880e+00 +1.7385e+00 -5.0000e+00 +5.0000e+00 +9.3244e-02 +2.5515e+00 +5.0000e+00 -5.0000e+00 +5.0000e+00 -5.0000e+00
651 0 +2.734453781e+01 -3.904546219e+01 -3.904546219e+01 -2.9377e+00 +1.1838e+00 -3.5199e+00 +2.2850e+00 -3.0809e+00 +4.7444e+00 +4.4972e+00 -4.8184e+00 +4.8408e+00 -4.8879e+00
701 0 +2.095515511e+01 -4.543484489e+01 -4.543484489e+01 -2.5588e+00 +1.4462e+00 -3.2122e+00 +4.4583e+00 -3.8418e+00 +4.7971e+00 +4.6433e+00 -4.9205e+00 +4.7819e+00 -4.7998e+00
801 0 +1.951268043e+01 -4.687731957e+01 -4.687731957e+01 -3.9305e+00 +1.7751e+00 -4.8427e+00 +3.4671e+00 -4.1617e+00 +4.3934e+00 +4.7525e+00 -4.9054e+00 +4.6155e+00 -4.8493e+00
851 0 +1.794952741e+01 -4.844047259e+01 -4.844047259e+01 -1.8033e+00 +3.6061e+00 -4.7916e+00 +3.3881e+00 -3.2082e+00 +4.2572e+00 +4.9989e+00 -4.8202e+00 +4.9539e+00 -4.9962e+00
951 0 +1.431824796e+01 -5.207175204e+01 -5.207175204e+01 -3.7982e+00 +3.3271e+00 -3.4901e+00 +4.5657e+00 -4.2215e+00 +4.6733e+00 +4.7485e+00 -4.9809e+00 +4.7905e+00 -4.8743e+00
1101 0 +1.358773635e+01 -5.280226365e+01 -5.280226365e+01 -2.9579e+00 +4.2935e+00 -4.9671e+00 +3.9164e+00 -4.3478e+00 +4.6368e+00 +4.5471e+00 -4.9053e+00 +4.9911e+00 -4.7615e+00
1151 0 +9.703490820e+00 -5.668650918e+01 -5.668650918e+01 -4.1343e+00 +3.8028e+00 -4.9522e+00 +4.2371e+00 -4.0208e+00 +4.4531e+00 +4.8630e+00 -4.9674e+00 +4.9961e+00 -4.9984e+00
1201 0 +9.582322489e+00 -5.680767751e+01 -5.680767751e+01 -4.3152e+00 +4.5764e+00 -4.3120e+00 +4.3012e+00 -4.5205e+00 +4.3233e+00 +4.9464e+00 -4.9984e+00 +4.8060e+00 -4.9829e+00
1351 0 +7.917396638e+00 -5.847260336e+01 -5.847260336e+01 -4.1257e+00 +4.5141e+00 -4.6242e+00 +4.2503e+00 -4.9819e+00 +4.8439e+00 +4.7524e+00 -4.9164e+00 +4.8528e+00 -4.9228e+00
1401 0 +7.766772800e+00 -5.862322720e+01 -5.862322720e+01 -4.1984e+00 +4.8686e+00 -4.9659e+00 +4.3665e+00 -4.9079e+00 +4.6999e+00 +4.9514e+00 -4.8793e+00 +4.8177e+00 -4.8322e+00
1451 0 +6.206456758e+00 -6.018354324e+01 -6.018354324e+01 -4.1639e+00 +4.9745e+00 -4.8663e+00 +4.8056e+00 -4.7303e+00 +4.6779e+00 +4.9384e+00 -4.7623e+00 +4.8759e+00 -4.9884e+00
1501 0 +6.141258921e+00 -6.024874108e+01 -6.024874108e+01 -4.7073e+00 +4.4167e+00 -4.5353e+00 +4.4826e+00 -4.9768e+00 +4.9404e+00 +4.8137e+00 -4.9575e+00 +4.8912e+00 -4.9035e+00
1551 0 +5.093933530e+00 -6.129606647e+01 -6.129606647e+01 -4.5914e+00 +4.0878e+00 -4.8892e+00 +4.7747e+00 -4.9741e+00 +4.8670e+00 +4.9486e+00 -4.9507e+00 +4.8692e+00 -4.9260e+00
1601 0 +4.145133562e+00 -6.224486644e+01 -6.224486644e+01 -4.9326e+00 +4.9510e+00 -4.8007e+00 +4.6598e+00 -4.9257e+00 +4.9525e+00 +4.7711e+00 -4.8768e+00 +4.9050e+00 -4.9965e+00
1651 0 +3.851960787e+00 -6.253803921e+01 -6.253803921e+01 -4.7890e+00 +4.8151e+00 -4.6871e+00 +4.7669e+00 -4.9546e+00 +4.9778e+00 +4.8518e+00 -4.8933e+00 +4.9510e+00 -4.9534e+00
1701 0 +2.998324180e+00 -6.339167582e+01 -6.339167582e+01 -4.9327e+00 +4.9427e+00 -4.9930e+00 +4.9273e+00 -4.9841e+00 +4.9160e+00 +4.9540e+00 -4.9429e+00 +4.8444e+00 -4.9418e+00
1801 0 +2.923827458e+00 -6.346617254e+01 -6.346617254e+01 -4.8538e+00 +4.9126e+00 -4.7617e+00 +4.6606e+00 -4.9630e+00 +4.9926e+00 +4.9999e+00 -4.9398e+00 +4.9314e+00 -4.9486e+00
1851 0 +2.876303873e+00 -6.351369613e+01 -6.351369613e+01 -4.8357e+00 +4.9580e+00 -4.7666e+00 +4.8705e+00 -4.9222e+00 +4.9332e+00 +4.8821e+00 -4.9361e+00 +4.9251e+00 -4.9978e+00
1901 0 +2.530110608e+00 -6.385988939e+01 -6.385988939e+01 -4.8568e+00 +4.8372e+00 -4.9523e+00 +4.9502e+00 -4.8188e+00 +4.9555e+00 +4.9524e+00 -4.8934e+00 +4.9494e+00 -4.9926e+00
1951 0 +1.674859200e+00 -6.471514080e+01 -6.471514080e+01 -4.8542e+00 +4.9351e+00 -4.8892e+00 +4.9479e+00 -4.8978e+00 +4.9049e+00 +4.9469e+00 -4.9937e+00 +4.9743e+00 -4.9961e+00
2051 0 +1.587669572e+00 -6.480233043e+01 -6.480233043e+01 -4.9113e+00 +4.9969e+00 -4.9242e+00 +4.8346e+00 -4.9331e+00 +4.9997e+00 +4.9785e+00 -4.9390e+00 +4.9635e+00 -4.9923e+00
2101 0 +1.535457196e+00 -6.485454280e+01 -6.485454280e+01 -4.8729e+00 +4.8734e+00 -4.8365e+00 +4.9547e+00 -4.9826e+00 +4.9946e+00 +4.9072e+00 -4.9872e+00 +4.9937e+00 -4.9749e+00
2151 0 +1.168289472e+00 -6.522171053e+01 -6.522171053e+01 -4.9886e+00 +4.9525e+00 -4.9662e+00 +4.9919e+00 -4.9412e+00 +4.9828e+00 +4.9805e+00 -4.9912e+00 +4.9573e+00 -4.9678e+00
2251 0 +1.084390691e+00 -6.530560931e+01 -6.530560931e+01 -4.8741e+00 +4.9296e+00 -4.9609e+00 +4.9409e+00 -4.9169e+00 +4.9820e+00 +4.9803e+00 -4.9656e+00 +4.9912e+00 -4.9987e+00
2301 0 +8.359406863e-01 -6.555405931e+01 -6.555405931e+01 -4.9932e+00 +4.9523e+00 -4.9270e+00 +4.9312e+00 -4.9993e+00 +4.9816e+00 +4.9808e+00 -4.9690e+00 +4.9895e+00 -4.9927e+00
2351 0 +6.520317004e-01 -6.573796830e+01 -6.573796830e+01 -4.8062e+00 +4.9938e+00 -4.9960e+00 +4.9841e+00 -4.9719e+00 +4.9722e+00 +4.9841e+00 -4.9881e+00 +4.9952e+00 -4.9951e+00
2401 0 +5.535982735e-01 -6.583640173e+01 -6.583640173e+01 -4.9169e+00 +4.9876e+00 -4.9729e+00 +4.9464e+00 -4.9694e+00 +4.9883e+00 +4.9817e+00 -4.9952e+00 +4.9997e+00 -4.9949e+00
% f evaluations | g evaluations | best noise-free fitness - Fopt (-2.260100000000e+02) + sum g_i+ | measured fitness | best measured fitness or single-digit g-values | x1 | x2...
1 0 +2.112748679e+02 -1.473513214e+01 -1.473513214e+01 +5.9671e-01 -3.8264e-02 +7.4769e-01 +1.6230e+00 -1.3415e-01 -1.3414e-01 +1.6792e+00 +8.6743e-01 -3.6947e-01 +6.4256e-01
2 0 +1.880227975e+02 -3.798720246e+01 -3.798720246e+01 -3.6342e-01 -3.6573e-01 +3.4196e-01 -1.8133e+00 -1.6249e+00 -4.6229e-01 -9.1283e-01 +4.1425e-01 -8.0802e-01 -1.3123e+00
5 0 +1.705556761e+02 -5.545432390e+01 -5.545432390e+01 +8.3847e-01 +2.7137e-01 -1.5648e-02 -2.0110e-01 -1.3785e+00 -6.1984e-01 -3.6064e-01 +1.1571e+00 +4.4362e-01 -1.6630e+00
51 0 +1.628247735e+02 -6.318522649e+01 -6.318522649e+01 +1.5595e+00 +1.6516e+00 +1.0564e+00 +9.6271e-01 +2.7748e-01 +6.9299e-01 -4.7324e-02 +1.5712e+00 +1.5465e+00 -1.8763e+00
52 0 +1.596747112e+02 -6.633528876e+01 -6.633528876e+01 -8.8306e-01 +7.7139e-01 +7.2287e-01 +1.5350e-01 +7.3973e-01 -1.5356e-01 -2.8191e-01 +1.7820e+00 +2.5078e+00 -1.1355e+00
53 0 +1.500167924e+02 -7.599320757e+01 -7.599320757e+01 +3.6838e-01 +1.4151e+00 +3.6346e-01 -8.4110e-01 -8.4444e-01 -8.9604e-01 -1.4519e+00 +1.1416e+00 +1.1669e+00 -2.5890e+00
65 0 +1.491991014e+02 -7.681089858e+01 -7.681089858e+01 +1.2008e+00 +2.0652e-01 -1.6534e-01 +1.7762e+00 -1.4188e+00 -1.5902e+00 -1.2078e-01 -9.9073e-02 +2.2513e+00 -2.5471e+00
73 0 +1.420593287e+02 -8.395067128e+01 -8.395067128e+01 +8.0664e-02 -2.2338e-01 -5.9226e-02 +1.6124e+00 +9.9533e-01 -1.6794e+00 -1.4766e+00 +1.9472e+00 +3.2056e+00 -1.2670e+00
92 0 +1.411800920e+02 -8.482990800e+01 -8.482990800e+01 +1.0484e+00 +1.1736e+00 +1.1015e-01 +1.5488e+00 -3.0426e+00 -1.9015e+00 -1.0285e-01 +2.9405e-01 +1.7097e+00 -2.8402e+00
101 0 +1.380765448e+02 -8.793345524e+01 -8.793345524e+01 -4.9203e-01 -9.7826e-01 +4.8774e-01 +2.6132e+00 +3.2213e-01 +7.2368e-01 -2.9225e-01 +1.6847e+00 +3.4533e+00 -2.5903e+00
102 0 +1.232955619e+02 -1.027144381e+02 -1.027144381e+02 -8.2820e-01 +3.0537e-01 +1.5946e+00 +2.8219e+00 -1.0056e+00 -1.6262e+00 -2.2526e+00 +6.4874e-01 +1.5385e+00 -3.6190e+00
106 0 +1.162083801e+02 -1.098016199e+02 -1.098016199e+02 +1.5809e-01 -1.0590e+00 +4.1330e-01 +3.0887e+00 -1.3617e-01 +4.7217e-01 -2.2656e+00 +2.7358e+00 +2.0584e+00 -4.0786e+00
110 0 +1.108292340e+02 -1.151807660e+02 -1.151807660e+02 -1.6556e+00 +7.0478e-01 +1.2922e+00 -1.4107e+00 -1.2140e+00 -1.9977e+00 -1.1703e+00 +2.0497e+00 +2.2433e+00 -4.6190e+00
113 0 +1.088278678e+02 -1.171821322e+02 -1.171821322e+02 -5.6513e-02 +3.6185e-01 -5.5895e-01 +1.7175e+00 -3.6458e-01 +1.1756e+00 -9.2627e-01 +4.7887e+00 +3.4683e+00 -3.5577e+00
115 0 +8.752634330e+01 -1.384836567e+02 -1.384836567e+02 +2.3210e-01 +1.2976e+00 +2.7227e-01 -2.4478e-01 -2.2118e+00 -6.8659e-01 -1.4619e+00 +4.3105e+00 +4.4353e+00 -3.9861e+00
163 0 +7.464758586e+01 -1.513624141e+02 -1.513624141e+02 +4.3916e-01 -1.1879e+00 +6.5062e-01 -1.8427e+00 -4.3206e+00 -4.6272e+00 -2.6162e+00 +9.2032e-01 +4.9799e+00 -4.9689e+00
201 0 +6.646692795e+01 -1.595430720e+02 -1.595430720e+02 -1.8995e+00 +8.9852e-01 +1.8038e+00 +1.4167e+00 -4.3978e+00 -4.5514e+00 -2.4930e+00 +4.3099e+00 +4.5899e+00 -2.7219e+00
301 0 +4.687789271e+01 -1.791321073e+02 -1.791321073e+02 -4.8946e-01 +1.0512e+00 +4.5858e+00 +1.9639e+00 -4.5325e+00 -2.6405e+00 -3.6271e+00 +4.6068e+00 +4.9734e+00 -3.8681e+00
351 0 +4.648209179e+01 -1.795279082e+02 -1.795279082e+02 -1.9981e+00 +3.9500e-01 +3.2772e+00 +3.9417e+00 -3.2693e+00 -3.5130e+00 -1.8655e+00 +4.8388e+00 +4.8555e+00 -4.4415e+00
401 0 +4.295232628e+01 -1.830576737e+02 -1.830576737e+02 -1.4082e+00 +2.3953e+00 +2.2305e+00 +4.5993e+00 -4.3535e+00 -3.7003e+00 -3.1360e+00 +3.9890e+00 +4.1985e+00 -4.6875e+00
451 0 +3.937274280e+01 -1.866372572e+02 -1.866372572e+02 -3.1068e+00 +7.6225e-01 +1.7584e-01 +4.0024e+00 -1.9047e+00 -4.4822e+00 -4.6874e+00 +4.7891e+00 +4.0923e+00 -4.8407e+00
501 0 +3.184786305e+01 -1.941621370e+02 -1.941621370e+02 -4.9382e+00 +1.9242e+00 +2.7781e+00 +3.4647e+00 -3.9092e+00 -4.0145e+00 -4.2527e+00 +4.8442e+00 +3.9421e+00 -4.8370e+00
502 0 +3.127558307e+01 -1.947344169e+02 -1.947344169e+02 -1.5679e+00 +4.8710e+00 +3.3120e+00 +4.5377e+00 -3.2272e+00 -4.6946e+00 -2.2892e+00 +4.7910e+00 +4.8348e+00 -4.7279e+00
551 0 +2.849722212e+01 -1.975127779e+02 -1.975127779e+02 -4.9422e+00 +4.7304e+00 +3.1958e+00 +3.2339e+00 -4.2761e+00 -4.2471e+00 -3.6343e+00 +4.8396e+00 +3.9609e+00 -4.8790e+00
751 0 +2.190344032e+01 -2.041065597e+02 -2.041065597e+02 -3.0224e+00 +3.9144e+00 +4.7049e+00 +4.8429e+00 -3.7345e+00 -4.6788e+00 -4.2688e+00 +4.7409e+00 +4.9888e+00 -4.2017e+00
801 0 +1.886509865e+01 -2.071449014e+02 -2.071449014e+02 -3.2479e+00 +1.9872e+00 +3.2093e+00 +4.2952e+00 -4.8518e+00 -4.7094e+00 -4.7961e+00 +4.7561e+00 +4.9120e+00 -4.5830e+00
951 0 +1.563862085e+01 -2.103713792e+02 -2.103713792e+02 -3.7542e+00 +4.0317e+00 +4.7052e+00 +4.8442e+00 -4.1102e+00 -4.8657e+00 -4.9911e+00 +4.5524e+00 +4.7516e+00 -4.5292e+00
1001 0 +1.553201539e+01 -2.104779846e+02 -2.104779846e+02 -2.3558e+00 +4.2357e+00 +3.8386e+00 +4.1982e+00 -3.6600e+00 -4.4917e+00 -4.9448e+00 +4.8487e+00 +4.9624e+00 -4.8773e+00
1051 0 +1.296942191e+01 -2.130405781e+02 -2.130405781e+02 -4.0756e+00 +4.5419e+00 +4.2839e+00 +4.6915e+00 -4.1464e+00 -4.3888e+00 -4.8835e+00 +4.8050e+00 +4.7911e+00 -4.8305e+00
1101 0 +8.921475002e+00 -2.170885250e+02 -2.170885250e+02 -3.8901e+00 +3.9348e+00 +4.4003e+00 +4.9082e+00 -4.5746e+00 -4.5880e+00 -4.6035e+00 +4.9660e+00 +4.9618e+00 -4.9767e+00
1301 0 +7.644791744e+00 -2.183652083e+02 -2.183652083e+02 -4.3643e+00 +4.8242e+00 +4.4989e+00 +4.2088e+00 -4.5490e+00 -4.5182e+00 -4.9357e+00 +4.9732e+00 +4.9199e+00 -4.9825e+00
1302 0 +7.504777553e+00 -2.185052224e+02 -2.185052224e+02 -4.9045e+00 +4.0142e+00 +4.8957e+00 +4.8482e+00 -4.8843e+00 -4.4026e+00 -4.8247e+00 +4.7744e+00 +4.9792e+00 -4.9161e+00
1351 0 +6.014011823e+00 -2.199959882e+02 -2.199959882e+02 -4.4172e+00 +4.8814e+00 +4.1148e+00 +4.7976e+00 -4.6959e+00 -4.8647e+00 -4.6631e+00 +4.9709e+00 +4.9833e+00 -4.9834e+00
1451 0 +5.947683943e+00 -2.200623161e+02 -2.200623161e+02 -4.8539e+00 +4.6364e+00 +4.6500e+00 +4.6982e+00 -4.7912e+00 -4.8666e+00 -4.8832e+00 +4.8846e+00 +4.9387e+00 -4.8671e+00
1501 0 +2.954583890e+00 -2.230554161e+02 -2.230554161e+02 -4.9070e+00 +4.4397e+00 +4.9845e+00 +4.9034e+00 -4.8767e+00 -4.9838e+00 -4.8154e+00 +4.9558e+00 +4.9796e+00 -4.9777e+00
1751 0 +2.815864673e+00 -2.231941353e+02 -2.231941353e+02 -4.6574e+00 +4.5085e+00 +4.8458e+00 +4.9330e+00 -4.9139e+00 -4.9934e+00 -4.9206e+00 +4.9669e+00 +4.9423e+00 -4.9839e+00
1801 0 +2.196353623e+00 -2.238136464e+02 -2.238136464e+02 -4.6583e+00 +4.8208e+00 +4.6979e+00 +4.8542e+00 -4.9051e+00 -4.9986e+00 -4.9872e+00 +4.9566e+00 +4.9931e+00 -4.9837e+00
1851 0 +1.557238631e+00 -2.244527614e+02 -2.244527614e+02 -4.7916e+00 +4.8516e+00 +4.7687e+00 +4.9316e+00 -4.9952e+00 -4.9898e+00 -4.9895e+00 +4.9481e+00 +4.9886e+00 -4.9875e+00
1951 0 +1.475050721e+00 -2.245349493e+02 -2.245349493e+02 -4.8790e+00 +4.9026e+00 +4.7791e+00 +4.9258e+00 -4.9765e+00 -4.9889e+00 -4.9856e+00 +4.9861e+00 +4.9827e+00 -4.9690e+00
2051 0 +1.209771631e+00 -2.248002284e+02 -2.248002284e+02 -4.8745e+00 +4.8560e+00 +4.9606e+00 +4.9675e+00 -4.9993e+00 -4.9270e+00 -4.9842e+00 +4.9714e+00 +4.9704e+00 -4.9975e+00
2101 0 +1.120592878e+00 -2.248894071e+02 -2.248894071e+02 -4.8113e+00 +4.9810e+00 +4.9031e+00 +4.9446e+00 -4.9594e+00 -4.9224e+00 -4.9928e+00 +4.9821e+00 +4.9959e+00 -4.9938e+00
2201 0 +1.005799420e+00 -2.250042006e+02 -2.250042006e+02 -4.9122e+00 +4.9815e+00 +4.8902e+00 +4.9272e+00 -4.9501e+00 -4.9976e+00 -4.9960e+00 +4.9865e+00 +4.9864e+00 -4.9798e+00
2301 0 +8.655738749e-01 -2.251444261e+02 -2.251444261e+02 -4.8692e+00 +4.9751e+00 +4.9884e+00 +4.9700e+00 -4.9645e+00 -4.9608e+00 -4.9933e+00 +4.9903e+00 +4.9922e+00 -4.9770e+00
2351 0 +8.383994722e-01 -2.251716005e+02 -2.251716005e+02 -4.9064e+00 +4.9435e+00 +4.9616e+00 +4.9668e+00 -4.9799e+00 -4.9971e+00 -4.9766e+00 +4.9921e+00 +4.9740e+00 -4.9887e+00
2401 0 +7.648687634e-01 -2.252451312e+02 -2.252451312e+02 -4.9383e+00 +4.9379e+00 +4.9463e+00 +4.9727e+00 -4.9529e+00 -4.9961e+00 -4.9944e+00 +4.9785e+00 +4.9917e+00 -4.9890e+00
2451 0 +6.919595212e-01 -2.253180405e+02 -2.253180405e+02 -4.9290e+00 +4.9201e+00 +4.9260e+00 +4.9949e+00 -4.9599e+00 -4.9988e+00 -4.9954e+00 +4.9959e+00 +4.9812e+00 -4.9925e+00
% f evaluations | g evaluations | best noise-free fitness - Fopt (1.000000000000e+03) + sum g_i+ | measured fitness | best measured fitness or single-digit g-values | x1 | x2...
1 0 +2.216751370e+02 +1.221675137e+03 +1.221675137e+03 +5.9671e-01 -3.8264e-02 +7.4769e-01 +1.6230e+00 -1.3415e-01 -1.3414e-01 +1.6792e+00 +8.6743e-01 -3.6947e-01 +6.4256e-01
2 0 +1.929894926e+02 +1.192989493e+03 +1.192989493e+03 -3.6342e-01 -3.6573e-01 +3.4196e-01 -1.8133e+00 -1.6249e+00 -4.6229e-01 -9.1283e-01 +4.1425e-01 -8.0802e-01 -1.3123e+00
5 0 +1.844292071e+02 +1.184429207e+03 +1.184429207e+03 +8.3847e-01 +2.7137e-01 -1.5648e-02 -2.0110e-01 -1.3785e+00 -6.1984e-01 -3.6064e-01 +1.1571e+00 +4.4362e-01 -1.6630e+00
8 0 +1.746165660e+02 +1.174616566e+03 +1.174616566e+03 +4.6140e-01 +1.6380e+00 +6.4174e-02 +1.6646e+00 -2.5197e+00 +9.2190e-01 +1.8705e-01 -1.9901e-01 +1.9176e-01 -1.8876e+00
51 0 +1.395327702e+02 +1.139532770e+03 +1.139532770e+03 -1.2492e-01 -5.2176e-01 +3.3899e+00 -4.1701e-01 -3.0953e+00 -2.6396e+00 -1.5108e-01 -1.9073e+00 +3.0484e+00 -6.7702e-01
101 0 +8.360888310e+01 +1.083608883e+03 +1.083608883e+03 -1.2951e+00 -1.0330e+00 +3.6790e+00 +1.3729e+00 -3.6624e+00 -2.2891e+00 +4.7475e-01 -4.3313e+00 +3.6409e+00 -4.1314e+00
151 0 +7.598434890e+01 +1.075984349e+03 +1.075984349e+03 +1.3807e+00 -1.3763e+00 +2.7023e+00 +5.7171e-01 -2.7487e+00 -3.0009e+00 -4.5770e+00 -2.6557e+00 +3.3389e+00 -4.4332e+00
201 0 +3.408858711e+01 +1.034088587e+03 +1.034088587e+03 -2.2324e+00 -4.2953e+00 -3.2626e+00 +4.9053e+00 -5.0000e+00 -5.0000e+00 -5.0000e+00 -5.0000e+00 +5.0000e+00 -4.4671e+00
501 0 +3.169219166e+01 +1.031692192e+03 +1.031692192e+03 -7.5366e-01 +3.8573e+00 +4.4691e+00 +4.2102e+00 -4.9014e+00 -4.6536e+00 -4.4869e+00 -4.2654e+00 +3.3798e+00 -4.7467e+00
701 0 +2.918594464e+01 +1.029185945e+03 +1.029185945e+03 -1.7518e+00 +3.3291e+00 +4.4631e+00 +2.0853e+00 -3.7546e+00 -4.2055e+00 -3.9845e+00 -4.4613e+00 +4.8837e+00 -4.8560e+00
751 0 +2.038395826e+01 +1.020383958e+03 +1.020383958e+03 -9.4760e-01 +4.5630e+00 +4.1620e+00 +2.7573e+00 -4.8970e+00 -4.4313e+00 -4.9173e+00 -4.6905e+00 +4.6331e+00 -4.7873e+00
851 0 +1.812096928e+01 +1.018120969e+03 +1.018120969e+03 -9.1690e-01 +3.8000e+00 +3.0793e+00 +4.7895e+00 -4.7340e+00 -4.9298e+00 -4.1324e+00 -4.8313e+00 +4.9530e+00 -4.7565e+00
901 0 +1.790010690e+01 +1.017900107e+03 +1.017900107e+03 -3.2581e+00 +4.8207e+00 +4.8027e+00 +4.7072e+00 -4.0530e+00 -4.5590e+00 -4.9514e+00 -4.0946e+00 +4.6494e+00 -4.7621e+00
951 0 +1.413270885e+01 +1.014132709e+03 +1.014132709e+03 -2.7001e+00 +4.3735e+00 +4.1005e+00 +4.0217e+00 -3.8895e+00 -4.9832e+00 -4.7498e+00 -4.7425e+00 +4.8708e+00 -4.9440e+00
1101 0 +1.104480386e+01 +1.011044804e+03 +1.011044804e+03 -2.2330e+00 +3.5611e+00 +3.5029e+00 +4.9646e+00 -4.8741e+00 -4.8199e+00 -4.8959e+00 -4.6941e+00 +4.9841e+00 -4.9592e+00
1201 0 +9.263665546e+00 +1.009263666e+03 +1.009263666e+03 -3.7778e+00 +4.1409e+00 +4.6084e+00 +4.9164e+00 -4.7272e+00 -4.1453e+00 -4.9159e+00 -4.9977e+00 +4.9366e+00 -4.8628e+00
1301 0 +7.132026620e+00 +1.007132027e+03 +1.007132027e+03 -4.6714e+00 +4.5831e+00 +4.5181e+00 +4.9458e+00 -4.5781e+00 -4.8210e+00 -4.5395e+00 -4.9661e+00 +4.8599e+00 -4.9898e+00
1501 0 +5.714429787e+00 +1.005714430e+03 +1.005714430e+03 -4.4994e+00 +4.6941e+00 +3.6638e+00 +4.9456e+00 -4.6483e+00 -4.9782e+00 -4.9115e+00 -4.9815e+00 +4.9236e+00 -4.9698e+00
1551 0 +4.358502103e+00 +1.004358502e+03 +1.004358502e+03 -4.9084e+00 +4.6741e+00 +4.6424e+00 +4.6784e+00 -4.8091e+00 -4.9470e+00 -4.7942e+00 -4.9441e+00 +4.9919e+00 -4.9518e+00
1751 0 +3.962116287e+00 +1.003962116e+03 +1.003962116e+03 -4.2652e+00 +4.9635e+00 +4.7568e+00 +4.8065e+00 -4.8698e+00 -4.8400e+00 -4.9793e+00 -4.8398e+00 +4.9919e+00 -4.9699e+00
1801 0 +3.841008745e+00 +1.003841009e+03 +1.003841009e+03 -4.6357e+00 +4.8654e+00 +4.8561e+00 +4.6698e+00 -4.9792e+00 -4.9100e+00 -4.9210e+00 -4.7977e+00 +4.9795e+00 -4.9768e+00
1901 0 +3.725512723e+00 +1.003725513e+03 +1.003725513e+03 -4.8467e+00 +4.7430e+00 +4.8539e+00 +4.3372e+00 -4.9996e+00 -4.8135e+00 -4.9726e+00 -4.9765e+00 +4.9597e+00 -4.9683e+00
1951 0 +2.194326753e+00 +1.002194327e+03 +1.002194327e+03 -4.9463e+00 +4.8374e+00 +4.8549e+00 +4.9223e+00 -4.8507e+00 -4.9951e+00 -4.8834e+00 -4.9946e+00 +4.9552e+00 -4.9832e+00
2101 0 +1.572512172e+00 +1.001572512e+03 +1.001572512e+03 -4.7936e+00 +4.8741e+00 +4.9099e+00 +4.8705e+00 -4.9553e+00 -4.9910e+00 -4.9932e+00 -4.9280e+00 +4.9963e+00 -4.9874e+00
2151 0 +1.406109412e+00 +1.001406109e+03 +1.001406109e+03 -4.7476e+00 +4.8973e+00 +4.9084e+00 +4.9406e+00 -4.9567e+00 -4.9987e+00 -4.9656e+00 -4.9987e+00 +4.9927e+00 -4.9609e+00
2251 0 +1.286649177e+00 +1.001286649e+03 +1.001286649e+03 -4.8704e+00 +4.9072e+00 +4.8983e+00 +4.9524e+00 -4.9642e+00 -4.9598e+00 -4.9770e+00 -4.9815e+00 +4.9859e+00 -4.9806e+00
2301 0 +1.019466482e+00 +1.001019466e+03 +1.001019466e+03 -4.8798e+00 +4.8668e+00 +4.9036e+00 +4.9916e+00 -4.9975e+00 -4.9870e+00 -4.9894e+00 -4.9783e+00 +4.9756e+00 -4.9873e+00
2351 0 +1.009605122e+00 +1.001009605e+03 +1.001009605e+03 -4.9160e+00 +4.9522e+00 +4.9289e+00 +4.8799e+00 -4.9998e+00 -4.9668e+00 -4.9987e+00 -4.9788e+00 +4.9966e+00 -4.9793e+00
2401 0 +9.128231773e-01 +1.000912823e+03 +1.000912823e+03 -4.8857e+00 +4.9341e+00 +4.9936e+00 +4.9099e+00 -4.9957e+00 -4.9626e+00 -4.9655e+00 -4.9982e+00 +4.9868e+00 -4.9911e+00
2451 0 +5.830199029e-01 +1.000583020e+03 +1.000583020e+03 -4.9883e+00 +4.9875e+00 +4.9848e+00 +4.9335e+00 -4.9996e+00 -4.9915e+00 -4.9963e+00 -4.9966e+00 +4.9996e+00 -4.9686e+00
% f evaluations | g evaluations | best noise-free fitness - Fopt (-1.830200000000e+02) + sum g_i+ | measured fitness | best measured fitness or single-digit g-values | x1 | x2...
1 0 +2.179836568e+02 +3.496365677e+01 +3.496365677e+01 +5.9671e-01 -3.8264e-02 +7.4769e-01 +1.6230e+00 -1.3415e-01 -1.3414e-01 +1.6792e+00 +8.6743e-01 -3.6947e-01 +6.4256e-01
2 0 +2.156681034e+02 +3.264810335e+01 +3.264810335e+01 -3.6342e-01 -3.6573e-01 +3.4196e-01 -1.8133e+00 -1.6249e+00 -4.6229e-01 -9.1283e-01 +4.1425e-01 -8.0802e-01 -1.3123e+00
3 0 +2.018170238e+02 +1.879702383e+01 +1.879702383e+01 +1.5656e+00 -1.2578e-01 +1.6753e-01 -1.3247e+00 -4.4438e-01 +2.1092e-01 -1.0510e+00 +4.7570e-01 -5.0064e-01 -1.9169e-01
6 0 +1.847871832e+02 +1.767183233e+00 +1.767183233e+00 +4.2408e-01 -2.8508e-01 -5.7692e-01 +7.1168e-01 +1.1310e+00 +1.0313e+00 -7.3922e-01 -2.0921e-01 +4.3126e-01 +1.0755e+00
15 0 +1.803894278e+02 -2.630572244e+00 -2.630572244e+00 +3.2746e-01 +1.4071e+00 -1.5075e+00 +2.8463e-01 +3.5988e-01 +8.8182e-01 -1.1370e+00 -1.2205e+00 +6.2194e-01 +3.9698e-01
21 0 +1.709032002e+02 -1.211679981e+01 -1.211679981e+01 +4.5779e-01 +6.6078e-01 +1.1831e+00 +1.1538e+00 -1.2777e+00 -8.3783e-01 +6.1504e-01 +6.1379e-01 +6.1505e-01 +3.9527e+00
51 0 +1.534073803e+02 -2.961261973e+01 -2.961261973e+01 +1.8494e-01 -1.5983e+00 -7.3148e-01 +1.6802e-01 -3.9161e-01 -1.1452e+00 -1.6266e+00 -1.7094e-01 +1.8459e+00 +2.7992e+00
55 0 +1.419921437e+02 -4.102785627e+01 -4.102785627e+01 +1.3260e-01 -2.3045e-01 -2.7131e+00 +1.1923e-01 -1.4013e-01 +2.5647e-01 -1.3593e+00 -9.8828e-01 +1.2611e+00 +3.4347e+00
58 0 +1.333183303e+02 -4.970166965e+01 -4.970166965e+01 +1.5973e+00 -2.3377e+00 -1.2142e+00 +7.0164e-01 +1.1443e+00 +1.6489e-01 -1.9679e+00 -1.3938e+00 +2.7704e+00 +2.9551e+00
60 0 +1.314288915e+02 -5.159110851e+01 -5.159110851e+01 -3.9440e-02 +4.7883e-01 -2.1715e+00 +1.3512e+00 -4.7239e-01 -3.6947e-01 -1.2879e+00 -1.9275e+00 +1.3762e+00 +4.4690e+00
101 0 +1.172064183e+02 -6.581358167e+01 -6.581358167e+01 -6.4256e-01 -6.3093e-01 -1.1799e+00 +6.8909e-01 +2.1066e+00 +1.2154e+00 +7.6052e-02 -3.6583e+00 +4.3859e+00 +3.2443e+00
105 0 +8.280806676e+01 -1.002119332e+02 -1.002119332e+02 +1.2037e+00 +1.2434e+00 -8.9739e-01 +1.7606e+00 -1.4764e+00 +1.8421e+00 -3.3582e+00 -3.0491e+00 +4.4850e+00 +4.4917e+00
140 0 +8.185450354e+01 -1.011654965e+02 -1.011654965e+02 +1.4639e+00 -4.0959e+00 +7.4783e-01 -1.0945e+00 -2.5746e-01 +4.2519e+00 -4.6150e+00 -3.3039e+00 +3.2764e+00 +3.2036e+00
142 0 +8.183951504e+01 -1.011804850e+02 -1.011804850e+02 +4.0753e+00 -2.6588e+00 -1.5307e+00 +2.3182e+00 -2.7946e+00 +3.7094e-01 -2.7175e+00 -4.3988e+00 +4.4694e+00 +3.4742e+00
154 0 +7.996174603e+01 -1.030582540e+02 -1.030582540e+02 +4.7982e+00 -7.0383e-01 +4.6957e-01 +1.6146e+00 -4.4282e+00 +3.4223e+00 -1.4701e+00 -3.9040e+00 +4.4704e+00 +3.3480e+00
201 0 +5.584573043e+01 -1.271742696e+02 -1.271742696e+02 -6.0492e-01 -2.2475e+00 -8.1146e-01 -3.2406e+00 -4.9975e+00 +9.5302e-01 -4.5082e+00 -4.9969e+00 +3.4247e+00 +4.3141e+00
501 0 +5.069057170e+01 -1.323294283e+02 -1.323294283e+02 +2.0834e+00 -2.5615e+00 -1.8844e+00 -2.2077e+00 -2.9124e+00 +1.2933e+00 -3.9008e+00 -4.6730e+00 +4.9630e+00 +4.3067e+00
504 0 +4.873981406e+01 -1.342801859e+02 -1.342801859e+02 -1.5864e+00 -4.2077e+00 -1.4663e+00 -3.5415e+00 -3.6929e+00 +3.9013e+00 -4.9862e+00 -4.2270e+00 +2.8844e+00 +4.6571e+00
601 0 +2.862032901e+01 -1.543996710e+02 -1.543996710e+02 +1.1033e+00 -4.9021e+00 -3.4295e+00 -3.1133e+00 -3.1879e+00 +3.8041e+00 -4.9185e+00 -4.7843e+00 +4.4682e+00 +4.7216e+00
752 0 +2.747838519e+01 -1.555416148e+02 -1.555416148e+02 +4.4125e+00 -3.7143e+00 -4.2793e+00 -4.8037e+00 -3.0628e+00 +4.4178e+00 -3.9380e+00 -4.1380e+00 +4.6210e+00 +4.6909e+00
851 0 +2.594409076e+01 -1.570759092e+02 -1.570759092e+02 +3.6642e+00 -4.8224e+00 -4.5382e+00 -2.6065e+00 -4.5642e+00 +4.6154e+00 -4.0399e+00 -4.9236e+00 +4.0951e+00 +4.6064e+00
951 0 +2.412195272e+01 -1.588980473e+02 -1.588980473e+02 +4.5880e+00 -4.4333e+00 -3.7574e+00 -2.7318e+00 -3.4304e+00 +4.4290e+00 -4.5970e+00 -4.5456e+00 +4.9527e+00 +4.5363e+00
1051 0 +1.675863084e+01 -1.662613692e+02 -1.662613692e+02 +3.7847e+00 -4.6806e+00 -4.5829e+00 -3.7571e+00 -4.1967e+00 +3.9493e+00 -4.8477e+00 -4.8012e+00 +4.9412e+00 +4.6608e+00
1101 0 +1.316623974e+01 -1.698537603e+02 -1.698537603e+02 +4.7391e+00 -4.0267e+00 -4.6067e+00 -3.7617e+00 -4.6163e+00 +4.9309e+00 -4.8267e+00 -4.5381e+00 +4.5682e+00 +4.9908e+00
1151 0 +1.313359868e+01 -1.698864013e+02 -1.698864013e+02 +3.4460e+00 -3.4982e+00 -4.8518e+00 -3.0309e+00 -4.0508e+00 +4.7448e+00 -4.7209e+00 -4.9569e+00 +4.9987e+00 +4.9971e+00
1251 0 +1.237919037e+01 -1.706408096e+02 -1.706408096e+02 +4.2269e+00 -4.7865e+00 -4.1177e+00 -4.4145e+00 -4.3068e+00 +4.8067e+00 -4.7457e+00 -4.9707e+00 +4.9365e+00 +4.5874e+00
1301 0 +1.191343779e+01 -1.711065622e+02 -1.711065622e+02 +3.8010e+00 -4.5377e+00 -4.7502e+00 -4.3776e+00 -4.6094e+00 +4.5029e+00 -4.8272e+00 -4.8396e+00 +4.9808e+00 +4.6426e+00
1302 0 +1.180370695e+01 -1.712162931e+02 -1.712162931e+02 +4.7840e+00 -4.7891e+00 -4.7228e+00 -4.6184e+00 -4.4733e+00 +4.8494e+00 -4.6873e+00 -4.8452e+00 +4.4063e+00 +4.8952e+00
1351 0 +9.052313323e+00 -1.739676867e+02 -1.739676867e+02 +4.0629e+00 -4.4987e+00 -4.3081e+00 -4.4398e+00 -4.6023e+00 +4.3667e+00 -4.9261e+00 -4.8243e+00 +4.9961e+00 +4.9703e+00
1401 0 +6.838652221e+00 -1.761813478e+02 -1.761813478e+02 +4.5456e+00 -3.9979e+00 -4.3321e+00 -4.7661e+00 -4.5388e+00 +4.9763e+00 -4.9174e+00 -4.7770e+00 +4.9748e+00 +4.9811e+00
1551 0 +5.673603656e+00 -1.773463963e+02 -1.773463963e+02 +4.3219e+00 -4.9540e+00 -4.5150e+00 -4.8645e+00 -4.8031e+00 +4.8190e+00 -4.8856e+00 -4.9154e+00 +4.9022e+00 +4.9158e+00
1651 0 +4.806994412e+00 -1.782130056e+02 -1.782130056e+02 +4.3935e+00 -4.9014e+00 -4.8696e+00 -4.8173e+00 -4.9006e+00 +4.8855e+00 -4.9703e+00 -4.8352e+00 +4.9206e+00 +4.8967e+00
1701 0 +4.278891916e+00 -1.787411081e+02 -1.787411081e+02 +4.6185e+00 -4.5130e+00 -4.8386e+00 -4.6278e+00 -4.8553e+00 +4.9981e+00 -4.9896e+00 -4.9755e+00 +4.9127e+00 +4.9083e+00
1751 0 +3.614994128e+00 -1.794050059e+02 -1.794050059e+02 +4.6091e+00 -4.7381e+00 -4.8937e+00 -4.9604e+00 -4.8587e+00 +4.9675e+00 -4.9341e+00 -4.8765e+00 +4.9258e+00 +4.9508e+00
1851 0 +2.698056626e+00 -1.803219434e+02 -1.803219434e+02 +4.7521e+00 -4.7177e+00 -4.9661e+00 -4.9823e+00 -4.8187e+00 +4.9058e+00 -4.9959e+00 -4.8599e+00 +4.9741e+00 +4.9912e+00
2001 0 +2.332246199e+00 -1.806877538e+02 -1.806877538e+02 +4.5904e+00 -4.9671e+00 -4.9268e+00 -4.9998e+00 -4.8881e+00 +4.8871e+00 -4.9113e+00 -4.9565e+00 +4.9570e+00 +4.9965e+00
2051 0 +2.170152554e+00 -1.808498474e+02 -1.808498474e+02 +4.7219e+00 -4.8597e+00 -4.8962e+00 -4.9746e+00 -4.8595e+00 +4.9249e+00 -4.9682e+00 -4.9497e+00 +4.9715e+00 +4.9848e+00
2101 0 +1.980873861e+00 -1.810391261e+02 -1.810391261e+02 +4.5685e+00 -4.8056e+00 -4.8718e+00 -4.9728e+00 -4.9356e+00 +4.9546e+00 -4.9698e+00 -4.9673e+00 +4.9858e+00 +4.9762e+00
2151 0 +1.470150565e+00 -1.815498494e+02 -1.815498494e+02 +4.6722e+00 -4.8958e+00 -4.9520e+00 -4.9702e+00 -4.9799e+00 +4.9908e+00 -4.9517e+00 -4.9743e+00 +4.9891e+00 +4.9689e+00
2201 0 +1.446988592e+00 -1.815730114e+02 -1.815730114e+02 +4.8199e+00 -4.9300e+00 -4.9142e+00 -4.8502e+00 -4.9906e+00 +4.9594e+00 -4.9560e+00 -4.9923e+00 +4.9954e+00 +4.9747e+00
2251 0 +1.290239991e+00 -1.817297600e+02 -1.817297600e+02 +4.7495e+00 -4.9517e+00 -4.9307e+00 -4.9934e+00 -4.9680e+00 +4.9953e+00 -4.9778e+00 -4.9674e+00 +4.9963e+00 +4.9585e+00
2301 0 +7.461223968e-01 -1.822738776e+02 -1.822738776e+02 +4.8349e+00 -4.9733e+00 -4.9040e+00 -4.9650e+00 -4.9834e+00 +4.9932e+00 -4.9860e+00 -4.9986e+00 +4.9843e+00 +4.9955e+00
% f evaluations | g evaluations | best noise-free fitness - Fopt (-1.026200000000e+02) + sum g_i+ | measured fitness | best measured fitness or single-digit g-values | x1 | x2...
1 0 +2.043352336e+02 +1.017152336e+02 +1.017152336e+02 +5.9671e-01 -3.8264e-02 +7.4769e-01 +1.6230e+00 -1.3415e-01 -1.3414e-01 +1.6792e+00 +8.6743e-01 -3.6947e-01 +6.4256e-01
4 0 +1.998681640e+02 +9.724816397e+01 +9.724816397e+01 -5.0171e-01 +1.9523e+00 +8.6503e-02 -9.5771e-01 +9.2254e-01 -1.1208e+00 +3.0886e-01 -1.8597e+00 -1.2282e+00 +2.9686e-01
6 0 +1.862034921e+02 +8.358349206e+01 +8.358349206e+01 +4.2408e-01 -2.8508e-01 -5.7692e-01 +7.1168e-01 +1.1310e+00 +1.0313e+00 -7.3922e-01 -2.0921e-01 +4.3126e-01 +1.0755e+00
12 0 +1.823756481e+02 +7.975564808e+01 +7.975564808e+01 -1.8188e+00 +7.3486e-02 +1.6023e-01 +2.5632e+00 -9.2361e-02 +4.0155e-01 +6.5288e-02 -1.0687e+00 +1.2428e+00 +8.5193e-01
18 0 +1.811038233e+02 +7.848382325e+01 +7.848382325e+01 -7.8951e-01 -7.1581e-01 +2.2898e-02 +4.4115e-01 +3.7669e-01 +9.2718e-01 +1.1300e-01 +1.5535e+00 -1.6466e-01 +2.8202e+00
21 0 +1.732196751e+02 +7.059967508e+01 +7.059967508e+01 +4.5779e-01 +6.6078e-01 +1.1831e+00 +1.1538e+00 -1.2777e+00 -8.3783e-01 +6.1504e-01 +6.1379e-01 +6.1505e-01 +3.9527e+00
48 0 +1.603248356e+02 +5.770483557e+01 +5.770483557e+01 -1.7505e-01 -2.2019e+00 -1.4152e+00 +1.4669e+00 +1.7450e+00 -1.4904e-01 +6.7656e-01 +4.1125e-01 +3.1789e+00 +1.2196e+00
51 0 +1.274765106e+02 +2.485651059e+01 +2.485651059e+01 +2.9687e-01 -2.2441e+00 +4.0075e-02 -3.3757e-01 +1.3452e+00 -2.7299e-01 +2.4873e+00 +9.7739e-02 +2.8979e+00 +3.7451e+00
53 0 +1.256646473e+02 +2.304464726e+01 +2.304464726e+01 +2.5679e+00 -7.4374e-01 -7.3626e-01 -1.8643e-01 +3.5260e+00 +5.4128e-01 +2.3594e-01 -1.1957e+00 +1.7054e+00 +4.5437e+00
101 0 +9.596565771e+01 -6.654342289e+00 -6.654342289e+00 -7.0663e-01 -1.2380e+00 -3.0953e+00 +1.4311e+00 +4.7125e-02 +2.1697e+00 -7.4319e-01 -2.5536e+00 +4.8511e+00 +4.6649e+00
102 0 +9.254138506e+01 -1.007861494e+01 -1.007861494e+01 +2.1183e+00 -1.4283e+00 -4.5335e+00 -4.6824e-01 +2.5136e+00 +2.3159e+00 +4.8091e+00 -1.8110e+00 +4.5562e+00 +1.9736e+00
201 0 +7.953664908e+01 -2.308335092e+01 -2.308335092e+01 -4.1574e+00 -2.3112e+00 -1.6122e+00 -1.8041e+00 +2.5965e+00 +2.0385e+00 +1.4680e+00 -4.0104e+00 +2.2459e+00 +4.8296e+00
251 0 +6.878543476e+01 -3.383456524e+01 -3.383456524e+01 -9.1401e-01 -1.7202e+00 +1.6844e+00 -1.8686e+00 +2.4057e+00 +3.6818e+00 +2.7631e+00 -4.0270e+00 +4.6085e+00 +3.8636e+00
252 0 +6.512405627e+01 -3.749594373e+01 -3.749594373e+01 -3.7158e+00 -4.0099e+00 -2.2459e+00 -3.5206e-01 +1.1198e+00 +2.4774e+00 +1.9606e+00 -4.9069e+00 +3.3948e+00 +4.9003e+00
302 0 +6.133206611e+01 -4.128793389e+01 -4.128793389e+01 +7.0859e-01 -3.0731e+00 +1.8401e+00 +9.3158e-01 +3.5848e+00 +1.2087e+00 +4.9369e+00 -4.6695e+00 +4.6302e+00 +4.3755e+00
351 0 +5.386253757e+01 -4.875746243e+01 -4.875746243e+01 -5.8992e-01 -2.9262e+00 +2.5317e-01 +3.1362e-01 +2.4534e+00 +3.2259e+00 +4.6394e+00 -4.0893e+00 +4.4193e+00 +4.8527e+00
451 0 +4.580055028e+01 -5.681944972e+01 -5.681944972e+01 -1.6870e-01 -2.8167e+00 -4.5394e+00 +3.6233e-04 +3.0911e+00 +2.6152e+00 +4.9600e+00 -4.4926e+00 +3.9510e+00 +4.8623e+00
501 0 +3.449468665e+01 -6.812531335e+01 -6.812531335e+01 -1.6330e+00 -3.6022e+00 -4.6409e+00 -4.8790e+00 +2.7384e+00 +4.5624e+00 +4.2899e+00 -4.0367e+00 +4.0988e+00 +4.5451e+00
701 0 +3.238612663e+01 -7.023387337e+01 -7.023387337e+01 +1.8707e-01 -3.2084e+00 -3.8187e+00 -2.7411e+00 +2.4904e+00 +4.8490e+00 +4.9017e+00 -4.5215e+00 +4.6196e+00 +4.5748e+00
751 0 +2.915788347e+01 -7.346211653e+01 -7.346211653e+01 -1.3210e+00 -4.4976e+00 -2.5354e+00 -1.3065e+00 +3.6116e+00 +3.9649e+00 +4.4310e+00 -4.8082e+00 +4.9413e+00 +4.9067e+00
801 0 +2.321040435e+01 -7.940959565e+01 -7.940959565e+01 -5.1572e-01 -3.7938e+00 -3.8106e+00 -3.5875e+00 +4.9030e+00 +4.7416e+00 +4.8966e+00 -4.2962e+00 +4.9207e+00 +4.4371e+00
1001 0 +1.644228534e+01 -8.617771466e+01 -8.617771466e+01 -6.5319e-01 -3.3345e+00 -4.3529e+00 -4.6154e+00 +4.1022e+00 +4.4765e+00 +4.7349e+00 -4.8245e+00 +4.9198e+00 +4.9247e+00
1101 0 +1.561728938e+01 -8.700271062e+01 -8.700271062e+01 -8.2213e-01 -4.8970e+00 -3.7628e+00 -4.7688e+00 +4.9487e+00 +4.9309e+00 +4.8480e+00 -4.8894e+00 +4.9801e+00 +4.3169e+00
1201 0 +1.313258367e+01 -8.948741633e+01 -8.948741633e+01 -1.0831e+00 -4.9418e+00 -4.6393e+00 -4.9786e+00 +4.4279e+00 +4.9499e+00 +4.7327e+00 -4.1397e+00 +4.9921e+00 +4.9738e+00
1301 0 +1.129784421e+01 -9.132215579e+01 -9.132215579e+01 -2.5921e+00 -3.9416e+00 -3.7433e+00 -4.2830e+00 +4.7158e+00 +4.6876e+00 +4.9620e+00 -4.9952e+00 +4.8259e+00 +4.9585e+00
1501 0 +9.026713502e+00 -9.359328650e+01 -9.359328650e+01 -2.9116e+00 -4.8575e+00 -4.2276e+00 -4.6880e+00 +4.8005e+00 +4.7697e+00 +4.9966e+00 -4.7211e+00 +4.8324e+00 +4.9575e+00
1651 0 +6.199430320e+00 -9.642056968e+01 -9.642056968e+01 -3.4538e+00 -4.8040e+00 -4.4074e+00 -4.5880e+00 +4.9721e+00 +4.6979e+00 +4.9795e+00 -4.9023e+00 +4.9579e+00 +4.9646e+00
1801 0 +5.044309238e+00 -9.757569076e+01 -9.757569076e+01 -3.5847e+00 -4.8961e+00 -4.5592e+00 -4.7294e+00 +4.9286e+00 +4.8517e+00 +4.8710e+00 -4.9010e+00 +4.9812e+00 +4.9892e+00
1901 0 +4.234588219e+00 -9.838541178e+01 -9.838541178e+01 -4.2450e+00 -4.7570e+00 -4.7285e+00 -4.6982e+00 +4.7875e+00 +4.8773e+00 +4.9989e+00 -4.9686e+00 +4.9695e+00 +4.9400e+00
2001 0 +3.984314914e+00 -9.863568509e+01 -9.863568509e+01 -4.0382e+00 -4.9717e+00 -4.6055e+00 -4.9304e+00 +4.9945e+00 +4.8117e+00 +4.9406e+00 -4.9797e+00 +4.9840e+00 +4.9036e+00
2051 0 +2.632908077e+00 -9.998709192e+01 -9.998709192e+01 -4.4552e+00 -4.9716e+00 -4.8203e+00 -4.9018e+00 +4.9804e+00 +4.9277e+00 +4.9736e+00 -4.9418e+00 +4.9581e+00 +4.9570e+00
2251 0 +1.759092790e+00 -1.008609072e+02 -1.008609072e+02 -4.9484e+00 -4.7931e+00 -4.6792e+00 -4.9798e+00 +4.9461e+00 +4.9362e+00 +4.9833e+00 -4.9931e+00 +4.9752e+00 +4.9828e+00
2351 0 +1.479375390e+00 -1.011406246e+02 -1.011406246e+02 -4.9715e+00 -4.9632e+00 -4.8472e+00 -4.9518e+00 +4.8727e+00 +4.8723e+00 +4.9842e+00 -4.9953e+00 +4.9869e+00 +4.9971e+00
