% f evaluations | g evaluations | best noise-free fitness - Fopt (-9.210000000000e+00) + sum g_i+ | measured fitness | best measured fitness or single-digit g-values | x1 | x2...
1 0 +9.445828197e+01 +8.524828197e+01 +8.524828197e+01 +5.9671e-01 -3.8264e-02 +7.4769e-01 +1.6230e+00 -1.3415e-01
9 0 +9.389396990e+01 +8.468396990e+01 +8.468396990e+01 +8.3847e-01 +2.7137e-01 -1.5648e-02 -2.0110e-01 -1.3785e+00
10 0 +8.629682003e+01 +7.708682003e+01 +7.708682003e+01 -6.1984e-01 -3.6064e-01 +1.1571e+00 +4.4362e-01 -1.6630e+00
15 0 +6.968420319e+01 +6.047420319e+01 +6.047420319e+01 +4.6140e-01 +1.6380e+00 +6.4174e-02 +1.6646e+00 -2.5197e+00
26 0 +5.608978866e+01 +4.687978866e+01 +4.687978866e+01 -2.9241e-01 +3.1937e+00 +2.5978e+00 +1.4293e+00 -3.0090e+00
27 0 +5.580290599e+01 +4.659290599e+01 +4.659290599e+01 -1.2929e+00 +9.2058e-01 +1.8471e+00 -1.7655e-01 -4.6825e+00
51 0 +3.425603043e+01 +2.504603043e+01 +2.504603043e+01 +1.7601e+00 +3.1871e-01 +8.9609e-01 +4.9101e+00 -4.0792e+00
76 0 +2.650930958e+01 +1.729930958e+01 +1.729930958e+01 -4.7431e+00 +3.6388e+00 +3.5769e+00 +4.2892e+00 -4.4152e+00
101 0 +2.544770037e+01 +1.623770037e+01 +1.623770037e+01 -1.1691e+00 +1.3899e+00 +2.9096e+00 +4.6949e+00 -4.5467e+00
102 0 +2.290200979e+01 +1.369200979e+01 +1.369200979e+01 +3.8234e+00 +4.0047e+00 +2.3403e+00 +4.9028e+00 -3.9002e+00
126 0 +1.983899003e+01 +1.062899003e+01 +1.062899003e+01 +1.6616e+00 +4.7241e+00 +3.5530e+00 +3.8984e+00 -4.4760e+00
176 0 +1.667415167e+01 +7.464151674e+00 +7.464151674e+00 +4.0000e-01 +3.9989e+00 +3.9456e+00 +3.8420e+00 -4.9553e+00
201 0 +1.262466568e+01 +3.414665685e+00 +3.414665685e+00 +3.2328e+00 +4.1545e+00 +4.6767e+00 +4.9998e+00 -4.1669e+00
226 0 +1.154863035e+01 +2.338630348e+00 +2.338630348e+00 +1.7039e+00 +3.3579e+00 +4.5852e+00 +4.5334e+00 -4.8603e+00
251 0 +7.699474204e+00 -1.510525796e+00 -1.510525796e+00 +3.7878e+00 +4.2566e+00 +3.9914e+00 +4.7962e+00 -4.9170e+00
276 0 +6.928319074e+00 -2.281680926e+00 -2.281680926e+00 +3.7986e+00 +3.5745e+00 +4.2622e+00 +4.9458e+00 -4.9446e+00
351 0 +6.846561866e+00 -2.363438134e+00 -2.363438134e+00 +4.2279e+00 +4.6913e+00 +4.3432e+00 +4.8816e+00 -4.7217e+00
376 0 +4.712229601e+00 -4.497770399e+00 -4.497770399e+00 +4.8270e+00 +4.3799e+00 +4.2940e+00 +4.9862e+00 -4.8874e+00
401 0 +3.993886652e+00 -5.216113348e+00 -5.216113348e+00 +4.9110e+00 +4.7697e+00 +4.6484e+00 +4.8666e+00 -4.8366e+00
426 0 +2.122451237e+00 -7.087548763e+00 -7.087548763e+00 +4.7366e+00 +4.6317e+00 +4.8856e+00 +4.9202e+00 -4.9607e+00
427 0 +1.942659130e+00 -7.267340870e+00 -7.267340870e+00 +3.9854e+00 +4.9611e+00 +4.9443e+00 +4.9721e+00 -4.9474e+00
501 0 +1.008770836e+00 -8.201229164e+00 -8.201229164e+00 +4.9733e+00 +4.9437e+00 +4.8127e+00 +4.9791e+00 -4.9828e+00
576 0 +8.166402381e-01 -8.393359762e+00 -8.393359762e+00 +4.7418e+00 +4.9359e+00 +4.9123e+00 +4.9857e+00 -4.9913e+00
651 0 +2.891563484e-01 -8.920843652e+00 -8.920843652e+00 +4.9276e+00 +4.9921e+00 +4.9824e+00 +4.9851e+00 -4.9937e+00
801 0 +2.755425662e-01 -8.934457434e+00 -8.934457434e+00 +4.9238e+00 +4.9916e+00 +4.9805e+00 +4.9830e+00 -4.9973e+00
851 0 +1.859735646e-01 -9.024026435e+00 -9.024026435e+00 +4.9833e+00 +4.9906e+00 +4.9986e+00 +4.9975e+00 -4.9866e+00
901 0 +1.566385560e-01 -9.053361444e+00 -9.053361444e+00 +4.9401e+00 +4.9962e+00 +4.9882e+00 +4.9966e+00 -4.9967e+00
951 0 +1.406586297e-01 -9.069341370e+00 -9.069341370e+00 +4.9606e+00 +4.9879e+00 +4.9899e+00 +4.9916e+00 -5.0000e+00
976 0 +1.403943283e-01 -9.069605672e+00 -9.069605672e+00 +4.9819e+00 +4.9891e+00 +4.9850e+00 +4.9909e+00 -4.9996e+00
1001 0 +8.935153803e-02 -9.120648462e+00 -9.120648462e+00 +4.9533e+00 +4.9984e+00 +4.9987e+00 +4.9945e+00 -4.9995e+00
1026 0 +6.191099076e-02 -9.148089009e+00 -9.148089009e+00 +4.9729e+00 +4.9967e+00 +4.9986e+00 +4.9967e+00 -4.9994e+00
1051 0 +5.609144526e-02 -9.153908555e+00 -9.153908555e+00 +4.9844e+00 +4.9923e+00 +4.9996e+00 +4.9964e+00 -4.9994e+00
1101 0 +5.508636959e-02 -9.154913630e+00 -9.154913630e+00 +4.9897e+00 +4.9915e+00 +4.9985e+00 +4.9995e+00 -4.9978e+00
1126 0 +2.548213008e-02 -9.184517870e+00 -9.184517870e+00 +4.9903e+00 +4.9954e+00 +4.9995e+00 +4.9996e+00 -4.9996e+00
1176 0 +2.118118238e-02 -9.188818818e+00 -9.188818818e+00 +4.9973e+00 +4.9967e+00 +4.9979e+00 +4.9996e+00 -4.9996e+00
% f evaluations | g evaluations | best noise-free fitness - Fopt (6.559900000000e+02) + sum g_i+ | measured fitness | best measured fitness or single-digit g-values | x1 | x2...
1 0 +9.905099025e+01 +7.550409902e+02 +7.550409902e+02 +5.9671e-01 -3.8264e-02 +7.4769e-01 +1.6230e+00 -1.3415e-01
9 0 +9.476013873e+01 +7.507501387e+02 +7.507501387e+02 +8.3847e-01 +2.7137e-01 -1.5648e-02 -2.0110e-01 -1.3785e+00
10 0 +9.233247056e+01 +7.483224706e+02 +7.483224706e+02 -6.1984e-01 -3.6064e-01 +1.1571e+00 +4.4362e-01 -1.6630e+00
15 0 +7.591584835e+01 +7.319058484e+02 +7.319058484e+02 +4.6140e-01 +1.6380e+00 +6.4174e-02 +1.6646e+00 -2.5197e+00
26 0 +4.854169104e+01 +7.045316910e+02 +7.045316910e+02 +9.6693e-01 +1.7875e+00 -1.8171e+00 +1.2670e+00 -4.8619e+00
51 0 +2.699955760e+01 +6.829895576e+02 +6.829895576e+02 -4.8357e-01 +2.1341e+00 -2.6687e+00 +4.8183e+00 -4.9564e+00
76 0 +2.241427764e+01 +6.784042776e+02 +6.784042776e+02 +2.2635e-01 -1.5628e+00 -3.0223e+00 +4.2955e+00 -4.8687e+00
151 0 +2.085879087e+01 +6.768487909e+02 +6.768487909e+02 -1.6250e+00 -2.1399e+00 -4.5027e+00 +3.9333e+00 -4.8423e+00
176 0 +1.570948967e+01 +6.716994897e+02 +6.716994897e+02 +1.9881e+00 -4.0432e+00 -4.6654e+00 +3.7228e+00 -4.7244e+00
251 0 +1.484816452e+01 +6.708381645e+02 +6.708381645e+02 +1.3667e+00 -3.1040e+00 -4.5447e+00 +4.8482e+00 -4.4450e+00
276 0 +1.194465156e+01 +6.679346516e+02 +6.679346516e+02 +1.1952e+00 -3.8421e+00 -4.0330e+00 +4.7784e+00 -4.8223e+00
301 0 +8.463343073e+00 +6.644533431e+02 +6.644533431e+02 +1.1552e+00 -3.9518e+00 -4.8191e+00 +4.8719e+00 -4.8538e+00
351 0 +7.556169646e+00 +6.635461696e+02 +6.635461696e+02 +3.0862e+00 -4.6834e+00 -4.7570e+00 +4.2732e+00 -4.9776e+00
376 0 +5.810616527e+00 +6.618006165e+02 +6.618006165e+02 +3.4582e+00 -4.5214e+00 -4.5938e+00 +4.7598e+00 -4.9218e+00
451 0 +4.105699894e+00 +6.600956999e+02 +6.600956999e+02 +4.0278e+00 -4.7700e+00 -4.7322e+00 +4.7367e+00 -4.9603e+00
501 0 +3.447378676e+00 +6.594373787e+02 +6.594373787e+02 +3.4844e+00 -4.5074e+00 -4.9608e+00 +4.9007e+00 -4.9626e+00
526 0 +2.803587908e+00 +6.587935879e+02 +6.587935879e+02 +4.0123e+00 -4.6208e+00 -4.8761e+00 +4.8699e+00 -4.9982e+00
551 0 +2.453942971e+00 +6.584439430e+02 +6.584439430e+02 +4.5027e+00 -4.9619e+00 -4.7550e+00 +4.9614e+00 -4.9103e+00
576 0 +1.649303077e+00 +6.576393031e+02 +6.576393031e+02 +4.9325e+00 -4.8433e+00 -4.6991e+00 +4.9991e+00 -4.9654e+00
601 0 +1.632603874e+00 +6.576226039e+02 +6.576226039e+02 +4.5926e+00 -4.6465e+00 -4.9369e+00 +4.9520e+00 -4.9873e+00
651 0 +1.313921113e+00 +6.573039211e+02 +6.573039211e+02 +4.7991e+00 -4.8892e+00 -4.9254e+00 +4.9026e+00 -4.9868e+00
701 0 +8.797729570e-01 +6.568697730e+02 +6.568697730e+02 +4.9080e+00 -4.9645e+00 -4.9901e+00 +4.9654e+00 -4.9501e+00
726 0 +8.151458743e-01 +6.568051459e+02 +6.568051459e+02 +4.8683e+00 -4.9217e+00 -4.9424e+00 +4.9843e+00 -4.9726e+00
776 0 +5.140659476e-01 +6.565040659e+02 +6.565040659e+02 +4.9005e+00 -4.8591e+00 -4.9562e+00 +4.9961e+00 -4.9996e+00
901 0 +3.911955182e-01 +6.563811955e+02 +6.563811955e+02 +4.9661e+00 -4.9316e+00 -4.9747e+00 +4.9749e+00 -4.9986e+00
1001 0 +1.880654596e-01 +6.561780655e+02 +6.561780655e+02 +4.9993e+00 -4.9816e+00 -4.9848e+00 +4.9848e+00 -4.9979e+00
1126 0 +1.569102395e-01 +6.561469102e+02 +6.561469102e+02 +4.9690e+00 -4.9616e+00 -4.9936e+00 +4.9939e+00 -4.9997e+00
1151 0 +1.331037697e-01 +6.561231038e+02 +6.561231038e+02 +4.9739e+00 -4.9892e+00 -4.9902e+00 +4.9916e+00 -4.9991e+00
1176 0 +1.323300687e-01 +6.561223301e+02 +6.561223301e+02 +4.9993e+00 -4.9829e+00 -4.9955e+00 +4.9866e+00 -4.9989e+00
1201 0 +6.472733122e-02 +6.560547273e+02 +6.560547273e+02 +4.9993e+00 -4.9981e+00 -4.9890e+00 +4.9979e+00 -4.9986e+00
% f evaluations | g evaluations | best noise-free fitness - Fopt (6.671000000000e+01) + sum g_i+ | measured fitness | best measured fitness or single-digit g-values | x1 | x2...
1 0 +1.002444186e+02 +1.669544186e+02 +1.669544186e+02 +5.9671e-01 -3.8264e-02 +7.4769e-01 +1.6230e+00 -1.3415e-01
4 0 +9.846507666e+01 +1.651750767e+02 +1.651750767e+02 -4.6229e-01 -9.1283e-01 +4.1425e-01 -8.0802e-01 -1.3123e+00
9 0 +9.643707189e+01 +1.631470719e+02 +1.631470719e+02 +8.3847e-01 +2.7137e-01 -1.5648e-02 -2.0110e-01 -1.3785e+00
10 0 +9.109278215e+01 +1.578027821e+02 +1.578027821e+02 -6.1984e-01 -3.6064e-01 +1.1571e+00 +4.4362e-01 -1.6630e+00
15 0 +7.683863956e+01 +1.435486396e+02 +1.435486396e+02 +4.6140e-01 +1.6380e+00 +6.4174e-02 +1.6646e+00 -2.5197e+00
26 0 +5.845520693e+01 +1.251652069e+02 +1.251652069e+02 +7.3974e-01 +3.8932e-01 -1.2858e+00 -1.8169e-01 -4.7752e+00
28 0 +5.829832036e+01 +1.250083204e+02 +1.250083204e+02 +3.8614e-01 -5.3034e-01 -2.0906e+00 +1.3452e+00 -3.4789e+00
51 0 +3.341363934e+01 +1.001236393e+02 +1.001236393e+02 -2.2008e+00 -2.6422e-01 -1.4658e+00 +4.8675e+00 -3.9729e+00
76 0 +2.721103078e+01 +9.392103078e+01 +9.392103078e+01 -4.1194e+00 -8.6443e-01 -3.7537e+00 +3.3341e+00 -4.4333e+00
101 0 +2.291132167e+01 +8.962132167e+01 +8.962132167e+01 -3.5997e+00 -2.7905e+00 -3.9178e+00 +3.7940e+00 -4.2622e+00
126 0 +2.240071838e+01 +8.911071838e+01 +8.911071838e+01 -4.1430e+00 +6.0533e-01 -2.4405e+00 +4.8351e+00 -4.7445e+00
151 0 +1.906520324e+01 +8.577520324e+01 +8.577520324e+01 -2.5909e+00 -4.8502e+00 -4.8175e+00 +4.5921e+00 -3.6481e+00
201 0 +1.262338457e+01 +7.933338457e+01 +7.933338457e+01 -4.2131e+00 -4.3663e+00 -4.8887e+00 +4.4275e+00 -4.2862e+00
251 0 +1.159717970e+01 +7.830717970e+01 +7.830717970e+01 -3.6980e+00 -4.2806e+00 -4.8531e+00 +4.8490e+00 -4.2298e+00
276 0 +9.073617930e+00 +7.578361793e+01 +7.578361793e+01 -2.3875e+00 -3.3967e+00 -4.2101e+00 +4.8668e+00 -4.9637e+00
301 0 +6.278582620e+00 +7.298858262e+01 +7.298858262e+01 -3.2419e+00 -4.1429e+00 -4.9582e+00 +4.5490e+00 -4.9672e+00
326 0 +5.509817006e+00 +7.221981701e+01 +7.221981701e+01 -2.5965e+00 -4.2172e+00 -4.6453e+00 +4.9798e+00 -4.9521e+00
401 0 +4.899350540e+00 +7.160935054e+01 +7.160935054e+01 -2.5314e+00 -4.8136e+00 -4.9177e+00 +4.7505e+00 -4.9564e+00
426 0 +3.955237821e+00 +7.066523782e+01 +7.066523782e+01 -3.0630e+00 -4.8827e+00 -4.7847e+00 +4.8376e+00 -4.9784e+00
526 0 +3.445103070e+00 +7.015510307e+01 +7.015510307e+01 -3.2393e+00 -4.5292e+00 -4.9009e+00 +4.9622e+00 -4.9679e+00
576 0 +3.151321153e+00 +6.986132115e+01 +6.986132115e+01 -3.0312e+00 -5.0000e+00 -4.8871e+00 +4.9630e+00 -4.9382e+00
601 0 +2.814012325e+00 +6.952401233e+01 +6.952401233e+01 -3.1413e+00 -4.8698e+00 -4.9397e+00 +4.9323e+00 -4.9848e+00
651 0 +2.652980179e+00 +6.936298018e+01 +6.936298018e+01 -3.3565e+00 -4.9108e+00 -4.8539e+00 +4.9770e+00 -4.9741e+00
676 0 +2.532616364e+00 +6.924261636e+01 +6.924261636e+01 -3.2295e+00 -4.9878e+00 -4.9813e+00 +4.8980e+00 -4.9892e+00
701 0 +1.859739993e+00 +6.856973999e+01 +6.856973999e+01 -3.7589e+00 -4.9524e+00 -4.9867e+00 +4.9308e+00 -4.9897e+00
776 0 +1.744239869e+00 +6.845423987e+01 +6.845423987e+01 -3.6334e+00 -4.9846e+00 -4.8964e+00 +4.9961e+00 -4.9999e+00
801 0 +1.576343783e+00 +6.828634378e+01 +6.828634378e+01 -4.2277e+00 -4.8782e+00 -4.9584e+00 +4.9460e+00 -4.9848e+00
826 0 +1.275911293e+00 +6.798591129e+01 +6.798591129e+01 -4.2068e+00 -4.9813e+00 -4.9791e+00 +4.9649e+00 -4.9814e+00
901 0 +4.566639366e-01 +6.716666394e+01 +6.716666394e+01 -4.9970e+00 -4.9052e+00 -4.9616e+00 +4.9986e+00 -4.9845e+00
1076 0 +3.477965332e-01 +6.705779653e+01 +6.705779653e+01 -4.9727e+00 -4.9301e+00 -4.9495e+00 +4.9947e+00 -4.9993e+00
1176 0 +2.926937318e-01 +6.700269373e+01 +6.700269373e+01 -4.9324e+00 -4.9840e+00 -4.9619e+00 +4.9934e+00 -4.9961e+00
1201 0 +2.329569909e-01 +6.694295699e+01 +6.694295699e+01 -4.9414e+00 -4.9898e+00 -4.9587e+00 +4.9955e+00 -5.0000e+00
% f evaluations | g evaluations | best noise-free fitness - Fopt (9.416700000000e+02) + sum g_i+ | measured fitness | best measured fitness or single-digit g-values | x1 | x2...
1 0 +9.551562103e+01 +1.037185621e+03 +1.037185621e+03 +5.9671e-01 -3.8264e-02 +7.4769e-01 +1.6230e+00 -1.3415e-01
10 0 +8.377449861e+01 +1.025444499e+03 +1.025444499e+03 -6.1984e-01 -3.6064e-01 +1.1571e+00 +4.4362e-01 -1.6630e+00
15 0 +7.643276780e+01 +1.018102768e+03 +1.018102768e+03 +4.6140e-01 +1.6380e+00 +6.4174e-02 +1.6646e+00 -2.5197e+00
26 0 +5.768661558e+01 +9.993566156e+02 +9.993566156e+02 -2.2052e+00 -5.0554e-01 +3.3033e+00 +1.8173e+00 -2.6364e+00
27 0 +5.628386497e+01 +9.979538650e+02 +9.979538650e+02 -1.2562e+00 +9.5002e-01 +2.0380e+00 -1.5924e-01 -4.6420e+00
51 0 +3.432317846e+01 +9.759931785e+02 +9.759931785e+02 -1.8965e+00 -3.1502e-01 +3.0593e+00 +3.6953e+00 -4.0586e+00
76 0 +2.813717133e+01 +9.698071713e+02 +9.698071713e+02 +1.9509e+00 +4.5899e+00 +4.0451e+00 +4.8115e+00 -4.9947e+00
101 0 +1.835367219e+01 +9.600236722e+02 +9.600236722e+02 -2.1460e+00 -2.0336e+00 +4.9680e+00 +3.3199e+00 -4.9325e+00
176 0 +1.506905309e+01 +9.567390531e+02 +9.567390531e+02 -2.6710e-01 -3.9011e+00 +4.7490e+00 +4.4969e+00 -4.5241e+00
226 0 +1.261143237e+01 +9.542814324e+02 +9.542814324e+02 -2.6890e-01 -3.1443e+00 +4.7421e+00 +4.6048e+00 -4.8457e+00
251 0 +9.258103443e+00 +9.509281034e+02 +9.509281034e+02 -1.5402e+00 -3.9555e+00 +4.3453e+00 +4.6801e+00 -4.9928e+00
326 0 +7.754192642e+00 +9.494241926e+02 +9.494241926e+02 -2.7132e+00 -4.6852e+00 +4.5523e+00 +4.7162e+00 -4.8104e+00
351 0 +7.030932990e+00 +9.487009330e+02 +9.487009330e+02 -3.9034e+00 -4.7933e+00 +3.9646e+00 +4.6007e+00 -4.9953e+00
376 0 +3.634922274e+00 +9.453049223e+02 +9.453049223e+02 -3.9722e+00 -4.1320e+00 +4.8664e+00 +4.9094e+00 -4.9868e+00
526 0 +2.857116180e+00 +9.445271162e+02 +9.445271162e+02 -4.8937e+00 -4.5335e+00 +4.9935e+00 +4.9032e+00 -4.8644e+00
576 0 +2.656433325e+00 +9.443264333e+02 +9.443264333e+02 -4.4215e+00 -4.8757e+00 +4.9009e+00 +4.8671e+00 -4.9204e+00
601 0 +1.005365820e+00 +9.426753658e+02 +9.426753658e+02 -4.7300e+00 -4.9979e+00 +4.9007e+00 +4.9423e+00 -4.9907e+00
626 0 +7.402831402e-01 +9.424102831e+02 +9.424102831e+02 -4.7181e+00 -4.8496e+00 +4.9459e+00 +4.9988e+00 -4.9987e+00
701 0 +6.796741936e-01 +9.423496742e+02 +9.423496742e+02 -4.8285e+00 -4.9635e+00 +4.9087e+00 +4.9743e+00 -4.9990e+00
726 0 +6.391428020e-01 +9.423091428e+02 +9.423091428e+02 -4.9281e+00 -4.9322e+00 +4.9964e+00 +4.9671e+00 -4.9750e+00
776 0 +4.427161245e-01 +9.421127161e+02 +9.421127161e+02 -4.9964e+00 -4.8616e+00 +4.9907e+00 +4.9800e+00 -4.9949e+00
801 0 +3.822263317e-01 +9.420522263e+02 +9.420522263e+02 -4.9130e+00 -4.9717e+00 +4.9559e+00 +4.9912e+00 -4.9944e+00
826 0 +2.700122087e-01 +9.419400122e+02 +9.419400122e+02 -4.9842e+00 -4.9889e+00 +4.9784e+00 +4.9825e+00 -4.9932e+00
926 0 +2.255440521e-01 +9.418955441e+02 +9.418955441e+02 -4.9911e+00 -4.9744e+00 +4.9722e+00 +4.9873e+00 -4.9988e+00
951 0 +1.095745209e-01 +9.417795745e+02 +9.417795745e+02 -4.9990e+00 -4.9907e+00 +4.9775e+00 +4.9976e+00 -4.9993e+00
1051 0 +1.002514799e-01 +9.417702515e+02 +9.417702515e+02 -4.9773e+00 -4.9940e+00 +4.9846e+00 +4.9983e+00 -4.9991e+00
1101 0 +9.056508256e-02 +9.417605651e+02 +9.417605651e+02 -4.9824e+00 -4.9851e+00 +4.9930e+00 +4.9972e+00 -4.9992e+00
1151 0 +5.727022679e-02 +9.417272702e+02 +9.417272702e+02 -4.9791e+00 -4.9866e+00 +4.9976e+00 +4.9994e+00 -4.9998e+00
1201 0 +4.914135892e-02 +9.417191414e+02 +9.417191414e+02 -4.9744e+00 -4.9992e+00 +4.9933e+00 +4.9998e+00 -5.0000e+00
% f evaluations | g evaluations | best noise-free fitness - Fopt (-3.745000000000e+01) + sum g_i+ | measured fitness | best measured fitness or single-digit g-values | x1 | x2...
1 0 +1.127122172e+02 +7.526221717e+01 +7.526221717e+01 +5.9671e-01 -3.8264e-02 +7.4769e-01 +1.6230e+00 -1.3415e-01
2 0 +1.065727028e+02 +6.912270280e+01 +6.912270280e+01 -1.3414e-01 +1.6792e+00 +8.6743e-01 -3.6947e-01 +6.4256e-01
3 0 +8.130625686e+01 +4.385625686e+01 +4.385625686e+01 -3.6342e-01 -3.6573e-01 +3.4196e-01 -1.8133e+00 -1.6249e+00
26 0 +5.733791622e+01 +1.988791622e+01 +1.988791622e+01 +1.9395e+00 -1.1309e+00 +2.5685e+00 -2.6000e+00 -2.7810e+00
51 0 +3.971718562e+01 +2.267185623e+00 +2.267185623e+00 +3.4171e+00 -1.4434e-02 +1.1265e+00 -2.1362e+00 -4.9137e+00
76 0 +3.033825483e+01 -7.111745167e+00 -7.111745167e+00 +4.7675e+00 +8.3287e-01 +2.5656e+00 -4.4926e+00 -3.7856e+00
101 0 +9.532928223e+00 -2.791707178e+01 -2.791707178e+01 +3.3752e+00 +3.3352e+00 +4.0493e+00 -4.8685e+00 -4.8799e+00
326 0 +6.967408224e+00 -3.048259178e+01 -3.048259178e+01 +3.2904e+00 +4.1476e+00 +4.6988e+00 -4.5134e+00 -4.9947e+00
331 0 +6.374943048e+00 -3.107505695e+01 -3.107505695e+01 +2.2298e+00 +4.9758e+00 +4.9394e+00 -4.9396e+00 -4.6970e+00
376 0 +6.288554630e+00 -3.116144537e+01 -3.116144537e+01 +3.0057e+00 +4.4056e+00 +4.9282e+00 -4.7620e+00 -4.8328e+00
401 0 +3.636818340e+00 -3.381318166e+01 -3.381318166e+01 +4.3144e+00 +4.5079e+00 +4.8845e+00 -4.9711e+00 -4.8452e+00
451 0 +3.238473652e+00 -3.421152635e+01 -3.421152635e+01 +3.4042e+00 +4.7660e+00 +4.9617e+00 -4.8943e+00 -4.9489e+00
476 0 +2.767233650e+00 -3.468276635e+01 -3.468276635e+01 +3.6379e+00 +4.8867e+00 +4.7886e+00 -4.9323e+00 -4.9845e+00
526 0 +2.135631492e+00 -3.531436851e+01 -3.531436851e+01 +4.5987e+00 +4.9255e+00 +4.8184e+00 -4.8513e+00 -4.9809e+00
551 0 +1.960209219e+00 -3.548979078e+01 -3.548979078e+01 +4.5621e+00 +4.8269e+00 +4.7530e+00 -4.9608e+00 -4.9787e+00
601 0 +1.512822696e+00 -3.593717730e+01 -3.593717730e+01 +4.6727e+00 +4.9264e+00 +4.9813e+00 -4.8736e+00 -4.9715e+00
626 0 +1.347424602e+00 -3.610257540e+01 -3.610257540e+01 +4.9439e+00 +4.6907e+00 +4.9149e+00 -4.9573e+00 -4.9768e+00
651 0 +1.253030025e+00 -3.619696998e+01 -3.619696998e+01 +4.9564e+00 +4.7725e+00 +4.9107e+00 -4.9980e+00 -4.9489e+00
676 0 +9.106520380e-01 -3.653934796e+01 -3.653934796e+01 +4.8855e+00 +4.8404e+00 +4.8570e+00 -4.9986e+00 -4.9948e+00
701 0 +7.665333198e-01 -3.668346668e+01 -3.668346668e+01 +4.7990e+00 +4.9344e+00 +4.9299e+00 -4.9773e+00 -4.9901e+00
751 0 +6.444361360e-01 -3.680556386e+01 -3.680556386e+01 +4.7633e+00 +4.9290e+00 +4.9841e+00 -4.9864e+00 -4.9845e+00
851 0 +4.790428233e-01 -3.697095718e+01 -3.697095718e+01 +4.9097e+00 +4.9866e+00 +4.9447e+00 -4.9816e+00 -4.9913e+00
876 0 +3.787840841e-01 -3.707121592e+01 -3.707121592e+01 +4.9356e+00 +4.9649e+00 +4.9637e+00 -4.9884e+00 -4.9928e+00
901 0 +3.450198955e-01 -3.710498010e+01 -3.710498010e+01 +4.9783e+00 +4.9835e+00 +4.9597e+00 -4.9732e+00 -4.9984e+00
926 0 +2.854385828e-01 -3.716456142e+01 -3.716456142e+01 +4.9000e+00 +4.9786e+00 +4.9850e+00 -4.9892e+00 -4.9961e+00
951 0 +1.782040936e-01 -3.727179591e+01 -3.727179591e+01 +4.9356e+00 +4.9659e+00 +4.9947e+00 -4.9938e+00 -4.9999e+00
1126 0 +6.040221385e-02 -3.738959779e+01 -3.738959779e+01 +4.9998e+00 +4.9971e+00 +4.9973e+00 -4.9931e+00 -4.9992e+00
% f evaluations | g evaluations | best noise-free fitness - Fopt (-6.639000000000e+01) + sum g_i+ | measured fitness | best measured fitness or single-digit g-values | x1 | x2...
1 0 +1.003805078e+02 +3.399050779e+01 +3.399050779e+01 +5.9671e-01 -3.8264e-02 +7.4769e-01 +1.6230e+00 -1.3415e-01
9 0 +9.547193463e+01 +2.908193463e+01 +2.908193463e+01 +8.3847e-01 +2.7137e-01 -1.5648e-02 -2.0110e-01 -1.3785e+00
10 0 +9.237541515e+01 +2.598541515e+01 +2.598541515e+01 -6.1984e-01 -3.6064e-01 +1.1571e+00 +4.4362e-01 -1.6630e+00
15 0 +7.101286617e+01 +4.622866165e+00 +4.622866165e+00 +4.6140e-01 +1.6380e+00 +6.4174e-02 +1.6646e+00 -2.5197e+00
26 0 +5.479271036e+01 -1.159728964e+01 -1.159728964e+01 -8.7394e-01 +2.0538e+00 -4.1432e-01 +1.1513e+00 -4.0717e+00
28 0 +5.057105712e+01 -1.581894288e+01 -1.581894288e+01 -6.2285e-01 +1.2809e+00 -9.3982e-01 +3.9182e+00 -2.9343e+00
51 0 +4.505371449e+01 -2.133628551e+01 -2.133628551e+01 -4.4797e-01 +1.1759e+00 -1.7048e+00 +3.7817e+00 -3.3570e+00
52 0 +3.676972944e+01 -2.962027056e+01 -2.962027056e+01 -1.1353e+00 +2.3975e+00 -7.7550e-01 +4.3307e+00 -3.8846e+00
53 0 +2.936451644e+01 -3.702548356e+01 -3.702548356e+01 -1.5415e+00 +1.7946e+00 -9.8001e-02 +4.7693e+00 -4.6593e+00
61 0 +2.589644153e+01 -4.049355847e+01 -4.049355847e+01 +5.1051e-01 +4.6316e+00 -1.9024e+00 +4.0772e+00 -4.5254e+00
76 0 +1.983114548e+01 -4.655885452e+01 -4.655885452e+01 -1.5042e+00 +4.6609e+00 -2.4321e+00 +4.0908e+00 -4.7501e+00
131 0 +1.775497305e+01 -4.863502695e+01 -4.863502695e+01 -4.3785e+00 -5.7810e-01 -4.1719e+00 +4.2743e+00 -4.9486e+00
201 0 +1.731280368e+01 -4.907719632e+01 -4.907719632e+01 -1.3825e+00 +4.2271e+00 -2.4199e+00 +4.4171e+00 -4.9116e+00
202 0 +1.632800657e+01 -5.006199343e+01 -5.006199343e+01 -3.7805e+00 +4.2468e+00 -3.8108e+00 +3.5401e+00 -4.8201e+00
203 0 +1.576825382e+01 -5.062174618e+01 -5.062174618e+01 -1.1048e+00 +4.7904e+00 -4.4711e+00 +3.9757e+00 -4.5932e+00
226 0 +1.413378991e+01 -5.225621009e+01 -5.225621009e+01 -2.3447e+00 +4.6345e+00 -4.9891e+00 +4.5295e+00 -4.1852e+00
228 0 +1.321119440e+01 -5.317880560e+01 -5.317880560e+01 -4.4413e+00 +4.4081e+00 -3.5301e+00 +4.6162e+00 -4.5206e+00
251 0 +9.621619668e+00 -5.676838033e+01 -5.676838033e+01 -3.6167e+00 +3.4355e+00 -3.6541e+00 +4.9457e+00 -4.9105e+00
252 0 +6.783929450e+00 -5.960607055e+01 -5.960607055e+01 -4.3433e+00 +4.8200e+00 -4.7169e+00 +4.9490e+00 -4.5375e+00
326 0 +5.673386124e+00 -6.071661388e+01 -6.071661388e+01 -4.2054e+00 +4.6388e+00 -4.2039e+00 +4.7900e+00 -4.9462e+00
376 0 +5.059452810e+00 -6.133054719e+01 -6.133054719e+01 -4.3132e+00 +4.0538e+00 -4.6658e+00 +4.8576e+00 -4.9167e+00
401 0 +4.524135869e+00 -6.186586413e+01 -6.186586413e+01 -3.8529e+00 +4.8139e+00 -4.7888e+00 +4.9429e+00 -4.7943e+00
426 0 +3.884265043e+00 -6.250573496e+01 -6.250573496e+01 -3.6265e+00 +4.4601e+00 -4.9381e+00 +4.9532e+00 -4.8908e+00
451 0 +3.810681657e+00 -6.257931834e+01 -6.257931834e+01 -3.9035e+00 +4.9709e+00 -4.7897e+00 +4.7010e+00 -4.9684e+00
452 0 +3.802918643e+00 -6.258708136e+01 -6.258708136e+01 -4.1577e+00 +4.9915e+00 -4.8849e+00 +4.9490e+00 -4.7705e+00
476 0 +2.134260837e+00 -6.425573916e+01 -6.425573916e+01 -3.8541e+00 +4.9705e+00 -4.7726e+00 +4.9942e+00 -4.9816e+00
526 0 +1.844237853e+00 -6.454576215e+01 -6.454576215e+01 -4.6066e+00 +4.8090e+00 -4.7978e+00 +4.9898e+00 -4.9586e+00
551 0 +1.650325097e+00 -6.473967490e+01 -6.473967490e+01 -4.4801e+00 +4.8961e+00 -4.8397e+00 +4.9967e+00 -4.9580e+00
576 0 +1.146653653e+00 -6.524334635e+01 -6.524334635e+01 -4.7972e+00 +4.7138e+00 -4.9855e+00 +4.9820e+00 -4.9712e+00
651 0 +1.081361324e+00 -6.530863868e+01 -6.530863868e+01 -4.7073e+00 +4.8339e+00 -4.9266e+00 +4.9942e+00 -4.9771e+00
676 0 +1.015222347e+00 -6.537477765e+01 -6.537477765e+01 -4.8872e+00 +4.8019e+00 -4.9518e+00 +4.9380e+00 -4.9951e+00
701 0 +9.217200814e-01 -6.546827992e+01 -6.546827992e+01 -4.8193e+00 +4.9044e+00 -4.9844e+00 +4.9538e+00 -4.9738e+00
726 0 +7.040364174e-01 -6.568596358e+01 -6.568596358e+01 -4.8583e+00 +4.9415e+00 -4.9623e+00 +4.9645e+00 -4.9861e+00
751 0 +5.469116059e-01 -6.584308839e+01 -6.584308839e+01 -4.8295e+00 +4.9037e+00 -4.9966e+00 +4.9717e+00 -4.9964e+00
801 0 +5.406653535e-01 -6.584933465e+01 -6.584933465e+01 -4.7369e+00 +4.8820e+00 -4.9881e+00 +4.9988e+00 -4.9976e+00
826 0 +4.174984669e-01 -6.597250153e+01 -6.597250153e+01 -4.8455e+00 +4.9887e+00 -4.9659e+00 +4.9838e+00 -4.9956e+00
901 0 +3.901762508e-01 -6.599982375e+01 -6.599982375e+01 -4.9506e+00 +4.9589e+00 -4.9959e+00 +4.9790e+00 -4.9863e+00
926 0 +2.759815335e-01 -6.611401847e+01 -6.611401847e+01 -4.8751e+00 +4.9918e+00 -4.9691e+00 +4.9966e+00 -4.9980e+00
1051 0 +1.076430817e-01 -6.628235692e+01 -6.628235692e+01 -4.9955e+00 +4.9914e+00 -4.9958e+00 +4.9953e+00 -4.9952e+00
1076 0 +8.702510735e-02 -6.630297489e+01 -6.630297489e+01 -4.9989e+00 +4.9576e+00 -4.9995e+00 +4.9993e+00 -4.9995e+00
1101 0 +7.585731028e-02 -6.631414269e+01 -6.631414269e+01 -4.9821e+00 +4.9948e+00 -4.9978e+00 +4.9976e+00 -4.9972e+00
1126 0 +6.567125398e-02 -6.632432875e+01 -6.632432875e+01 -4.9784e+00 +4.9923e+00 -4.9954e+00 +4.9988e+00 -4.9991e+00
1201 0 +5.438759508e-02 -6.633561240e+01 -6.633561240e+01 -4.9966e+00 +4.9927e+00 -4.9915e+00 +4.9980e+00 -5.0000e+00
1226 0 +5.302458007e-02 -6.633697542e+01 -6.633697542e+01 -4.9678e+00 +4.9987e+00 -4.9992e+00 +4.9972e+00 -4.9999e+00
% f evaluations | g evaluations | best noise-free fitness - Fopt (-2.260100000000e+02) + sum g_i+ | measured fitness | best measured fitness or single-digit g-values | x1 | x2...
1 0 +9.565171027e+01 -1.303582897e+02 -1.303582897e+02 +5.9671e-01 -3.8264e-02 +7.4769e-01 +1.6230e+00 -1.3415e-01
9 0 +9.557090306e+01 -1.304390969e+02 -1.304390969e+02 +8.3847e-01 +2.7137e-01 -1.5648e-02 -2.0110e-01 -1.3785e+00
10 0 +8.505713161e+01 -1.409528684e+02 -1.409528684e+02 -6.1984e-01 -3.6064e-01 +1.1571e+00 +4.4362e-01 -1.6630e+00
15 0 +7.060699440e+01 -1.554030056e+02 -1.554030056e+02 +4.6140e-01 +1.6380e+00 +6.4174e-02 +1.6646e+00 -2.5197e+00
26 0 +5.810307744e+01 -1.679069226e+02 -1.679069226e+02 +3.8413e-01 +1.1098e+00 +2.8780e-01 +3.2355e+00 -2.9023e+00
30 0 +5.629452150e+01 -1.697154785e+02 -1.697154785e+02 -8.7241e-01 +1.3749e+00 -5.4896e-01 +1.1230e+00 -4.3629e+00
31 0 +5.358142429e+01 -1.724285757e+02 -1.724285757e+02 -8.1612e-01 +8.2233e-01 -4.5342e-01 +4.0028e+00 -3.0884e+00
51 0 +4.164264787e+01 -1.843673521e+02 -1.843673521e+02 -4.2896e-01 +6.4914e-01 +1.5656e+00 +3.9014e+00 -3.7704e+00
52 0 +4.117355546e+01 -1.848364445e+02 -1.848364445e+02 -1.4328e+00 +2.1525e+00 +2.8899e+00 +2.4885e+00 -3.8253e+00
53 0 +3.860881936e+01 -1.874011806e+02 -1.874011806e+02 -1.2696e+00 +2.6772e-01 +1.9151e+00 +4.8418e+00 -3.4182e+00
54 0 +3.721948459e+01 -1.887905154e+02 -1.887905154e+02 -4.4015e-01 +3.4726e+00 +3.6132e+00 +3.1315e+00 -3.4949e+00
58 0 +2.095766325e+01 -2.050523367e+02 -2.050523367e+02 +6.4681e-01 +3.4047e+00 +4.9050e+00 +2.9497e+00 -4.9356e+00
77 0 +1.944696497e+01 -2.065630350e+02 -2.065630350e+02 -3.1135e+00 +4.5656e+00 +2.2619e+00 +3.8074e+00 -4.8577e+00
126 0 +1.479212836e+01 -2.112178716e+02 -2.112178716e+02 -1.9566e+00 +2.8973e+00 +4.4826e+00 +4.2113e+00 -4.8062e+00
151 0 +1.127243583e+01 -2.147375642e+02 -2.147375642e+02 -1.7524e+00 +4.5827e+00 +4.5847e+00 +4.2798e+00 -4.8081e+00
152 0 +1.115258687e+01 -2.148574131e+02 -2.148574131e+02 -4.7036e+00 +3.1046e+00 +4.8792e+00 +4.0348e+00 -4.8324e+00
176 0 +4.902423689e+00 -2.211075763e+02 -2.211075763e+02 -2.4350e+00 +4.3216e+00 +4.8217e+00 +4.9092e+00 -4.9944e+00
326 0 +1.573700229e+00 -2.244362998e+02 -2.244362998e+02 -4.3312e+00 +4.9505e+00 +4.9312e+00 +4.9810e+00 -4.9507e+00
601 0 +7.764386478e-01 -2.252335614e+02 -2.252335614e+02 -4.8312e+00 +4.9071e+00 +4.9240e+00 +4.9685e+00 -4.9975e+00
751 0 +6.622814425e-01 -2.253477186e+02 -2.253477186e+02 -4.7635e+00 +4.8768e+00 +4.9997e+00 +4.9997e+00 -4.9796e+00
776 0 +6.212448057e-01 -2.253887552e+02 -2.253887552e+02 -4.9913e+00 +4.9259e+00 +4.9849e+00 +4.9720e+00 -4.9724e+00
801 0 +4.603639933e-01 -2.255496360e+02 -2.255496360e+02 -4.9525e+00 +4.9721e+00 +4.9805e+00 +4.9766e+00 -4.9830e+00
826 0 +2.871752469e-01 -2.257228248e+02 -2.257228248e+02 -4.9998e+00 +4.9825e+00 +4.9622e+00 +4.9894e+00 -4.9923e+00
851 0 +1.877381249e-01 -2.258222619e+02 -2.258222619e+02 -4.9915e+00 +4.9867e+00 +4.9831e+00 +4.9905e+00 -4.9951e+00
951 0 +1.816543131e-01 -2.258283457e+02 -2.258283457e+02 -4.9922e+00 +4.9800e+00 +4.9810e+00 +4.9895e+00 -4.9981e+00
1001 0 +1.068810017e-01 -2.259031190e+02 -2.259031190e+02 -4.9896e+00 +4.9723e+00 +4.9964e+00 +4.9997e+00 -4.9966e+00
1076 0 +7.320985954e-02 -2.259367901e+02 -2.259367901e+02 -4.9933e+00 +4.9775e+00 +4.9977e+00 +4.9990e+00 -4.9986e+00
1176 0 +6.453526307e-02 -2.259454647e+02 -2.259454647e+02 -4.9992e+00 +4.9966e+00 +4.9945e+00 +4.9945e+00 -4.9991e+00
1226 0 +5.503015713e-02 -2.259549698e+02 -2.259549698e+02 -4.9981e+00 +4.9913e+00 +4.9945e+00 +4.9989e+00 -4.9986e+00
% f evaluations | g evaluations | best noise-free fitness - Fopt (1.000000000000e+03) + sum g_i+ | measured fitness | best measured fitness or single-digit g-values | x1 | x2...
1 0 +9.565171027e+01 +1.095651710e+03 +1.095651710e+03 +5.9671e-01 -3.8264e-02 +7.4769e-01 +1.6230e+00 -1.3415e-01
9 0 +9.557090306e+01 +1.095570903e+03 +1.095570903e+03 +8.3847e-01 +2.7137e-01 -1.5648e-02 -2.0110e-01 -1.3785e+00
10 0 +8.505713161e+01 +1.085057132e+03 +1.085057132e+03 -6.1984e-01 -3.6064e-01 +1.1571e+00 +4.4362e-01 -1.6630e+00
15 0 +7.060699440e+01 +1.070606994e+03 +1.070606994e+03 +4.6140e-01 +1.6380e+00 +6.4174e-02 +1.6646e+00 -2.5197e+00
26 0 +5.408574250e+01 +1.054085742e+03 +1.054085742e+03 -1.2761e+00 +8.2035e-01 +1.5872e+00 -3.5829e-01 -4.7995e+00
28 0 +5.358142429e+01 +1.053581424e+03 +1.053581424e+03 -8.1612e-01 +8.2233e-01 -4.5342e-01 +4.0028e+00 -3.0884e+00
51 0 +3.399882347e+01 +1.033998823e+03 +1.033998823e+03 -4.5139e+00 -2.6960e+00 +3.9501e-01 +4.5069e+00 -4.7508e+00
76 0 +2.413086873e+01 +1.024130869e+03 +1.024130869e+03 -9.3466e-01 +1.8919e+00 +1.9695e+00 +4.6697e+00 -4.6902e+00
151 0 +1.294831840e+01 +1.012948318e+03 +1.012948318e+03 -2.5371e+00 +2.3216e+00 +4.0513e+00 +4.9014e+00 -4.7832e+00
176 0 +1.290279004e+01 +1.012902790e+03 +1.012902790e+03 -1.5394e+00 +2.9289e+00 +4.0342e+00 +4.5763e+00 -4.9678e+00
251 0 +9.360528490e+00 +1.009360528e+03 +1.009360528e+03 -2.0280e+00 +3.8962e+00 +4.3462e+00 +4.7882e+00 -4.8833e+00
276 0 +8.013640786e+00 +1.008013641e+03 +1.008013641e+03 -2.0345e+00 +3.5931e+00 +4.9115e+00 +4.7920e+00 -4.8903e+00
301 0 +4.355516507e+00 +1.004355517e+03 +1.004355517e+03 -2.9182e+00 +4.9369e+00 +4.8796e+00 +4.8700e+00 -4.8950e+00
426 0 +4.099246202e+00 +1.004099246e+03 +1.004099246e+03 -2.9637e+00 +4.6761e+00 +4.9569e+00 +4.8395e+00 -4.9552e+00
501 0 +3.089053728e+00 +1.003089054e+03 +1.003089054e+03 -3.3284e+00 +4.8415e+00 +4.8737e+00 +4.9274e+00 -4.9672e+00
551 0 +2.605464717e+00 +1.002605465e+03 +1.002605465e+03 -3.9298e+00 +4.5208e+00 +4.9821e+00 +4.9973e+00 -4.9389e+00
576 0 +1.676765133e+00 +1.001676765e+03 +1.001676765e+03 -4.2095e+00 +4.9596e+00 +4.8828e+00 +4.9655e+00 -4.9750e+00
701 0 +1.258150544e+00 +1.001258151e+03 +1.001258151e+03 -3.9710e+00 +4.9943e+00 +4.9482e+00 +4.9984e+00 -4.9954e+00
726 0 +5.223880153e-01 +1.000522388e+03 +1.000522388e+03 -4.8395e+00 +4.9597e+00 +4.9269e+00 +4.9935e+00 -4.9978e+00
951 0 +3.818663272e-01 +1.000381866e+03 +1.000381866e+03 -4.8254e+00 +4.9501e+00 +4.9871e+00 +4.9899e+00 -4.9979e+00
1051 0 +3.527700961e-01 +1.000352770e+03 +1.000352770e+03 -4.9758e+00 +4.9301e+00 +4.9752e+00 +4.9896e+00 -4.9933e+00
1076 0 +2.411192293e-01 +1.000241119e+03 +1.000241119e+03 -4.9783e+00 +4.9687e+00 +4.9958e+00 +4.9952e+00 -4.9876e+00
1126 0 +2.223719496e-01 +1.000222372e+03 +1.000222372e+03 -4.9501e+00 +4.9898e+00 +4.9680e+00 +4.9972e+00 -4.9962e+00
1151 0 +2.042045710e-01 +1.000204205e+03 +1.000204205e+03 -4.9685e+00 +4.9565e+00 +4.9990e+00 +4.9873e+00 -4.9979e+00
1176 0 +8.433349300e-02 +1.000084333e+03 +1.000084333e+03 -4.9924e+00 +4.9949e+00 +4.9981e+00 +4.9961e+00 -4.9960e+00
% f evaluations | g evaluations | best noise-free fitness - Fopt (-1.830200000000e+02) + sum g_i+ | measured fitness | best measured fitness or single-digit g-values | x1 | x2...
1 0 +1.173049255e+02 -6.571507455e+01 -6.571507455e+01 +5.9671e-01 -3.8264e-02 +7.4769e-01 +1.6230e+00 -1.3415e-01
3 0 +8.216827678e+01 -1.008517232e+02 -1.008517232e+02 -3.6342e-01 -3.6573e-01 +3.4196e-01 -1.8133e+00 -1.6249e+00
26 0 +6.967032890e+01 -1.133496711e+02 -1.133496711e+02 +7.1256e-02 -9.5506e-01 -2.7561e-01 -1.4545e+00 -2.7329e+00
37 0 +5.755922175e+01 -1.254607782e+02 -1.254607782e+02 +1.5472e+00 -8.5716e-01 -1.0887e+00 -1.3509e+00 -3.6150e+00
51 0 +4.500750987e+01 -1.380124901e+02 -1.380124901e+02 +1.1270e+00 -1.3973e+00 -1.2287e+00 -1.2030e+00 -4.8550e+00
52 0 +3.602985481e+01 -1.469901452e+02 -1.469901452e+02 +1.4475e+00 -2.1854e+00 -1.0148e+00 -3.1030e+00 -4.5798e+00
67 0 +3.233558423e+01 -1.506844158e+02 -1.506844158e+02 +2.5658e+00 +3.1576e-01 -2.6686e+00 -3.6762e+00 -4.4368e+00
76 0 +2.794057814e+01 -1.550794219e+02 -1.550794219e+02 +1.0545e+00 -1.4663e+00 -1.7615e+00 -3.7285e+00 -4.9680e+00
78 0 +1.975368810e+01 -1.632663119e+02 -1.632663119e+02 +2.1619e+00 +1.2516e+00 -4.9019e+00 -4.3966e+00 -4.7905e+00
87 0 +1.926029228e+01 -1.637597077e+02 -1.637597077e+02 +3.9618e+00 -3.7756e+00 -3.9830e+00 -4.0929e+00 -4.2273e+00
151 0 +1.777060703e+01 -1.652493930e+02 -1.652493930e+02 +1.8916e+00 -2.3177e+00 -4.5697e+00 -3.5065e+00 -4.9867e+00
176 0 +1.441409547e+01 -1.686059045e+02 -1.686059045e+02 +8.7120e-01 -2.8309e+00 -4.3270e+00 -4.8612e+00 -4.6481e+00
201 0 +1.112745907e+01 -1.718925409e+02 -1.718925409e+02 +1.5036e+00 -3.6250e+00 -4.8280e+00 -4.6130e+00 -4.7534e+00
226 0 +9.166491328e+00 -1.738535087e+02 -1.738535087e+02 +2.8088e+00 -3.0150e+00 -4.5651e+00 -4.6334e+00 -4.9991e+00
251 0 +8.555381756e+00 -1.744646182e+02 -1.744646182e+02 +2.8242e+00 -2.8246e+00 -4.8923e+00 -4.8854e+00 -4.8474e+00
276 0 +7.600302612e+00 -1.754196974e+02 -1.754196974e+02 +2.2182e+00 -3.5862e+00 -4.8481e+00 -4.7774e+00 -4.9428e+00
301 0 +6.241074994e+00 -1.767789250e+02 -1.767789250e+02 +3.7111e+00 -4.1614e+00 -4.4018e+00 -4.8690e+00 -4.9167e+00
401 0 +3.386562835e+00 -1.796334372e+02 -1.796334372e+02 +4.3490e+00 -4.7328e+00 -4.5298e+00 -4.9328e+00 -4.9604e+00
451 0 +3.308404301e+00 -1.797115957e+02 -1.797115957e+02 +3.6146e+00 -4.9035e+00 -4.9901e+00 -4.9049e+00 -4.8814e+00
476 0 +3.299904265e+00 -1.797200957e+02 -1.797200957e+02 +4.1666e+00 -4.6570e+00 -4.8161e+00 -4.9580e+00 -4.8961e+00
501 0 +1.908532256e+00 -1.811114677e+02 -1.811114677e+02 +3.4935e+00 -4.9779e+00 -4.9878e+00 -4.9631e+00 -4.9883e+00
601 0 +1.691891360e+00 -1.813281086e+02 -1.813281086e+02 +4.2639e+00 -4.7057e+00 -4.9483e+00 -4.9692e+00 -4.9904e+00
651 0 +1.583194920e+00 -1.814368051e+02 -1.814368051e+02 +4.2517e+00 -4.8906e+00 -4.8282e+00 -4.9897e+00 -4.9961e+00
701 0 +1.182564499e+00 -1.818374355e+02 -1.818374355e+02 +4.5285e+00 -4.7326e+00 -4.9574e+00 -4.9927e+00 -4.9940e+00
726 0 +1.037855566e+00 -1.819821444e+02 -1.819821444e+02 +4.5554e+00 -4.8265e+00 -4.9746e+00 -4.9823e+00 -4.9895e+00
826 0 +7.729720499e-01 -1.822470280e+02 -1.822470280e+02 +4.7585e+00 -4.9544e+00 -4.9789e+00 -4.9372e+00 -4.9970e+00
851 0 +6.871780597e-01 -1.823328219e+02 -1.823328219e+02 +4.9452e+00 -4.9789e+00 -4.9677e+00 -4.9400e+00 -4.9845e+00
876 0 +4.529125182e-01 -1.825670875e+02 -1.825670875e+02 +4.9320e+00 -4.9968e+00 -4.9678e+00 -4.9552e+00 -4.9975e+00
901 0 +3.678199048e-01 -1.826521801e+02 -1.826521801e+02 +4.9082e+00 -4.9440e+00 -4.9795e+00 -4.9931e+00 -4.9927e+00
976 0 +2.907722497e-01 -1.827292278e+02 -1.827292278e+02 +4.8723e+00 -4.9912e+00 -4.9977e+00 -4.9835e+00 -4.9952e+00
1001 0 +2.290397293e-01 -1.827909603e+02 -1.827909603e+02 +4.9578e+00 -4.9680e+00 -4.9829e+00 -4.9962e+00 -4.9946e+00
1051 0 +1.451595715e-01 -1.828748404e+02 -1.828748404e+02 +4.9378e+00 -4.9737e+00 -4.9970e+00 -4.9983e+00 -4.9983e+00
1101 0 +1.142088770e-01 -1.829057911e+02 -1.829057911e+02 +4.9633e+00 -4.9695e+00 -4.9973e+00 -4.9976e+00 -4.9999e+00
1176 0 +8.221096798e-02 -1.829377890e+02 -1.829377890e+02 +4.9967e+00 -4.9685e+00 -4.9929e+00 -5.0000e+00 -4.9999e+00
% f evaluations | g evaluations | best noise-free fitness - Fopt (-1.026200000000e+02) + sum g_i+ | measured fitness | best measured fitness or single-digit g-values | x1 | x2...
1 0 +1.211814213e+02 +1.856142126e+01 +1.856142126e+01 +5.9671e-01 -3.8264e-02 +7.4769e-01 +1.6230e+00 -1.3415e-01
2 0 +1.049115861e+02 +2.291586100e+00 +2.291586100e+00 -1.3414e-01 +1.6792e+00 +8.6743e-01 -3.6947e-01 +6.4256e-01
7 0 +9.645233344e+01 -6.167666560e+00 -6.167666560e+00 -5.0171e-01 +1.9523e+00 +8.6503e-02 -9.5771e-01 +9.2254e-01
8 0 +9.149225038e+01 -1.112774962e+01 -1.112774962e+01 -1.1208e+00 +3.0886e-01 -1.8597e+00 -1.2282e+00 +2.9686e-01
13 0 +8.881636009e+01 -1.380363991e+01 -1.380363991e+01 -3.7917e-01 -8.5659e-02 -1.0063e+00 -1.0962e+00 +9.1253e-01
26 0 +8.115687683e+01 -2.146312317e+01 -2.146312317e+01 -7.7331e-01 -9.7663e-02 -1.6469e+00 -1.3072e+00 +1.3157e+00
28 0 +8.019983246e+01 -2.242016754e+01 -2.242016754e+01 +4.0950e-01 -5.8325e-01 -1.7124e+00 -1.0401e+00 +1.5728e+00
32 0 +7.991229363e+01 -2.270770637e+01 -2.270770637e+01 -7.4719e-01 +1.3542e+00 -2.9405e-01 -2.0600e+00 +1.7055e+00
34 0 +6.622577222e+01 -3.639422778e+01 -3.639422778e+01 -6.2391e-01 +6.2765e-01 -1.7424e+00 -2.0117e+00 +2.5264e+00
51 0 +6.575169749e+01 -3.686830251e+01 -3.686830251e+01 -3.6480e-01 +5.9618e-01 -1.4704e+00 -1.3938e+00 +3.0276e+00
53 0 +6.367994004e+01 -3.894005996e+01 -3.894005996e+01 +8.1580e-01 -4.4771e-01 -1.4787e+00 -2.1837e+00 +2.7204e+00
57 0 +4.873788574e+01 -5.388211426e+01 -5.388211426e+01 -2.0747e-01 -1.1060e-02 +1.0243e-01 -3.7611e+00 +3.8029e+00
63 0 +4.226774397e+01 -6.035225603e+01 -6.035225603e+01 -9.6337e-01 +9.1441e-01 -1.2645e+00 -3.4864e+00 +4.2611e+00
81 0 +3.532144062e+01 -6.729855938e+01 -6.729855938e+01 -2.0842e+00 +3.7318e-01 -2.4221e+00 -4.9853e+00 +3.5384e+00
96 0 +2.973113659e+01 -7.288886341e+01 -7.288886341e+01 -2.4734e+00 -2.1472e+00 -2.8260e+00 -4.6130e+00 +3.6920e+00
117 0 +2.005731951e+01 -8.256268049e+01 -8.256268049e+01 -3.8522e+00 -4.4307e+00 -4.7108e+00 -4.2615e+00 +3.7170e+00
201 0 +1.572285664e+01 -8.689714336e+01 -8.689714336e+01 -1.4895e+00 -2.1612e+00 -3.7698e+00 -4.5300e+00 +4.9369e+00
226 0 +1.020447417e+01 -9.241552583e+01 -9.241552583e+01 -2.9089e+00 -2.7377e+00 -4.8990e+00 -4.9117e+00 +4.6726e+00
227 0 +9.775485586e+00 -9.284451441e+01 -9.284451441e+01 -4.1851e+00 -2.2833e+00 -4.7751e+00 -4.9866e+00 +4.6657e+00
276 0 +9.026549030e+00 -9.359345097e+01 -9.359345097e+01 -2.9679e+00 -3.7878e+00 -3.6910e+00 -4.9189e+00 +4.9757e+00
351 0 +6.774650412e+00 -9.584534959e+01 -9.584534959e+01 -3.7841e+00 -3.2227e+00 -4.8543e+00 -4.9342e+00 +4.8432e+00
376 0 +6.246560672e+00 -9.637343933e+01 -9.637343933e+01 -3.1956e+00 -3.2820e+00 -4.7469e+00 -4.9632e+00 +4.9620e+00
401 0 +5.303213918e+00 -9.731678608e+01 -9.731678608e+01 -3.8129e+00 -3.5952e+00 -4.9037e+00 -4.9305e+00 +4.9077e+00
426 0 +2.870744324e+00 -9.974925568e+01 -9.974925568e+01 -4.2472e+00 -3.8903e+00 -4.9697e+00 -4.9989e+00 +4.9957e+00
501 0 +2.563378106e+00 -1.000566219e+02 -1.000566219e+02 -3.8952e+00 -4.3805e+00 -4.9772e+00 -4.9625e+00 +4.9926e+00
601 0 +2.295498429e+00 -1.003245016e+02 -1.003245016e+02 -4.7404e+00 -4.9937e+00 -4.7504e+00 -4.9281e+00 +4.9169e+00
676 0 +1.156489942e+00 -1.014635101e+02 -1.014635101e+02 -4.6881e+00 -4.8489e+00 -4.9553e+00 -4.9607e+00 +4.9787e+00
726 0 +7.902170485e-01 -1.018297830e+02 -1.018297830e+02 -4.6803e+00 -4.9125e+00 -4.9829e+00 -4.9835e+00 +4.9832e+00
776 0 +6.418063057e-01 -1.019781937e+02 -1.019781937e+02 -4.7614e+00 -4.9238e+00 -4.9666e+00 -4.9867e+00 +4.9913e+00
801 0 +6.191973418e-01 -1.020008027e+02 -1.020008027e+02 -4.7259e+00 -4.9046e+00 -4.9843e+00 -4.9988e+00 +4.9881e+00
876 0 +4.964138744e-01 -1.021235861e+02 -1.021235861e+02 -4.7954e+00 -4.9150e+00 -4.9626e+00 -4.9964e+00 +4.9998e+00
926 0 +2.466590773e-01 -1.023733409e+02 -1.023733409e+02 -4.9888e+00 -4.9800e+00 -4.9712e+00 -4.9937e+00 +4.9926e+00
1051 0 +2.005723361e-01 -1.024194277e+02 -1.024194277e+02 -4.9734e+00 -4.9972e+00 -4.9664e+00 -4.9940e+00 +4.9971e+00
1076 0 +1.814325403e-01 -1.024385675e+02 -1.024385675e+02 -4.9560e+00 -4.9779e+00 -4.9950e+00 -4.9954e+00 +4.9944e+00
1101 0 +1.478262478e-01 -1.024721738e+02 -1.024721738e+02 -4.9753e+00 -4.9760e+00 -4.9883e+00 -4.9982e+00 +4.9967e+00
1126 0 +9.713800426e-02 -1.025228620e+02 -1.025228620e+02 -4.9480e+00 -4.9909e+00 -4.9978e+00 -4.9991e+00 +4.9983e+00
1151 0 +8.072587606e-02 -1.025392741e+02 -1.025392741e+02 -4.9410e+00 -4.9955e+00 -4.9977e+00 -4.9991e+00 +4.9998e+00
1176 0 +7.470622029e-02 -1.025452938e+02 -1.025452938e+02 -4.9939e+00 -4.9907e+00 -4.9993e+00 -4.9995e+00 +4.9953e+00
