% f evaluations | g evaluations | best noise-free fitness - Fopt (-9.210000000000e+00) + sum g_i+ | measured fitness | best measured fitness or single-digit g-values | x1 | x2...
1 0 +5.478592886e+01 +4.557592886e+01 +4.557592886e+01 +5.9671e-01 -3.8264e-02
2 0 +3.802201290e+01 +2.881201290e+01 +2.881201290e+01 +7.4769e-01 +1.6230e+00
11 0 +1.234073653e+01 +3.130736534e+00 +3.130736534e+00 +2.9752e+00 +3.9684e+00
21 0 +9.023154737e+00 -1.868452631e-01 -1.868452631e-01 +2.8361e+00 +4.3141e+00
22 0 +8.189651749e+00 -1.020348251e+00 -1.020348251e+00 +1.2967e-01 +4.6681e+00
31 0 +3.507182174e+00 -5.702817826e+00 -5.702817826e+00 +4.1019e+00 +4.7391e+00
61 0 +1.377176991e+00 -7.832823009e+00 -7.832823009e+00 +4.4547e+00 +4.9168e+00
91 0 +8.782226872e-01 -8.331777313e+00 -8.331777313e+00 +4.3845e+00 +4.9737e+00
121 0 +7.954481376e-01 -8.414551862e+00 -8.414551862e+00 +4.2811e+00 +4.9923e+00
141 0 +7.415011664e-01 -8.468498834e+00 -8.468498834e+00 +4.4514e+00 +4.9807e+00
171 0 +5.602312859e-01 -8.649768714e+00 -8.649768714e+00 +4.4492e+00 +4.9991e+00
261 0 +4.512282970e-01 -8.758771703e+00 -8.758771703e+00 +4.5711e+00 +4.9978e+00
371 0 +4.455806405e-01 -8.764419360e+00 -8.764419360e+00 +4.5546e+00 +5.0000e+00
% f evaluations | g evaluations | best noise-free fitness - Fopt (6.559900000000e+02) + sum g_i+ | measured fitness | best measured fitness or single-digit g-values | x1 | x2...
1 0 +5.402064284e+01 +7.100106428e+02 +7.100106428e+02 +5.9671e-01 -3.8264e-02
3 0 +5.379278381e+01 +7.097827838e+02 +7.097827838e+02 -1.3415e-01 -1.3414e-01
6 0 +5.170612016e+01 +7.076961202e+02 +7.076961202e+02 -3.6342e-01 -3.6573e-01
7 0 +3.652523528e+01 +6.925152353e+02 +6.925152353e+02 +3.4196e-01 -1.8133e+00
11 0 +1.604787544e+01 +6.720378754e+02 +6.720378754e+02 +7.1269e-01 -3.8239e+00
21 0 +8.342838397e+00 +6.643328384e+02 +6.643328384e+02 +8.6239e-01 -4.5795e+00
51 0 +6.325642121e+00 +6.623156421e+02 +6.623156421e+02 -4.3800e-02 -4.8718e+00
81 0 +5.123468647e+00 +6.611134686e+02 +6.611134686e+02 +3.2831e-01 -4.9548e+00
91 0 +4.634550572e+00 +6.606245506e+02 +6.606245506e+02 +3.6682e-01 -4.9999e+00
131 0 +4.634334217e+00 +6.606243342e+02 +6.606243342e+02 +3.7014e-01 -4.9996e+00
211 0 +4.632003810e+00 +6.606220038e+02 +6.606220038e+02 +3.7485e-01 -4.9993e+00
231 0 +4.629742537e+00 +6.606197425e+02 +6.606197425e+02 +3.7102e-01 -4.9999e+00
% f evaluations | g evaluations | best noise-free fitness - Fopt (6.671000000000e+01) + sum g_i+ | measured fitness | best measured fitness or single-digit g-values | x1 | x2...
1 0 +5.521407114e+01 +1.219240711e+02 +1.219240711e+02 +5.9671e-01 -3.8264e-02
3 0 +5.352447706e+01 +1.202344771e+02 +1.202344771e+02 -1.3415e-01 -1.3414e-01
6 0 +5.097928477e+01 +1.176892848e+02 +1.176892848e+02 -3.6342e-01 -3.6573e-01
7 0 +3.720915982e+01 +1.039191598e+02 +1.039191598e+02 +3.4196e-01 -1.8133e+00
11 0 +1.905722729e+01 +8.576722729e+01 +8.576722729e+01 -2.5946e+00 -3.3348e+00
12 0 +1.591826641e+01 +8.262826641e+01 +8.262826641e+01 +4.8888e-01 -3.9571e+00
21 0 +6.305270221e+00 +7.301527022e+01 +7.301527022e+01 -9.8516e-01 -4.7710e+00
31 0 +5.239570316e+00 +7.194957032e+01 +7.194957032e+01 -3.6565e+00 -4.6104e+00
41 0 +2.881432879e+00 +6.959143288e+01 +6.959143288e+01 -4.8489e+00 -4.7270e+00
71 0 +2.853912139e+00 +6.956391214e+01 +6.956391214e+01 -2.3173e+00 -4.9829e+00
81 0 +2.834118742e+00 +6.954411874e+01 +6.954411874e+01 -3.0928e+00 -4.9073e+00
91 0 +1.681928236e+00 +6.839192824e+01 +6.839192824e+01 -3.5724e+00 -4.9746e+00
111 0 +1.246190146e+00 +6.795619015e+01 +6.795619015e+01 -3.9087e+00 -4.9845e+00
121 0 +2.873252392e-01 +6.699732524e+01 +6.699732524e+01 -4.8939e+00 -4.9819e+00
181 0 +2.447091674e-01 +6.695470917e+01 +6.695470917e+01 -4.8274e+00 -4.9928e+00
191 0 +1.309834521e-01 +6.684098345e+01 +6.684098345e+01 -4.9212e+00 -4.9948e+00
201 0 +1.037798431e-01 +6.681377984e+01 +6.681377984e+01 -4.9274e+00 -4.9969e+00
% f evaluations | g evaluations | best noise-free fitness - Fopt (9.416700000000e+02) + sum g_i+ | measured fitness | best measured fitness or single-digit g-values | x1 | x2...
1 0 +5.521407114e+01 +9.968840711e+02 +9.968840711e+02 +5.9671e-01 -3.8264e-02
3 0 +5.352447706e+01 +9.951944771e+02 +9.951944771e+02 -1.3415e-01 -1.3414e-01
6 0 +5.097928477e+01 +9.926492848e+02 +9.926492848e+02 -3.6342e-01 -3.6573e-01
7 0 +3.720915982e+01 +9.788791598e+02 +9.788791598e+02 +3.4196e-01 -1.8133e+00
11 0 +1.591826641e+01 +9.575882664e+02 +9.575882664e+02 +4.8888e-01 -3.9571e+00
21 0 +6.305270221e+00 +9.479752702e+02 +9.479752702e+02 -9.8516e-01 -4.7710e+00
31 0 +4.001169292e+00 +9.456711693e+02 +9.456711693e+02 -2.8089e+00 -4.8190e+00
41 0 +1.849538541e+00 +9.435195385e+02 +9.435195385e+02 -4.5241e+00 -4.8626e+00
61 0 +9.083641214e-01 +9.425783641e+02 +9.425783641e+02 -4.3978e+00 -4.9694e+00
91 0 +3.855454032e-01 +9.420555454e+02 +9.420555454e+02 -4.7634e+00 -4.9851e+00
% f evaluations | g evaluations | best noise-free fitness - Fopt (-3.745000000000e+01) + sum g_i+ | measured fitness | best measured fitness or single-digit g-values | x1 | x2...
1 0 +5.478592886e+01 +1.733592886e+01 +1.733592886e+01 +5.9671e-01 -3.8264e-02
2 0 +3.802201290e+01 +5.720128978e-01 +5.720128978e-01 +7.4769e-01 +1.6230e+00
11 0 +2.812370669e+01 -9.326293313e+00 -9.326293313e+00 +1.8426e-01 +2.6692e+00
12 0 +2.645784583e+01 -1.099215417e+01 -1.099215417e+01 +1.4512e+00 +2.7091e+00
13 0 +1.626669899e+01 -2.118330101e+01 -2.118330101e+01 +1.3468e+00 +3.7386e+00
17 0 +1.404735777e+01 -2.340264223e+01 -2.340264223e+01 +1.7866e+00 +3.9166e+00
19 0 +1.364219927e+01 -2.380780073e+01 -2.380780073e+01 +2.4802e+00 +3.8878e+00
21 0 +1.196393021e+01 -2.548606979e+01 -2.548606979e+01 +2.3434e+00 +4.0693e+00
23 0 +1.184833460e+01 -2.560166540e+01 -2.560166540e+01 +9.6896e-01 +4.2183e+00
31 0 +9.963023704e+00 -2.748697630e+01 -2.748697630e+01 +8.8639e-01 +4.4151e+00
32 0 +8.394009197e+00 -2.905599080e+01 -2.905599080e+01 +2.8781e+00 +4.3728e+00
38 0 +2.316331732e+00 -3.513366827e+01 -3.513366827e+01 +4.3918e+00 +4.8292e+00
% f evaluations | g evaluations | best noise-free fitness - Fopt (-6.639000000000e+01) + sum g_i+ | measured fitness | best measured fitness or single-digit g-values | x1 | x2...
1 0 +5.597935716e+01 -1.041064284e+01 -1.041064284e+01 +5.9671e-01 -3.8264e-02
2 0 +3.951738997e+01 -2.687261003e+01 -2.687261003e+01 +7.4769e-01 +1.6230e+00
11 0 +3.917470693e+01 -2.721529307e+01 -2.721529307e+01 +7.1924e-01 +1.6545e+00
13 0 +3.761001880e+01 -2.877998120e+01 -2.877998120e+01 +4.3319e-01 +1.7823e+00
17 0 +3.475646790e+01 -3.163353210e+01 -3.163353210e+01 +1.0548e+00 +2.1298e+00
18 0 +3.417609867e+01 -3.221390133e+01 -3.221390133e+01 +1.0754e+00 +2.1899e+00
19 0 +3.310617664e+01 -3.328382336e+01 -3.328382336e+01 +1.2312e-01 +2.2017e+00
21 0 +2.637171100e+01 -4.001828900e+01 -4.001828900e+01 +5.1055e-01 +2.9139e+00
24 0 +2.299891043e+01 -4.339108957e+01 -4.339108957e+01 +1.9302e-01 +3.2194e+00
25 0 +2.252219284e+01 -4.386780716e+01 -4.386780716e+01 +3.7143e-01 +3.2849e+00
28 0 +2.115213084e+01 -4.523786916e+01 -4.523786916e+01 +1.0247e+00 +3.4873e+00
31 0 +1.886524236e+01 -4.752475764e+01 -4.752475764e+01 +7.9454e-01 +3.6929e+00
33 0 +1.641785465e+01 -4.997214535e+01 -4.997214535e+01 +1.2102e+00 +3.9792e+00
38 0 +1.102970254e+01 -5.536029746e+01 -5.536029746e+01 +9.5197e-01 +4.4922e+00
41 0 +5.848881154e+00 -6.054111885e+01 -6.054111885e+01 +3.1845e-01 +4.9470e+00
131 0 +5.758535726e+00 -6.063146427e+01 -6.063146427e+01 +6.5209e-01 +4.9894e+00
171 0 +5.700180760e+00 -6.068981924e+01 -6.068981924e+01 +6.5225e-01 +4.9952e+00
181 0 +5.675290205e+00 -6.071470980e+01 -6.071470980e+01 +6.5820e-01 +4.9983e+00
191 0 +5.673968546e+00 -6.071603145e+01 -6.071603145e+01 +6.5070e-01 +4.9977e+00
211 0 +5.672128750e+00 -6.071787125e+01 -6.071787125e+01 +6.5049e-01 +4.9978e+00
221 0 +5.657791258e+00 -6.073220874e+01 -6.073220874e+01 +6.5413e-01 +4.9996e+00
261 0 +5.657230070e+00 -6.073276993e+01 -6.073276993e+01 +6.5211e-01 +4.9995e+00
281 0 +5.652656516e+00 -6.073734348e+01 -6.073734348e+01 +6.5222e-01 +5.0000e+00
351 0 +5.652396245e+00 -6.073760375e+01 -6.073760375e+01 +6.5227e-01 +5.0000e+00
361 0 +5.652289177e+00 -6.073771082e+01 -6.073771082e+01 +6.5226e-01 +5.0000e+00
% f evaluations | g evaluations | best noise-free fitness - Fopt (-2.260100000000e+02) + sum g_i+ | measured fitness | best measured fitness or single-digit g-values | x1 | x2...
1 0 +5.597935716e+01 -1.700306428e+02 -1.700306428e+02 +5.9671e-01 -3.8264e-02
2 0 +3.951738997e+01 -1.864926100e+02 -1.864926100e+02 +7.4769e-01 +1.6230e+00
11 0 +2.835903512e+01 -1.976509649e+02 -1.976509649e+02 +2.2795e-01 +2.6869e+00
16 0 +2.565316407e+01 -2.003568359e+02 -2.003568359e+02 -6.4958e-01 +2.8697e+00
21 0 +9.424289075e+00 -2.165857109e+02 -2.165857109e+02 -2.7333e-01 +4.5302e+00
25 0 +6.752809669e+00 -2.192571903e+02 -2.192571903e+02 -1.4574e+00 +4.6790e+00
31 0 +6.237925504e+00 -2.197720745e+02 -2.197720745e+02 -2.2590e+00 +4.6503e+00
32 0 +5.334822320e+00 -2.206751777e+02 -2.206751777e+02 -2.9044e+00 +4.6761e+00
41 0 +4.771145080e+00 -2.212388549e+02 -2.212388549e+02 -2.0180e+00 +4.8211e+00
51 0 +4.580398227e+00 -2.214296018e+02 -2.214296018e+02 -2.8936e+00 +4.7526e+00
71 0 +2.647877218e+00 -2.233621228e+02 -2.233621228e+02 -2.3679e+00 +4.9984e+00
91 0 +2.378048156e+00 -2.236319518e+02 -2.236319518e+02 -2.8417e+00 +4.9780e+00
101 0 +2.136774266e+00 -2.238732257e+02 -2.238732257e+02 -3.3391e+00 +4.9524e+00
121 0 +1.652821822e+00 -2.243571782e+02 -2.243571782e+02 -3.3946e+00 +4.9953e+00
221 0 +1.613131575e+00 -2.243968684e+02 -2.243968684e+02 -3.4243e+00 +4.9963e+00
241 0 +1.583226881e+00 -2.244267731e+02 -2.244267731e+02 -3.4341e+00 +4.9983e+00
251 0 +1.572438059e+00 -2.244375619e+02 -2.244375619e+02 -3.4304e+00 +4.9997e+00
281 0 +1.571749399e+00 -2.244382506e+02 -2.244382506e+02 -3.4318e+00 +4.9996e+00
321 0 +1.569836878e+00 -2.244401631e+02 -2.244401631e+02 -3.4309e+00 +4.9999e+00
381 0 +1.569729869e+00 -2.244402701e+02 -2.244402701e+02 -3.4303e+00 +5.0000e+00
411 0 +1.569719736e+00 -2.244402803e+02 -2.244402803e+02 -3.4303e+00 +5.0000e+00
% f evaluations | g evaluations | best noise-free fitness - Fopt (1.000000000000e+03) + sum g_i+ | measured fitness | best measured fitness or single-digit g-values | x1 | x2...
1 0 +5.597935716e+01 +1.055979357e+03 +1.055979357e+03 +5.9671e-01 -3.8264e-02
2 0 +3.951738997e+01 +1.039517390e+03 +1.039517390e+03 +7.4769e-01 +1.6230e+00
11 0 +1.938081330e+01 +1.019380813e+03 +1.019380813e+03 +3.0642e+00 +3.8683e+00
12 0 +1.821222908e+01 +1.018212229e+03 +1.018212229e+03 +1.8708e+00 +3.8659e+00
21 0 +1.015881783e+01 +1.010158818e+03 +1.010158818e+03 +4.8962e+00 +4.9737e+00
31 0 +5.896065513e+00 +1.005896066e+03 +1.005896066e+03 +8.1399e-02 +4.9185e+00
61 0 +5.873108296e+00 +1.005873108e+03 +1.005873108e+03 -8.9085e-01 +4.8236e+00
71 0 +3.935271664e+00 +1.003935272e+03 +1.003935272e+03 -2.8195e+00 +4.8245e+00
101 0 +2.586189739e+00 +1.002586190e+03 +1.002586190e+03 -2.4775e+00 +4.9936e+00
111 0 +7.415153946e-01 +1.000741515e+03 +1.000741515e+03 -4.8593e+00 +4.9399e+00
% f evaluations | g evaluations | best noise-free fitness - Fopt (-1.830200000000e+02) + sum g_i+ | measured fitness | best measured fitness or single-digit g-values | x1 | x2...
1 0 +5.402064284e+01 -1.289993572e+02 -1.289993572e+02 +5.9671e-01 -3.8264e-02
3 0 +5.379278381e+01 -1.292272162e+02 -1.292272162e+02 -1.3415e-01 -1.3414e-01
6 0 +5.170612016e+01 -1.313138798e+02 -1.313138798e+02 -3.6342e-01 -3.6573e-01
7 0 +3.652523528e+01 -1.464947647e+02 -1.464947647e+02 +3.4196e-01 -1.8133e+00
11 0 +2.572339036e+01 -1.572966096e+02 -1.572966096e+02 +4.8099e-01 -2.8796e+00
15 0 +2.247578114e+01 -1.605442189e+02 -1.605442189e+02 -5.9599e-01 -3.3120e+00
20 0 +1.604787544e+01 -1.669721246e+02 -1.669721246e+02 +7.1269e-01 -3.8239e+00
21 0 +5.469512460e+00 -1.775504875e+02 -1.775504875e+02 +4.7721e-01 -4.9053e+00
33 0 +3.883945125e+00 -1.791360549e+02 -1.791360549e+02 +4.0439e+00 -4.7072e+00
37 0 +2.234000837e+00 -1.807859992e+02 -1.807859992e+02 +4.6972e+00 -4.8069e+00
61 0 +1.998612954e+00 -1.810213870e+02 -1.810213870e+02 +3.4362e+00 -4.9565e+00
% f evaluations | g evaluations | best noise-free fitness - Fopt (-1.026200000000e+02) + sum g_i+ | measured fitness | best measured fitness or single-digit g-values | x1 | x2...
1 0 +5.521407114e+01 -4.740592886e+01 -4.740592886e+01 +5.9671e-01 -3.8264e-02
3 0 +5.352447706e+01 -4.909552294e+01 -4.909552294e+01 -1.3415e-01 -1.3414e-01
6 0 +5.097928477e+01 -5.164071523e+01 -5.164071523e+01 -3.6342e-01 -3.6573e-01
7 0 +3.720915982e+01 -6.541084018e+01 -6.541084018e+01 +3.4196e-01 -1.8133e+00
11 0 +3.458592465e+01 -6.803407535e+01 -6.803407535e+01 +4.0247e-01 -2.0817e+00
12 0 +3.287480404e+01 -6.974519596e+01 -6.974519596e+01 -6.9640e-01 -2.1429e+00
13 0 +2.985160330e+01 -7.276839670e+01 -7.276839670e+01 +5.3479e-01 -2.5683e+00
14 0 +2.779274153e+01 -7.482725847e+01 -7.482725847e+01 -4.0767e-01 -2.6800e+00
15 0 +2.675407610e+01 -7.586592390e+01 -7.586592390e+01 -3.1656e-01 -2.7929e+00
17 0 +2.555963603e+01 -7.706036397e+01 -7.706036397e+01 +3.0883e-01 -2.9749e+00
21 0 +1.462284636e+01 -8.799715364e+01 -8.799715364e+01 -2.4198e-01 -4.0135e+00
23 0 +7.848287121e+00 -9.477171288e+01 -9.477171288e+01 -4.4436e-01 -4.6707e+00
26 0 +7.103974783e+00 -9.551602522e+01 -9.551602522e+01 -5.5189e-01 -4.7344e+00
27 0 +6.324376814e+00 -9.629562319e+01 -9.629562319e+01 -2.5998e-01 -4.8416e+00
31 0 +5.082349391e+00 -9.753765061e+01 -9.753765061e+01 -5.6693e-01 -4.9351e+00
41 0 +3.674604545e+00 -9.894539545e+01 -9.894539545e+01 -1.4244e+00 -4.9901e+00
81 0 +2.729235008e+00 -9.989076499e+01 -9.989076499e+01 -3.9780e+00 -4.8293e+00
111 0 +1.838594487e+00 -1.007814055e+02 -1.007814055e+02 -4.6529e+00 -4.8508e+00
121 0 +1.651932124e+00 -1.009680679e+02 -1.009680679e+02 -3.7252e+00 -4.9623e+00
141 0 +8.145284873e-01 -1.018054715e+02 -1.018054715e+02 -4.8533e+00 -4.9332e+00
191 0 +4.421458489e-01 -1.021778542e+02 -1.021778542e+02 -4.7424e+00 -4.9815e+00
