% f evaluations | g evaluations | best noise-free fitness - Fopt (-1.694000000000e+01) + sum g_i+ | measured fitness | best measured fitness or single-digit g-values | x1 | x2...
1 0 +4.225253210e+01 +2.531253210e+01 +2.531253210e+01 +5.9671e-01 -3.8264e-02 +7.4769e-01 +1.6230e+00 -1.3415e-01
5 0 +3.530483772e+01 +1.836483772e+01 +1.836483772e+01 +1.5656e+00 -1.2578e-01 +1.6753e-01 -1.3247e+00 -4.4438e-01
27 0 +3.101716354e+01 +1.407716354e+01 +1.407716354e+01 +1.8019e+00 -1.4647e-01 -1.7787e+00 +1.2804e+00 +1.2572e+00
52 0 +2.066819565e+01 +3.728195655e+00 +3.728195655e+00 +4.2551e+00 +1.5145e+00 -7.5073e-01 +2.9868e+00 +1.5521e+00
59 0 +2.001016367e+01 +3.070163674e+00 +3.070163674e+00 +3.9780e+00 -8.1424e-01 -2.3582e+00 +1.9635e+00 +1.1472e+00
105 0 +1.577833498e+01 -1.161665017e+00 -1.161665017e+00 +4.4671e+00 +3.6895e+00 -1.3799e+00 +2.7418e+00 +1.8280e+00
113 0 +1.285066776e+01 -4.089332242e+00 -4.089332242e+00 +3.6103e+00 +3.1172e+00 -1.9827e-02 +1.3018e+00 +1.1241e+00
151 0 +7.794576178e+00 -9.145423822e+00 -9.145423822e+00 +1.6974e+00 +1.6153e+00 -2.6143e+00 +2.9862e+00 +5.1166e-01
204 0 +5.562951189e+00 -1.137704881e+01 -1.137704881e+01 +3.1771e+00 +1.2281e+00 -2.3686e+00 +2.2862e+00 +1.4558e+00
252 0 +3.320014104e+00 -1.361998590e+01 -1.361998590e+01 +3.4177e+00 +2.0298e+00 -1.5385e+00 +1.7289e+00 +1.5482e+00
279 0 +3.245064463e+00 -1.369493554e+01 -1.369493554e+01 +3.5106e+00 +1.9185e+00 -1.8795e+00 +1.8049e+00 +1.1137e+00
296 0 +2.958394018e+00 -1.398160598e+01 -1.398160598e+01 +4.1255e+00 +2.6072e+00 -1.4645e+00 +1.8922e+00 +1.6958e+00
304 0 +2.454641913e+00 -1.448535809e+01 -1.448535809e+01 +3.2893e+00 +1.7639e+00 -1.8705e+00 +1.8848e+00 +1.2037e+00
326 0 +1.707081714e+00 -1.523291829e+01 -1.523291829e+01 +3.2304e+00 +2.0145e+00 -1.7669e+00 +1.8863e+00 +1.2666e+00
329 0 +1.647439752e+00 -1.529256025e+01 -1.529256025e+01 +3.4199e+00 +2.3403e+00 -1.6688e+00 +1.5087e+00 +1.3819e+00
333 0 +1.580792529e+00 -1.535920747e+01 -1.535920747e+01 +3.7163e+00 +2.4146e+00 -1.5603e+00 +1.4171e+00 +1.4304e+00
351 0 +9.113580698e-01 -1.602864193e+01 -1.602864193e+01 +3.7598e+00 +2.6876e+00 -1.5435e+00 +1.5772e+00 +1.4689e+00
454 0 +7.144341113e-01 -1.622556589e+01 -1.622556589e+01 +3.4437e+00 +2.4284e+00 -1.6885e+00 +1.7235e+00 +1.3920e+00
478 0 +5.968174356e-01 -1.634318256e+01 -1.634318256e+01 +3.7857e+00 +2.7986e+00 -1.3805e+00 +1.3469e+00 +1.4020e+00
588 0 +5.583481161e-01 -1.638165188e+01 -1.638165188e+01 +3.2676e+00 +2.3439e+00 -1.7487e+00 +1.6720e+00 +1.3402e+00
605 0 +4.587478074e-01 -1.648125219e+01 -1.648125219e+01 +3.4411e+00 +2.4355e+00 -1.6713e+00 +1.5607e+00 +1.3441e+00
638 0 +2.889672594e-01 -1.665103274e+01 -1.665103274e+01 +3.4871e+00 +2.3494e+00 -1.6715e+00 +1.6368e+00 +1.3670e+00
726 0 +2.226306922e-01 -1.671736931e+01 -1.671736931e+01 +3.3623e+00 +2.3656e+00 -1.7044e+00 +1.6515e+00 +1.3533e+00
781 0 +2.204117604e-01 -1.671958824e+01 -1.671958824e+01 +3.3544e+00 +2.3690e+00 -1.7015e+00 +1.6408e+00 +1.3442e+00
786 0 +2.064824469e-01 -1.673351755e+01 -1.673351755e+01 +3.3967e+00 +2.3660e+00 -1.6976e+00 +1.6524e+00 +1.3498e+00
821 0 +2.058266045e-01 -1.673417340e+01 -1.673417340e+01 +3.3982e+00 +2.3472e+00 -1.7021e+00 +1.6621e+00 +1.3494e+00
827 0 +1.882542949e-01 -1.675174571e+01 -1.675174571e+01 +3.4003e+00 +2.3731e+00 -1.6904e+00 +1.6426e+00 +1.3479e+00
833 0 +9.325592415e-02 -1.684674408e+01 -1.684674408e+01 +3.3947e+00 +2.3605e+00 -1.6915e+00 +1.6530e+00 +1.3487e+00
963 0 +6.725889399e-02 -1.687274111e+01 -1.687274111e+01 +3.3874e+00 +2.3731e+00 -1.6899e+00 +1.6460e+00 +1.3455e+00
1023 0 +5.884356455e-02 -1.688115644e+01 -1.688115644e+01 +3.3877e+00 +2.3610e+00 -1.6933e+00 +1.6535e+00 +1.3430e+00
1037 0 +5.670572747e-02 -1.688329427e+01 -1.688329427e+01 +3.3889e+00 +2.3687e+00 -1.6901e+00 +1.6467e+00 +1.3438e+00
1038 0 +5.191405553e-02 -1.688808594e+01 -1.688808594e+01 +3.3867e+00 +2.3635e+00 -1.6926e+00 +1.6526e+00 +1.3438e+00
1041 0 +5.106885698e-02 -1.688893114e+01 -1.688893114e+01 +3.3871e+00 +2.3663e+00 -1.6922e+00 +1.6495e+00 +1.3431e+00
1058 0 +4.677260533e-02 -1.689322739e+01 -1.689322739e+01 +3.3853e+00 +2.3680e+00 -1.6920e+00 +1.6496e+00 +1.3431e+00
1117 0 +4.481820110e-02 -1.689518180e+01 -1.689518180e+01 +3.3867e+00 +2.3698e+00 -1.6910e+00 +1.6480e+00 +1.3439e+00
1119 0 +4.448119725e-02 -1.689551880e+01 -1.689551880e+01 +3.3915e+00 +2.3715e+00 -1.6885e+00 +1.6457e+00 +1.3441e+00
1131 0 +3.648375692e-02 -1.690351624e+01 -1.690351624e+01 +3.3919e+00 +2.3708e+00 -1.6888e+00 +1.6460e+00 +1.3446e+00
1228 0 +3.635435782e-02 -1.690364564e+01 -1.690364564e+01 +3.3896e+00 +2.3703e+00 -1.6900e+00 +1.6469e+00 +1.3444e+00
1232 0 +3.610761341e-02 -1.690389239e+01 -1.690389239e+01 +3.3896e+00 +2.3705e+00 -1.6897e+00 +1.6466e+00 +1.3442e+00
% f evaluations | g evaluations | best noise-free fitness - Fopt (1.881000000000e+01) + sum g_i+ | measured fitness | best measured fitness or single-digit g-values | x1 | x2...
1 0 +6.065066736e+01 +7.946066736e+01 +7.946066736e+01 +5.9671e-01 -3.8264e-02 +7.4769e-01 +1.6230e+00 -1.3415e-01
2 0 +2.078231662e+01 +3.959231662e+01 +3.959231662e+01 -1.3414e-01 +1.6792e+00 +8.6743e-01 -3.6947e-01 +6.4256e-01
5 0 +1.786164433e+01 +3.667164433e+01 +3.667164433e+01 +1.5656e+00 -1.2578e-01 +1.6753e-01 -1.3247e+00 -4.4438e-01
7 0 +8.274520573e+00 +2.708452057e+01 +2.708452057e+01 -5.0171e-01 +1.9523e+00 +8.6503e-02 -9.5771e-01 +9.2254e-01
34 0 +5.651582874e+00 +2.446158287e+01 +2.446158287e+01 +3.6537e-01 +2.0831e+00 -7.5399e-01 -6.5821e-01 +2.0074e+00
253 0 +4.100921528e+00 +2.291092153e+01 +2.291092153e+01 -3.4091e-01 +1.8491e+00 -1.3042e+00 +3.9084e-01 +1.8994e+00
276 0 +2.226241717e+00 +2.103624172e+01 +2.103624172e+01 -6.0190e-01 +1.9404e+00 -1.0805e+00 +6.7495e-01 +1.2734e+00
306 0 +2.191680240e+00 +2.100168024e+01 +2.100168024e+01 -2.4064e-01 +1.7107e+00 -1.0484e+00 +9.5516e-03 +1.5410e+00
330 0 +1.490266915e+00 +2.030026692e+01 +2.030026692e+01 +6.1495e-02 +1.9550e+00 -7.9780e-01 -1.9889e-01 +1.6779e+00
381 0 +9.539177515e-01 +1.976391775e+01 +1.976391775e+01 -2.9287e-01 +1.8483e+00 -8.9282e-01 +2.0715e-01 +1.4762e+00
382 0 +8.131077764e-01 +1.962310778e+01 +1.962310778e+01 -1.1761e-01 +1.6400e+00 -7.5255e-01 -2.0316e-01 +1.8276e+00
426 0 +3.145892865e-01 +1.912458929e+01 +1.912458929e+01 -1.7995e-01 +1.7066e+00 -8.1752e-01 -7.4462e-02 +1.6930e+00
507 0 +2.712497987e-01 +1.908124980e+01 +1.908124980e+01 -2.2249e-01 +1.8178e+00 -8.3917e-01 +2.7994e-02 +1.5828e+00
551 0 +2.307756777e-01 +1.904077568e+01 +1.904077568e+01 -2.0749e-01 +1.8797e+00 -8.4916e-01 +6.4469e-02 +1.5704e+00
560 0 +1.970142187e-01 +1.900701422e+01 +1.900701422e+01 -1.7077e-01 +1.7646e+00 -8.3549e-01 -6.5178e-02 +1.6867e+00
616 0 +1.214834038e-01 +1.893148340e+01 +1.893148340e+01 -1.8740e-01 +1.8501e+00 -8.2720e-01 -1.7335e-02 +1.6599e+00
681 0 +1.120738022e-01 +1.892207380e+01 +1.892207380e+01 -1.7571e-01 +1.7333e+00 -8.1034e-01 -9.4613e-02 +1.7005e+00
717 0 +1.021653069e-01 +1.891216531e+01 +1.891216531e+01 -1.7179e-01 +1.7418e+00 -8.1781e-01 -1.0634e-01 +1.7363e+00
732 0 +7.649712228e-02 +1.888649712e+01 +1.888649712e+01 -1.7913e-01 +1.7400e+00 -8.0885e-01 -1.0905e-01 +1.7357e+00
759 0 +4.774930692e-02 +1.885774931e+01 +1.885774931e+01 -1.8226e-01 +1.7649e+00 -8.1784e-01 -6.3301e-02 +1.6950e+00
804 0 +4.268028849e-02 +1.885268029e+01 +1.885268029e+01 -1.8945e-01 +1.7797e+00 -8.1882e-01 -4.2517e-02 +1.6765e+00
852 0 +4.063651306e-02 +1.885063651e+01 +1.885063651e+01 -1.8764e-01 +1.7700e+00 -8.1913e-01 -4.7851e-02 +1.6824e+00
904 0 +3.765324818e-02 +1.884765325e+01 +1.884765325e+01 -1.8584e-01 +1.7807e+00 -8.1900e-01 -4.4921e-02 +1.6773e+00
907 0 +3.066716233e-02 +1.884066716e+01 +1.884066716e+01 -1.8715e-01 +1.7643e+00 -8.2161e-01 -5.3009e-02 +1.6871e+00
917 0 +1.862046585e-02 +1.882862047e+01 +1.882862047e+01 -1.9086e-01 +1.7821e+00 -8.2353e-01 -3.2887e-02 +1.6745e+00
959 0 +1.512320138e-02 +1.882512320e+01 +1.882512320e+01 -1.9094e-01 +1.7814e+00 -8.2312e-01 -3.4869e-02 +1.6724e+00
1012 0 +1.336301240e-02 +1.882336301e+01 +1.882336301e+01 -1.9008e-01 +1.7696e+00 -8.2210e-01 -4.1609e-02 +1.6770e+00
1016 0 +9.888956213e-03 +1.881988896e+01 +1.881988896e+01 -1.8850e-01 +1.7700e+00 -8.2076e-01 -4.5481e-02 +1.6823e+00
1063 0 +4.914515612e-03 +1.881491452e+01 +1.881491452e+01 -1.9285e-01 +1.7819e+00 -8.2328e-01 -3.0281e-02 +1.6682e+00
1130 0 +4.016158480e-03 +1.881401616e+01 +1.881401616e+01 -1.9177e-01 +1.7802e+00 -8.2263e-01 -3.3136e-02 +1.6707e+00
1151 0 +3.909301755e-03 +1.881390930e+01 +1.881390930e+01 -1.9073e-01 +1.7791e+00 -8.2227e-01 -3.5503e-02 +1.6736e+00
1154 0 +2.406191516e-03 +1.881240619e+01 +1.881240619e+01 -1.9059e-01 +1.7791e+00 -8.2214e-01 -3.5718e-02 +1.6738e+00
1226 0 +2.252938028e-03 +1.881225294e+01 +1.881225294e+01 -1.9106e-01 +1.7815e+00 -8.2238e-01 -3.3446e-02 +1.6719e+00
1228 0 +1.380344704e-03 +1.881138034e+01 +1.881138034e+01 -1.9135e-01 +1.7806e+00 -8.2247e-01 -3.3468e-02 +1.6720e+00
% f evaluations | g evaluations | best noise-free fitness - Fopt (2.731500000000e+02) + sum g_i+ | measured fitness | best measured fitness or single-digit g-values | x1 | x2...
1 0 +6.736220724e+01 +3.405122072e+02 +3.405122072e+02 +5.9671e-01 -3.8264e-02 +7.4769e-01 +1.6230e+00 -1.3415e-01
2 0 +2.670514994e+01 +2.998551499e+02 +2.998551499e+02 -1.3414e-01 +1.6792e+00 +8.6743e-01 -3.6947e-01 +6.4256e-01
47 0 +2.463310436e+01 +2.977831044e+02 +2.977831044e+02 -1.0051e+00 +2.5472e+00 +7.0005e-01 +5.1343e-01 +1.1304e-01
57 0 +2.378366068e+01 +2.969336607e+02 +2.969336607e+02 -3.4546e+00 +2.7054e+00 +9.9632e-01 +3.0746e+00 +5.0534e-01
65 0 +1.482791957e+01 +2.879779196e+02 +2.879779196e+02 +5.8790e-01 +3.1900e+00 +9.4561e-01 +1.7696e+00 +9.1617e-01
171 0 +1.390631034e+01 +2.870563103e+02 +2.870563103e+02 -2.1507e+00 +2.4875e+00 +1.2016e+00 +4.6569e+00 +1.6181e+00
192 0 +1.219840820e+01 +2.853484082e+02 +2.853484082e+02 -4.5839e+00 +3.5237e+00 -1.4640e+00 +2.6567e+00 +1.0251e+00
194 0 +9.671901418e+00 +2.828219014e+02 +2.828219014e+02 -2.8224e+00 +4.2637e+00 +5.8855e-01 +2.2843e+00 +2.2667e+00
205 0 +9.643987638e+00 +2.827939876e+02 +2.827939876e+02 -3.2410e+00 +3.5994e+00 +6.5445e-01 +1.8117e+00 +1.6039e+00
207 0 +8.338439260e+00 +2.814884393e+02 +2.814884393e+02 -2.7364e+00 +3.3122e+00 +1.6458e+00 +2.8260e+00 +2.0529e+00
226 0 +5.153718861e+00 +2.783037189e+02 +2.783037189e+02 -3.0578e+00 +3.6475e+00 +1.5631e+00 +3.3460e+00 +1.9705e+00
301 0 +4.302273260e+00 +2.774522733e+02 +2.774522733e+02 -2.9025e+00 +3.7735e+00 -5.1023e-01 +2.7042e+00 +1.6245e+00
327 0 +3.508717861e+00 +2.766587179e+02 +2.766587179e+02 -3.6857e+00 +3.8819e+00 +3.8611e-02 +2.6356e+00 +1.7838e+00
357 0 +3.259857592e+00 +2.764098576e+02 +2.764098576e+02 -3.4248e+00 +3.8112e+00 -5.5932e-02 +2.3002e+00 +1.8519e+00
374 0 +3.007528209e+00 +2.761575282e+02 +2.761575282e+02 -2.5606e+00 +3.8064e+00 +2.5218e-01 +2.6060e+00 +1.8587e+00
376 0 +2.545187731e+00 +2.756951877e+02 +2.756951877e+02 -2.8595e+00 +3.7694e+00 -1.4665e-01 +2.4736e+00 +1.8407e+00
380 0 +2.267905534e+00 +2.754179055e+02 +2.754179055e+02 -2.5650e+00 +3.7126e+00 -5.1067e-02 +2.4357e+00 +1.9499e+00
390 0 +2.030803594e+00 +2.751808036e+02 +2.751808036e+02 -3.4727e+00 +3.8924e+00 -1.4081e-01 +2.6449e+00 +1.9542e+00
392 0 +1.415841884e+00 +2.745658419e+02 +2.745658419e+02 -3.6277e+00 +3.7363e+00 -3.7703e-01 +2.5398e+00 +1.7434e+00
402 0 +8.539178675e-01 +2.740039179e+02 +2.740039179e+02 -3.6259e+00 +3.7878e+00 -5.6574e-01 +2.5840e+00 +1.9497e+00
456 0 +6.213088558e-01 +2.737713089e+02 +2.737713089e+02 -3.3706e+00 +3.7194e+00 -4.5278e-01 +2.5286e+00 +1.9362e+00
506 0 +4.022594065e-01 +2.735522594e+02 +2.735522594e+02 -3.4439e+00 +3.7835e+00 -5.1639e-01 +2.5194e+00 +1.9802e+00
536 0 +3.151334706e-01 +2.734651335e+02 +2.734651335e+02 -3.3716e+00 +3.7502e+00 -4.5911e-01 +2.5509e+00 +1.9448e+00
626 0 +1.192472054e-01 +2.732692472e+02 +2.732692472e+02 -3.5524e+00 +3.7466e+00 -4.4943e-01 +2.5725e+00 +2.0066e+00
676 0 +7.333011451e-02 +2.732233301e+02 +2.732233301e+02 -3.5466e+00 +3.7563e+00 -4.6435e-01 +2.5681e+00 +2.0046e+00
751 0 +5.490916908e-02 +2.732049092e+02 +2.732049092e+02 -3.5756e+00 +3.7628e+00 -4.7763e-01 +2.5684e+00 +2.0027e+00
777 0 +5.261299161e-02 +2.732026130e+02 +2.732026130e+02 -3.5882e+00 +3.7548e+00 -4.8192e-01 +2.5775e+00 +2.0088e+00
831 0 +4.535393367e-02 +2.731953539e+02 +2.731953539e+02 -3.5942e+00 +3.7536e+00 -4.7226e-01 +2.5724e+00 +2.0104e+00
851 0 +2.164853797e-02 +2.731716485e+02 +2.731716485e+02 -3.5497e+00 +3.7535e+00 -4.7259e-01 +2.5640e+00 +2.0029e+00
905 0 +1.836680224e-02 +2.731683668e+02 +2.731683668e+02 -3.5502e+00 +3.7549e+00 -4.7425e-01 +2.5630e+00 +2.0025e+00
1001 0 +1.814720137e-02 +2.731681472e+02 +2.731681472e+02 -3.5701e+00 +3.7551e+00 -4.7597e-01 +2.5675e+00 +2.0061e+00
1023 0 +1.626469195e-02 +2.731662647e+02 +2.731662647e+02 -3.5652e+00 +3.7539e+00 -4.7673e-01 +2.5672e+00 +2.0059e+00
1024 0 +1.225155370e-02 +2.731622516e+02 +2.731622516e+02 -3.5625e+00 +3.7537e+00 -4.7477e-01 +2.5662e+00 +2.0057e+00
1093 0 +1.210756671e-02 +2.731621076e+02 +2.731621076e+02 -3.5669e+00 +3.7538e+00 -4.7461e-01 +2.5680e+00 +2.0062e+00
1116 0 +1.163592961e-02 +2.731616359e+02 +2.731616359e+02 -3.5750e+00 +3.7538e+00 -4.7558e-01 +2.5685e+00 +2.0066e+00
1127 0 +8.987345939e-03 +2.731589873e+02 +2.731589873e+02 -3.5889e+00 +3.7556e+00 -4.8662e-01 +2.5666e+00 +2.0092e+00
% f evaluations | g evaluations | best noise-free fitness - Fopt (3.718000000000e+01) + sum g_i+ | measured fitness | best measured fitness or single-digit g-values | x1 | x2...
1 0 +1.005315345e+02 +1.377115345e+02 +1.377115345e+02 +5.9671e-01 -3.8264e-02 +7.4769e-01 +1.6230e+00 -1.3415e-01
6 0 +8.840997479e+01 +1.255899748e+02 +1.255899748e+02 +2.1092e-01 -1.0510e+00 +4.7570e-01 -5.0064e-01 -1.9169e-01
10 0 +6.656628982e+01 +1.037462898e+02 +1.037462898e+02 -6.1984e-01 -3.6064e-01 +1.1571e+00 +4.4362e-01 -1.6630e+00
17 0 +6.426908274e+01 +1.014490827e+02 +1.014490827e+02 -1.1967e-01 +4.5711e-01 +1.5779e+00 -4.1827e-01 -7.0849e-01
26 0 +5.588125757e+01 +9.306125757e+01 +9.306125757e+01 +5.0111e-01 +1.7835e+00 +3.6673e+00 -9.0041e-01 -2.2094e+00
28 0 +2.225720797e+01 +5.943720797e+01 +5.943720797e+01 -1.9348e+00 +9.6688e-01 +3.1580e+00 +8.4657e-01 -1.3693e+00
29 0 +1.552080108e+01 +5.270080108e+01 +5.270080108e+01 +1.1797e-01 -2.3355e-03 +3.5622e+00 +5.5291e-01 -1.7408e+00
57 0 +1.313770719e+01 +5.031770719e+01 +5.031770719e+01 -1.7730e+00 +1.8020e+00 +4.6095e+00 +2.5633e+00 -2.5750e+00
131 0 +1.150618292e+01 +4.868618292e+01 +4.868618292e+01 -3.0325e+00 +1.6175e+00 +3.9405e+00 +1.4783e+00 -4.1267e+00
153 0 +8.911833253e+00 +4.609183325e+01 +4.609183325e+01 -8.3767e-01 -7.6271e-02 +4.4604e+00 +8.8227e-01 -2.7944e+00
177 0 +8.677398526e+00 +4.585739853e+01 +4.585739853e+01 -1.9100e+00 -3.1623e-02 +3.0611e+00 +1.7886e+00 -3.1752e+00
204 0 +8.538591899e+00 +4.571859190e+01 +4.571859190e+01 -3.0484e+00 +4.1779e-01 +2.6803e+00 +1.6329e+00 -2.5433e+00
226 0 +7.525141439e+00 +4.470514144e+01 +4.470514144e+01 -2.6106e+00 +1.8554e+00 +3.5071e+00 +1.1076e+00 -2.3163e+00
244 0 +7.469186035e+00 +4.464918603e+01 +4.464918603e+01 -3.2622e+00 +1.0168e+00 +2.6096e+00 +1.8247e+00 -3.2732e+00
253 0 +2.986156308e+00 +4.016615631e+01 +4.016615631e+01 -2.3052e+00 +1.6931e+00 +3.4984e+00 +1.3400e+00 -2.9115e+00
357 0 +2.669624255e+00 +3.984962426e+01 +3.984962426e+01 -1.9600e+00 +8.4238e-01 +3.4655e+00 +1.2393e+00 -2.8238e+00
361 0 +2.449722962e+00 +3.962972296e+01 +3.962972296e+01 -2.4059e+00 +1.4784e+00 +3.6836e+00 +1.1190e+00 -2.9076e+00
402 0 +2.395118823e+00 +3.957511882e+01 +3.957511882e+01 -2.3356e+00 +1.2539e+00 +3.5484e+00 +1.1851e+00 -2.7504e+00
407 0 +1.596504968e+00 +3.877650497e+01 +3.877650497e+01 -2.5561e+00 +1.5619e+00 +3.5812e+00 +1.2295e+00 -2.9303e+00
477 0 +1.451358892e+00 +3.863135889e+01 +3.863135889e+01 -2.5868e+00 +1.5009e+00 +3.4699e+00 +1.1848e+00 -2.9477e+00
602 0 +1.359246236e+00 +3.853924624e+01 +3.853924624e+01 -2.5190e+00 +1.5631e+00 +3.5573e+00 +1.1644e+00 -2.8771e+00
608 0 +1.102005018e+00 +3.828200502e+01 +3.828200502e+01 -2.5488e+00 +1.5054e+00 +3.5355e+00 +1.1940e+00 -2.8913e+00
676 0 +8.605623060e-01 +3.804056231e+01 +3.804056231e+01 -2.5359e+00 +1.5353e+00 +3.5596e+00 +1.1679e+00 -2.8930e+00
728 0 +7.132130963e-01 +3.789321310e+01 +3.789321310e+01 -2.5353e+00 +1.5005e+00 +3.5299e+00 +1.1633e+00 -2.8812e+00
742 0 +7.075010554e-01 +3.788750106e+01 +3.788750106e+01 -2.5183e+00 +1.5099e+00 +3.5732e+00 +1.1524e+00 -2.8855e+00
805 0 +5.544526011e-01 +3.773445260e+01 +3.773445260e+01 -2.5324e+00 +1.5213e+00 +3.5617e+00 +1.1557e+00 -2.8762e+00
982 0 +5.536772768e-01 +3.773367728e+01 +3.773367728e+01 -2.5285e+00 +1.5180e+00 +3.5680e+00 +1.1525e+00 -2.8746e+00
998 0 +5.485817463e-01 +3.772858175e+01 +3.772858175e+01 -2.5216e+00 +1.5245e+00 +3.5821e+00 +1.1505e+00 -2.8765e+00
1016 0 +5.430984402e-01 +3.772309844e+01 +3.772309844e+01 -2.5260e+00 +1.5260e+00 +3.5774e+00 +1.1499e+00 -2.8736e+00
1025 0 +4.993315029e-01 +3.767933150e+01 +3.767933150e+01 -2.5251e+00 +1.5246e+00 +3.5786e+00 +1.1488e+00 -2.8718e+00
1052 0 +4.717839341e-01 +3.765178393e+01 +3.765178393e+01 -2.5246e+00 +1.5209e+00 +3.5743e+00 +1.1501e+00 -2.8726e+00
1149 0 +4.655166660e-01 +3.764551667e+01 +3.764551667e+01 -2.5250e+00 +1.5231e+00 +3.5760e+00 +1.1496e+00 -2.8711e+00
1192 0 +4.643428506e-01 +3.764434285e+01 +3.764434285e+01 -2.5249e+00 +1.5208e+00 +3.5731e+00 +1.1504e+00 -2.8723e+00
% f evaluations | g evaluations | best noise-free fitness - Fopt (-1.479000000000e+02) + sum g_i+ | measured fitness | best measured fitness or single-digit g-values | x1 | x2...
1 0 +5.695600115e+01 -9.094399885e+01 -9.094399885e+01 +5.9671e-01 -3.8264e-02 +7.4769e-01 +1.6230e+00 -1.3415e-01
2 0 +4.792501611e+01 -9.997498389e+01 -9.997498389e+01 -1.3414e-01 +1.6792e+00 +8.6743e-01 -3.6947e-01 +6.4256e-01
3 0 +3.363324061e+01 -1.142667594e+02 -1.142667594e+02 -3.6342e-01 -3.6573e-01 +3.4196e-01 -1.8133e+00 -1.6249e+00
4 0 +1.865371827e+01 -1.292462817e+02 -1.292462817e+02 -4.6229e-01 -9.1283e-01 +4.1425e-01 -8.0802e-01 -1.3123e+00
31 0 +1.109459605e+01 -1.368054039e+02 -1.368054039e+02 -1.4363e+00 +1.1952e-01 +1.2391e+00 -3.4336e-01 -1.6646e+00
91 0 +1.015537850e+01 -1.377446215e+02 -1.377446215e+02 -2.0098e+00 -4.0395e-01 +1.5440e+00 -9.1969e-01 -2.7084e+00
114 0 +8.922740303e+00 -1.389772597e+02 -1.389772597e+02 -2.3292e+00 -2.1461e-01 +6.4855e-01 -1.3476e+00 -2.2056e+00
115 0 +8.855877180e+00 -1.390441228e+02 -1.390441228e+02 -1.9408e+00 -1.0478e+00 +2.3216e+00 -1.2250e+00 -2.4300e+00
122 0 +7.272446929e+00 -1.406275531e+02 -1.406275531e+02 -1.9679e+00 +3.3941e-01 +1.9882e+00 -3.7408e-01 -2.5470e+00
127 0 +5.041163896e+00 -1.428588361e+02 -1.428588361e+02 -2.1324e+00 -5.6177e-01 +2.0765e+00 -9.0035e-01 -2.3659e+00
158 0 +3.718544656e+00 -1.441814553e+02 -1.441814553e+02 -1.4702e+00 -2.8190e-01 +1.8002e+00 -1.4026e+00 -2.5905e+00
254 0 +2.081044245e+00 -1.458189558e+02 -1.458189558e+02 -1.9707e+00 -1.9974e-01 +1.8192e+00 -1.4684e+00 -2.3644e+00
321 0 +1.910724221e+00 -1.459892758e+02 -1.459892758e+02 -2.0810e+00 -3.6565e-01 +2.3033e+00 -1.1701e+00 -2.1575e+00
340 0 +1.468631097e+00 -1.464313689e+02 -1.464313689e+02 -2.0673e+00 -1.9716e-01 +1.6680e+00 -1.4185e+00 -2.3277e+00
387 0 +1.318488538e+00 -1.465815115e+02 -1.465815115e+02 -1.9682e+00 -3.0450e-01 +2.0726e+00 -1.3844e+00 -2.2969e+00
424 0 +1.042408647e+00 -1.468575914e+02 -1.468575914e+02 -1.9907e+00 -2.7050e-01 +1.9867e+00 -1.3525e+00 -2.3465e+00
476 0 +9.938397206e-01 -1.469061603e+02 -1.469061603e+02 -2.0460e+00 -2.4673e-01 +1.8995e+00 -1.3246e+00 -2.2761e+00
501 0 +7.711340475e-01 -1.471288660e+02 -1.471288660e+02 -2.0561e+00 -2.5066e-01 +1.9028e+00 -1.3300e+00 -2.2965e+00
611 0 +5.829217487e-01 -1.473170783e+02 -1.473170783e+02 -2.0680e+00 -2.2569e-01 +1.8456e+00 -1.3424e+00 -2.3143e+00
842 0 +5.745151591e-01 -1.473254848e+02 -1.473254848e+02 -2.0699e+00 -2.1141e-01 +1.8123e+00 -1.3518e+00 -2.3266e+00
844 0 +5.734518028e-01 -1.473265482e+02 -1.473265482e+02 -2.0770e+00 -2.1538e-01 +1.8142e+00 -1.3481e+00 -2.3222e+00
879 0 +5.621111949e-01 -1.473378888e+02 -1.473378888e+02 -2.0730e+00 -2.1279e-01 +1.8151e+00 -1.3395e+00 -2.3213e+00
883 0 +5.291867082e-01 -1.473708133e+02 -1.473708133e+02 -2.0708e+00 -2.1496e-01 +1.8198e+00 -1.3423e+00 -2.3192e+00
892 0 +5.129497151e-01 -1.473870503e+02 -1.473870503e+02 -2.0682e+00 -2.1818e-01 +1.8394e+00 -1.3359e+00 -2.3177e+00
939 0 +4.881119635e-01 -1.474118880e+02 -1.474118880e+02 -2.0711e+00 -2.1341e-01 +1.8197e+00 -1.3435e+00 -2.3223e+00
1008 0 +4.513905506e-01 -1.474486094e+02 -1.474486094e+02 -2.0709e+00 -2.1412e-01 +1.8215e+00 -1.3429e+00 -2.3220e+00
1138 0 +4.402264643e-01 -1.474597735e+02 -1.474597735e+02 -2.0716e+00 -2.1077e-01 +1.8125e+00 -1.3463e+00 -2.3262e+00
% f evaluations | g evaluations | best noise-free fitness - Fopt (4.817100000000e+02) + sum g_i+ | measured fitness | best measured fitness or single-digit g-values | x1 | x2...
1 0 +4.052916068e+01 +5.222391607e+02 +5.222391607e+02 +5.9671e-01 -3.8264e-02 +7.4769e-01 +1.6230e+00 -1.3415e-01
26 0 +3.333781523e+01 +5.150478152e+02 +5.150478152e+02 +6.5326e-01 -2.5633e+00 +1.2194e+00 +1.0356e+00 -4.9181e-01
53 0 +3.130939399e+01 +5.130193940e+02 +5.130193940e+02 +6.9692e-01 -3.9074e+00 -6.4367e-01 +2.4905e+00 -1.4681e+00
54 0 +2.077328164e+01 +5.024832816e+02 +5.024832816e+02 -1.6791e-01 -4.5102e+00 -1.2137e+00 +4.6995e-01 -1.1596e+00
93 0 +1.071054315e+01 +4.924205432e+02 +4.924205432e+02 +2.0946e+00 -2.8215e+00 -4.2027e+00 +1.9054e+00 -3.7909e-01
153 0 +5.336792047e+00 +4.870467920e+02 +4.870467920e+02 +1.2745e+00 -3.1384e+00 -2.5602e+00 +2.7192e+00 -6.3007e-01
258 0 +4.628677917e+00 +4.863386779e+02 +4.863386779e+02 +5.4936e-01 -2.7938e+00 -2.7836e+00 +3.3867e+00 -5.9101e-01
278 0 +3.548257968e+00 +4.852582580e+02 +4.852582580e+02 +8.3303e-01 -2.5682e+00 -2.7019e+00 +3.1510e+00 -4.8899e-01
309 0 +2.637868420e+00 +4.843478684e+02 +4.843478684e+02 +1.1981e+00 -2.7574e+00 -2.6570e+00 +3.0421e+00 -4.3126e-01
312 0 +2.543841132e+00 +4.842538411e+02 +4.842538411e+02 +1.4617e+00 -2.8778e+00 -3.4029e+00 +3.0390e+00 -2.8570e-02
319 0 +2.405249801e+00 +4.841152498e+02 +4.841152498e+02 +3.1278e-01 -2.3766e+00 -2.9849e+00 +3.3267e+00 -3.7951e-01
320 0 +1.324643158e+00 +4.830346432e+02 +4.830346432e+02 +9.7913e-01 -3.3854e+00 -2.7121e+00 +2.9549e+00 -5.1615e-01
326 0 +4.950608057e-01 +4.822050608e+02 +4.822050608e+02 +1.0630e+00 -2.9936e+00 -2.9382e+00 +3.0216e+00 -3.3578e-01
528 0 +1.686530255e-01 +4.818786530e+02 +4.818786530e+02 +9.9200e-01 -2.9836e+00 -2.9110e+00 +3.0265e+00 -4.0398e-01
679 0 +1.214346692e-01 +4.818314347e+02 +4.818314347e+02 +9.5526e-01 -2.9826e+00 -2.8934e+00 +3.0315e+00 -4.0352e-01
689 0 +1.143673921e-01 +4.818243674e+02 +4.818243674e+02 +9.6102e-01 -2.9599e+00 -2.9103e+00 +3.0456e+00 -4.0109e-01
727 0 +4.393389770e-02 +4.817539339e+02 +4.817539339e+02 +9.8867e-01 -2.9861e+00 -2.8958e+00 +3.0437e+00 -3.9117e-01
845 0 +3.529261399e-02 +4.817452926e+02 +4.817452926e+02 +1.0572e+00 -3.0097e+00 -2.8927e+00 +3.0454e+00 -3.6211e-01
948 0 +2.950408216e-02 +4.817395041e+02 +4.817395041e+02 +1.0311e+00 -2.9967e+00 -2.8948e+00 +3.0439e+00 -3.7218e-01
952 0 +2.205757341e-02 +4.817320576e+02 +4.817320576e+02 +1.0339e+00 -2.9993e+00 -2.8938e+00 +3.0437e+00 -3.7116e-01
979 0 +1.997675130e-02 +4.817299768e+02 +4.817299768e+02 +1.0538e+00 -3.0026e+00 -2.8966e+00 +3.0450e+00 -3.5917e-01
1002 0 +1.924982876e-02 +4.817292498e+02 +4.817292498e+02 +1.0342e+00 -3.0011e+00 -2.8932e+00 +3.0431e+00 -3.6988e-01
1010 0 +1.808763819e-02 +4.817280876e+02 +4.817280876e+02 +1.0351e+00 -3.0008e+00 -2.8954e+00 +3.0417e+00 -3.6951e-01
1030 0 +1.640099225e-02 +4.817264010e+02 +4.817264010e+02 +1.0324e+00 -3.0012e+00 -2.8966e+00 +3.0428e+00 -3.7085e-01
1044 0 +1.610645376e-02 +4.817261065e+02 +4.817261065e+02 +1.0360e+00 -2.9967e+00 -2.8969e+00 +3.0436e+00 -3.6858e-01
1072 0 +1.511319378e-02 +4.817251132e+02 +4.817251132e+02 +1.0373e+00 -3.0005e+00 -2.8964e+00 +3.0427e+00 -3.6818e-01
1078 0 +1.303011392e-02 +4.817230301e+02 +4.817230301e+02 +1.0335e+00 -3.0002e+00 -2.8957e+00 +3.0432e+00 -3.6973e-01
1080 0 +1.221911707e-02 +4.817222191e+02 +4.817222191e+02 +1.0331e+00 -3.0001e+00 -2.8950e+00 +3.0432e+00 -3.6971e-01
1081 0 +9.825694853e-03 +4.817198257e+02 +4.817198257e+02 +1.0381e+00 -3.0002e+00 -2.8952e+00 +3.0438e+00 -3.6784e-01
1102 0 +5.891146453e-03 +4.817158911e+02 +4.817158911e+02 +1.0323e+00 -2.9983e+00 -2.8956e+00 +3.0440e+00 -3.7057e-01
1112 0 +4.607803804e-03 +4.817146078e+02 +4.817146078e+02 +1.0372e+00 -2.9999e+00 -2.8958e+00 +3.0436e+00 -3.6763e-01
1155 0 +3.876241947e-03 +4.817138762e+02 +4.817138762e+02 +1.0379e+00 -3.0002e+00 -2.8959e+00 +3.0435e+00 -3.6728e-01
1180 0 +3.711512523e-03 +4.817137115e+02 +4.817137115e+02 +1.0370e+00 -2.9999e+00 -2.8959e+00 +3.0434e+00 -3.6842e-01
1238 0 +3.499908523e-03 +4.817134999e+02 +4.817134999e+02 +1.0364e+00 -2.9996e+00 -2.8960e+00 +3.0437e+00 -3.6851e-01
% f evaluations | g evaluations | best noise-free fitness - Fopt (-3.646000000000e+01) + sum g_i+ | measured fitness | best measured fitness or single-digit g-values | x1 | x2...
1 0 +5.617965096e+01 +1.971965096e+01 +1.971965096e+01 +5.9671e-01 -3.8264e-02 +7.4769e-01 +1.6230e+00 -1.3415e-01
2 0 +5.067692359e+01 +1.421692359e+01 +1.421692359e+01 -1.3414e-01 +1.6792e+00 +8.6743e-01 -3.6947e-01 +6.4256e-01
4 0 +3.755170536e+01 +1.091705356e+00 +1.091705356e+00 -4.6229e-01 -9.1283e-01 +4.1425e-01 -8.0802e-01 -1.3123e+00
5 0 +3.550609141e+01 -9.539085865e-01 -9.539085865e-01 +1.5656e+00 -1.2578e-01 +1.6753e-01 -1.3247e+00 -4.4438e-01
6 0 +1.201117799e+01 -2.444882201e+01 -2.444882201e+01 +2.1092e-01 -1.0510e+00 +4.7570e-01 -5.0064e-01 -1.9169e-01
126 0 +8.373355182e+00 -2.808664482e+01 -2.808664482e+01 -1.0821e+00 -1.9800e+00 +8.2912e-01 +8.4704e-01 -1.0886e+00
252 0 +7.184557407e+00 -2.927544259e+01 -2.927544259e+01 -5.0030e-01 -2.0287e+00 +3.7335e-01 +6.5054e-01 -1.0523e-01
276 0 +7.154538350e+00 -2.930546165e+01 -2.930546165e+01 +4.3599e-01 -2.1269e+00 -2.4195e-01 +2.3208e-01 +1.0913e+00
340 0 +6.568663571e+00 -2.989133643e+01 -2.989133643e+01 +7.4653e-01 -1.7717e+00 -1.9125e-01 -1.9816e-01 +1.2916e+00
351 0 +4.963124935e+00 -3.149687507e+01 -3.149687507e+01 +4.6851e-01 -1.9306e+00 -2.2905e-01 +8.8355e-02 +1.2095e+00
428 0 +4.826666150e+00 -3.163333385e+01 -3.163333385e+01 +4.1509e-01 -1.9413e+00 -1.6431e-01 +4.9283e-02 +1.1618e+00
460 0 +4.220319118e+00 -3.223968088e+01 -3.223968088e+01 +4.0980e-01 -1.9943e+00 -2.4254e-01 +1.1167e-01 +1.1924e+00
493 0 +3.666704946e+00 -3.279329505e+01 -3.279329505e+01 +8.0344e-01 -1.9888e+00 -1.6413e-01 +6.5620e-02 +1.1410e+00
519 0 +3.620144130e+00 -3.283985587e+01 -3.283985587e+01 +6.1589e-01 -2.0226e+00 -1.8156e-01 +1.6030e-01 +1.0686e+00
526 0 +3.573843466e+00 -3.288615653e+01 -3.288615653e+01 +5.3481e-01 -1.9301e+00 -2.0807e-01 +4.5769e-03 +1.2482e+00
590 0 +3.320928124e+00 -3.313907188e+01 -3.313907188e+01 +7.7005e-01 -1.9415e+00 -1.9599e-01 -4.7816e-02 +1.2135e+00
643 0 +3.031463190e+00 -3.342853681e+01 -3.342853681e+01 +7.1484e-01 -1.9042e+00 -2.2403e-01 -1.2737e-01 +1.3220e+00
706 0 +2.994289964e+00 -3.346571004e+01 -3.346571004e+01 +7.1933e-01 -1.9113e+00 -2.2069e-01 -9.5480e-02 +1.2984e+00
712 0 +2.912841608e+00 -3.354715839e+01 -3.354715839e+01 +7.9024e-01 -1.9245e+00 -2.5174e-01 -1.0393e-01 +1.3583e+00
729 0 +2.865650611e+00 -3.359434939e+01 -3.359434939e+01 +8.1160e-01 -1.8992e+00 -2.6637e-01 -1.5372e-01 +1.4209e+00
732 0 +2.848783003e+00 -3.361121700e+01 -3.361121700e+01 +7.6709e-01 -1.9162e+00 -2.5490e-01 -1.1014e-01 +1.3704e+00
747 0 +2.816225909e+00 -3.364377409e+01 -3.364377409e+01 +7.8190e-01 -1.9008e+00 -2.6829e-01 -1.5618e-01 +1.4042e+00
764 0 +2.814724385e+00 -3.364527562e+01 -3.364527562e+01 +6.9380e-01 -1.9305e+00 -2.0504e-01 -5.4138e-02 +1.2540e+00
800 0 +2.792105979e+00 -3.366789402e+01 -3.366789402e+01 +8.3525e-01 -1.8682e+00 -2.8381e-01 -2.2525e-01 +1.4842e+00
811 0 +2.755150158e+00 -3.370484984e+01 -3.370484984e+01 +8.9905e-01 -1.8769e+00 -2.8670e-01 -2.4252e-01 +1.5032e+00
819 0 +2.734771105e+00 -3.372522889e+01 -3.372522889e+01 +7.4798e-01 -1.9143e+00 -2.3108e-01 -1.0763e-01 +1.3310e+00
821 0 +2.593402714e+00 -3.386659729e+01 -3.386659729e+01 +7.4618e-01 -1.9163e+00 -2.4236e-01 -1.0538e-01 +1.3429e+00
860 0 +2.562191091e+00 -3.389780891e+01 -3.389780891e+01 +7.8657e-01 -1.8990e+00 -2.5471e-01 -1.5140e-01 +1.3890e+00
893 0 +2.462631544e+00 -3.399736846e+01 -3.399736846e+01 +7.6139e-01 -1.9180e+00 -2.5417e-01 -1.0921e-01 +1.3655e+00
927 0 +2.418118947e+00 -3.404188105e+01 -3.404188105e+01 +7.9088e-01 -1.9033e+00 -2.5780e-01 -1.5119e-01 +1.3983e+00
1025 0 +2.380225536e+00 -3.407977446e+01 -3.407977446e+01 +7.9409e-01 -1.9009e+00 -2.5963e-01 -1.5546e-01 +1.4049e+00
1050 0 +2.374199119e+00 -3.408580088e+01 -3.408580088e+01 +8.0747e-01 -1.8899e+00 -2.6343e-01 -1.8376e-01 +1.4271e+00
1065 0 +2.293460261e+00 -3.416653974e+01 -3.416653974e+01 +8.0538e-01 -1.8934e+00 -2.6164e-01 -1.7564e-01 +1.4200e+00
1144 0 +2.248186925e+00 -3.421181308e+01 -3.421181308e+01 +8.3903e-01 -1.8794e+00 -2.7334e-01 -2.1739e-01 +1.4653e+00
% f evaluations | g evaluations | best noise-free fitness - Fopt (3.920000000000e+01) + sum g_i+ | measured fitness | best measured fitness or single-digit g-values | x1 | x2...
1 0 +5.417497626e+01 +9.337497626e+01 +9.337497626e+01 +5.9671e-01 -3.8264e-02 +7.4769e-01 +1.6230e+00 -1.3415e-01
2 0 +3.642160105e+01 +7.562160105e+01 +7.562160105e+01 -1.3414e-01 +1.6792e+00 +8.6743e-01 -3.6947e-01 +6.4256e-01
45 0 +2.747191329e+01 +6.667191329e+01 +6.667191329e+01 +8.0100e-01 +1.8811e+00 +4.5565e-01 -3.8979e-01 -7.8172e-01
106 0 +2.047873240e+01 +5.967873240e+01 +5.967873240e+01 +1.8742e+00 +1.4002e+00 +9.0992e-01 +1.9979e+00 +3.9181e+00
113 0 +1.715036835e+01 +5.635036835e+01 +5.635036835e+01 +1.6698e+00 +2.2313e+00 +1.9119e+00 +8.4402e-01 +4.0737e+00
179 0 +1.568270779e+01 +5.488270779e+01 +5.488270779e+01 +1.2559e+00 +3.2841e+00 +4.8838e+00 -3.1953e+00 +4.9254e+00
199 0 +7.519635253e+00 +4.671963525e+01 +4.671963525e+01 +3.0469e-01 +3.0942e+00 +1.3107e+00 +2.8605e+00 +3.5264e+00
277 0 +2.507696160e+00 +4.170769616e+01 +4.170769616e+01 +2.3128e+00 +2.3100e+00 +2.0464e+00 +3.1519e+00 +2.7465e+00
328 0 +1.927883147e+00 +4.112788315e+01 +4.112788315e+01 +2.0065e+00 +2.0691e+00 +2.1040e+00 +2.6144e+00 +3.2466e+00
454 0 +1.454620679e+00 +4.065462068e+01 +4.065462068e+01 +3.3564e+00 +1.7964e+00 +2.4024e+00 +3.1977e+00 +2.3515e+00
476 0 +1.064076466e+00 +4.026407647e+01 +4.026407647e+01 +3.3862e+00 +1.7236e+00 +2.3789e+00 +3.2630e+00 +2.4542e+00
478 0 +8.215641259e-01 +4.002156413e+01 +4.002156413e+01 +3.3740e+00 +1.6153e+00 +2.3123e+00 +3.2139e+00 +2.4569e+00
517 0 +7.425062651e-01 +3.994250627e+01 +3.994250627e+01 +3.0430e+00 +1.8458e+00 +2.2203e+00 +3.1779e+00 +2.6892e+00
555 0 +6.392148549e-01 +3.983921485e+01 +3.983921485e+01 +3.4694e+00 +1.6547e+00 +2.3615e+00 +3.1313e+00 +2.4804e+00
578 0 +3.260035373e-01 +3.952600354e+01 +3.952600354e+01 +3.4293e+00 +1.6786e+00 +2.3579e+00 +3.1304e+00 +2.4522e+00
627 0 +2.994242062e-01 +3.949942421e+01 +3.949942421e+01 +3.6130e+00 +1.6433e+00 +2.4480e+00 +3.1073e+00 +2.3353e+00
979 0 +2.880125464e-01 +3.948801255e+01 +3.948801255e+01 +3.8670e+00 +1.5450e+00 +2.5003e+00 +3.2562e+00 +2.2105e+00
989 0 +2.691941721e-01 +3.946919417e+01 +3.946919417e+01 +3.8273e+00 +1.5521e+00 +2.4756e+00 +3.2349e+00 +2.2393e+00
1007 0 +2.323582987e-01 +3.943235830e+01 +3.943235830e+01 +3.6916e+00 +1.6256e+00 +2.4375e+00 +3.2337e+00 +2.2447e+00
1076 0 +1.920984987e-01 +3.939209850e+01 +3.939209850e+01 +3.7196e+00 +1.6228e+00 +2.4665e+00 +3.2111e+00 +2.2613e+00
1078 0 +1.142499587e-01 +3.931424996e+01 +3.931424996e+01 +3.7579e+00 +1.6170e+00 +2.4665e+00 +3.2257e+00 +2.2524e+00
1112 0 +9.285621138e-02 +3.929285621e+01 +3.929285621e+01 +3.8088e+00 +1.5961e+00 +2.4752e+00 +3.2541e+00 +2.2220e+00
1137 0 +6.612351352e-02 +3.926612351e+01 +3.926612351e+01 +3.7392e+00 +1.6085e+00 +2.4541e+00 +3.2209e+00 +2.2552e+00
1206 0 +5.957811964e-02 +3.925957812e+01 +3.925957812e+01 +3.8064e+00 +1.5950e+00 +2.4832e+00 +3.2403e+00 +2.2186e+00
1215 0 +4.333558397e-02 +3.924333558e+01 +3.924333558e+01 +3.7069e+00 +1.6359e+00 +2.4521e+00 +3.2139e+00 +2.2577e+00
1230 0 +2.336419152e-02 +3.922336419e+01 +3.922336419e+01 +3.7136e+00 +1.6343e+00 +2.4550e+00 +3.2138e+00 +2.2577e+00
% f evaluations | g evaluations | best noise-free fitness - Fopt (-3.225000000000e+01) + sum g_i+ | measured fitness | best measured fitness or single-digit g-values | x1 | x2...
1 0 +9.780706849e+01 +6.555706849e+01 +6.555706849e+01 +5.9671e-01 -3.8264e-02 +7.4769e-01 +1.6230e+00 -1.3415e-01
2 0 +7.425199768e+01 +4.200199768e+01 +4.200199768e+01 -1.3414e-01 +1.6792e+00 +8.6743e-01 -3.6947e-01 +6.4256e-01
5 0 +6.099372054e+01 +2.874372054e+01 +2.874372054e+01 +1.5656e+00 -1.2578e-01 +1.6753e-01 -1.3247e+00 -4.4438e-01
6 0 +4.902934053e+01 +1.677934053e+01 +1.677934053e+01 +2.1092e-01 -1.0510e+00 +4.7570e-01 -5.0064e-01 -1.9169e-01
18 0 +4.517975929e+01 +1.292975929e+01 +1.292975929e+01 -4.0176e-01 +1.0154e+00 +4.2875e-01 -4.2976e-01 +6.1327e-01
33 0 +3.357060082e+01 +1.320600824e+00 +1.320600824e+00 +2.0477e+00 +1.0750e-01 +1.3374e+00 -2.0509e-01 +1.5536e+00
51 0 +2.362150885e+01 -8.628491148e+00 -8.628491148e+00 +2.6302e+00 +9.9273e-01 +6.8198e-01 -3.0155e+00 +6.1440e-01
76 0 +1.769750830e+01 -1.455249170e+01 -1.455249170e+01 +3.1978e+00 +7.9142e-01 +1.1882e+00 -2.3538e+00 +1.1362e+00
81 0 +1.606386167e+01 -1.618613833e+01 -1.618613833e+01 +4.6317e+00 +1.5882e+00 +5.3730e-01 -2.5053e+00 +1.9059e+00
104 0 +1.515703133e+01 -1.709296867e+01 -1.709296867e+01 +3.7944e+00 +1.4731e-01 +3.3851e-01 -2.4650e+00 +3.8097e+00
108 0 +9.082442374e+00 -2.316755763e+01 -2.316755763e+01 +3.2892e+00 +3.3634e-01 -8.9259e-01 -3.0204e+00 +1.8121e+00
127 0 +6.275463711e+00 -2.597453629e+01 -2.597453629e+01 +2.9154e+00 +1.0209e+00 -1.1052e+00 -3.0951e+00 +3.9179e+00
176 0 +3.967085176e+00 -2.828291482e+01 -2.828291482e+01 +4.0135e+00 +8.9002e-01 -1.4550e+00 -2.3844e+00 +2.6116e+00
305 0 +3.962785581e+00 -2.828721442e+01 -2.828721442e+01 +3.2727e+00 +3.4967e-01 -7.6217e-01 -3.2583e+00 +2.5396e+00
306 0 +2.544925235e+00 -2.970507477e+01 -2.970507477e+01 +3.5053e+00 +1.0482e+00 -2.9590e-01 -3.0322e+00 +3.3367e+00
315 0 +2.338905962e+00 -2.991109404e+01 -2.991109404e+01 +3.0787e+00 +8.6487e-01 -1.0775e-01 -3.0830e+00 +3.4830e+00
337 0 +1.667292203e+00 -3.058270780e+01 -3.058270780e+01 +3.7635e+00 +8.7660e-01 -9.8223e-01 -3.0001e+00 +3.1186e+00
402 0 +1.476894539e+00 -3.077310546e+01 -3.077310546e+01 +3.7888e+00 +7.0647e-01 -9.9087e-01 -2.8522e+00 +2.8923e+00
406 0 +1.001939688e+00 -3.124806031e+01 -3.124806031e+01 +3.5910e+00 +6.2454e-01 -9.4286e-01 -3.2083e+00 +2.7606e+00
426 0 +9.168295649e-01 -3.133317044e+01 -3.133317044e+01 +3.6898e+00 +7.3335e-01 -9.2745e-01 -2.9731e+00 +2.9287e+00
481 0 +9.000233860e-01 -3.134997661e+01 -3.134997661e+01 +3.5917e+00 +6.3787e-01 -9.2939e-01 -3.1041e+00 +2.8211e+00
483 0 +4.239515482e-01 -3.182604845e+01 -3.182604845e+01 +3.6076e+00 +8.1933e-01 -9.0126e-01 -2.9864e+00 +2.9866e+00
501 0 +3.066499542e-01 -3.194335005e+01 -3.194335005e+01 +3.5946e+00 +1.0653e+00 -8.2673e-01 -2.8044e+00 +3.3143e+00
595 0 +2.770248458e-01 -3.197297515e+01 -3.197297515e+01 +3.5888e+00 +9.8781e-01 -9.1298e-01 -2.8617e+00 +3.1349e+00
671 0 +9.307379919e-02 -3.215692620e+01 -3.215692620e+01 +3.5858e+00 +1.0940e+00 -8.6120e-01 -2.7792e+00 +3.3024e+00
780 0 +6.032796137e-02 -3.218967204e+01 -3.218967204e+01 +3.6029e+00 +1.0704e+00 -8.7567e-01 -2.8019e+00 +3.2667e+00
855 0 +5.100743448e-02 -3.219899257e+01 -3.219899257e+01 +3.6012e+00 +1.0496e+00 -8.7166e-01 -2.8152e+00 +3.2380e+00
856 0 +4.140025649e-02 -3.220859974e+01 -3.220859974e+01 +3.5970e+00 +1.0497e+00 -8.6927e-01 -2.8193e+00 +3.2452e+00
903 0 +3.344342516e-02 -3.221655657e+01 -3.221655657e+01 +3.5976e+00 +1.0697e+00 -8.6958e-01 -2.8061e+00 +3.2679e+00
952 0 +3.123899353e-02 -3.221876101e+01 -3.221876101e+01 +3.5985e+00 +1.0647e+00 -8.6613e-01 -2.8101e+00 +3.2650e+00
958 0 +2.690118002e-02 -3.222309882e+01 -3.222309882e+01 +3.6002e+00 +1.0517e+00 -8.6900e-01 -2.8159e+00 +3.2475e+00
983 0 +9.239473862e-03 -3.224076053e+01 -3.224076053e+01 +3.5977e+00 +1.0633e+00 -8.6585e-01 -2.8083e+00 +3.2587e+00
1067 0 +7.585932691e-03 -3.224241407e+01 -3.224241407e+01 +3.5967e+00 +1.0648e+00 -8.6438e-01 -2.8067e+00 +3.2613e+00
1085 0 +5.164175229e-03 -3.224483582e+01 -3.224483582e+01 +3.5968e+00 +1.0629e+00 -8.6461e-01 -2.8092e+00 +3.2601e+00
1105 0 +3.291915746e-03 -3.224670808e+01 -3.224670808e+01 +3.5959e+00 +1.0611e+00 -8.6419e-01 -2.8110e+00 +3.2579e+00
1157 0 +2.984695324e-03 -3.224701530e+01 -3.224701530e+01 +3.5963e+00 +1.0632e+00 -8.6395e-01 -2.8093e+00 +3.2599e+00
1237 0 +2.406614418e-03 -3.224759339e+01 -3.224759339e+01 +3.5962e+00 +1.0619e+00 -8.6409e-01 -2.8100e+00 +3.2586e+00
1242 0 +1.441167826e-03 -3.224855883e+01 -3.224855883e+01 +3.5958e+00 +1.0620e+00 -8.6362e-01 -2.8103e+00 +3.2589e+00
% f evaluations | g evaluations | best noise-free fitness - Fopt (3.681200000000e+02) + sum g_i+ | measured fitness | best measured fitness or single-digit g-values | x1 | x2...
1 0 +7.708373339e+01 +4.452037334e+02 +4.452037334e+02 +5.9671e-01 -3.8264e-02 +7.4769e-01 +1.6230e+00 -1.3415e-01
2 0 +3.437446502e+01 +4.024944650e+02 +4.024944650e+02 -1.3414e-01 +1.6792e+00 +8.6743e-01 -3.6947e-01 +6.4256e-01
3 0 +1.533378808e+01 +3.834537881e+02 +3.834537881e+02 -3.6342e-01 -3.6573e-01 +3.4196e-01 -1.8133e+00 -1.6249e+00
28 0 +1.245364176e+01 +3.805736418e+02 +3.805736418e+02 -3.6981e+00 +1.1735e+00 +4.6261e-01 -2.6290e+00 -2.0200e+00
46 0 +1.000926681e+01 +3.781292668e+02 +3.781292668e+02 -2.0085e+00 -1.3005e+00 +1.0570e+00 -1.2066e+00 -1.0269e-01
155 0 +9.336670842e+00 +3.774566708e+02 +3.774566708e+02 -2.3095e+00 -1.7191e-01 +8.9827e-01 -2.3723e+00 -1.1900e+00
202 0 +8.597994788e+00 +3.767179948e+02 +3.767179948e+02 -2.9612e+00 -5.6438e-01 +6.4612e-01 -2.0376e+00 -8.1517e-01
252 0 +7.776466962e+00 +3.758964670e+02 +3.758964670e+02 -3.4105e+00 -1.3967e+00 +1.2659e+00 -2.7908e+00 -5.1428e-01
257 0 +6.959904434e+00 +3.750799044e+02 +3.750799044e+02 -2.1265e+00 -5.2096e-01 +7.7877e-01 -2.1531e+00 -6.6463e-01
277 0 +6.168222365e+00 +3.742882224e+02 +3.742882224e+02 -1.7795e+00 -2.1079e+00 +8.2572e-02 -2.9553e+00 -1.5801e+00
281 0 +4.690863557e+00 +3.728108636e+02 +3.728108636e+02 -2.4421e+00 -1.3972e-01 +1.0661e+00 -1.6325e+00 -8.4167e-01
286 0 +4.128425226e+00 +3.722484252e+02 +3.722484252e+02 -2.5620e+00 -9.4427e-01 +3.7306e-01 -2.2839e+00 -4.5544e-01
301 0 +3.473302905e+00 +3.715933029e+02 +3.715933029e+02 -2.6888e+00 -9.5124e-01 +1.1764e+00 -2.5154e+00 -7.5415e-01
305 0 +2.945506290e+00 +3.710655063e+02 +3.710655063e+02 -2.5148e+00 -1.2848e+00 +1.0876e+00 -2.3216e+00 -6.9799e-01
308 0 +2.932179639e+00 +3.710521796e+02 +3.710521796e+02 -2.2889e+00 -1.4950e+00 +8.5100e-01 -2.4235e+00 -8.8530e-01
309 0 +2.873075955e+00 +3.709930760e+02 +3.709930760e+02 -2.1082e+00 -1.2307e+00 +8.6187e-01 -2.2883e+00 -4.9661e-01
337 0 +1.679333047e+00 +3.697993330e+02 +3.697993330e+02 -2.5481e+00 -1.5815e+00 +3.6652e-01 -2.5331e+00 -1.0076e+00
360 0 +1.316548328e+00 +3.694365483e+02 +3.694365483e+02 -2.3441e+00 -1.7673e+00 +3.2485e-01 -2.5301e+00 -9.2676e-01
444 0 +1.028772176e+00 +3.691487722e+02 +3.691487722e+02 -2.4788e+00 -1.5366e+00 +5.1314e-01 -2.5593e+00 -7.8356e-01
451 0 +9.012481275e-01 +3.690212481e+02 +3.690212481e+02 -2.4506e+00 -1.3913e+00 +6.0074e-01 -2.4316e+00 -7.0211e-01
457 0 +7.054032678e-01 +3.688254033e+02 +3.688254033e+02 -2.4674e+00 -1.2613e+00 +5.8980e-01 -2.4266e+00 -6.8453e-01
482 0 +6.914800165e-01 +3.688114800e+02 +3.688114800e+02 -2.4635e+00 -1.2964e+00 +6.8139e-01 -2.3957e+00 -7.2001e-01
501 0 +5.862301875e-01 +3.687062302e+02 +3.687062302e+02 -2.4622e+00 -1.2621e+00 +6.5362e-01 -2.4342e+00 -6.9196e-01
502 0 +4.761728898e-01 +3.685961729e+02 +3.685961729e+02 -2.4288e+00 -1.3028e+00 +6.3314e-01 -2.4198e+00 -7.0455e-01
524 0 +4.367416742e-01 +3.685567417e+02 +3.685567417e+02 -2.4150e+00 -1.4085e+00 +6.1916e-01 -2.3912e+00 -7.1717e-01
579 0 +3.332557254e-01 +3.684532557e+02 +3.684532557e+02 -2.4182e+00 -1.3876e+00 +6.1805e-01 -2.4067e+00 -7.1480e-01
588 0 +2.424648954e-01 +3.683624649e+02 +3.683624649e+02 -2.4550e+00 -1.1885e+00 +6.4941e-01 -2.3792e+00 -6.5320e-01
653 0 +1.800706841e-01 +3.683000707e+02 +3.683000707e+02 -2.4427e+00 -1.2321e+00 +6.5029e-01 -2.3842e+00 -6.9037e-01
664 0 +1.779947351e-01 +3.682979947e+02 +3.682979947e+02 -2.4224e+00 -1.2909e+00 +6.6074e-01 -2.3837e+00 -6.9753e-01
726 0 +1.737361048e-01 +3.682937361e+02 +3.682937361e+02 -2.4481e+00 -1.2126e+00 +6.5793e-01 -2.3814e+00 -6.9342e-01
729 0 +1.255558295e-01 +3.682455558e+02 +3.682455558e+02 -2.4372e+00 -1.2203e+00 +6.7720e-01 -2.3548e+00 -6.6940e-01
812 0 +1.012071528e-01 +3.682212072e+02 +3.682212072e+02 -2.4592e+00 -1.1624e+00 +6.8295e-01 -2.3560e+00 -6.8656e-01
845 0 +7.312923840e-02 +3.681931292e+02 +3.681931292e+02 -2.4583e+00 -1.1438e+00 +6.9528e-01 -2.3488e+00 -6.6832e-01
901 0 +6.718919327e-02 +3.681871892e+02 +3.681871892e+02 -2.4579e+00 -1.0835e+00 +7.1971e-01 -2.3094e+00 -6.4783e-01
909 0 +6.668750933e-02 +3.681866875e+02 +3.681866875e+02 -2.4589e+00 -1.1739e+00 +6.7942e-01 -2.3581e+00 -6.8629e-01
912 0 +4.590752029e-02 +3.681659075e+02 +3.681659075e+02 -2.4552e+00 -1.1623e+00 +6.8723e-01 -2.3522e+00 -6.8188e-01
923 0 +4.404143963e-02 +3.681640414e+02 +3.681640414e+02 -2.4663e+00 -1.0977e+00 +7.1623e-01 -2.3301e+00 -6.5779e-01
945 0 +4.006710542e-02 +3.681600671e+02 +3.681600671e+02 -2.4661e+00 -1.0814e+00 +7.1512e-01 -2.3277e+00 -6.5861e-01
977 0 +3.983019191e-02 +3.681598302e+02 +3.681598302e+02 -2.4662e+00 -1.0840e+00 +7.1198e-01 -2.3292e+00 -6.5705e-01
982 0 +3.528099410e-02 +3.681552810e+02 +3.681552810e+02 -2.4624e+00 -1.0894e+00 +7.1417e-01 -2.3277e+00 -6.5117e-01
1002 0 +3.394483885e-02 +3.681539448e+02 +3.681539448e+02 -2.4665e+00 -1.0939e+00 +7.1189e-01 -2.3265e+00 -6.5926e-01
1034 0 +3.067221053e-02 +3.681506722e+02 +3.681506722e+02 -2.4670e+00 -1.0830e+00 +7.1476e-01 -2.3255e+00 -6.5665e-01
1041 0 +2.969607039e-02 +3.681496961e+02 +3.681496961e+02 -2.4590e+00 -1.1022e+00 +7.1522e-01 -2.3264e+00 -6.5643e-01
1047 0 +2.478859412e-02 +3.681447886e+02 +3.681447886e+02 -2.4625e+00 -1.0959e+00 +7.1102e-01 -2.3284e+00 -6.5356e-01
1057 0 +2.348026449e-02 +3.681434803e+02 +3.681434803e+02 -2.4649e+00 -1.0935e+00 +7.1340e-01 -2.3265e+00 -6.5526e-01
1068 0 +1.297524935e-02 +3.681329752e+02 +3.681329752e+02 -2.4633e+00 -1.0882e+00 +7.1705e-01 -2.3232e+00 -6.5376e-01
1084 0 +1.281170153e-02 +3.681328117e+02 +3.681328117e+02 -2.4668e+00 -1.0717e+00 +7.1858e-01 -2.3203e+00 -6.5067e-01
1092 0 +1.046374166e-02 +3.681304637e+02 +3.681304637e+02 -2.4638e+00 -1.0820e+00 +7.1914e-01 -2.3214e+00 -6.5219e-01
1130 0 +1.039919445e-02 +3.681303992e+02 +3.681303992e+02 -2.4645e+00 -1.0824e+00 +7.1801e-01 -2.3227e+00 -6.5311e-01
1151 0 +9.276038235e-03 +3.681292760e+02 +3.681292760e+02 -2.4635e+00 -1.0861e+00 +7.1707e-01 -2.3237e+00 -6.5563e-01
1156 0 +9.065638816e-03 +3.681290656e+02 +3.681290656e+02 -2.4635e+00 -1.0867e+00 +7.1631e-01 -2.3242e+00 -6.5447e-01
1160 0 +7.336222196e-03 +3.681273362e+02 +3.681273362e+02 -2.4630e+00 -1.0858e+00 +7.1937e-01 -2.3220e+00 -6.5357e-01
1183 0 +6.904627048e-03 +3.681269046e+02 +3.681269046e+02 -2.4645e+00 -1.0821e+00 +7.1791e-01 -2.3229e+00 -6.5399e-01
1210 0 +6.872867772e-03 +3.681268729e+02 +3.681268729e+02 -2.4647e+00 -1.0826e+00 +7.1813e-01 -2.3229e+00 -6.5491e-01
1227 0 +5.021722814e-03 +3.681250217e+02 +3.681250217e+02 -2.4637e+00 -1.0872e+00 +7.1721e-01 -2.3241e+00 -6.5460e-01
