% f evaluations | g evaluations | best noise-free fitness - Fopt (7.135000000000e+01) + sum g_i+ | measured fitness | best measured fitness or single-digit g-values | x1 | x2...
1 0 +1.563025373e+02 +2.276525373e+02 +2.276525373e+02 +5.9671e-01 -3.8264e-02 +7.4769e-01 +1.6230e+00 -1.3415e-01 -1.3414e-01 +1.6792e+00 +8.6743e-01 -3.6947e-01 +6.4256e-01
2 0 +8.507595492e+01 +1.564259549e+02 +1.564259549e+02 -3.6342e-01 -3.6573e-01 +3.4196e-01 -1.8133e+00 -1.6249e+00 -4.6229e-01 -9.1283e-01 +4.1425e-01 -8.0802e-01 -1.3123e+00
3 0 +5.025798271e+01 +1.216079827e+02 +1.216079827e+02 +1.5656e+00 -1.2578e-01 +1.6753e-01 -1.3247e+00 -4.4438e-01 +2.1092e-01 -1.0510e+00 +4.7570e-01 -5.0064e-01 -1.9169e-01
4 0 +4.969194061e+01 +1.210419406e+02 +1.210419406e+02 -5.0171e-01 +1.9523e+00 +8.6503e-02 -9.5771e-01 +9.2254e-01 -1.1208e+00 +3.0886e-01 -1.8597e+00 -1.2282e+00 +2.9686e-01
5 0 +4.878548473e+01 +1.201354847e+02 +1.201354847e+02 +8.3847e-01 +2.7137e-01 -1.5648e-02 -2.0110e-01 -1.3785e+00 -6.1984e-01 -3.6064e-01 +1.1571e+00 +4.4362e-01 -1.6630e+00
13 0 +2.412096411e+01 +9.547096411e+01 +9.547096411e+01 +8.9103e-01 -8.0939e-01 +1.5028e+00 -1.3019e+00 +6.8686e-01 +2.2905e+00 -8.9054e-01 -4.6630e-01 +1.9965e-01 -4.0348e-01
288 0 +2.288616203e+01 +9.423616203e+01 +9.423616203e+01 +2.4428e+00 -5.0113e-01 -3.3192e+00 -3.1134e+00 +3.6975e+00 +3.4250e-02 -1.9070e+00 +2.1933e+00 +1.1206e+00 -4.1608e+00
659 0 +1.946763796e+01 +9.081763796e+01 +9.081763796e+01 -2.3289e+00 +2.1369e-01 -2.9308e+00 -3.2937e+00 +4.3689e+00 -1.0127e+00 +2.2611e+00 -1.3779e+00 +2.0372e+00 -3.9630e+00
1003 0 +1.804197638e+01 +8.939197638e+01 +8.939197638e+01 -3.9000e+00 +2.0355e+00 +1.1939e+00 +4.9967e+00 -2.6834e+00 -8.1398e-01 -3.1244e+00 +3.0954e+00 -2.8865e+00 -1.6633e+00
1379 0 +1.639037617e+01 +8.774037617e+01 +8.774037617e+01 +3.4424e+00 -3.3916e+00 -2.5982e+00 -2.2913e+00 -1.1563e+00 -3.0870e+00 -4.3827e+00 -2.8290e+00 -1.2773e+00 -1.2145e+00
1547 0 +1.512183713e+01 +8.647183713e+01 +8.647183713e+01 -2.0447e+00 -1.5602e+00 -2.1595e+00 +2.9577e+00 +4.5274e-01 -1.5723e+00 -3.0662e+00 +6.5585e-01 -3.0355e+00 -4.3472e+00
% f evaluations | g evaluations | best noise-free fitness - Fopt (-3.552200000000e+02) + sum g_i+ | measured fitness | best measured fitness or single-digit g-values | x1 | x2...
1 0 +5.743893307e+01 -2.977810669e+02 -2.977810669e+02 +5.9671e-01 -3.8264e-02 +7.4769e-01 +1.6230e+00 -1.3415e-01 -1.3414e-01 +1.6792e+00 +8.6743e-01 -3.6947e-01 +6.4256e-01
5 0 +4.767275423e+01 -3.075472458e+02 -3.075472458e+02 +8.3847e-01 +2.7137e-01 -1.5648e-02 -2.0110e-01 -1.3785e+00 -6.1984e-01 -3.6064e-01 +1.1571e+00 +4.4362e-01 -1.6630e+00
19 0 +4.686117056e+01 -3.083588294e+02 -3.083588294e+02 +7.2567e-01 -7.5716e-01 -9.7089e-01 +5.8247e-01 -1.2346e-01 +8.1400e-01 +5.7324e-01 +2.7171e-02 -7.4679e-01 -1.4148e+00
46 0 +4.684908744e+01 -3.083709126e+02 -3.083709126e+02 +3.7321e-02 +1.0551e+00 -8.8573e-01 +6.0405e-01 -4.3026e-01 -6.9287e-01 -7.0304e-03 -9.3524e-01 -4.5365e-01 -1.0979e+00
57 0 +3.434527160e+01 -3.208747284e+02 -3.208747284e+02 +3.4248e-01 +4.4651e-01 +1.0541e-01 +1.5679e+00 +4.2654e-01 +3.3193e-01 -6.1472e-01 +4.0118e-01 +5.4141e-01 -4.6079e-01
87 0 +2.533476063e+01 -3.298852394e+02 -3.298852394e+02 -9.5780e-01 -2.8803e-01 -1.0104e-01 -5.1973e-01 +1.1731e-01 +3.4458e-01 -1.6285e+00 +5.4521e-01 -2.3664e-01 +1.1515e+00
217 0 +2.313414706e+01 -3.320858529e+02 -3.320858529e+02 +2.1170e-01 +3.1277e-01 +3.4394e-02 +1.1486e+00 -2.9039e-01 -1.0688e-01 -7.3467e-01 -3.7262e-02 +4.9415e-02 +1.4817e-01
227 0 +2.200250672e+01 -3.332174933e+02 -3.332174933e+02 +4.9489e-01 +7.0288e-01 +1.1508e-01 +1.8696e+00 +6.4581e-01 -3.3232e-01 -1.3276e+00 -1.2486e-01 -1.9651e-01 +5.4635e-02
348 0 +2.067700921e+01 -3.345429908e+02 -3.345429908e+02 +5.9907e-01 +1.1876e-01 +2.9871e-01 +1.4874e+00 -9.4778e-01 +1.8453e+00 +1.6672e-01 +3.0633e-01 +5.8734e-01 -1.6621e+00
411 0 +1.968274025e+01 -3.355372598e+02 -3.355372598e+02 -7.6368e-01 -1.6610e-01 +6.2903e-02 +3.0998e-01 -3.9135e-01 +7.3628e-01 -1.9105e+00 +9.9730e-01 -2.0462e-01 +1.0619e+00
501 0 +1.434768402e+01 -3.408723160e+02 -3.408723160e+02 +6.8396e-01 +2.0269e-02 -2.1789e-02 +6.4643e-01 +1.9067e-01 +1.0675e+00 -1.4035e+00 +9.2371e-01 +5.7242e-01 +5.0300e-01
606 0 +1.060030352e+01 -3.446196965e+02 -3.446196965e+02 +4.9169e-02 +3.7254e-01 +9.9350e-03 +3.4057e-01 +1.1630e-01 +7.2015e-01 -1.9618e+00 +1.1263e+00 +4.2736e-01 +7.6133e-01
675 0 +9.008643010e+00 -3.462113570e+02 -3.462113570e+02 +9.6664e-01 -6.1592e-02 -2.6421e-01 +3.3553e-01 +8.3538e-01 +1.2328e+00 -2.2458e+00 +1.4269e+00 +9.0050e-01 +6.3317e-01
709 0 +8.894330016e+00 -3.463256700e+02 -3.463256700e+02 +3.3194e-01 -6.2600e-02 -2.7391e-01 +6.1100e-01 +8.7870e-01 +9.7469e-01 -2.0788e+00 +1.2943e+00 +7.6297e-01 +8.6411e-01
753 0 +6.348404662e+00 -3.488715953e+02 -3.488715953e+02 +6.3213e-01 +1.5817e-01 -2.6025e-01 +2.3450e-01 +4.0131e-01 +1.2452e+00 -1.8772e+00 +1.4309e+00 +8.9599e-01 +9.4971e-01
901 0 +6.209077266e+00 -3.490109227e+02 -3.490109227e+02 +6.6183e-01 +3.4455e-02 -2.5289e-01 +2.5550e-01 +5.0991e-01 +1.4112e+00 -1.9485e+00 +1.4181e+00 +8.0541e-01 +8.5825e-01
902 0 +5.494486774e+00 -3.497255132e+02 -3.497255132e+02 +8.0804e-02 -8.0873e-02 -3.0906e-01 +4.3374e-01 +3.4501e-01 +1.0391e+00 -1.7475e+00 +1.2749e+00 +7.3023e-01 +8.9482e-01
909 0 +5.408330014e+00 -3.498116700e+02 -3.498116700e+02 +7.6391e-01 +1.2839e-01 -4.4389e-01 +4.1480e-01 +6.5021e-01 +1.2246e+00 -2.3490e+00 +1.6309e+00 +7.3546e-01 +1.0306e+00
911 0 +4.732959615e+00 -3.504870404e+02 -3.504870404e+02 +4.8734e-01 +1.3224e-01 -5.7743e-01 +4.5128e-01 +5.3417e-01 +9.9479e-01 -1.9636e+00 +1.4258e+00 +7.7926e-01 +9.5417e-01
936 0 +4.554232029e+00 -3.506657680e+02 -3.506657680e+02 +8.5632e-01 +3.1260e-01 -6.7555e-01 +5.0398e-01 +5.3751e-01 +1.1776e+00 -1.8204e+00 +1.3788e+00 +5.1906e-01 +7.7395e-01
951 0 +3.880548876e+00 -3.513394511e+02 -3.513394511e+02 +7.0106e-01 +2.5168e-01 -6.4457e-01 +5.9485e-01 +5.0476e-01 +1.3856e+00 -2.0545e+00 +1.6424e+00 +5.8842e-01 +9.2563e-01
1056 0 +3.144991557e+00 -3.520750084e+02 -3.520750084e+02 +6.1035e-01 +2.6578e-01 -4.7875e-01 +5.1178e-01 +4.6539e-01 +1.3455e+00 -2.1595e+00 +1.6261e+00 +8.1963e-01 +1.0656e+00
1152 0 +2.821877188e+00 -3.523981228e+02 -3.523981228e+02 +7.8808e-01 +1.7510e-01 -4.6729e-01 +5.9328e-01 +7.3813e-01 +1.1987e+00 -2.2427e+00 +1.5501e+00 +9.7893e-01 +8.8765e-01
1155 0 +2.355289711e+00 -3.528647103e+02 -3.528647103e+02 +7.5273e-01 +2.6367e-01 -4.9241e-01 +2.4973e-01 +7.7753e-01 +1.1181e+00 -2.0725e+00 +1.5284e+00 +8.3751e-01 +9.1901e-01
1165 0 +2.347416713e+00 -3.528725833e+02 -3.528725833e+02 +4.3483e-01 +1.4377e-01 -5.6925e-01 +3.8863e-01 +5.2303e-01 +1.2820e+00 -2.1232e+00 +1.6818e+00 +8.7387e-01 +1.0110e+00
1193 0 +2.267526720e+00 -3.529524733e+02 -3.529524733e+02 +6.8555e-01 +3.6189e-01 -4.6657e-01 +5.3352e-01 +4.7662e-01 +1.1210e+00 -2.0265e+00 +1.3670e+00 +6.0596e-01 +8.1355e-01
1202 0 +1.464744674e+00 -3.537552553e+02 -3.537552553e+02 +8.0113e-01 +2.6671e-01 -5.7263e-01 +4.4166e-01 +5.8021e-01 +1.2995e+00 -2.0882e+00 +1.4562e+00 +9.5251e-01 +9.5090e-01
1308 0 +1.011098447e+00 -3.542089016e+02 -3.542089016e+02 +6.9958e-01 +1.6941e-01 -5.2808e-01 +5.4825e-01 +6.7716e-01 +1.2196e+00 -2.1604e+00 +1.5144e+00 +9.1094e-01 +9.3444e-01
1522 0 +7.719115446e-01 -3.544480885e+02 -3.544480885e+02 +5.3175e-01 +1.6254e-01 -6.0408e-01 +4.7460e-01 +5.7551e-01 +1.2353e+00 -2.0625e+00 +1.5338e+00 +8.0003e-01 +9.4258e-01
1551 0 +5.554102018e-01 -3.546645898e+02 -3.546645898e+02 +4.8375e-01 +1.2728e-01 -5.8826e-01 +4.7891e-01 +5.9804e-01 +1.2656e+00 -2.0263e+00 +1.5564e+00 +8.3308e-01 +9.4181e-01
1555 0 +5.340831532e-01 -3.546859168e+02 -3.546859168e+02 +5.6758e-01 +1.4749e-01 -6.2000e-01 +5.2598e-01 +6.8477e-01 +1.2441e+00 -2.0808e+00 +1.5259e+00 +9.0183e-01 +9.2814e-01
1602 0 +3.738116742e-01 -3.548461883e+02 -3.548461883e+02 +6.0183e-01 +1.5212e-01 -6.0744e-01 +4.1818e-01 +6.7555e-01 +1.2095e+00 -2.0432e+00 +1.4942e+00 +8.5722e-01 +9.5304e-01
1902 0 +2.989116105e-01 -3.549210884e+02 -3.549210884e+02 +6.0206e-01 +1.9930e-01 -6.5554e-01 +3.8914e-01 +6.4724e-01 +1.2567e+00 -2.0263e+00 +1.5127e+00 +8.5019e-01 +9.6463e-01
1924 0 +2.755845627e-01 -3.549444154e+02 -3.549444154e+02 +6.3330e-01 +1.4920e-01 -6.2047e-01 +4.2391e-01 +6.8187e-01 +1.2432e+00 -2.0305e+00 +1.5055e+00 +8.8759e-01 +9.3965e-01
1991 0 +2.661010882e-01 -3.549538989e+02 -3.549538989e+02 +6.3280e-01 +1.8584e-01 -6.2872e-01 +4.1754e-01 +6.7522e-01 +1.2536e+00 -2.0420e+00 +1.4983e+00 +8.7325e-01 +9.4653e-01
2003 0 +2.623121815e-01 -3.549576878e+02 -3.549576878e+02 +6.4648e-01 +1.9134e-01 -6.3632e-01 +3.9604e-01 +6.5908e-01 +1.2407e+00 -2.0413e+00 +1.4930e+00 +8.6186e-01 +9.5189e-01
2005 0 +2.159997607e-01 -3.550040002e+02 -3.550040002e+02 +6.3018e-01 +1.8828e-01 -6.2465e-01 +3.9474e-01 +6.5166e-01 +1.2396e+00 -2.0333e+00 +1.4862e+00 +8.5591e-01 +9.5313e-01
2057 0 +1.861978071e-01 -3.550338022e+02 -3.550338022e+02 +6.2211e-01 +1.7593e-01 -6.3168e-01 +3.9653e-01 +6.6269e-01 +1.2376e+00 -2.0260e+00 +1.4879e+00 +8.5097e-01 +9.5874e-01
2105 0 +1.810492858e-01 -3.550389507e+02 -3.550389507e+02 +5.9856e-01 +1.7532e-01 -6.4109e-01 +3.9069e-01 +6.6925e-01 +1.2395e+00 -2.0319e+00 +1.5006e+00 +8.6227e-01 +9.5712e-01
2166 0 +1.525311063e-01 -3.550674689e+02 -3.550674689e+02 +6.0830e-01 +1.8930e-01 -6.4985e-01 +4.0032e-01 +6.6393e-01 +1.2398e+00 -2.0354e+00 +1.5008e+00 +8.4231e-01 +9.5888e-01
2206 0 +1.369691375e-01 -3.550830309e+02 -3.550830309e+02 +5.9571e-01 +1.8480e-01 -6.4459e-01 +4.0139e-01 +6.6417e-01 +1.2416e+00 -2.0282e+00 +1.4969e+00 +8.4595e-01 +9.4732e-01
2351 0 +1.305515896e-01 -3.550894484e+02 -3.550894484e+02 +6.3227e-01 +1.8674e-01 -6.4195e-01 +3.8998e-01 +6.6407e-01 +1.2372e+00 -2.0237e+00 +1.4874e+00 +8.4092e-01 +9.5384e-01
2409 0 +1.291576112e-01 -3.550908424e+02 -3.550908424e+02 +6.1269e-01 +1.7828e-01 -6.4347e-01 +3.8971e-01 +6.6235e-01 +1.2411e+00 -2.0223e+00 +1.4963e+00 +8.5002e-01 +9.6047e-01
2413 0 +1.143118852e-01 -3.551056881e+02 -3.551056881e+02 +6.1084e-01 +1.7413e-01 -6.3677e-01 +3.8245e-01 +6.6531e-01 +1.2435e+00 -2.0234e+00 +1.5008e+00 +8.5764e-01 +9.6330e-01
% f evaluations | g evaluations | best noise-free fitness - Fopt (9.917000000000e+01) + sum g_i+ | measured fitness | best measured fitness or single-digit g-values | x1 | x2...
1 0 +1.039278948e+02 +2.030978948e+02 +2.030978948e+02 +5.9671e-01 -3.8264e-02 +7.4769e-01 +1.6230e+00 -1.3415e-01 -1.3414e-01 +1.6792e+00 +8.6743e-01 -3.6947e-01 +6.4256e-01
2 0 +1.013994634e+02 +2.005694634e+02 +2.005694634e+02 -3.6342e-01 -3.6573e-01 +3.4196e-01 -1.8133e+00 -1.6249e+00 -4.6229e-01 -9.1283e-01 +4.1425e-01 -8.0802e-01 -1.3123e+00
3 0 +6.749849581e+01 +1.666684958e+02 +1.666684958e+02 +1.5656e+00 -1.2578e-01 +1.6753e-01 -1.3247e+00 -4.4438e-01 +2.1092e-01 -1.0510e+00 +4.7570e-01 -5.0064e-01 -1.9169e-01
5 0 +6.101309449e+01 +1.601830945e+02 +1.601830945e+02 +8.3847e-01 +2.7137e-01 -1.5648e-02 -2.0110e-01 -1.3785e+00 -6.1984e-01 -3.6064e-01 +1.1571e+00 +4.4362e-01 -1.6630e+00
15 0 +3.540159609e+01 +1.345715961e+02 +1.345715961e+02 +3.2746e-01 +1.4071e+00 -1.5075e+00 +2.8463e-01 +3.5988e-01 +8.8182e-01 -1.1370e+00 -1.2205e+00 +6.2194e-01 +3.9698e-01
106 0 +2.608215975e+01 +1.252521598e+02 +1.252521598e+02 +1.8859e+00 -1.9414e+00 +9.6531e-01 -3.5042e+00 -1.5174e+00 -1.0998e+00 -3.9354e+00 +2.0448e-01 -1.1463e+00 -3.5176e+00
161 0 +2.268896437e+01 +1.218589644e+02 +1.218589644e+02 -3.0283e+00 +1.1895e+00 -2.9506e+00 -1.4021e+00 -3.7010e+00 -1.6353e+00 -3.4461e+00 -8.4129e-01 -7.7081e-01 +1.3841e+00
263 0 +2.058865543e+01 +1.197586554e+02 +1.197586554e+02 -1.4438e+00 +4.8459e+00 -3.2947e-01 -3.7482e+00 +2.8192e+00 +2.5904e-01 +1.6378e+00 +8.7251e-01 -2.0902e+00 +2.0998e+00
875 0 +1.969784681e+01 +1.188678468e+02 +1.188678468e+02 -1.9321e+00 +4.0104e+00 +2.8398e+00 -4.6887e+00 +4.7841e+00 +1.1499e+00 -1.5039e+00 -2.3361e+00 +1.2655e+00 +1.4723e-01
2248 0 +1.513372408e+01 +1.143037241e+02 +1.143037241e+02 -1.1143e+00 +1.3999e+00 -2.6270e+00 +7.0348e-01 +2.5422e+00 +2.5024e+00 -3.9340e+00 -1.4196e+00 -1.1447e+00 +2.9654e+00
% f evaluations | g evaluations | best noise-free fitness - Fopt (-5.179100000000e+02) + sum g_i+ | measured fitness | best measured fitness or single-digit g-values | x1 | x2...
1 0 +8.463476067e+01 -4.332752393e+02 -4.332752393e+02 +5.9671e-01 -3.8264e-02 +7.4769e-01 +1.6230e+00 -1.3415e-01 -1.3414e-01 +1.6792e+00 +8.6743e-01 -3.6947e-01 +6.4256e-01
2 0 +5.014337174e+01 -4.677666283e+02 -4.677666283e+02 -3.6342e-01 -3.6573e-01 +3.4196e-01 -1.8133e+00 -1.6249e+00 -4.6229e-01 -9.1283e-01 +4.1425e-01 -8.0802e-01 -1.3123e+00
4 0 +3.776209812e+01 -4.801479019e+02 -4.801479019e+02 -5.0171e-01 +1.9523e+00 +8.6503e-02 -9.5771e-01 +9.2254e-01 -1.1208e+00 +3.0886e-01 -1.8597e+00 -1.2282e+00 +2.9686e-01
38 0 +2.841247606e+01 -4.894975239e+02 -4.894975239e+02 +1.2451e-01 +5.9800e-01 +1.5511e+00 +1.0593e+00 +2.2532e+00 -6.6735e-01 +9.7232e-01 +2.8334e-01 +2.2898e+00 -7.0830e-01
72 0 +2.308783928e+01 -4.948221607e+02 -4.948221607e+02 +2.2503e+00 +8.1025e-01 +1.6795e-02 +3.4341e-01 -6.3492e-01 +8.1526e-01 -8.2416e-01 -3.5589e-01 +3.4621e-01 +1.9780e+00
309 0 +2.134057989e+01 -4.965694201e+02 -4.965694201e+02 -1.4431e+00 -5.9590e-01 -6.3275e-01 +2.4224e-01 +7.1098e-01 -3.8189e-01 +9.8203e-01 +4.0987e-01 +5.1630e-01 -1.0157e-01
373 0 +1.654839604e+01 -5.013616040e+02 -5.013616040e+02 -1.5786e+00 -7.0087e-01 -7.3013e-03 -1.7940e-01 +3.8700e-01 -2.2004e-02 +1.1280e+00 +3.5386e-01 +3.3760e-01 -2.9389e-01
401 0 +1.032844502e+01 -5.075815550e+02 -5.075815550e+02 -1.1014e-01 +1.8124e-01 -3.1987e-01 -8.3376e-01 -6.0557e-01 -8.4320e-01 +1.5492e+00 +9.1671e-01 +9.5186e-01 +2.5833e-01
605 0 +9.289287303e+00 -5.086207127e+02 -5.086207127e+02 -4.4231e-01 +2.5994e-05 -4.5282e-01 -4.1473e-01 -1.4379e-01 -7.7513e-01 +1.3983e+00 +7.1583e-01 +8.7615e-01 +7.8224e-02
655 0 +8.591778945e+00 -5.093182211e+02 -5.093182211e+02 -8.9916e-01 +8.0494e-01 +5.2155e-02 -6.3225e-01 -3.2667e-01 -8.1709e-01 +1.1218e+00 +8.4313e-01 +8.6468e-02 +5.4510e-01
701 0 +7.938785418e+00 -5.099712146e+02 -5.099712146e+02 -9.6826e-01 +4.4534e-01 -1.3094e-01 -7.6687e-01 -4.9579e-01 -9.1212e-01 +1.3054e+00 +1.0620e+00 +3.7706e-01 +3.7760e-01
741 0 +7.872530897e+00 -5.100374691e+02 -5.100374691e+02 -1.4775e+00 +2.6513e-01 -4.9620e-02 -3.2979e-01 -1.4896e-02 -5.3318e-01 +1.5438e+00 +6.9116e-01 +7.7948e-01 -8.9794e-02
780 0 +7.571431729e+00 -5.103385683e+02 -5.103385683e+02 -9.1447e-01 +7.5551e-01 +6.1619e-02 -8.3925e-01 -7.6037e-01 -1.1552e+00 +1.4224e+00 +5.5389e-01 +8.1742e-02 +4.0390e-01
801 0 +6.594112106e+00 -5.113158879e+02 -5.113158879e+02 -1.2867e+00 +2.0907e-01 -2.7344e-03 -6.6718e-01 +4.9809e-02 -4.4436e-01 +1.3988e+00 +6.3932e-01 +5.6946e-01 +2.2798e-01
857 0 +5.653817048e+00 -5.122561830e+02 -5.122561830e+02 -1.2638e+00 +3.4704e-01 +2.1799e-02 -4.2926e-01 -1.7152e-01 -7.4431e-01 +1.3735e+00 +3.3450e-01 +3.6787e-01 +2.0353e-01
952 0 +4.043695044e+00 -5.138663050e+02 -5.138663050e+02 -1.1966e+00 +3.1653e-01 +1.5101e-01 -5.8161e-01 -1.6990e-01 -6.5320e-01 +1.3614e+00 +4.3848e-01 +3.6608e-01 +4.3723e-01
1002 0 +1.764379451e+00 -5.161456205e+02 -5.161456205e+02 -1.3635e+00 +5.3049e-01 +2.6940e-01 -7.0492e-01 -1.9996e-01 -7.2178e-01 +1.3931e+00 +5.8310e-01 +3.5053e-01 +1.7266e-01
1133 0 +1.730674320e+00 -5.161793257e+02 -5.161793257e+02 -1.2345e+00 +5.3338e-01 +2.2460e-01 -4.7257e-01 -2.1877e-01 -7.2675e-01 +1.3357e+00 +6.1630e-01 +3.8637e-01 +1.5247e-01
1302 0 +1.717507429e+00 -5.161924926e+02 -5.161924926e+02 -1.3093e+00 +7.2227e-01 +2.0909e-01 -8.1564e-01 -4.3782e-01 -8.5184e-01 +1.3378e+00 +8.2466e-01 +4.5529e-01 +2.7866e-01
1303 0 +1.615584980e+00 -5.162944150e+02 -5.162944150e+02 -1.4563e+00 +4.9286e-01 +2.5021e-01 -6.6470e-01 -1.3785e-01 -6.2788e-01 +1.3883e+00 +7.2301e-01 +3.8984e-01 +8.2689e-02
1328 0 +1.461507982e+00 -5.164484920e+02 -5.164484920e+02 -1.2640e+00 +6.6054e-01 +2.8687e-01 -5.9707e-01 -3.1868e-01 -7.4463e-01 +1.2910e+00 +7.1392e-01 +3.3187e-01 +2.6360e-01
1352 0 +1.396801476e+00 -5.165131985e+02 -5.165131985e+02 -1.3120e+00 +7.2468e-01 +2.2624e-01 -7.3179e-01 -3.6159e-01 -8.1432e-01 +1.3133e+00 +7.3058e-01 +3.5577e-01 +1.9954e-01
1354 0 +1.199625073e+00 -5.167103749e+02 -5.167103749e+02 -1.3490e+00 +7.1024e-01 +3.0896e-01 -7.4202e-01 -3.3345e-01 -7.6092e-01 +1.3262e+00 +8.1031e-01 +3.9044e-01 +2.1087e-01
1475 0 +9.600967728e-01 -5.169499032e+02 -5.169499032e+02 -1.3640e+00 +7.7065e-01 +3.0008e-01 -7.1339e-01 -3.7324e-01 -7.8807e-01 +1.3030e+00 +9.0733e-01 +3.4554e-01 +1.7424e-01
1481 0 +8.723440380e-01 -5.170376560e+02 -5.170376560e+02 -1.3478e+00 +7.5092e-01 +2.4856e-01 -8.3190e-01 -3.6839e-01 -8.5955e-01 +1.3742e+00 +8.2419e-01 +3.4472e-01 +1.9296e-01
1576 0 +7.899649035e-01 -5.171200351e+02 -5.171200351e+02 -1.3683e+00 +7.8077e-01 +3.4935e-01 -8.0063e-01 -4.0183e-01 -8.2064e-01 +1.3165e+00 +7.5894e-01 +3.4353e-01 +2.5615e-01
1604 0 +7.517595920e-01 -5.171582404e+02 -5.171582404e+02 -1.3644e+00 +7.3786e-01 +3.1631e-01 -7.5872e-01 -3.7063e-01 -8.3290e-01 +1.3380e+00 +7.4001e-01 +3.3402e-01 +2.4155e-01
1751 0 +6.866481655e-01 -5.172233518e+02 -5.172233518e+02 -1.3452e+00 +7.9819e-01 +3.2972e-01 -7.8254e-01 -4.1109e-01 -8.1896e-01 +1.3116e+00 +7.7607e-01 +3.3504e-01 +2.2396e-01
1752 0 +5.967723053e-01 -5.173132277e+02 -5.173132277e+02 -1.3637e+00 +7.5923e-01 +3.2380e-01 -7.8724e-01 -3.8293e-01 -8.3061e-01 +1.3427e+00 +7.1925e-01 +3.3754e-01 +2.3717e-01
1863 0 +5.826615851e-01 -5.173273384e+02 -5.173273384e+02 -1.3586e+00 +7.3478e-01 +3.3690e-01 -7.8517e-01 -3.4960e-01 -8.0360e-01 +1.3432e+00 +7.7942e-01 +3.0328e-01 +1.8824e-01
1903 0 +5.666200839e-01 -5.173433799e+02 -5.173433799e+02 -1.3662e+00 +7.9390e-01 +3.2514e-01 -8.0483e-01 -3.9669e-01 -8.4706e-01 +1.3515e+00 +7.4422e-01 +3.4017e-01 +2.3029e-01
1907 0 +4.815919465e-01 -5.174284081e+02 -5.174284081e+02 -1.3629e+00 +7.4776e-01 +3.3339e-01 -8.1597e-01 -3.7112e-01 -8.3073e-01 +1.3503e+00 +7.3055e-01 +3.2440e-01 +2.2964e-01
2001 0 +4.628984238e-01 -5.174471016e+02 -5.174471016e+02 -1.4082e+00 +8.2779e-01 +3.5175e-01 -8.5179e-01 -3.9397e-01 -8.2883e-01 +1.3491e+00 +8.0205e-01 +3.4869e-01 +2.4430e-01
2122 0 +4.601972743e-01 -5.174498027e+02 -5.174498027e+02 -1.3918e+00 +8.0088e-01 +3.3884e-01 -8.4815e-01 -3.9231e-01 -8.3735e-01 +1.3607e+00 +7.8710e-01 +3.2601e-01 +2.3624e-01
2201 0 +4.303752630e-01 -5.174796247e+02 -5.174796247e+02 -1.3663e+00 +7.9176e-01 +3.4279e-01 -8.1155e-01 -3.9914e-01 -8.4062e-01 +1.3474e+00 +7.6496e-01 +3.3300e-01 +2.5207e-01
2352 0 +4.282315769e-01 -5.174817684e+02 -5.174817684e+02 -1.3996e+00 +8.2329e-01 +3.4184e-01 -8.3901e-01 -4.0210e-01 -8.3754e-01 +1.3516e+00 +8.1966e-01 +3.4567e-01 +2.5734e-01
2361 0 +3.908616610e-01 -5.175191383e+02 -5.175191383e+02 -1.4001e+00 +8.1674e-01 +3.5535e-01 -8.4536e-01 -3.9590e-01 -8.4416e-01 +1.3602e+00 +7.8355e-01 +3.4288e-01 +2.5164e-01
2407 0 +3.652290824e-01 -5.175447709e+02 -5.175447709e+02 -1.3847e+00 +8.0470e-01 +3.4913e-01 -8.2876e-01 -3.9175e-01 -8.3041e-01 +1.3483e+00 +7.7769e-01 +3.4765e-01 +2.6509e-01
% f evaluations | g evaluations | best noise-free fitness - Fopt (-5.721000000000e+01) + sum g_i+ | measured fitness | best measured fitness or single-digit g-values | x1 | x2...
1 0 +5.863635118e+01 +1.426351182e+00 +1.426351182e+00 +5.9671e-01 -3.8264e-02 +7.4769e-01 +1.6230e+00 -1.3415e-01 -1.3414e-01 +1.6792e+00 +8.6743e-01 -3.6947e-01 +6.4256e-01
11 0 +5.609913310e+01 -1.110866905e+00 -1.110866905e+00 -1.3154e+00 -3.2065e-01 -2.4271e-01 -7.0228e-01 -6.1286e-02 +5.0405e-01 +1.9862e+00 +2.7458e-01 +3.5755e-01 +2.5554e-02
13 0 +5.180887444e+01 -5.401125560e+00 -5.401125560e+00 +8.9103e-01 -8.0939e-01 +1.5028e+00 -1.3019e+00 +6.8686e-01 +2.2905e+00 -8.9054e-01 -4.6630e-01 +1.9965e-01 -4.0348e-01
23 0 +3.625132968e+01 -2.095867032e+01 -2.095867032e+01 +2.4147e+00 -1.7673e+00 +7.8626e-01 -1.5127e+00 -3.7193e-01 +1.1890e+00 +1.6428e-01 -9.7774e-01 -6.1530e-01 +7.7960e-01
47 0 +2.544855445e+01 -3.176144555e+01 -3.176144555e+01 +2.0647e+00 +1.3526e-01 -5.9973e-01 +3.1398e-01 -1.2328e-02 -1.2097e-01 +7.1417e-01 +8.5751e-01 -4.3050e-01 -4.7582e-01
107 0 +2.097739040e+01 -3.623260960e+01 -3.623260960e+01 -1.2621e+00 -4.3819e-01 +1.9326e+00 +1.2154e+00 +3.3140e-01 -8.9451e-02 +2.6243e+00 +4.4583e-01 +2.3790e+00 -1.2441e+00
1001 0 +1.616943278e+01 -4.104056722e+01 -4.104056722e+01 -2.0355e+00 +2.1241e+00 +2.8691e+00 +3.0617e+00 -1.9773e+00 +2.1241e+00 +1.2456e+00 +6.9764e-01 +1.8125e+00 -2.7785e+00
1258 0 +1.582603626e+01 -4.138396374e+01 -4.138396374e+01 -4.0540e+00 +3.9485e+00 +3.2696e+00 -3.6823e+00 +4.0290e+00 -1.8872e+00 +4.2158e+00 +2.9905e-01 -3.3886e+00 -3.5035e+00
% f evaluations | g evaluations | best noise-free fitness - Fopt (6.626000000000e+01) + sum g_i+ | measured fitness | best measured fitness or single-digit g-values | x1 | x2...
1 0 +5.586764802e+01 +1.221276480e+02 +1.221276480e+02 +5.9671e-01 -3.8264e-02 +7.4769e-01 +1.6230e+00 -1.3415e-01 -1.3414e-01 +1.6792e+00 +8.6743e-01 -3.6947e-01 +6.4256e-01
4 0 +5.227987907e+01 +1.185398791e+02 +1.185398791e+02 -5.0171e-01 +1.9523e+00 +8.6503e-02 -9.5771e-01 +9.2254e-01 -1.1208e+00 +3.0886e-01 -1.8597e+00 -1.2282e+00 +2.9686e-01
11 0 +5.165312297e+01 +1.179131230e+02 +1.179131230e+02 -1.3154e+00 -3.2065e-01 -2.4271e-01 -7.0228e-01 -6.1286e-02 +5.0405e-01 +1.9862e+00 +2.7458e-01 +3.5755e-01 +2.5554e-02
23 0 +4.305155598e+01 +1.093115560e+02 +1.093115560e+02 +2.4147e+00 -1.7673e+00 +7.8626e-01 -1.5127e+00 -3.7193e-01 +1.1890e+00 +1.6428e-01 -9.7774e-01 -6.1530e-01 +7.7960e-01
59 0 +3.658038443e+01 +1.028403844e+02 +1.028403844e+02 -3.2683e-01 +1.4367e+00 +1.4978e+00 -1.7200e-01 -3.0509e-01 -1.9283e+00 +2.8715e+00 +9.3484e-01 +4.7326e-01 +1.4366e-01
81 0 +3.544262864e+01 +1.017026286e+02 +1.017026286e+02 -1.9238e+00 -1.3671e+00 +1.6302e-01 +6.5184e-01 -1.2996e-01 +3.0581e-01 +3.7234e-01 +2.8539e-01 -3.1687e-01 -1.0721e-01
88 0 +3.200314750e+01 +9.826314750e+01 +9.826314750e+01 -1.6955e+00 -3.0548e-01 +8.5150e-01 +3.1430e-01 +1.9099e-01 +3.9260e-01 +7.5782e-01 -4.7030e-01 -2.0715e+00 -3.6971e-01
119 0 +1.601351436e+01 +8.227351436e+01 +8.227351436e+01 -2.5835e+00 -1.2258e-01 +7.8430e-01 +4.4538e-01 +3.6131e-01 -5.6141e-02 +6.1140e-01 -2.1181e+00 -1.7614e+00 -2.7027e-01
% f evaluations | g evaluations | best noise-free fitness - Fopt (-1.386200000000e+02) + sum g_i+ | measured fitness | best measured fitness or single-digit g-values | x1 | x2...
1 0 +5.619946729e+01 -8.242053271e+01 -8.242053271e+01 +5.9671e-01 -3.8264e-02 +7.4769e-01 +1.6230e+00 -1.3415e-01 -1.3414e-01 +1.6792e+00 +8.6743e-01 -3.6947e-01 +6.4256e-01
5 0 +5.186669293e+01 -8.675330707e+01 -8.675330707e+01 +8.3847e-01 +2.7137e-01 -1.5648e-02 -2.0110e-01 -1.3785e+00 -6.1984e-01 -3.6064e-01 +1.1571e+00 +4.4362e-01 -1.6630e+00
17 0 +3.974652191e+01 -9.887347809e+01 -9.887347809e+01 -8.7468e-01 +8.8708e-01 +1.2586e+00 -7.2068e-01 +1.0634e+00 +5.1278e-01 +9.2206e-01 +1.9968e+00 -1.4539e-01 -6.5374e-01
21 0 +3.713740102e+01 -1.014825990e+02 -1.014825990e+02 +4.5779e-01 +6.6078e-01 +1.1831e+00 +1.1538e+00 -1.2777e+00 -8.3783e-01 +6.1504e-01 +6.1379e-01 +6.1505e-01 +3.9527e+00
28 0 +3.276935266e+01 -1.058506473e+02 -1.058506473e+02 +1.5413e+00 -1.3359e+00 +1.2632e+00 +1.1023e-01 -8.8151e-01 +5.6210e-01 +2.9906e-01 -5.0022e-01 +1.6980e-01 -2.8531e-01
189 0 +3.198081930e+01 -1.066391807e+02 -1.066391807e+02 +1.0828e-01 -2.5798e-01 -5.5499e-01 +1.1737e+00 -7.2637e-01 -4.5785e-01 +2.6276e-01 -2.4521e-01 +1.6462e-01 +1.5138e+00
199 0 +3.013061554e+01 -1.084893845e+02 -1.084893845e+02 +7.0583e-01 +7.0282e-01 -1.4531e+00 +8.5627e-01 -1.0455e+00 +1.4642e+00 +1.1631e+00 +9.1921e-01 +6.5361e-01 -6.7846e-01
205 0 +2.913007626e+01 -1.094899237e+02 -1.094899237e+02 +1.5282e+00 +3.8712e-01 -3.2458e-01 +1.3446e+00 -8.3455e-01 -3.2996e-01 +1.4207e+00 +5.5441e-01 -3.6671e-01 +8.8848e-01
216 0 +2.798841699e+01 -1.106315830e+02 -1.106315830e+02 +6.1419e-01 +5.5685e-01 -1.2547e-01 +1.1200e+00 -1.5066e-01 +5.4972e-01 +8.9010e-01 -7.0379e-01 -5.3090e-01 +1.8987e+00
255 0 +2.597520363e+01 -1.126447964e+02 -1.126447964e+02 +1.5050e+00 +1.2594e+00 +3.3030e-02 +1.0946e+00 +2.9141e-01 +5.5428e-01 +4.4111e-01 +7.4981e-02 +7.2770e-03 +1.3368e+00
258 0 +1.780499620e+01 -1.208150038e+02 -1.208150038e+02 +6.3766e-01 +8.8637e-01 +6.3813e-02 +5.6434e-01 +4.4747e-01 +7.1218e-01 +5.4735e-01 -1.9183e-01 -6.2729e-01 +3.8756e-01
409 0 +1.405087081e+01 -1.245691292e+02 -1.245691292e+02 +3.9180e-01 +3.5527e-01 -2.1688e-01 +1.9382e-01 -1.0098e+00 +5.7581e-01 +1.1358e+00 +7.3937e-01 -7.3901e-01 +1.2079e+00
424 0 +1.123114744e+01 -1.273888526e+02 -1.273888526e+02 +1.9157e-01 +6.4239e-01 +4.5029e-01 +8.7601e-01 +4.6049e-01 +9.7655e-01 +9.8885e-01 -1.8316e-01 -9.5080e-01 +5.9453e-01
459 0 +1.117590163e+01 -1.274440984e+02 -1.274440984e+02 +8.1924e-01 +7.7453e-01 -1.7629e-01 +1.0801e+00 -1.6463e-01 +5.6345e-01 +1.0934e+00 +3.3564e-01 -4.0198e-01 +1.6000e+00
505 0 +7.655914724e+00 -1.309640853e+02 -1.309640853e+02 +9.5801e-01 +6.8896e-01 -6.5637e-01 +9.3114e-01 -5.1144e-01 +3.7439e-01 +1.3615e+00 +8.3798e-01 -5.1120e-01 +1.6028e+00
560 0 +7.634010781e+00 -1.309859892e+02 -1.309859892e+02 +8.6269e-01 +7.0087e-01 -3.8126e-01 +6.0832e-01 -3.8999e-01 +5.8096e-01 +1.0688e+00 +3.9798e-01 -1.3057e-01 +1.8616e+00
701 0 +6.437498038e+00 -1.321825020e+02 -1.321825020e+02 +7.5589e-01 +5.3604e-01 -2.9789e-01 +7.6431e-01 -3.1800e-01 +6.2568e-01 +1.3936e+00 +6.4736e-01 -2.8243e-01 +1.5501e+00
702 0 +4.956788537e+00 -1.336632115e+02 -1.336632115e+02 +9.6855e-01 +8.0313e-01 -2.1814e-01 +1.0225e+00 -1.8081e-01 +4.3087e-01 +1.0977e+00 +5.3776e-01 -3.1024e-01 +1.8716e+00
752 0 +3.557751230e+00 -1.350622488e+02 -1.350622488e+02 +6.0795e-01 +8.9691e-01 -2.8639e-01 +7.9907e-01 -5.0941e-01 +4.9823e-01 +1.2909e+00 +5.2640e-01 -2.4695e-01 +1.7182e+00
765 0 +3.135503315e+00 -1.354844967e+02 -1.354844967e+02 +8.5929e-01 +9.0197e-01 -2.1757e-01 +1.0401e+00 -2.1607e-01 +4.5281e-01 +1.0945e+00 +6.0420e-01 -1.8008e-01 +2.0358e+00
851 0 +2.885374698e+00 -1.357346253e+02 -1.357346253e+02 +7.8353e-01 +8.1221e-01 -2.0656e-01 +7.8438e-01 -1.4315e-01 +4.2225e-01 +1.2311e+00 +5.3725e-01 -1.5532e-01 +1.9648e+00
978 0 +2.703155196e+00 -1.359168448e+02 -1.359168448e+02 +6.0804e-01 +6.8786e-01 -4.0449e-01 +6.5282e-01 -4.2330e-01 +4.2985e-01 +1.5533e+00 +6.4040e-01 -2.9984e-01 +1.6452e+00
1009 0 +1.621771154e+00 -1.369982288e+02 -1.369982288e+02 +6.7799e-01 +7.0461e-01 -3.0501e-01 +8.0800e-01 -1.2336e-01 +5.6985e-01 +1.4558e+00 +4.0746e-01 -2.7355e-01 +1.7664e+00
1147 0 +1.535801731e+00 -1.370841983e+02 -1.370841983e+02 +6.1752e-01 +1.0603e+00 -1.6608e-01 +9.2990e-01 -2.7904e-01 +4.8869e-01 +1.4581e+00 +4.0917e-01 -2.7015e-01 +1.7268e+00
1159 0 +1.114357652e+00 -1.375056423e+02 -1.375056423e+02 +6.0654e-01 +8.1174e-01 -2.8213e-01 +8.5917e-01 -1.9727e-01 +5.0547e-01 +1.4465e+00 +4.4567e-01 -1.5342e-01 +1.9485e+00
1374 0 +8.623070295e-01 -1.377576930e+02 -1.377576930e+02 +6.7845e-01 +9.7922e-01 -2.0042e-01 +1.0286e+00 -5.2977e-03 +4.9945e-01 +1.4327e+00 +4.4326e-01 -1.4472e-01 +1.9555e+00
1401 0 +8.508131446e-01 -1.377691869e+02 -1.377691869e+02 +7.3932e-01 +8.8106e-01 -2.0731e-01 +9.7113e-01 -1.9087e-02 +5.3051e-01 +1.3931e+00 +4.5907e-01 -1.7029e-01 +1.9976e+00
1554 0 +7.478594003e-01 -1.378721406e+02 -1.378721406e+02 +6.8455e-01 +9.4583e-01 -2.3822e-01 +9.6749e-01 -1.0979e-01 +4.7591e-01 +1.3976e+00 +4.0835e-01 -1.0130e-01 +1.9272e+00
1571 0 +6.712733590e-01 -1.379487266e+02 -1.379487266e+02 +6.4313e-01 +8.0207e-01 -2.2080e-01 +8.9623e-01 -1.1752e-01 +5.1828e-01 +1.3887e+00 +4.3454e-01 -1.5499e-01 +1.8639e+00
1605 0 +6.162137919e-01 -1.380037862e+02 -1.380037862e+02 +6.8806e-01 +8.7359e-01 -2.3084e-01 +9.3820e-01 -1.0751e-01 +4.9240e-01 +1.3923e+00 +4.1969e-01 -1.1176e-01 +1.9928e+00
1712 0 +4.320243362e-01 -1.381879757e+02 -1.381879757e+02 +6.6608e-01 +9.0712e-01 -1.6433e-01 +1.0374e+00 -7.7169e-02 +4.2025e-01 +1.4333e+00 +4.7017e-01 -1.1775e-01 +2.0044e+00
1854 0 +3.814380259e-01 -1.382385620e+02 -1.382385620e+02 +6.4888e-01 +8.7203e-01 -1.5554e-01 +1.0409e+00 -5.5990e-02 +4.2795e-01 +1.4080e+00 +4.2869e-01 -1.2517e-01 +1.9753e+00
1914 0 +3.478504947e-01 -1.382721495e+02 -1.382721495e+02 +6.4658e-01 +8.7100e-01 -1.5680e-01 +1.0210e+00 -9.2603e-02 +4.1867e-01 +1.3988e+00 +4.4368e-01 -1.3958e-01 +1.9631e+00
1919 0 +3.445011839e-01 -1.382754988e+02 -1.382754988e+02 +7.0290e-01 +8.8492e-01 -1.8850e-01 +1.0013e+00 -8.6731e-02 +4.4599e-01 +1.3686e+00 +4.4448e-01 -1.2941e-01 +1.9713e+00
2056 0 +3.159643069e-01 -1.383040357e+02 -1.383040357e+02 +6.8847e-01 +9.2936e-01 -1.7172e-01 +1.0413e+00 -8.3678e-02 +3.9717e-01 +1.3952e+00 +4.5053e-01 -1.1805e-01 +1.9851e+00
2109 0 +2.776929551e-01 -1.383423070e+02 -1.383423070e+02 +6.6842e-01 +9.0656e-01 -1.5964e-01 +1.0461e+00 -4.3519e-02 +4.2636e-01 +1.4198e+00 +4.5281e-01 -1.1851e-01 +1.9726e+00
2115 0 +2.652655280e-01 -1.383547345e+02 -1.383547345e+02 +6.5453e-01 +8.8541e-01 -1.6215e-01 +1.0311e+00 -5.9115e-02 +4.2803e-01 +1.4025e+00 +4.2391e-01 -1.3073e-01 +2.0117e+00
2126 0 +1.672727759e-01 -1.384527272e+02 -1.384527272e+02 +6.6053e-01 +8.9703e-01 -1.7507e-01 +1.0413e+00 -6.0201e-02 +4.1293e-01 +1.4202e+00 +4.3922e-01 -1.1704e-01 +2.0017e+00
2375 0 +1.571362666e-01 -1.384628637e+02 -1.384628637e+02 +6.5469e-01 +8.8322e-01 -1.5624e-01 +1.0324e+00 -4.6562e-02 +4.3329e-01 +1.3959e+00 +4.1757e-01 -1.1169e-01 +2.0022e+00
2405 0 +1.363771428e-01 -1.384836229e+02 -1.384836229e+02 +6.5270e-01 +9.0561e-01 -1.4496e-01 +1.0485e+00 -2.7838e-02 +4.2615e-01 +1.4001e+00 +4.2109e-01 -1.1282e-01 +2.0014e+00
% f evaluations | g evaluations | best noise-free fitness - Fopt (7.313900000000e+02) + sum g_i+ | measured fitness | best measured fitness or single-digit g-values | x1 | x2...
1 0 +9.616550670e+01 +8.275555067e+02 +8.275555067e+02 +5.9671e-01 -3.8264e-02 +7.4769e-01 +1.6230e+00 -1.3415e-01 -1.3414e-01 +1.6792e+00 +8.6743e-01 -3.6947e-01 +6.4256e-01
2 0 +6.107912337e+01 +7.924691234e+02 +7.924691234e+02 -3.6342e-01 -3.6573e-01 +3.4196e-01 -1.8133e+00 -1.6249e+00 -4.6229e-01 -9.1283e-01 +4.1425e-01 -8.0802e-01 -1.3123e+00
7 0 +5.878047704e+01 +7.901704770e+02 +7.901704770e+02 -3.7917e-01 -8.5659e-02 -1.0063e+00 -1.0962e+00 +9.1253e-01 +1.4562e+00 +2.7990e-02 +1.1035e+00 +4.6164e-01 -5.4512e-01
9 0 +5.597123573e+01 +7.873612357e+02 +7.873612357e+02 -1.1967e-01 +4.5711e-01 +1.5779e+00 -4.1827e-01 -7.0849e-01 -4.0176e-01 +1.0154e+00 +4.2875e-01 -4.2976e-01 +6.1327e-01
12 0 +4.866274420e+01 +7.800527442e+02 +7.800527442e+02 -1.8188e+00 +7.3486e-02 +1.6023e-01 +2.5632e+00 -9.2361e-02 +4.0155e-01 +6.5288e-02 -1.0687e+00 +1.2428e+00 +8.5193e-01
18 0 +3.521180174e+01 +7.666018017e+02 +7.666018017e+02 -7.8951e-01 -7.1581e-01 +2.2898e-02 +4.4115e-01 +3.7669e-01 +9.2718e-01 +1.1300e-01 +1.5535e+00 -1.6466e-01 +2.8202e+00
29 0 +3.332197453e+01 +7.647119745e+02 +7.647119745e+02 +2.1352e-01 +7.6213e-01 +1.6860e+00 -1.1378e+00 +2.2330e+00 -1.8521e+00 -5.1785e-02 +6.8832e-01 +3.8099e-01 -5.2270e-01
64 0 +2.716508286e+01 +7.585550829e+02 +7.585550829e+02 -1.9191e+00 -2.0775e-01 +2.5372e+00 +4.3917e-02 -6.6283e-01 -1.4977e+00 +1.2467e+00 +9.9243e-01 +3.1186e+00 +2.4372e+00
228 0 +2.687793259e+01 +7.582679326e+02 +7.582679326e+02 -1.4157e+00 -6.6455e-01 +1.7206e+00 +1.9209e+00 -1.7948e+00 -4.0281e+00 -7.0167e-01 +2.9090e-01 -1.1430e+00 -2.6145e+00
264 0 +2.407482200e+01 +7.554648220e+02 +7.554648220e+02 +1.3386e+00 +4.7506e-01 +1.0498e+00 +2.9381e+00 +3.2610e+00 -3.9543e+00 -2.6181e+00 +3.6839e+00 -7.9302e-02 -3.5026e+00
303 0 +2.140261588e+01 +7.527926159e+02 +7.527926159e+02 -4.2917e+00 -4.3494e+00 +3.1798e+00 +3.6138e+00 +4.2278e+00 +3.3195e+00 +1.1106e+00 +3.1149e+00 -1.0637e+00 -5.0921e-01
379 0 +2.073215899e+01 +7.521221590e+02 +7.521221590e+02 -1.2769e+00 +9.1442e-01 +2.5096e+00 +1.0552e+00 +1.2470e+00 -1.3183e+00 -1.0553e+00 -6.3224e-01 -5.6099e-01 -3.2326e+00
555 0 +1.652089088e+01 +7.479108909e+02 +7.479108909e+02 -1.0405e+00 -2.5396e+00 -4.5400e+00 +1.1136e+00 +1.1036e+00 +2.1690e+00 +3.2564e+00 -4.6077e+00 +2.3882e+00 +6.7699e-01
2400 0 +1.449031241e+01 +7.458803124e+02 +7.458803124e+02 -1.0443e+00 +1.7362e+00 +2.9285e+00 +3.3820e+00 +5.6908e-01 +8.2567e-01 -2.5830e+00 +4.7278e+00 -4.2768e+00 +4.0966e-01
% f evaluations | g evaluations | best noise-free fitness - Fopt (7.526000000000e+01) + sum g_i+ | measured fitness | best measured fitness or single-digit g-values | x1 | x2...
1 0 +9.201754807e+01 +1.672775481e+02 +1.672775481e+02 +5.9671e-01 -3.8264e-02 +7.4769e-01 +1.6230e+00 -1.3415e-01 -1.3414e-01 +1.6792e+00 +8.6743e-01 -3.6947e-01 +6.4256e-01
4 0 +8.048127105e+01 +1.557412710e+02 +1.557412710e+02 -5.0171e-01 +1.9523e+00 +8.6503e-02 -9.5771e-01 +9.2254e-01 -1.1208e+00 +3.0886e-01 -1.8597e+00 -1.2282e+00 +2.9686e-01
6 0 +6.879173818e+01 +1.440517382e+02 +1.440517382e+02 +4.2408e-01 -2.8508e-01 -5.7692e-01 +7.1168e-01 +1.1310e+00 +1.0313e+00 -7.3922e-01 -2.0921e-01 +4.3126e-01 +1.0755e+00
9 0 +5.837541529e+01 +1.336354153e+02 +1.336354153e+02 -1.1967e-01 +4.5711e-01 +1.5779e+00 -4.1827e-01 -7.0849e-01 -4.0176e-01 +1.0154e+00 +4.2875e-01 -4.2976e-01 +6.1327e-01
10 0 +5.820577622e+01 +1.334657762e+02 +1.334657762e+02 +1.9708e-01 +1.0686e+00 -6.0205e-01 -2.2766e-01 -2.9211e-01 -1.3635e+00 +3.9612e-01 +3.6106e-01 +1.0511e-01 -1.3459e-01
11 0 +5.448489033e+01 +1.297448903e+02 +1.297448903e+02 -1.3154e+00 -3.2065e-01 -2.4271e-01 -7.0228e-01 -6.1286e-02 +5.0405e-01 +1.9862e+00 +2.7458e-01 +3.5755e-01 +2.5554e-02
28 0 +2.714502268e+01 +1.024050227e+02 +1.024050227e+02 +1.5413e+00 -1.3359e+00 +1.2632e+00 +1.1023e-01 -8.8151e-01 +5.6210e-01 +2.9906e-01 -5.0022e-01 +1.6980e-01 -2.8531e-01
201 0 +2.585103312e+01 +1.011110331e+02 +1.011110331e+02 -2.0420e+00 +1.1179e+00 +2.1567e-01 -1.4590e+00 -3.2927e+00 -2.7840e+00 -1.3714e+00 +5.2792e-01 -2.8854e+00 +4.1306e+00
242 0 +2.266961610e+01 +9.792961610e+01 +9.792961610e+01 -1.9937e+00 -2.8724e+00 +2.4057e-02 -1.8281e+00 +6.2448e-01 -2.7928e+00 +2.8801e+00 -2.4832e+00 -1.0460e+00 -3.8603e+00
250 0 +2.244535431e+01 +9.770535431e+01 +9.770535431e+01 -3.1735e+00 +3.2689e-01 +2.9772e+00 +8.4264e-01 -2.9173e+00 +1.4283e+00 -7.2104e-01 -6.4247e-01 +8.6116e-01 +2.2592e+00
624 0 +1.725805738e+01 +9.251805738e+01 +9.251805738e+01 -4.7825e+00 -3.3382e+00 -3.8984e-01 +2.9057e-01 +2.4290e+00 -2.5258e+00 -6.6678e-01 -3.0023e-01 -3.6445e+00 +3.8063e+00
1438 0 +1.488346661e+01 +9.014346661e+01 +9.014346661e+01 +3.9313e+00 +4.6070e+00 +4.0241e+00 -1.4372e+00 -3.1939e+00 +4.1720e+00 +1.3348e+00 +1.6214e+00 +8.5475e-01 +2.8763e+00
1937 0 +1.194718034e+01 +8.720718034e+01 +8.720718034e+01 -2.6949e+00 -3.0694e+00 -3.1842e+00 -4.1544e-01 -1.8596e+00 +7.4681e-01 -2.1502e+00 +2.0416e+00 +1.0885e-01 +2.5517e+00
% f evaluations | g evaluations | best noise-free fitness - Fopt (-4.913000000000e+01) + sum g_i+ | measured fitness | best measured fitness or single-digit g-values | x1 | x2...
1 0 +1.248399223e+02 +7.570992230e+01 +7.570992230e+01 +5.9671e-01 -3.8264e-02 +7.4769e-01 +1.6230e+00 -1.3415e-01 -1.3414e-01 +1.6792e+00 +8.6743e-01 -3.6947e-01 +6.4256e-01
2 0 +5.939067329e+01 +1.026067329e+01 +1.026067329e+01 -3.6342e-01 -3.6573e-01 +3.4196e-01 -1.8133e+00 -1.6249e+00 -4.6229e-01 -9.1283e-01 +4.1425e-01 -8.0802e-01 -1.3123e+00
12 0 +2.163830984e+01 -2.749169016e+01 -2.749169016e+01 -1.8188e+00 +7.3486e-02 +1.6023e-01 +2.5632e+00 -9.2361e-02 +4.0155e-01 +6.5288e-02 -1.0687e+00 +1.2428e+00 +8.5193e-01
158 0 +1.991569912e+01 -2.921430088e+01 -2.921430088e+01 -2.0896e+00 +4.1151e+00 +2.8596e+00 -2.1921e+00 +3.3459e+00 -9.2627e-01 +5.9441e-01 -8.9145e-01 +6.2280e-01 -3.4319e+00
316 0 +1.738349001e+01 -3.174650999e+01 -3.174650999e+01 -1.1069e+00 -3.3109e+00 +3.7037e+00 +2.1678e+00 +1.0306e+00 +4.6703e+00 -1.6703e+00 +8.6515e-01 -3.3929e+00 +1.6239e+00
581 0 +1.735473867e+01 -3.177526133e+01 -3.177526133e+01 +4.9175e+00 -6.3158e-01 -3.7441e-02 +3.5014e+00 -2.2181e+00 +4.6390e-01 -4.7444e+00 -2.0592e+00 +1.8731e+00 +3.3215e+00
698 0 +1.537430322e+01 -3.375569678e+01 -3.375569678e+01 +3.8447e+00 -4.4593e-01 +9.7746e-01 +2.4973e+00 -3.6170e+00 +2.2713e+00 +2.9505e+00 +2.9146e+00 +9.1561e-01 +4.0670e+00
1376 0 +1.487061531e+01 -3.425938469e+01 -3.425938469e+01 +3.2614e+00 -1.6274e+00 +1.8126e+00 +2.6077e+00 +4.9137e+00 -1.3481e+00 +1.2221e+00 -4.5940e+00 -1.6739e+00 +2.6874e+00
1454 0 +1.185774940e+01 -3.727225060e+01 -3.727225060e+01 -1.3632e+00 -1.0033e+00 -3.2508e+00 -9.3588e-01 +2.0719e-01 -2.2657e-01 -2.9317e+00 +2.9083e+00 +4.8702e+00 -1.1973e+00
