% f evaluations | g evaluations | best noise-free fitness - Fopt (-4.620900000000e+02) + sum g_i+ | measured fitness | best measured fitness or single-digit g-values | x1 | x2...
1 0 +1.099430392e+02 -3.521469608e+02 -3.521469608e+02 +5.9671e-01 -3.8264e-02 +7.4769e-01 +1.6230e+00 -1.3415e-01
11 0 +7.667186676e+01 -3.854181332e+02 -3.854181332e+02 +4.2408e-01 -2.8508e-01 -5.7692e-01 +7.1168e-01 +1.1310e+00
29 0 +7.466660386e+01 -3.874233961e+02 -3.874233961e+02 +5.4972e-01 +4.8436e-01 -6.9235e-01 +7.4539e-01 +1.5209e+00
32 0 +7.127946136e+01 -3.908105386e+02 -3.908105386e+02 +1.2830e+00 +7.6101e-01 +2.2812e-01 +1.0588e+00 +1.1203e+00
41 0 +6.717982593e+01 -3.949101741e+02 -3.949101741e+02 +3.1440e-01 +9.6482e-01 -1.1096e+00 +6.9819e-01 +1.1454e+00
56 0 +6.080482384e+01 -4.012851762e+02 -4.012851762e+02 +4.6451e-01 -2.7422e-02 +5.1118e-03 +5.0497e-01 +1.5576e+00
74 0 +5.711698390e+01 -4.049730161e+02 -4.049730161e+02 +2.2710e-01 +1.3992e+00 +6.7036e-02 +1.0905e-01 +1.9517e+00
101 0 +4.607208786e+01 -4.160179121e+02 -4.160179121e+02 +4.5379e-01 +1.4518e-01 +7.1874e-01 +1.6096e-01 +2.0328e+00
140 0 +4.278005730e+01 -4.193099427e+02 -4.193099427e+02 +1.2647e+00 +1.5179e+00 +7.6558e-02 +8.7296e-01 +2.2861e+00
151 0 +3.343253945e+01 -4.286574606e+02 -4.286574606e+02 +2.8065e-01 +1.5006e-01 +7.0533e-01 +6.5240e-01 +1.9967e+00
177 0 +3.269634711e+01 -4.293936529e+02 -4.293936529e+02 +3.1396e-01 -4.5700e-02 +1.1427e+00 +4.2984e-01 +2.0040e+00
301 0 +2.157682795e+01 -4.405131720e+02 -4.405131720e+02 +3.6483e-01 +6.9117e-03 +1.1742e+00 +3.0549e-01 +1.9842e+00
426 0 +1.958509952e+01 -4.425049005e+02 -4.425049005e+02 +4.5955e-01 +8.9434e-03 +1.6182e+00 +3.7306e-01 +1.9830e+00
428 0 +1.874003954e+01 -4.433499605e+02 -4.433499605e+02 +3.2425e-01 -1.3521e-02 +1.5960e+00 +2.8500e-01 +1.9695e+00
430 0 +1.753754879e+01 -4.445524512e+02 -4.445524512e+02 +4.5666e-01 -2.6961e-02 +1.6503e+00 +2.9952e-01 +1.9875e+00
501 0 +1.665746740e+01 -4.454325326e+02 -4.454325326e+02 +3.8582e-01 +3.5832e-02 +1.6317e+00 +3.0583e-01 +1.9780e+00
502 0 +1.662724816e+01 -4.454627518e+02 -4.454627518e+02 +4.3753e-01 +4.0857e-03 +1.6476e+00 +3.2128e-01 +1.9972e+00
526 0 +1.655797831e+01 -4.455320217e+02 -4.455320217e+02 +3.8444e-01 +5.6203e-02 +1.6244e+00 +3.2313e-01 +1.9981e+00
551 0 +1.620222073e+01 -4.458877793e+02 -4.458877793e+02 +3.8648e-01 +3.3504e-03 +1.6277e+00 +3.0634e-01 +1.9862e+00
576 0 +1.609976257e+01 -4.459902374e+02 -4.459902374e+02 +3.9305e-01 +3.2588e-02 +1.6219e+00 +3.1431e-01 +1.9858e+00
601 0 +1.603696232e+01 -4.460530377e+02 -4.460530377e+02 +4.1182e-01 +2.0582e-02 +1.6147e+00 +3.1578e-01 +1.9902e+00
626 0 +1.592539407e+01 -4.461646059e+02 -4.461646059e+02 +3.8964e-01 +1.2738e-02 +1.6142e+00 +3.2059e-01 +1.9891e+00
851 0 +1.592232681e+01 -4.461676732e+02 -4.461676732e+02 +3.8458e-01 +1.4020e-02 +1.6170e+00 +3.2132e-01 +1.9884e+00
876 0 +1.592149083e+01 -4.461685092e+02 -4.461685092e+02 +3.8157e-01 +1.0666e-02 +1.6172e+00 +3.2101e-01 +1.9894e+00
901 0 +1.591988196e+01 -4.461701180e+02 -4.461701180e+02 +3.8458e-01 +1.3021e-02 +1.6167e+00 +3.2053e-01 +1.9893e+00
976 0 +1.591973992e+01 -4.461702601e+02 -4.461702601e+02 +3.8486e-01 +1.2606e-02 +1.6185e+00 +3.2137e-01 +1.9895e+00
1026 0 +1.591953592e+01 -4.461704641e+02 -4.461704641e+02 +3.8472e-01 +1.2544e-02 +1.6179e+00 +3.2113e-01 +1.9896e+00
1051 0 +1.591945216e+01 -4.461705478e+02 -4.461705478e+02 +3.8554e-01 +1.2992e-02 +1.6174e+00 +3.2082e-01 +1.9893e+00
1076 0 +1.591940871e+01 -4.461705913e+02 -4.461705913e+02 +3.8447e-01 +1.2784e-02 +1.6178e+00 +3.2129e-01 +1.9894e+00
1126 0 +1.591932602e+01 -4.461706740e+02 -4.461706740e+02 +3.8468e-01 +1.2759e-02 +1.6175e+00 +3.2111e-01 +1.9893e+00
1226 0 +1.591931435e+01 -4.461706857e+02 -4.461706857e+02 +3.8497e-01 +1.2720e-02 +1.6175e+00 +3.2111e-01 +1.9894e+00
% f evaluations | g evaluations | best noise-free fitness - Fopt (7.766000000000e+01) + sum g_i+ | measured fitness | best measured fitness or single-digit g-values | x1 | x2...
1 0 +1.035046639e+02 +1.811646639e+02 +1.811646639e+02 +5.9671e-01 -3.8264e-02 +7.4769e-01 +1.6230e+00 -1.3415e-01
24 0 +1.020368531e+02 +1.796968531e+02 +1.796968531e+02 +4.0155e-01 +6.5288e-02 -1.0687e+00 +1.2428e+00 +8.5193e-01
26 0 +3.342078637e+01 +1.110807864e+02 +1.110807864e+02 +1.3763e+00 +3.9015e-01 +1.1641e-01 +3.3627e+00 +1.5290e+00
364 0 +2.638198933e+01 +1.040419893e+02 +1.040419893e+02 +2.1966e+00 -8.1684e-01 +6.6329e-01 +2.8047e+00 +1.5077e+00
372 0 +2.479357642e+01 +1.024535764e+02 +1.024535764e+02 +3.0385e-01 -7.8080e-01 +1.1261e+00 +3.6988e+00 +2.4376e+00
1015 0 +1.753067460e+01 +9.519067460e+01 +9.519067460e+01 +2.5109e+00 +7.2154e-01 +1.2503e+00 +2.9774e+00 +2.1629e+00
1104 0 +1.446734572e+01 +9.212734572e+01 +9.212734572e+01 +4.7231e-01 -8.8712e-01 +6.6917e-01 +2.9467e+00 +2.2075e+00
% f evaluations | g evaluations | best noise-free fitness - Fopt (1.156800000000e+02) + sum g_i+ | measured fitness | best measured fitness or single-digit g-values | x1 | x2...
1 0 +2.724022690e+02 +3.880822690e+02 +3.880822690e+02 +5.9671e-01 -3.8264e-02 +7.4769e-01 +1.6230e+00 -1.3415e-01
6 0 +2.607768742e+02 +3.764568742e+02 +3.764568742e+02 +2.1092e-01 -1.0510e+00 +4.7570e-01 -5.0064e-01 -1.9169e-01
7 0 +2.403601456e+02 +3.560401456e+02 +3.560401456e+02 -5.0171e-01 +1.9523e+00 +8.6503e-02 -9.5771e-01 +9.2254e-01
11 0 +1.538838982e+02 +2.695638982e+02 +2.695638982e+02 +4.2408e-01 -2.8508e-01 -5.7692e-01 +7.1168e-01 +1.1310e+00
12 0 +1.394919805e+02 +2.551719805e+02 +2.551719805e+02 +1.0313e+00 -7.3922e-01 -2.0921e-01 +4.3126e-01 +1.0755e+00
29 0 +8.388746281e+01 +1.995674628e+02 +1.995674628e+02 -1.5429e+00 -3.0895e-01 -3.6844e-01 +1.6786e+00 +2.1370e+00
57 0 +5.085681291e+01 +1.665368129e+02 +1.665368129e+02 -1.5951e+00 -1.0652e+00 +1.3797e-01 +4.8994e+00 +2.9126e+00
69 0 +3.865369410e+01 +1.543336941e+02 +1.543336941e+02 +2.1609e-01 -1.3971e+00 -1.2640e+00 +3.5155e+00 +2.9068e+00
75 0 +3.242493037e+01 +1.481049304e+02 +1.481049304e+02 -1.2431e-01 -1.7957e+00 +3.1212e-01 +2.1400e+00 +3.2917e+00
308 0 +2.820166644e+01 +1.438816664e+02 +1.438816664e+02 +1.1924e+00 -1.8372e+00 -4.2777e-01 +2.5694e+00 +3.3832e+00
400 0 +2.810829069e+01 +1.437882907e+02 +1.437882907e+02 +1.6315e-01 -1.8474e+00 -8.8604e-01 +2.7365e+00 +3.6452e+00
533 0 +2.235288519e+01 +1.380328852e+02 +1.380328852e+02 +1.2136e+00 +7.4337e-01 -3.2902e-01 +3.0136e+00 +2.9745e+00
549 0 +2.085462752e+01 +1.365346275e+02 +1.365346275e+02 +1.9672e+00 -2.7624e-01 -3.1995e-01 +3.1470e+00 +3.2467e+00
655 0 +1.409828990e+01 +1.297782899e+02 +1.297782899e+02 +1.1143e+00 -2.6899e-01 -3.4196e-01 +3.0533e+00 +2.9695e+00
676 0 +1.025164424e+01 +1.259316442e+02 +1.259316442e+02 +1.1741e+00 -2.6533e-01 -4.2130e-01 +3.0618e+00 +2.9305e+00
803 0 +9.539651972e+00 +1.252196520e+02 +1.252196520e+02 +1.1797e+00 -2.5760e-01 -3.9743e-01 +3.0725e+00 +2.9461e+00
878 0 +8.193054433e+00 +1.238730544e+02 +1.238730544e+02 +1.1870e+00 -2.7414e-01 -3.3898e-01 +3.0966e+00 +2.9370e+00
901 0 +7.619397717e+00 +1.232993977e+02 +1.232993977e+02 +1.1586e+00 -1.8586e-01 -3.2522e-01 +3.1000e+00 +2.9130e+00
951 0 +7.523092753e+00 +1.232030928e+02 +1.232030928e+02 +1.1989e+00 -2.0162e-01 -3.6298e-01 +3.1010e+00 +2.9108e+00
1001 0 +7.165264571e+00 +1.228452646e+02 +1.228452646e+02 +1.1789e+00 -1.6022e-01 -3.5734e-01 +3.0947e+00 +2.9075e+00
1076 0 +7.024539156e+00 +1.227045392e+02 +1.227045392e+02 +1.1895e+00 -1.6794e-01 -3.5226e-01 +3.0838e+00 +2.9164e+00
1126 0 +6.986991576e+00 +1.226669916e+02 +1.226669916e+02 +1.1854e+00 -1.7375e-01 -3.5047e-01 +3.0894e+00 +2.9180e+00
1127 0 +6.985861004e+00 +1.226658610e+02 +1.226658610e+02 +1.1881e+00 -1.5996e-01 -3.5190e-01 +3.0898e+00 +2.9163e+00
1151 0 +6.974140175e+00 +1.226541402e+02 +1.226541402e+02 +1.1809e+00 -1.7011e-01 -3.5215e-01 +3.0896e+00 +2.9166e+00
1226 0 +6.971895537e+00 +1.226518955e+02 +1.226518955e+02 +1.1804e+00 -1.6100e-01 -3.4825e-01 +3.0890e+00 +2.9187e+00
% f evaluations | g evaluations | best noise-free fitness - Fopt (-3.710000000000e+00) + sum g_i+ | measured fitness | best measured fitness or single-digit g-values | x1 | x2...
1 0 +2.055183218e+02 +2.018083218e+02 +2.018083218e+02 +5.9671e-01 -3.8264e-02 +7.4769e-01 +1.6230e+00 -1.3415e-01
11 0 +2.007071284e+02 +1.969971284e+02 +1.969971284e+02 +4.2408e-01 -2.8508e-01 -5.7692e-01 +7.1168e-01 +1.1310e+00
12 0 +1.781374431e+02 +1.744274431e+02 +1.744274431e+02 +1.0313e+00 -7.3922e-01 -2.0921e-01 +4.3126e-01 +1.0755e+00
24 0 +1.689000610e+02 +1.651900610e+02 +1.651900610e+02 +4.0155e-01 +6.5288e-02 -1.0687e+00 +1.2428e+00 +8.5193e-01
26 0 +1.523715309e+02 +1.486615309e+02 +1.486615309e+02 +2.5278e+00 -1.2027e+00 -1.0946e+00 +2.0646e+00 +1.2357e+00
27 0 +1.379430469e+02 +1.342330469e+02 +1.342330469e+02 +1.3943e+00 +9.0408e-02 -1.6610e+00 +2.8618e+00 +1.3250e+00
28 0 +1.164908220e+02 +1.127808220e+02 +1.127808220e+02 +2.1702e+00 +6.2005e-02 -9.0907e-02 +1.7528e+00 +1.7691e+00
29 0 +1.131025491e+02 +1.093925491e+02 +1.093925491e+02 +1.4565e+00 -8.0804e-01 -1.9443e-01 +2.1349e+00 +1.7419e+00
55 0 +1.109221952e+02 +1.072121952e+02 +1.072121952e+02 +1.1438e+00 +1.0803e+00 -1.0821e+00 +4.9282e+00 +3.0116e+00
59 0 +7.075619124e+01 +6.704619124e+01 +6.704619124e+01 +1.3250e+00 +1.0072e-01 +1.2443e+00 +3.6503e+00 +2.9440e+00
65 0 +4.935329629e+01 +4.564329629e+01 +4.564329629e+01 +7.7416e-01 -1.4296e+00 +1.8261e+00 +4.3831e+00 +1.9464e+00
154 0 +3.149916457e+01 +2.778916457e+01 +2.778916457e+01 +1.1215e+00 -5.0442e-01 +1.2430e+00 +4.2374e+00 +2.8082e+00
323 0 +2.895162680e+01 +2.524162680e+01 +2.524162680e+01 +1.1412e+00 -5.7672e-01 +1.2538e+00 +3.0712e+00 +2.1912e+00
326 0 +2.201149748e+01 +1.830149748e+01 +1.830149748e+01 +1.4239e+00 -1.6766e+00 +1.1579e+00 +4.3207e+00 +2.5008e+00
483 0 +2.134104591e+01 +1.763104591e+01 +1.763104591e+01 +1.1419e+00 -1.4522e+00 +1.3516e+00 +3.9579e+00 +2.4931e+00
576 0 +1.777298578e+01 +1.406298578e+01 +1.406298578e+01 +9.6049e-01 -1.5522e+00 +1.1072e+00 +3.9368e+00 +2.4544e+00
700 0 +1.556799729e+01 +1.185799729e+01 +1.185799729e+01 +1.0822e+00 -1.4949e+00 +1.1606e+00 +3.9308e+00 +2.4136e+00
707 0 +1.422240285e+01 +1.051240285e+01 +1.051240285e+01 +1.1153e+00 -1.6483e+00 +1.2391e+00 +3.8699e+00 +2.4594e+00
726 0 +1.181853494e+01 +8.108534941e+00 +8.108534941e+00 +1.1181e+00 -1.6403e+00 +1.1967e+00 +3.9322e+00 +2.4702e+00
848 0 +1.143739634e+01 +7.727396344e+00 +7.727396344e+00 +1.1548e+00 -1.5100e+00 +1.2246e+00 +3.9071e+00 +2.4920e+00
851 0 +1.022155171e+01 +6.511551707e+00 +6.511551707e+00 +1.1518e+00 -1.5098e+00 +1.1759e+00 +3.9146e+00 +2.4596e+00
903 0 +1.018454995e+01 +6.474549945e+00 +6.474549945e+00 +1.1335e+00 -1.4653e+00 +1.1917e+00 +3.9174e+00 +2.4720e+00
926 0 +1.008115537e+01 +6.371155370e+00 +6.371155370e+00 +1.1560e+00 -1.4980e+00 +1.1972e+00 +3.9132e+00 +2.4621e+00
976 0 +1.000402524e+01 +6.294025236e+00 +6.294025236e+00 +1.1636e+00 -1.4707e+00 +1.1992e+00 +3.9111e+00 +2.4635e+00
1001 0 +9.991554821e+00 +6.281554821e+00 +6.281554821e+00 +1.1586e+00 -1.4689e+00 +1.1779e+00 +3.9121e+00 +2.4652e+00
1026 0 +9.961647134e+00 +6.251647134e+00 +6.251647134e+00 +1.1573e+00 -1.4758e+00 +1.1909e+00 +3.9113e+00 +2.4643e+00
1076 0 +9.959347042e+00 +6.249347042e+00 +6.249347042e+00 +1.1636e+00 -1.4772e+00 +1.1839e+00 +3.9089e+00 +2.4639e+00
1126 0 +9.955299436e+00 +6.245299436e+00 +6.245299436e+00 +1.1587e+00 -1.4776e+00 +1.1867e+00 +3.9115e+00 +2.4661e+00
1127 0 +9.954214905e+00 +6.244214905e+00 +6.244214905e+00 +1.1647e+00 -1.4751e+00 +1.1901e+00 +3.9091e+00 +2.4659e+00
1151 0 +9.952581474e+00 +6.242581474e+00 +6.242581474e+00 +1.1636e+00 -1.4755e+00 +1.1880e+00 +3.9106e+00 +2.4642e+00
1176 0 +9.951867184e+00 +6.241867184e+00 +6.241867184e+00 +1.1642e+00 -1.4763e+00 +1.1872e+00 +3.9096e+00 +2.4666e+00
1226 0 +9.950679859e+00 +6.240679859e+00 +6.240679859e+00 +1.1668e+00 -1.4764e+00 +1.1863e+00 +3.9101e+00 +2.4656e+00
% f evaluations | g evaluations | best noise-free fitness - Fopt (1.321800000000e+02) + sum g_i+ | measured fitness | best measured fitness or single-digit g-values | x1 | x2...
1 0 +2.103402819e+02 +3.425202819e+02 +3.425202819e+02 +5.9671e-01 -3.8264e-02 +7.4769e-01 +1.6230e+00 -1.3415e-01
2 0 +1.371309707e+02 +2.693109707e+02 +2.693109707e+02 -1.3414e-01 +1.6792e+00 +8.6743e-01 -3.6947e-01 +6.4256e-01
25 0 +1.110458423e+02 +2.432258423e+02 +2.432258423e+02 +8.9103e-01 -8.0939e-01 +1.5028e+00 -1.3019e+00 +6.8686e-01
26 0 +9.983067747e+01 +2.320106775e+02 +2.320106775e+02 +3.4943e-01 +8.4866e-01 +7.5599e-03 -2.6411e+00 +2.5263e+00
27 0 +6.182833051e+01 +1.940083305e+02 +1.940083305e+02 -4.1194e-01 +8.2174e-01 +1.7092e+00 -1.9273e+00 +2.1292e+00
221 0 +4.638544602e+01 +1.785654460e+02 +1.785654460e+02 -2.8036e-01 +2.7014e+00 +2.8735e+00 -1.8698e+00 +2.2396e+00
253 0 +4.384724540e+01 +1.760272454e+02 +1.760272454e+02 +6.3795e-01 +2.2689e+00 +2.5265e+00 -1.4739e+00 +1.7649e+00
267 0 +4.041577497e+01 +1.725957750e+02 +1.725957750e+02 -3.6028e-01 +3.7153e+00 +2.9439e+00 -1.5347e+00 +2.2103e+00
305 0 +2.872938452e+01 +1.609093845e+02 +1.609093845e+02 +7.0426e-01 +2.3483e+00 +2.3380e+00 -2.0039e+00 +1.7413e+00
399 0 +2.262535717e+01 +1.548053572e+02 +1.548053572e+02 +6.4472e-01 +2.0922e+00 +2.9982e+00 -1.5389e+00 +2.2033e+00
429 0 +1.858287884e+01 +1.507628788e+02 +1.507628788e+02 +8.5459e-01 +2.2588e+00 +2.8447e+00 -1.5517e+00 +2.1890e+00
% f evaluations | g evaluations | best noise-free fitness - Fopt (-3.930000000000e+01) + sum g_i+ | measured fitness | best measured fitness or single-digit g-values | x1 | x2...
1 0 +8.419191211e+01 +4.489191211e+01 +4.489191211e+01 +5.9671e-01 -3.8264e-02 +7.4769e-01 +1.6230e+00 -1.3415e-01
33 0 +7.855827293e+01 +3.925827293e+01 +3.925827293e+01 -2.5765e-01 -6.3955e-01 +6.2353e-01 +1.2419e+00 +1.0932e+00
35 0 +6.624658220e+01 +2.694658220e+01 +2.694658220e+01 +1.5532e+00 +5.8760e-02 +9.8160e-01 +2.1423e+00 +8.5350e-01
41 0 +6.405447892e+01 +2.475447892e+01 +2.475447892e+01 -5.5873e-01 +3.2881e-01 +3.1246e-01 +3.3582e+00 +5.7406e-01
70 0 +4.559337018e+01 +6.293370182e+00 +6.293370182e+00 -1.2569e+00 -1.1965e+00 +1.3161e+00 +3.2699e+00 +3.5458e-01
77 0 +4.128865797e+01 +1.988657974e+00 +1.988657974e+00 -1.4465e+00 -1.8251e+00 +7.7783e-01 +3.3576e+00 +2.8652e-01
189 0 +3.707866825e+01 -2.221331748e+00 -2.221331748e+00 +4.6490e-01 +1.0571e-01 +1.2513e+00 +3.2991e+00 +9.5801e-02
246 0 +2.929273416e+01 -1.000726584e+01 -1.000726584e+01 +6.0583e-01 -1.3090e+00 +1.2256e+00 +3.2685e+00 +2.7380e-02
266 0 +2.712256433e+01 -1.217743567e+01 -1.217743567e+01 +8.4462e-01 -1.2184e+00 +8.6754e-01 +3.3727e+00 +3.1383e-01
435 0 +2.652193177e+01 -1.277806823e+01 -1.277806823e+01 +8.9254e-01 -3.7028e-01 +1.6529e+00 +3.0219e+00 +6.5759e-01
451 0 +2.076206459e+01 -1.853793541e+01 -1.853793541e+01 +2.8362e-01 -4.3522e-01 +1.8090e+00 +3.4262e+00 +7.0191e-01
538 0 +1.797566871e+01 -2.132433129e+01 -2.132433129e+01 +6.9101e-01 +2.2488e-01 +1.7429e+00 +3.7477e+00 +6.7186e-01
578 0 +1.256712342e+01 -2.673287658e+01 -2.673287658e+01 +4.4863e-01 -5.7156e-01 +1.7381e+00 +3.8397e+00 +7.0798e-01
648 0 +1.119672088e+01 -2.810327912e+01 -2.810327912e+01 +5.2308e-01 -3.9663e-01 +1.8349e+00 +3.3362e+00 +9.8370e-01
674 0 +1.064720094e+01 -2.865279906e+01 -2.865279906e+01 +6.2634e-01 -5.0633e-01 +1.7438e+00 +3.4134e+00 +7.1104e-01
803 0 +9.912421315e+00 -2.938757868e+01 -2.938757868e+01 +6.7695e-01 -3.7045e-01 +1.7466e+00 +3.3729e+00 +6.6995e-01
815 0 +8.678713893e+00 -3.062128611e+01 -3.062128611e+01 +6.3671e-01 -3.7953e-01 +1.7092e+00 +3.3961e+00 +6.8985e-01
826 0 +8.280882803e+00 -3.101911720e+01 -3.101911720e+01 +6.1188e-01 -4.6428e-01 +1.7407e+00 +3.3876e+00 +6.7918e-01
860 0 +7.718021193e+00 -3.158197881e+01 -3.158197881e+01 +6.2684e-01 -4.8916e-01 +1.7432e+00 +3.3700e+00 +6.9897e-01
901 0 +7.584387423e+00 -3.171561258e+01 -3.171561258e+01 +5.8130e-01 -4.4831e-01 +1.7272e+00 +3.3748e+00 +6.8173e-01
926 0 +7.145291776e+00 -3.215470822e+01 -3.215470822e+01 +6.0481e-01 -4.0531e-01 +1.7371e+00 +3.3788e+00 +6.9294e-01
951 0 +7.101400861e+00 -3.219859914e+01 -3.219859914e+01 +5.7650e-01 -4.3545e-01 +1.7440e+00 +3.3666e+00 +6.9216e-01
1001 0 +7.080750793e+00 -3.221924921e+01 -3.221924921e+01 +5.7982e-01 -3.9203e-01 +1.7327e+00 +3.3708e+00 +6.9030e-01
1026 0 +6.994393157e+00 -3.230560684e+01 -3.230560684e+01 +5.9279e-01 -4.0661e-01 +1.7364e+00 +3.3706e+00 +6.9511e-01
1076 0 +6.987341331e+00 -3.231265867e+01 -3.231265867e+01 +5.6601e-01 -4.1146e-01 +1.7317e+00 +3.3711e+00 +6.9282e-01
1126 0 +6.977726933e+00 -3.232227307e+01 -3.232227307e+01 +5.7840e-01 -4.0548e-01 +1.7364e+00 +3.3709e+00 +6.9266e-01
1151 0 +6.972591427e+00 -3.232740857e+01 -3.232740857e+01 +5.8409e-01 -4.1437e-01 +1.7339e+00 +3.3704e+00 +6.9395e-01
1152 0 +6.972021027e+00 -3.232797897e+01 -3.232797897e+01 +5.7440e-01 -4.1041e-01 +1.7306e+00 +3.3691e+00 +6.9333e-01
1176 0 +6.966310937e+00 -3.233368906e+01 -3.233368906e+01 +5.7407e-01 -4.0981e-01 +1.7344e+00 +3.3700e+00 +6.9419e-01
1201 0 +6.964980444e+00 -3.233501956e+01 -3.233501956e+01 +5.7672e-01 -4.0984e-01 +1.7342e+00 +3.3699e+00 +6.9428e-01
% f evaluations | g evaluations | best noise-free fitness - Fopt (4.296000000000e+01) + sum g_i+ | measured fitness | best measured fitness or single-digit g-values | x1 | x2...
1 0 +1.042016280e+02 +1.471616280e+02 +1.471616280e+02 +5.9671e-01 -3.8264e-02 +7.4769e-01 +1.6230e+00 -1.3415e-01
2 0 +8.460215293e+01 +1.275621529e+02 +1.275621529e+02 -1.3414e-01 +1.6792e+00 +8.6743e-01 -3.6947e-01 +6.4256e-01
14 0 +7.738850574e+01 +1.203485057e+02 +1.203485057e+02 +1.4562e+00 +2.7990e-02 +1.1035e+00 +4.6164e-01 -5.4512e-01
18 0 +5.190830352e+01 +9.486830352e+01 +9.486830352e+01 -4.0176e-01 +1.0154e+00 +4.2875e-01 -4.2976e-01 +6.1327e-01
158 0 +4.948694605e+01 +9.244694605e+01 +9.244694605e+01 +6.0483e-01 +2.3271e+00 +7.6474e-01 +1.4551e+00 -6.3047e-02
185 0 +4.902386803e+01 +9.198386803e+01 +9.198386803e+01 +2.9731e-01 +2.3072e+00 +1.3176e+00 +1.8789e+00 +2.5171e-01
202 0 +3.847631125e+01 +8.143631125e+01 +8.143631125e+01 -1.4152e+00 +8.9039e-01 +2.1647e+00 +8.9572e-01 +2.7999e-01
251 0 +3.606593738e+01 +7.902593738e+01 +7.902593738e+01 -4.5254e-01 +2.6003e+00 +1.1732e+00 +1.0046e+00 +7.4934e-01
269 0 +2.162849842e+01 +6.458849842e+01 +6.458849842e+01 -2.5002e-01 +2.4052e+00 +2.1269e+00 +6.0746e-01 -5.5519e-02
405 0 +1.872167634e+01 +6.168167634e+01 +6.168167634e+01 +4.9751e-01 +2.4162e+00 +2.2253e+00 +9.2612e-01 +1.6375e-01
503 0 +1.646519143e+01 +5.942519143e+01 +5.942519143e+01 -4.9341e-01 +2.4417e+00 +2.0995e+00 +6.6086e-01 +1.9346e-01
551 0 +1.608638626e+01 +5.904638626e+01 +5.904638626e+01 -5.1957e-01 +2.4399e+00 +2.1243e+00 +5.4923e-01 +2.0577e-01
628 0 +1.277478397e+01 +5.573478397e+01 +5.573478397e+01 -4.5784e-01 +2.4918e+00 +2.1556e+00 +6.0084e-01 +1.7673e-01
652 0 +1.260745580e+01 +5.556745580e+01 +5.556745580e+01 -3.7138e-01 +2.5712e+00 +2.1944e+00 +5.9175e-01 +1.8528e-01
751 0 +1.226146578e+01 +5.522146578e+01 +5.522146578e+01 -4.2900e-01 +2.4125e+00 +2.1543e+00 +6.3163e-01 +2.0413e-01
752 0 +1.196706241e+01 +5.492706241e+01 +5.492706241e+01 -3.8746e-01 +2.5453e+00 +2.1546e+00 +5.9200e-01 +1.9416e-01
788 0 +1.135285254e+01 +5.431285254e+01 +5.431285254e+01 -4.7282e-01 +2.5337e+00 +2.1498e+00 +6.1836e-01 +2.0020e-01
826 0 +1.117028370e+01 +5.413028370e+01 +5.413028370e+01 -4.5129e-01 +2.5334e+00 +2.1713e+00 +6.1077e-01 +1.9514e-01
876 0 +1.099782071e+01 +5.395782071e+01 +5.395782071e+01 -4.5145e-01 +2.5506e+00 +2.1720e+00 +6.1052e-01 +2.0003e-01
926 0 +1.096980390e+01 +5.392980390e+01 +5.392980390e+01 -4.3508e-01 +2.5541e+00 +2.1692e+00 +6.1001e-01 +2.0537e-01
951 0 +1.096381753e+01 +5.392381753e+01 +5.392381753e+01 -4.3219e-01 +2.5568e+00 +2.1714e+00 +6.1374e-01 +2.0299e-01
976 0 +1.096166759e+01 +5.392166759e+01 +5.392166759e+01 -4.3598e-01 +2.5544e+00 +2.1782e+00 +6.1062e-01 +2.0560e-01
1001 0 +1.094990466e+01 +5.390990466e+01 +5.390990466e+01 -4.3954e-01 +2.5549e+00 +2.1772e+00 +6.1302e-01 +2.0377e-01
1026 0 +1.094883314e+01 +5.390883314e+01 +5.390883314e+01 -4.4238e-01 +2.5601e+00 +2.1762e+00 +6.1372e-01 +2.0460e-01
1051 0 +1.094709043e+01 +5.390709043e+01 +5.390709043e+01 -4.4341e-01 +2.5564e+00 +2.1727e+00 +6.1362e-01 +2.0573e-01
1076 0 +1.094640628e+01 +5.390640628e+01 +5.390640628e+01 -4.4286e-01 +2.5565e+00 +2.1749e+00 +6.1202e-01 +2.0411e-01
1126 0 +1.094535212e+01 +5.390535212e+01 +5.390535212e+01 -4.4373e-01 +2.5556e+00 +2.1759e+00 +6.1320e-01 +2.0479e-01
1151 0 +1.094477087e+01 +5.390477087e+01 +5.390477087e+01 -4.4202e-01 +2.5568e+00 +2.1743e+00 +6.1306e-01 +2.0495e-01
1176 0 +1.094463588e+01 +5.390463588e+01 +5.390463588e+01 -4.4271e-01 +2.5565e+00 +2.1745e+00 +6.1331e-01 +2.0487e-01
1226 0 +1.094458646e+01 +5.390458646e+01 +5.390458646e+01 -4.4272e-01 +2.5565e+00 +2.1746e+00 +6.1310e-01 +2.0481e-01
% f evaluations | g evaluations | best noise-free fitness - Fopt (2.842200000000e+02) + sum g_i+ | measured fitness | best measured fitness or single-digit g-values | x1 | x2...
1 0 +1.211616727e+02 +4.053816727e+02 +4.053816727e+02 +5.9671e-01 -3.8264e-02 +7.4769e-01 +1.6230e+00 -1.3415e-01
2 0 +1.048661309e+02 +3.890861309e+02 +3.890861309e+02 -1.3414e-01 +1.6792e+00 +8.6743e-01 -3.6947e-01 +6.4256e-01
11 0 +4.585278983e+01 +3.300727898e+02 +3.300727898e+02 +4.2408e-01 -2.8508e-01 -5.7692e-01 +7.1168e-01 +1.1310e+00
30 0 +4.492778330e+01 +3.291477833e+02 +3.291477833e+02 -2.4150e-01 -4.4350e-01 +4.8307e-01 +1.2764e+00 +1.8436e+00
49 0 +4.356457230e+01 +3.277845723e+02 +3.277845723e+02 -5.4142e-02 -4.4063e-02 +3.5567e-01 +9.9978e-01 +8.7665e-01
100 0 +3.542044750e+01 +3.196404475e+02 +3.196404475e+02 +1.1541e+00 +4.3781e-01 +6.3840e-01 +1.7421e+00 +6.6331e-01
363 0 +2.423283898e+01 +3.084528390e+02 +3.084528390e+02 +9.2343e-02 +1.0559e+00 -4.3980e-01 +2.2236e+00 +1.5410e+00
540 0 +2.082392411e+01 +3.050439241e+02 +3.050439241e+02 +1.8964e-01 -2.1871e-01 +4.8189e-01 +2.2430e+00 +1.4414e+00
558 0 +1.748070560e+01 +3.017007056e+02 +3.017007056e+02 +3.1434e-01 -3.2928e-01 +4.3038e-01 +2.6885e+00 +1.4973e+00
% f evaluations | g evaluations | best noise-free fitness - Fopt (-3.217000000000e+01) + sum g_i+ | measured fitness | best measured fitness or single-digit g-values | x1 | x2...
1 0 +2.385971495e+02 +2.064271495e+02 +2.064271495e+02 +5.9671e-01 -3.8264e-02 +7.4769e-01 +1.6230e+00 -1.3415e-01
2 0 +2.059111824e+02 +1.737411824e+02 +1.737411824e+02 -1.3414e-01 +1.6792e+00 +8.6743e-01 -3.6947e-01 +6.4256e-01
7 0 +1.241728470e+02 +9.200284698e+01 +9.200284698e+01 -5.0171e-01 +1.9523e+00 +8.6503e-02 -9.5771e-01 +9.2254e-01
11 0 +9.455618066e+01 +6.238618066e+01 +6.238618066e+01 +4.2408e-01 -2.8508e-01 -5.7692e-01 +7.1168e-01 +1.1310e+00
26 0 +7.319101529e+01 +4.102101529e+01 +4.102101529e+01 -1.6657e-02 +3.8111e-01 -9.4198e-01 +1.3540e-01 +2.7536e+00
30 0 +6.964625559e+01 +3.747625559e+01 +3.747625559e+01 -3.2942e-01 +1.4551e+00 -1.1225e+00 -1.0100e+00 +2.6512e+00
32 0 +4.539465156e+01 +1.322465156e+01 +1.322465156e+01 -4.6414e-01 +6.3800e-01 +2.9150e-01 -1.0346e+00 +2.7482e+00
208 0 +3.936958277e+01 +7.199582766e+00 +7.199582766e+00 -3.6593e-01 +1.9558e+00 -2.4278e+00 -1.1684e-01 +3.0162e+00
256 0 +2.776681044e+01 -4.403189559e+00 -4.403189559e+00 +4.9333e-01 +3.2724e+00 -1.0969e+00 -5.3851e-01 +3.3245e+00
377 0 +2.640438155e+01 -5.765618449e+00 -5.765618449e+00 +4.8195e-01 +2.6917e+00 -2.2188e-02 +1.1273e-01 +3.3934e+00
576 0 +1.230065586e+01 -1.986934414e+01 -1.986934414e+01 -4.8552e-01 +2.5728e+00 -1.3105e-01 +2.7849e-01 +3.0116e+00
727 0 +1.220851365e+01 -1.996148635e+01 -1.996148635e+01 -5.4332e-01 +2.5797e+00 -1.0273e-01 +2.8814e-01 +3.0170e+00
758 0 +1.140505240e+01 -2.076494760e+01 -2.076494760e+01 -5.3853e-01 +2.6427e+00 -1.3100e-01 +2.9605e-01 +3.0243e+00
777 0 +1.105109595e+01 -2.111890405e+01 -2.111890405e+01 -5.1159e-01 +2.6500e+00 -1.3840e-01 +3.0230e-01 +3.0173e+00
826 0 +1.100307681e+01 -2.116692319e+01 -2.116692319e+01 -5.1126e-01 +2.6618e+00 -1.3153e-01 +2.9922e-01 +3.0134e+00
901 0 +1.097763473e+01 -2.119236527e+01 -2.119236527e+01 -5.0680e-01 +2.6786e+00 -1.2588e-01 +3.0481e-01 +3.0130e+00
989 0 +1.097149817e+01 -2.119850183e+01 -2.119850183e+01 -5.0851e-01 +2.6682e+00 -1.4032e-01 +3.0292e-01 +3.0106e+00
1001 0 +1.094945632e+01 -2.122054368e+01 -2.122054368e+01 -5.1371e-01 +2.6773e+00 -1.3403e-01 +3.0406e-01 +3.0132e+00
1026 0 +1.094829797e+01 -2.122170203e+01 -2.122170203e+01 -5.0555e-01 +2.6704e+00 -1.3485e-01 +3.0401e-01 +3.0135e+00
1051 0 +1.094798831e+01 -2.122201169e+01 -2.122201169e+01 -5.1379e-01 +2.6747e+00 -1.3615e-01 +3.0320e-01 +3.0142e+00
1076 0 +1.094623719e+01 -2.122376281e+01 -2.122376281e+01 -5.1097e-01 +2.6745e+00 -1.3520e-01 +3.0427e-01 +3.0144e+00
1101 0 +1.094487791e+01 -2.122512209e+01 -2.122512209e+01 -5.1055e-01 +2.6746e+00 -1.3552e-01 +3.0376e-01 +3.0133e+00
1151 0 +1.094471028e+01 -2.122528972e+01 -2.122528972e+01 -5.0969e-01 +2.6731e+00 -1.3488e-01 +3.0369e-01 +3.0134e+00
1201 0 +1.094462853e+01 -2.122537147e+01 -2.122537147e+01 -5.0937e-01 +2.6741e+00 -1.3549e-01 +3.0389e-01 +3.0137e+00
% f evaluations | g evaluations | best noise-free fitness - Fopt (-5.858000000000e+01) + sum g_i+ | measured fitness | best measured fitness or single-digit g-values | x1 | x2...
1 0 +2.207776380e+02 +1.621976380e+02 +1.621976380e+02 +5.9671e-01 -3.8264e-02 +7.4769e-01 +1.6230e+00 -1.3415e-01
2 0 +1.969939115e+02 +1.384139115e+02 +1.384139115e+02 -1.3414e-01 +1.6792e+00 +8.6743e-01 -3.6947e-01 +6.4256e-01
11 0 +1.165014686e+02 +5.792146859e+01 +5.792146859e+01 +4.2408e-01 -2.8508e-01 -5.7692e-01 +7.1168e-01 +1.1310e+00
26 0 +7.147293290e+01 +1.289293290e+01 +1.289293290e+01 -5.0984e-01 +6.7908e-01 +4.8155e-01 -1.5216e-01 +2.9676e+00
63 0 +6.636453196e+01 +7.784531962e+00 +7.784531962e+00 +1.5207e+00 -1.7893e+00 -1.2833e+00 +2.0536e+00 +2.1284e+00
75 0 +5.803298287e+01 -5.470171290e-01 -5.470171290e-01 +1.1699e+00 +3.8120e-01 -1.4992e-01 +1.4961e+00 +3.5103e+00
101 0 +5.746531173e+01 -1.114688272e+00 -1.114688272e+00 +8.1047e-01 +4.8462e-01 -6.5393e-01 +1.8624e+00 +2.7043e+00
130 0 +4.975003340e+01 -8.829966599e+00 -8.829966599e+00 +4.9399e-01 -2.5779e+00 -6.6353e-01 +1.8806e+00 +2.1985e+00
161 0 +4.793600346e+01 -1.064399654e+01 -1.064399654e+01 +9.1118e-01 -2.7294e+00 -5.6164e-01 +1.4374e+00 +3.0051e+00
182 0 +3.877942517e+01 -1.980057483e+01 -1.980057483e+01 +1.7021e+00 -1.0633e+00 -5.8381e-01 +9.6902e-01 +2.8154e+00
278 0 +2.636134235e+01 -3.221865765e+01 -3.221865765e+01 +1.6521e+00 -2.0114e+00 +2.9941e-01 +9.9556e-01 +3.2713e+00
316 0 +1.625337678e+01 -4.232662322e+01 -4.232662322e+01 +1.7059e+00 -1.8526e+00 +3.6401e-01 +1.3645e+00 +3.2802e+00
370 0 +1.453665972e+01 -4.404334028e+01 -4.404334028e+01 +2.5412e+00 -1.9421e+00 -1.2871e-01 +1.4305e+00 +3.2770e+00
484 0 +9.853123406e+00 -4.872687659e+01 -4.872687659e+01 +2.5490e+00 -1.7675e+00 +3.0759e-01 +1.9361e+00 +3.5630e+00
758 0 +6.307770864e+00 -5.227222914e+01 -5.227222914e+01 +1.5347e+00 -1.6962e+00 +3.9518e-01 +1.8456e+00 +3.2667e+00
776 0 +5.561878510e+00 -5.301812149e+01 -5.301812149e+01 +1.6034e+00 -1.6970e+00 +4.1229e-01 +1.8527e+00 +3.2589e+00
802 0 +4.579138103e+00 -5.400086190e+01 -5.400086190e+01 +1.6095e+00 -1.7740e+00 +3.6848e-01 +1.8667e+00 +3.2803e+00
963 0 +4.571204620e+00 -5.400879538e+01 -5.400879538e+01 +1.5678e+00 -1.7412e+00 +3.8106e-01 +1.8635e+00 +3.2813e+00
967 0 +4.364602496e+00 -5.421539750e+01 -5.421539750e+01 +1.6027e+00 -1.7112e+00 +3.9547e-01 +1.8599e+00 +3.2711e+00
1001 0 +4.202263364e+00 -5.437773664e+01 -5.437773664e+01 +1.6049e+00 -1.7026e+00 +3.8511e-01 +1.8765e+00 +3.2767e+00
1051 0 +4.089969211e+00 -5.449003079e+01 -5.449003079e+01 +1.5931e+00 -1.6973e+00 +3.8398e-01 +1.8668e+00 +3.2836e+00
1052 0 +4.087845670e+00 -5.449215433e+01 -5.449215433e+01 +1.5931e+00 -1.6968e+00 +3.7357e-01 +1.8616e+00 +3.2829e+00
1126 0 +4.075241274e+00 -5.450475873e+01 -5.450475873e+01 +1.5844e+00 -1.6904e+00 +3.8571e-01 +1.8613e+00 +3.2787e+00
1127 0 +4.054160033e+00 -5.452583997e+01 -5.452583997e+01 +1.5843e+00 -1.6964e+00 +3.7159e-01 +1.8639e+00 +3.2800e+00
1151 0 +4.035607541e+00 -5.454439246e+01 -5.454439246e+01 +1.5873e+00 -1.6839e+00 +3.8058e-01 +1.8632e+00 +3.2808e+00
1152 0 +4.032616883e+00 -5.454738312e+01 -5.454738312e+01 +1.5916e+00 -1.6773e+00 +3.6730e-01 +1.8664e+00 +3.2780e+00
1176 0 +4.009840516e+00 -5.457015948e+01 -5.457015948e+01 +1.5919e+00 -1.6801e+00 +3.8151e-01 +1.8676e+00 +3.2799e+00
1201 0 +3.982659674e+00 -5.459734033e+01 -5.459734033e+01 +1.5961e+00 -1.6884e+00 +3.7808e-01 +1.8670e+00 +3.2780e+00
