% f evaluations | g evaluations | best noise-free fitness - Fopt (-2.098800000000e+02) + sum g_i+ | measured fitness | best measured fitness or single-digit g-values | x1 | x2...
1 0 +4.145701426e+06 +4.145491546e+06 +4.145491546e+06 +5.9671e-01 -3.8264e-02 +7.4769e-01 +1.6230e+00 -1.3415e-01 -1.3414e-01 +1.6792e+00 +8.6743e-01 -3.6947e-01 +6.4256e-01
6 0 +3.310226671e+06 +3.310016791e+06 +3.310016791e+06 +4.2408e-01 -2.8508e-01 -5.7692e-01 +7.1168e-01 +1.1310e+00 +1.0313e+00 -7.3922e-01 -2.0921e-01 +4.3126e-01 +1.0755e+00
18 0 +3.854675092e+05 +3.852576292e+05 +3.852576292e+05 -7.8951e-01 -7.1581e-01 +2.2898e-02 +4.4115e-01 +3.7669e-01 +9.2718e-01 +1.1300e-01 +1.5535e+00 -1.6466e-01 +2.8202e+00
55 0 +2.432548093e+05 +2.430449293e+05 +2.430449293e+05 +2.3265e-01 -8.0211e-01 -1.4599e-01 +2.0066e+00 +7.2798e-01 +4.9913e-01 -7.7554e-01 +1.0016e+00 -1.6701e+00 +2.7279e+00
64 0 +1.951054420e+05 +1.948955620e+05 +1.948955620e+05 +1.8811e-01 +4.3337e-02 +5.0267e-01 +4.5336e-01 +8.6365e-01 +8.0172e-01 -3.6427e-01 +3.4979e-01 -1.4950e+00 +2.8761e+00
98 0 +1.498332698e+05 +1.496233898e+05 +1.496233898e+05 -3.5762e-01 -5.8539e-01 -9.3472e-01 +1.7126e+00 +2.0392e+00 +5.7073e-01 +1.9289e+00 +5.0501e-01 -1.7615e+00 +2.8047e+00
105 0 +1.351699265e+05 +1.349600465e+05 +1.349600465e+05 -7.3976e-01 +2.0604e+00 +2.8953e-01 +2.8277e+00 +2.0538e+00 +3.2022e+00 +1.9364e+00 +1.6357e+00 -1.3083e+00 +2.6859e+00
168 0 +1.329206168e+05 +1.327107368e+05 +1.327107368e+05 -2.8580e+00 -7.5623e-01 +1.7793e+00 -1.8440e+00 +2.1723e+00 +3.0390e+00 -1.0447e-02 +5.2854e-01 -1.3435e+00 +2.8186e+00
218 0 +7.490412055e+04 +7.469424055e+04 +7.469424055e+04 -1.8155e+00 +1.5901e-01 +9.0494e-01 +2.7664e+00 -7.3367e-01 +1.5685e+00 +1.3023e+00 +4.3070e-01 -1.2146e+00 +2.8089e+00
305 0 +4.244600081e+04 +4.223612081e+04 +4.223612081e+04 +2.4746e-01 +1.3313e+00 -8.1442e-01 +1.0952e+00 +1.9723e+00 +1.2816e+00 +1.7696e+00 -2.2603e-01 -1.4541e+00 +2.5189e+00
349 0 +4.864648687e+03 +4.654768687e+03 +4.654768687e+03 -2.2903e+00 +3.6910e+00 +2.8875e-01 +3.1556e+00 +4.3465e-02 +2.1823e+00 +2.0513e+00 -2.1213e-01 -1.0378e+00 +2.6084e+00
925 0 +4.573435293e+03 +4.363555293e+03 +4.363555293e+03 -4.9440e-01 +1.0122e+00 +8.1199e-02 +3.8064e+00 +1.8720e+00 +1.6097e+00 +2.4124e+00 +7.9905e-03 -1.1190e+00 +2.5758e+00
1059 0 +2.838451677e+03 +2.628571677e+03 +2.628571677e+03 +7.0328e-01 -1.4392e+00 -2.7846e-01 +4.3815e+00 +2.7626e+00 +1.9354e+00 +2.3593e+00 -8.2434e-02 -1.0610e+00 +2.6063e+00
1538 0 +2.660835056e+03 +2.450955056e+03 +2.450955056e+03 +3.4905e+00 -1.3227e+00 -4.5652e-01 +1.4362e+00 +3.5812e+00 +3.0058e+00 +2.0963e+00 -6.8700e-02 -1.1355e+00 +2.6016e+00
1643 0 +1.708907355e+03 +1.499027355e+03 +1.499027355e+03 +4.3344e+00 -1.0052e+00 -1.0862e+00 +1.6170e-01 +2.2997e+00 +2.6638e+00 +2.3337e+00 -9.7182e-02 -1.1378e+00 +2.6252e+00
1775 0 +1.184998292e+03 +9.751182917e+02 +9.751182917e+02 +3.9721e+00 -5.8100e-01 -8.9721e-01 +2.4704e+00 +1.5245e+00 +2.7063e+00 +2.4814e+00 +3.3159e-04 -1.1137e+00 +2.6114e+00
1781 0 +1.031575009e+03 +8.216950091e+02 +8.216950091e+02 +2.6466e+00 -3.5852e-01 -7.4273e-01 +2.7371e+00 +1.6910e+00 +2.3024e+00 +2.1880e+00 -7.2023e-02 -1.1084e+00 +2.5958e+00
2001 0 +8.567886791e+02 +6.469086791e+02 +6.469086791e+02 +2.3746e+00 +1.4509e-01 +1.1111e+00 +1.7570e+00 +1.7166e+00 +2.4465e+00 +2.2586e+00 -8.6663e-02 -1.1550e+00 +2.5960e+00
2051 0 +5.881224545e+02 +3.782424545e+02 +3.782424545e+02 +1.6512e+00 +2.5676e-01 +1.0759e+00 +2.4053e+00 +1.7740e+00 +2.6156e+00 +2.3657e+00 -7.3980e-02 -1.1473e+00 +2.5942e+00
2126 0 +4.889759855e+02 +2.790959855e+02 +2.790959855e+02 +3.5297e+00 -1.7502e-01 +8.3478e-01 +2.3289e+00 +2.0904e+00 +2.7827e+00 +2.4379e+00 -5.5391e-02 -1.0935e+00 +2.6001e+00
2193 0 +2.705349645e+02 +6.065496447e+01 +6.065496447e+01 +2.4244e+00 +2.8341e-01 +2.7803e+00 +3.3732e+00 +1.7395e+00 +2.6348e+00 +2.4016e+00 -6.4631e-02 -1.0939e+00 +2.6066e+00
2291 0 +2.086118305e+02 -1.268169544e+00 -1.268169544e+00 +3.6246e+00 +3.6053e-01 +3.5848e+00 +2.7140e+00 +1.9861e+00 +2.6449e+00 +2.2887e+00 -9.5549e-02 -1.1279e+00 +2.5941e+00
2392 0 +1.467205550e+02 -6.315944503e+01 -6.315944503e+01 +3.4064e+00 -1.3735e-01 +3.7331e+00 +2.5635e+00 +1.7938e+00 +2.7816e+00 +2.2541e+00 -8.8109e-02 -1.1249e+00 +2.5989e+00
2394 0 +1.324919979e+02 -7.738800208e+01 -7.738800208e+01 +2.7217e+00 +6.1434e-01 +2.1800e+00 +2.8228e+00 +1.9329e+00 +2.7478e+00 +2.3557e+00 -8.2086e-02 -1.1176e+00 +2.5995e+00
2451 0 +9.287050581e+01 -1.170094942e+02 -1.170094942e+02 +3.1004e+00 -5.4356e-01 +3.8511e+00 +2.8089e+00 +1.6857e+00 +2.7235e+00 +2.2802e+00 -1.1588e-01 -1.1164e+00 +2.6021e+00
2459 0 +6.499324020e+01 -1.448867598e+02 -1.448867598e+02 +3.0294e+00 +6.6137e-01 +2.7794e+00 +2.5401e+00 +1.7343e+00 +2.7602e+00 +2.3022e+00 -9.3157e-02 -1.1050e+00 +2.6095e+00
% f evaluations | g evaluations | best noise-free fitness - Fopt (-9.209000000000e+01) + sum g_i+ | measured fitness | best measured fitness or single-digit g-values | x1 | x2...
1 0 +1.301407777e+06 +1.301315687e+06 +1.301315687e+06 +5.9671e-01 -3.8264e-02 +7.4769e-01 +1.6230e+00 -1.3415e-01 -1.3414e-01 +1.6792e+00 +8.6743e-01 -3.6947e-01 +6.4256e-01
6 0 +4.560874244e+05 +4.559953344e+05 +4.559953344e+05 +4.2408e-01 -2.8508e-01 -5.7692e-01 +7.1168e-01 +1.1310e+00 +1.0313e+00 -7.3922e-01 -2.0921e-01 +4.3126e-01 +1.0755e+00
40 0 +2.400470840e+05 +2.399549940e+05 +2.399549940e+05 -7.9841e-01 +5.9192e-01 -1.2202e+00 +1.9315e+00 +1.2794e+00 -3.6918e-01 -1.6131e+00 +1.4539e+00 -1.4540e-02 +1.3378e+00
51 0 +1.198883256e+05 +1.197962356e+05 +1.197962356e+05 +2.6199e-01 +3.4777e-01 -4.8595e-01 +1.0549e+00 +2.0941e+00 +2.6039e-01 -1.6815e+00 +5.2057e-01 +3.6502e-01 +1.4984e+00
76 0 +1.066418842e+05 +1.065497942e+05 +1.065497942e+05 -2.0412e-01 +1.0632e+00 +3.0891e-01 +2.4031e+00 -8.0735e-02 +1.4438e+00 +1.1709e+00 +6.6674e-01 +4.0132e-01 +1.8531e+00
84 0 +4.372715976e+04 +4.363506976e+04 +4.363506976e+04 -2.2848e+00 +2.2875e+00 -2.4786e+00 +1.5563e+00 +7.0098e-01 -1.0815e+00 -7.3227e-01 +2.7274e-01 +4.9520e-01 +1.7060e+00
255 0 +3.110820150e+04 +3.101611150e+04 +3.101611150e+04 -7.8632e-01 +3.5364e+00 -7.9261e-01 +7.5389e-01 +6.4144e-01 -8.3756e-01 +1.1863e-01 +1.4044e+00 +4.3750e-01 +1.7613e+00
302 0 +1.015321493e+04 +1.006112493e+04 +1.006112493e+04 +1.1245e+00 +2.0702e+00 -2.0634e+00 +1.4372e+00 -3.0315e-01 -2.1377e+00 +2.3211e-01 +7.4857e-01 +4.0308e-01 +1.7176e+00
555 0 +9.814107362e+03 +9.722017362e+03 +9.722017362e+03 -1.0101e+00 +7.0734e-01 -2.9299e+00 +1.1358e+00 -1.7806e-01 -2.4745e+00 -3.1529e-01 +7.9924e-01 +3.8625e-01 +1.6553e+00
1036 0 +6.228386159e+03 +6.136296159e+03 +6.136296159e+03 +8.5554e-01 +2.5074e+00 -5.2776e-01 -8.7582e-01 -6.4023e-01 -3.6839e+00 +3.7453e-02 +7.5907e-01 +5.0672e-01 +1.6360e+00
1137 0 +2.209917052e+03 +2.117827052e+03 +2.117827052e+03 +2.0570e+00 +2.6500e+00 -4.7704e-01 +3.0746e-01 +1.4714e+00 -4.0071e+00 -5.1433e-02 +1.0707e+00 +4.0555e-01 +1.6854e+00
1489 0 +1.885342187e+03 +1.793252187e+03 +1.793252187e+03 +3.5615e+00 +2.1266e+00 +6.1246e-01 +1.9681e-01 +3.6827e-01 -3.2675e+00 +5.1400e-02 +1.0613e+00 +4.0316e-01 +1.6670e+00
1562 0 +1.636631607e+03 +1.544541607e+03 +1.544541607e+03 +2.8580e+00 +2.3122e+00 +2.1402e+00 -8.1215e-01 -3.8794e-01 -3.4663e+00 -2.7145e-01 +1.0140e+00 +4.6676e-01 +1.6911e+00
1611 0 +1.527435577e+03 +1.435345577e+03 +1.435345577e+03 +3.4946e+00 +2.2683e+00 +3.1478e+00 -7.5751e-01 -4.3383e-04 -3.6939e+00 +3.3736e-02 +1.0629e+00 +4.1565e-01 +1.6574e+00
1701 0 +6.573764716e+02 +5.652864716e+02 +5.652864716e+02 +8.8046e-01 +2.3200e+00 +8.9191e-01 -8.1461e-01 -3.1212e-01 -3.5480e+00 +1.4014e-01 +1.0622e+00 +4.4104e-01 +1.6776e+00
1783 0 +4.830489685e+02 +3.909589685e+02 +3.909589685e+02 +4.0448e-01 +2.2179e+00 +8.6038e-01 -1.7673e+00 -1.7535e-01 -4.1047e+00 +1.0521e-01 +1.0172e+00 +4.5421e-01 +1.6800e+00
1931 0 +3.746736479e+02 +2.825836479e+02 +2.825836479e+02 +2.1301e+00 +2.0374e+00 +2.3175e+00 -1.4569e+00 -2.0830e-01 -3.7897e+00 +3.4870e-02 +1.0281e+00 +4.3243e-01 +1.6738e+00
1966 0 +3.213269319e+02 +2.292369319e+02 +2.292369319e+02 +9.9104e-01 +1.5383e+00 +1.1122e+00 -6.4324e-01 -1.6004e-01 -3.9058e+00 +5.2684e-02 +9.8007e-01 +4.1940e-01 +1.6892e+00
2101 0 +2.971106114e+02 +2.050206114e+02 +2.050206114e+02 +2.5706e+00 +2.3613e+00 +1.2453e+00 -1.4480e+00 +1.2093e-01 -3.7822e+00 -1.4266e-02 +9.6901e-01 +4.0698e-01 +1.6850e+00
2151 0 +2.670113685e+02 +1.749213685e+02 +1.749213685e+02 +2.3949e+00 +2.5077e+00 +1.4753e+00 -1.4839e+00 -3.2560e-01 -3.6443e+00 +4.2682e-02 +9.2862e-01 +4.2876e-01 +1.6871e+00
2160 0 +1.507633505e+02 +5.867335054e+01 +5.867335054e+01 +7.4605e-01 +2.3117e+00 +4.5426e-01 -1.1617e+00 -1.7145e-01 -3.8920e+00 +7.7804e-02 +9.8035e-01 +4.2716e-01 +1.6904e+00
2201 0 +1.096424785e+02 +1.755247845e+01 +1.755247845e+01 +2.0002e+00 +2.5381e+00 +8.7110e-01 -1.6766e+00 -2.6423e-01 -3.8689e+00 +2.7281e-02 +9.5531e-01 +4.3780e-01 +1.6841e+00
2283 0 +1.011080638e+02 +9.018063760e+00 +9.018063760e+00 +2.6571e+00 +2.1749e+00 +1.7573e+00 -1.8580e+00 -1.3415e-01 -3.8093e+00 +4.6236e-02 +9.8153e-01 +4.3838e-01 +1.6806e+00
2374 0 +9.006293499e+01 -2.027065010e+00 -2.027065010e+00 +1.6101e+00 +1.9087e+00 +9.0772e-01 -1.0799e+00 +6.5269e-02 -3.7817e+00 +3.2035e-02 +9.9496e-01 +4.3932e-01 +1.6858e+00
2387 0 +5.481334059e+01 -3.727665941e+01 -3.727665941e+01 +1.5730e+00 +2.0955e+00 +4.8629e-01 -1.3546e+00 -1.0991e-01 -3.8536e+00 +5.0978e-02 +9.7420e-01 +4.3491e-01 +1.6872e+00
% f evaluations | g evaluations | best noise-free fitness - Fopt (-8.789000000000e+01) + sum g_i+ | measured fitness | best measured fitness or single-digit g-values | x1 | x2...
1 0 +8.641551380e+06 +8.641463490e+06 +8.641463490e+06 +5.9671e-01 -3.8264e-02 +7.4769e-01 +1.6230e+00 -1.3415e-01 -1.3414e-01 +1.6792e+00 +8.6743e-01 -3.6947e-01 +6.4256e-01
6 0 +7.335848793e+06 +7.335760903e+06 +7.335760903e+06 +4.2408e-01 -2.8508e-01 -5.7692e-01 +7.1168e-01 +1.1310e+00 +1.0313e+00 -7.3922e-01 -2.0921e-01 +4.3126e-01 +1.0755e+00
18 0 +1.802348882e+06 +1.802260992e+06 +1.802260992e+06 -7.8951e-01 -7.1581e-01 +2.2898e-02 +4.4115e-01 +3.7669e-01 +9.2718e-01 +1.1300e-01 +1.5535e+00 -1.6466e-01 +2.8202e+00
52 0 +6.800319009e+05 +6.799440109e+05 +6.799440109e+05 +1.1597e+00 +1.9816e-01 +8.7385e-01 +4.3838e-01 -3.3400e-01 +1.7380e+00 -6.0320e-01 +4.1912e-01 -8.2081e-01 +3.4704e+00
58 0 +4.712448048e+05 +4.711569148e+05 +4.711569148e+05 +2.2523e+00 -2.1554e+00 +8.2898e-01 +2.2541e+00 -8.7428e-01 +7.5402e-01 -4.5310e-01 +7.6602e-01 -1.4511e+00 +3.1543e+00
66 0 +1.082798106e+05 +1.081919206e+05 +1.081919206e+05 -4.5715e-01 -5.9350e-01 -6.2666e-01 +4.3040e+00 +3.0454e-01 -5.2751e-01 -1.4480e+00 +1.2037e+00 -2.1410e+00 +3.2255e+00
301 0 +9.207813556e+04 +9.199024556e+04 +9.199024556e+04 -1.5029e-01 -3.6434e+00 -2.4049e-01 +3.2823e+00 -7.9446e-01 -3.6516e-01 -2.9514e+00 +1.6337e+00 -2.9843e+00 +3.6317e+00
352 0 +3.560225901e+04 +3.551436901e+04 +3.551436901e+04 -1.1269e+00 -4.7018e+00 -2.7772e+00 +2.9614e+00 -2.3729e+00 +1.4331e+00 -2.8707e+00 +1.6140e+00 -2.3838e+00 +3.3059e+00
586 0 +3.303573143e+04 +3.294784143e+04 +3.294784143e+04 +2.1864e+00 -1.7575e+00 -2.2296e+00 +9.4341e-01 -3.5313e+00 +1.2893e+00 -4.2081e+00 +1.3121e+00 -2.5072e+00 +3.3561e+00
616 0 +2.949822099e+04 +2.941033099e+04 +2.941033099e+04 -3.3853e-01 -4.2968e-02 +1.4086e+00 +4.3656e-01 +2.1911e-01 -1.7341e+00 -2.1647e+00 +9.4320e-01 -2.4216e+00 +3.4497e+00
797 0 +1.347579299e+04 +1.338790299e+04 +1.338790299e+04 +1.7560e+00 -5.3469e-01 -7.7465e-01 +1.1580e+00 -2.4614e+00 +6.7465e-02 -2.3131e+00 +1.4978e+00 -2.5095e+00 +3.3446e+00
899 0 +1.265747384e+04 +1.256958384e+04 +1.256958384e+04 -1.3084e+00 -1.9653e+00 -1.8135e+00 +1.2374e+00 -1.1619e+00 -1.6503e+00 -2.1750e+00 +1.5441e+00 -2.5945e+00 +3.3955e+00
931 0 +5.828106834e+03 +5.740216834e+03 +5.740216834e+03 +1.9892e+00 -3.7205e-01 -2.1751e+00 +2.1475e+00 -1.1510e+00 -4.1472e-01 -2.5836e+00 +1.5723e+00 -2.5549e+00 +3.4355e+00
1211 0 +5.752802624e+03 +5.664912624e+03 +5.664912624e+03 +5.9805e-01 -2.5129e+00 -1.0080e+00 +1.2111e+00 -6.8673e-01 -6.3783e-01 -2.7450e+00 +1.5384e+00 -2.6081e+00 +3.4371e+00
1217 0 +3.567449915e+03 +3.479559915e+03 +3.479559915e+03 +2.5615e+00 -2.5554e-01 -1.8972e+00 +1.0227e+00 -1.5367e+00 -2.3498e-01 -3.1185e+00 +1.5611e+00 -2.5310e+00 +3.4143e+00
1572 0 +3.279623832e+03 +3.191733832e+03 +3.191733832e+03 +1.9493e+00 -1.1850e+00 -2.1565e+00 +8.6790e-01 -1.6621e+00 -8.3851e-01 -3.1021e+00 +1.4851e+00 -2.5431e+00 +3.4022e+00
1647 0 +3.223612119e+03 +3.135722119e+03 +3.135722119e+03 +3.8652e+00 -1.3931e+00 -2.2834e+00 +2.1382e+00 -2.9491e+00 -8.5242e-01 -3.0664e+00 +1.5509e+00 -2.5231e+00 +3.4123e+00
1674 0 +3.112029131e+03 +3.024139131e+03 +3.024139131e+03 +4.0556e+00 -2.7996e-01 -2.2082e+00 +2.8752e+00 -2.7528e+00 -5.5573e-01 -2.9865e+00 +1.4970e+00 -2.5158e+00 +3.4356e+00
1675 0 +2.128164214e+03 +2.040274214e+03 +2.040274214e+03 +4.7513e+00 -2.1404e-01 -1.2178e+00 +1.4542e+00 -2.7234e+00 -5.2599e-01 -3.0666e+00 +1.4182e+00 -2.5505e+00 +3.4103e+00
1761 0 +1.616661037e+03 +1.528771037e+03 +1.528771037e+03 +4.9566e+00 +7.7924e-01 -1.6137e+00 +9.2656e-01 -3.8390e+00 -7.9626e-01 -2.8210e+00 +1.4851e+00 -2.5576e+00 +3.4301e+00
1960 0 +1.593888703e+03 +1.505998703e+03 +1.505998703e+03 +4.0639e+00 +6.6571e-01 -4.9429e-01 +1.0284e+00 -2.7832e+00 -5.8340e-01 -3.0440e+00 +1.4895e+00 -2.5638e+00 +3.4483e+00
1962 0 +1.010768679e+03 +9.228786795e+02 +9.228786795e+02 +2.4656e+00 -3.0459e+00 -9.0304e-01 -6.7205e-01 -3.7192e+00 -5.3625e-01 -2.9213e+00 +1.4638e+00 -2.5821e+00 +3.4341e+00
2045 0 +6.748963317e+02 +5.870063317e+02 +5.870063317e+02 +2.4077e+00 -8.4671e-01 -1.4885e+00 -1.6106e+00 -3.5935e+00 -6.5743e-01 -3.0269e+00 +1.5100e+00 -2.5226e+00 +3.4293e+00
2310 0 +5.928504241e+02 +5.049604241e+02 +5.049604241e+02 +4.3213e+00 -7.9185e-01 +7.6344e-02 -1.0388e+00 -3.0792e+00 -8.5530e-01 -2.9127e+00 +1.4987e+00 -2.5720e+00 +3.4314e+00
2429 0 +5.568253242e+02 +4.689353242e+02 +4.689353242e+02 +3.5532e+00 -2.8177e+00 +1.0846e+00 -2.7138e+00 -3.4301e+00 -7.6424e-01 -3.0691e+00 +1.4345e+00 -2.5594e+00 +3.4259e+00
2440 0 +4.895737917e+02 +4.016837917e+02 +4.016837917e+02 +3.6357e+00 -2.5652e+00 +1.1643e+00 -1.9970e+00 -3.0688e+00 -5.2793e-01 -2.9356e+00 +1.5275e+00 -2.5247e+00 +3.4335e+00
2458 0 +3.720220004e+02 +2.841320004e+02 +2.841320004e+02 +3.9176e+00 -2.1065e+00 +1.1098e+00 -1.4220e+00 -3.0243e+00 -6.6129e-01 -2.9939e+00 +1.4338e+00 -2.5258e+00 +3.4320e+00
% f evaluations | g evaluations | best noise-free fitness - Fopt (3.201900000000e+02) + sum g_i+ | measured fitness | best measured fitness or single-digit g-values | x1 | x2...
1 0 +3.086369922e+06 +3.086690112e+06 +3.086690112e+06 +5.9671e-01 -3.8264e-02 +7.4769e-01 +1.6230e+00 -1.3415e-01 -1.3414e-01 +1.6792e+00 +8.6743e-01 -3.6947e-01 +6.4256e-01
3 0 +2.421037403e+06 +2.421357593e+06 +2.421357593e+06 +1.5656e+00 -1.2578e-01 +1.6753e-01 -1.3247e+00 -4.4438e-01 +2.1092e-01 -1.0510e+00 +4.7570e-01 -5.0064e-01 -1.9169e-01
4 0 +1.701044438e+06 +1.701364628e+06 +1.701364628e+06 -5.0171e-01 +1.9523e+00 +8.6503e-02 -9.5771e-01 +9.2254e-01 -1.1208e+00 +3.0886e-01 -1.8597e+00 -1.2282e+00 +2.9686e-01
44 0 +9.630455032e+05 +9.633656932e+05 +9.633656932e+05 -1.0833e+00 -1.9392e+00 -1.6941e-01 +8.1754e-01 +1.6024e+00 +1.7409e-01 +1.7286e+00 -1.2801e+00 -1.6034e+00 +4.4452e-02
52 0 +4.502762164e+05 +4.505964064e+05 +4.505964064e+05 -4.0097e-01 +2.1116e-01 -2.2050e-01 -5.7329e-01 +1.6466e+00 +2.6760e-01 +1.5627e+00 -1.0130e+00 -2.4263e+00 -2.9378e-01
57 0 +3.915231920e+05 +3.918433820e+05 +3.918433820e+05 +7.9434e-01 -6.1757e-01 -4.0750e-01 +6.7808e-01 +5.0740e-02 -8.6305e-01 -4.4427e-01 -2.0222e+00 -2.8856e+00 +1.9645e-01
61 0 +3.071573392e+05 +3.074775292e+05 +3.074775292e+05 -2.8695e+00 -3.9969e-01 +7.4329e-02 -1.7269e+00 +5.2519e-01 +3.7796e-01 +2.0780e+00 -4.5790e-01 -2.6531e+00 -1.0224e-01
151 0 +2.044042760e+05 +2.047244660e+05 +2.047244660e+05 -8.4799e-01 +1.7669e+00 +1.5288e+00 +2.4678e+00 +1.3384e+00 -1.2716e+00 +4.1165e+00 -1.6114e-01 -3.5241e+00 -3.5001e-02
186 0 +2.036469111e+05 +2.039671011e+05 +2.039671011e+05 -1.3229e+00 -6.0831e-01 -1.8700e+00 +2.3839e+00 -3.9393e-01 -2.6578e+00 +1.2283e+00 -1.1597e+00 -4.2415e+00 -1.5268e-01
215 0 +1.240762487e+05 +1.243964387e+05 +1.243964387e+05 -3.7020e+00 +1.6715e+00 +2.9917e+00 +2.4121e+00 -1.4872e+00 +1.0049e-01 +8.5912e-01 -1.1701e+00 -3.2670e+00 -7.8802e-02
397 0 +1.096803595e+05 +1.100005495e+05 +1.100005495e+05 -2.6749e-01 +1.5242e+00 +1.9332e+00 +5.7896e-01 +1.4980e+00 -1.4117e+00 +2.7207e+00 -2.7804e+00 -3.7308e+00 -1.6258e-01
431 0 +6.683686381e+04 +6.715705381e+04 +6.715705381e+04 -7.1065e-01 +6.0137e-01 +1.3142e+00 +2.4340e-01 -2.2648e-01 -9.5152e-01 +2.4523e+00 -2.1720e+00 -3.7220e+00 -9.0223e-02
453 0 +2.455112554e+04 +2.487131554e+04 +2.487131554e+04 -7.4412e-02 +7.7876e-01 +9.6144e-01 +4.6279e-01 -1.0390e+00 +1.3872e+00 +2.4018e+00 -1.3333e+00 -3.5416e+00 -1.6069e-01
680 0 +2.041906035e+04 +2.073925035e+04 +2.073925035e+04 +2.2881e+00 -9.2389e-01 -4.8844e-01 -7.3832e-01 -1.8876e+00 +3.2095e+00 +1.6777e+00 -1.9915e+00 -3.5338e+00 -2.2967e-01
719 0 +1.393976041e+04 +1.425995041e+04 +1.425995041e+04 +1.4332e+00 -2.2042e+00 +2.6526e+00 +1.4654e+00 -1.8197e+00 +3.5700e+00 +1.8102e+00 -1.6911e+00 -3.6843e+00 -1.5558e-01
859 0 +1.068423573e+04 +1.100442573e+04 +1.100442573e+04 -1.2040e+00 -5.0635e-01 +1.3668e+00 -8.3801e-01 -1.7738e+00 +2.7040e+00 +2.8934e+00 -1.4622e+00 -3.4932e+00 -1.6673e-01
963 0 +8.666249421e+03 +8.986439421e+03 +8.986439421e+03 -2.5080e+00 +1.3835e+00 +1.6731e+00 -4.6953e-01 -2.2614e+00 +2.6442e+00 +3.1398e+00 -1.8457e+00 -3.6494e+00 -2.5667e-01
1003 0 +6.822459449e+03 +7.142649449e+03 +7.142649449e+03 -2.3408e+00 +1.5517e+00 +2.2944e-01 +1.5145e+00 -3.0939e+00 +2.9972e+00 +3.1435e+00 -2.0711e+00 -3.5519e+00 -1.7166e-01
1047 0 +5.977755325e+03 +6.297945325e+03 +6.297945325e+03 -4.9513e-01 -2.3782e-01 +6.6906e-01 -1.2394e+00 -1.5754e+00 +3.5833e+00 +2.5930e+00 -2.0545e+00 -3.5560e+00 -1.6676e-01
1075 0 +5.808247986e+03 +6.128437986e+03 +6.128437986e+03 -3.7074e+00 +1.0579e+00 +1.2129e+00 +8.1364e-02 -4.3144e+00 +3.4394e+00 +2.1608e+00 -1.7077e+00 -3.5198e+00 -1.7472e-01
1113 0 +4.132600585e+03 +4.452790585e+03 +4.452790585e+03 +5.7940e-03 +1.0407e+00 -3.2983e-01 +2.8693e+00 -4.6722e+00 +3.6095e+00 +2.5942e+00 -1.6364e+00 -3.5691e+00 -1.7201e-01
1268 0 +3.786440185e+03 +4.106630185e+03 +4.106630185e+03 -3.1771e+00 +6.5923e-01 +3.0025e-01 +2.3851e+00 -1.5746e+00 +3.1499e+00 +2.5550e+00 -1.7232e+00 -3.5994e+00 -1.6793e-01
1345 0 +3.246335929e+03 +3.566525929e+03 +3.566525929e+03 -2.1399e+00 +1.4237e+00 -6.4314e-01 +1.1158e+00 -3.8342e+00 +3.0050e+00 +2.4034e+00 -1.7101e+00 -3.5818e+00 -1.8980e-01
1358 0 +2.528025816e+03 +2.848215816e+03 +2.848215816e+03 -2.2123e+00 +2.7890e-01 -2.8435e-01 -8.1477e-01 -3.8754e+00 +4.3279e+00 +2.7793e+00 -1.8687e+00 -3.5500e+00 -1.7588e-01
1404 0 +1.921376036e+03 +2.241566036e+03 +2.241566036e+03 -3.6418e+00 +2.6563e+00 -3.9218e-01 +6.3074e-01 -2.8706e+00 +3.2161e+00 +2.7993e+00 -1.7528e+00 -3.6235e+00 -1.4558e-01
1452 0 +1.503500366e+03 +1.823690366e+03 +1.823690366e+03 -2.7312e+00 +7.8965e-01 -1.0560e+00 +6.7876e-01 -4.4453e+00 +3.2866e+00 +2.7864e+00 -1.8363e+00 -3.5816e+00 -2.0105e-01
1606 0 +1.006248505e+03 +1.326438505e+03 +1.326438505e+03 -3.8879e+00 +1.3592e+00 +4.2952e-03 -9.5320e-01 -3.1461e+00 +3.5825e+00 +2.8754e+00 -1.7119e+00 -3.6005e+00 -2.0215e-01
1614 0 +9.130406351e+02 +1.233230635e+03 +1.233230635e+03 -2.6110e+00 +2.2228e+00 +2.0086e+00 -1.7518e+00 -2.7475e+00 +3.8706e+00 +2.9153e+00 -1.8043e+00 -3.5972e+00 -1.8454e-01
1828 0 +8.601007622e+02 +1.180290762e+03 +1.180290762e+03 -2.9105e+00 +3.3199e+00 +6.8999e-01 -7.5795e-01 -3.5732e+00 +3.0709e+00 +2.7703e+00 -1.7920e+00 -3.6045e+00 -1.9896e-01
1893 0 +4.605538241e+02 +7.807438241e+02 +7.807438241e+02 -3.2661e+00 +1.3341e+00 +1.0573e+00 -2.2962e-01 -3.3627e+00 +3.6802e+00 +2.8578e+00 -1.7239e+00 -3.6033e+00 -1.7940e-01
1953 0 +3.970767159e+02 +7.172667159e+02 +7.172667159e+02 -3.0787e+00 +1.5678e+00 +9.6578e-01 -5.4946e-01 -3.5478e+00 +3.4832e+00 +2.9174e+00 -1.7453e+00 -3.5959e+00 -1.7757e-01
1974 0 +3.909407244e+02 +7.111307244e+02 +7.111307244e+02 -4.2964e+00 +1.9349e+00 +1.2892e+00 -9.6043e-01 -3.2299e+00 +3.2302e+00 +2.8048e+00 -1.8314e+00 -3.6145e+00 -1.8892e-01
2017 0 +2.708268509e+02 +5.910168509e+02 +5.910168509e+02 -4.4175e+00 +2.1687e+00 +1.5384e+00 -1.4966e+00 -3.7658e+00 +3.3813e+00 +2.7585e+00 -1.8263e+00 -3.6028e+00 -1.7990e-01
2101 0 +2.486788571e+02 +5.688688571e+02 +5.688688571e+02 -4.4293e+00 +2.1264e+00 +9.7575e-01 -1.4549e+00 -3.6750e+00 +3.4795e+00 +2.8485e+00 -1.7714e+00 -3.6015e+00 -1.7557e-01
2131 0 +2.238879415e+02 +5.440779415e+02 +5.440779415e+02 -4.1250e+00 +7.7209e-01 +1.6606e+00 -9.6599e-01 -3.0046e+00 +3.5467e+00 +2.7445e+00 -1.8065e+00 -3.5974e+00 -1.8351e-01
2141 0 +1.378713511e+02 +4.580613511e+02 +4.580613511e+02 -3.2318e+00 +6.6968e-01 +1.1650e+00 -7.7223e-01 -3.7501e+00 +3.5347e+00 +2.7827e+00 -1.8077e+00 -3.6107e+00 -1.8479e-01
2180 0 +1.058346670e+02 +4.260246670e+02 +4.260246670e+02 -4.3348e+00 +1.0197e+00 +1.5859e+00 -5.7557e-01 -3.2958e+00 +3.4530e+00 +2.8084e+00 -1.7911e+00 -3.6068e+00 -1.8436e-01
2242 0 +1.037717718e+02 +4.239617718e+02 +4.239617718e+02 -3.6263e+00 +1.0637e+00 +1.0586e+00 -9.8734e-01 -3.5614e+00 +3.4095e+00 +2.8305e+00 -1.7978e+00 -3.6130e+00 -1.8306e-01
2414 0 +9.634897576e+01 +4.165389758e+02 +4.165389758e+02 -3.2991e+00 -2.2652e-01 +6.0948e-01 -1.0585e+00 -3.5235e+00 +3.5168e+00 +2.7925e+00 -1.8054e+00 -3.6015e+00 -1.8647e-01
2469 0 +6.223347358e+01 +3.824234736e+02 +3.824234736e+02 -3.9975e+00 +2.7368e-02 +1.4916e+00 -1.1017e+00 -3.4943e+00 +3.4209e+00 +2.8344e+00 -1.7962e+00 -3.6037e+00 -1.8030e-01
% f evaluations | g evaluations | best noise-free fitness - Fopt (-1.042400000000e+02) + sum g_i+ | measured fitness | best measured fitness or single-digit g-values | x1 | x2...
1 0 +1.543313693e+07 +1.543303269e+07 +1.543303269e+07 +5.9671e-01 -3.8264e-02 +7.4769e-01 +1.6230e+00 -1.3415e-01 -1.3414e-01 +1.6792e+00 +8.6743e-01 -3.6947e-01 +6.4256e-01
2 0 +6.033538161e+06 +6.033433921e+06 +6.033433921e+06 -3.6342e-01 -3.6573e-01 +3.4196e-01 -1.8133e+00 -1.6249e+00 -4.6229e-01 -9.1283e-01 +4.1425e-01 -8.0802e-01 -1.3123e+00
5 0 +3.597190950e+06 +3.597086710e+06 +3.597086710e+06 +8.3847e-01 +2.7137e-01 -1.5648e-02 -2.0110e-01 -1.3785e+00 -6.1984e-01 -3.6064e-01 +1.1571e+00 +4.4362e-01 -1.6630e+00
43 0 +3.228620472e+06 +3.228516232e+06 +3.228516232e+06 +2.1607e+00 +1.8553e+00 -1.4896e-01 +1.0716e+00 +7.4538e-01 +1.4686e+00 -8.6492e-01 +7.8605e-01 +1.1584e+00 -1.6587e+00
52 0 +2.451113166e+06 +2.451008926e+06 +2.451008926e+06 +1.9891e+00 +2.2643e+00 +5.3864e-01 -5.3015e-01 -1.1232e+00 +7.0479e-01 +1.1024e-01 -6.6924e-02 +4.3933e+00 -4.1039e+00
56 0 +2.268353760e+06 +2.268249520e+06 +2.268249520e+06 -4.4927e-01 +1.7917e+00 -5.1646e-01 +4.2724e-02 -1.2988e+00 +4.5216e-01 -1.0749e+00 +2.3237e+00 +2.2344e-01 -2.2881e+00
63 0 +1.811878048e+06 +1.811773808e+06 +1.811773808e+06 +9.6765e-01 +2.0642e+00 +1.4528e+00 -6.8690e-01 -1.8598e+00 -5.4745e-01 -7.7766e-01 +3.9954e-01 +8.9060e-01 -2.4535e+00
65 0 +1.005651077e+06 +1.005546837e+06 +1.005546837e+06 -7.6386e-02 +1.9551e+00 +6.4997e-02 +1.8850e+00 +7.4716e-02 +1.7439e+00 +6.6999e-01 +3.8910e+00 +1.6713e+00 -2.3613e+00
101 0 +9.276034306e+05 +9.274991906e+05 +9.274991906e+05 -3.4119e-01 +3.1035e+00 -1.1661e+00 -1.0302e+00 +1.5970e-01 -2.8824e-01 -1.0025e+00 +3.2628e+00 +1.4585e+00 -3.4000e+00
102 0 +7.001856710e+05 +7.000814310e+05 +7.000814310e+05 -1.9606e-01 +4.5261e-01 +1.8129e+00 -9.5744e-01 +1.3976e-02 -2.6577e+00 -1.2381e+00 +3.1510e+00 +4.2840e+00 -3.3162e+00
111 0 +5.392035946e+05 +5.390993546e+05 +5.390993546e+05 +3.2130e+00 +3.6509e+00 -1.2373e+00 +1.6383e+00 +7.8889e-01 +1.3877e+00 -6.2620e-01 +4.1945e+00 +1.7984e+00 -2.8912e+00
123 0 +4.651000143e+05 +4.649957743e+05 +4.649957743e+05 +2.5688e+00 +2.2304e+00 +3.7341e+00 -8.0473e-01 -3.9325e+00 +3.6906e-01 -3.2004e-01 +4.3625e+00 +2.4966e+00 -3.4925e+00
130 0 +3.472944151e+05 +3.471901751e+05 +3.471901751e+05 +1.7187e+00 +3.1879e+00 +2.5316e+00 +1.9090e+00 -1.9090e-01 +1.5444e+00 +5.8343e-01 +1.5387e+00 +2.4063e+00 -3.0464e+00
166 0 +2.961044298e+05 +2.960001898e+05 +2.960001898e+05 -2.9617e-01 +3.2142e+00 +1.4991e+00 +2.9427e-02 -1.0044e+00 +3.8094e+00 +5.6453e-01 +3.6504e+00 +3.6386e+00 -3.0932e+00
212 0 +2.473251432e+05 +2.472209032e+05 +2.472209032e+05 +2.8509e+00 +1.0046e+00 -2.7885e+00 -2.8749e+00 -1.7351e+00 -6.9388e-01 -8.0798e-01 +2.7542e+00 +2.5160e+00 -3.1648e+00
249 0 +1.352146864e+05 +1.351104464e+05 +1.351104464e+05 -1.2018e+00 -1.5848e+00 +3.4759e+00 -9.2132e-01 +6.3471e-01 -1.4632e-01 +9.2576e-01 +3.9410e+00 +2.5113e+00 -2.8873e+00
346 0 +6.772552099e+04 +6.762128099e+04 +6.762128099e+04 +3.5019e+00 -2.7144e+00 +1.9618e+00 -2.1445e+00 +9.0230e-01 -1.4778e+00 +1.0312e+00 +3.4055e+00 +3.1957e+00 -2.9023e+00
632 0 +2.336032807e+04 +2.325608807e+04 +2.325608807e+04 -5.9901e-01 +3.8961e+00 +2.6113e+00 +8.1716e-01 +1.5224e+00 -2.7018e+00 +1.8263e+00 +3.7068e+00 +3.1348e+00 -3.0156e+00
845 0 +2.068338378e+04 +2.057914378e+04 +2.057914378e+04 +2.4350e-01 +2.3952e+00 +1.6944e+00 -2.1637e+00 -8.8936e-02 -2.4761e+00 +2.6951e+00 +3.0058e+00 +3.1201e+00 -2.9475e+00
985 0 +1.415020342e+04 +1.404596342e+04 +1.404596342e+04 +1.5498e+00 +1.8974e+00 +5.1087e-01 -2.6463e-01 +2.5289e+00 -2.1855e+00 +2.9790e+00 +3.2187e+00 +2.8965e+00 -3.0452e+00
1059 0 +8.586639618e+03 +8.482399618e+03 +8.482399618e+03 -3.8328e-01 +4.5438e+00 +1.5666e+00 -7.7284e-01 +2.4769e+00 -3.2953e+00 +3.2829e+00 +3.4932e+00 +2.8783e+00 -2.9609e+00
1451 0 +6.512615628e+03 +6.408375628e+03 +6.408375628e+03 +9.1013e-01 -6.9062e-02 +1.9178e+00 -3.8006e-01 +1.0482e+00 -3.5636e+00 +2.2723e+00 +3.3709e+00 +3.0410e+00 -2.9509e+00
1561 0 +4.699575079e+03 +4.595335079e+03 +4.595335079e+03 -4.7980e-01 +3.5332e+00 +1.8762e+00 -1.9538e+00 +1.9376e+00 -3.4927e+00 +2.4041e+00 +3.5061e+00 +2.9528e+00 -3.0086e+00
1604 0 +4.355271812e+03 +4.251031812e+03 +4.251031812e+03 -3.4973e-01 +2.8701e+00 +1.6398e+00 -1.5392e+00 +5.4842e-01 -3.8366e+00 +2.9366e+00 +3.5945e+00 +2.8682e+00 -2.9708e+00
1618 0 +3.606774252e+03 +3.502534252e+03 +3.502534252e+03 -8.5042e-01 +2.4324e+00 +3.8966e-01 +5.6357e-02 -8.0193e-01 -3.6930e+00 +2.9030e+00 +3.2036e+00 +2.9543e+00 -3.0174e+00
1629 0 +3.066752303e+03 +2.962512303e+03 +2.962512303e+03 +1.5803e+00 +3.8708e+00 +3.5658e-01 +3.7648e-01 -4.7063e-01 -4.1541e+00 +3.0819e+00 +3.4925e+00 +2.8858e+00 -3.0028e+00
1853 0 +3.042920379e+03 +2.938680379e+03 +2.938680379e+03 +2.8532e-01 +2.1771e+00 -7.9712e-01 +1.2781e+00 +5.0254e-01 -4.6241e+00 +3.0219e+00 +3.4297e+00 +2.9680e+00 -3.0069e+00
1901 0 +2.461753853e+03 +2.357513853e+03 +2.357513853e+03 +7.1943e-01 +1.0652e+00 -3.2570e-03 +2.7040e-01 +5.1652e-01 -4.1589e+00 +3.0458e+00 +3.2913e+00 +2.9714e+00 -2.9920e+00
1914 0 +2.417389228e+03 +2.313149228e+03 +2.313149228e+03 +1.3216e+00 +4.2836e+00 -8.7615e-01 -8.1298e-01 -3.5031e-01 -3.8225e+00 +2.5021e+00 +3.5680e+00 +2.9542e+00 -2.9820e+00
1916 0 +2.352653515e+03 +2.248413515e+03 +2.248413515e+03 -4.9108e-01 +1.5337e+00 +7.3853e-01 -9.5473e-01 +3.7308e-01 -3.1100e+00 +2.8883e+00 +3.4175e+00 +3.0206e+00 -3.0136e+00
1990 0 +4.380876406e+02 +3.338476406e+02 +3.338476406e+02 +1.8850e+00 +1.0926e+00 +7.7278e-01 -1.0892e+00 +1.5029e-01 -3.7035e+00 +2.7528e+00 +3.4705e+00 +2.9714e+00 -3.0067e+00
2312 0 +4.228508570e+02 +3.186108570e+02 +3.186108570e+02 +2.0864e+00 +2.3562e+00 -1.9473e-01 -8.6817e-01 +1.1438e-01 -3.6487e+00 +2.8724e+00 +3.4532e+00 +2.9504e+00 -2.9891e+00
2401 0 +4.142228048e+02 +3.099828048e+02 +3.099828048e+02 +2.4626e+00 +1.8286e+00 -6.3080e-03 -5.9113e-01 +1.5561e-02 -3.8594e+00 +2.7491e+00 +3.4714e+00 +2.9575e+00 -3.0009e+00
2409 0 +4.139456830e+02 +3.097056830e+02 +3.097056830e+02 +3.0063e+00 +2.5879e+00 +2.2645e-01 -7.7781e-01 -3.9146e-02 -3.6675e+00 +2.7158e+00 +3.4536e+00 +2.9541e+00 -2.9879e+00
2418 0 +3.959214633e+02 +2.916814633e+02 +2.916814633e+02 +2.6287e+00 +2.7555e+00 +8.5812e-03 -6.9836e-01 +7.9603e-03 -3.8751e+00 +2.8045e+00 +3.4269e+00 +2.9607e+00 -3.0001e+00
2445 0 +2.737549020e+02 +1.695149020e+02 +1.695149020e+02 +1.7269e+00 +1.8482e+00 +6.3432e-01 -9.1367e-01 -4.7024e-02 -3.7205e+00 +2.8251e+00 +3.4535e+00 +2.9648e+00 -3.0026e+00
2473 0 +2.333887870e+02 +1.291487870e+02 +1.291487870e+02 +3.1569e+00 +8.5817e-01 +1.0599e+00 -1.1787e+00 -4.7822e-02 -3.7071e+00 +2.7450e+00 +3.4501e+00 +2.9711e+00 -2.9886e+00
% f evaluations | g evaluations | best noise-free fitness - Fopt (-6.785000000000e+01) + sum g_i+ | measured fitness | best measured fitness or single-digit g-values | x1 | x2...
1 0 +7.213850516e+06 +7.213782666e+06 +7.213782666e+06 +5.9671e-01 -3.8264e-02 +7.4769e-01 +1.6230e+00 -1.3415e-01 -1.3414e-01 +1.6792e+00 +8.6743e-01 -3.6947e-01 +6.4256e-01
6 0 +6.467247029e+06 +6.467179179e+06 +6.467179179e+06 +4.2408e-01 -2.8508e-01 -5.7692e-01 +7.1168e-01 +1.1310e+00 +1.0313e+00 -7.3922e-01 -2.0921e-01 +4.3126e-01 +1.0755e+00
16 0 +6.259530542e+06 +6.259462692e+06 +6.259462692e+06 +3.5049e-01 +4.4645e-01 -5.8002e-01 +3.3225e-01 +3.9307e-01 -6.1435e-01 +1.9658e+00 +5.7383e-01 -1.0913e+00 +7.5655e-01
18 0 +1.407169100e+06 +1.407101250e+06 +1.407101250e+06 -7.8951e-01 -7.1581e-01 +2.2898e-02 +4.4115e-01 +3.7669e-01 +9.2718e-01 +1.1300e-01 +1.5535e+00 -1.6466e-01 +2.8202e+00
51 0 +1.242064036e+06 +1.241996186e+06 +1.241996186e+06 -1.3829e+00 +2.6028e+00 -4.1701e-01 +2.6615e+00 +7.6251e-01 +6.9284e-01 -1.1219e+00 +7.6479e-01 -9.0009e-01 +4.0892e+00
52 0 +1.047475789e+06 +1.047407939e+06 +1.047407939e+06 -4.9988e-04 +7.8495e-01 -6.8796e-01 -4.2570e-01 +4.2823e-01 -4.6069e-01 -7.1439e-01 +9.7031e-01 -9.3151e-01 +3.9574e+00
53 0 +6.299533159e+05 +6.298854659e+05 +6.298854659e+05 -6.8221e-01 +2.2533e+00 +1.1556e+00 +1.2486e+00 +1.0395e+00 -1.0423e+00 +7.4591e-01 +3.3119e-01 -1.3695e+00 +3.6163e+00
56 0 +7.841729021e+04 +7.834944021e+04 +7.834944021e+04 -7.7701e-01 -1.9487e+00 +1.3512e+00 +3.3568e+00 -6.1071e-01 +9.9062e-02 +6.3772e-01 +1.3205e+00 -2.2645e+00 +3.0739e+00
302 0 +7.521086694e+04 +7.514301694e+04 +7.514301694e+04 -1.3232e+00 +7.9308e-01 -2.1253e+00 +1.5765e+00 -2.9004e+00 -1.0741e+00 -1.6597e-01 +1.2518e+00 -2.6682e+00 +3.2616e+00
626 0 +2.995893608e+04 +2.989108608e+04 +2.989108608e+04 +3.8324e-01 +3.0943e-01 -1.1663e+00 -2.2022e+00 -5.1878e-01 -4.3337e-01 -8.7134e-01 +2.7043e+00 -2.3525e+00 +3.1704e+00
664 0 +2.905110924e+04 +2.898325924e+04 +2.898325924e+04 -1.8512e+00 -1.4700e+00 -2.7260e+00 -2.5652e+00 -2.5159e+00 +1.1385e+00 -7.5478e-01 +1.6272e+00 -2.3127e+00 +3.0994e+00
879 0 +1.313203484e+04 +1.306418484e+04 +1.306418484e+04 -1.6442e+00 -3.3091e-01 +3.2556e-01 -1.5679e+00 -3.2587e+00 +1.1973e+00 -2.4274e-01 +2.1907e+00 -2.3031e+00 +3.1501e+00
1101 0 +1.074588971e+04 +1.067803971e+04 +1.067803971e+04 -4.5396e+00 +5.9733e-01 -3.9176e+00 -1.2684e+00 -1.8062e+00 +1.6822e+00 -4.3193e-01 +2.3780e+00 -2.4303e+00 +3.2729e+00
1220 0 +9.992543378e+03 +9.924693378e+03 +9.924693378e+03 +8.5732e-01 -3.6264e-01 -4.6228e+00 -1.2607e-01 -1.9657e+00 +1.4283e+00 -3.4806e-01 +2.1853e+00 -2.2597e+00 +3.1778e+00
1332 0 +8.843330397e+03 +8.775480397e+03 +8.775480397e+03 -3.5172e+00 +1.8522e+00 -3.5667e+00 +4.9890e-01 -9.0830e-01 +6.7093e-01 -1.3355e+00 +1.9943e+00 -2.4520e+00 +3.1946e+00
1412 0 +7.417024632e+03 +7.349174632e+03 +7.349174632e+03 -2.0320e+00 -7.5855e-01 -5.4110e-01 -1.5372e+00 -1.7499e+00 +2.3529e+00 -1.0923e+00 +1.9492e+00 -2.3555e+00 +3.1913e+00
1428 0 +6.409972407e+03 +6.342122407e+03 +6.342122407e+03 -3.2112e-01 -1.2113e+00 -2.6550e+00 -1.7894e+00 -1.5533e+00 +2.7780e+00 -5.8649e-01 +2.2476e+00 -2.4947e+00 +3.1802e+00
1659 0 +3.878380846e+03 +3.810530846e+03 +3.810530846e+03 -8.9710e-01 -2.2571e+00 -2.3185e+00 +8.6915e-02 -1.2936e+00 +2.0745e+00 -7.6936e-01 +2.0070e+00 -2.4106e+00 +3.2326e+00
1779 0 +3.577153891e+03 +3.509303891e+03 +3.509303891e+03 +1.6916e+00 -2.0761e+00 -3.8529e+00 -2.3112e-01 -1.4137e+00 +1.2603e+00 -9.0489e-01 +2.1884e+00 -2.4891e+00 +3.1794e+00
1841 0 +2.699485779e+03 +2.631635779e+03 +2.631635779e+03 -1.6578e-01 -1.4209e+00 -2.4137e+00 +8.9553e-01 -1.1499e+00 +1.6901e+00 -8.7288e-01 +2.3349e+00 -2.4494e+00 +3.2154e+00
1854 0 +2.378553868e+03 +2.310703868e+03 +2.310703868e+03 +8.4243e-01 -6.8422e-01 -2.7015e+00 +6.5226e-01 -7.0234e-01 +2.0462e+00 -7.8522e-01 +2.3122e+00 -2.4000e+00 +3.1950e+00
1856 0 +1.854655988e+03 +1.786805988e+03 +1.786805988e+03 -1.3053e+00 -2.1167e+00 -2.4287e+00 +6.3019e-01 -4.7613e-01 +1.8693e+00 -9.9286e-01 +2.1479e+00 -2.4219e+00 +3.1937e+00
1863 0 +1.743462949e+03 +1.675612949e+03 +1.675612949e+03 -2.7254e+00 -1.4086e+00 -2.6935e+00 +2.7746e-01 -1.0303e+00 +2.2486e+00 -8.1400e-01 +2.1743e+00 -2.4255e+00 +3.1865e+00
1955 0 +1.548667510e+03 +1.480817510e+03 +1.480817510e+03 -9.4949e-01 -2.9614e+00 -2.6876e+00 +8.9789e-01 -4.7557e-01 +1.7663e+00 -7.2475e-01 +2.2233e+00 -2.4509e+00 +3.1975e+00
2013 0 +1.196775572e+03 +1.128925572e+03 +1.128925572e+03 -1.8451e-01 -3.2408e+00 -2.5385e+00 +9.6045e-01 -1.1443e+00 +1.7220e+00 -6.3608e-01 +2.1554e+00 -2.4064e+00 +3.1983e+00
2080 0 +1.142063660e+03 +1.074213660e+03 +1.074213660e+03 -1.3545e+00 -2.0039e+00 -2.6735e+00 +1.9411e+00 -8.4590e-01 +1.8033e+00 -8.1421e-01 +2.1026e+00 -2.4376e+00 +3.2109e+00
2190 0 +1.014006004e+03 +9.461560036e+02 +9.461560036e+02 -6.8894e-01 -3.2255e+00 -2.4574e+00 +2.4660e+00 -1.2474e+00 +1.6808e+00 -6.9412e-01 +2.1664e+00 -2.4400e+00 +3.1766e+00
2193 0 +9.521516963e+02 +8.843016963e+02 +8.843016963e+02 +1.1209e+00 -2.4165e+00 -2.9375e+00 +3.0205e+00 -1.4000e+00 +1.8051e+00 -7.3756e-01 +2.1138e+00 -2.3979e+00 +3.1862e+00
2268 0 +7.018909315e+02 +6.340409315e+02 +6.340409315e+02 -7.9898e-01 -4.5200e+00 -1.9371e+00 +2.1977e+00 -1.4020e+00 +1.6050e+00 -7.4901e-01 +2.1312e+00 -2.4271e+00 +3.1924e+00
2406 0 +6.224079729e+02 +5.545579729e+02 +5.545579729e+02 -1.5373e-01 -3.7138e+00 -1.3585e+00 +2.4424e+00 -1.6577e+00 +1.8529e+00 -6.8401e-01 +2.1844e+00 -2.4146e+00 +3.2075e+00
2480 0 +5.667460583e+02 +4.988960583e+02 +4.988960583e+02 +2.6044e+00 -2.8987e+00 -1.0882e+00 +2.8425e+00 -1.5288e+00 +1.9737e+00 -8.8248e-01 +2.1402e+00 -2.4177e+00 +3.1970e+00
2491 0 +4.765378560e+02 +4.086878560e+02 +4.086878560e+02 +1.5748e+00 -3.8037e+00 -1.0725e+00 +2.8262e+00 -1.1722e+00 +1.9558e+00 -7.0413e-01 +2.1681e+00 -2.4434e+00 +3.1961e+00
% f evaluations | g evaluations | best noise-free fitness - Fopt (-3.639800000000e+02) + sum g_i+ | measured fitness | best measured fitness or single-digit g-values | x1 | x2...
1 0 +1.720801611e+06 +1.720437631e+06 +1.720437631e+06 +5.9671e-01 -3.8264e-02 +7.4769e-01 +1.6230e+00 -1.3415e-01 -1.3414e-01 +1.6792e+00 +8.6743e-01 -3.6947e-01 +6.4256e-01
6 0 +9.191511204e+05 +9.187871404e+05 +9.187871404e+05 +4.2408e-01 -2.8508e-01 -5.7692e-01 +7.1168e-01 +1.1310e+00 +1.0313e+00 -7.3922e-01 -2.0921e-01 +4.3126e-01 +1.0755e+00
24 0 +7.957884518e+05 +7.954244718e+05 +7.954244718e+05 -6.3037e-01 +3.1646e-01 +1.4557e-01 -5.5160e-01 +2.2439e+00 +7.3392e-01 -1.9251e+00 +2.8645e-01 -5.6179e-01 +9.5243e-01
51 0 +5.769381428e+05 +5.765741628e+05 +5.765741628e+05 +2.6454e-01 +3.3121e-01 +3.7161e-03 -1.1481e-01 +1.8697e+00 -3.2534e-01 -1.8463e+00 +1.3894e+00 -5.2524e-01 +2.1448e+00
52 0 +2.026948203e+05 +2.023308403e+05 +2.023308403e+05 +2.0611e-01 +1.9072e-01 +3.7531e-01 +1.3888e+00 +1.9430e+00 +2.7183e-01 -8.7751e-01 +1.8994e-01 -1.5040e+00 +1.6010e+00
70 0 +1.397890336e+05 +1.394250536e+05 +1.394250536e+05 -1.0432e+00 +1.1153e+00 -9.7278e-01 +1.9908e+00 +1.5115e-01 -5.0729e-02 -3.1634e-01 -6.0532e-01 -3.3352e-01 +1.7634e+00
140 0 +1.201321646e+05 +1.197681846e+05 +1.197681846e+05 -4.4599e-01 -4.1536e-01 -1.5300e+00 -1.0357e-01 +2.6571e+00 -1.6049e-01 -9.7723e-01 -2.9646e-01 -8.4420e-01 +1.9940e+00
202 0 +6.165534606e+04 +6.129136606e+04 +6.129136606e+04 -3.3790e-01 +3.3411e-01 -1.8634e+00 +1.3569e-01 +1.2593e+00 +6.0987e-01 -1.3444e+00 -7.2421e-01 -1.0830e+00 +1.8074e+00
249 0 +5.653518851e+04 +5.617120851e+04 +5.617120851e+04 +1.7174e+00 +1.3653e+00 -1.1933e+00 +1.6090e+00 +1.4851e+00 +4.4995e-01 -6.2736e-01 -6.0526e-01 -8.0935e-01 +1.8279e+00
360 0 +3.013995090e+04 +2.977597090e+04 +2.977597090e+04 -9.1214e-01 -8.1325e-01 +3.2551e-01 +1.8295e+00 +1.4431e-01 +4.1054e-01 -2.4866e-01 -1.3166e+00 -9.4655e-01 +1.7242e+00
492 0 +1.470400872e+04 +1.434002872e+04 +1.434002872e+04 -1.2490e+00 +8.0535e-01 -1.3745e-01 +1.7039e+00 +5.0955e-01 -1.2286e+00 +3.4316e-01 -1.4292e+00 -1.0034e+00 +1.8323e+00
647 0 +8.242048083e+03 +7.878068083e+03 +7.878068083e+03 -1.9004e+00 -1.4702e+00 -2.4336e+00 +1.5810e+00 +2.1399e+00 -1.5186e+00 +2.4884e-01 -7.8147e-01 -1.0444e+00 +1.7859e+00
739 0 +4.133933200e+03 +3.769953200e+03 +3.769953200e+03 -3.8882e-01 +9.2587e-01 -9.6743e-01 +3.4118e+00 +2.6335e+00 -2.0452e+00 -1.9026e-01 -1.1490e+00 -1.0139e+00 +1.7910e+00
1033 0 +2.574244875e+03 +2.210264875e+03 +2.210264875e+03 +2.1841e+00 +1.7681e+00 +5.2919e-01 +1.4480e+00 +3.0873e+00 -2.6588e+00 +2.0766e-01 -1.1359e+00 -1.0282e+00 +1.8068e+00
1220 0 +1.906272120e+03 +1.542292120e+03 +1.542292120e+03 +1.4100e+00 +1.4255e+00 +2.4318e+00 +2.1385e+00 +1.9063e+00 -2.1538e+00 +1.7265e-01 -1.0948e+00 -1.1149e+00 +1.7843e+00
1262 0 +1.900403422e+03 +1.536423422e+03 +1.536423422e+03 +1.8049e-01 +1.6027e+00 +7.2109e-01 +2.5297e+00 +1.4118e+00 -2.5394e+00 +2.1229e-01 -1.1104e+00 -9.7350e-01 +1.7777e+00
1305 0 +1.692785417e+03 +1.328805417e+03 +1.328805417e+03 +7.3738e-01 +1.4040e+00 +3.8519e-01 +2.4984e+00 +1.2709e+00 -2.2138e+00 +4.8975e-01 -1.0919e+00 -1.1004e+00 +1.7596e+00
1358 0 +1.503412017e+03 +1.139432017e+03 +1.139432017e+03 +7.4107e-03 +7.2422e-01 -4.4091e-01 +2.2205e+00 +1.5365e+00 -2.6077e+00 +4.9019e-01 -1.0855e+00 -1.0847e+00 +1.7575e+00
1438 0 +1.475406134e+03 +1.111426134e+03 +1.111426134e+03 -1.2134e-01 +1.8255e+00 -2.5860e-01 +2.1816e+00 +1.8849e+00 -2.5300e+00 +5.1239e-01 -1.2238e+00 -1.0382e+00 +1.7614e+00
1452 0 +1.320334439e+03 +9.563544390e+02 +9.563544390e+02 +5.5269e-01 +1.5471e+00 -1.1611e-01 +2.1092e+00 +1.6194e+00 -2.2887e+00 +4.0465e-01 -1.2119e+00 -1.0619e+00 +1.7840e+00
1496 0 +1.173554862e+03 +8.095748617e+02 +8.095748617e+02 -1.4620e+00 +5.2123e-01 -8.2254e-01 +2.6599e+00 +1.3690e+00 -2.5262e+00 +3.6193e-01 -1.0558e+00 -1.0753e+00 +1.7811e+00
1676 0 +1.158768265e+03 +7.947882647e+02 +7.947882647e+02 -9.0318e-01 -1.1262e-01 -1.1323e+00 +2.9360e+00 +1.4823e+00 -2.3514e+00 +4.3333e-01 -1.0381e+00 -1.0461e+00 +1.7871e+00
1679 0 +1.076072519e+03 +7.120925192e+02 +7.120925192e+02 -7.4070e-01 +8.0263e-01 -6.6603e-01 +2.7342e+00 +1.1485e+00 -2.5007e+00 +2.6506e-01 -1.0719e+00 -1.0487e+00 +1.7743e+00
1709 0 +8.454861687e+02 +4.815061687e+02 +4.815061687e+02 -1.1127e+00 +1.3256e+00 -8.6511e-01 +2.8050e+00 +1.6909e+00 -2.6296e+00 +2.2668e-01 -1.1030e+00 -1.0458e+00 +1.7761e+00
1766 0 +6.461847540e+02 +2.822047540e+02 +2.822047540e+02 -6.6346e-01 +1.2267e+00 -5.7809e-01 +3.6306e+00 +2.0113e+00 -2.6617e+00 +3.8237e-01 -1.1153e+00 -1.0135e+00 +1.7757e+00
1953 0 +5.181285575e+02 +1.541485575e+02 +1.541485575e+02 +7.6704e-01 +1.0695e+00 +9.5732e-01 +3.3094e+00 +2.6609e+00 -2.5574e+00 +3.6484e-01 -1.0919e+00 -1.0678e+00 +1.7826e+00
2056 0 +2.664453109e+02 -9.753468906e+01 -9.753468906e+01 +3.2467e-01 +8.7292e-01 +2.0025e-01 +3.7384e+00 +2.2955e+00 -2.4545e+00 +3.3308e-01 -1.1567e+00 -1.0467e+00 +1.7700e+00
2124 0 +2.576122349e+02 -1.063677651e+02 -1.063677651e+02 +7.6039e-01 +1.0091e+00 +1.1933e+00 +4.2128e+00 +2.2733e+00 -2.3581e+00 +4.2623e-01 -1.1498e+00 -1.0568e+00 +1.7778e+00
2194 0 +2.386146738e+02 -1.253653262e+02 -1.253653262e+02 +8.4121e-01 +1.8316e+00 +1.7619e+00 +4.5483e+00 +2.2343e+00 -2.2319e+00 +2.7473e-01 -1.1132e+00 -1.0401e+00 +1.7671e+00
2289 0 +1.175334275e+02 -2.464465725e+02 -2.464465725e+02 +4.5173e-01 +5.6344e-01 +1.8168e+00 +3.7519e+00 +2.1894e+00 -2.4816e+00 +3.9718e-01 -1.0985e+00 -1.0421e+00 +1.7767e+00
2422 0 +1.125293972e+02 -2.514506028e+02 -2.514506028e+02 +1.5692e-01 +1.3594e+00 +2.3392e+00 +4.1312e+00 +2.2962e+00 -2.3114e+00 +4.1746e-01 -1.0994e+00 -1.0550e+00 +1.7715e+00
2462 0 +7.946155713e+01 -2.845184429e+02 -2.845184429e+02 -6.2261e-01 +1.7583e+00 +1.9872e+00 +4.2223e+00 +2.0972e+00 -2.2989e+00 +3.4752e-01 -1.0971e+00 -1.0499e+00 +1.7719e+00
% f evaluations | g evaluations | best noise-free fitness - Fopt (-1.865000000000e+01) + sum g_i+ | measured fitness | best measured fitness or single-digit g-values | x1 | x2...
1 0 +6.012291346e+06 +6.012272696e+06 +6.012272696e+06 +5.9671e-01 -3.8264e-02 +7.4769e-01 +1.6230e+00 -1.3415e-01 -1.3414e-01 +1.6792e+00 +8.6743e-01 -3.6947e-01 +6.4256e-01
6 0 +3.836077404e+06 +3.836058754e+06 +3.836058754e+06 +4.2408e-01 -2.8508e-01 -5.7692e-01 +7.1168e-01 +1.1310e+00 +1.0313e+00 -7.3922e-01 -2.0921e-01 +4.3126e-01 +1.0755e+00
12 0 +3.455203448e+06 +3.455184798e+06 +3.455184798e+06 -1.8188e+00 +7.3486e-02 +1.6023e-01 +2.5632e+00 -9.2361e-02 +4.0155e-01 +6.5288e-02 -1.0687e+00 +1.2428e+00 +8.5193e-01
48 0 +8.723880343e+05 +8.723693843e+05 +8.723693843e+05 -1.7505e-01 -2.2019e+00 -1.4152e+00 +1.4669e+00 +1.7450e+00 -1.4904e-01 +6.7656e-01 +4.1125e-01 +3.1789e+00 +1.2196e+00
63 0 +8.573461404e+05 +8.573274904e+05 +8.573274904e+05 -1.8516e+00 -2.1586e+00 +9.7918e-02 +1.6361e+00 +3.1672e-02 +5.0301e-01 -2.8501e-01 +1.9992e+00 +4.1315e+00 +1.0340e+00
66 0 +7.786196769e+05 +7.786010269e+05 +7.786010269e+05 +1.5587e+00 -7.2867e-01 -2.0830e+00 -9.7481e-02 -5.4908e-01 -4.4035e-01 -5.3373e-01 -3.2090e-01 +3.3679e+00 +1.7738e+00
81 0 +6.168895126e+05 +6.168708626e+05 +6.168708626e+05 +1.8392e+00 +5.5343e-02 -2.2269e+00 +5.0926e-01 +2.5586e-02 +1.8344e+00 -1.1694e+00 +1.3774e+00 +3.3666e+00 +2.3163e+00
102 0 +3.754570827e+05 +3.754384327e+05 +3.754384327e+05 +3.9599e+00 -6.8627e-01 -6.1213e-02 +1.1186e+00 -1.6204e+00 -4.5121e-01 -1.1135e+00 +1.9519e+00 +3.2656e+00 +1.8420e+00
109 0 +2.921709886e+05 +2.921523386e+05 +2.921523386e+05 +1.0707e+00 -1.0961e+00 +9.7167e-01 +7.1823e-01 +5.4561e-01 +7.6901e-01 +1.5507e+00 +4.1746e+00 +4.7876e+00 +1.6975e+00
147 0 +1.505539746e+05 +1.505353246e+05 +1.505353246e+05 +3.8335e-01 +3.0080e+00 -1.1297e+00 +3.5329e+00 -1.0238e+00 +9.5123e-01 +3.6179e+00 +2.9306e+00 +4.6593e+00 +1.6887e+00
304 0 +1.490649852e+05 +1.490463352e+05 +1.490463352e+05 +1.8459e+00 +8.2041e-02 +2.3371e+00 -3.8731e-01 +1.3640e-01 -1.3869e-01 +3.0683e+00 +2.1952e+00 +4.6178e+00 +1.8538e+00
308 0 +7.571168692e+04 +7.569303692e+04 +7.569303692e+04 -6.7045e-01 -9.9537e-01 +4.7239e+00 +1.4840e+00 -4.6588e-01 +1.7629e-01 +3.1732e+00 +2.3852e+00 +3.5333e+00 +1.9951e+00
471 0 +6.817961141e+04 +6.816096141e+04 +6.816096141e+04 -1.1800e+00 +2.3428e+00 +1.7344e+00 -3.1162e-01 -1.7376e+00 -1.1645e+00 +4.4479e+00 +2.7699e+00 +4.2920e+00 +1.7456e+00
478 0 +3.615978745e+04 +3.614113745e+04 +3.614113745e+04 -1.1055e-01 +1.2935e+00 +1.6479e+00 -7.3521e-01 -1.1609e+00 -3.9218e-01 +3.4394e+00 +3.7671e+00 +4.0539e+00 +1.8510e+00
611 0 +2.389576010e+04 +2.387711010e+04 +2.387711010e+04 +2.9614e+00 +3.3179e+00 +9.0437e-01 -1.6476e+00 +1.1899e+00 -8.4191e-01 +3.8494e+00 +2.7730e+00 +4.0306e+00 +1.8804e+00
814 0 +1.459476182e+04 +1.457611182e+04 +1.457611182e+04 +7.9542e-01 +2.4626e+00 +2.0524e+00 -2.9366e-01 -2.3947e+00 +1.2526e+00 +4.3993e+00 +3.1395e+00 +3.7434e+00 +1.9107e+00
855 0 +9.086380646e+03 +9.067730646e+03 +9.067730646e+03 -1.9586e+00 +1.7320e+00 -1.0356e-01 +3.4695e+00 +8.3127e-01 +7.4357e-01 +3.7953e+00 +2.9888e+00 +3.9396e+00 +1.9030e+00
1117 0 +8.921724281e+03 +8.903074281e+03 +8.903074281e+03 -3.6350e-01 -1.2829e+00 +5.3908e-01 +1.4781e+00 -3.8332e-01 +1.5654e+00 +3.4457e+00 +3.0892e+00 +4.0618e+00 +1.8723e+00
1201 0 +6.873473277e+03 +6.854823277e+03 +6.854823277e+03 -1.6415e+00 +1.4103e+00 +2.4121e+00 +2.7199e-01 -1.6134e+00 +9.0453e-01 +3.6001e+00 +3.0455e+00 +3.9139e+00 +1.9549e+00
1256 0 +6.123405725e+03 +6.104755725e+03 +6.104755725e+03 -2.2751e+00 +1.4061e+00 +1.0883e+00 +9.1794e-01 -2.5358e+00 +2.4015e-01 +3.8121e+00 +3.1733e+00 +3.9538e+00 +1.8213e+00
1446 0 +5.355177477e+03 +5.336527477e+03 +5.336527477e+03 +1.6978e+00 -1.3997e+00 +2.2211e+00 +2.8007e-01 -1.8992e+00 +6.1832e-01 +3.9955e+00 +3.1548e+00 +3.9115e+00 +1.9242e+00
1470 0 +4.626155900e+03 +4.607505900e+03 +4.607505900e+03 +2.0704e+00 +7.8040e-01 +4.7993e-01 +1.3598e+00 -1.4321e+00 +1.7941e+00 +3.5204e+00 +3.1843e+00 +3.9378e+00 +1.9084e+00
1482 0 +4.344578153e+03 +4.325928153e+03 +4.325928153e+03 -5.0125e-01 +5.5015e-01 +1.2535e-01 +1.0666e+00 -2.0270e+00 +1.9674e+00 +3.4254e+00 +3.1611e+00 +3.9346e+00 +1.9042e+00
1525 0 +3.874609952e+03 +3.855959952e+03 +3.855959952e+03 +7.5437e-01 -1.5191e-02 +3.2424e+00 -1.6292e+00 -2.0996e+00 +4.8928e-01 +4.0021e+00 +3.1814e+00 +3.9012e+00 +1.8859e+00
1533 0 +3.251491675e+03 +3.232841675e+03 +3.232841675e+03 +4.3556e+00 -5.6485e-01 -1.2562e-01 +1.4790e+00 -2.5866e+00 +7.4877e-01 +3.7209e+00 +3.1853e+00 +4.0092e+00 +1.8696e+00
1626 0 +3.015777649e+03 +2.997127649e+03 +2.997127649e+03 +1.6548e+00 -2.8693e+00 +2.2264e+00 +2.0280e+00 -1.9788e+00 +1.6756e+00 +3.6456e+00 +3.1724e+00 +3.9584e+00 +1.8687e+00
1722 0 +1.721903208e+03 +1.703253208e+03 +1.703253208e+03 +1.9474e+00 +2.6205e-01 +3.7754e-01 +1.7036e+00 -3.0293e+00 +5.1350e-01 +3.9691e+00 +3.0186e+00 +3.9125e+00 +1.8785e+00
2099 0 +1.582767143e+03 +1.564117143e+03 +1.564117143e+03 +3.1569e+00 -6.2502e-01 -1.7809e-01 +3.2073e+00 -3.4197e+00 +1.4820e+00 +3.8409e+00 +3.0475e+00 +3.9404e+00 +1.8699e+00
2124 0 +1.341886615e+03 +1.323236615e+03 +1.323236615e+03 +2.4771e+00 -1.1641e+00 +1.1257e+00 +3.1109e+00 -3.1021e+00 +1.3163e+00 +3.6929e+00 +3.0884e+00 +3.9073e+00 +1.8798e+00
2133 0 +1.037903559e+03 +1.019253559e+03 +1.019253559e+03 +1.1566e+00 +8.4931e-01 +2.7674e+00 +1.3665e+00 -2.6821e+00 +1.0952e+00 +3.8453e+00 +3.0076e+00 +3.9116e+00 +1.8812e+00
2230 0 +9.397714500e+02 +9.211214500e+02 +9.211214500e+02 +2.6957e+00 -2.4991e-01 +1.5395e+00 +2.3454e+00 -2.9338e+00 +9.8846e-01 +3.7362e+00 +3.0535e+00 +3.9103e+00 +1.8708e+00
2284 0 +7.696060688e+02 +7.509560688e+02 +7.509560688e+02 +1.0917e+00 -7.6087e-01 +1.7115e+00 +2.0045e+00 -2.6353e+00 +1.1904e+00 +3.7702e+00 +3.0513e+00 +3.9077e+00 +1.8769e+00
2294 0 +7.645963249e+02 +7.459463249e+02 +7.459463249e+02 +1.1537e+00 +1.8459e-01 -4.3787e-01 +2.2227e+00 -2.6503e+00 +1.4155e+00 +3.7567e+00 +3.0662e+00 +3.9346e+00 +1.8800e+00
2299 0 +7.351974921e+02 +7.165474921e+02 +7.165474921e+02 +5.4849e-01 +7.1580e-01 +1.0726e+00 +1.4476e+00 -3.6538e+00 +1.1818e+00 +3.6936e+00 +3.0652e+00 +3.9279e+00 +1.8852e+00
2300 0 +6.654791830e+02 +6.468291830e+02 +6.468291830e+02 +6.2995e-01 +5.5996e-01 +8.0784e-01 +1.6672e+00 -3.4122e+00 +1.1851e+00 +3.7443e+00 +3.0419e+00 +3.9264e+00 +1.8677e+00
2323 0 +5.415908375e+02 +5.229408375e+02 +5.229408375e+02 +1.6551e+00 -1.2975e-01 +6.4309e-01 +1.4546e+00 -3.3203e+00 +1.0252e+00 +3.7670e+00 +3.0433e+00 +3.9062e+00 +1.8780e+00
2325 0 +5.263772548e+02 +5.077272548e+02 +5.077272548e+02 +1.1828e+00 +7.7561e-01 +5.3097e-01 +1.2996e+00 -2.8136e+00 +1.3797e+00 +3.7095e+00 +3.0324e+00 +3.9294e+00 +1.8835e+00
2349 0 +3.414881223e+02 +3.228381223e+02 +3.228381223e+02 +7.6933e-01 +6.3838e-02 +2.1117e-01 +8.2977e-01 -2.6075e+00 +1.2222e+00 +3.7274e+00 +3.0384e+00 +3.9113e+00 +1.8794e+00
% f evaluations | g evaluations | best noise-free fitness - Fopt (1.749200000000e+02) + sum g_i+ | measured fitness | best measured fitness or single-digit g-values | x1 | x2...
1 0 +1.002025338e+07 +1.002042830e+07 +1.002042830e+07 +5.9671e-01 -3.8264e-02 +7.4769e-01 +1.6230e+00 -1.3415e-01 -1.3414e-01 +1.6792e+00 +8.6743e-01 -3.6947e-01 +6.4256e-01
2 0 +2.072536390e+06 +2.072711310e+06 +2.072711310e+06 -3.6342e-01 -3.6573e-01 +3.4196e-01 -1.8133e+00 -1.6249e+00 -4.6229e-01 -9.1283e-01 +4.1425e-01 -8.0802e-01 -1.3123e+00
5 0 +1.335756668e+06 +1.335931588e+06 +1.335931588e+06 +8.3847e-01 +2.7137e-01 -1.5648e-02 -2.0110e-01 -1.3785e+00 -6.1984e-01 -3.6064e-01 +1.1571e+00 +4.4362e-01 -1.6630e+00
8 0 +1.105666330e+06 +1.105841250e+06 +1.105841250e+06 +4.6140e-01 +1.6380e+00 +6.4174e-02 +1.6646e+00 -2.5197e+00 +9.2190e-01 +1.8705e-01 -1.9901e-01 +1.9176e-01 -1.8876e+00
52 0 +6.622076219e+05 +6.623825419e+05 +6.623825419e+05 +1.3310e+00 +1.6191e+00 +3.9063e-01 +8.6906e-01 -7.7635e-01 +7.2142e-01 +4.8439e-01 +4.2705e-01 +5.2889e-01 -2.4229e+00
53 0 +4.684186761e+05 +4.685935961e+05 +4.685935961e+05 +1.3794e+00 -3.2645e-01 -1.1830e+00 +2.1523e+00 -2.3714e+00 -1.0615e+00 -1.2654e+00 -2.7601e-01 -1.7342e+00 -2.1992e+00
54 0 +2.559941262e+05 +2.561690462e+05 +2.561690462e+05 -3.8418e-01 +1.1522e+00 +6.3453e-01 +2.0877e+00 -4.2332e+00 -8.8862e-03 +1.7709e+00 -2.4474e-01 -8.9328e-01 -2.8203e+00
61 0 +2.388424421e+05 +2.390173621e+05 +2.390173621e+05 +1.0276e+00 +1.6707e+00 -2.1728e-01 +1.1772e+00 -1.1961e-01 -1.5021e-01 -1.6750e+00 +1.1543e+00 -1.2404e+00 -2.8865e+00
66 0 +9.007277724e+04 +9.024769724e+04 +9.024769724e+04 +1.6139e-01 +4.0297e-01 +7.1025e-01 -1.2460e+00 -6.0376e-01 +1.9333e-01 -8.4690e-02 +1.1469e+00 -1.5262e+00 -2.6232e+00
304 0 +5.946509335e+04 +5.964001335e+04 +5.964001335e+04 +3.0762e+00 -4.3073e-01 -4.6050e+00 -1.5702e+00 -1.2267e+00 +1.4685e+00 +2.0551e+00 +1.9443e+00 -9.7233e-01 -2.4597e+00
411 0 +5.665729839e+04 +5.683221839e+04 +5.683221839e+04 -3.4690e-01 -4.4803e-01 +4.1582e-01 -5.0197e-01 -2.0307e+00 +1.5334e+00 +2.6782e+00 +6.5018e-01 -1.2355e+00 -2.6891e+00
510 0 +3.870474416e+04 +3.887966416e+04 +3.887966416e+04 +3.6773e-01 +8.0124e-02 -3.0863e-01 -3.9578e+00 -2.8957e+00 +1.6648e+00 +1.9373e+00 +1.2203e+00 -1.3945e+00 -2.7130e+00
611 0 +3.783096661e+04 +3.800588661e+04 +3.800588661e+04 -1.6439e+00 -5.6988e-01 -1.1172e+00 -4.0909e+00 -1.8243e+00 +3.5180e-01 +1.7442e+00 +1.7659e+00 -1.2803e+00 -2.6399e+00
716 0 +3.332102776e+04 +3.349594776e+04 +3.349594776e+04 +2.4306e-01 -3.3297e+00 -1.4758e+00 -2.8902e+00 -1.7625e+00 +1.2782e+00 +1.6453e+00 +1.1533e+00 -1.3595e+00 -2.4870e+00
753 0 +3.261415801e+04 +3.278907801e+04 +3.278907801e+04 -4.7273e-01 -8.9062e-01 +1.1476e+00 -3.0092e+00 -1.3447e+00 +1.5941e+00 +1.7278e+00 +8.3646e-01 -1.0428e+00 -2.5512e+00
806 0 +2.270802023e+04 +2.288294023e+04 +2.288294023e+04 -5.5930e-01 -1.2970e+00 +1.4477e+00 -2.5414e+00 -9.9747e-01 +1.2393e+00 +2.0743e+00 +1.1618e+00 -1.2430e+00 -2.6269e+00
814 0 +2.062450512e+04 +2.079942512e+04 +2.079942512e+04 -9.1394e-01 -1.3357e-01 -9.1816e-01 -4.0527e+00 -1.4155e+00 +2.0875e+00 +8.7076e-01 +1.4246e+00 -1.0955e+00 -2.5164e+00
878 0 +1.737395071e+04 +1.754887071e+04 +1.754887071e+04 +2.0201e-01 -1.8249e+00 -7.0492e-01 -3.2094e+00 -2.6391e+00 +1.7306e+00 +1.8505e+00 +1.4200e+00 -1.1798e+00 -2.6721e+00
908 0 +1.698844110e+04 +1.716336110e+04 +1.716336110e+04 +5.8056e-01 -1.3922e+00 -8.3572e-01 -3.4022e+00 -1.8710e+00 +1.6107e+00 +2.1869e+00 +1.2363e+00 -1.1903e+00 -2.5812e+00
966 0 +1.167483451e+04 +1.184975451e+04 +1.184975451e+04 +3.4146e-01 -1.3654e+00 -8.7414e-01 -3.0086e+00 -1.6519e+00 +1.9641e+00 +1.4344e+00 +1.2475e+00 -1.2278e+00 -2.6162e+00
996 0 +1.158053220e+04 +1.175545220e+04 +1.175545220e+04 -2.2082e+00 -1.1532e+00 +1.0276e+00 -3.6382e+00 -8.7452e-01 +2.2643e+00 +2.0191e+00 +1.3481e+00 -1.1873e+00 -2.5613e+00
1007 0 +9.807353062e+03 +9.982273062e+03 +9.982273062e+03 -1.0807e-01 -1.2207e+00 +2.0428e-01 -4.9114e+00 -1.9130e+00 +2.7977e+00 +1.8967e+00 +1.1017e+00 -1.2048e+00 -2.5581e+00
1051 0 +4.588116943e+03 +4.763036943e+03 +4.763036943e+03 -5.2553e-01 -6.1440e-01 +1.3093e+00 -4.0221e+00 -1.9661e+00 +2.9788e+00 +1.3692e+00 +1.2977e+00 -1.2010e+00 -2.6152e+00
1106 0 +2.149513635e+03 +2.324433635e+03 +2.324433635e+03 -1.5670e+00 -3.4181e-01 +9.5187e-01 -3.9774e+00 -2.7327e+00 +3.2216e+00 +1.4872e+00 +1.4184e+00 -1.2019e+00 -2.5670e+00
1537 0 +2.069367328e+03 +2.244287328e+03 +2.244287328e+03 -2.2110e+00 -2.9126e+00 +1.9591e+00 -3.8909e+00 -3.7353e+00 +3.9938e+00 +1.8127e+00 +1.3225e+00 -1.2037e+00 -2.5835e+00
1703 0 +1.829548205e+03 +2.004468205e+03 +2.004468205e+03 +3.0567e-02 -2.2865e+00 +5.7553e-01 -4.3693e+00 -3.0981e+00 +3.4505e+00 +1.7442e+00 +1.4076e+00 -1.1866e+00 -2.5801e+00
1766 0 +1.782254007e+03 +1.957174007e+03 +1.957174007e+03 +9.7019e-01 -2.1431e+00 -1.1421e+00 -1.8970e+00 -4.3179e+00 +3.9605e+00 +1.6168e+00 +1.3776e+00 -1.2546e+00 -2.5922e+00
1783 0 +1.390539636e+03 +1.565459636e+03 +1.565459636e+03 -1.2741e+00 -4.4178e+00 -1.6234e+00 -2.1830e+00 -2.9328e+00 +3.7758e+00 +1.7689e+00 +1.3953e+00 -1.2270e+00 -2.5549e+00
1808 0 +1.052959770e+03 +1.227879770e+03 +1.227879770e+03 -1.9459e+00 -2.4757e+00 -7.3189e-02 -1.6233e+00 -3.7067e+00 +3.8299e+00 +1.4732e+00 +1.3221e+00 -1.1852e+00 -2.5794e+00
1819 0 +5.999360916e+02 +7.748560916e+02 +7.748560916e+02 -1.0488e+00 -2.9594e+00 -9.7072e-01 -2.4570e+00 -3.5186e+00 +4.0322e+00 +1.6458e+00 +1.3758e+00 -1.2281e+00 -2.5752e+00
1979 0 +5.770415048e+02 +7.519615048e+02 +7.519615048e+02 -1.6315e+00 -3.8671e+00 -3.9428e+00 -3.2779e-01 -2.9387e+00 +3.8133e+00 +1.5723e+00 +1.2984e+00 -1.2226e+00 -2.5903e+00
2071 0 +5.655950643e+02 +7.405150643e+02 +7.405150643e+02 -1.8624e-01 -3.2737e+00 -4.8089e+00 +7.3753e-02 -2.8386e+00 +4.0298e+00 +1.4973e+00 +1.3764e+00 -1.2245e+00 -2.5892e+00
2160 0 +2.006124098e+02 +3.755324098e+02 +3.755324098e+02 +3.5258e-01 -3.7435e+00 -2.1895e+00 -2.0235e+00 -2.8999e+00 +3.7407e+00 +1.5601e+00 +1.4034e+00 -1.2163e+00 -2.5947e+00
2193 0 +1.224628387e+02 +2.973828387e+02 +2.973828387e+02 -2.7604e-01 -3.3115e+00 -2.0303e+00 -1.9924e+00 -3.0834e+00 +3.8455e+00 +1.5679e+00 +1.3615e+00 -1.2137e+00 -2.5887e+00
2352 0 +1.034848326e+02 +2.784048326e+02 +2.784048326e+02 -6.5920e-01 -4.3847e+00 -3.4003e+00 -2.3160e+00 -2.9947e+00 +3.8251e+00 +1.5784e+00 +1.3696e+00 -1.2195e+00 -2.5817e+00
2375 0 +1.013197997e+02 +2.762397997e+02 +2.762397997e+02 -7.4200e-01 -4.4141e+00 -3.7197e+00 -2.0469e+00 -2.9172e+00 +3.8807e+00 +1.5436e+00 +1.3669e+00 -1.2130e+00 -2.5900e+00
2430 0 +8.546329082e+01 +2.603832908e+02 +2.603832908e+02 +7.2294e-02 -4.1827e+00 -3.3034e+00 -2.3223e+00 -2.8664e+00 +3.9387e+00 +1.6319e+00 +1.3878e+00 -1.2086e+00 -2.5879e+00
2493 0 +8.175472613e+01 +2.566747261e+02 +2.566747261e+02 -2.3520e-01 -3.9348e+00 -2.8080e+00 -2.0216e+00 -2.7907e+00 +3.8443e+00 +1.6220e+00 +1.3833e+00 -1.2252e+00 -2.5832e+00
2496 0 +6.907970010e+01 +2.439997001e+02 +2.439997001e+02 -6.9059e-01 -3.9256e+00 -3.4114e+00 -1.7268e+00 -3.1211e+00 +3.8522e+00 +1.5959e+00 +1.3917e+00 -1.2103e+00 -2.5820e+00
% f evaluations | g evaluations | best noise-free fitness - Fopt (-5.659600000000e+02) + sum g_i+ | measured fitness | best measured fitness or single-digit g-values | x1 | x2...
1 0 +2.167425878e+06 +2.166859918e+06 +2.166859918e+06 +5.9671e-01 -3.8264e-02 +7.4769e-01 +1.6230e+00 -1.3415e-01 -1.3414e-01 +1.6792e+00 +8.6743e-01 -3.6947e-01 +6.4256e-01
6 0 +1.000265573e+06 +9.996996129e+05 +9.996996129e+05 +4.2408e-01 -2.8508e-01 -5.7692e-01 +7.1168e-01 +1.1310e+00 +1.0313e+00 -7.3922e-01 -2.0921e-01 +4.3126e-01 +1.0755e+00
18 0 +7.043343258e+05 +7.037683658e+05 +7.037683658e+05 -7.8951e-01 -7.1581e-01 +2.2898e-02 +4.4115e-01 +3.7669e-01 +9.2718e-01 +1.1300e-01 +1.5535e+00 -1.6466e-01 +2.8202e+00
40 0 +4.991152937e+05 +4.985493337e+05 +4.985493337e+05 -7.9841e-01 +5.9192e-01 -1.2202e+00 +1.9315e+00 +1.2794e+00 -3.6918e-01 -1.6131e+00 +1.4539e+00 -1.4540e-02 +1.3378e+00
53 0 +4.232824893e+05 +4.227165293e+05 +4.227165293e+05 -2.0140e-01 +1.0308e+00 -8.5699e-01 +1.0645e+00 +1.9353e+00 -3.4343e-01 -1.3859e+00 -3.1105e-02 -8.6489e-01 +2.1320e+00
56 0 +3.292698572e+05 +3.287038972e+05 +3.287038972e+05 -1.3554e+00 +1.4611e+00 -2.5197e-01 +1.7022e+00 +4.3699e-01 +7.0589e-01 -2.8277e-01 +1.7845e+00 -7.0486e-01 +1.6325e+00
59 0 +1.953415603e+05 +1.947756003e+05 +1.947756003e+05 +7.1301e-01 -1.2410e+00 -5.4159e-01 -2.5662e-01 +5.0704e-02 +1.1556e+00 +1.0295e+00 +1.0818e+00 +7.3822e-01 +1.8260e+00
64 0 +1.768806471e+05 +1.763146871e+05 +1.763146871e+05 +7.1232e-01 -1.6643e+00 +7.4515e-01 +9.8836e-01 +1.0712e+00 +9.1741e-01 -7.6979e-01 +1.6415e+00 -3.0932e-01 +1.8356e+00
96 0 +1.467656640e+05 +1.461997040e+05 +1.461997040e+05 +1.3953e+00 +1.0028e+00 +3.7194e-01 +3.4384e+00 +7.4147e-01 +4.1059e-01 -3.5029e-01 +9.1532e-01 -3.4755e-01 +1.8710e+00
119 0 +8.991460281e+04 +8.934864281e+04 +8.934864281e+04 -9.1899e-01 -3.1745e-01 -2.0862e+00 +1.0481e+00 +3.8684e-01 +7.6292e-01 +1.3747e+00 +7.5631e-01 -2.5640e-01 +2.0229e+00
212 0 +6.738533998e+04 +6.681937998e+04 +6.681937998e+04 -2.8144e+00 +8.1481e-02 -6.9090e-01 +2.2904e+00 +3.8517e-01 +5.6446e-01 +1.7721e+00 +6.7412e-01 +8.2027e-02 +2.0099e+00
218 0 +5.835984237e+04 +5.779388237e+04 +5.779388237e+04 -1.2732e+00 -6.1182e-01 +8.4886e-01 +2.0341e+00 +1.2123e+00 +2.3619e-01 +1.8118e+00 +1.1853e+00 +2.5342e-01 +1.9851e+00
595 0 +3.370345478e+04 +3.313749478e+04 +3.313749478e+04 -1.6322e+00 -2.0877e+00 +1.1324e+00 -3.6750e-01 -5.1007e-01 -2.3485e+00 +1.7347e+00 +8.3434e-01 -2.1705e-01 +1.9317e+00
705 0 +2.974380447e+04 +2.917784447e+04 +2.917784447e+04 -2.0016e+00 -1.4618e+00 +9.5539e-01 +4.0380e-01 -2.5064e-01 -3.1824e+00 +2.7436e+00 +6.5568e-01 +9.4516e-02 +2.0005e+00
727 0 +2.001351935e+04 +1.944755935e+04 +1.944755935e+04 -1.0740e+00 -1.5485e+00 +2.7079e+00 -7.6586e-01 +9.7825e-01 -2.8558e+00 +1.9504e+00 +1.0903e+00 -7.9542e-02 +1.9100e+00
868 0 +1.378139823e+04 +1.321543823e+04 +1.321543823e+04 -8.8516e-01 -2.1442e+00 +2.8762e+00 +4.8070e-01 -2.0601e+00 -2.3560e+00 +2.3713e+00 +1.2295e+00 +3.9552e-02 +1.8924e+00
906 0 +1.306817614e+04 +1.250221614e+04 +1.250221614e+04 -3.0792e-01 -2.4888e+00 +3.5908e+00 +6.2276e-01 -1.3479e+00 -2.8005e+00 +2.2588e+00 +1.1525e+00 +1.1625e-01 +2.0251e+00
996 0 +5.579663755e+03 +5.013703755e+03 +5.013703755e+03 -1.0144e+00 -3.2719e+00 +3.3241e+00 -4.6399e-01 -1.8111e+00 -3.6150e+00 +1.6366e+00 +1.2319e+00 +2.0522e-02 +1.9164e+00
1024 0 +4.237346057e+03 +3.671386057e+03 +3.671386057e+03 -8.2089e-01 -3.0622e+00 +2.6328e+00 -3.4638e-01 -2.3923e+00 -4.0124e+00 +2.1581e+00 +1.3107e+00 +4.6075e-02 +1.9293e+00
1150 0 +4.152139858e+03 +3.586179858e+03 +3.586179858e+03 -1.4697e+00 -4.4332e+00 +2.2478e+00 -7.6727e-01 -1.9385e+00 -4.1050e+00 +2.1158e+00 +1.2447e+00 -5.4224e-02 +1.9746e+00
1356 0 +3.110471860e+03 +2.544511860e+03 +2.544511860e+03 -6.4348e-01 -4.6268e+00 +2.7305e+00 -1.1456e+00 -2.9755e+00 -4.5714e+00 +2.0192e+00 +1.2157e+00 -2.7493e-02 +1.9787e+00
1440 0 +1.860717994e+03 +1.294757994e+03 +1.294757994e+03 +1.1608e+00 -4.0035e+00 +3.0541e+00 -1.0436e+00 -3.3598e+00 -3.6952e+00 +1.6302e+00 +1.3072e+00 +8.1470e-02 +1.9611e+00
1656 0 +1.587654489e+03 +1.021694489e+03 +1.021694489e+03 +5.6222e-01 -4.8025e+00 +3.4967e+00 -2.2735e+00 -3.5373e+00 -3.9901e+00 +1.8484e+00 +1.1505e+00 +2.1007e-02 +1.9638e+00
1660 0 +1.362186912e+03 +7.962269115e+02 +7.962269115e+02 +5.7066e-01 -4.9710e+00 +2.4489e+00 -2.0714e+00 -3.4782e+00 -3.9368e+00 +1.9050e+00 +1.3065e+00 +6.1570e-02 +1.9897e+00
1743 0 +1.320117913e+03 +7.541579135e+02 +7.541579135e+02 +9.3906e-01 -4.9367e+00 +1.8679e+00 -2.7121e+00 -4.0096e+00 -3.7206e+00 +1.9047e+00 +1.1726e+00 +6.4620e-02 +1.9556e+00
1801 0 +1.173796650e+03 +6.078366503e+02 +6.078366503e+02 +7.5991e-01 -4.7939e+00 +3.6482e+00 -2.5680e+00 -3.4314e+00 -3.9955e+00 +1.9187e+00 +1.3258e+00 +3.2139e-02 +1.9707e+00
1874 0 +1.169533537e+03 +6.035735373e+02 +6.035735373e+02 +8.0111e-01 -4.0320e+00 +2.6727e+00 -3.2058e+00 -3.9724e+00 -3.6503e+00 +1.9371e+00 +1.2315e+00 +2.4831e-02 +1.9579e+00
1875 0 +1.136569270e+03 +5.706092698e+02 +5.706092698e+02 +1.0412e+00 -4.8698e+00 +2.6274e+00 -2.7508e+00 -3.5058e+00 -3.8174e+00 +1.8415e+00 +1.3385e+00 +6.8087e-03 +1.9645e+00
1881 0 +9.550089083e+02 +3.890489083e+02 +3.890489083e+02 +1.0489e+00 -4.7266e+00 +2.9094e+00 -2.8123e+00 -3.7809e+00 -3.7618e+00 +1.9702e+00 +1.2469e+00 +5.3166e-02 +1.9679e+00
1903 0 +7.718630815e+02 +2.059030815e+02 +2.059030815e+02 +1.1122e+00 -4.2795e+00 +2.3075e+00 -2.7693e+00 -3.1852e+00 -3.8597e+00 +1.8206e+00 +1.3053e+00 +3.6304e-02 +1.9703e+00
1904 0 +7.349282285e+02 +1.689682285e+02 +1.689682285e+02 +6.0820e-01 -4.1843e+00 +2.3141e+00 -1.7336e+00 -3.1340e+00 -3.9418e+00 +1.9323e+00 +1.2671e+00 +4.7436e-02 +1.9593e+00
2004 0 +7.121738555e+02 +1.462138555e+02 +1.462138555e+02 +2.4911e-01 -3.8047e+00 +1.4462e+00 -2.2021e+00 -3.0804e+00 -3.6955e+00 +1.8077e+00 +1.2476e+00 +1.4155e-02 +1.9614e+00
2054 0 +5.441925721e+02 -2.176742795e+01 -2.176742795e+01 +6.1505e-01 -3.8199e+00 +9.1945e-01 -1.9547e+00 -3.2040e+00 -3.6845e+00 +1.8989e+00 +1.2454e+00 +1.8825e-02 +1.9589e+00
2075 0 +4.743075889e+02 -9.165241113e+01 -9.165241113e+01 +8.6650e-01 -4.0770e+00 +9.1718e-01 -1.7668e+00 -3.7833e+00 -3.9272e+00 +1.8761e+00 +1.2319e+00 +2.8250e-02 +1.9581e+00
2256 0 +4.039177297e+02 -1.620422703e+02 -1.620422703e+02 +3.4037e-01 -3.7302e+00 -5.5992e-02 -1.9855e+00 -3.5425e+00 -4.0245e+00 +1.8615e+00 +1.2900e+00 +4.7371e-02 +1.9571e+00
2328 0 +2.689924604e+02 -2.969675396e+02 -2.969675396e+02 +8.6489e-01 -3.0219e+00 -1.3706e+00 -1.9380e+00 -3.7425e+00 -3.7271e+00 +1.8119e+00 +1.2617e+00 +1.7821e-02 +1.9605e+00
