% f evaluations | g evaluations | best noise-free fitness - Fopt (-1.694000000000e+01) + sum g_i+ | measured fitness | best measured fitness or single-digit g-values | x1 | x2...
1 0 +2.177673175e+01 +4.836731750e+00 +4.836731750e+00 +5.9671e-01 -3.8264e-02 +7.4769e-01 +1.6230e+00 -1.3415e-01 -1.3414e-01 +1.6792e+00 +8.6743e-01 -3.6947e-01 +6.4256e-01
10 0 +1.911425818e+01 +2.174258178e+00 +2.174258178e+00 +1.9708e-01 +1.0686e+00 -6.0205e-01 -2.2766e-01 -2.9211e-01 -1.3635e+00 +3.9612e-01 +3.6106e-01 +1.0511e-01 -1.3459e-01
29 0 +1.747590434e+01 +5.359043438e-01 +5.359043438e-01 +2.1352e-01 +7.6213e-01 +1.6860e+00 -1.1378e+00 +2.2330e+00 -1.8521e+00 -5.1785e-02 +6.8832e-01 +3.8099e-01 -5.2270e-01
33 0 +1.688990874e+01 -5.009125803e-02 -5.009125803e-02 +1.9700e-01 +6.9516e-01 -7.1822e-01 +2.1924e+00 -9.0602e-01 -1.1142e+00 +1.2581e+00 +8.9166e-01 +7.2412e-01 +7.2835e-01
36 0 +1.530616351e+01 -1.633836493e+00 -1.633836493e+00 +4.1091e-01 +1.5754e+00 +9.5766e-01 -5.9939e-02 +8.0984e-02 -9.0253e-01 +8.1487e-02 -1.8866e-01 +4.2272e-01 -7.2723e-01
37 0 +1.289055691e+01 -4.049443093e+00 -4.049443093e+00 +6.1935e-01 +1.6327e+00 -8.7601e-03 +5.0171e-01 +7.9014e-01 -3.0122e-01 +3.2409e-01 +1.1259e-01 +1.9768e-01 -6.7301e-01
56 0 +1.223462115e+01 -4.705378849e+00 -4.705378849e+00 +6.1126e-01 +1.3203e+00 -4.3025e-01 +2.6819e+00 -3.8660e-01 -1.9235e+00 +1.0400e+00 +8.6481e-01 +9.0076e-01 -2.0196e+00
57 0 +9.652871483e+00 -7.287128517e+00 -7.287128517e+00 +1.5797e+00 +1.7596e+00 +4.8598e-01 +3.0339e-01 +6.0316e-01 -2.8830e+00 +1.7929e+00 -3.6627e-01 +9.6774e-02 -1.2366e+00
58 0 +6.710458998e+00 -1.022954100e+01 -1.022954100e+01 +1.8150e+00 +3.2792e+00 -5.9884e-01 +1.0686e+00 -6.0209e-01 -2.2117e+00 +1.9713e+00 +2.6830e-01 +5.4073e-01 -2.1907e+00
112 0 +5.615239120e+00 -1.132476088e+01 -1.132476088e+01 +2.8932e+00 +1.9834e+00 -1.1501e-01 +1.2349e+00 +1.6381e+00 -4.0109e+00 +3.6250e+00 -7.4627e-01 +7.7636e-01 -3.6024e+00
123 0 +3.534171738e+00 -1.340582826e+01 -1.340582826e+01 +4.6431e+00 +3.6058e+00 -8.9294e-01 +1.1827e+00 +3.3652e+00 -1.9946e+00 +3.3489e+00 -1.4283e+00 -4.4632e-01 -1.1814e+00
251 0 +2.300643957e+00 -1.463935604e+01 -1.463935604e+01 +3.4068e+00 +3.2232e+00 -9.8475e-01 +1.9942e+00 +1.4036e+00 -1.5064e+00 +4.7466e+00 -2.6977e+00 +1.8658e-01 -2.2312e+00
505 0 +2.249751971e+00 -1.469024803e+01 -1.469024803e+01 +3.5908e+00 +3.0238e+00 -2.0951e+00 +2.1817e+00 +2.2302e+00 -1.5150e+00 +3.3711e+00 -2.3814e+00 -1.1743e+00 -2.2714e+00
556 0 +1.713546745e+00 -1.522645326e+01 -1.522645326e+01 +3.6628e+00 +3.4117e+00 -2.2612e+00 +1.1389e+00 +1.6743e+00 -1.3936e+00 +3.7309e+00 -2.3018e+00 +3.2903e-01 -2.2380e+00
607 0 +1.634846501e+00 -1.530515350e+01 -1.530515350e+01 +3.4322e+00 +3.2200e+00 -2.6183e+00 +1.2814e+00 +1.4305e+00 -2.2540e+00 +4.4810e+00 -1.8723e+00 -5.9092e-01 -2.5887e+00
785 0 +1.298917217e+00 -1.564108278e+01 -1.564108278e+01 +3.6532e+00 +2.2803e+00 -1.2568e+00 +1.0263e+00 +1.9546e+00 -1.6827e+00 +3.8915e+00 -2.3338e+00 -2.1095e-01 -1.6373e+00
802 0 +7.395733765e-01 -1.620042662e+01 -1.620042662e+01 +3.9213e+00 +2.5323e+00 -2.0125e+00 +9.9421e-01 +1.5840e+00 -2.3060e+00 +3.8168e+00 -2.5240e+00 -3.2767e-01 -1.7181e+00
875 0 +6.482601443e-01 -1.629173986e+01 -1.629173986e+01 +3.7082e+00 +2.3138e+00 -1.8289e+00 +1.4008e+00 +8.3008e-01 -1.7646e+00 +3.8125e+00 -2.4882e+00 -5.9919e-01 -2.1627e+00
953 0 +6.079069136e-01 -1.633209309e+01 -1.633209309e+01 +3.6835e+00 +2.6613e+00 -1.6726e+00 +1.5539e+00 +1.3738e+00 -2.0332e+00 +3.6193e+00 -2.1112e+00 -8.2452e-02 -1.7997e+00
1072 0 +5.848187463e-01 -1.635518125e+01 -1.635518125e+01 +3.8165e+00 +2.4072e+00 -1.9744e+00 +1.1783e+00 +1.2903e+00 -1.7990e+00 +3.5740e+00 -2.6598e+00 -4.7330e-01 -1.9428e+00
1088 0 +5.662750246e-01 -1.637372498e+01 -1.637372498e+01 +3.7324e+00 +2.7224e+00 -1.4585e+00 +1.2659e+00 +1.3973e+00 -1.8404e+00 +3.1747e+00 -2.2982e+00 -5.3160e-01 -2.0325e+00
1103 0 +4.814529485e-01 -1.645854705e+01 -1.645854705e+01 +3.6406e+00 +2.4549e+00 -1.6655e+00 +1.5797e+00 +1.3776e+00 -1.8783e+00 +3.4647e+00 -2.4696e+00 -2.0950e-01 -1.9225e+00
1106 0 +3.426018351e-01 -1.659739816e+01 -1.659739816e+01 +3.5601e+00 +2.5378e+00 -1.6568e+00 +1.1711e+00 +1.5134e+00 -1.9259e+00 +3.4262e+00 -2.4589e+00 -3.5850e-01 -2.0807e+00
1203 0 +2.801546433e-01 -1.665984536e+01 -1.665984536e+01 +3.5461e+00 +2.5888e+00 -1.6022e+00 +1.3400e+00 +1.4767e+00 -1.8893e+00 +3.4759e+00 -2.5379e+00 -1.8675e-01 -1.9806e+00
1205 0 +2.620425171e-01 -1.667795748e+01 -1.667795748e+01 +3.5733e+00 +2.5754e+00 -1.6974e+00 +1.4712e+00 +1.3989e+00 -1.9550e+00 +3.4520e+00 -2.3346e+00 -3.4366e-01 -2.0003e+00
1309 0 +2.580303395e-01 -1.668196966e+01 -1.668196966e+01 +3.5833e+00 +2.5523e+00 -1.7195e+00 +1.3773e+00 +1.5578e+00 -1.9578e+00 +3.4941e+00 -2.3715e+00 -4.3329e-01 -2.0412e+00
1351 0 +1.974442679e-01 -1.674255573e+01 -1.674255573e+01 +3.7241e+00 +2.5584e+00 -1.7007e+00 +1.3095e+00 +1.4261e+00 -1.9579e+00 +3.4606e+00 -2.3225e+00 -3.9120e-01 -2.0236e+00
1352 0 +1.604300703e-01 -1.677956993e+01 -1.677956993e+01 +3.6052e+00 +2.5519e+00 -1.6558e+00 +1.3472e+00 +1.4199e+00 -1.9199e+00 +3.4326e+00 -2.3578e+00 -3.3019e-01 -2.0040e+00
1402 0 +1.566757065e-01 -1.678332429e+01 -1.678332429e+01 +3.6010e+00 +2.5189e+00 -1.5869e+00 +1.5046e+00 +1.4301e+00 -1.9406e+00 +3.5032e+00 -2.3341e+00 -3.5479e-01 -2.0730e+00
1454 0 +1.255325105e-01 -1.681446749e+01 -1.681446749e+01 +3.6885e+00 +2.6147e+00 -1.4545e+00 +1.5042e+00 +1.4141e+00 -1.8862e+00 +3.5007e+00 -2.3315e+00 -3.8792e-01 -2.0159e+00
1654 0 +1.095457925e-01 -1.683045421e+01 -1.683045421e+01 +3.6581e+00 +2.5526e+00 -1.5444e+00 +1.4802e+00 +1.4350e+00 -1.8116e+00 +3.4910e+00 -2.3727e+00 -3.9853e-01 -1.9731e+00
1659 0 +7.591035950e-02 -1.686408964e+01 -1.686408964e+01 +3.6636e+00 +2.5748e+00 -1.6188e+00 +1.4929e+00 +1.4082e+00 -1.9404e+00 +3.4693e+00 -2.3737e+00 -4.5173e-01 -2.0197e+00
1736 0 +7.465435922e-02 -1.686534564e+01 -1.686534564e+01 +3.6459e+00 +2.5464e+00 -1.5362e+00 +1.4544e+00 +1.3539e+00 -1.9080e+00 +3.4778e+00 -2.3223e+00 -4.2664e-01 -2.0177e+00
1797 0 +7.366017235e-02 -1.686633983e+01 -1.686633983e+01 +3.6651e+00 +2.5338e+00 -1.6035e+00 +1.4222e+00 +1.4025e+00 -1.8927e+00 +3.4488e+00 -2.3838e+00 -4.3757e-01 -2.0647e+00
1803 0 +6.632990534e-02 -1.687367009e+01 -1.687367009e+01 +3.6391e+00 +2.5538e+00 -1.5580e+00 +1.4748e+00 +1.4055e+00 -1.8928e+00 +3.4887e+00 -2.3801e+00 -3.7895e-01 -2.0142e+00
1855 0 +5.559637578e-02 -1.688440362e+01 -1.688440362e+01 +3.6486e+00 +2.5399e+00 -1.5394e+00 +1.4819e+00 +1.3824e+00 -1.9088e+00 +3.5137e+00 -2.3930e+00 -3.9399e-01 -2.0203e+00
1875 0 +5.491600558e-02 -1.688508399e+01 -1.688508399e+01 +3.6568e+00 +2.5452e+00 -1.5098e+00 +1.5052e+00 +1.3543e+00 -1.9280e+00 +3.4890e+00 -2.3452e+00 -4.1050e-01 -2.0452e+00
1915 0 +5.244616432e-02 -1.688755384e+01 -1.688755384e+01 +3.6749e+00 +2.5702e+00 -1.5366e+00 +1.4797e+00 +1.3868e+00 -1.9287e+00 +3.5072e+00 -2.3579e+00 -3.8196e-01 -2.0309e+00
1917 0 +3.927288866e-02 -1.690072711e+01 -1.690072711e+01 +3.6672e+00 +2.5330e+00 -1.5448e+00 +1.4565e+00 +1.4076e+00 -1.8850e+00 +3.4989e+00 -2.3788e+00 -3.7511e-01 -2.0148e+00
2062 0 +3.428170844e-02 -1.690571829e+01 -1.690571829e+01 +3.6542e+00 +2.5517e+00 -1.5226e+00 +1.4875e+00 +1.3949e+00 -1.8871e+00 +3.4821e+00 -2.3610e+00 -3.9629e-01 -2.0260e+00
2086 0 +2.575497001e-02 -1.691424503e+01 -1.691424503e+01 +3.6584e+00 +2.5369e+00 -1.5380e+00 +1.4642e+00 +1.3910e+00 -1.9154e+00 +3.5065e+00 -2.3464e+00 -3.8814e-01 -2.0376e+00
2152 0 +2.228649711e-02 -1.691771350e+01 -1.691771350e+01 +3.6400e+00 +2.5503e+00 -1.5253e+00 +1.4694e+00 +1.4043e+00 -1.9063e+00 +3.5018e+00 -2.3516e+00 -3.7668e-01 -2.0277e+00
2251 0 +2.180441588e-02 -1.691819558e+01 -1.691819558e+01 +3.6490e+00 +2.5515e+00 -1.5234e+00 +1.4721e+00 +1.3936e+00 -1.9052e+00 +3.4932e+00 -2.3495e+00 -3.8040e-01 -2.0315e+00
2352 0 +2.101608396e-02 -1.691898392e+01 -1.691898392e+01 +3.6388e+00 +2.5494e+00 -1.5288e+00 +1.4771e+00 +1.4003e+00 -1.9053e+00 +3.5027e+00 -2.3427e+00 -3.7967e-01 -2.0412e+00
2461 0 +1.332898330e-02 -1.692667102e+01 -1.692667102e+01 +3.6545e+00 +2.5493e+00 -1.5315e+00 +1.4671e+00 +1.3891e+00 -1.9051e+00 +3.5009e+00 -2.3472e+00 -3.8877e-01 -2.0395e+00
% f evaluations | g evaluations | best noise-free fitness - Fopt (1.881000000000e+01) + sum g_i+ | measured fitness | best measured fitness or single-digit g-values | x1 | x2...
1 0 +7.718256523e+00 +2.652825652e+01 +2.652825652e+01 +5.9671e-01 -3.8264e-02 +7.4769e-01 +1.6230e+00 -1.3415e-01 -1.3414e-01 +1.6792e+00 +8.6743e-01 -3.6947e-01 +6.4256e-01
4 0 +7.091760746e+00 +2.590176075e+01 +2.590176075e+01 -5.0171e-01 +1.9523e+00 +8.6503e-02 -9.5771e-01 +9.2254e-01 -1.1208e+00 +3.0886e-01 -1.8597e+00 -1.2282e+00 +2.9686e-01
10 0 +5.699832810e+00 +2.450983281e+01 +2.450983281e+01 +1.9708e-01 +1.0686e+00 -6.0205e-01 -2.2766e-01 -2.9211e-01 -1.3635e+00 +3.9612e-01 +3.6106e-01 +1.0511e-01 -1.3459e-01
29 0 +4.549808231e+00 +2.335980823e+01 +2.335980823e+01 +2.1352e-01 +7.6213e-01 +1.6860e+00 -1.1378e+00 +2.2330e+00 -1.8521e+00 -5.1785e-02 +6.8832e-01 +3.8099e-01 -5.2270e-01
106 0 +4.016826907e+00 +2.282682691e+01 +2.282682691e+01 +2.0641e-01 +2.0866e+00 +1.2290e+00 -2.0184e+00 +1.2814e+00 -3.0730e+00 +7.6388e-01 +5.9213e-01 -5.7747e-01 +1.3797e+00
122 0 +3.416333904e+00 +2.222633390e+01 +2.222633390e+01 -2.8817e-01 +2.9415e+00 -5.6810e-01 -8.0071e-02 +4.4724e-01 -2.0976e+00 -1.5333e+00 -3.1880e-01 +6.2741e-01 +2.2613e+00
221 0 +3.266650915e+00 +2.207665091e+01 +2.207665091e+01 +3.0793e-01 +2.7663e+00 +1.2269e+00 -8.6791e-01 +1.9875e+00 -2.9842e+00 -1.1516e+00 -2.1459e-01 -3.7888e-01 +2.2215e+00
253 0 +2.974735842e+00 +2.178473584e+01 +2.178473584e+01 +3.9558e-02 +7.7596e-01 -2.7399e-01 -4.6197e-02 +1.1193e+00 -1.5964e+00 +2.8422e-01 -1.5787e-01 +1.7604e+00 +4.3649e+00
267 0 +2.421173789e+00 +2.123117379e+01 +2.123117379e+01 -2.6925e-01 +2.1078e+00 -2.6459e-01 -6.6963e-01 +1.7193e+00 -3.4565e+00 -1.0928e-01 +1.2355e+00 +1.7992e+00 +2.8295e+00
407 0 +1.714513433e+00 +2.052451343e+01 +2.052451343e+01 -3.1020e-01 +1.5349e+00 -9.9096e-01 +3.5929e-01 +1.3071e+00 -2.7835e+00 +5.7405e-01 +1.7948e-01 +1.0927e+00 +2.8562e+00
529 0 +1.379875534e+00 +2.018987553e+01 +2.018987553e+01 -8.4470e-01 +1.3801e+00 -1.5385e+00 -2.8669e-01 +8.3893e-01 -2.4702e+00 +4.7237e-01 -1.8537e-01 +1.4986e+00 +3.8156e+00
551 0 +1.118625574e+00 +1.992862557e+01 +1.992862557e+01 -7.4828e-02 +1.3096e+00 -1.1486e+00 -2.8607e-01 +1.0638e+00 -2.3036e+00 +3.9803e-01 -2.6570e-01 +1.8615e+00 +3.7476e+00
708 0 +9.654533611e-01 +1.977545336e+01 +1.977545336e+01 -7.6950e-01 +1.5245e+00 -1.3555e+00 -8.4897e-01 +1.4472e+00 -3.1268e+00 +3.1319e-01 +1.1571e-01 +6.5411e-01 +3.0643e+00
811 0 +8.946399469e-01 +1.970463995e+01 +1.970463995e+01 +1.5445e-01 +1.6508e+00 -4.2426e-01 -2.8758e-01 +1.9306e+00 -3.1695e+00 +3.4847e-01 +1.7655e-01 +4.2012e-01 +2.8909e+00
889 0 +6.955305424e-01 +1.950553054e+01 +1.950553054e+01 +2.9840e-01 +2.3142e+00 -3.7914e-01 +5.2360e-02 +1.9937e+00 -3.5905e+00 +1.0449e-01 +5.9419e-01 -4.3501e-02 +2.3052e+00
923 0 +6.033887201e-01 +1.941338872e+01 +1.941338872e+01 -1.9211e-02 +1.6879e+00 -7.0603e-01 +7.3126e-02 +1.8915e+00 -2.8442e+00 +2.9087e-02 +4.8946e-01 +4.1616e-01 +2.5690e+00
948 0 +5.305594578e-01 +1.934055946e+01 +1.934055946e+01 -3.6570e-01 +1.9247e+00 -6.8198e-01 -1.0537e-01 +1.7801e+00 -3.3259e+00 +1.1947e-01 +3.1699e-01 +5.8248e-01 +2.8803e+00
1022 0 +4.668474287e-01 +1.927684743e+01 +1.927684743e+01 -7.9521e-03 +1.8673e+00 -7.0678e-01 +1.4051e-01 +1.5835e+00 -3.1364e+00 +1.1277e-01 +2.2418e-01 +2.0453e-01 +2.5108e+00
1105 0 +4.357772057e-01 +1.924577721e+01 +1.924577721e+01 +8.7354e-02 +1.8128e+00 -5.4889e-01 +2.7460e-02 +1.5717e+00 -3.0043e+00 +1.3277e-01 +2.1494e-01 +2.6394e-01 +2.8834e+00
1214 0 +3.544036813e-01 +1.916440368e+01 +1.916440368e+01 -2.5212e-01 +1.9153e+00 -6.0777e-01 -4.9579e-02 +1.6393e+00 -3.1762e+00 +1.0380e-01 +3.8609e-01 +5.7617e-02 +2.6927e+00
1219 0 +3.372055006e-01 +1.914720550e+01 +1.914720550e+01 -1.3400e-01 +1.9446e+00 -6.3828e-01 -9.3128e-02 +1.7107e+00 -3.2394e+00 +2.1174e-01 +6.5641e-01 +1.5250e-01 +2.5230e+00
1326 0 +2.478034875e-01 +1.905780349e+01 +1.905780349e+01 -1.0521e-01 +1.8581e+00 -9.2075e-01 -7.7888e-02 +1.6133e+00 -3.2909e+00 +3.0914e-01 +3.6213e-01 +2.7914e-01 +2.6734e+00
1455 0 +1.599949225e-01 +1.896999492e+01 +1.896999492e+01 -2.2819e-01 +1.7415e+00 -8.6951e-01 +7.1794e-02 +1.7082e+00 -3.2471e+00 +2.4937e-01 +3.4623e-01 +4.7000e-01 +2.6471e+00
1484 0 +1.574850476e-01 +1.896748505e+01 +1.896748505e+01 -2.8539e-01 +1.8784e+00 -8.5845e-01 +5.7295e-02 +1.6308e+00 -3.2443e+00 +2.5266e-01 +4.0015e-01 +3.2958e-01 +2.6232e+00
1502 0 +1.549669246e-01 +1.896496692e+01 +1.896496692e+01 -1.9893e-01 +1.8306e+00 -8.4520e-01 -2.9589e-02 +1.7001e+00 -3.3017e+00 +2.6367e-01 +3.4950e-01 +2.5091e-01 +2.6152e+00
1605 0 +1.334363725e-01 +1.894343637e+01 +1.894343637e+01 -1.6205e-01 +1.7663e+00 -8.2164e-01 +4.3892e-02 +1.6631e+00 -3.2335e+00 +1.9572e-01 +3.7335e-01 +3.5763e-01 +2.6980e+00
1633 0 +1.090546500e-01 +1.891905465e+01 +1.891905465e+01 -2.6233e-01 +1.8214e+00 -8.7357e-01 +5.9006e-03 +1.7211e+00 -3.2502e+00 +2.9292e-01 +3.7718e-01 +3.4322e-01 +2.6394e+00
1655 0 +1.016607801e-01 +1.891166078e+01 +1.891166078e+01 -2.6980e-01 +1.7787e+00 -8.8440e-01 -1.2351e-02 +1.6779e+00 -3.2991e+00 +2.5532e-01 +3.4568e-01 +3.3011e-01 +2.6435e+00
1752 0 +9.132882992e-02 +1.890132883e+01 +1.890132883e+01 -2.0466e-01 +1.7484e+00 -7.6443e-01 -6.3331e-02 +1.6354e+00 -3.2689e+00 +2.3632e-01 +3.6657e-01 +3.3239e-01 +2.7043e+00
1773 0 +7.963190840e-02 +1.888963191e+01 +1.888963191e+01 -2.1680e-01 +1.6982e+00 -8.7289e-01 -8.2625e-02 +1.6772e+00 -3.2535e+00 +2.5703e-01 +3.3658e-01 +4.2412e-01 +2.7295e+00
1779 0 +6.592028872e-02 +1.887592029e+01 +1.887592029e+01 -1.5640e-01 +1.8185e+00 -7.7317e-01 -2.6909e-02 +1.7286e+00 -3.2842e+00 +1.2914e-01 +4.1727e-01 +3.5149e-01 +2.6021e+00
2005 0 +6.084076199e-02 +1.887084076e+01 +1.887084076e+01 -1.8089e-01 +1.7926e+00 -8.1208e-01 -4.0182e-02 +1.6792e+00 -3.2628e+00 +1.9314e-01 +3.6820e-01 +3.4791e-01 +2.6953e+00
2026 0 +4.853246163e-02 +1.885853246e+01 +1.885853246e+01 -1.9377e-01 +1.7805e+00 -8.4066e-01 -2.6910e-02 +1.6657e+00 -3.2848e+00 +2.0107e-01 +3.8208e-01 +3.6358e-01 +2.6925e+00
2118 0 +4.117005511e-02 +1.885117006e+01 +1.885117006e+01 -2.3579e-01 +1.7530e+00 -8.4067e-01 -5.0531e-02 +1.6640e+00 -3.2628e+00 +2.1095e-01 +3.8012e-01 +3.9211e-01 +2.6835e+00
2119 0 +3.802762444e-02 +1.884802762e+01 +1.884802762e+01 -2.3761e-01 +1.7866e+00 -8.4526e-01 -2.3421e-02 +1.6788e+00 -3.2537e+00 +2.0830e-01 +3.6287e-01 +3.9013e-01 +2.6601e+00
2319 0 +3.677539828e-02 +1.884677540e+01 +1.884677540e+01 -1.8739e-01 +1.7702e+00 -8.1897e-01 -4.0140e-02 +1.6602e+00 -3.2471e+00 +2.0559e-01 +3.7531e-01 +3.6285e-01 +2.6784e+00
2321 0 +3.178958060e-02 +1.884178958e+01 +1.884178958e+01 -1.9455e-01 +1.7772e+00 -8.3126e-01 -3.0368e-02 +1.6763e+00 -3.2413e+00 +2.0103e-01 +3.7220e-01 +3.7665e-01 +2.6724e+00
2343 0 +3.015807002e-02 +1.884015807e+01 +1.884015807e+01 -1.9866e-01 +1.7817e+00 -8.4152e-01 -2.4226e-02 +1.6705e+00 -3.2371e+00 +2.3642e-01 +3.7784e-01 +3.6025e-01 +2.6816e+00
2348 0 +2.896464935e-02 +1.883896465e+01 +1.883896465e+01 -1.7546e-01 +1.7975e+00 -8.1273e-01 -2.3824e-02 +1.6826e+00 -3.2451e+00 +2.2249e-01 +3.8532e-01 +3.6775e-01 +2.6837e+00
2356 0 +2.736308075e-02 +1.883736308e+01 +1.883736308e+01 -1.8841e-01 +1.7923e+00 -8.1837e-01 -2.7347e-02 +1.6843e+00 -3.2580e+00 +2.0290e-01 +3.8609e-01 +3.5619e-01 +2.6768e+00
2417 0 +2.122348900e-02 +1.883122349e+01 +1.883122349e+01 -1.8539e-01 +1.7904e+00 -8.1119e-01 -3.0101e-02 +1.6874e+00 -3.2446e+00 +2.1108e-01 +3.6866e-01 +3.5575e-01 +2.6692e+00
2458 0 +2.068168811e-02 +1.883068169e+01 +1.883068169e+01 -1.9204e-01 +1.7889e+00 -8.1664e-01 -3.5493e-02 +1.6692e+00 -3.2376e+00 +2.0954e-01 +3.7815e-01 +3.6400e-01 +2.6779e+00
2465 0 +1.872480329e-02 +1.882872480e+01 +1.882872480e+01 -1.9182e-01 +1.7867e+00 -8.2339e-01 -2.6548e-02 +1.6710e+00 -3.2337e+00 +2.1418e-01 +3.8711e-01 +3.5527e-01 +2.6789e+00
2499 0 +1.508975407e-02 +1.882508975e+01 +1.882508975e+01 -1.7022e-01 +1.7919e+00 -8.0228e-01 -3.4028e-02 +1.6763e+00 -3.2405e+00 +2.0360e-01 +3.8407e-01 +3.5291e-01 +2.6770e+00
% f evaluations | g evaluations | best noise-free fitness - Fopt (2.731500000000e+02) + sum g_i+ | measured fitness | best measured fitness or single-digit g-values | x1 | x2...
1 0 +2.250066945e+01 +2.956506694e+02 +2.956506694e+02 +5.9671e-01 -3.8264e-02 +7.4769e-01 +1.6230e+00 -1.3415e-01 -1.3414e-01 +1.6792e+00 +8.6743e-01 -3.6947e-01 +6.4256e-01
4 0 +1.478898579e+01 +2.879389858e+02 +2.879389858e+02 -5.0171e-01 +1.9523e+00 +8.6503e-02 -9.5771e-01 +9.2254e-01 -1.1208e+00 +3.0886e-01 -1.8597e+00 -1.2282e+00 +2.9686e-01
16 0 +1.355324968e+01 +2.867032497e+02 +2.867032497e+02 +3.5049e-01 +4.4645e-01 -5.8002e-01 +3.3225e-01 +3.9307e-01 -6.1435e-01 +1.9658e+00 +5.7383e-01 -1.0913e+00 +7.5655e-01
27 0 +9.165549994e+00 +2.823155500e+02 +2.823155500e+02 -8.2693e-01 +4.0475e-02 -3.1413e+00 -9.2439e-01 -1.5257e-01 -1.1478e+00 +1.7324e+00 -1.3301e+00 -3.4004e-01 +2.3074e-01
91 0 +6.691157189e+00 +2.798411572e+02 +2.798411572e+02 -1.1268e+00 +3.0433e+00 -1.7301e+00 +1.0987e+00 +2.6036e+00 -1.6016e+00 +8.3808e-01 -1.2084e+00 +6.6043e-01 +7.7082e-02
102 0 +5.805389375e+00 +2.789553894e+02 +2.789553894e+02 -1.9274e+00 +1.2684e+00 -2.6787e-01 +1.8848e+00 +1.4541e+00 -2.1134e+00 +2.4716e-01 -3.1216e+00 +1.1154e+00 +7.3815e-01
120 0 +4.929151204e+00 +2.780791512e+02 +2.780791512e+02 +1.1338e+00 +1.0550e+00 -1.5621e+00 +4.4492e-01 +1.2229e+00 -3.5881e+00 +1.4093e+00 -3.0625e+00 -1.0537e+00 +1.9493e+00
123 0 +4.869889051e+00 +2.780198891e+02 +2.780198891e+02 -3.4885e+00 +3.3141e+00 -2.0392e+00 +3.3180e+00 +1.2541e+00 -1.1560e+00 +2.2236e-01 -1.0980e-01 -8.9209e-01 +9.7124e-02
276 0 +4.780654515e+00 +2.779306545e+02 +2.779306545e+02 -4.4277e+00 +2.8981e+00 -2.2187e-01 +1.7979e+00 +2.1084e+00 -1.6700e+00 +1.6582e+00 -3.5647e+00 -2.1552e-01 +2.0976e+00
306 0 +4.510948546e+00 +2.776609485e+02 +2.776609485e+02 -3.6510e+00 +2.6996e+00 +1.6255e+00 +4.4206e+00 +2.6312e+00 -3.0249e+00 -1.8925e+00 -2.5832e+00 -1.2225e+00 +1.0325e+00
307 0 +4.218605527e+00 +2.773686055e+02 +2.773686055e+02 -1.2761e+00 +3.1318e+00 +8.9115e-01 +2.9297e+00 +1.9942e+00 -3.2898e+00 -1.0845e+00 -8.7434e-01 -7.2287e-01 +4.1183e+00
341 0 +3.945516575e+00 +2.770955166e+02 +2.770955166e+02 -4.3848e+00 +3.3092e+00 -7.0106e-01 +2.5432e+00 +2.5618e+00 -2.1460e+00 +8.4754e-01 -5.5666e-01 -1.6542e+00 +3.1032e+00
401 0 +3.623024530e+00 +2.767730245e+02 +2.767730245e+02 -1.9528e+00 +4.1954e+00 +9.6457e-02 +2.0183e+00 +1.3374e+00 -2.2366e+00 -5.9786e-02 -1.5428e-01 -1.3106e+00 +3.7944e+00
402 0 +3.162549432e+00 +2.763125494e+02 +2.763125494e+02 -3.0691e+00 +3.2759e+00 +1.0026e-01 +1.3998e+00 +1.9295e+00 -2.9272e+00 +6.3070e-01 -1.7365e+00 -2.3714e+00 +3.1264e+00
456 0 +2.837564468e+00 +2.759875645e+02 +2.759875645e+02 -3.4492e+00 +2.8936e+00 -5.5813e-01 +2.2258e+00 +1.2781e+00 -2.9259e+00 -1.3699e-01 -2.2953e+00 -2.7590e+00 +2.5789e+00
509 0 +2.376363302e+00 +2.755263633e+02 +2.755263633e+02 -3.7611e+00 +3.1941e+00 +2.0330e-01 +1.9399e+00 +2.5390e-01 -3.6911e+00 +1.7313e-01 -1.3660e-01 -2.1588e+00 +3.9544e+00
539 0 +1.962405820e+00 +2.751124058e+02 +2.751124058e+02 -3.3535e+00 +3.9517e+00 -3.3322e-01 +3.3493e+00 +1.0550e+00 -3.7996e+00 -6.4675e-01 -8.5284e-01 -2.5887e+00 +4.1391e+00
561 0 +1.541832962e+00 +2.746918330e+02 +2.746918330e+02 -4.7587e+00 +4.4221e+00 -5.1198e-01 +2.6858e+00 +2.3313e+00 -3.5380e+00 -1.1022e+00 -2.7120e-01 -1.9955e+00 +3.2627e+00
753 0 +1.235221815e+00 +2.743852218e+02 +2.743852218e+02 -2.9483e+00 +4.1320e+00 -9.2251e-01 +2.7686e+00 +1.6556e+00 -3.7062e+00 -6.7168e-01 -1.2820e+00 -1.7803e+00 +3.5990e+00
759 0 +1.061427358e+00 +2.742114274e+02 +2.742114274e+02 -4.3466e+00 +4.0365e+00 -1.5751e+00 +2.6034e+00 +1.9109e+00 -3.5357e+00 -1.3353e+00 -1.6550e+00 -2.1557e+00 +3.9614e+00
810 0 +7.445266571e-01 +2.738945267e+02 +2.738945267e+02 -3.3566e+00 +3.7433e+00 -5.6663e-01 +2.3580e+00 +2.0013e+00 -4.1846e+00 -1.3518e+00 -8.4900e-01 -1.7662e+00 +3.5147e+00
917 0 +7.308311131e-01 +2.738808311e+02 +2.738808311e+02 -3.4571e+00 +3.2647e+00 -4.9158e-01 +2.3269e+00 +1.7273e+00 -4.0552e+00 -1.1357e+00 -1.4598e+00 -1.6893e+00 +3.3190e+00
1012 0 +6.325600951e-01 +2.737825601e+02 +2.737825601e+02 -3.4802e+00 +3.4225e+00 -8.4552e-02 +2.2951e+00 +1.5626e+00 -4.0368e+00 -8.4176e-01 -9.6146e-01 -1.9368e+00 +3.0251e+00
1057 0 +4.982634684e-01 +2.736482635e+02 +2.736482635e+02 -3.3618e+00 +3.5249e+00 -2.2879e-01 +2.4125e+00 +1.8591e+00 -3.9881e+00 -8.2377e-01 -1.2256e+00 -1.9503e+00 +3.1152e+00
1104 0 +3.408282750e-01 +2.734908283e+02 +2.734908283e+02 -3.4077e+00 +3.7388e+00 -5.3166e-01 +2.4692e+00 +1.7335e+00 -3.8882e+00 -8.8373e-01 -1.0137e+00 -2.0615e+00 +3.2146e+00
1202 0 +3.185821160e-01 +2.734685821e+02 +2.734685821e+02 -3.4270e+00 +3.7094e+00 -5.4040e-01 +2.5739e+00 +1.8096e+00 -3.9783e+00 -8.8147e-01 -9.7188e-01 -2.1417e+00 +3.1196e+00
1210 0 +2.624993432e-01 +2.734124993e+02 +2.734124993e+02 -3.6458e+00 +3.7753e+00 -5.7044e-01 +2.5361e+00 +1.8610e+00 -3.9047e+00 -1.1350e+00 -1.0791e+00 -1.9725e+00 +3.3325e+00
1340 0 +2.128650079e-01 +2.733628650e+02 +2.733628650e+02 -3.6176e+00 +3.8142e+00 -4.2800e-01 +2.6989e+00 +1.8028e+00 -3.9014e+00 -9.5844e-01 -1.0698e+00 -2.1171e+00 +3.0854e+00
1504 0 +2.106085152e-01 +2.733606085e+02 +2.733606085e+02 -3.5091e+00 +3.7787e+00 -4.1214e-01 +2.3651e+00 +2.0246e+00 -3.9334e+00 -9.7903e-01 -9.6772e-01 -1.9136e+00 +3.1916e+00
1537 0 +1.745827305e-01 +2.733245827e+02 +2.733245827e+02 -3.7069e+00 +3.6850e+00 -4.0596e-01 +2.5310e+00 +1.9206e+00 -3.9136e+00 -1.1303e+00 -1.0961e+00 -1.9861e+00 +3.2439e+00
1559 0 +1.602396192e-01 +2.733102396e+02 +2.733102396e+02 -3.6443e+00 +3.7023e+00 -4.6989e-01 +2.5880e+00 +1.9812e+00 -3.9185e+00 -1.0695e+00 -1.1254e+00 -1.9005e+00 +3.2828e+00
1564 0 +1.548085740e-01 +2.733048086e+02 +2.733048086e+02 -3.6082e+00 +3.7261e+00 -4.1409e-01 +2.5319e+00 +1.9490e+00 -3.8701e+00 -1.0858e+00 -1.0805e+00 -1.9473e+00 +3.1610e+00
1601 0 +1.271083491e-01 +2.732771083e+02 +2.732771083e+02 -3.6141e+00 +3.7074e+00 -4.6645e-01 +2.5922e+00 +1.9198e+00 -3.8883e+00 -1.0630e+00 -1.0919e+00 -2.0002e+00 +3.2104e+00
1660 0 +1.166812594e-01 +2.732666813e+02 +2.732666813e+02 -3.5838e+00 +3.7721e+00 -4.7195e-01 +2.5606e+00 +1.9828e+00 -3.9314e+00 -1.0740e+00 -1.0903e+00 -1.9365e+00 +3.2332e+00
1751 0 +1.087251703e-01 +2.732587252e+02 +2.732587252e+02 -3.5874e+00 +3.7633e+00 -4.4714e-01 +2.5454e+00 +1.9366e+00 -3.9084e+00 -1.0079e+00 -1.1011e+00 -1.9649e+00 +3.1941e+00
1781 0 +8.805508870e-02 +2.732380551e+02 +2.732380551e+02 -3.5267e+00 +3.7416e+00 -4.7181e-01 +2.6146e+00 +2.0522e+00 -3.8955e+00 -1.0319e+00 -1.0197e+00 -1.9544e+00 +3.2393e+00
1808 0 +8.369802533e-02 +2.732336980e+02 +2.732336980e+02 -3.5442e+00 +3.7390e+00 -4.8433e-01 +2.6090e+00 +2.0536e+00 -3.9100e+00 -1.0266e+00 -1.0066e+00 -1.9756e+00 +3.2269e+00
1832 0 +8.121995800e-02 +2.732312200e+02 +2.732312200e+02 -3.6108e+00 +3.7517e+00 -4.4067e-01 +2.5296e+00 +1.9710e+00 -3.8829e+00 -1.0300e+00 -1.0366e+00 -1.9579e+00 +3.2259e+00
1923 0 +8.113745932e-02 +2.732311375e+02 +2.732311375e+02 -3.5536e+00 +3.7340e+00 -4.8819e-01 +2.5852e+00 +1.9704e+00 -3.9847e+00 -1.0508e+00 -1.0645e+00 -2.0012e+00 +3.1848e+00
1953 0 +6.713302530e-02 +2.732171330e+02 +2.732171330e+02 -3.5570e+00 +3.7191e+00 -4.8255e-01 +2.6025e+00 +1.9729e+00 -3.9369e+00 -1.0230e+00 -1.0454e+00 -1.9745e+00 +3.1703e+00
1980 0 +3.735797826e-02 +2.731873580e+02 +2.731873580e+02 -3.5448e+00 +3.7151e+00 -4.7946e-01 +2.5606e+00 +2.0011e+00 -3.9218e+00 -1.0193e+00 -1.0962e+00 -1.9476e+00 +3.1997e+00
2205 0 +2.664348841e-02 +2.731766435e+02 +2.731766435e+02 -3.5699e+00 +3.7551e+00 -4.8494e-01 +2.5610e+00 +2.0105e+00 -3.8988e+00 -1.0337e+00 -1.0765e+00 -1.9572e+00 +3.1952e+00
2356 0 +1.748957847e-02 +2.731674896e+02 +2.731674896e+02 -3.5823e+00 +3.7549e+00 -4.8197e-01 +2.5561e+00 +2.0116e+00 -3.9133e+00 -1.0410e+00 -1.0647e+00 -1.9689e+00 +3.1893e+00
% f evaluations | g evaluations | best noise-free fitness - Fopt (3.718000000000e+01) + sum g_i+ | measured fitness | best measured fitness or single-digit g-values | x1 | x2...
1 0 +1.658221212e+01 +5.376221212e+01 +5.376221212e+01 +5.9671e-01 -3.8264e-02 +7.4769e-01 +1.6230e+00 -1.3415e-01 -1.3414e-01 +1.6792e+00 +8.6743e-01 -3.6947e-01 +6.4256e-01
3 0 +1.626243604e+01 +5.344243604e+01 +5.344243604e+01 +1.5656e+00 -1.2578e-01 +1.6753e-01 -1.3247e+00 -4.4438e-01 +2.1092e-01 -1.0510e+00 +4.7570e-01 -5.0064e-01 -1.9169e-01
4 0 +1.230304930e+01 +4.948304930e+01 +4.948304930e+01 -5.0171e-01 +1.9523e+00 +8.6503e-02 -9.5771e-01 +9.2254e-01 -1.1208e+00 +3.0886e-01 -1.8597e+00 -1.2282e+00 +2.9686e-01
10 0 +1.201440565e+01 +4.919440565e+01 +4.919440565e+01 +1.9708e-01 +1.0686e+00 -6.0205e-01 -2.2766e-01 -2.9211e-01 -1.3635e+00 +3.9612e-01 +3.6106e-01 +1.0511e-01 -1.3459e-01
12 0 +1.075236747e+01 +4.793236747e+01 +4.793236747e+01 -1.8188e+00 +7.3486e-02 +1.6023e-01 +2.5632e+00 -9.2361e-02 +4.0155e-01 +6.5288e-02 -1.0687e+00 +1.2428e+00 +8.5193e-01
25 0 +1.038529648e+01 +4.756529648e+01 +4.756529648e+01 -6.9252e-01 -1.4736e-02 +6.0499e-01 +9.6576e-01 -1.1003e+00 -2.3450e-01 -3.7495e-01 -5.5333e-01 +1.8655e+00 +5.0498e-01
26 0 +6.758847266e+00 +4.393884727e+01 +4.393884727e+01 -1.1609e+00 +1.0179e+00 +2.2222e+00 +1.1325e+00 -1.4194e+00 -3.8423e-01 +1.3669e+00 -6.0767e-01 +5.4382e-01 +8.7463e-01
128 0 +6.584780414e+00 +4.376478041e+01 +4.376478041e+01 -1.7397e+00 -1.9294e-01 +2.3420e+00 +1.2226e+00 -1.0394e+00 -3.3133e-01 -5.8920e-01 -1.7011e+00 -1.2360e+00 +2.1848e+00
132 0 +6.557766393e+00 +4.373776639e+01 +4.373776639e+01 -3.0749e+00 +3.6059e+00 +1.5995e+00 -1.8239e-01 -2.4716e+00 -5.9660e-02 -2.6291e+00 -1.2645e+00 -1.1491e+00 +6.3704e-01
154 0 +6.104766627e+00 +4.328476663e+01 +4.328476663e+01 -3.1645e+00 +2.5817e+00 +1.6647e+00 +1.4565e+00 -3.8547e+00 -1.7278e+00 -1.3545e+00 -2.5880e+00 -3.5944e+00 +8.7290e-01
161 0 +5.278917571e+00 +4.245891757e+01 +4.245891757e+01 -3.2211e+00 +9.1788e-01 +3.7444e+00 +2.1589e+00 -2.7885e+00 +1.0364e+00 -3.2788e+00 -4.7742e+00 -1.7910e-01 +1.4835e+00
202 0 +4.336081644e+00 +4.151608164e+01 +4.151608164e+01 -4.9263e+00 +3.2292e-01 +3.5399e+00 +5.7265e-01 -3.8070e+00 +2.1085e-01 +2.1101e+00 -4.3458e+00 +2.8002e-01 +1.9923e+00
251 0 +4.239480374e+00 +4.141948037e+01 +4.141948037e+01 -3.2848e+00 +2.1888e+00 +3.5717e+00 +1.7785e+00 -3.2164e+00 -8.1863e-01 -4.9497e-01 -3.3326e+00 -2.6752e+00 +2.2656e+00
318 0 +3.665912642e+00 +4.084591264e+01 +4.084591264e+01 -3.6485e+00 +2.1121e+00 +2.6175e+00 +2.9619e+00 -2.5719e+00 -1.8452e+00 +1.6791e-01 -2.6043e+00 -1.5236e+00 +2.4530e+00
354 0 +3.325920623e+00 +4.050592062e+01 +4.050592062e+01 -3.4313e+00 +2.2846e+00 +1.2155e+00 +2.3458e+00 -2.4461e+00 -2.2743e+00 +9.9443e-01 -3.0075e+00 -3.1562e+00 +3.3067e+00
456 0 +3.318209721e+00 +4.049820972e+01 +4.049820972e+01 -3.6210e+00 +1.3139e+00 +2.8961e+00 +2.6585e+00 -3.8262e+00 -1.4609e+00 -2.3576e-01 -3.3903e+00 -1.0604e+00 +1.5586e+00
461 0 +3.275890171e+00 +4.045589017e+01 +4.045589017e+01 -3.4388e+00 +3.3128e+00 +1.1854e+00 +2.6376e+00 -3.7287e+00 -1.1459e+00 +7.1232e-01 -2.4209e+00 -2.8791e+00 +3.9736e+00
481 0 +3.206044684e+00 +4.038604468e+01 +4.038604468e+01 -3.4908e+00 +1.6529e-01 +2.0931e-01 +4.1320e+00 -3.2642e+00 -1.4220e+00 -3.4954e-01 -4.4486e+00 -3.0485e+00 +2.3831e+00
488 0 +3.167160274e+00 +4.034716027e+01 +4.034716027e+01 -3.2058e+00 +3.1608e+00 +1.4102e+00 +2.2276e+00 -3.7637e+00 -1.2627e+00 -6.9266e-02 -4.8849e+00 -2.5946e+00 +3.2312e+00
501 0 +2.381106011e+00 +3.956110601e+01 +3.956110601e+01 -3.1692e+00 +4.4073e-01 +2.0192e+00 +2.9591e+00 -2.3391e+00 -1.5983e+00 +2.5672e-01 -2.8460e+00 -1.3176e+00 +1.5157e+00
505 0 +2.300570910e+00 +3.948057091e+01 +3.948057091e+01 -3.1744e+00 +2.0573e+00 +2.6940e+00 +2.0079e+00 -2.7123e+00 -1.8320e+00 +4.2782e-01 -3.8112e+00 -2.4193e+00 +3.2431e+00
508 0 +2.213616220e+00 +3.939361622e+01 +3.939361622e+01 -4.4446e+00 +1.8704e+00 +1.6914e+00 +2.3106e+00 -4.2659e+00 -2.0057e+00 +3.2040e-01 -3.1668e+00 -2.3631e+00 +3.4461e+00
534 0 +2.020312469e+00 +3.920031247e+01 +3.920031247e+01 -4.1560e+00 +2.9901e+00 +2.2287e+00 +2.1303e+00 -3.6473e+00 -8.5002e-01 -5.3161e-01 -3.2252e+00 -1.4337e+00 +2.8750e+00
542 0 +1.832363386e+00 +3.901236339e+01 +3.901236339e+01 -3.6634e+00 +2.1941e+00 +1.7755e+00 +1.2316e+00 -3.1999e+00 -1.2070e+00 +1.1488e+00 -2.5558e+00 -2.0425e+00 +2.7139e+00
559 0 +1.599474679e+00 +3.877947468e+01 +3.877947468e+01 -3.4446e+00 +2.4938e+00 +2.2615e+00 +1.7252e+00 -2.6239e+00 -1.5392e+00 +3.5355e-01 -3.8201e+00 -2.5493e+00 +3.3995e+00
619 0 +1.539363502e+00 +3.871936350e+01 +3.871936350e+01 -3.4004e+00 +1.2583e+00 +1.2293e+00 +9.2765e-01 -2.9906e+00 -1.3866e+00 +4.9619e-01 -3.1090e+00 -2.5356e+00 +3.5207e+00
652 0 +1.368361833e+00 +3.854836183e+01 +3.854836183e+01 -4.7932e+00 +2.2815e+00 +1.1815e+00 +1.1368e+00 -4.0841e+00 -1.3959e+00 +1.2229e+00 -3.7059e+00 -1.8648e+00 +2.9420e+00
689 0 +1.331843120e+00 +3.851184312e+01 +3.851184312e+01 -3.7242e+00 +2.3748e+00 +2.3841e+00 +1.3534e+00 -4.7101e+00 -7.6362e-01 +6.4586e-03 -3.3786e+00 -1.8860e+00 +2.5667e+00
710 0 +1.258572244e+00 +3.843857224e+01 +3.843857224e+01 -3.6970e+00 +2.4548e+00 +1.8981e+00 +1.2973e+00 -3.6414e+00 -9.4063e-01 +1.9492e-01 -2.8725e+00 -2.2629e+00 +3.2662e+00
721 0 +1.164677084e+00 +3.834467708e+01 +3.834467708e+01 -3.1005e+00 +2.1211e+00 +1.7142e+00 +1.2991e+00 -3.4698e+00 -1.6435e+00 +4.8009e-01 -3.3986e+00 -2.2737e+00 +2.4256e+00
752 0 +1.035895320e+00 +3.821589532e+01 +3.821589532e+01 -3.7329e+00 +1.9386e+00 +1.5252e+00 +1.1933e+00 -3.4578e+00 -1.3207e+00 -2.6743e-01 -3.1407e+00 -1.9144e+00 +2.6695e+00
782 0 +9.050802209e-01 +3.808508022e+01 +3.808508022e+01 -3.7789e+00 +2.8853e+00 +1.7964e+00 +1.8032e+00 -3.0625e+00 -1.2184e+00 +3.5768e-01 -3.3528e+00 -2.0476e+00 +3.0382e+00
889 0 +4.069901668e-01 +3.758699017e+01 +3.758699017e+01 -3.9745e+00 +2.1277e+00 +1.9437e+00 +1.6646e+00 -3.6500e+00 -1.0672e+00 +5.7746e-01 -3.6500e+00 -1.8753e+00 +3.2695e+00
1155 0 +3.044823702e-01 +3.748448237e+01 +3.748448237e+01 -3.8762e+00 +2.1389e+00 +1.9843e+00 +1.5354e+00 -3.5696e+00 -1.2083e+00 +4.0056e-01 -3.3668e+00 -1.8436e+00 +2.8965e+00
1156 0 +2.678786113e-01 +3.744787861e+01 +3.744787861e+01 -3.9624e+00 +2.1536e+00 +2.0433e+00 +1.4597e+00 -3.5002e+00 -1.1709e+00 +5.7566e-01 -3.2906e+00 -1.7632e+00 +3.2067e+00
1203 0 +2.487829515e-01 +3.742878295e+01 +3.742878295e+01 -3.7908e+00 +2.0434e+00 +2.0636e+00 +1.4789e+00 -3.4995e+00 -1.2496e+00 +3.5630e-01 -3.3593e+00 -1.8463e+00 +3.0792e+00
1273 0 +2.285972369e-01 +3.740859724e+01 +3.740859724e+01 -3.8530e+00 +2.1121e+00 +1.9607e+00 +1.6498e+00 -3.4955e+00 -1.1779e+00 +2.3279e-01 -3.4480e+00 -1.7968e+00 +2.9982e+00
1361 0 +2.153803144e-01 +3.739538031e+01 +3.739538031e+01 -3.9341e+00 +1.9363e+00 +1.9505e+00 +1.6585e+00 -3.5093e+00 -1.1933e+00 +5.0757e-01 -3.4980e+00 -1.8577e+00 +3.0135e+00
1370 0 +2.036556129e-01 +3.738365561e+01 +3.738365561e+01 -3.8629e+00 +1.9672e+00 +2.0873e+00 +1.6704e+00 -3.6352e+00 -1.2228e+00 +2.5813e-01 -3.4448e+00 -1.9185e+00 +2.9789e+00
1403 0 +2.007512645e-01 +3.738075126e+01 +3.738075126e+01 -3.8730e+00 +1.9847e+00 +1.9499e+00 +1.6675e+00 -3.5842e+00 -1.2486e+00 +3.6461e-01 -3.4590e+00 -1.7178e+00 +3.0375e+00
1423 0 +1.911352110e-01 +3.737113521e+01 +3.737113521e+01 -3.9081e+00 +2.1285e+00 +1.9891e+00 +1.6358e+00 -3.5596e+00 -1.2919e+00 +3.5470e-01 -3.4381e+00 -1.6978e+00 +3.0157e+00
1438 0 +1.780765556e-01 +3.735807656e+01 +3.735807656e+01 -3.8407e+00 +2.1343e+00 +1.9981e+00 +1.5490e+00 -3.4345e+00 -1.2791e+00 +3.8721e-01 -3.3135e+00 -1.7928e+00 +3.0409e+00
1483 0 +1.633557998e-01 +3.734335580e+01 +3.734335580e+01 -3.8617e+00 +1.9751e+00 +2.0094e+00 +1.6199e+00 -3.4506e+00 -1.3146e+00 +2.9717e-01 -3.3297e+00 -1.7793e+00 +3.0177e+00
1515 0 +1.575004428e-01 +3.733750044e+01 +3.733750044e+01 -3.9138e+00 +2.0407e+00 +2.0456e+00 +1.6469e+00 -3.6464e+00 -1.2862e+00 +3.5674e-01 -3.3708e+00 -1.7079e+00 +2.9773e+00
1551 0 +9.605049336e-02 +3.727605049e+01 +3.727605049e+01 -3.9003e+00 +2.0400e+00 +2.0463e+00 +1.6208e+00 -3.5572e+00 -1.2853e+00 +3.0425e-01 -3.3334e+00 -1.7509e+00 +3.0147e+00
1662 0 +8.261070892e-02 +3.726261071e+01 +3.726261071e+01 -3.8937e+00 +2.0299e+00 +2.0214e+00 +1.6710e+00 -3.5553e+00 -1.2564e+00 +3.6416e-01 -3.3956e+00 -1.7859e+00 +2.9911e+00
1674 0 +6.923927734e-02 +3.724923928e+01 +3.724923928e+01 -3.8675e+00 +2.0057e+00 +1.9923e+00 +1.6541e+00 -3.5014e+00 -1.2823e+00 +3.8890e-01 -3.3223e+00 -1.7543e+00 +3.0090e+00
1765 0 +5.165105662e-02 +3.723165106e+01 +3.723165106e+01 -3.9183e+00 +2.0865e+00 +2.0481e+00 +1.6006e+00 -3.5314e+00 -1.2213e+00 +3.8776e-01 -3.3925e+00 -1.8304e+00 +3.0479e+00
1903 0 +4.812048327e-02 +3.722812048e+01 +3.722812048e+01 -3.8786e+00 +2.0087e+00 +1.9775e+00 +1.6687e+00 -3.5032e+00 -1.2795e+00 +3.6770e-01 -3.3771e+00 -1.7635e+00 +3.0104e+00
1913 0 +4.739086292e-02 +3.722739086e+01 +3.722739086e+01 -3.8897e+00 +2.0482e+00 +2.0072e+00 +1.6170e+00 -3.5458e+00 -1.2577e+00 +3.5217e-01 -3.3678e+00 -1.7785e+00 +3.0266e+00
1961 0 +3.843274648e-02 +3.721843275e+01 +3.721843275e+01 -3.8955e+00 +2.0310e+00 +2.0213e+00 +1.6106e+00 -3.5249e+00 -1.2589e+00 +3.4314e-01 -3.3707e+00 -1.7737e+00 +3.0267e+00
2051 0 +3.471525362e-02 +3.721471525e+01 +3.721471525e+01 -3.9030e+00 +2.0360e+00 +2.0312e+00 +1.6148e+00 -3.5311e+00 -1.2492e+00 +3.6122e-01 -3.3750e+00 -1.7973e+00 +3.0224e+00
2056 0 +3.390613760e-02 +3.721390614e+01 +3.721390614e+01 -3.8834e+00 +2.0375e+00 +2.0103e+00 +1.6246e+00 -3.5164e+00 -1.2717e+00 +3.5704e-01 -3.3701e+00 -1.7703e+00 +3.0244e+00
2057 0 +2.947873246e-02 +3.720947873e+01 +3.720947873e+01 -3.9132e+00 +2.0645e+00 +2.0498e+00 +1.6025e+00 -3.5345e+00 -1.2425e+00 +3.7026e-01 -3.3881e+00 -1.8007e+00 +3.0406e+00
2096 0 +2.039566511e-02 +3.720039567e+01 +3.720039567e+01 -3.9038e+00 +2.0667e+00 +2.0219e+00 +1.6065e+00 -3.5403e+00 -1.2461e+00 +3.8990e-01 -3.3922e+00 -1.7743e+00 +3.0326e+00
2252 0 +2.002418602e-02 +3.720002419e+01 +3.720002419e+01 -3.9022e+00 +2.0684e+00 +2.0375e+00 +1.6109e+00 -3.5329e+00 -1.2598e+00 +3.4748e-01 -3.3717e+00 -1.7736e+00 +3.0355e+00
2313 0 +1.756498946e-02 +3.719756499e+01 +3.719756499e+01 -3.8938e+00 +2.0650e+00 +2.0413e+00 +1.6029e+00 -3.5310e+00 -1.2511e+00 +3.5096e-01 -3.3687e+00 -1.7715e+00 +3.0348e+00
2378 0 +1.325271630e-02 +3.719325272e+01 +3.719325272e+01 -3.8999e+00 +2.0630e+00 +2.0319e+00 +1.6025e+00 -3.5353e+00 -1.2563e+00 +3.6018e-01 -3.3773e+00 -1.7747e+00 +3.0361e+00
2483 0 +1.133218516e-02 +3.719133219e+01 +3.719133219e+01 -3.8987e+00 +2.0694e+00 +2.0441e+00 +1.6025e+00 -3.5344e+00 -1.2528e+00 +3.5781e-01 -3.3728e+00 -1.7761e+00 +3.0342e+00
% f evaluations | g evaluations | best noise-free fitness - Fopt (-1.479000000000e+02) + sum g_i+ | measured fitness | best measured fitness or single-digit g-values | x1 | x2...
1 0 +9.805217071e+00 -1.380947829e+02 -1.380947829e+02 +5.9671e-01 -3.8264e-02 +7.4769e-01 +1.6230e+00 -1.3415e-01 -1.3414e-01 +1.6792e+00 +8.6743e-01 -3.6947e-01 +6.4256e-01
2 0 +5.373338012e+00 -1.425266620e+02 -1.425266620e+02 -3.6342e-01 -3.6573e-01 +3.4196e-01 -1.8133e+00 -1.6249e+00 -4.6229e-01 -9.1283e-01 +4.1425e-01 -8.0802e-01 -1.3123e+00
20 0 +4.605621586e+00 -1.432943784e+02 -1.432943784e+02 -3.4651e-01 +9.5640e-01 +3.1409e-01 -1.1457e+00 +2.7318e-01 +4.8532e-01 -7.8386e-01 +2.5373e-01 +1.5821e-01 -1.0430e+00
51 0 +4.033338620e+00 -1.438666614e+02 -1.438666614e+02 -1.0989e+00 +1.8628e-01 +3.5476e-01 -2.0537e+00 -2.6061e-01 +1.1637e+00 -1.5889e-01 +2.0123e-01 -1.9487e+00 -2.7977e-01
169 0 +3.715524606e+00 -1.441844754e+02 -1.441844754e+02 -1.1453e+00 +1.3508e+00 +7.6440e-01 -1.4736e+00 -1.0207e+00 +1.0411e+00 -1.8237e+00 +4.7686e-01 -3.0202e+00 +4.0201e-01
211 0 +2.418373694e+00 -1.454816263e+02 -1.454816263e+02 -1.8555e+00 +8.3491e-01 +7.9436e-01 -1.5773e+00 -2.0058e+00 +6.6528e-01 -2.0260e+00 -1.5199e+00 -3.7805e+00 +2.4014e+00
352 0 +2.254552090e+00 -1.456454479e+02 -1.456454479e+02 -1.2548e+00 +5.9793e-01 +1.3789e+00 -2.1373e+00 -2.6617e+00 +1.5335e+00 -1.8968e+00 -1.9272e+00 -1.4658e+00 +1.1283e+00
359 0 +1.716339775e+00 -1.461836602e+02 -1.461836602e+02 -1.9292e+00 +8.4164e-01 +2.1294e+00 -1.8061e+00 -2.1351e+00 +1.0021e+00 -2.9573e+00 -2.2185e+00 -2.6622e+00 +1.4323e+00
509 0 +1.482346720e+00 -1.464176533e+02 -1.464176533e+02 -1.7726e+00 +2.0227e-01 +1.6909e+00 -2.3323e+00 -2.5715e+00 +1.0058e+00 -2.1035e+00 -2.1222e+00 -3.7666e+00 +9.2169e-01
530 0 +1.460163315e+00 -1.464398367e+02 -1.464398367e+02 -1.5587e+00 +2.4975e-02 +1.0799e+00 -1.8087e+00 -3.6791e+00 +1.5597e+00 -7.7327e-01 -1.4668e+00 -4.8656e+00 +1.4663e+00
602 0 +1.437486535e+00 -1.464625135e+02 -1.464625135e+02 -1.9559e+00 +4.3083e-01 +1.1171e+00 -1.4342e+00 -2.8777e+00 +1.6088e+00 -2.0112e+00 -1.7037e+00 -3.8447e+00 +1.3679e+00
605 0 +1.171296131e+00 -1.467287039e+02 -1.467287039e+02 -1.4782e+00 +4.8893e-01 +9.3840e-01 -2.1150e+00 -3.2609e+00 +1.2092e+00 -1.8368e+00 -2.1684e+00 -4.0415e+00 +1.2434e+00
651 0 +1.054052422e+00 -1.468459476e+02 -1.468459476e+02 -1.8178e+00 +3.3588e-01 +1.2288e+00 -1.8832e+00 -3.2341e+00 +1.4795e+00 -1.3231e+00 -2.4616e+00 -3.4829e+00 +1.7728e+00
702 0 +8.565029366e-01 -1.470434971e+02 -1.470434971e+02 -1.4222e+00 +2.2425e-01 +5.6782e-01 -1.9923e+00 -3.0824e+00 +1.1615e+00 -1.8903e+00 -2.3507e+00 -3.5502e+00 +1.5536e+00
806 0 +5.658316442e-01 -1.473341684e+02 -1.473341684e+02 -1.9013e+00 +1.1839e-01 +1.2745e+00 -2.2846e+00 -3.2288e+00 +1.5514e+00 -1.7223e+00 -2.5398e+00 -3.5907e+00 +1.3382e+00
960 0 +5.602733435e-01 -1.473397267e+02 -1.473397267e+02 -1.6471e+00 -3.3826e-02 +1.1710e+00 -1.9969e+00 -2.8852e+00 +1.5280e+00 -1.4604e+00 -2.1200e+00 -3.9487e+00 +1.7831e+00
981 0 +5.372685331e-01 -1.473627315e+02 -1.473627315e+02 -1.8853e+00 +1.0220e-01 +1.1566e+00 -1.9810e+00 -3.0928e+00 +1.4111e+00 -1.7450e+00 -2.1954e+00 -3.7465e+00 +2.0181e+00
990 0 +4.893270586e-01 -1.474106729e+02 -1.474106729e+02 -1.7907e+00 +1.0480e-01 +1.1137e+00 -2.0082e+00 -3.0698e+00 +1.2401e+00 -1.5339e+00 -1.9411e+00 -3.8036e+00 +1.6543e+00
1010 0 +4.365860880e-01 -1.474634139e+02 -1.474634139e+02 -1.6701e+00 +1.9959e-01 +1.1325e+00 -2.1004e+00 -3.1923e+00 +1.5590e+00 -1.5063e+00 -2.2692e+00 -3.4978e+00 +1.7054e+00
1100 0 +3.911978314e-01 -1.475088022e+02 -1.475088022e+02 -1.6653e+00 +2.6467e-01 +1.2740e+00 -2.0077e+00 -3.3201e+00 +1.4271e+00 -1.9260e+00 -2.4399e+00 -3.8124e+00 +1.7301e+00
1148 0 +3.066810288e-01 -1.475933190e+02 -1.475933190e+02 -1.7034e+00 +7.0719e-02 +1.1446e+00 -1.8997e+00 -3.1280e+00 +1.4021e+00 -1.7595e+00 -2.2899e+00 -3.9819e+00 +1.7504e+00
1151 0 +2.963718630e-01 -1.476036281e+02 -1.476036281e+02 -1.6744e+00 +1.6597e-01 +1.1584e+00 -2.0575e+00 -3.1099e+00 +1.3793e+00 -1.6812e+00 -2.4315e+00 -3.9192e+00 +1.7107e+00
1211 0 +2.032746457e-01 -1.476967254e+02 -1.476967254e+02 -1.6781e+00 +1.3824e-01 +1.1232e+00 -1.9384e+00 -3.1182e+00 +1.5693e+00 -1.6743e+00 -2.2733e+00 -3.7840e+00 +1.8075e+00
1263 0 +1.217368446e-01 -1.477782632e+02 -1.477782632e+02 -1.6889e+00 +2.5108e-01 +1.1399e+00 -2.0155e+00 -3.1411e+00 +1.4268e+00 -1.5791e+00 -2.3120e+00 -3.7850e+00 +1.7519e+00
1606 0 +1.212080744e-01 -1.477787919e+02 -1.477787919e+02 -1.6556e+00 +1.6497e-01 +1.0695e+00 -2.0103e+00 -3.0928e+00 +1.4650e+00 -1.5382e+00 -2.2318e+00 -3.7203e+00 +1.6703e+00
1616 0 +1.168512137e-01 -1.477831488e+02 -1.477831488e+02 -1.6886e+00 +1.6351e-01 +1.1631e+00 -1.9919e+00 -3.1326e+00 +1.4973e+00 -1.6118e+00 -2.3128e+00 -3.7931e+00 +1.8107e+00
1658 0 +9.208267556e-02 -1.478079173e+02 -1.478079173e+02 -1.6639e+00 +1.2450e-01 +1.2052e+00 -1.9957e+00 -3.0837e+00 +1.4703e+00 -1.6227e+00 -2.2847e+00 -3.7687e+00 +1.7153e+00
1686 0 +8.746371895e-02 -1.478125363e+02 -1.478125363e+02 -1.6792e+00 +1.1956e-01 +1.0981e+00 -2.0137e+00 -3.1724e+00 +1.4621e+00 -1.5275e+00 -2.2725e+00 -3.7680e+00 +1.7685e+00
1772 0 +7.996018523e-02 -1.478200398e+02 -1.478200398e+02 -1.6817e+00 +1.3344e-01 +1.1328e+00 -1.9803e+00 -3.1038e+00 +1.4490e+00 -1.6622e+00 -2.2629e+00 -3.7519e+00 +1.6936e+00
1861 0 +6.596973023e-02 -1.478340303e+02 -1.478340303e+02 -1.6831e+00 +8.0083e-02 +1.1228e+00 -1.9698e+00 -3.1375e+00 +1.4571e+00 -1.6116e+00 -2.2717e+00 -3.7903e+00 +1.7552e+00
1905 0 +6.455237710e-02 -1.478354476e+02 -1.478354476e+02 -1.6653e+00 +1.1872e-01 +1.1308e+00 -2.0311e+00 -3.1557e+00 +1.4249e+00 -1.5825e+00 -2.2873e+00 -3.7608e+00 +1.7388e+00
1915 0 +5.467550562e-02 -1.478453245e+02 -1.478453245e+02 -1.6831e+00 +1.1538e-01 +1.1303e+00 -2.0152e+00 -3.1229e+00 +1.4489e+00 -1.5791e+00 -2.2601e+00 -3.7450e+00 +1.7580e+00
1920 0 +5.268449385e-02 -1.478473155e+02 -1.478473155e+02 -1.6761e+00 +1.2259e-01 +1.1257e+00 -2.0183e+00 -3.0980e+00 +1.4638e+00 -1.6281e+00 -2.2614e+00 -3.7329e+00 +1.7338e+00
1925 0 +4.712070335e-02 -1.478528793e+02 -1.478528793e+02 -1.6412e+00 +1.0223e-01 +1.1409e+00 -1.9928e+00 -3.0979e+00 +1.4518e+00 -1.6046e+00 -2.2510e+00 -3.7722e+00 +1.7314e+00
2001 0 +2.378692641e-02 -1.478762131e+02 -1.478762131e+02 -1.6785e+00 +1.2793e-01 +1.1320e+00 -2.0208e+00 -3.0973e+00 +1.4646e+00 -1.5980e+00 -2.2459e+00 -3.7431e+00 +1.7254e+00
2255 0 +1.710906486e-02 -1.478828909e+02 -1.478828909e+02 -1.6840e+00 +1.3170e-01 +1.1405e+00 -2.0045e+00 -3.1146e+00 +1.4734e+00 -1.5978e+00 -2.2752e+00 -3.7404e+00 +1.7498e+00
2360 0 +1.598212144e-02 -1.478840179e+02 -1.478840179e+02 -1.6793e+00 +1.3307e-01 +1.1417e+00 -2.0059e+00 -3.1094e+00 +1.4705e+00 -1.6003e+00 -2.2675e+00 -3.7443e+00 +1.7450e+00
2462 0 +1.592996860e-02 -1.478840700e+02 -1.478840700e+02 -1.6753e+00 +1.3707e-01 +1.1458e+00 -2.0158e+00 -3.1111e+00 +1.4667e+00 -1.6038e+00 -2.2636e+00 -3.7422e+00 +1.7345e+00
% f evaluations | g evaluations | best noise-free fitness - Fopt (4.817100000000e+02) + sum g_i+ | measured fitness | best measured fitness or single-digit g-values | x1 | x2...
1 0 +1.977099023e+01 +5.014809902e+02 +5.014809902e+02 +5.9671e-01 -3.8264e-02 +7.4769e-01 +1.6230e+00 -1.3415e-01 -1.3414e-01 +1.6792e+00 +8.6743e-01 -3.6947e-01 +6.4256e-01
3 0 +1.832402573e+01 +5.000340257e+02 +5.000340257e+02 +1.5656e+00 -1.2578e-01 +1.6753e-01 -1.3247e+00 -4.4438e-01 +2.1092e-01 -1.0510e+00 +4.7570e-01 -5.0064e-01 -1.9169e-01
6 0 +1.187699064e+01 +4.935869906e+02 +4.935869906e+02 +4.2408e-01 -2.8508e-01 -5.7692e-01 +7.1168e-01 +1.1310e+00 +1.0313e+00 -7.3922e-01 -2.0921e-01 +4.3126e-01 +1.0755e+00
51 0 +1.052114171e+01 +4.922311417e+02 +4.922311417e+02 +1.8289e+00 -1.0618e+00 -2.2071e+00 +6.4056e-01 +4.5900e-02 -7.5530e-01 +7.0353e-01 +1.1877e+00 -8.9010e-01 -7.9958e-01
53 0 +8.290165008e+00 +4.900001650e+02 +4.900001650e+02 +8.5859e-01 -2.6413e+00 -1.4656e+00 -6.5966e-02 +9.3271e-01 +3.2006e-01 +1.2043e+00 -1.1403e+00 +7.8662e-01 -4.3681e-02
60 0 +7.344032101e+00 +4.890540321e+02 +4.890540321e+02 +1.5446e+00 -2.0022e+00 -1.5329e-01 +2.3011e+00 +9.4963e-01 -6.6716e-01 -1.9743e-01 -1.1377e+00 +3.3655e-01 +8.1254e-01
103 0 +6.061549596e+00 +4.877715496e+02 +4.877715496e+02 +1.0114e+00 -2.7191e+00 -6.0592e-01 +3.4409e-01 +9.0000e-01 -1.2915e+00 +1.6196e-01 -2.8203e+00 -3.7324e-02 +8.7646e-01
114 0 +5.658038205e+00 +4.873680382e+02 +4.873680382e+02 +1.0423e+00 -1.6624e+00 -1.7317e+00 +2.4999e+00 +4.3545e-01 +1.7172e+00 +1.7573e-02 -1.3955e+00 -1.5733e+00 +1.4123e+00
118 0 +5.212909153e+00 +4.869229092e+02 +4.869229092e+02 +2.7519e-01 -1.5505e+00 -9.7104e-01 +3.9890e+00 -1.7404e-01 -7.7863e-01 -1.0544e+00 -4.1683e-01 -1.9963e+00 +3.8742e-01
160 0 +4.678594689e+00 +4.863885947e+02 +4.863885947e+02 +7.9489e-01 -3.2911e+00 -4.7395e+00 +3.6579e+00 +3.7025e-01 +7.5988e-01 +1.9185e+00 -1.8039e+00 -1.6850e+00 -5.2364e-01
178 0 +3.913239414e+00 +4.856232394e+02 +4.856232394e+02 +1.4390e+00 -1.5411e+00 -1.6996e+00 +2.1836e+00 -8.0402e-01 +3.6754e-01 -1.2981e-01 -1.2880e+00 -2.6277e+00 +7.1326e-01
189 0 +3.897238623e+00 +4.856072386e+02 +4.856072386e+02 +5.8218e-01 -2.4397e+00 -1.6354e+00 +2.4228e+00 +4.9555e-01 +1.4791e-01 +7.0530e-01 -2.3091e+00 -2.0124e+00 -8.2538e-01
205 0 +3.851146858e+00 +4.855611469e+02 +4.855611469e+02 +2.4031e+00 -3.4672e+00 -3.0577e+00 +4.3188e+00 -9.0764e-02 -2.0038e+00 +2.2240e+00 -1.4243e+00 -1.1731e+00 +3.6984e-01
302 0 +2.203829676e+00 +4.839138297e+02 +4.839138297e+02 +1.8521e-01 -3.1799e+00 -3.4138e+00 +3.0525e+00 +4.5531e-01 -4.5261e-01 +2.9335e-01 -1.2068e+00 -1.3949e+00 +6.0995e-01
404 0 +1.385367427e+00 +4.830953674e+02 +4.830953674e+02 +1.2693e+00 -3.0910e+00 -3.1941e+00 +3.1051e+00 -7.5174e-01 -9.6556e-01 +1.7677e+00 -1.3947e+00 -2.2094e+00 +3.8282e-01
553 0 +1.064284643e+00 +4.827742846e+02 +4.827742846e+02 +8.2062e-01 -2.5944e+00 -2.7198e+00 +2.8859e+00 -8.8415e-01 -8.7876e-01 +8.9339e-01 -1.4840e+00 -1.4939e+00 +6.1826e-01
704 0 +9.074389086e-01 +4.826174389e+02 +4.826174389e+02 +1.3677e+00 -2.8221e+00 -2.8402e+00 +2.5302e+00 -7.8158e-01 -8.1396e-01 +3.2249e-01 -1.6348e+00 -2.0215e+00 +7.4559e-01
752 0 +7.851824334e-01 +4.824951824e+02 +4.824951824e+02 +9.7541e-01 -2.5285e+00 -2.9814e+00 +2.9764e+00 -3.7383e-01 -1.2864e+00 +1.2123e+00 -1.2893e+00 -2.0591e+00 +6.5785e-01
822 0 +7.261585483e-01 +4.824361585e+02 +4.824361585e+02 +1.2813e+00 -3.0697e+00 -2.7704e+00 +3.2408e+00 -4.7258e-01 -9.4875e-01 +3.9197e-01 -1.5990e+00 -1.9206e+00 +8.1989e-01
882 0 +6.466401614e-01 +4.823566402e+02 +4.823566402e+02 +1.2078e+00 -2.7952e+00 -2.6111e+00 +2.8076e+00 -3.1926e-01 -8.5326e-01 +8.9040e-01 -1.2226e+00 -1.9400e+00 +5.3748e-01
902 0 +4.333229646e-01 +4.821433230e+02 +4.821433230e+02 +9.6993e-01 -2.9449e+00 -2.8313e+00 +3.0989e+00 -3.0443e-01 -8.9019e-01 +6.6491e-01 -1.3732e+00 -1.9998e+00 +5.6114e-01
1005 0 +3.654427963e-01 +4.820754428e+02 +4.820754428e+02 +8.7473e-01 -3.0405e+00 -2.7082e+00 +2.9016e+00 -4.0369e-01 -8.8571e-01 +5.8201e-01 -1.4466e+00 -1.7799e+00 +4.5544e-01
1057 0 +3.033890343e-01 +4.820133890e+02 +4.820133890e+02 +1.1074e+00 -3.1020e+00 -2.8862e+00 +2.8592e+00 -3.5092e-01 -7.9807e-01 +5.0527e-01 -1.5472e+00 -1.8540e+00 +6.8031e-01
1151 0 +2.179175984e-01 +4.819279176e+02 +4.819279176e+02 +1.0235e+00 -2.9806e+00 -2.8415e+00 +3.0027e+00 -3.2027e-01 -7.9611e-01 +5.4005e-01 -1.4948e+00 -1.8161e+00 +6.1086e-01
1269 0 +1.748490074e-01 +4.818848490e+02 +4.818848490e+02 +1.0664e+00 -3.0258e+00 -2.9602e+00 +2.9747e+00 -2.8094e-01 -8.4897e-01 +6.2532e-01 -1.6666e+00 -1.7897e+00 +5.6969e-01
1303 0 +1.466903587e-01 +4.818566904e+02 +4.818566904e+02 +1.0296e+00 -2.9804e+00 -2.7952e+00 +3.0535e+00 -4.3806e-01 -8.8027e-01 +7.5099e-01 -1.5233e+00 -2.0029e+00 +5.4213e-01
1311 0 +1.310961305e-01 +4.818410961e+02 +4.818410961e+02 +1.0376e+00 -3.0427e+00 -2.8222e+00 +3.0466e+00 -3.2807e-01 -8.0721e-01 +6.7831e-01 -1.6278e+00 -1.8873e+00 +4.9223e-01
1451 0 +1.265774248e-01 +4.818365774e+02 +4.818365774e+02 +1.0115e+00 -3.0180e+00 -2.8982e+00 +3.0569e+00 -3.5234e-01 -8.3426e-01 +6.5690e-01 -1.5896e+00 -1.8481e+00 +4.9809e-01
1468 0 +1.202099033e-01 +4.818302099e+02 +4.818302099e+02 +1.0029e+00 -2.9564e+00 -2.9416e+00 +3.0673e+00 -3.9226e-01 -9.6471e-01 +6.7315e-01 -1.5958e+00 -1.8406e+00 +6.0919e-01
1501 0 +9.340165365e-02 +4.818034017e+02 +4.818034017e+02 +1.0191e+00 -2.9850e+00 -2.8822e+00 +3.0257e+00 -3.4544e-01 -8.2668e-01 +6.1386e-01 -1.6427e+00 -1.8629e+00 +5.0646e-01
1601 0 +6.961978981e-02 +4.817796198e+02 +4.817796198e+02 +1.0263e+00 -3.0043e+00 -2.9230e+00 +3.0955e+00 -3.5876e-01 -8.4694e-01 +6.0889e-01 -1.6241e+00 -1.8963e+00 +5.2139e-01
1730 0 +6.386080348e-02 +4.817738608e+02 +4.817738608e+02 +1.0250e+00 -2.9858e+00 -2.9225e+00 +3.0542e+00 -3.5984e-01 -9.1929e-01 +6.0258e-01 -1.5629e+00 -1.8759e+00 +5.1808e-01
1809 0 +5.824185259e-02 +4.817682419e+02 +4.817682419e+02 +1.0514e+00 -2.9989e+00 -2.9073e+00 +3.0585e+00 -3.5725e-01 -9.0652e-01 +6.5161e-01 -1.5851e+00 -1.8901e+00 +5.3539e-01
1854 0 +5.669325865e-02 +4.817666933e+02 +4.817666933e+02 +1.0213e+00 -3.0114e+00 -2.9161e+00 +3.0323e+00 -3.7732e-01 -9.0229e-01 +6.3119e-01 -1.5948e+00 -1.8861e+00 +5.4455e-01
1860 0 +5.250994401e-02 +4.817625099e+02 +4.817625099e+02 +1.0303e+00 -2.9875e+00 -2.9060e+00 +3.0477e+00 -3.6680e-01 -9.0167e-01 +6.5825e-01 -1.5758e+00 -1.8882e+00 +5.2230e-01
1867 0 +4.940467496e-02 +4.817594047e+02 +4.817594047e+02 +1.0725e+00 -2.9823e+00 -2.8877e+00 +3.0275e+00 -3.9515e-01 -8.7343e-01 +6.5614e-01 -1.5842e+00 -1.8989e+00 +5.1988e-01
1868 0 +3.625267856e-02 +4.817462527e+02 +4.817462527e+02 +1.0417e+00 -3.0014e+00 -2.8790e+00 +3.0124e+00 -3.6384e-01 -8.8154e-01 +6.5000e-01 -1.5643e+00 -1.8894e+00 +5.3613e-01
1880 0 +2.931283730e-02 +4.817393128e+02 +4.817393128e+02 +1.0437e+00 -2.9892e+00 -2.8959e+00 +3.0241e+00 -3.6484e-01 -8.7218e-01 +6.4069e-01 -1.5792e+00 -1.8882e+00 +5.5428e-01
1906 0 +2.888787474e-02 +4.817388879e+02 +4.817388879e+02 +1.0309e+00 -3.0146e+00 -2.8999e+00 +3.0399e+00 -3.6189e-01 -8.8652e-01 +6.3304e-01 -1.5960e+00 -1.8882e+00 +5.3605e-01
1954 0 +2.822102109e-02 +4.817382210e+02 +4.817382210e+02 +1.0600e+00 -3.0096e+00 -2.8842e+00 +3.0211e+00 -3.6482e-01 -8.6562e-01 +6.4615e-01 -1.5879e+00 -1.8819e+00 +5.4055e-01
1966 0 +2.778914098e-02 +4.817377891e+02 +4.817377891e+02 +1.0298e+00 -2.9914e+00 -2.8992e+00 +3.0502e+00 -3.8359e-01 -9.0463e-01 +6.3925e-01 -1.5849e+00 -1.8661e+00 +5.3304e-01
2004 0 +2.133023712e-02 +4.817313302e+02 +4.817313302e+02 +1.0297e+00 -2.9933e+00 -2.9013e+00 +3.0726e+00 -3.7264e-01 -9.0016e-01 +6.4442e-01 -1.5994e+00 -1.8764e+00 +5.1952e-01
2025 0 +1.729652873e-02 +4.817272965e+02 +4.817272965e+02 +1.0415e+00 -3.0005e+00 -2.8995e+00 +3.0325e+00 -3.5481e-01 -8.8252e-01 +6.3135e-01 -1.5901e+00 -1.8749e+00 +5.2384e-01
2152 0 +1.511634081e-02 +4.817251163e+02 +4.817251163e+02 +1.0494e+00 -3.0079e+00 -2.8965e+00 +3.0365e+00 -3.6166e-01 -8.7362e-01 +6.3509e-01 -1.5865e+00 -1.8800e+00 +5.3485e-01
2163 0 +1.481818301e-02 +4.817248182e+02 +4.817248182e+02 +1.0477e+00 -2.9988e+00 -2.8974e+00 +3.0339e+00 -3.6042e-01 -8.7002e-01 +6.2961e-01 -1.5962e+00 -1.8753e+00 +5.2985e-01
2252 0 +1.419832420e-02 +4.817241983e+02 +4.817241983e+02 +1.0509e+00 -3.0012e+00 -2.8935e+00 +3.0295e+00 -3.6320e-01 -8.7444e-01 +6.4761e-01 -1.5883e+00 -1.8786e+00 +5.2997e-01
2289 0 +1.399852800e-02 +4.817239985e+02 +4.817239985e+02 +1.0478e+00 -2.9987e+00 -2.8944e+00 +3.0274e+00 -3.7318e-01 -8.8333e-01 +6.4609e-01 -1.5886e+00 -1.8772e+00 +5.2488e-01
2301 0 +1.119933531e-02 +4.817211993e+02 +4.817211993e+02 +1.0506e+00 -2.9995e+00 -2.8888e+00 +3.0278e+00 -3.6642e-01 -8.8146e-01 +6.4137e-01 -1.5886e+00 -1.8800e+00 +5.2651e-01
2390 0 +1.087790570e-02 +4.817208779e+02 +4.817208779e+02 +1.0450e+00 -3.0012e+00 -2.8989e+00 +3.0416e+00 -3.7233e-01 -8.7933e-01 +6.4229e-01 -1.5899e+00 -1.8848e+00 +5.2996e-01
% f evaluations | g evaluations | best noise-free fitness - Fopt (-3.646000000000e+01) + sum g_i+ | measured fitness | best measured fitness or single-digit g-values | x1 | x2...
1 0 +3.444532106e+01 -2.014678938e+00 -2.014678938e+00 +5.9671e-01 -3.8264e-02 +7.4769e-01 +1.6230e+00 -1.3415e-01 -1.3414e-01 +1.6792e+00 +8.6743e-01 -3.6947e-01 +6.4256e-01
5 0 +3.402783365e+01 -2.432166345e+00 -2.432166345e+00 +8.3847e-01 +2.7137e-01 -1.5648e-02 -2.0110e-01 -1.3785e+00 -6.1984e-01 -3.6064e-01 +1.1571e+00 +4.4362e-01 -1.6630e+00
7 0 +3.343258054e+01 -3.027419464e+00 -3.027419464e+00 -3.7917e-01 -8.5659e-02 -1.0063e+00 -1.0962e+00 +9.1253e-01 +1.4562e+00 +2.7990e-02 +1.1035e+00 +4.6164e-01 -5.4512e-01
8 0 +3.241096746e+01 -4.049032536e+00 -4.049032536e+00 +4.6140e-01 +1.6380e+00 +6.4174e-02 +1.6646e+00 -2.5197e+00 +9.2190e-01 +1.8705e-01 -1.9901e-01 +1.9176e-01 -1.8876e+00
14 0 +2.580521189e+01 -1.065478811e+01 -1.065478811e+01 -1.4507e+00 +1.6856e-01 -9.6230e-01 +5.7359e-01 -8.1942e-01 +1.6499e+00 -6.8325e-01 -2.2206e-01 +9.1352e-01 -1.1309e+00
30 0 +2.554412259e+01 -1.091587741e+01 -1.091587741e+01 -1.0812e-01 -3.9300e-01 -4.8936e-01 +9.4960e-01 +4.5702e-01 -5.9291e-01 +9.9960e-01 +4.0730e-01 +9.1286e-01 +7.2963e-01
39 0 +2.507843633e+01 -1.138156367e+01 -1.138156367e+01 -7.3972e-01 -4.9939e-01 -2.0239e+00 -4.2576e-01 -6.5913e-01 +2.5039e-01 +4.4176e-01 +1.9762e+00 +1.0504e+00 -4.7690e-01
42 0 +1.860568386e+01 -1.785431614e+01 -1.785431614e+01 +8.1161e-01 -1.0246e+00 -1.4341e+00 +1.3777e+00 +4.3231e-01 -6.4849e-01 +1.6512e+00 +2.1567e-01 +1.2793e+00 +1.6752e-01
53 0 +1.555568318e+01 -2.090431682e+01 -2.090431682e+01 -8.9195e-02 -3.1458e+00 -2.5724e+00 +2.8085e+00 +1.7429e+00 -1.8850e+00 +4.8994e-02 +1.3979e+00 +2.5303e-01 -4.1949e-01
54 0 +1.462411417e+01 -2.183588583e+01 -2.183588583e+01 +9.6646e-01 -2.6799e+00 -1.7105e+00 +2.8303e+00 +7.5548e-01 -8.6115e-01 +1.3000e-01 +2.6103e+00 +9.4571e-01 -5.5778e-01
58 0 +1.255401781e+01 -2.390598219e+01 -2.390598219e+01 +8.4676e-01 -2.4258e+00 -1.9803e+00 +1.6341e+00 +1.6032e+00 -1.8487e-01 +1.1677e+00 -5.7247e-01 -4.8455e-01 -3.5998e-02
73 0 +1.232640790e+01 -2.413359210e+01 -2.413359210e+01 +3.3288e+00 -2.0287e+00 -3.3076e+00 +8.2001e-01 +1.3893e+00 +9.0346e-01 +1.6111e+00 -4.5446e-01 +1.8084e+00 -6.1299e-01
78 0 +1.165518445e+01 -2.480481555e+01 -2.480481555e+01 +1.4230e-01 +9.5443e-01 -1.4765e+00 +2.2444e+00 -4.9855e-01 +1.9774e+00 +3.2690e+00 -1.0614e-01 +7.8966e-01 -2.1588e+00
101 0 +6.573043092e+00 -2.988695691e+01 -2.988695691e+01 +3.6924e-01 -2.6545e+00 -2.6669e+00 +3.1170e+00 +4.9726e-01 +1.0540e+00 +3.8311e+00 +1.7766e+00 -1.2042e+00 +3.5501e-01
160 0 +6.012547202e+00 -3.044745280e+01 -3.044745280e+01 +4.2982e-01 -1.8647e+00 -2.3696e+00 +1.6388e+00 +3.6053e+00 +1.4123e+00 +1.4458e+00 +2.4944e+00 -2.8401e+00 -1.6038e+00
302 0 +4.232487921e+00 -3.222751208e+01 -3.222751208e+01 +2.6664e+00 -2.0373e+00 -3.1729e+00 +1.4124e+00 +3.2394e+00 +3.6843e+00 +1.4478e+00 +3.9235e+00 -3.5179e+00 -1.3822e+00
402 0 +4.075511062e+00 -3.238448894e+01 -3.238448894e+01 +3.0226e+00 -1.6038e+00 -3.3417e+00 +7.5003e-01 +3.6503e+00 +4.4540e+00 +2.0754e+00 +4.2897e+00 -2.2941e+00 -3.7512e+00
403 0 +3.431394633e+00 -3.302860537e+01 -3.302860537e+01 +2.3944e+00 -3.2756e+00 -1.2779e+00 +1.8275e+00 +4.6918e+00 +4.3210e+00 +2.0334e+00 +3.5469e+00 -3.1669e+00 -2.8112e+00
476 0 +3.097691413e+00 -3.336230859e+01 -3.336230859e+01 +1.8480e+00 -3.3230e+00 -3.2073e+00 +1.5245e+00 +4.2283e+00 +2.1982e+00 +3.2189e+00 +3.6674e+00 -2.7705e+00 -2.9153e+00
522 0 +2.973371342e+00 -3.348662866e+01 -3.348662866e+01 +1.8494e+00 -2.6035e+00 -1.0704e+00 -4.3259e-01 +3.6573e+00 +2.7858e+00 +2.1954e+00 +2.1664e+00 -3.7725e+00 -4.9979e+00
570 0 +2.392174757e+00 -3.406782524e+01 -3.406782524e+01 +3.2321e+00 -2.8694e+00 -3.9119e+00 +1.8698e+00 +4.5239e+00 +3.6815e+00 +2.3871e+00 +3.7681e+00 -3.8729e+00 -2.7462e+00
652 0 +2.343488553e+00 -3.411651145e+01 -3.411651145e+01 +1.5353e+00 -2.8426e+00 -2.3520e+00 +5.1029e-01 +3.5858e+00 +3.4105e+00 +2.5328e+00 +3.0537e+00 -4.5048e+00 -2.6241e+00
710 0 +1.821693957e+00 -3.463830604e+01 -3.463830604e+01 +2.1731e+00 -2.2718e+00 -1.9486e+00 +7.8287e-01 +2.5497e+00 +3.2870e+00 +2.2634e+00 +2.9720e+00 -3.6564e+00 -4.1705e+00
714 0 +1.424119589e+00 -3.503588041e+01 -3.503588041e+01 +2.1963e+00 -2.7410e+00 -2.7082e+00 +1.0958e+00 +3.6765e+00 +3.5743e+00 +1.3861e+00 +3.3477e+00 -3.0034e+00 -4.1929e+00
756 0 +1.285466735e+00 -3.517453326e+01 -3.517453326e+01 +2.5678e+00 -3.0427e+00 -2.3982e+00 +8.4288e-01 +4.3383e+00 +3.5254e+00 +2.6380e+00 +3.0837e+00 -4.2569e+00 -3.8928e+00
774 0 +1.256503078e+00 -3.520349692e+01 -3.520349692e+01 +2.0861e+00 -2.2894e+00 -2.5540e+00 +4.4162e-01 +4.1528e+00 +3.0988e+00 +1.9252e+00 +2.8586e+00 -3.3804e+00 -3.8925e+00
841 0 +1.130734839e+00 -3.532926516e+01 -3.532926516e+01 +1.9689e+00 -2.8598e+00 -2.5880e+00 +4.8211e-01 +4.2967e+00 +3.9328e+00 +2.2219e+00 +3.7090e+00 -4.1734e+00 -3.7569e+00
851 0 +7.474615285e-01 -3.571253847e+01 -3.571253847e+01 +1.8659e+00 -2.5448e+00 -1.9331e+00 +3.2270e-01 +3.9521e+00 +3.6491e+00 +2.3203e+00 +3.2370e+00 -4.0460e+00 -3.4524e+00
901 0 +5.670585271e-01 -3.589294147e+01 -3.589294147e+01 +2.1158e+00 -2.8382e+00 -2.2138e+00 +3.4413e-01 +4.2386e+00 +3.9461e+00 +2.4338e+00 +3.2522e+00 -4.0663e+00 -3.5318e+00
996 0 +4.927945238e-01 -3.596720548e+01 -3.596720548e+01 +2.2892e+00 -3.0779e+00 -2.3471e+00 +1.1683e+00 +3.8720e+00 +3.5521e+00 +2.2365e+00 +3.1974e+00 -3.7969e+00 -3.5584e+00
1054 0 +3.067498263e-01 -3.615325017e+01 -3.615325017e+01 +2.1198e+00 -2.9075e+00 -2.1628e+00 +1.0193e+00 +3.9298e+00 +3.7005e+00 +2.2394e+00 +3.2300e+00 -3.8897e+00 -3.7792e+00
1201 0 +2.732055636e-01 -3.618679444e+01 -3.618679444e+01 +2.2391e+00 -2.9892e+00 -2.2354e+00 +1.0845e+00 +3.9573e+00 +3.7149e+00 +2.1802e+00 +3.2489e+00 -3.9844e+00 -3.5662e+00
1349 0 +2.717036862e-01 -3.618829631e+01 -3.618829631e+01 +2.0534e+00 -2.9477e+00 -2.2428e+00 +1.0248e+00 +4.0176e+00 +3.6179e+00 +2.1231e+00 +3.3824e+00 -3.8541e+00 -3.5924e+00
1363 0 +2.255823779e-01 -3.623441762e+01 -3.623441762e+01 +2.0540e+00 -2.8814e+00 -2.1266e+00 +1.0937e+00 +3.8070e+00 +3.5498e+00 +2.2405e+00 +3.2692e+00 -3.8245e+00 -3.4878e+00
1396 0 +1.543522158e-01 -3.630564778e+01 -3.630564778e+01 +2.1562e+00 -2.9747e+00 -2.2072e+00 +9.1311e-01 +3.9974e+00 +3.7672e+00 +2.2301e+00 +3.1932e+00 -3.8856e+00 -3.6857e+00
1482 0 +1.531299058e-01 -3.630687009e+01 -3.630687009e+01 +2.1751e+00 -2.9186e+00 -2.2383e+00 +1.0490e+00 +3.9697e+00 +3.6408e+00 +2.1606e+00 +3.2848e+00 -3.8020e+00 -3.6197e+00
1508 0 +1.193166742e-01 -3.634068333e+01 -3.634068333e+01 +2.1240e+00 -2.7775e+00 -2.1619e+00 +9.5125e-01 +3.9850e+00 +3.6634e+00 +2.1490e+00 +3.2978e+00 -3.8965e+00 -3.5119e+00
1654 0 +1.028978802e-01 -3.635710212e+01 -3.635710212e+01 +2.1426e+00 -2.8775e+00 -2.2108e+00 +8.5352e-01 +4.0149e+00 +3.6581e+00 +2.2341e+00 +3.2890e+00 -3.8727e+00 -3.5720e+00
1765 0 +1.017389383e-01 -3.635826106e+01 -3.635826106e+01 +2.1032e+00 -2.8402e+00 -2.2029e+00 +8.6617e-01 +3.9902e+00 +3.6346e+00 +2.1903e+00 +3.2531e+00 -3.8940e+00 -3.5714e+00
1795 0 +9.826275030e-02 -3.636173725e+01 -3.636173725e+01 +2.0860e+00 -2.8552e+00 -2.1857e+00 +8.9188e-01 +3.9855e+00 +3.6956e+00 +2.2112e+00 +3.2773e+00 -3.8928e+00 -3.5191e+00
1804 0 +9.265801334e-02 -3.636734199e+01 -3.636734199e+01 +2.1182e+00 -2.8280e+00 -2.2049e+00 +8.6758e-01 +4.0034e+00 +3.6548e+00 +2.2105e+00 +3.2696e+00 -3.8603e+00 -3.6208e+00
1828 0 +8.330074930e-02 -3.637669925e+01 -3.637669925e+01 +2.1150e+00 -2.8473e+00 -2.1456e+00 +8.7981e-01 +3.9798e+00 +3.6873e+00 +2.1912e+00 +3.2818e+00 -3.9117e+00 -3.5511e+00
1840 0 +7.983416487e-02 -3.638016584e+01 -3.638016584e+01 +2.1567e+00 -2.8157e+00 -2.2376e+00 +9.0024e-01 +3.9860e+00 +3.6696e+00 +2.2066e+00 +3.2633e+00 -3.9053e+00 -3.5727e+00
1853 0 +5.679869762e-02 -3.640320130e+01 -3.640320130e+01 +2.1200e+00 -2.8292e+00 -2.2234e+00 +9.0907e-01 +3.9796e+00 +3.6592e+00 +2.2039e+00 +3.2465e+00 -3.8622e+00 -3.5789e+00
1912 0 +5.348049430e-02 -3.640651951e+01 -3.640651951e+01 +2.1369e+00 -2.8100e+00 -2.1957e+00 +9.0169e-01 +4.0039e+00 +3.7032e+00 +2.2001e+00 +3.2465e+00 -3.8868e+00 -3.6201e+00
1968 0 +4.896609697e-02 -3.641103390e+01 -3.641103390e+01 +2.1274e+00 -2.8501e+00 -2.2061e+00 +9.6273e-01 +3.9868e+00 +3.6673e+00 +2.1785e+00 +3.2917e+00 -3.8830e+00 -3.5939e+00
2024 0 +4.378560330e-02 -3.641621440e+01 -3.641621440e+01 +2.1223e+00 -2.8570e+00 -2.2225e+00 +9.4118e-01 +4.0228e+00 +3.6817e+00 +2.2027e+00 +3.2628e+00 -3.8749e+00 -3.5659e+00
2094 0 +4.366766154e-02 -3.641633234e+01 -3.641633234e+01 +2.1263e+00 -2.8526e+00 -2.2358e+00 +9.4939e-01 +3.9966e+00 +3.6748e+00 +2.1786e+00 +3.2856e+00 -3.8587e+00 -3.5516e+00
2095 0 +3.227743247e-02 -3.642772257e+01 -3.642772257e+01 +2.1192e+00 -2.8300e+00 -2.2141e+00 +9.2648e-01 +3.9936e+00 +3.6718e+00 +2.2063e+00 +3.2844e+00 -3.8712e+00 -3.5713e+00
2154 0 +2.772179186e-02 -3.643227821e+01 -3.643227821e+01 +2.1205e+00 -2.8435e+00 -2.2077e+00 +9.2695e-01 +4.0099e+00 +3.6681e+00 +2.1988e+00 +3.2813e+00 -3.8765e+00 -3.5849e+00
2252 0 +2.639848846e-02 -3.643360151e+01 -3.643360151e+01 +2.1331e+00 -2.8560e+00 -2.2227e+00 +9.2758e-01 +3.9965e+00 +3.6929e+00 +2.2010e+00 +3.2693e+00 -3.8756e+00 -3.5875e+00
2358 0 +2.499253919e-02 -3.643500746e+01 -3.643500746e+01 +2.1301e+00 -2.8411e+00 -2.2286e+00 +9.2804e-01 +4.0014e+00 +3.6873e+00 +2.2019e+00 +3.2751e+00 -3.8735e+00 -3.5718e+00
2391 0 +1.707109525e-02 -3.644292890e+01 -3.644292890e+01 +2.1255e+00 -2.8497e+00 -2.2161e+00 +9.3147e-01 +3.9875e+00 +3.6863e+00 +2.2053e+00 +3.2802e+00 -3.8718e+00 -3.5668e+00
2478 0 +1.651937511e-02 -3.644348062e+01 -3.644348062e+01 +2.1291e+00 -2.8419e+00 -2.2270e+00 +9.2252e-01 +3.9998e+00 +3.6841e+00 +2.1976e+00 +3.2701e+00 -3.8745e+00 -3.5774e+00
% f evaluations | g evaluations | best noise-free fitness - Fopt (3.920000000000e+01) + sum g_i+ | measured fitness | best measured fitness or single-digit g-values | x1 | x2...
1 0 +2.081866044e+01 +6.001866044e+01 +6.001866044e+01 +5.9671e-01 -3.8264e-02 +7.4769e-01 +1.6230e+00 -1.3415e-01 -1.3414e-01 +1.6792e+00 +8.6743e-01 -3.6947e-01 +6.4256e-01
4 0 +1.860684948e+01 +5.780684948e+01 +5.780684948e+01 -5.0171e-01 +1.9523e+00 +8.6503e-02 -9.5771e-01 +9.2254e-01 -1.1208e+00 +3.0886e-01 -1.8597e+00 -1.2282e+00 +2.9686e-01
5 0 +1.367262055e+01 +5.287262055e+01 +5.287262055e+01 +8.3847e-01 +2.7137e-01 -1.5648e-02 -2.0110e-01 -1.3785e+00 -6.1984e-01 -3.6064e-01 +1.1571e+00 +4.4362e-01 -1.6630e+00
8 0 +1.343795310e+01 +5.263795310e+01 +5.263795310e+01 +4.6140e-01 +1.6380e+00 +6.4174e-02 +1.6646e+00 -2.5197e+00 +9.2190e-01 +1.8705e-01 -1.9901e-01 +1.9176e-01 -1.8876e+00
31 0 +1.242979035e+01 +5.162979035e+01 +5.162979035e+01 -7.2900e-01 -4.6018e-01 +8.4729e-01 +7.1037e-01 +7.9098e-02 +2.1733e-01 +1.3777e+00 -4.9157e-01 +6.4710e-01 -1.0219e-01
38 0 +7.981194331e+00 +4.718119433e+01 +4.718119433e+01 +1.2451e-01 +5.9800e-01 +1.5511e+00 +1.0593e+00 +2.2532e+00 -6.6735e-01 +9.7232e-01 +2.8334e-01 +2.2898e+00 -7.0830e-01
105 0 +5.166141411e+00 +4.436614141e+01 +4.436614141e+01 +2.9640e+00 +2.4635e+00 +1.1991e+00 +4.0505e+00 +2.2168e+00 +7.1243e-01 +3.0652e+00 -1.1449e+00 +1.4659e+00 -3.5199e+00
125 0 +3.825980062e+00 +4.302598006e+01 +4.302598006e+01 +3.1357e+00 +1.0138e+00 +2.4773e+00 +4.3573e+00 +1.0431e+00 -2.7552e-01 +1.5750e+00 -4.8998e-01 +1.7890e-01 -2.0304e+00
307 0 +3.449902374e+00 +4.264990237e+01 +4.264990237e+01 +4.2141e+00 +2.9767e+00 +2.4289e+00 +4.9581e+00 +2.8759e+00 +1.2248e+00 +3.1093e+00 -2.5112e+00 -3.1220e-01 -2.8895e+00
411 0 +2.848056963e+00 +4.204805696e+01 +4.204805696e+01 +4.3727e+00 +1.3168e+00 +3.1918e+00 +2.1550e+00 +2.3377e+00 +4.3690e-01 +3.2678e+00 -2.4457e+00 +1.5269e+00 -4.0970e+00
461 0 +2.597890869e+00 +4.179789087e+01 +4.179789087e+01 +3.6168e+00 +2.3084e+00 +3.0396e+00 +4.4186e+00 +2.4486e+00 -1.4972e-01 +2.8669e+00 -2.7663e+00 +8.3295e-02 -2.6386e+00
463 0 +2.456797990e+00 +4.165679799e+01 +4.165679799e+01 +3.6175e+00 +9.1523e-01 +3.0764e+00 +2.4774e+00 +1.7652e+00 +4.0907e-02 +1.5384e+00 -2.4236e+00 +1.1053e+00 -2.5639e+00
560 0 +2.432835533e+00 +4.163283553e+01 +4.163283553e+01 +4.2504e+00 +1.6710e+00 +3.0797e+00 +3.2875e+00 +2.2535e+00 +5.7423e-02 +1.3235e+00 -4.0929e+00 -4.9965e-01 -4.9791e+00
563 0 +2.274783399e+00 +4.147478340e+01 +4.147478340e+01 +2.3637e+00 +2.5629e+00 +3.3525e+00 +4.5475e+00 +2.4203e+00 +4.2696e-01 +1.8125e+00 -2.8373e+00 +7.1498e-01 -3.5671e+00
565 0 +1.971521413e+00 +4.117152141e+01 +4.117152141e+01 +3.7550e+00 +1.6375e+00 +3.7609e+00 +3.2615e+00 +2.3032e+00 -1.5563e-01 +3.1165e+00 -2.9688e+00 -9.5780e-02 -3.0912e+00
581 0 +1.712315893e+00 +4.091231589e+01 +4.091231589e+01 +4.3601e+00 +2.0698e+00 +2.2193e+00 +3.3790e+00 +2.5404e+00 +5.3408e-01 +8.5657e-01 -3.0131e+00 +1.6811e+00 -3.7039e+00
614 0 +1.432052136e+00 +4.063205214e+01 +4.063205214e+01 +3.0662e+00 +2.3171e+00 +3.2554e+00 +3.7489e+00 +2.2187e+00 +1.4360e-01 +1.4559e+00 -2.4691e+00 +8.9308e-01 -2.9323e+00
670 0 +1.046277624e+00 +4.024627762e+01 +4.024627762e+01 +3.6953e+00 +1.4103e+00 +2.4622e+00 +2.9575e+00 +2.0878e+00 +3.1770e-01 +1.6373e+00 -2.8025e+00 +2.8396e-01 -2.8454e+00
809 0 +8.979173520e-01 +4.009791735e+01 +4.009791735e+01 +3.2965e+00 +1.5050e+00 +2.7072e+00 +2.9094e+00 +2.5148e+00 +4.8191e-01 +2.4584e+00 -2.9677e+00 -7.5804e-03 -3.3485e+00
860 0 +8.282387054e-01 +4.002823871e+01 +4.002823871e+01 +3.7920e+00 +9.3891e-01 +2.7497e+00 +3.2559e+00 +2.6350e+00 +9.0483e-01 +1.8045e+00 -2.7797e+00 +5.2729e-01 -3.4293e+00
904 0 +7.935645434e-01 +3.999356454e+01 +3.999356454e+01 +3.6056e+00 +1.3919e+00 +2.5822e+00 +3.2722e+00 +2.2565e+00 +3.6191e-01 +2.3211e+00 -2.6128e+00 +4.4873e-01 -3.4338e+00
955 0 +7.227121906e-01 +3.992271219e+01 +3.992271219e+01 +3.4798e+00 +1.6061e+00 +2.3179e+00 +3.0221e+00 +2.2362e+00 +4.1275e-01 +1.7918e+00 -2.3634e+00 +3.9798e-01 -3.6975e+00
971 0 +7.179022036e-01 +3.991790220e+01 +3.991790220e+01 +4.0477e+00 +1.3004e+00 +2.5079e+00 +2.9696e+00 +2.5201e+00 +3.1657e-01 +1.8350e+00 -2.8392e+00 +8.0012e-01 -3.1904e+00
1003 0 +7.023817495e-01 +3.990238175e+01 +3.990238175e+01 +3.5776e+00 +1.3976e+00 +2.3572e+00 +3.2919e+00 +2.4429e+00 +7.4844e-01 +1.9272e+00 -2.9374e+00 +4.0434e-01 -3.1618e+00
1055 0 +5.167710601e-01 +3.971677106e+01 +3.971677106e+01 +3.7889e+00 +1.4303e+00 +2.2986e+00 +3.2248e+00 +2.2874e+00 +7.4581e-01 +1.8993e+00 -2.8878e+00 +4.4195e-01 -2.9323e+00
1254 0 +3.040428154e-01 +3.950404282e+01 +3.950404282e+01 +3.7784e+00 +1.5547e+00 +2.3828e+00 +3.2106e+00 +2.3266e+00 +5.2900e-01 +1.9944e+00 -2.7411e+00 +4.1643e-01 -3.4991e+00
1356 0 +2.800074220e-01 +3.948000742e+01 +3.948000742e+01 +3.9111e+00 +1.6161e+00 +2.3696e+00 +3.1488e+00 +2.2216e+00 +5.3015e-01 +2.0569e+00 -2.9379e+00 +3.2991e-01 -3.3954e+00
1375 0 +2.551235571e-01 +3.945512356e+01 +3.945512356e+01 +3.6944e+00 +1.4988e+00 +2.5392e+00 +3.3127e+00 +2.2285e+00 +5.7688e-01 +2.0089e+00 -2.9221e+00 +5.5322e-01 -3.3357e+00
1425 0 +2.141483928e-01 +3.941414839e+01 +3.941414839e+01 +3.6983e+00 +1.6373e+00 +2.4592e+00 +3.2360e+00 +2.2209e+00 +6.1529e-01 +1.9956e+00 -2.9152e+00 +5.1775e-01 -3.3758e+00
1457 0 +2.115636713e-01 +3.941156367e+01 +3.941156367e+01 +3.7297e+00 +1.6606e+00 +2.4416e+00 +3.2089e+00 +2.2212e+00 +5.3593e-01 +1.8884e+00 -2.8552e+00 +6.0680e-01 -3.3776e+00
1489 0 +2.022630563e-01 +3.940226306e+01 +3.940226306e+01 +3.6115e+00 +1.5327e+00 +2.3893e+00 +3.3192e+00 +2.3172e+00 +4.5918e-01 +2.0466e+00 -2.8556e+00 +6.4741e-01 -3.4833e+00
1557 0 +1.679955210e-01 +3.936799552e+01 +3.936799552e+01 +3.6922e+00 +1.5753e+00 +2.5280e+00 +3.3310e+00 +2.2455e+00 +5.0830e-01 +2.0780e+00 -2.8984e+00 +4.7189e-01 -3.3584e+00
1568 0 +1.597132472e-01 +3.935971325e+01 +3.935971325e+01 +3.7217e+00 +1.6123e+00 +2.5240e+00 +3.2735e+00 +2.2436e+00 +4.6625e-01 +2.0080e+00 -2.8026e+00 +5.2257e-01 -3.3528e+00
1602 0 +1.564436825e-01 +3.935644368e+01 +3.935644368e+01 +3.7139e+00 +1.5404e+00 +2.5373e+00 +3.2397e+00 +2.2025e+00 +4.5336e-01 +1.9917e+00 -2.9180e+00 +4.6680e-01 -3.3341e+00
1690 0 +1.526427735e-01 +3.935264277e+01 +3.935264277e+01 +3.8432e+00 +1.5379e+00 +2.4083e+00 +3.0621e+00 +2.2320e+00 +4.7467e-01 +1.9939e+00 -2.8879e+00 +4.7903e-01 -3.3226e+00
1764 0 +1.240069094e-01 +3.932400691e+01 +3.932400691e+01 +3.7867e+00 +1.5834e+00 +2.4043e+00 +3.1768e+00 +2.2922e+00 +4.9650e-01 +2.0239e+00 -2.8177e+00 +4.4231e-01 -3.3338e+00
1801 0 +8.291661620e-02 +3.928291662e+01 +3.928291662e+01 +3.7527e+00 +1.5799e+00 +2.4649e+00 +3.2242e+00 +2.3110e+00 +5.3875e-01 +1.9999e+00 -2.7986e+00 +4.8912e-01 -3.3220e+00
1932 0 +7.043284296e-02 +3.927043284e+01 +3.927043284e+01 +3.7109e+00 +1.6748e+00 +2.4548e+00 +3.2560e+00 +2.2402e+00 +5.2773e-01 +2.0188e+00 -2.8306e+00 +5.1689e-01 -3.3458e+00
1935 0 +5.971837526e-02 +3.925971838e+01 +3.925971838e+01 +3.7666e+00 +1.5704e+00 +2.4374e+00 +3.2245e+00 +2.2626e+00 +5.4640e-01 +2.0335e+00 -2.8511e+00 +5.0928e-01 -3.3454e+00
2161 0 +5.320600802e-02 +3.925320601e+01 +3.925320601e+01 +3.7533e+00 +1.6260e+00 +2.4745e+00 +3.1902e+00 +2.2621e+00 +5.2493e-01 +2.0320e+00 -2.8299e+00 +5.0912e-01 -3.3264e+00
2165 0 +4.589000135e-02 +3.924589000e+01 +3.924589000e+01 +3.7552e+00 +1.6134e+00 +2.4610e+00 +3.2304e+00 +2.2377e+00 +5.5381e-01 +2.0269e+00 -2.8473e+00 +5.1239e-01 -3.3354e+00
2190 0 +3.782774307e-02 +3.923782774e+01 +3.923782774e+01 +3.7295e+00 +1.6564e+00 +2.4533e+00 +3.2347e+00 +2.2497e+00 +5.4425e-01 +2.0275e+00 -2.8339e+00 +5.2495e-01 -3.3441e+00
2457 0 +3.464273873e-02 +3.923464274e+01 +3.923464274e+01 +3.7232e+00 +1.6371e+00 +2.4582e+00 +3.2114e+00 +2.2499e+00 +5.1996e-01 +2.0436e+00 -2.8434e+00 +5.2364e-01 -3.3450e+00
% f evaluations | g evaluations | best noise-free fitness - Fopt (-3.225000000000e+01) + sum g_i+ | measured fitness | best measured fitness or single-digit g-values | x1 | x2...
1 0 +1.103740088e+02 +7.812400884e+01 +7.812400884e+01 +5.9671e-01 -3.8264e-02 +7.4769e-01 +1.6230e+00 -1.3415e-01 -1.3414e-01 +1.6792e+00 +8.6743e-01 -3.6947e-01 +6.4256e-01
2 0 +5.203201018e+01 +1.978201018e+01 +1.978201018e+01 -3.6342e-01 -3.6573e-01 +3.4196e-01 -1.8133e+00 -1.6249e+00 -4.6229e-01 -9.1283e-01 +4.1425e-01 -8.0802e-01 -1.3123e+00
3 0 +4.256385727e+01 +1.031385727e+01 +1.031385727e+01 +1.5656e+00 -1.2578e-01 +1.6753e-01 -1.3247e+00 -4.4438e-01 +2.1092e-01 -1.0510e+00 +4.7570e-01 -5.0064e-01 -1.9169e-01
4 0 +2.972142518e+01 -2.528574820e+00 -2.528574820e+00 -5.0171e-01 +1.9523e+00 +8.6503e-02 -9.5771e-01 +9.2254e-01 -1.1208e+00 +3.0886e-01 -1.8597e+00 -1.2282e+00 +2.9686e-01
24 0 +1.920799982e+01 -1.304200018e+01 -1.304200018e+01 -6.3037e-01 +3.1646e-01 +1.4557e-01 -5.5160e-01 +2.2439e+00 +7.3392e-01 -1.9251e+00 +2.8645e-01 -5.6179e-01 +9.5243e-01
29 0 +1.920123176e+01 -1.304876824e+01 -1.304876824e+01 +2.1352e-01 +7.6213e-01 +1.6860e+00 -1.1378e+00 +2.2330e+00 -1.8521e+00 -5.1785e-02 +6.8832e-01 +3.8099e-01 -5.2270e-01
51 0 +1.482377063e+01 -1.742622937e+01 -1.742622937e+01 +2.0088e-01 +2.5740e+00 +4.8039e-02 -2.0054e+00 +2.0150e+00 -2.3869e+00 +7.2681e-01 +7.2835e-01 +8.6442e-02 +1.4313e+00
59 0 +1.232449195e+01 -1.992550805e+01 -1.992550805e+01 +5.8496e-01 +5.3845e-01 +5.5299e-01 -2.0919e+00 +1.9896e+00 +4.5111e-01 -1.6217e+00 +1.5988e+00 -3.6400e-01 +6.6728e-01
112 0 +9.852781538e+00 -2.239721846e+01 -2.239721846e+01 +1.0904e+00 +2.9463e+00 -5.3419e-01 -1.1495e+00 +1.8472e+00 -3.3510e+00 -6.5124e-01 +5.3137e-01 +1.2405e+00 +1.5700e+00
143 0 +7.088252581e+00 -2.516174742e+01 -2.516174742e+01 +1.0002e+00 -1.8710e+00 -8.9730e-01 -1.9277e+00 +2.5198e+00 -1.8649e+00 -1.7500e+00 +9.6021e-01 -3.0939e-01 +1.8393e+00
156 0 +5.244915887e+00 -2.700508411e+01 -2.700508411e+01 +2.3498e+00 -3.7063e+00 -1.0348e+00 -2.9535e+00 +3.8828e+00 -6.8245e-01 +3.0452e-01 +2.5551e+00 +2.6969e+00 +2.5733e+00
251 0 +3.840092984e+00 -2.840990702e+01 -2.840990702e+01 +3.0965e+00 -7.0721e-01 -8.5648e-01 -2.7433e+00 +4.7284e+00 -1.9251e+00 -4.7066e-01 +1.1173e+00 +3.6955e+00 +1.7734e+00
304 0 +2.818009956e+00 -2.943199004e+01 -2.943199004e+01 +4.1058e+00 -1.0153e-01 -6.9920e-02 -2.4489e+00 +4.8678e+00 -4.8513e+00 +6.6028e-01 +2.0582e+00 +3.0375e+00 +2.4634e+00
403 0 +2.247640310e+00 -3.000235969e+01 -3.000235969e+01 +4.0847e+00 +8.8162e-01 -7.3371e-01 -3.2426e+00 +3.8040e+00 -1.1961e+00 -2.3914e-01 +1.7379e+00 +4.2582e+00 +2.0643e+00
621 0 +1.815421233e+00 -3.043457877e+01 -3.043457877e+01 +2.7953e+00 -1.4359e-01 -1.1734e+00 -3.0122e+00 +3.3250e+00 -2.7388e+00 -2.4112e-04 +2.0136e+00 +2.7256e+00 +3.4368e+00
739 0 +1.523167430e+00 -3.072683257e+01 -3.072683257e+01 +3.4225e+00 +1.2049e+00 -1.2172e+00 -3.2901e+00 +3.4850e+00 -3.0242e+00 +5.1861e-01 +2.7291e+00 +4.1741e+00 +3.7506e+00
806 0 +1.106187166e+00 -3.114381283e+01 -3.114381283e+01 +3.4600e+00 +6.2250e-02 -9.9302e-01 -2.5689e+00 +2.8269e+00 -3.0168e+00 -2.9019e-02 +2.7204e+00 +3.4691e+00 +3.1778e+00
853 0 +1.092695508e+00 -3.115730449e+01 -3.115730449e+01 +3.7814e+00 +4.9207e-01 -6.2358e-01 -2.8447e+00 +2.8232e+00 -3.7520e+00 +4.2750e-01 +2.6290e+00 +3.3343e+00 +3.4458e+00
904 0 +9.674774675e-01 -3.128252253e+01 -3.128252253e+01 +3.6156e+00 +7.2556e-01 -3.2009e-01 -2.3212e+00 +3.0322e+00 -3.7088e+00 +2.3039e-01 +2.7363e+00 +3.4125e+00 +3.3496e+00
1002 0 +6.834561973e-01 -3.156654380e+01 -3.156654380e+01 +3.6389e+00 +1.0025e+00 -6.7816e-01 -2.8544e+00 +3.1758e+00 -3.6236e+00 +3.2083e-01 +2.4814e+00 +3.6614e+00 +3.4098e+00
1057 0 +5.653677906e-01 -3.168463221e+01 -3.168463221e+01 +3.6171e+00 +1.2538e+00 -7.2219e-01 -2.4409e+00 +2.9803e+00 -3.4483e+00 +1.0020e-01 +2.6277e+00 +3.9465e+00 +3.2487e+00
1254 0 +5.592749261e-01 -3.169072507e+01 -3.169072507e+01 +3.7252e+00 +1.1300e+00 -9.9596e-01 -2.6783e+00 +3.0324e+00 -3.2798e+00 -4.9321e-02 +2.6464e+00 +3.6842e+00 +3.0260e+00
1302 0 +4.881887726e-01 -3.176181123e+01 -3.176181123e+01 +3.7864e+00 +1.2528e+00 -8.8997e-01 -2.7924e+00 +3.3386e+00 -3.7138e+00 +3.7644e-01 +2.6218e+00 +3.7127e+00 +3.2385e+00
1355 0 +3.578015858e-01 -3.189219841e+01 -3.189219841e+01 +3.5478e+00 +1.0103e+00 -9.7891e-01 -2.9055e+00 +3.3490e+00 -3.4111e+00 +1.5761e-01 +2.6006e+00 +3.7937e+00 +3.0384e+00
1408 0 +3.292403726e-01 -3.192075963e+01 -3.192075963e+01 +3.6018e+00 +1.1251e+00 -9.1564e-01 -2.6372e+00 +3.2446e+00 -3.6433e+00 -7.4232e-03 +2.6088e+00 +3.7833e+00 +3.0988e+00
1451 0 +3.054252428e-01 -3.194457476e+01 -3.194457476e+01 +3.5683e+00 +1.3204e+00 -9.1325e-01 -2.8695e+00 +3.2748e+00 -3.7389e+00 +8.6614e-02 +2.5114e+00 +3.8204e+00 +3.0424e+00
1454 0 +2.190942720e-01 -3.203090573e+01 -3.203090573e+01 +3.5054e+00 +1.0792e+00 -7.6544e-01 -2.6746e+00 +3.2256e+00 -3.5204e+00 -2.2944e-02 +2.5129e+00 +3.8376e+00 +3.0053e+00
1550 0 +1.825309732e-01 -3.206746903e+01 -3.206746903e+01 +3.8184e+00 +1.0615e+00 -8.2868e-01 -2.8307e+00 +3.2396e+00 -3.4582e+00 +1.2669e-01 +2.7253e+00 +3.7634e+00 +3.0501e+00
1657 0 +1.560395381e-01 -3.209396046e+01 -3.209396046e+01 +3.6666e+00 +1.0785e+00 -8.5343e-01 -2.7376e+00 +3.2704e+00 -3.5929e+00 +7.7108e-02 +2.6054e+00 +3.7878e+00 +3.1491e+00
1678 0 +1.428929015e-01 -3.210710710e+01 -3.210710710e+01 +3.6405e+00 +1.0877e+00 -8.5840e-01 -2.6986e+00 +3.2020e+00 -3.6641e+00 +7.3259e-02 +2.5346e+00 +3.8078e+00 +3.0306e+00
1703 0 +1.339023292e-01 -3.211609767e+01 -3.211609767e+01 +3.6446e+00 +1.0093e+00 -8.6196e-01 -2.8006e+00 +3.2144e+00 -3.5702e+00 +7.5085e-02 +2.6107e+00 +3.7562e+00 +3.0965e+00
1772 0 +1.004061963e-01 -3.214959380e+01 -3.214959380e+01 +3.5841e+00 +1.0593e+00 -8.9767e-01 -2.7769e+00 +3.2913e+00 -3.5003e+00 +8.1568e-02 +2.5691e+00 +3.8241e+00 +3.0806e+00
1835 0 +9.220678298e-02 -3.215779322e+01 -3.215779322e+01 +3.5963e+00 +1.0374e+00 -8.4051e-01 -2.7444e+00 +3.2102e+00 -3.4426e+00 +1.1458e-01 +2.5349e+00 +3.8088e+00 +3.0717e+00
1957 0 +6.644844755e-02 -3.218355155e+01 -3.218355155e+01 +3.5531e+00 +1.0711e+00 -8.3177e-01 -2.7815e+00 +3.2450e+00 -3.5314e+00 +6.3387e-02 +2.5703e+00 +3.8005e+00 +3.0994e+00
2104 0 +5.489555381e-02 -3.219510445e+01 -3.219510445e+01 +3.6170e+00 +1.0432e+00 -8.5794e-01 -2.7656e+00 +3.2446e+00 -3.5356e+00 +1.0827e-01 +2.5902e+00 +3.8060e+00 +3.0928e+00
2284 0 +5.269332585e-02 -3.219730667e+01 -3.219730667e+01 +3.6215e+00 +1.0212e+00 -8.7489e-01 -2.7730e+00 +3.2406e+00 -3.5241e+00 +8.9491e-02 +2.5825e+00 +3.8048e+00 +3.0856e+00
2317 0 +4.408008708e-02 -3.220591991e+01 -3.220591991e+01 +3.5796e+00 +1.0945e+00 -8.6105e-01 -2.8447e+00 +3.2575e+00 -3.5505e+00 +1.2408e-01 +2.6025e+00 +3.8089e+00 +3.1210e+00
2364 0 +3.974607669e-02 -3.221025392e+01 -3.221025392e+01 +3.5773e+00 +1.0637e+00 -8.7469e-01 -2.8298e+00 +3.2789e+00 -3.5605e+00 +1.0419e-01 +2.6166e+00 +3.7999e+00 +3.1246e+00
2366 0 +3.796857828e-02 -3.221203142e+01 -3.221203142e+01 +3.5825e+00 +1.0623e+00 -8.6081e-01 -2.8164e+00 +3.2709e+00 -3.5310e+00 +1.0206e-01 +2.5795e+00 +3.7941e+00 +3.0907e+00
2419 0 +3.626240245e-02 -3.221373760e+01 -3.221373760e+01 +3.5990e+00 +1.0569e+00 -8.6771e-01 -2.7963e+00 +3.2580e+00 -3.5624e+00 +9.1626e-02 +2.5906e+00 +3.8026e+00 +3.1143e+00
% f evaluations | g evaluations | best noise-free fitness - Fopt (3.681200000000e+02) + sum g_i+ | measured fitness | best measured fitness or single-digit g-values | x1 | x2...
1 0 +1.732075417e+01 +3.854407542e+02 +3.854407542e+02 +5.9671e-01 -3.8264e-02 +7.4769e-01 +1.6230e+00 -1.3415e-01 -1.3414e-01 +1.6792e+00 +8.6743e-01 -3.6947e-01 +6.4256e-01
2 0 +1.178919164e+01 +3.799091916e+02 +3.799091916e+02 -3.6342e-01 -3.6573e-01 +3.4196e-01 -1.8133e+00 -1.6249e+00 -4.6229e-01 -9.1283e-01 +4.1425e-01 -8.0802e-01 -1.3123e+00
4 0 +9.863718409e+00 +3.779837184e+02 +3.779837184e+02 -5.0171e-01 +1.9523e+00 +8.6503e-02 -9.5771e-01 +9.2254e-01 -1.1208e+00 +3.0886e-01 -1.8597e+00 -1.2282e+00 +2.9686e-01
54 0 +8.520680642e+00 +3.766406806e+02 +3.766406806e+02 +3.7073e-01 -6.6594e-01 -3.0304e-01 -5.4368e-01 +1.1822e+00 -7.5141e-01 +1.2197e+00 -2.2617e+00 -7.6291e-01 -4.0832e-02
55 0 +8.044013347e+00 +3.761640133e+02 +3.761640133e+02 -2.5271e+00 -8.3571e-02 -1.0195e+00 -1.2236e+00 +1.4991e-01 +1.8426e-02 +1.1025e-01 -1.9332e+00 -6.4566e-01 +6.3191e-01
61 0 +7.232789451e+00 +3.753527895e+02 +3.753527895e+02 +6.7452e-01 +2.2085e-01 -1.0116e+00 -1.6634e+00 +1.0257e+00 -7.7610e-02 -9.9294e-01 -2.6175e+00 -2.4918e-01 +7.5121e-01
88 0 +6.973244078e+00 +3.750932441e+02 +3.750932441e+02 -2.9063e-01 +1.7758e+00 +3.9574e-01 -1.4260e+00 +6.7563e-01 -8.5041e-01 -6.9804e-01 -1.7264e+00 -1.9100e+00 +7.7922e-01
104 0 +5.804843769e+00 +3.739248438e+02 +3.739248438e+02 -2.0484e-01 -1.4301e+00 -1.9612e+00 -2.0974e+00 +1.9401e+00 -1.8805e-01 -1.6603e+00 -4.3115e+00 -1.7733e+00 -1.4119e+00
140 0 +4.966313502e+00 +3.730863135e+02 +3.730863135e+02 -1.7345e+00 +5.5886e-01 -6.5883e-01 -8.0414e-01 +1.5821e+00 -7.5907e-01 -2.7482e-01 -2.1293e+00 +1.6581e+00 +9.4293e-01
158 0 +4.639902851e+00 +3.727599029e+02 +3.727599029e+02 -1.3934e+00 -1.3537e+00 -4.4560e-01 -1.9307e+00 +7.0605e-01 -2.8031e+00 -5.7323e-01 -4.4155e+00 -2.2032e-01 +3.4561e-01
182 0 +3.679721840e+00 +3.717997218e+02 +3.717997218e+02 -1.7281e+00 +3.4377e-02 +4.4694e-03 -9.9239e-01 -2.5822e-02 -2.1276e+00 -1.3589e+00 -4.6670e+00 -2.1528e+00 -1.9895e+00
314 0 +3.411919857e+00 +3.715319199e+02 +3.715319199e+02 -3.2653e+00 +4.3087e-01 +1.0757e+00 -4.8521e+00 +1.9620e-01 -2.0393e+00 -2.2988e+00 -3.6009e+00 -2.1070e+00 -1.4594e+00
351 0 +2.221470115e+00 +3.703414701e+02 +3.703414701e+02 -2.8523e+00 -1.3823e+00 -1.6969e-01 -2.2008e+00 -1.0549e+00 -2.0474e+00 -2.3479e+00 -4.0776e+00 -1.3516e+00 -1.3303e+00
405 0 +1.858539060e+00 +3.699785391e+02 +3.699785391e+02 -2.3405e+00 -8.2972e-01 +4.5825e-01 -2.4241e+00 -1.8420e+00 -2.2360e+00 -2.2074e+00 -3.1858e+00 -2.8385e+00 -1.1624e+00
601 0 +1.239334184e+00 +3.693593342e+02 +3.693593342e+02 -1.5454e+00 -1.0004e+00 +4.2152e-01 -2.7727e+00 -1.1410e+00 -2.1969e+00 -2.1904e+00 -3.3201e+00 -2.4686e+00 -1.2820e+00
707 0 +1.222354404e+00 +3.693423544e+02 +3.693423544e+02 -1.8032e+00 -9.9512e-01 +6.0145e-01 -2.4394e+00 -1.1593e+00 -2.2563e+00 -2.3758e+00 -3.9664e+00 -3.1779e+00 -1.1540e+00
757 0 +1.201651665e+00 +3.693216517e+02 +3.693216517e+02 -2.4075e+00 -1.0586e+00 +8.7483e-01 -2.0919e+00 -1.0991e+00 -2.1218e+00 -2.0444e+00 -3.8154e+00 -2.7113e+00 -6.8793e-01
805 0 +1.058437270e+00 +3.691784373e+02 +3.691784373e+02 -2.1236e+00 -1.2898e+00 +5.3401e-01 -2.4082e+00 -6.6139e-01 -2.1316e+00 -2.7745e+00 -3.9915e+00 -3.0731e+00 -6.8749e-01
811 0 +9.774491381e-01 +3.690974491e+02 +3.690974491e+02 -2.5314e+00 -1.7063e+00 +7.5910e-01 -2.2778e+00 -7.9282e-01 -2.2270e+00 -2.4016e+00 -4.0388e+00 -2.9732e+00 -1.4267e+00
854 0 +8.789262441e-01 +3.689989262e+02 +3.689989262e+02 -2.4187e+00 -1.4560e+00 +8.6954e-01 -2.0937e+00 -1.1059e+00 -2.3896e+00 -2.5732e+00 -3.8375e+00 -2.1729e+00 -1.3369e+00
898 0 +5.363666526e-01 +3.686563667e+02 +3.686563667e+02 -2.4390e+00 -1.2662e+00 +7.0524e-01 -2.3392e+00 -5.0673e-01 -2.3545e+00 -2.4339e+00 -3.7431e+00 -2.2359e+00 -1.0408e+00
1123 0 +4.521134258e-01 +3.685721134e+02 +3.685721134e+02 -2.5229e+00 -8.8520e-01 +4.7725e-01 -2.4976e+00 -8.9527e-01 -2.3674e+00 -2.6070e+00 -3.8305e+00 -2.5701e+00 -7.4892e-01
1140 0 +3.651807594e-01 +3.684851808e+02 +3.684851808e+02 -2.4003e+00 -1.0867e+00 +8.0077e-01 -2.1910e+00 -4.0617e-01 -2.1843e+00 -2.5997e+00 -4.1420e+00 -2.2468e+00 -9.6646e-01
1273 0 +3.611837897e-01 +3.684811838e+02 +3.684811838e+02 -2.3462e+00 -1.1977e+00 +8.2637e-01 -2.3451e+00 -8.4554e-01 -2.2159e+00 -2.2536e+00 -3.9913e+00 -2.2620e+00 -7.6919e-01
1285 0 +3.399134382e-01 +3.684599134e+02 +3.684599134e+02 -2.5420e+00 -9.6668e-01 +6.8973e-01 -2.5143e+00 -7.1167e-01 -2.1563e+00 -2.3455e+00 -3.8654e+00 -2.4592e+00 -9.8315e-01
1306 0 +3.338480145e-01 +3.684538480e+02 +3.684538480e+02 -2.5073e+00 -1.1261e+00 +7.6838e-01 -2.1709e+00 -6.6351e-01 -2.0665e+00 -2.0876e+00 -3.8657e+00 -2.1606e+00 -9.1988e-01
1356 0 +2.502756316e-01 +3.683702756e+02 +3.683702756e+02 -2.6320e+00 -1.0163e+00 +7.1950e-01 -2.1881e+00 -6.9645e-01 -2.2545e+00 -2.2293e+00 -4.0056e+00 -2.1939e+00 -1.0619e+00
1372 0 +1.781829992e-01 +3.682981830e+02 +3.682981830e+02 -2.3292e+00 -1.0833e+00 +6.9159e-01 -2.2969e+00 -7.2579e-01 -2.1508e+00 -2.3389e+00 -3.8881e+00 -2.2818e+00 -8.5678e-01
1405 0 +1.668384084e-01 +3.682868384e+02 +3.682868384e+02 -2.4859e+00 -1.0881e+00 +6.4173e-01 -2.4149e+00 -6.8157e-01 -2.0245e+00 -2.4269e+00 -3.9416e+00 -2.4014e+00 -9.0206e-01
1602 0 +1.004024074e-01 +3.682204024e+02 +3.682204024e+02 -2.4139e+00 -1.0680e+00 +7.2201e-01 -2.3456e+00 -5.7068e-01 -2.1321e+00 -2.3112e+00 -3.9503e+00 -2.2400e+00 -9.2914e-01
1754 0 +7.129476678e-02 +3.681912948e+02 +3.681912948e+02 -2.4369e+00 -1.0802e+00 +7.1893e-01 -2.3446e+00 -6.8366e-01 -2.1511e+00 -2.3675e+00 -3.9436e+00 -2.3308e+00 -9.2298e-01
1853 0 +6.942494814e-02 +3.681894249e+02 +3.681894249e+02 -2.4813e+00 -1.1047e+00 +7.3237e-01 -2.3153e+00 -6.9141e-01 -2.1632e+00 -2.3621e+00 -3.9817e+00 -2.3610e+00 -9.1020e-01
1861 0 +5.555985888e-02 +3.681755599e+02 +3.681755599e+02 -2.4654e+00 -1.1016e+00 +6.7874e-01 -2.3545e+00 -6.4376e-01 -2.1701e+00 -2.3878e+00 -3.9339e+00 -2.3097e+00 -9.0783e-01
1952 0 +4.766001926e-02 +3.681676600e+02 +3.681676600e+02 -2.4637e+00 -1.0639e+00 +6.8018e-01 -2.3512e+00 -6.3887e-01 -2.1355e+00 -2.3767e+00 -3.9305e+00 -2.2911e+00 -9.0240e-01
2119 0 +3.451030448e-02 +3.681545103e+02 +3.681545103e+02 -2.4633e+00 -1.0997e+00 +7.0168e-01 -2.3405e+00 -6.6471e-01 -2.1594e+00 -2.3533e+00 -3.9567e+00 -2.2877e+00 -9.0496e-01
2259 0 +2.885842529e-02 +3.681488584e+02 +3.681488584e+02 -2.4588e+00 -1.0828e+00 +7.2289e-01 -2.3217e+00 -6.5229e-01 -2.1568e+00 -2.3453e+00 -3.9408e+00 -2.2873e+00 -9.1420e-01
2301 0 +2.616253015e-02 +3.681461625e+02 +3.681461625e+02 -2.4628e+00 -1.0935e+00 +7.0822e-01 -2.3266e+00 -6.5360e-01 -2.1554e+00 -2.3444e+00 -3.9298e+00 -2.2792e+00 -9.1966e-01
2401 0 +1.987649554e-02 +3.681398765e+02 +3.681398765e+02 -2.4460e+00 -1.0813e+00 +7.2318e-01 -2.3153e+00 -6.6707e-01 -2.1569e+00 -2.3471e+00 -3.9459e+00 -2.2874e+00 -9.1560e-01
2415 0 +1.685753487e-02 +3.681368575e+02 +3.681368575e+02 -2.4656e+00 -1.0902e+00 +7.1993e-01 -2.3176e+00 -6.5549e-01 -2.1530e+00 -2.3503e+00 -3.9431e+00 -2.2983e+00 -9.0933e-01
2421 0 +1.682450753e-02 +3.681368245e+02 +3.681368245e+02 -2.4613e+00 -1.0837e+00 +7.1254e-01 -2.3183e+00 -6.5830e-01 -2.1564e+00 -2.3522e+00 -3.9387e+00 -2.2954e+00 -9.0303e-01
