% f evaluations | g evaluations | best noise-free fitness - Fopt (1.238300000000e+02) + sum g_i+ | measured fitness | best measured fitness or single-digit g-values | x1 | x2...
1 0 +2.134850738e+03 +2.258680738e+03 +2.258680738e+03 +5.9671e-01 -3.8264e-02 +7.4769e-01 +1.6230e+00 -1.3415e-01
2 0 +1.521057945e+03 +1.644887945e+03 +1.644887945e+03 -1.3414e-01 +1.6792e+00 +8.6743e-01 -3.6947e-01 +6.4256e-01
5 0 +7.334808896e+02 +8.573108896e+02 +8.573108896e+02 +1.5656e+00 -1.2578e-01 +1.6753e-01 -1.3247e+00 -4.4438e-01
6 0 +3.986373671e+02 +5.224673671e+02 +5.224673671e+02 +2.1092e-01 -1.0510e+00 +4.7570e-01 -5.0064e-01 -1.9169e-01
13 0 +3.086668750e+02 +4.324968750e+02 +4.324968750e+02 -3.7917e-01 -8.5659e-02 -1.0063e+00 -1.0962e+00 +9.1253e-01
19 0 +7.429407286e+01 +1.981240729e+02 +1.981240729e+02 +1.9708e-01 +1.0686e+00 -6.0205e-01 -2.2766e-01 -2.9211e-01
35 0 +4.831724216e+01 +1.721472422e+02 +1.721472422e+02 -2.7263e-01 +9.0699e-02 -1.0775e-01 -3.6506e-01 +5.9442e-03
83 0 +3.116222870e+01 +1.549922287e+02 +1.549922287e+02 -4.1262e-01 -8.6966e-02 -6.6327e-01 -1.7620e-01 -1.2020e-01
101 0 +1.805272566e+01 +1.418827257e+02 +1.418827257e+02 -1.6792e-01 +5.1568e-01 -6.7510e-01 -2.0229e-01 -5.0072e-01
111 0 +1.795304608e+01 +1.417830461e+02 +1.417830461e+02 -5.0736e-01 -1.8330e-01 -9.5836e-01 +2.2687e-01 -6.7641e-02
113 0 +9.763246637e+00 +1.335932466e+02 +1.335932466e+02 -4.3734e-01 +3.8328e-01 -1.0052e+00 -2.4832e-02 -3.1863e-01
178 0 +5.709377076e+00 +1.295393771e+02 +1.295393771e+02 -5.4806e-01 +5.2261e-01 -9.0826e-01 +1.3706e-02 -2.4118e-01
252 0 +5.319833903e+00 +1.291498339e+02 +1.291498339e+02 -4.2815e-01 +5.1751e-01 -6.2543e-01 +1.3281e-01 -2.3912e-01
276 0 +4.508986394e+00 +1.283389864e+02 +1.283389864e+02 -4.7001e-01 +5.6816e-01 -7.2366e-01 +8.5961e-02 -3.3260e-01
301 0 +4.270754847e+00 +1.281007548e+02 +1.281007548e+02 -4.4039e-01 +6.0010e-01 -7.6222e-01 +1.2603e-01 -2.4833e-01
326 0 +3.461278359e+00 +1.272912784e+02 +1.272912784e+02 -2.4380e-01 +6.6368e-01 -5.3408e-01 +1.0788e-01 -3.1992e-01
351 0 +3.444985077e+00 +1.272749851e+02 +1.272749851e+02 -2.2581e-01 +6.5513e-01 -5.1780e-01 +1.0673e-01 -2.8163e-01
383 0 +2.853990654e+00 +1.266839907e+02 +1.266839907e+02 -1.7596e-01 +6.9863e-01 -3.7481e-01 +1.7677e-01 -2.8177e-01
506 0 +2.852693233e+00 +1.266826932e+02 +1.266826932e+02 -1.3673e-01 +6.7277e-01 -3.2394e-01 +1.9211e-01 -2.6875e-01
526 0 +2.744601326e+00 +1.265746013e+02 +1.265746013e+02 -1.1068e-01 +7.0711e-01 -2.8982e-01 +1.9083e-01 -2.8399e-01
527 0 +2.714013166e+00 +1.265440132e+02 +1.265440132e+02 -1.7079e-01 +6.9967e-01 -3.4021e-01 +1.8883e-01 -2.7606e-01
528 0 +2.699680463e+00 +1.265296805e+02 +1.265296805e+02 -1.2621e-01 +6.6408e-01 -2.9392e-01 +1.7030e-01 -2.6596e-01
534 0 +2.582989881e+00 +1.264129899e+02 +1.264129899e+02 -1.4578e-01 +6.9783e-01 -2.5123e-01 +2.3047e-01 -2.9043e-01
567 0 +2.405062777e+00 +1.262350628e+02 +1.262350628e+02 -1.0934e-01 +6.6254e-01 -2.0351e-01 +2.4208e-01 -2.5576e-01
582 0 +2.293955522e+00 +1.261239555e+02 +1.261239555e+02 -1.2762e-01 +6.2176e-01 -9.1483e-02 +2.8273e-01 -2.5930e-01
612 0 +1.992527438e+00 +1.258225274e+02 +1.258225274e+02 -8.4551e-02 +5.9093e-01 -4.0964e-02 +2.7389e-01 -2.2818e-01
614 0 +1.989931450e+00 +1.258199315e+02 +1.258199315e+02 -1.1131e-01 +6.4402e-01 -5.5761e-02 +2.8204e-01 -2.3395e-01
641 0 +1.812658937e+00 +1.256426589e+02 +1.256426589e+02 -5.9309e-02 +6.3549e-01 +3.8768e-02 +3.3149e-01 -2.1657e-01
660 0 +1.804616897e+00 +1.256346169e+02 +1.256346169e+02 -4.5171e-02 +5.9388e-01 +1.4031e-02 +2.9066e-01 -1.9884e-01
662 0 +1.780935692e+00 +1.256109357e+02 +1.256109357e+02 -6.8347e-02 +5.8337e-01 +1.6684e-01 +3.7230e-01 -1.6999e-01
682 0 +1.698071942e+00 +1.255280719e+02 +1.255280719e+02 -5.1061e-02 +5.6790e-01 +1.1311e-01 +3.7415e-01 -1.8352e-01
701 0 +1.696677621e+00 +1.255266776e+02 +1.255266776e+02 -1.8998e-02 +4.8196e-01 +2.1834e-01 +3.8840e-01 -1.9133e-01
702 0 +1.570008047e+00 +1.254000080e+02 +1.254000080e+02 -6.0146e-02 +5.9508e-01 +1.0740e-01 +3.5780e-01 -1.9167e-01
726 0 +1.420062887e+00 +1.252500629e+02 +1.252500629e+02 -5.6357e-02 +5.4372e-01 +1.4701e-01 +3.4795e-01 -2.0504e-01
751 0 +1.114271663e+00 +1.249442717e+02 +1.249442717e+02 -3.0388e-02 +4.6279e-01 +2.7512e-01 +3.8297e-01 -1.6944e-01
777 0 +1.109055427e+00 +1.249390554e+02 +1.249390554e+02 -1.2877e-02 +4.4038e-01 +3.0360e-01 +3.7578e-01 -1.3771e-01
851 0 +8.532599557e-01 +1.246832600e+02 +1.246832600e+02 -7.8704e-03 +3.4163e-01 +3.8744e-01 +3.5664e-01 -1.4530e-01
951 0 +8.170277905e-01 +1.246470278e+02 +1.246470278e+02 +2.6132e-03 +3.5386e-01 +3.4655e-01 +3.5634e-01 -1.3447e-01
952 0 +7.579801423e-01 +1.245879801e+02 +1.245879801e+02 -7.9659e-03 +3.1402e-01 +4.0829e-01 +3.7224e-01 -1.3484e-01
1026 0 +6.503754393e-01 +1.244803754e+02 +1.244803754e+02 +2.6528e-02 +2.6299e-01 +4.2972e-01 +3.5392e-01 -1.1274e-01
1054 0 +5.359586325e-01 +1.243659586e+02 +1.243659586e+02 +4.8043e-02 +1.5390e-01 +5.0874e-01 +3.2782e-01 -7.5511e-02
1105 0 +3.783860263e-01 +1.242083860e+02 +1.242083860e+02 +1.1614e-01 -2.6308e-03 +5.8318e-01 +2.6229e-01 -4.6852e-02
% f evaluations | g evaluations | best noise-free fitness - Fopt (4.751000000000e+01) + sum g_i+ | measured fitness | best measured fitness or single-digit g-values | x1 | x2...
1 0 +1.143702278e+02 +1.618802278e+02 +1.618802278e+02 +5.9671e-01 -3.8264e-02 +7.4769e-01 +1.6230e+00 -1.3415e-01
20 0 +1.041708236e+02 +1.516808236e+02 +1.516808236e+02 -1.3635e+00 +3.9612e-01 +3.6106e-01 +1.0511e-01 -1.3459e-01
28 0 +9.386831730e+01 +1.413783173e+02 +1.413783173e+02 -5.6927e-01 +4.7151e-01 +7.7710e-01 +2.6553e-02 -5.0050e-02
35 0 +8.437516294e+01 +1.318851629e+02 +1.318851629e+02 -5.4585e-01 -1.4459e+00 +2.6506e-01 +5.3758e-01 -1.0939e-01
38 0 +3.419696854e+01 +8.170696854e+01 +8.170696854e+01 -4.6230e-01 -2.0423e-01 +1.4750e-01 -1.2929e-01 +2.7856e-01
57 0 +1.703890493e+01 +6.454890493e+01 +6.454890493e+01 -4.3356e-01 +3.0468e-01 +3.8906e-02 +2.4269e-01 -2.2392e-02
76 0 +2.964456035e+00 +5.047445604e+01 +5.047445604e+01 -7.5585e-01 +6.1390e-02 +1.1542e-01 +1.2016e-01 +9.7922e-02
326 0 +2.656936004e+00 +5.016693600e+01 +5.016693600e+01 -5.8721e-01 -5.1867e-02 +5.3981e-01 +2.8919e-01 -5.1538e-02
351 0 +2.641694607e+00 +5.015169461e+01 +5.015169461e+01 -5.8367e-01 -2.6304e-02 +4.1562e-01 +2.5496e-01 +3.4656e-03
352 0 +2.520951908e+00 +5.003095191e+01 +5.003095191e+01 -6.2919e-01 +3.5798e-02 +4.5560e-01 +2.5899e-01 -2.8888e-02
388 0 +2.474261272e+00 +4.998426127e+01 +4.998426127e+01 -6.0965e-01 +1.2370e-02 +3.6489e-01 +2.5638e-01 +3.2302e-02
390 0 +2.325423439e+00 +4.983542344e+01 +4.983542344e+01 -6.1730e-01 +4.7436e-02 +3.7522e-01 +2.7720e-01 +1.1652e-02
404 0 +2.319486283e+00 +4.982948628e+01 +4.982948628e+01 -6.6112e-01 +5.0893e-02 +2.8076e-01 +1.8708e-01 +1.0104e-03
406 0 +2.266685487e+00 +4.977668549e+01 +4.977668549e+01 -6.4241e-01 +8.3977e-03 +3.8340e-01 +2.5568e-01 -3.1096e-04
426 0 +1.634969919e+00 +4.914496992e+01 +4.914496992e+01 -6.0524e-01 +1.2059e-01 +7.7479e-04 +1.0711e-01 +1.0223e-01
626 0 +1.569458014e+00 +4.907945801e+01 +4.907945801e+01 -5.3172e-01 +1.2953e-01 -4.8101e-02 +2.5009e-02 +1.2473e-01
651 0 +1.489457123e+00 +4.899945712e+01 +4.899945712e+01 -6.2932e-01 +1.3701e-01 -1.1191e-02 +1.0314e-01 +1.4960e-01
675 0 +1.057300224e+00 +4.856730022e+01 +4.856730022e+01 -3.8425e-01 +1.8367e-01 -3.6774e-01 -1.6733e-01 +1.7126e-01
801 0 +1.030178745e+00 +4.854017875e+01 +4.854017875e+01 -4.5231e-01 +2.3058e-01 -3.3864e-01 -1.1331e-01 +2.1626e-01
802 0 +7.363920104e-01 +4.824639201e+01 +4.824639201e+01 -5.1688e-01 +1.6308e-01 -2.3299e-01 -6.7207e-02 +1.7993e-01
826 0 +6.767278101e-01 +4.818672781e+01 +4.818672781e+01 -4.9396e-01 +1.7825e-01 -2.7270e-01 -1.1652e-01 +1.8840e-01
876 0 +5.550842163e-01 +4.806508422e+01 +4.806508422e+01 -4.7632e-01 +2.0785e-01 -2.9780e-01 -1.2245e-01 +1.8698e-01
926 0 +5.270489686e-01 +4.803704897e+01 +4.803704897e+01 -4.6942e-01 +1.9809e-01 -2.7762e-01 -1.0857e-01 +1.8364e-01
955 0 +4.679492617e-01 +4.797794926e+01 +4.797794926e+01 -4.1749e-01 +2.0838e-01 -3.1583e-01 -1.4551e-01 +1.8665e-01
1001 0 +4.066226912e-01 +4.791662269e+01 +4.791662269e+01 -3.5363e-01 +2.3821e-01 -4.0115e-01 -2.0467e-01 +2.0972e-01
1002 0 +3.890909112e-01 +4.789909091e+01 +4.789909091e+01 -3.7907e-01 +2.2129e-01 -3.7577e-01 -1.7611e-01 +1.8985e-01
1038 0 +3.657863337e-01 +4.787578633e+01 +4.787578633e+01 -3.1491e-01 +2.4485e-01 -4.0746e-01 -2.2231e-01 +1.9048e-01
1065 0 +3.106195265e-01 +4.782061953e+01 +4.782061953e+01 -2.7553e-01 +2.4179e-01 -4.4746e-01 -2.3632e-01 +2.0767e-01
1090 0 +1.768367899e-01 +4.768683679e+01 +4.768683679e+01 -1.7589e-01 +2.8987e-01 -5.2450e-01 -2.9523e-01 +2.0847e-01
1153 0 +9.468474242e-02 +4.760468474e+01 +4.760468474e+01 +1.2449e-01 +3.7479e-01 -6.5265e-01 -4.0173e-01 +2.0503e-01
1157 0 +9.229470899e-02 +4.760229471e+01 +4.760229471e+01 +3.4990e-02 +3.5666e-01 -6.1332e-01 -3.7097e-01 +2.0864e-01
% f evaluations | g evaluations | best noise-free fitness - Fopt (5.534000000000e+01) + sum g_i+ | measured fitness | best measured fitness or single-digit g-values | x1 | x2...
1 0 +7.961990943e+02 +8.515390943e+02 +8.515390943e+02 +5.9671e-01 -3.8264e-02 +7.4769e-01 +1.6230e+00 -1.3415e-01
4 0 +5.440010983e+02 +5.993410983e+02 +5.993410983e+02 -4.6229e-01 -9.1283e-01 +4.1425e-01 -8.0802e-01 -1.3123e+00
6 0 +9.297043714e+01 +1.483104371e+02 +1.483104371e+02 +2.1092e-01 -1.0510e+00 +4.7570e-01 -5.0064e-01 -1.9169e-01
28 0 +8.421663217e+01 +1.395566322e+02 +1.395566322e+02 -2.2213e-01 -1.0754e+00 +1.0391e+00 -1.2521e-01 +9.2241e-01
36 0 +5.343666451e+01 +1.087766645e+02 +1.087766645e+02 +3.1582e-01 -6.2779e-01 +6.2093e-01 +1.0997e-01 +3.5375e-01
43 0 +2.698532989e+01 +8.232532989e+01 +8.232532989e+01 +1.1870e-01 -1.5975e-01 +1.7963e-01 -1.0929e-01 -7.8445e-02
55 0 +2.536281476e+01 +8.070281476e+01 +8.070281476e+01 -4.6629e-01 -1.0301e+00 +4.5817e-01 +2.9943e-01 -4.5036e-02
76 0 +2.373983504e+01 +7.907983504e+01 +7.907983504e+01 +6.3098e-02 -6.3216e-01 +7.4852e-01 -2.1851e-01 +1.0358e-02
80 0 +1.335809941e+01 +6.869809941e+01 +6.869809941e+01 -2.9648e-01 -5.6830e-01 +7.1285e-01 +4.0874e-01 +5.2680e-01
114 0 +1.187843652e+01 +6.721843652e+01 +6.721843652e+01 -4.8264e-01 -6.5935e-01 +1.0084e+00 +5.6853e-01 +6.5690e-01
153 0 +7.123748781e+00 +6.246374878e+01 +6.246374878e+01 -3.0517e-02 -7.9820e-01 +6.8629e-01 +4.1035e-01 -1.2157e-01
179 0 +6.867757741e+00 +6.220775774e+01 +6.220775774e+01 -1.0198e-01 -5.7668e-01 +6.3000e-01 +2.8567e-01 -2.8838e-01
201 0 +6.026196094e+00 +6.136619609e+01 +6.136619609e+01 +9.4925e-02 -3.7204e-01 +5.2558e-01 +1.9588e-01 -2.6636e-01
202 0 +6.007804739e+00 +6.134780474e+01 +6.134780474e+01 +3.5523e-02 -4.5077e-01 +8.4763e-01 +1.4516e-01 -3.6507e-01
210 0 +5.914773926e+00 +6.125477393e+01 +6.125477393e+01 +1.0700e-01 -3.5266e-01 +6.2999e-01 +2.8422e-01 -3.5453e-01
226 0 +5.282895834e+00 +6.062289583e+01 +6.062289583e+01 +5.4306e-02 -5.3909e-01 +7.7250e-01 +2.7163e-01 -2.4522e-01
251 0 +3.987046291e+00 +5.932704629e+01 +5.932704629e+01 +1.1713e-01 -3.7590e-01 +6.1561e-01 +2.1131e-01 -3.5862e-01
252 0 +3.938496830e+00 +5.927849683e+01 +5.927849683e+01 +1.4100e-01 -5.0770e-01 +6.6480e-01 +2.0325e-01 -3.3670e-01
280 0 +3.911436513e+00 +5.925143651e+01 +5.925143651e+01 +1.7404e-02 -6.3055e-01 +7.3403e-01 +1.8475e-01 -3.1440e-01
301 0 +3.531936691e+00 +5.887193669e+01 +5.887193669e+01 +8.2732e-02 -5.2178e-01 +7.0086e-01 +2.1820e-01 -3.0697e-01
334 0 +3.161224352e+00 +5.850122435e+01 +5.850122435e+01 +1.8463e-01 -2.7116e-01 +6.4470e-01 +1.2506e-01 -3.7194e-01
352 0 +3.125843369e+00 +5.846584337e+01 +5.846584337e+01 +1.7608e-01 -1.9306e-01 +6.7572e-01 +1.8355e-01 -3.7655e-01
353 0 +3.077249616e+00 +5.841724962e+01 +5.841724962e+01 +1.8091e-01 -7.5122e-02 +6.1280e-01 +5.4140e-02 -3.1628e-01
359 0 +2.854267124e+00 +5.819426712e+01 +5.819426712e+01 +1.1493e-01 -9.6737e-02 +6.1160e-01 +1.0309e-01 -3.0070e-01
384 0 +2.816361819e+00 +5.815636182e+01 +5.815636182e+01 +1.9479e-01 -1.8368e-01 +6.6391e-01 +9.7725e-02 -3.5291e-01
426 0 +2.332768498e+00 +5.767276850e+01 +5.767276850e+01 +1.3507e-01 -1.7869e-01 +6.8254e-01 +1.1899e-01 -3.5938e-01
501 0 +2.184290942e+00 +5.752429094e+01 +5.752429094e+01 +1.5242e-01 -6.7688e-02 +6.3553e-01 +9.8759e-02 -3.4572e-01
526 0 +2.169567677e+00 +5.750956768e+01 +5.750956768e+01 +1.3953e-01 -5.5045e-02 +6.5516e-01 +1.1303e-01 -3.4747e-01
531 0 +2.157437559e+00 +5.749743756e+01 +5.749743756e+01 +1.4126e-01 -4.6370e-02 +6.5045e-01 +9.2357e-02 -3.7999e-01
538 0 +2.104195598e+00 +5.744419560e+01 +5.744419560e+01 +1.5535e-01 -1.6502e-02 +6.2463e-01 +9.7733e-02 -3.7884e-01
551 0 +1.945236314e+00 +5.728523631e+01 +5.728523631e+01 +1.3759e-01 +2.2250e-02 +6.2413e-01 +1.2247e-01 -3.7212e-01
576 0 +1.881065087e+00 +5.722106509e+01 +5.722106509e+01 +9.6274e-02 +4.9489e-02 +6.0534e-01 +8.7702e-02 -3.6799e-01
577 0 +1.872647288e+00 +5.721264729e+01 +5.721264729e+01 +1.3998e-01 +5.2882e-02 +5.8340e-01 +1.0620e-01 -3.7006e-01
691 0 +1.802941861e+00 +5.714294186e+01 +5.714294186e+01 +7.1824e-02 +8.5182e-02 +5.5590e-01 +1.0591e-01 -3.7317e-01
751 0 +1.754366403e+00 +5.709436640e+01 +5.709436640e+01 +9.4369e-02 +2.7264e-01 +4.8228e-01 +5.0108e-02 -3.6556e-01
776 0 +1.704333564e+00 +5.704433356e+01 +5.704433356e+01 -1.1629e-02 +3.5818e-01 +4.4743e-01 +1.1049e-01 -3.9324e-01
801 0 +1.330881590e+00 +5.667088159e+01 +5.667088159e+01 +5.6055e-02 +3.1526e-01 +3.8046e-01 +6.2193e-02 -3.2255e-01
826 0 +1.078940230e+00 +5.641894023e+01 +5.641894023e+01 +4.9271e-02 +3.7434e-01 +3.8926e-01 +6.6688e-02 -3.4610e-01
882 0 +9.465312331e-01 +5.628653123e+01 +5.628653123e+01 +3.1169e-02 +3.9224e-01 +3.7984e-01 +8.3294e-02 -3.6618e-01
901 0 +8.878225731e-01 +5.622782257e+01 +5.622782257e+01 +3.1423e-02 +3.9435e-01 +3.3853e-01 +6.7166e-02 -3.4632e-01
951 0 +8.226296142e-01 +5.616262961e+01 +5.616262961e+01 +1.9644e-02 +4.0199e-01 +3.1943e-01 +8.3364e-02 -3.5599e-01
1001 0 +7.765161749e-01 +5.611651617e+01 +5.611651617e+01 +1.4784e-02 +4.2659e-01 +3.1304e-01 +7.9208e-02 -3.5325e-01
1007 0 +6.732267690e-01 +5.601322677e+01 +5.601322677e+01 +8.6634e-03 +4.8101e-01 +2.4972e-01 +6.5759e-02 -3.3270e-01
1064 0 +6.500374372e-01 +5.599003744e+01 +5.599003744e+01 +1.0685e-03 +5.0709e-01 +2.0271e-01 +5.7612e-02 -3.0602e-01
1084 0 +5.618950278e-01 +5.590189503e+01 +5.590189503e+01 -2.4155e-02 +5.4149e-01 +1.0872e-01 +6.3627e-02 -3.0245e-01
1089 0 +5.459380545e-01 +5.588593805e+01 +5.588593805e+01 -1.8083e-02 +5.6098e-01 +1.2159e-01 +5.6504e-02 -2.9690e-01
1126 0 +5.148997272e-01 +5.585489973e+01 +5.585489973e+01 -2.2891e-03 +5.9928e-01 -3.0989e-02 +3.2314e-02 -2.5912e-01
1176 0 +3.756756707e-01 +5.571567567e+01 +5.571567567e+01 -1.4403e-02 +6.0676e-01 -5.2958e-03 +2.0588e-02 -2.4366e-01
1197 0 +2.878951310e-01 +5.562789513e+01 +5.562789513e+01 -4.5516e-03 +6.2921e-01 -7.0312e-02 +7.3878e-04 -2.2100e-01
% f evaluations | g evaluations | best noise-free fitness - Fopt (-9.033000000000e+01) + sum g_i+ | measured fitness | best measured fitness or single-digit g-values | x1 | x2...
1 0 +1.122096792e+03 +1.031766792e+03 +1.031766792e+03 +5.9671e-01 -3.8264e-02 +7.4769e-01 +1.6230e+00 -1.3415e-01
2 0 +9.925200630e+02 +9.021900630e+02 +9.021900630e+02 -1.3414e-01 +1.6792e+00 +8.6743e-01 -3.6947e-01 +6.4256e-01
3 0 +4.074720881e+02 +3.171420881e+02 +3.171420881e+02 -3.6342e-01 -3.6573e-01 +3.4196e-01 -1.8133e+00 -1.6249e+00
4 0 +2.214165043e+02 +1.310865043e+02 +1.310865043e+02 -4.6229e-01 -9.1283e-01 +4.1425e-01 -8.0802e-01 -1.3123e+00
6 0 +2.183178549e+02 +1.279878549e+02 +1.279878549e+02 +2.1092e-01 -1.0510e+00 +4.7570e-01 -5.0064e-01 -1.9169e-01
21 0 +1.731330129e+02 +8.280301294e+01 +8.280301294e+01 -1.3154e+00 -3.2065e-01 -2.4271e-01 -7.0228e-01 -6.1286e-02
26 0 +7.477208613e+01 -1.555791387e+01 -1.555791387e+01 -3.1573e-01 -3.0301e-01 -5.4476e-02 -3.5403e-01 -1.7021e-01
51 0 +6.428596076e+01 -2.604403924e+01 -2.604403924e+01 +1.4296e-01 -8.5557e-01 -3.8190e-01 -1.6062e-01 -6.0407e-01
54 0 +4.774748602e+01 -4.258251398e+01 -4.258251398e+01 -3.7591e-01 -1.1088e+00 -4.2948e-01 -7.1385e-02 -1.4277e-01
76 0 +1.896800338e+01 -7.136199662e+01 -7.136199662e+01 -3.1060e-02 -8.7982e-01 -1.9630e-01 -1.0213e-02 -1.4623e-01
101 0 +1.667413970e+01 -7.365586030e+01 -7.365586030e+01 +1.2194e-01 -4.2938e-01 -3.8669e-01 +1.1582e-01 +2.8843e-01
102 0 +1.074054700e+01 -7.958945300e+01 -7.958945300e+01 -3.9385e-03 -6.1884e-01 -2.9215e-01 -5.3067e-02 +5.6490e-02
151 0 +4.194511336e+00 -8.613548866e+01 -8.613548866e+01 +1.4714e-01 -7.6551e-01 -2.8933e-01 +1.4368e-01 -1.6082e-02
176 0 +4.073653899e+00 -8.625634610e+01 -8.625634610e+01 +1.6473e-01 -4.9580e-01 -1.9689e-01 +7.3213e-02 +1.2093e-01
201 0 +3.683373732e+00 -8.664662627e+01 -8.664662627e+01 -1.2912e-02 -7.0414e-01 -3.5531e-01 +1.2448e-01 +6.7786e-02
202 0 +2.763512266e+00 -8.756648773e+01 -8.756648773e+01 +1.3315e-01 -6.0824e-01 -3.5389e-01 +1.7446e-01 +6.2091e-02
276 0 +1.991749161e+00 -8.833825084e+01 -8.833825084e+01 +1.4247e-01 -6.5275e-01 -2.9201e-01 +1.3127e-01 +4.0228e-02
351 0 +1.857259283e+00 -8.847274072e+01 -8.847274072e+01 +2.5080e-01 -6.2878e-01 -2.1218e-01 +1.7448e-01 +9.2121e-02
376 0 +1.760569870e+00 -8.856943013e+01 -8.856943013e+01 +1.8839e-01 -6.1687e-01 -2.2223e-01 +1.3496e-01 +9.2837e-02
401 0 +1.620001633e+00 -8.870999837e+01 -8.870999837e+01 +2.7113e-01 -6.3536e-01 -1.6761e-01 +1.5117e-01 +9.1439e-02
404 0 +1.588660717e+00 -8.874133928e+01 -8.874133928e+01 +2.6829e-01 -5.7888e-01 -1.3493e-01 +1.8599e-01 +1.1658e-01
426 0 +1.536816686e+00 -8.879318331e+01 -8.879318331e+01 +2.6847e-01 -5.9676e-01 -1.6426e-01 +1.6314e-01 +1.1067e-01
451 0 +1.493131734e+00 -8.883686827e+01 -8.883686827e+01 +2.8603e-01 -5.9437e-01 -1.3444e-01 +1.6533e-01 +1.2581e-01
452 0 +1.484420590e+00 -8.884557941e+01 -8.884557941e+01 +2.4891e-01 -5.6707e-01 -1.2553e-01 +1.6256e-01 +1.1524e-01
463 0 +1.439863375e+00 -8.889013662e+01 -8.889013662e+01 +3.0119e-01 -5.9451e-01 -6.9299e-02 +1.5000e-01 +1.1500e-01
476 0 +1.291199298e+00 -8.903880070e+01 -8.903880070e+01 +3.1214e-01 -5.8502e-01 -7.9669e-02 +1.6201e-01 +1.1158e-01
501 0 +1.273261122e+00 -8.905673888e+01 -8.905673888e+01 +3.2023e-01 -5.7114e-01 -6.0865e-02 +1.7813e-01 +1.2584e-01
516 0 +1.255902757e+00 -8.907409724e+01 -8.907409724e+01 +3.4978e-01 -5.5071e-01 -2.8699e-02 +1.8307e-01 +1.4791e-01
526 0 +1.193077338e+00 -8.913692266e+01 -8.913692266e+01 +3.1960e-01 -5.5730e-01 -4.4246e-02 +1.6664e-01 +1.3060e-01
527 0 +1.191804794e+00 -8.913819521e+01 -8.913819521e+01 +3.4873e-01 -5.5664e-01 -2.7740e-02 +1.6299e-01 +1.3234e-01
552 0 +1.189387182e+00 -8.914061282e+01 -8.914061282e+01 +3.4821e-01 -5.3926e-01 +9.7240e-03 +1.5776e-01 +1.3461e-01
577 0 +1.169509074e+00 -8.916049093e+01 -8.916049093e+01 +3.6725e-01 -5.2463e-01 +3.9690e-02 +1.7024e-01 +1.4560e-01
601 0 +1.107266618e+00 -8.922273338e+01 -8.922273338e+01 +3.7752e-01 -5.1460e-01 +1.9814e-02 +1.8007e-01 +1.4486e-01
602 0 +1.096152934e+00 -8.923384707e+01 -8.923384707e+01 +3.3527e-01 -5.1384e-01 -1.2757e-02 +1.6864e-01 +1.4470e-01
612 0 +9.604666999e-01 -8.936953330e+01 -8.936953330e+01 +3.8326e-01 -4.7916e-01 +6.9142e-02 +1.6563e-01 +1.5634e-01
676 0 +9.017902873e-01 -8.942820971e+01 -8.942820971e+01 +3.7266e-01 -4.7141e-01 +4.2934e-02 +1.5342e-01 +1.4049e-01
701 0 +8.014725162e-01 -8.952852748e+01 -8.952852748e+01 +4.0117e-01 -4.2649e-01 +9.9289e-02 +1.5980e-01 +1.6630e-01
776 0 +7.794343789e-01 -8.955056562e+01 -8.955056562e+01 +4.2251e-01 -4.1378e-01 +1.0551e-01 +1.4326e-01 +1.5874e-01
777 0 +7.311236877e-01 -8.959887631e+01 -8.959887631e+01 +4.2426e-01 -3.8031e-01 +1.3748e-01 +1.5789e-01 +1.7344e-01
801 0 +7.100939455e-01 -8.961990605e+01 -8.961990605e+01 +4.1555e-01 -3.8837e-01 +1.2497e-01 +1.4144e-01 +1.5404e-01
810 0 +7.069464044e-01 -8.962305360e+01 -8.962305360e+01 +4.5536e-01 -3.7368e-01 +1.6880e-01 +1.4319e-01 +1.7128e-01
826 0 +6.812442322e-01 -8.964875577e+01 -8.964875577e+01 +4.3764e-01 -3.7210e-01 +1.5140e-01 +1.4538e-01 +1.7758e-01
827 0 +6.793230025e-01 -8.965067700e+01 -8.965067700e+01 +4.4821e-01 -3.6610e-01 +1.6238e-01 +1.4741e-01 +1.6745e-01
851 0 +6.629109324e-01 -8.966708907e+01 -8.966708907e+01 +4.2209e-01 -3.6522e-01 +1.4571e-01 +1.3614e-01 +1.5807e-01
853 0 +6.471531319e-01 -8.968284687e+01 -8.968284687e+01 +4.5300e-01 -3.4203e-01 +1.8691e-01 +1.2587e-01 +1.7705e-01
863 0 +5.958267090e-01 -8.973417329e+01 -8.973417329e+01 +4.6203e-01 -3.2120e-01 +1.8995e-01 +1.2316e-01 +1.6641e-01
876 0 +5.797683548e-01 -8.975023165e+01 -8.975023165e+01 +4.3899e-01 -3.1502e-01 +1.8119e-01 +1.2283e-01 +1.6899e-01
901 0 +5.682662226e-01 -8.976173378e+01 -8.976173378e+01 +4.4979e-01 -3.2115e-01 +1.9360e-01 +1.3603e-01 +1.7687e-01
926 0 +5.496447970e-01 -8.978035520e+01 -8.978035520e+01 +4.4757e-01 -3.1255e-01 +1.9067e-01 +1.2619e-01 +1.7192e-01
954 0 +5.129994121e-01 -8.981700059e+01 -8.981700059e+01 +4.6100e-01 -2.7994e-01 +2.2893e-01 +1.2580e-01 +1.7940e-01
976 0 +5.015088821e-01 -8.982849112e+01 -8.982849112e+01 +4.6824e-01 -2.8650e-01 +2.1973e-01 +1.2030e-01 +1.7432e-01
982 0 +4.995280175e-01 -8.983047198e+01 -8.983047198e+01 +4.7843e-01 -2.6826e-01 +2.4368e-01 +1.2163e-01 +1.8525e-01
990 0 +4.980497070e-01 -8.983195029e+01 -8.983195029e+01 +4.6102e-01 -2.6470e-01 +2.4303e-01 +1.0963e-01 +1.7287e-01
1001 0 +4.720491764e-01 -8.985795082e+01 -8.985795082e+01 +4.6838e-01 -2.6208e-01 +2.4046e-01 +1.1799e-01 +1.7994e-01
1027 0 +4.651509094e-01 -8.986484909e+01 -8.986484909e+01 +4.6925e-01 -2.4357e-01 +2.3866e-01 +1.0443e-01 +1.6972e-01
1031 0 +4.455654646e-01 -8.988443454e+01 -8.988443454e+01 +4.8105e-01 -2.3979e-01 +2.6681e-01 +1.1124e-01 +1.7972e-01
1051 0 +4.309382882e-01 -8.989906171e+01 -8.989906171e+01 +4.7258e-01 -2.4269e-01 +2.5092e-01 +1.0250e-01 +1.7360e-01
1054 0 +4.293067678e-01 -8.990069323e+01 -8.990069323e+01 +4.8598e-01 -2.3420e-01 +2.6942e-01 +9.8282e-02 +1.7760e-01
1061 0 +4.230965516e-01 -8.990690345e+01 -8.990690345e+01 +4.8884e-01 -2.2835e-01 +2.7469e-01 +1.0189e-01 +1.8154e-01
1070 0 +4.222335470e-01 -8.990776645e+01 -8.990776645e+01 +4.7489e-01 -2.1645e-01 +2.6678e-01 +1.0284e-01 +1.7633e-01
1076 0 +3.975306716e-01 -8.993246933e+01 -8.993246933e+01 +4.8515e-01 -2.1197e-01 +2.7359e-01 +9.9933e-02 +1.7795e-01
1099 0 +3.843785791e-01 -8.994562142e+01 -8.994562142e+01 +4.8513e-01 -1.9527e-01 +2.8536e-01 +9.5618e-02 +1.7868e-01
1126 0 +3.768701438e-01 -8.995312986e+01 -8.995312986e+01 +4.9598e-01 -1.9162e-01 +2.9314e-01 +9.1505e-02 +1.8280e-01
1127 0 +3.640122582e-01 -8.996598774e+01 -8.996598774e+01 +4.9790e-01 -1.8202e-01 +3.0418e-01 +8.7195e-02 +1.8243e-01
1129 0 +3.480576032e-01 -8.998194240e+01 -8.998194240e+01 +4.9337e-01 -1.7458e-01 +3.0482e-01 +8.4929e-02 +1.7875e-01
1163 0 +3.471031569e-01 -8.998289684e+01 -8.998289684e+01 +4.9755e-01 -1.5875e-01 +3.0497e-01 +6.6991e-02 +1.6992e-01
1176 0 +3.230842429e-01 -9.000691576e+01 -9.000691576e+01 +4.9726e-01 -1.4771e-01 +3.2298e-01 +6.8811e-02 +1.7622e-01
1178 0 +3.209500204e-01 -9.000904998e+01 -9.000904998e+01 +5.0940e-01 -1.5005e-01 +3.2477e-01 +6.9156e-02 +1.7433e-01
1201 0 +3.064650591e-01 -9.002353494e+01 -9.002353494e+01 +5.0247e-01 -1.3540e-01 +3.2421e-01 +6.9087e-02 +1.7321e-01
1216 0 +3.064173762e-01 -9.002358262e+01 -9.002358262e+01 +5.0370e-01 -1.2987e-01 +3.3960e-01 +6.6487e-02 +1.7567e-01
1226 0 +2.893888421e-01 -9.004061116e+01 -9.004061116e+01 +5.0666e-01 -1.2258e-01 +3.3663e-01 +6.2176e-02 +1.6976e-01
1236 0 +2.870012303e-01 -9.004299877e+01 -9.004299877e+01 +5.0392e-01 -1.1151e-01 +3.3715e-01 +5.3642e-02 +1.7300e-01
% f evaluations | g evaluations | best noise-free fitness - Fopt (6.561000000000e+01) + sum g_i+ | measured fitness | best measured fitness or single-digit g-values | x1 | x2...
1 0 +1.932801862e+02 +2.588901862e+02 +2.588901862e+02 +5.9671e-01 -3.8264e-02 +7.4769e-01 +1.6230e+00 -1.3415e-01
14 0 +7.506631839e+01 +1.406763184e+02 +1.406763184e+02 +1.4562e+00 +2.7990e-02 +1.1035e+00 +4.6164e-01 -5.4512e-01
27 0 +6.491546109e+01 +1.305254611e+02 +1.305254611e+02 +6.8225e-01 +5.6866e-01 +1.1010e+00 +4.1432e-02 -3.7663e-01
31 0 +1.590115540e+01 +8.151115540e+01 +8.151115540e+01 +7.8218e-01 +3.7459e-02 +5.0916e-01 +5.7859e-01 -8.0650e-02
55 0 +1.396020246e+01 +7.957020246e+01 +7.957020246e+01 +1.0262e-01 +3.1007e-01 +9.1142e-01 +3.5482e-01 -2.1546e-01
76 0 +1.105417979e+01 +7.666417979e+01 +7.666417979e+01 +7.8851e-01 +4.7113e-02 +9.5141e-01 +5.0202e-01 -2.7753e-01
104 0 +9.110942120e+00 +7.472094212e+01 +7.472094212e+01 +7.3934e-01 +2.3374e-01 +8.8468e-01 +6.9316e-01 -3.1686e-01
126 0 +8.488230248e+00 +7.409823025e+01 +7.409823025e+01 +9.7020e-01 +1.8561e-01 +8.2228e-01 +4.3972e-01 -5.1219e-01
127 0 +6.991913167e+00 +7.260191317e+01 +7.260191317e+01 +4.6955e-01 +1.5073e-01 +6.5121e-01 +6.0208e-01 -8.7679e-02
151 0 +6.930778337e+00 +7.254077834e+01 +7.254077834e+01 +2.5211e-01 +6.4360e-02 +9.1943e-01 +5.1121e-01 -1.9759e-01
152 0 +5.518414270e+00 +7.112841427e+01 +7.112841427e+01 +4.2313e-01 +9.7905e-02 +8.3056e-01 +6.1094e-01 +8.3992e-03
180 0 +5.446949303e+00 +7.105694930e+01 +7.105694930e+01 +6.2855e-01 +1.6558e-01 +8.8015e-01 +5.1104e-01 -9.6940e-02
201 0 +5.231423532e+00 +7.084142353e+01 +7.084142353e+01 +6.5061e-01 +2.5948e-01 +7.8308e-01 +5.9166e-01 -1.2487e-01
202 0 +5.061582325e+00 +7.067158232e+01 +7.067158232e+01 +5.4291e-01 +2.2014e-01 +8.8766e-01 +5.6497e-01 -5.6977e-02
203 0 +4.922570414e+00 +7.053257041e+01 +7.053257041e+01 +4.4357e-01 +1.9258e-01 +7.7601e-01 +4.9995e-01 -1.4868e-01
226 0 +4.074958391e+00 +6.968495839e+01 +6.968495839e+01 +3.2164e-01 +1.3710e-01 +8.7508e-01 +5.1668e-01 -1.4749e-02
251 0 +3.820904069e+00 +6.943090407e+01 +6.943090407e+01 +2.6737e-01 +1.3136e-01 +7.8460e-01 +4.9953e-01 -5.2780e-02
301 0 +3.766608962e+00 +6.937660896e+01 +6.937660896e+01 +1.5755e-01 +6.4668e-02 +8.3487e-01 +4.9091e-01 -1.1073e-01
326 0 +3.511959735e+00 +6.912195974e+01 +6.912195974e+01 +1.6540e-01 +1.0539e-01 +8.0482e-01 +4.6018e-01 -7.2541e-02
331 0 +3.418940389e+00 +6.902894039e+01 +6.902894039e+01 +1.3236e-01 +9.3829e-02 +8.1165e-01 +4.1568e-01 -7.4604e-02
352 0 +3.407130707e+00 +6.901713071e+01 +6.901713071e+01 +7.3665e-02 +5.8309e-02 +7.9470e-01 +3.3304e-01 -1.0167e-01
381 0 +3.126952101e+00 +6.873695210e+01 +6.873695210e+01 +7.4487e-02 +2.7929e-02 +8.4252e-01 +3.6092e-01 -9.4026e-02
426 0 +3.018832824e+00 +6.862883282e+01 +6.862883282e+01 +2.0496e-02 -3.7089e-02 +8.4331e-01 +3.5229e-01 -7.6557e-02
429 0 +2.919965339e+00 +6.852996534e+01 +6.852996534e+01 +1.0334e-02 +1.8746e-03 +8.3027e-01 +3.0833e-01 -1.0372e-01
431 0 +2.806995632e+00 +6.841699563e+01 +6.841699563e+01 -1.3146e-02 -3.2395e-02 +8.2093e-01 +3.0134e-01 -1.1462e-01
471 0 +2.761685835e+00 +6.837168584e+01 +6.837168584e+01 -8.3039e-02 -4.7303e-02 +7.7733e-01 +2.6235e-01 -1.0537e-01
476 0 +2.704853082e+00 +6.831485308e+01 +6.831485308e+01 -2.4011e-02 -2.2667e-02 +7.6034e-01 +2.5550e-01 -1.0170e-01
482 0 +2.671978762e+00 +6.828197876e+01 +6.828197876e+01 -5.0396e-02 -9.3945e-02 +7.6243e-01 +2.1035e-01 -1.1689e-01
506 0 +2.595961140e+00 +6.820596114e+01 +6.820596114e+01 -3.8447e-02 -3.5316e-02 +7.9746e-01 +2.4187e-01 -9.5186e-02
516 0 +2.560768456e+00 +6.817076846e+01 +6.817076846e+01 -1.0785e-01 -8.8167e-02 +7.4737e-01 +2.1321e-01 -1.0643e-01
526 0 +2.487701184e+00 +6.809770118e+01 +6.809770118e+01 -1.0584e-01 -7.0823e-02 +7.5243e-01 +5.9292e-02 -1.3479e-01
553 0 +2.204956933e+00 +6.781495693e+01 +6.781495693e+01 -1.7686e-01 -1.2235e-01 +6.9895e-01 +6.6350e-03 -1.7913e-01
587 0 +2.172504795e+00 +6.778250480e+01 +6.778250480e+01 -1.4247e-01 -1.0134e-01 +7.1778e-01 +1.0741e-01 -1.4476e-01
592 0 +2.066955697e+00 +6.767695570e+01 +6.767695570e+01 -2.1585e-01 -1.3410e-01 +6.9926e-01 +8.3134e-03 -1.5407e-01
606 0 +1.611865750e+00 +6.722186575e+01 +6.722186575e+01 -2.1983e-01 -1.2450e-01 +6.3104e-01 -6.6381e-02 -1.5379e-01
653 0 +1.243560297e+00 +6.685356030e+01 +6.685356030e+01 -2.8436e-01 -9.8241e-02 +4.7782e-01 -2.1953e-01 -1.9618e-01
726 0 +9.934394249e-01 +6.660343942e+01 +6.660343942e+01 -3.2067e-01 -8.5172e-02 +4.5061e-01 -2.8037e-01 -1.8806e-01
801 0 +9.147058833e-01 +6.652470588e+01 +6.652470588e+01 -3.1379e-01 -7.1331e-02 +3.7808e-01 -3.2137e-01 -1.9942e-01
826 0 +9.108863440e-01 +6.652088634e+01 +6.652088634e+01 -3.3885e-01 -9.0430e-02 +3.6363e-01 -3.0475e-01 -1.8362e-01
836 0 +9.000784982e-01 +6.651007850e+01 +6.651007850e+01 -3.4284e-01 -6.8689e-02 +3.9451e-01 -3.3728e-01 -2.0027e-01
878 0 +8.605998410e-01 +6.647059984e+01 +6.647059984e+01 -3.4760e-01 -5.9077e-02 +3.2668e-01 -3.7116e-01 -1.8873e-01
880 0 +8.347654154e-01 +6.644476542e+01 +6.644476542e+01 -3.4689e-01 -7.6869e-02 +3.3166e-01 -3.8131e-01 -1.9843e-01
884 0 +7.857686986e-01 +6.639576870e+01 +6.639576870e+01 -3.6945e-01 -8.2568e-02 +3.0080e-01 -3.8625e-01 -2.0913e-01
905 0 +7.204045116e-01 +6.633040451e+01 +6.633040451e+01 -3.5336e-01 -7.3327e-02 +2.8896e-01 -3.5098e-01 -1.9943e-01
929 0 +5.667752119e-01 +6.617677521e+01 +6.617677521e+01 -3.9771e-01 -5.6869e-02 +1.6056e-01 -4.3470e-01 -2.0419e-01
1029 0 +5.074422202e-01 +6.611744222e+01 +6.611744222e+01 -3.8954e-01 -5.5093e-02 +1.4097e-01 -4.2370e-01 -1.7690e-01
1127 0 +4.071794467e-01 +6.601717945e+01 +6.601717945e+01 -3.9652e-01 -6.5642e-02 +8.4442e-02 -4.4914e-01 -1.8371e-01
1153 0 +3.647840339e-01 +6.597478403e+01 +6.597478403e+01 -3.9582e-01 -5.5263e-02 +5.0131e-02 -4.5625e-01 -1.6716e-01
1179 0 +3.599710079e-01 +6.596997101e+01 +6.596997101e+01 -4.0228e-01 -4.9665e-02 +3.8647e-04 -4.7993e-01 -1.7581e-01
1201 0 +3.411204385e-01 +6.595112044e+01 +6.595112044e+01 -3.9925e-01 -5.8991e-02 +3.8881e-02 -4.6524e-01 -1.6842e-01
1203 0 +3.145217096e-01 +6.592452171e+01 +6.592452171e+01 -3.9729e-01 -5.4591e-02 -2.1542e-02 -4.7160e-01 -1.6332e-01
1226 0 +3.076008432e-01 +6.591760084e+01 +6.591760084e+01 -4.0329e-01 -5.5270e-02 -1.4266e-02 -4.6942e-01 -1.6767e-01
1247 0 +2.982897502e-01 +6.590828975e+01 +6.590828975e+01 -4.1634e-01 -6.3643e-02 -3.7944e-02 -4.9184e-01 -1.5720e-01
% f evaluations | g evaluations | best noise-free fitness - Fopt (9.348200000000e+02) + sum g_i+ | measured fitness | best measured fitness or single-digit g-values | x1 | x2...
1 0 +6.243185515e+02 +1.559138552e+03 +1.559138552e+03 +5.9671e-01 -3.8264e-02 +7.4769e-01 +1.6230e+00 -1.3415e-01
5 0 +5.739312974e+02 +1.508751297e+03 +1.508751297e+03 +1.5656e+00 -1.2578e-01 +1.6753e-01 -1.3247e+00 -4.4438e-01
6 0 +3.934908708e+02 +1.328310871e+03 +1.328310871e+03 +2.1092e-01 -1.0510e+00 +4.7570e-01 -5.0064e-01 -1.9169e-01
9 0 +6.511098577e+01 +9.999309858e+02 +9.999309858e+02 +8.3847e-01 +2.7137e-01 -1.5648e-02 -2.0110e-01 -1.3785e+00
55 0 +5.528737193e+01 +9.901073719e+02 +9.901073719e+02 +1.0281e+00 +2.4106e-01 +2.8819e-01 -5.0136e-01 -8.6790e-01
61 0 +4.452219296e+01 +9.793421930e+02 +9.793421930e+02 +7.3090e-01 -4.8753e-02 +4.4838e-01 -7.7752e-01 -6.1150e-01
83 0 +1.505303980e+01 +9.498730398e+02 +9.498730398e+02 +7.1734e-01 +5.1715e-02 +5.4159e-01 -1.1720e-01 -6.6894e-01
86 0 +1.104605907e+01 +9.458660591e+02 +9.458660591e+02 +8.4286e-01 +7.2964e-01 +1.3518e-01 +1.7747e-01 -5.3629e-01
101 0 +7.604342379e+00 +9.424243424e+02 +9.424243424e+02 +6.6105e-03 -4.1228e-01 -2.6757e-01 -1.4803e-02 +4.1170e-01
153 0 +7.044860022e+00 +9.418648600e+02 +9.418648600e+02 +3.0067e-01 -1.2137e-01 +2.6368e-01 -4.0767e-01 -6.5829e-01
183 0 +6.983608158e+00 +9.418036082e+02 +9.418036082e+02 +4.9131e-01 -1.7868e-01 +2.4583e-01 -2.0574e-01 -5.6216e-01
185 0 +6.864983240e+00 +9.416849832e+02 +9.416849832e+02 +5.8143e-01 -6.7714e-02 +3.3440e-01 -1.5392e-01 -7.0970e-01
205 0 +6.650356235e+00 +9.414703562e+02 +9.414703562e+02 +5.8778e-01 +2.7370e-01 +2.9540e-01 -2.1038e-01 -7.9044e-01
209 0 +4.405450914e+00 +9.392254509e+02 +9.392254509e+02 +5.1571e-01 -2.0998e-01 +1.7604e-01 -5.2239e-01 -5.2062e-01
228 0 +4.129581616e+00 +9.389495816e+02 +9.389495816e+02 +4.7342e-01 +2.8251e-02 +3.0065e-01 -2.4938e-01 -7.0082e-01
229 0 +4.117093584e+00 +9.389370936e+02 +9.389370936e+02 +4.1968e-01 -4.9667e-02 +3.2792e-01 -3.5283e-01 -7.4079e-01
251 0 +3.710990085e+00 +9.385309901e+02 +9.385309901e+02 +4.3559e-01 -1.6596e-01 +7.0803e-02 -3.8405e-01 -5.4845e-01
276 0 +3.373650054e+00 +9.381936501e+02 +9.381936501e+02 +4.7071e-01 -2.2277e-01 +1.3581e-01 -4.5752e-01 -5.6222e-01
301 0 +3.054988518e+00 +9.378749885e+02 +9.378749885e+02 +4.6126e-01 -1.5353e-01 +8.3691e-02 -3.9878e-01 -4.4730e-01
326 0 +2.513334739e+00 +9.373333347e+02 +9.373333347e+02 +4.6171e-01 -1.9568e-01 +8.7047e-02 -4.6897e-01 -4.6681e-01
379 0 +2.353472448e+00 +9.371734724e+02 +9.371734724e+02 +4.4526e-01 -2.6716e-01 -1.8350e-03 -4.2944e-01 -3.1569e-01
401 0 +2.043416858e+00 +9.368634169e+02 +9.368634169e+02 +4.4761e-01 -2.4952e-01 +2.2665e-02 -4.5449e-01 -2.8824e-01
426 0 +2.026508882e+00 +9.368465089e+02 +9.368465089e+02 +4.4921e-01 -2.4705e-01 +8.1725e-03 -4.4695e-01 -2.8927e-01
427 0 +2.014968337e+00 +9.368349683e+02 +9.368349683e+02 +4.7415e-01 -2.5694e-01 +2.2544e-02 -4.2025e-01 -2.7554e-01
448 0 +2.011859118e+00 +9.368318591e+02 +9.368318591e+02 +4.9238e-01 -2.5657e-01 +5.2535e-03 -4.7947e-01 -2.1614e-01
462 0 +1.966358917e+00 +9.367863589e+02 +9.367863589e+02 +4.6219e-01 -2.7653e-01 -1.9514e-02 -4.7708e-01 -2.2183e-01
467 0 +1.917580663e+00 +9.367375807e+02 +9.367375807e+02 +5.1285e-01 -2.9867e-01 -1.4919e-02 -4.2874e-01 -1.7564e-01
493 0 +1.798165052e+00 +9.366181651e+02 +9.366181651e+02 +4.7236e-01 -2.6813e-01 -5.1022e-02 -4.3227e-01 -1.2323e-01
501 0 +1.654491436e+00 +9.364744914e+02 +9.364744914e+02 +4.7804e-01 -2.9159e-01 -4.1300e-02 -4.4357e-01 -1.5289e-01
507 0 +1.643162314e+00 +9.364631623e+02 +9.364631623e+02 +4.4190e-01 -2.9108e-01 -4.6134e-02 -4.3767e-01 -1.2065e-01
526 0 +1.494317071e+00 +9.363143171e+02 +9.363143171e+02 +4.5468e-01 -2.9693e-01 -6.1988e-02 -4.1986e-01 -9.6203e-02
570 0 +1.486954934e+00 +9.363069549e+02 +9.363069549e+02 +4.3897e-01 -2.8790e-01 -6.4831e-02 -3.8892e-01 -3.1706e-02
602 0 +1.373449922e+00 +9.361934499e+02 +9.361934499e+02 +4.6915e-01 -3.2165e-01 -6.6289e-02 -3.9210e-01 -4.1986e-02
626 0 +1.367683414e+00 +9.361876834e+02 +9.361876834e+02 +4.6864e-01 -3.2626e-01 -7.4956e-02 -3.6426e-01 -1.4266e-02
627 0 +1.332135870e+00 +9.361521359e+02 +9.361521359e+02 +4.2683e-01 -3.2147e-01 -8.7959e-02 -3.8446e-01 -2.2024e-02
633 0 +1.178595959e+00 +9.359985960e+02 +9.359985960e+02 +4.3498e-01 -3.3162e-01 -1.1355e-01 -3.6978e-01 +6.1863e-02
654 0 +1.161756330e+00 +9.359817563e+02 +9.359817563e+02 +4.1346e-01 -3.6151e-01 -1.1753e-01 -2.7740e-01 +1.3892e-01
687 0 +1.150125733e+00 +9.359701257e+02 +9.359701257e+02 +4.3382e-01 -3.2571e-01 -1.0132e-01 -3.5333e-01 +5.6695e-02
702 0 +9.917293035e-01 +9.358117293e+02 +9.358117293e+02 +3.6802e-01 -4.0159e-01 -1.8137e-01 -2.2472e-01 +2.6889e-01
728 0 +9.900015824e-01 +9.358100016e+02 +9.358100016e+02 +3.7733e-01 -3.6493e-01 -1.5480e-01 -2.5932e-01 +2.4096e-01
729 0 +9.796214018e-01 +9.357996214e+02 +9.357996214e+02 +3.9334e-01 -3.7157e-01 -1.3973e-01 -2.9877e-01 +1.6819e-01
752 0 +9.391991923e-01 +9.357591992e+02 +9.357591992e+02 +3.7315e-01 -3.5588e-01 -1.7446e-01 -2.8000e-01 +2.2600e-01
776 0 +8.780797982e-01 +9.356980798e+02 +9.356980798e+02 +3.7516e-01 -3.8260e-01 -1.8586e-01 -2.5111e-01 +2.5300e-01
777 0 +8.777124645e-01 +9.356977125e+02 +9.356977125e+02 +3.8241e-01 -3.6122e-01 -1.4329e-01 -2.5929e-01 +1.7941e-01
801 0 +6.934627925e-01 +9.355134628e+02 +9.355134628e+02 +3.3780e-01 -3.6662e-01 -1.7152e-01 -2.1974e-01 +2.5226e-01
827 0 +6.724240511e-01 +9.354924241e+02 +9.354924241e+02 +2.9913e-01 -3.5600e-01 -1.7686e-01 -2.1144e-01 +2.5631e-01
856 0 +6.617091149e-01 +9.354817091e+02 +9.354817091e+02 +2.9920e-01 -3.7273e-01 -1.9550e-01 -1.9952e-01 +2.7188e-01
885 0 +5.776581455e-01 +9.353976581e+02 +9.353976581e+02 +2.9646e-01 -3.6677e-01 -2.0475e-01 -1.9949e-01 +3.1604e-01
926 0 +5.501780297e-01 +9.353701780e+02 +9.353701780e+02 +2.2549e-01 -3.5599e-01 -2.1722e-01 -1.1838e-01 +3.8755e-01
952 0 +5.355073132e-01 +9.353555073e+02 +9.353555073e+02 +2.7424e-01 -3.7788e-01 -2.1423e-01 -1.7932e-01 +3.3828e-01
953 0 +4.855497839e-01 +9.353055498e+02 +9.353055498e+02 +1.9330e-01 -3.4876e-01 -2.4284e-01 -1.2791e-01 +4.2386e-01
976 0 +4.398242260e-01 +9.352598242e+02 +9.352598242e+02 +2.0587e-01 -3.6679e-01 -2.4536e-01 -1.3228e-01 +4.0981e-01
1001 0 +4.312464931e-01 +9.352512465e+02 +9.352512465e+02 +2.0469e-01 -3.5403e-01 -2.2392e-01 -1.3844e-01 +3.7112e-01
1002 0 +4.280304902e-01 +9.352480305e+02 +9.352480305e+02 +1.6107e-01 -3.6901e-01 -2.6113e-01 -8.3698e-02 +4.6614e-01
1026 0 +3.105297123e-01 +9.351305297e+02 +9.351305297e+02 +1.4859e-01 -3.5187e-01 -2.5263e-01 -9.6848e-02 +4.4700e-01
1128 0 +2.653375208e-01 +9.350853375e+02 +9.350853375e+02 +1.1580e-01 -3.4732e-01 -2.5865e-01 -7.1021e-02 +4.7096e-01
1146 0 +2.636443694e-01 +9.350836444e+02 +9.350836444e+02 +6.1364e-02 -3.2749e-01 -2.6462e-01 -3.4551e-02 +5.0967e-01
1158 0 +2.533964277e-01 +9.350733964e+02 +9.350733964e+02 +2.7070e-02 -3.3403e-01 -2.8010e-01 -1.4570e-02 +5.5429e-01
1180 0 +1.268555496e-01 +9.349468555e+02 +9.349468555e+02 -5.7055e-02 -3.0739e-01 -3.0425e-01 +1.8728e-02 +6.0067e-01
% f evaluations | g evaluations | best noise-free fitness - Fopt (-6.371000000000e+01) + sum g_i+ | measured fitness | best measured fitness or single-digit g-values | x1 | x2...
1 0 +4.385864490e+02 +3.748764490e+02 +3.748764490e+02 +5.9671e-01 -3.8264e-02 +7.4769e-01 +1.6230e+00 -1.3415e-01
9 0 +2.006128290e+02 +1.369028290e+02 +1.369028290e+02 +8.3847e-01 +2.7137e-01 -1.5648e-02 -2.0110e-01 -1.3785e+00
20 0 +1.486946911e+02 +8.498469109e+01 +8.498469109e+01 -1.3635e+00 +3.9612e-01 +3.6106e-01 +1.0511e-01 -1.3459e-01
32 0 +2.704086744e+01 -3.666913256e+01 -3.666913256e+01 -2.4159e-01 +5.3651e-01 +1.2182e+00 +4.0748e-01 -2.1802e-01
56 0 +8.497555958e+00 -5.521244404e+01 -5.521244404e+01 -5.2257e-01 +2.6913e-01 +1.2673e+00 -3.7945e-01 +7.2606e-02
178 0 +7.621270025e+00 -5.608872997e+01 -5.608872997e+01 -3.6421e-01 +4.4317e-01 +5.8291e-01 +6.7139e-01 +6.1830e-02
201 0 +6.007120724e+00 -5.770287928e+01 -5.770287928e+01 -4.0582e-01 +7.3358e-02 +4.0650e-01 +4.5275e-01 +3.2245e-01
202 0 +5.692600206e+00 -5.801739979e+01 -5.801739979e+01 -3.3488e-01 +2.2051e-01 +6.5503e-01 +5.7823e-01 +6.1407e-02
226 0 +4.688766139e+00 -5.902123386e+01 -5.902123386e+01 -2.8207e-01 +6.7840e-02 +5.1278e-01 +6.4157e-01 +2.4444e-01
227 0 +4.240547198e+00 -5.946945280e+01 -5.946945280e+01 -3.3011e-01 +2.9986e-01 +5.4836e-01 +5.6456e-01 +2.4506e-01
251 0 +3.592801013e+00 -6.011719899e+01 -6.011719899e+01 -3.8422e-01 +1.4600e-01 +5.0360e-01 +6.7728e-01 +2.7042e-01
326 0 +3.565189326e+00 -6.014481067e+01 -6.014481067e+01 -3.2718e-01 +2.0494e-01 +5.7203e-01 +6.5070e-01 +2.1586e-01
351 0 +3.247135925e+00 -6.046286408e+01 -6.046286408e+01 -3.5654e-01 +2.0724e-01 +5.1506e-01 +6.1219e-01 +2.7221e-01
376 0 +3.193880978e+00 -6.051611902e+01 -6.051611902e+01 -3.4296e-01 +2.1413e-01 +4.9787e-01 +6.2315e-01 +2.5918e-01
377 0 +3.185409226e+00 -6.052459077e+01 -6.052459077e+01 -3.6752e-01 +1.6834e-01 +4.5085e-01 +6.1223e-01 +3.0131e-01
378 0 +3.061348565e+00 -6.064865143e+01 -6.064865143e+01 -2.9974e-01 +1.3103e-01 +4.1235e-01 +5.7261e-01 +3.2367e-01
426 0 +2.954095807e+00 -6.075590419e+01 -6.075590419e+01 -3.4733e-01 +1.0842e-01 +4.0059e-01 +5.7654e-01 +3.1679e-01
427 0 +2.953191590e+00 -6.075680841e+01 -6.075680841e+01 -3.2385e-01 +1.1756e-01 +3.8884e-01 +5.9636e-01 +3.6651e-01
446 0 +2.761877535e+00 -6.094812247e+01 -6.094812247e+01 -2.9330e-01 +6.1729e-02 +3.5453e-01 +5.9615e-01 +4.1250e-01
451 0 +2.459285762e+00 -6.125071424e+01 -6.125071424e+01 -2.9810e-01 +3.6263e-02 +3.3031e-01 +5.8487e-01 +3.8235e-01
478 0 +2.297858991e+00 -6.141214101e+01 -6.141214101e+01 -2.8725e-01 -5.1059e-03 +2.7053e-01 +5.5901e-01 +4.3014e-01
501 0 +2.134194271e+00 -6.157580573e+01 -6.157580573e+01 -2.7408e-01 -3.6202e-02 +2.3664e-01 +5.1345e-01 +4.3021e-01
551 0 +2.084208958e+00 -6.162579104e+01 -6.162579104e+01 -2.7606e-01 -7.8363e-02 +2.0126e-01 +5.1593e-01 +4.5967e-01
557 0 +1.956076042e+00 -6.175392396e+01 -6.175392396e+01 -2.7131e-01 -1.0471e-01 +1.6130e-01 +4.5505e-01 +4.9652e-01
576 0 +1.907920519e+00 -6.180207948e+01 -6.180207948e+01 -2.5988e-01 -8.7478e-02 +1.5464e-01 +4.4540e-01 +4.7719e-01
606 0 +1.865625511e+00 -6.184437449e+01 -6.184437449e+01 -2.7214e-01 -1.5257e-01 +1.1096e-01 +4.0823e-01 +4.7715e-01
609 0 +1.852170807e+00 -6.185782919e+01 -6.185782919e+01 -2.7098e-01 -1.5418e-01 +1.0601e-01 +3.9996e-01 +4.9093e-01
626 0 +1.837366566e+00 -6.187263343e+01 -6.187263343e+01 -2.6814e-01 -9.7817e-02 +1.4660e-01 +4.5863e-01 +4.6408e-01
633 0 +1.832590991e+00 -6.187740901e+01 -6.187740901e+01 -2.6171e-01 -1.7539e-01 +6.9621e-02 +3.9474e-01 +5.2528e-01
651 0 +1.691782458e+00 -6.201821754e+01 -6.201821754e+01 -2.7139e-01 -1.3137e-01 +1.1017e-01 +4.2113e-01 +4.7950e-01
665 0 +1.461859503e+00 -6.224814050e+01 -6.224814050e+01 -2.5800e-01 -1.6340e-01 +2.3497e-02 +3.3071e-01 +4.9321e-01
705 0 +1.451362161e+00 -6.225863784e+01 -6.225863784e+01 -2.6659e-01 -1.6927e-01 -1.2141e-02 +3.0938e-01 +4.7419e-01
726 0 +1.448379403e+00 -6.226162060e+01 -6.226162060e+01 -2.8006e-01 -1.7775e-01 -1.1879e-02 +3.1190e-01 +5.2219e-01
729 0 +1.423655530e+00 -6.228634447e+01 -6.228634447e+01 -2.8529e-01 -2.0087e-01 -3.6434e-04 +2.9385e-01 +5.0589e-01
751 0 +1.365601208e+00 -6.234439879e+01 -6.234439879e+01 -2.5758e-01 -1.9836e-01 -1.0328e-02 +3.2152e-01 +5.0596e-01
776 0 +1.315104501e+00 -6.239489550e+01 -6.239489550e+01 -2.8150e-01 -1.9514e-01 -1.8242e-02 +3.1182e-01 +5.1561e-01
781 0 +1.206625583e+00 -6.250337442e+01 -6.250337442e+01 -2.7187e-01 -2.3641e-01 -7.6318e-02 +2.6040e-01 +5.1959e-01
801 0 +1.179103253e+00 -6.253089675e+01 -6.253089675e+01 -2.7187e-01 -2.2252e-01 -5.1500e-02 +2.7231e-01 +5.0849e-01
829 0 +1.117793401e+00 -6.259220660e+01 -6.259220660e+01 -2.8960e-01 -2.4844e-01 -1.0290e-01 +2.2039e-01 +5.0997e-01
886 0 +1.011643358e+00 -6.269835664e+01 -6.269835664e+01 -2.8262e-01 -2.5190e-01 -1.2397e-01 +1.9326e-01 +4.8824e-01
926 0 +9.704472017e-01 -6.273955280e+01 -6.273955280e+01 -2.8152e-01 -2.6020e-01 -1.2622e-01 +1.9406e-01 +4.7627e-01
952 0 +9.476327427e-01 -6.276236726e+01 -6.276236726e+01 -2.8369e-01 -2.8108e-01 -1.6888e-01 +1.5442e-01 +4.7465e-01
976 0 +9.354582719e-01 -6.277454173e+01 -6.277454173e+01 -2.8212e-01 -2.7352e-01 -1.5488e-01 +1.6393e-01 +4.7071e-01
1026 0 +8.976465309e-01 -6.281235347e+01 -6.281235347e+01 -2.6939e-01 -2.8815e-01 -1.8500e-01 +1.1454e-01 +4.5967e-01
1051 0 +8.767407102e-01 -6.283325929e+01 -6.283325929e+01 -2.6542e-01 -2.7844e-01 -1.6202e-01 +1.5983e-01 +4.8010e-01
1076 0 +7.983700139e-01 -6.291162999e+01 -6.291162999e+01 -2.6125e-01 -3.0493e-01 -2.1135e-01 +1.1425e-01 +4.5677e-01
1102 0 +7.884299968e-01 -6.292157000e+01 -6.292157000e+01 -2.5363e-01 -3.0318e-01 -2.1320e-01 +1.0357e-01 +4.2430e-01
1176 0 +7.845965108e-01 -6.292540349e+01 -6.292540349e+01 -2.4221e-01 -3.0907e-01 -2.0537e-01 +1.1449e-01 +4.4332e-01
1186 0 +7.299817957e-01 -6.298001820e+01 -6.298001820e+01 -2.1854e-01 -3.4327e-01 -2.8333e-01 +4.5664e-02 +4.2878e-01
1201 0 +6.675432851e-01 -6.304245671e+01 -6.304245671e+01 -2.3931e-01 -3.1376e-01 -2.4421e-01 +6.7411e-02 +4.3386e-01
1226 0 +6.549898941e-01 -6.305501011e+01 -6.305501011e+01 -2.3424e-01 -3.0571e-01 -2.3585e-01 +8.1233e-02 +4.3010e-01
1249 0 +6.447572897e-01 -6.306524271e+01 -6.306524271e+01 -2.0942e-01 -3.4582e-01 -3.0229e-01 +1.3760e-02 +4.1721e-01
% f evaluations | g evaluations | best noise-free fitness - Fopt (1.000000000000e+03) + sum g_i+ | measured fitness | best measured fitness or single-digit g-values | x1 | x2...
1 0 +1.461700249e+02 +1.146170025e+03 +1.146170025e+03 +5.9671e-01 -3.8264e-02 +7.4769e-01 +1.6230e+00 -1.3415e-01
6 0 +1.205170181e+02 +1.120517018e+03 +1.120517018e+03 +2.1092e-01 -1.0510e+00 +4.7570e-01 -5.0064e-01 -1.9169e-01
19 0 +1.105442516e+02 +1.110544252e+03 +1.110544252e+03 +1.9708e-01 +1.0686e+00 -6.0205e-01 -2.2766e-01 -2.9211e-01
27 0 +3.076375436e+01 +1.030763754e+03 +1.030763754e+03 -1.3129e-01 -1.9362e-01 +4.8528e-01 -1.2484e-03 +2.9683e-01
64 0 +3.021248578e+01 +1.030212486e+03 +1.030212486e+03 +3.2025e-01 -7.2856e-01 +4.8023e-01 -4.8104e-02 -2.0922e-02
77 0 +2.631270772e+01 +1.026312708e+03 +1.026312708e+03 -1.7947e-01 -8.1306e-01 +6.7903e-01 -9.7772e-02 +7.6050e-03
79 0 +2.010718025e+01 +1.020107180e+03 +1.020107180e+03 -2.0043e-01 -3.7554e-01 +5.2685e-01 -9.6326e-02 -8.7671e-02
102 0 +9.335122760e+00 +1.009335123e+03 +1.009335123e+03 +5.8948e-01 -5.0770e-01 +5.9058e-01 +6.3891e-01 +4.1263e-01
153 0 +6.901932097e+00 +1.006901932e+03 +1.006901932e+03 -1.4845e-01 -5.9529e-01 +3.8981e-01 +2.9433e-01 +2.0482e-01
180 0 +5.439804683e+00 +1.005439805e+03 +1.005439805e+03 +2.7416e-01 -6.8062e-01 +6.9571e-01 +4.3227e-01 +2.3377e-01
226 0 +4.171999839e+00 +1.004172000e+03 +1.004172000e+03 -5.5397e-02 -7.3156e-01 +5.6575e-01 +3.2445e-01 +2.3190e-01
251 0 +4.063924756e+00 +1.004063925e+03 +1.004063925e+03 -1.4672e-01 -6.1122e-01 +6.1395e-01 +4.0206e-01 +1.7700e-01
276 0 +3.917317864e+00 +1.003917318e+03 +1.003917318e+03 -1.2210e-01 -6.2957e-01 +6.1123e-01 +3.4073e-01 +2.5193e-01
279 0 +3.865842137e+00 +1.003865842e+03 +1.003865842e+03 -1.9137e-01 -6.1909e-01 +6.4531e-01 +2.5235e-01 +1.6880e-01
329 0 +3.445063898e+00 +1.003445064e+03 +1.003445064e+03 -4.4398e-01 -3.8812e-01 +5.3488e-01 +2.8462e-01 +1.2068e-01
331 0 +3.141845452e+00 +1.003141845e+03 +1.003141845e+03 -3.3736e-01 -4.7508e-01 +5.9684e-01 +2.3836e-01 +1.8248e-01
355 0 +2.847245018e+00 +1.002847245e+03 +1.002847245e+03 -3.8984e-01 -3.8785e-01 +5.0631e-01 +2.6967e-01 +1.3764e-01
376 0 +2.607433161e+00 +1.002607433e+03 +1.002607433e+03 -4.4527e-01 -2.5838e-01 +4.2957e-01 +2.4300e-01 +2.5544e-01
403 0 +2.216883385e+00 +1.002216883e+03 +1.002216883e+03 -4.6295e-01 -1.3581e-01 +2.9753e-01 +1.5796e-01 +2.0770e-01
451 0 +2.057572222e+00 +1.002057572e+03 +1.002057572e+03 -5.7199e-01 -1.1729e-01 +3.4961e-01 +1.5247e-01 +2.5374e-01
476 0 +2.044558743e+00 +1.002044559e+03 +1.002044559e+03 -4.7691e-01 -1.8357e-01 +3.7130e-01 +1.7753e-01 +2.4391e-01
501 0 +1.880241804e+00 +1.001880242e+03 +1.001880242e+03 -5.6057e-01 -1.4595e-01 +3.4681e-01 +1.8454e-01 +2.3185e-01
526 0 +1.811670351e+00 +1.001811670e+03 +1.001811670e+03 -5.6127e-01 -1.2862e-01 +3.2937e-01 +2.1194e-01 +2.7299e-01
527 0 +1.765720364e+00 +1.001765720e+03 +1.001765720e+03 -5.6390e-01 -9.0272e-02 +2.8402e-01 +1.4014e-01 +2.4192e-01
553 0 +1.710813060e+00 +1.001710813e+03 +1.001710813e+03 -5.6748e-01 -1.0588e-01 +3.2339e-01 +1.7151e-01 +2.4397e-01
576 0 +1.692055049e+00 +1.001692055e+03 +1.001692055e+03 -5.9537e-01 -1.1857e-02 +2.5027e-01 +1.7483e-01 +2.7985e-01
601 0 +1.476143897e+00 +1.001476144e+03 +1.001476144e+03 -5.7672e-01 -6.3967e-02 +2.7123e-01 +1.6525e-01 +2.8747e-01
653 0 +1.350750523e+00 +1.001350751e+03 +1.001350751e+03 -5.6998e-01 -3.5963e-02 +2.2184e-01 +1.4781e-01 +3.0421e-01
677 0 +1.343344521e+00 +1.001343345e+03 +1.001343345e+03 -5.8467e-01 -6.4237e-03 +1.8189e-01 +1.2771e-01 +3.0463e-01
702 0 +1.316789481e+00 +1.001316789e+03 +1.001316789e+03 -5.4940e-01 -5.2453e-04 +2.0633e-01 +1.0955e-01 +2.5566e-01
703 0 +1.268396445e+00 +1.001268396e+03 +1.001268396e+03 -5.5517e-01 +1.1249e-02 +1.8641e-01 +1.2831e-01 +3.0789e-01
728 0 +1.045697423e+00 +1.001045697e+03 +1.001045697e+03 -5.5852e-01 +8.1918e-02 +6.9723e-02 +4.8667e-02 +3.1630e-01
777 0 +8.567974831e-01 +1.000856797e+03 +1.000856797e+03 -5.4815e-01 +1.0262e-01 +5.5427e-02 +5.5355e-02 +2.9481e-01
901 0 +8.301459686e-01 +1.000830146e+03 +1.000830146e+03 -5.4567e-01 +1.3577e-01 +3.7171e-02 +3.7409e-02 +3.1143e-01
926 0 +7.816169432e-01 +1.000781617e+03 +1.000781617e+03 -5.5036e-01 +1.3788e-01 +3.1113e-02 +4.0338e-02 +3.0589e-01
976 0 +6.807175428e-01 +1.000680718e+03 +1.000680718e+03 -5.3413e-01 +1.6102e-01 -2.0636e-03 +1.1606e-02 +2.9190e-01
1039 0 +6.326606934e-01 +1.000632661e+03 +1.000632661e+03 -5.0483e-01 +2.5062e-01 -1.1745e-01 -3.9032e-02 +2.8605e-01
1126 0 +5.783925107e-01 +1.000578393e+03 +1.000578393e+03 -5.2195e-01 +2.2743e-01 -7.1262e-02 -3.5375e-02 +2.7324e-01
1176 0 +4.488256529e-01 +1.000448826e+03 +1.000448826e+03 -4.8379e-01 +2.7134e-01 -1.3586e-01 -6.5646e-02 +2.5996e-01
1201 0 +4.407290546e-01 +1.000440729e+03 +1.000440729e+03 -4.7335e-01 +2.7604e-01 -1.3782e-01 -6.7451e-02 +2.4945e-01
1226 0 +3.715143988e-01 +1.000371514e+03 +1.000371514e+03 -4.6092e-01 +3.3083e-01 -1.9891e-01 -1.1220e-01 +2.3244e-01
1228 0 +3.525859498e-01 +1.000352586e+03 +1.000352586e+03 -4.3975e-01 +3.2069e-01 -2.0499e-01 -1.1453e-01 +2.1633e-01
% f evaluations | g evaluations | best noise-free fitness - Fopt (3.197000000000e+01) + sum g_i+ | measured fitness | best measured fitness or single-digit g-values | x1 | x2...
1 0 +1.417057057e+03 +1.449027057e+03 +1.449027057e+03 +5.9671e-01 -3.8264e-02 +7.4769e-01 +1.6230e+00 -1.3415e-01
3 0 +1.129863685e+03 +1.161833685e+03 +1.161833685e+03 -3.6342e-01 -3.6573e-01 +3.4196e-01 -1.8133e+00 -1.6249e+00
4 0 +1.503791013e+02 +1.823491013e+02 +1.823491013e+02 -4.6229e-01 -9.1283e-01 +4.1425e-01 -8.0802e-01 -1.3123e+00
6 0 +2.657439508e+01 +5.854439508e+01 +5.854439508e+01 +2.1092e-01 -1.0510e+00 +4.7570e-01 -5.0064e-01 -1.9169e-01
32 0 +9.378342828e+00 +4.134834283e+01 +4.134834283e+01 +1.7568e-02 -8.1684e-01 +3.8093e-01 -5.9648e-01 -3.3663e-01
126 0 +4.998164817e+00 +3.696816482e+01 +3.696816482e+01 -3.2604e-01 -3.2936e-01 +2.6533e-01 -2.6291e-02 -8.6792e-02
178 0 +4.456142658e+00 +3.642614266e+01 +3.642614266e+01 -8.1005e-02 -6.6435e-01 +4.1917e-01 -1.8915e-01 -2.5933e-01
226 0 +3.361347100e+00 +3.533134710e+01 +3.533134710e+01 -3.2526e-01 -5.6692e-01 +3.4972e-01 -1.3530e-01 -4.7867e-02
227 0 +2.987828209e+00 +3.495782821e+01 +3.495782821e+01 -2.4643e-01 -5.8444e-01 +4.4745e-01 -2.2656e-01 -1.2956e-01
301 0 +2.689152072e+00 +3.465915207e+01 +3.465915207e+01 -3.1825e-01 -5.3461e-01 +3.5987e-01 -8.3882e-02 -2.3848e-02
327 0 +2.520820918e+00 +3.449082092e+01 +3.449082092e+01 -3.3970e-01 -5.0578e-01 +4.3396e-01 -9.1199e-02 -4.3959e-02
328 0 +2.317148634e+00 +3.428714863e+01 +3.428714863e+01 -3.2257e-01 -5.7352e-01 +4.0651e-01 -8.7814e-02 -3.1670e-02
355 0 +2.081255529e+00 +3.405125553e+01 +3.405125553e+01 -4.0686e-01 -4.5349e-01 +3.3503e-01 -3.3069e-02 +1.2416e-03
377 0 +1.897271845e+00 +3.386727185e+01 +3.386727185e+01 -4.0742e-01 -4.8304e-01 +3.6023e-01 -3.1363e-02 -8.5412e-03
401 0 +1.839584557e+00 +3.380958456e+01 +3.380958456e+01 -4.0336e-01 -4.5469e-01 +3.8788e-01 -2.6086e-02 +1.6342e-02
426 0 +1.779911016e+00 +3.374991102e+01 +3.374991102e+01 -4.1932e-01 -4.7624e-01 +3.7777e-01 -2.6074e-02 +8.6086e-03
464 0 +1.647825862e+00 +3.361782586e+01 +3.361782586e+01 -4.6166e-01 -4.3735e-01 +3.5978e-01 +8.4361e-04 +1.6461e-02
486 0 +1.611660169e+00 +3.358166017e+01 +3.358166017e+01 -4.7587e-01 -3.9238e-01 +3.4014e-01 +9.7711e-03 +4.0455e-02
502 0 +1.540906816e+00 +3.351090682e+01 +3.351090682e+01 -4.5445e-01 -3.9029e-01 +3.5077e-01 +2.6557e-02 +3.7172e-02
531 0 +1.495937782e+00 +3.346593778e+01 +3.346593778e+01 -4.8903e-01 -3.3329e-01 +2.9054e-01 +6.0360e-02 +2.1083e-02
546 0 +1.398725025e+00 +3.336872502e+01 +3.336872502e+01 -5.3318e-01 -3.2517e-01 +2.8967e-01 +7.4844e-02 +4.9146e-02
581 0 +1.216460572e+00 +3.318646057e+01 +3.318646057e+01 -5.7558e-01 -2.2774e-01 +2.5607e-01 +1.1049e-01 +7.8840e-02
601 0 +1.053814493e+00 +3.302381449e+01 +3.302381449e+01 -5.6513e-01 -2.0620e-01 +2.5188e-01 +1.4589e-01 +8.7578e-02
751 0 +9.564950548e-01 +3.292649505e+01 +3.292649505e+01 -5.4913e-01 +4.0924e-02 +1.0088e-01 +1.9381e-01 +1.1426e-01
752 0 +8.956377898e-01 +3.286563779e+01 +3.286563779e+01 -5.7921e-01 -7.4162e-02 +1.8773e-01 +1.5612e-01 +1.1229e-01
778 0 +8.542527186e-01 +3.282425272e+01 +3.282425272e+01 -5.7216e-01 +1.6739e-02 +1.3676e-01 +1.7880e-01 +1.0880e-01
801 0 +7.583459260e-01 +3.272834593e+01 +3.272834593e+01 -5.8558e-01 +5.9824e-02 +1.2515e-01 +2.1126e-01 +1.2346e-01
812 0 +6.748377730e-01 +3.264483777e+01 +3.264483777e+01 -5.7857e-01 +1.1313e-01 +1.0292e-01 +2.4988e-01 +1.6027e-01
826 0 +6.005975636e-01 +3.257059756e+01 +3.257059756e+01 -5.5871e-01 +3.2712e-02 +1.2830e-01 +1.9716e-01 +1.3796e-01
828 0 +5.441825526e-01 +3.251418255e+01 +3.251418255e+01 -5.3524e-01 +8.5338e-02 +1.1179e-01 +2.2644e-01 +1.7006e-01
876 0 +5.376659335e-01 +3.250766593e+01 +3.250766593e+01 -5.6861e-01 +8.8218e-02 +1.0834e-01 +2.2189e-01 +1.4644e-01
901 0 +5.088987157e-01 +3.247889872e+01 +3.247889872e+01 -5.5742e-01 +1.3222e-01 +7.9558e-02 +2.3750e-01 +1.5803e-01
917 0 +3.491755804e-01 +3.231917558e+01 +3.231917558e+01 -5.1915e-01 +1.9338e-01 +6.1679e-02 +2.4148e-01 +1.8148e-01
1001 0 +3.381482975e-01 +3.230814830e+01 +3.230814830e+01 -5.2338e-01 +2.1346e-01 +5.2158e-02 +2.5704e-01 +1.9229e-01
1003 0 +2.873965082e-01 +3.225739651e+01 +3.225739651e+01 -5.0084e-01 +2.6443e-01 +2.6715e-02 +2.6470e-01 +2.0646e-01
1034 0 +2.614066365e-01 +3.223140664e+01 +3.223140664e+01 -4.7605e-01 +3.2974e-01 +5.1820e-03 +2.7757e-01 +2.1665e-01
1055 0 +2.445855722e-01 +3.221458557e+01 +3.221458557e+01 -4.5224e-01 +3.3164e-01 +6.1815e-03 +2.6944e-01 +2.2516e-01
1078 0 +2.180011467e-01 +3.218800115e+01 +3.218800115e+01 -3.8791e-01 +4.7453e-01 -6.6955e-02 +3.0978e-01 +2.6828e-01
1103 0 +2.072109820e-01 +3.217721098e+01 +3.217721098e+01 -3.7029e-01 +5.5460e-01 -7.6776e-02 +3.3578e-01 +3.1593e-01
1109 0 +1.662254872e-01 +3.213622549e+01 +3.213622549e+01 -3.8762e-01 +4.6726e-01 -4.4710e-02 +3.1068e-01 +2.8308e-01
% f evaluations | g evaluations | best noise-free fitness - Fopt (5.819000000000e+01) + sum g_i+ | measured fitness | best measured fitness or single-digit g-values | x1 | x2...
1 0 +4.001356762e+02 +4.583256762e+02 +4.583256762e+02 +5.9671e-01 -3.8264e-02 +7.4769e-01 +1.6230e+00 -1.3415e-01
5 0 +2.388933811e+02 +2.970833811e+02 +2.970833811e+02 +1.5656e+00 -1.2578e-01 +1.6753e-01 -1.3247e+00 -4.4438e-01
9 0 +2.005323123e+02 +2.587223123e+02 +2.587223123e+02 +8.3847e-01 +2.7137e-01 -1.5648e-02 -2.0110e-01 -1.3785e+00
17 0 +6.498122217e+01 +1.231712222e+02 +1.231712222e+02 -1.1967e-01 +4.5711e-01 +1.5779e+00 -4.1827e-01 -7.0849e-01
29 0 +6.273652078e+01 +1.209265208e+02 +1.209265208e+02 +2.6406e-01 +4.7292e-01 +6.9602e-01 -5.1389e-01 +3.9500e-01
55 0 +5.083833059e+01 +1.090283306e+02 +1.090283306e+02 +4.3379e-01 +9.4300e-02 +6.0415e-01 +4.6513e-01 -3.2113e-01
58 0 +4.818318866e+01 +1.063731887e+02 +1.063731887e+02 +1.1799e+00 +1.4318e-01 +5.4136e-01 +2.2662e-02 -7.8840e-02
77 0 +3.286719299e+01 +9.105719299e+01 +9.105719299e+01 +1.3234e-01 +2.3129e-01 +9.9810e-01 -2.2482e-01 +1.8567e-01
78 0 +1.709369939e+01 +7.528369939e+01 +7.528369939e+01 +4.0223e-01 -1.3774e-01 +6.9307e-01 -1.9173e-01 -4.5565e-01
103 0 +1.613358586e+01 +7.432358586e+01 +7.432358586e+01 +4.5049e-01 -8.2547e-02 +5.8529e-01 -1.7507e-01 -5.1173e-02
126 0 +1.221288819e+01 +7.040288819e+01 +7.040288819e+01 +3.4048e-01 +5.1862e-01 +1.2376e+00 -5.3524e-01 -3.6473e-01
127 0 +8.399519448e+00 +6.658951945e+01 +6.658951945e+01 +7.1958e-01 +1.8435e-01 +1.0385e+00 -3.4222e-01 -2.9946e-01
154 0 +7.651865985e+00 +6.584186598e+01 +6.584186598e+01 +7.9534e-01 +1.3934e-01 +6.5422e-01 -2.9128e-01 -1.6413e-01
176 0 +6.198901835e+00 +6.438890183e+01 +6.438890183e+01 +4.9148e-01 +4.3007e-01 +1.0279e+00 -5.0998e-01 -3.0665e-01
177 0 +5.120372955e+00 +6.331037296e+01 +6.331037296e+01 +5.6882e-01 +2.6248e-01 +9.8953e-01 -4.7503e-01 -3.0676e-01
227 0 +4.621105104e+00 +6.281110510e+01 +6.281110510e+01 +6.3725e-01 +1.0687e-01 +8.3244e-01 -2.4889e-01 -2.3664e-01
251 0 +4.281462045e+00 +6.247146205e+01 +6.247146205e+01 +6.3538e-01 +6.2519e-02 +6.7036e-01 -2.1757e-01 -2.9149e-01
252 0 +4.239518265e+00 +6.242951826e+01 +6.242951826e+01 +6.6812e-01 +7.6530e-02 +6.8835e-01 -2.6809e-01 -2.2843e-01
276 0 +3.764588336e+00 +6.195458834e+01 +6.195458834e+01 +7.4058e-01 +5.7933e-02 +6.2781e-01 -2.0223e-01 -3.2623e-01
326 0 +3.652050335e+00 +6.184205033e+01 +6.184205033e+01 +6.8582e-01 -5.8645e-03 +5.7922e-01 -2.0565e-01 -3.6171e-01
377 0 +3.566759678e+00 +6.175675968e+01 +6.175675968e+01 +7.3148e-01 -1.7997e-02 +5.4026e-01 -1.9351e-01 -3.2764e-01
401 0 +3.397692290e+00 +6.158769229e+01 +6.158769229e+01 +7.2281e-01 -2.5031e-02 +5.1815e-01 -1.7566e-01 -3.7082e-01
402 0 +3.375873935e+00 +6.156587394e+01 +6.156587394e+01 +6.9981e-01 -8.4141e-03 +5.1004e-01 -1.6522e-01 -4.0196e-01
409 0 +3.266465807e+00 +6.145646581e+01 +6.145646581e+01 +6.8762e-01 +4.5108e-03 +4.6862e-01 -1.2178e-01 -3.7857e-01
428 0 +3.231218144e+00 +6.142121814e+01 +6.142121814e+01 +6.9641e-01 -1.6152e-02 +4.8523e-01 -1.3621e-01 -3.8341e-01
451 0 +3.157212809e+00 +6.134721281e+01 +6.134721281e+01 +6.8549e-01 -2.1381e-02 +4.2016e-01 -1.7761e-01 -4.0232e-01
477 0 +2.750631919e+00 +6.094063192e+01 +6.094063192e+01 +6.6011e-01 -3.8082e-02 +3.0513e-01 -1.1541e-01 -4.4499e-01
567 0 +2.748407615e+00 +6.093840761e+01 +6.093840761e+01 +6.3228e-01 -6.5537e-03 +2.2118e-01 -9.5597e-02 -4.8499e-01
577 0 +2.655288473e+00 +6.084528847e+01 +6.084528847e+01 +6.0890e-01 -2.3576e-02 +2.1874e-01 -8.9351e-02 -4.6285e-01
602 0 +2.530187124e+00 +6.072018712e+01 +6.072018712e+01 +6.1880e-01 -4.0289e-02 +2.0739e-01 -9.1376e-02 -4.9001e-01
626 0 +2.402631767e+00 +6.059263177e+01 +6.059263177e+01 +5.7273e-01 -4.1077e-02 +1.5864e-01 -1.3506e-01 -4.7785e-01
651 0 +2.303978562e+00 +6.049397856e+01 +6.049397856e+01 +5.4165e-01 -7.7553e-02 +1.3435e-01 -1.1403e-01 -5.2109e-01
676 0 +2.133308582e+00 +6.032330858e+01 +6.032330858e+01 +4.8834e-01 -6.3543e-02 +3.6454e-02 -1.2652e-01 -5.6190e-01
678 0 +2.120375705e+00 +6.031037570e+01 +6.031037570e+01 +5.5389e-01 -5.8524e-02 +7.4449e-02 -1.2537e-01 -5.3043e-01
703 0 +2.038432750e+00 +6.022843275e+01 +6.022843275e+01 +4.6583e-01 -8.1754e-02 +1.9592e-02 -1.0938e-01 -5.3455e-01
728 0 +1.962199537e+00 +6.015219954e+01 +6.015219954e+01 +4.7726e-01 -4.8212e-02 +1.9624e-03 -1.5078e-01 -5.2501e-01
782 0 +1.951126136e+00 +6.014112614e+01 +6.014112614e+01 +4.2810e-01 -6.4180e-02 -1.2571e-01 -1.8207e-01 -5.8508e-01
802 0 +1.765881835e+00 +5.995588184e+01 +5.995588184e+01 +3.8510e-01 -9.6527e-02 -1.5223e-01 -1.2688e-01 -5.4820e-01
803 0 +1.670680609e+00 +5.986068061e+01 +5.986068061e+01 +4.0521e-01 -8.2041e-02 -1.6664e-01 -1.6117e-01 -5.6563e-01
827 0 +1.565794440e+00 +5.975579444e+01 +5.975579444e+01 +3.9728e-01 -5.7065e-02 -1.2326e-01 -1.4647e-01 -5.1199e-01
851 0 +1.352566481e+00 +5.954256648e+01 +5.954256648e+01 +3.5223e-01 -7.0138e-02 -1.7821e-01 -1.6749e-01 -5.1633e-01
911 0 +1.315660944e+00 +5.950566094e+01 +5.950566094e+01 +3.0664e-01 -8.9091e-02 -2.4884e-01 -1.5733e-01 -4.9121e-01
926 0 +1.279585608e+00 +5.946958561e+01 +5.946958561e+01 +2.9228e-01 -6.5190e-02 -2.3741e-01 -1.6064e-01 -4.5964e-01
953 0 +1.278557531e+00 +5.946855753e+01 +5.946855753e+01 +3.1485e-01 -5.3735e-02 -2.7244e-01 -1.7182e-01 -5.0156e-01
954 0 +1.250227147e+00 +5.944022715e+01 +5.944022715e+01 +2.7649e-01 -6.3052e-02 -2.6521e-01 -1.9493e-01 -4.5915e-01
976 0 +1.237088142e+00 +5.942708814e+01 +5.942708814e+01 +2.9625e-01 -6.4074e-02 -2.6558e-01 -1.8103e-01 -5.1382e-01
977 0 +1.180782839e+00 +5.937078284e+01 +5.937078284e+01 +2.9300e-01 -7.7177e-02 -2.8588e-01 -1.9483e-01 -4.8039e-01
1001 0 +1.093408199e+00 +5.928340820e+01 +5.928340820e+01 +2.9264e-01 -7.1701e-02 -2.7719e-01 -1.7627e-01 -4.8491e-01
1051 0 +1.030329351e+00 +5.922032935e+01 +5.922032935e+01 +2.6337e-01 -6.5981e-02 -2.9594e-01 -1.8018e-01 -4.7614e-01
1089 0 +9.615698823e-01 +5.915156988e+01 +5.915156988e+01 +2.3085e-01 -7.6419e-02 -3.4219e-01 -1.8428e-01 -4.5180e-01
1093 0 +9.613224703e-01 +5.915132247e+01 +5.915132247e+01 +2.4025e-01 -6.5403e-02 -3.4387e-01 -1.9787e-01 -4.5992e-01
1126 0 +9.099960958e-01 +5.909999610e+01 +5.909999610e+01 +2.3148e-01 -6.3761e-02 -3.4147e-01 -1.8493e-01 -4.4761e-01
1127 0 +8.934149376e-01 +5.908341494e+01 +5.908341494e+01 +2.1625e-01 -6.5395e-02 -3.7122e-01 -1.9489e-01 -4.5072e-01
1177 0 +8.185552951e-01 +5.900855530e+01 +5.900855530e+01 +1.8093e-01 -5.6769e-02 -4.0799e-01 -1.6964e-01 -4.1125e-01
1178 0 +8.051027654e-01 +5.899510277e+01 +5.899510277e+01 +1.8323e-01 -6.3396e-02 -4.0296e-01 -1.7768e-01 -4.3130e-01
1202 0 +7.594034445e-01 +5.894940344e+01 +5.894940344e+01 +1.5841e-01 -6.1311e-02 -4.2859e-01 -1.9133e-01 -4.1191e-01
1236 0 +6.967386849e-01 +5.888673868e+01 +5.888673868e+01 +7.3323e-02 -6.0722e-02 -4.9890e-01 -1.8448e-01 -3.3967e-01
